10,1,001,0
10,1,002,0
10,1,003,0
10,1,004,2
10,1,005,1
10,1,006,2
10,1,007,2
10,1,008,2
10,1,009,1
10,1,010,1
10,1,011,1
10,1,012,0
10,1,013,1
10,1,014,1
10,1,015,0
10,1,016,0
10,1,017,0
10,1,018,0
10,1,019,0
10,1,020,0
10,1,021,2
10,1,022,2
10,1,024,2
10,1,025,2
10,1,026,0
10,1,027,1
10,1,028,1
10,1,029,1
10,1,030,2
10,1,031,1
10,1,032,0
10,1,033,1
10,1,034,1
10,1,035,0
10,1,036,2
10,1,037,2
10,1,038,1
10,1,039,1
10,1,040,2
10,1,041,0
10,1,042,2
10,1,043,0
10,1,044,1
10,1,045,0
10,1,046,2
10,1,047,2
10,1,048,1
10,1,049,1
10,1,050,2
10,1,051,2
10,1,052,2
10,1,053,2
10,1,054,2
10,1,055,2
10,1,056,2
10,1,057,0
10,1,058,0
10,1,059,0
10,1,060,0
10,1,061,2
10,1,062,2
10,1,063,1
10,1,064,2
10,1,065,2
10,1,066,2
10,1,067,2
10,1,068,1
10,1,069,1
10,1,070,0
10,1,071,0
10,1,072,1
10,1,073,1
10,1,074,1
10,1,075,0
10,1,076,2
10,1,077,2
10,1,078,2
10,1,079,1
10,1,080,2
10,1,081,0
10,1,082,2
10,1,083,0
10,1,084,0
10,1,085,2
10,1,086,1
10,1,087,2
10,1,088,2
10,1,089,2
10,1,090,1
10,1,091,2
10,1,092,1
10,1,093,1
10,1,094,2
10,1,095,2
10,1,096,2
10,1,097,1
10,1,098,1
10,1,099,2
10,1,100,1
10,1,101,2
10,1,102,2
10,1,103,1
10,1,104,2
10,1,105,2
10,1,106,0
10,1,107,2
10,1,108,2
10,1,109,0
10,1,110,0
10,2,001,0
10,2,002,0
10,2,003,2
10,2,004,2
10,2,005,2
10,2,006,2
10,2,007,2
10,2,008,2
10,2,009,1
10,2,010,2
10,2,011,1
10,2,012,2
10,2,013,2
10,2,014,2
10,2,015,2
10,2,016,0
10,2,017,0
10,2,018,0
10,2,019,2
10,2,020,0
10,2,021,2
10,2,022,2
10,2,023,2
10,2,024,0
10,2,025,2
10,2,026,1
10,2,027,1
10,2,028,2
10,2,029,2
10,2,030,2
10,2,031,2
10,2,032,0
10,2,033,2
10,2,034,2
10,2,035,0
10,2,036,1
10,2,037,2
10,2,038,1
10,2,039,2
10,2,040,2
10,2,041,2
10,2,042,2
10,2,043,2
10,2,044,1
10,2,045,1
10,2,046,1
10,2,047,2
10,2,048,0
10,2,049,0
10,2,050,1
10,2,051,2
10,2,052,2
10,2,053,2
10,2,054,2
10,2,055,1
10,2,056,2
10,2,058,2
10,2,059,0
10,2,060,0
10,2,061,0
10,2,062,0
10,2,063,0
10,2,064,0
10,2,065,2
10,2,066,0
10,2,067,1
10,2,068,2
10,2,069,2
10,2,070,2
10,2,071,2
10,2,072,2
10,2,073,2
10,2,074,1
10,2,075,1
10,2,076,2
10,2,077,1
10,2,078,2
10,2,079,2
10,2,080,1
10,2,081,2
10,2,082,2
10,2,083,2
10,2,084,1
10,2,085,2
10,2,086,0
10,2,087,2
10,2,088,2
10,2,089,1
10,2,090,0
10,2,091,0
10,2,092,2
10,2,093,0
10,2,094,0
10,2,095,0
10,2,096,2
10,2,097,2
10,2,098,0
10,2,099,1
10,2,100,0
11,1,004,2
11,1,005,1
11,1,006,1
11,1,007,1
11,1,008,2
11,1,009,1
11,1,010,2
11,1,011,1
11,1,012,2
11,1,013,2
11,1,014,2
11,1,015,0
11,1,016,0
11,1,017,0
11,1,018,0
11,1,019,2
11,1,020,2
11,1,021,1
11,1,022,2
11,1,023,2
11,1,024,1
11,1,025,1
11,1,026,1
11,1,027,1
11,1,028,2
11,1,029,2
11,1,030,1
11,1,031,2
11,1,032,1
11,1,033,2
11,1,034,2
11,1,035,2
11,1,036,2
11,1,037,1
11,1,038,2
11,1,039,2
11,1,040,0
11,1,041,1
11,1,042,0
11,1,043,0
11,1,044,0
11,1,045,0
11,1,046,0
11,1,047,0
11,1,048,0
11,1,049,1
11,1,050,2
11,1,051,1
11,1,052,2
11,1,053,2
11,1,054,0
11,1,055,1
11,1,056,0
11,1,057,0
11,1,058,0
11,1,059,0
11,1,060,0
11,1,061,0
11,1,062,2
11,1,063,2
11,1,064,1
11,1,065,1
11,1,066,0
11,1,067,2
11,1,068,2
11,1,069,1
11,1,070,2
11,1,071,2
11,1,072,1
11,1,073,2
11,1,074,2
11,1,075,0
11,1,076,1
11,1,077,2
11,1,078,2
11,1,079,2
11,1,080,2
11,1,081,2
11,1,082,1
11,1,083,2
11,1,084,2
11,1,085,0
11,1,086,0
11,1,087,0
11,1,088,0
11,1,089,2
11,1,090,2
11,1,091,2
11,1,092,2
11,1,093,1
11,1,094,2
11,1,095,0
11,1,096,2
11,1,097,2
11,1,098,2
11,1,099,2
11,1,100,0
11,1,101,0
11,1,102,0
11,2,001,0
11,2,002,0
11,2,003,2
11,2,004,2
11,2,005,0
11,2,006,2
11,2,007,0
11,2,008,2
11,2,009,0
11,2,010,1
11,2,011,0
11,2,012,0
11,2,013,0
11,2,014,0
11,2,015,0
11,2,016,0
11,2,017,2
11,2,018,0
11,2,019,2
11,2,020,2
11,2,021,2
11,2,022,0
11,2,023,2
11,2,024,2
11,2,025,2
11,2,026,0
11,2,027,2
11,2,028,1
11,2,029,2
11,2,030,2
11,2,031,2
11,2,032,2
11,2,033,1
11,2,034,2
11,2,035,0
11,2,036,2
11,2,037,2
11,2,038,2
11,2,039,0
11,2,040,2
11,2,041,1
11,2,042,1
11,2,043,2
11,2,044,2
11,2,045,1
11,2,046,2
11,2,047,2
11,2,048,2
11,2,049,0
11,2,050,2
11,2,051,1
11,2,052,2
11,2,053,2
11,2,054,0
11,2,055,2
11,2,056,1
11,2,057,0
11,2,058,0
11,2,059,0
11,2,060,0
11,2,061,1
11,2,062,0
11,2,063,0
11,2,064,1
11,2,065,0
11,2,066,0
11,2,067,2
11,2,068,1
11,2,069,1
11,2,070,0
11,2,071,0
11,2,072,0
11,2,073,1
11,2,074,2
11,2,075,0
11,2,076,2
11,2,077,2
11,2,078,2
11,2,079,2
11,2,080,2
11,2,081,0
11,2,082,1
11,2,083,0
11,2,084,2
11,2,085,2
11,2,086,2
11,2,087,2
11,2,088,2
11,2,089,2
11,2,090,0
11,2,091,2
11,2,092,2
11,2,093,2
11,2,094,2
11,2,095,1
11,2,096,2
11,2,097,1
11,2,098,2
11,2,099,2
11,2,100,2
11,2,101,1
11,2,102,0
11,2,103,2
11,2,104,2
11,2,105,2
11,2,106,1
11,2,107,0
11,2,108,0
11,2,109,2
11,2,110,2
11,2,111,2
11,2,112,0
11,2,113,0
11,2,114,1
12,1,001,0
12,1,002,2
12,1,003,2
12,1,004,2
12,1,005,2
12,1,006,2
12,1,007,2
12,1,008,2
12,1,009,1
12,1,010,2
12,1,011,2
12,1,012,2
12,1,013,0
12,1,014,0
12,1,015,0
12,1,016,2
12,1,017,2
12,1,018,2
12,1,019,0
12,1,020,1
12,1,021,2
12,1,022,2
12,1,023,2
12,1,024,2
12,1,025,2
12,1,026,1
12,1,027,2
12,1,028,2
12,1,029,0
12,1,030,2
12,1,031,2
12,1,032,2
12,1,033,2
12,1,034,2
12,1,035,0
12,1,036,2
12,1,037,2
12,1,038,2
12,1,039,2
12,1,040,2
12,1,041,2
12,1,042,1
12,1,043,2
12,1,044,2
12,1,045,2
12,1,046,0
12,1,047,2
12,1,048,2
12,1,049,2
12,1,050,0
12,1,051,0
12,1,052,0
12,1,053,0
12,1,054,1
12,1,055,1
12,1,056,0
12,1,057,0
12,1,058,0
12,1,059,0
12,1,060,2
12,1,061,0
12,1,062,0
12,1,063,2
12,1,064,1
12,1,065,1
12,1,066,0
12,1,067,0
12,1,068,1
12,1,069,1
12,1,070,0
12,1,071,0
12,1,072,0
12,1,073,2
12,1,074,2
12,1,075,2
12,1,076,0
12,1,077,2
12,1,078,2
12,1,079,2
12,1,080,1
12,1,081,2
12,1,082,0
12,1,083,2
12,1,084,1
12,1,085,2
12,1,086,0
12,1,087,1
12,1,088,2
12,1,089,2
12,1,090,2
12,1,091,2
12,1,092,0
12,1,093,0
12,1,094,0
12,1,095,0
12,1,096,2
12,1,097,0
12,1,098,1
12,1,099,0
12,1,100,0
12,1,101,0
12,1,102,2
12,1,103,2
12,1,104,0
12,1,105,0
12,1,106,0
12,1,107,1
12,1,108,1
12,1,109,1
12,1,110,2
12,1,111,0
12,1,112,0
12,1,113,0
12,1,114,0
12,2,001,0
12,2,002,0
12,2,003,0
12,2,004,0
12,2,005,2
12,2,006,2
12,2,007,2
12,2,008,0
12,2,009,0
12,2,010,1
12,2,011,2
12,2,012,2
12,2,013,1
12,2,014,0
12,2,015,0
12,2,016,0
12,2,017,0
12,2,018,0
12,2,019,2
12,2,020,0
12,2,021,0
12,2,022,2
12,2,023,2
12,2,024,2
12,2,025,2
12,2,026,0
12,2,027,2
12,2,028,1
12,2,029,1
12,2,030,2
12,2,031,1
12,2,032,0
12,2,033,1
12,2,034,2
12,2,035,0
12,2,036,2
12,2,037,1
12,2,038,0
12,2,039,0
12,2,040,0
12,2,041,2
12,2,042,1
12,2,043,2
12,2,044,1
12,2,045,2
12,2,046,1
12,2,047,2
12,2,048,2
12,2,049,2
12,2,050,1
12,2,051,1
12,2,052,1
12,2,053,1
12,2,054,2
12,2,055,0
12,2,056,2
12,2,057,1
12,2,058,2
12,2,059,2
12,2,060,0
12,2,061,0
12,2,062,0
12,2,063,0
12,2,064,0
12,2,065,0
12,2,066,0
12,2,067,0
12,2,068,0
12,2,069,0
12,2,070,0
12,2,071,0
12,2,072,0
12,2,073,0
12,2,074,0
12,2,075,0
12,2,076,0
12,2,077,2
12,2,078,1
12,2,079,1
12,2,080,2
12,2,081,2
12,2,082,0
12,2,083,1
12,2,084,2
12,2,085,2
12,2,086,0
12,2,087,2
12,2,088,2
12,2,089,0
12,2,090,1
12,2,091,2
12,2,092,1
12,2,093,2
12,2,094,0
12,2,095,2
12,2,096,2
12,2,097,0
12,2,098,0
12,2,099,0
12,2,100,0
12,2,101,0
12,2,102,0
12,2,103,0
12,2,104,0
12,2,105,2
12,2,106,1
12,2,107,0
12,2,108,0
12,2,109,0
12,2,110,0
12,2,111,1
12,2,112,0
12,2,113,0
12,2,114,0
12,2,115,1
12,2,116,0
12,2,117,0
12,2,118,0
16,2,001,0
16,2,002,0
16,2,003,0
16,2,004,0
16,2,005,2
16,2,006,1
16,2,007,2
16,2,008,0
16,2,009,1
16,2,010,2
16,2,011,1
16,2,012,2
16,2,013,2
16,2,014,1
16,2,015,2
16,2,016,0
16,2,017,0
16,2,018,0
16,2,019,0
16,2,020,0
16,2,021,2
16,2,022,0
16,2,023,0
16,2,024,1
16,2,025,1
16,2,026,0
16,2,027,1
16,2,028,1
16,2,029,0
16,2,030,0
16,2,031,0
16,2,032,0
16,2,033,0
16,2,034,0
16,2,035,0
16,2,036,1
16,2,037,2
16,2,038,1
16,2,039,0
16,2,040,0
16,2,041,0
16,2,042,0
16,2,043,0
16,2,044,0
16,2,045,0
16,2,046,0
16,2,047,0
16,2,048,0
16,2,049,0
16,2,050,0
16,2,051,1
16,2,052,0
16,2,053,1
16,2,054,0
16,2,055,1
16,2,056,2
16,2,057,1
16,2,058,0
16,2,059,0
16,2,060,0
16,2,061,0
16,2,062,0
16,2,063,0
16,2,064,0
16,2,065,2
16,2,066,2
16,2,067,0
16,2,068,0
16,2,069,0
16,2,070,0
16,2,071,2
16,2,072,0
16,2,073,0
16,2,074,0
16,2,075,0
16,2,076,0
16,2,077,2
16,2,078,2
16,2,079,2
16,2,080,1
16,2,081,0
16,2,082,0
16,2,083,2
16,2,084,0
16,2,085,1
16,2,086,2
16,2,087,1
16,2,088,1
16,2,089,0
16,2,090,0
16,2,091,0
16,2,092,0
16,2,093,2
16,2,094,0
16,2,095,0
16,2,096,1
16,2,097,0
16,2,098,1
16,2,099,0
16,2,100,0
16,2,101,2
16,2,102,0
16,2,103,0
16,2,104,0
16,2,105,1
16,2,106,0
16,2,107,0
16,2,108,1
16,2,109,2
16,2,110,0
16,2,111,1
16,2,112,0
16,2,113,0
16,2,114,1
16,2,115,0
16,2,116,2
16,2,117,0
16,2,118,0
16,2,119,0
17,1,001,0
17,1,002,0
17,1,003,0
17,1,004,0
17,1,005,1
17,1,006,0
17,1,007,0
17,1,008,1
17,1,009,0
17,1,010,0
17,1,011,0
17,1,012,0
17,1,013,0
17,1,014,0
17,1,015,0
17,1,016,0
17,1,017,0
17,1,018,0
17,1,019,0
17,1,020,2
17,1,021,0
17,1,022,0
17,1,023,0
17,1,024,0
17,1,025,2
17,1,026,0
17,1,027,2
17,1,028,0
17,1,029,2
17,1,030,2
17,1,031,1
17,1,032,0
17,1,033,0
17,1,034,0
17,1,035,0
17,1,036,2
17,1,037,0
17,1,038,0
17,1,039,1
17,1,040,1
17,1,041,0
17,1,042,0
17,1,043,0
17,1,044,1
17,1,045,1
17,1,046,0
17,1,047,0
17,1,048,0
17,1,049,0
17,1,050,1
17,1,051,0
17,1,052,0
17,1,053,0
17,1,054,0
17,1,055,0
17,1,056,0
17,1,057,0
17,1,058,0
17,1,059,0
17,1,060,0
17,1,061,0
17,1,062,0
17,1,063,0
17,1,064,0
17,1,065,0
17,1,066,0
17,1,067,0
17,1,068,1
17,1,069,0
17,1,070,0
17,1,071,0
17,1,072,2
17,1,073,1
17,1,074,0
17,1,075,0
17,1,076,2
17,1,077,1
17,1,078,2
17,1,079,0
17,1,080,2
17,1,081,2
17,1,082,2
17,1,083,0
17,1,084,2
17,1,085,2
17,1,086,1
17,1,087,0
17,1,088,1
17,1,089,0
17,1,090,1
17,1,091,0
17,1,092,1
17,1,093,0
17,1,094,2
17,1,095,2
17,1,096,0
17,1,097,1
17,1,098,1
17,1,099,0
17,1,100,0
17,1,101,0
17,1,102,0
17,1,103,0
17,1,104,0
17,1,105,1
17,1,106,0
17,1,107,1
17,1,108,0
17,1,109,0
17,1,110,1
17,1,111,0
17,1,112,0
17,1,113,0
17,1,114,0
18,1,001,0
18,1,002,2
18,1,003,0
18,1,004,0
18,1,005,0
18,1,006,2
18,1,007,0
18,1,008,0
18,1,009,0
18,1,010,0
18,1,011,2
18,1,012,2
18,1,013,0
18,1,014,0
18,1,015,0
18,1,016,0
18,1,017,0
18,1,018,1
18,1,019,0
18,1,020,0
18,1,021,0
18,1,022,2
18,1,023,0
18,1,024,0
18,1,025,0
18,1,026,0
18,1,027,0
18,1,028,0
18,1,029,0
18,1,030,0
18,1,031,2
18,1,032,0
18,1,033,0
18,1,034,0
18,1,035,0
18,1,036,0
18,1,037,0
18,1,038,0
18,1,039,0
18,1,040,0
18,1,041,2
18,1,042,0
18,1,043,1
18,1,044,1
18,1,045,0
18,1,046,0
18,1,047,0
18,1,048,0
18,1,049,0
18,1,050,0
18,1,051,0
18,1,052,0
18,1,053,1
18,1,054,0
18,1,055,0
18,1,056,0
18,1,057,0
18,1,058,0
18,1,059,0
18,1,060,0
18,1,061,1
18,1,062,0
18,1,064,0
18,1,065,0
18,1,066,0
18,1,067,0
18,1,068,1
18,1,069,0
18,1,070,0
18,1,071,0
18,1,072,0
18,1,073,0
18,1,074,0
18,1,075,0
18,1,076,0
18,1,077,0
18,1,078,0
18,1,079,0
18,1,080,0
18,1,081,0
18,1,082,0
18,1,083,0
18,1,084,2
18,1,085,2
18,1,086,0
18,1,087,0
18,1,088,0
18,1,089,0
18,1,090,0
18,1,091,0
18,1,092,0
18,1,093,0
18,1,094,0
18,1,095,0
18,1,096,0
18,1,097,0
18,1,098,0
18,1,099,0
18,1,100,1
18,1,101,0
18,1,102,0
18,1,103,0
18,1,104,0
18,1,105,0
18,1,106,0
18,1,107,0
18,1,108,0
18,1,109,0
18,1,110,0
18,1,111,1
18,1,112,0
18,1,113,0
3,1,001,1
3,1,002,2
3,1,003,0
3,1,004,0
3,1,005,2
3,1,006,2
3,1,007,2
3,1,008,0
3,1,009,0
3,1,010,0
3,1,011,0
3,1,012,0
3,1,013,0
3,1,014,1
3,1,015,2
3,1,016,1
3,1,017,2
3,1,018,2
3,1,019,1
3,1,020,0
3,1,021,2
3,1,022,2
3,1,023,0
3,1,024,1
3,1,025,2
3,1,026,1
3,1,027,2
3,1,028,1
3,1,029,0
3,1,030,1
3,1,031,1
3,1,032,1
3,1,033,0
3,1,034,0
3,1,035,2
3,1,036,2
3,1,037,0
3,1,038,1
3,1,039,2
3,1,040,2
3,1,041,0
3,1,042,0
3,1,043,0
3,1,044,0
3,1,045,2
3,1,046,2
3,1,047,2
3,1,048,0
3,1,049,2
3,1,050,2
3,1,051,2
3,1,052,0
3,1,053,0
3,1,054,0
3,1,055,2
3,1,056,2
3,1,057,1
3,1,058,1
3,1,059,2
3,1,060,2
3,1,061,2
3,1,062,2
3,1,063,0
3,1,064,2
3,1,065,2
3,1,066,2
3,1,067,0
3,1,068,0
3,1,069,0
3,1,070,1
3,1,071,0
3,1,072,0
3,1,073,0
3,1,074,2
3,1,075,1
3,1,076,0
3,1,077,1
3,1,078,2
3,1,079,2
3,1,080,0
3,1,081,1
3,1,082,1
3,1,083,1
3,1,084,0
3,1,085,0
3,1,086,2
3,1,087,2
3,1,088,2
3,1,089,1
3,1,090,1
3,1,091,1
3,1,092,2
3,1,093,1
3,1,094,0
3,1,095,2
3,1,096,1
3,1,097,0
3,1,098,0
3,1,099,0
3,1,100,0
3,1,101,1
3,1,102,2
3,1,103,0
3,1,104,2
3,1,105,0
3,1,106,0
3,1,107,2
3,1,108,0
3,1,109,0
3,1,110,0
3,2,001,0
3,2,002,0
3,2,003,0
3,2,004,0
3,2,005,0
3,2,006,2
3,2,007,2
3,2,008,2
3,2,009,1
3,2,010,1
3,2,011,0
3,2,012,1
3,2,013,2
3,2,014,0
3,2,015,0
3,2,016,0
3,2,017,1
3,2,018,2
3,2,019,0
3,2,020,0
3,2,021,0
3,2,022,0
3,2,023,2
3,2,024,2
3,2,025,2
3,2,026,0
3,2,027,1
3,2,028,1
3,2,029,1
3,2,030,0
3,2,031,0
3,2,032,1
3,2,033,2
3,2,034,2
3,2,035,2
3,2,036,0
3,2,037,0
3,2,038,2
3,2,039,2
3,2,040,1
3,2,041,0
3,2,042,0
3,2,043,0
3,2,044,1
3,2,045,2
3,2,046,0
3,2,047,2
3,2,048,2
3,2,049,0
3,2,050,1
3,2,051,0
3,2,052,0
3,2,053,2
3,2,054,0
3,2,055,0
3,2,056,0
3,2,057,0
3,2,058,0
3,2,059,0
3,2,060,1
3,2,061,1
3,2,062,2
3,2,063,0
3,2,064,0
3,2,065,0
3,2,066,0
3,2,067,2
3,2,068,2
3,2,069,0
3,2,070,1
3,2,071,0
3,2,072,0
3,2,073,2
3,2,074,2
3,2,075,0
3,2,076,0
3,2,077,0
3,2,078,0
3,2,079,2
3,2,080,2
3,2,081,0
3,2,082,0
3,2,083,2
3,2,084,0
3,2,085,1
3,2,086,0
3,2,087,0
3,2,088,0
3,2,089,1
3,2,090,1
3,2,091,2
3,2,092,0
3,2,093,2
3,2,094,2
3,2,095,0
3,2,096,0
3,2,097,2
3,2,098,2
3,2,099,0
3,2,100,0
3,2,101,0
3,2,102,0
3,2,103,2
3,2,104,1
3,2,105,0
3,2,106,2
3,2,107,1
3,2,108,0
3,2,109,0
3,2,110,2
3,2,111,2
3,2,112,1
3,2,113,1
3,2,114,0
3,2,115,0
4,1,001,0
4,1,002,0
4,1,003,0
4,1,004,0
4,1,005,0
4,1,006,0
4,1,007,0
4,1,008,0
4,1,009,0
4,1,010,0
4,1,011,0
4,1,012,0
4,1,013,0
4,1,015,0
4,1,016,0
4,1,017,0
4,1,018,0
4,1,019,0
4,1,020,0
4,1,021,0
4,1,022,0
4,1,023,0
4,1,024,0
4,1,025,0
4,1,026,1
4,1,027,1
4,1,028,0
4,1,029,0
4,1,030,0
4,1,031,0
4,1,032,0
4,1,033,0
4,1,034,0
4,1,035,0
4,1,036,0
4,1,037,0
4,1,038,1
4,1,039,0
4,1,040,2
4,1,041,0
4,1,042,0
4,1,043,0
4,1,044,0
4,1,045,0
4,1,046,0
4,1,047,1
4,1,048,0
4,1,049,2
4,1,050,0
4,1,051,0
4,1,052,0
4,1,053,0
4,1,054,1
4,1,055,0
4,1,056,0
4,1,057,0
4,1,058,0
4,1,059,0
4,1,060,0
4,1,061,0
4,1,062,0
4,1,063,0
4,1,064,0
4,1,065,2
4,1,066,0
4,1,067,0
4,1,068,2
4,1,069,2
4,1,070,2
4,1,071,0
4,1,072,1
4,1,073,2
4,1,074,0
4,1,075,1
4,1,076,0
4,1,077,2
4,1,078,0
4,1,079,2
4,1,080,0
4,1,081,0
4,1,082,2
4,1,083,0
4,1,084,1
4,1,085,0
4,1,086,0
4,1,087,0
4,1,088,0
4,1,089,0
4,1,090,0
4,1,091,0
4,1,092,0
4,1,093,1
4,1,094,0
4,1,095,0
4,1,096,0
4,1,097,0
4,1,098,1
4,1,099,0
4,1,100,0
4,1,101,2
4,1,102,0
4,1,103,0
4,1,104,0
4,1,105,0
4,1,106,0
4,1,107,0
4,1,108,0
4,1,109,0
4,1,110,1
4,1,111,2
4,1,112,0
4,1,113,0
4,1,114,0
4,1,115,2
4,1,116,0
4,1,117,0
4,1,118,2
4,1,119,0
4,1,120,0
4,2,001,0
4,2,002,0
4,2,003,0
4,2,004,0
4,2,005,0
4,2,006,0
4,2,007,0
4,2,008,0
4,2,009,1
4,2,010,0
4,2,011,0
4,2,012,0
4,2,013,0
4,2,014,2
4,2,015,0
4,2,016,0
4,2,017,0
4,2,018,2
4,2,019,0
4,2,020,0
4,2,021,0
4,2,022,0
4,2,023,0
4,2,024,0
4,2,025,0
4,2,026,0
4,2,027,0
4,2,028,1
4,2,029,0
4,2,030,2
4,2,031,2
4,2,032,0
4,2,033,0
4,2,034,0
4,2,035,0
4,2,036,1
4,2,037,1
4,2,038,0
4,2,039,0
4,2,040,0
4,2,041,0
4,2,042,0
4,2,043,0
4,2,044,2
4,2,045,0
4,2,046,1
4,2,047,2
4,2,048,0
4,2,049,1
4,2,050,0
4,2,051,0
4,2,052,0
4,2,053,0
4,2,054,0
4,2,055,0
4,2,056,1
4,2,057,0
4,2,058,0
4,2,059,0
4,2,060,0
4,2,061,0
4,2,062,0
4,2,063,0
4,2,064,0
4,2,065,0
4,2,066,0
4,2,067,0
4,2,068,0
4,2,069,0
4,2,070,0
4,2,071,0
4,2,072,0
4,2,073,2
4,2,074,0
4,2,075,2
4,2,076,0
4,2,077,2
4,2,078,0
4,2,079,0
4,2,080,2
4,2,081,1
4,2,082,0
4,2,083,0
4,2,084,0
4,2,085,0
4,2,086,0
4,2,087,2
4,2,088,0
4,2,089,0
4,2,090,0
4,2,091,0
4,2,092,0
4,2,093,0
4,2,094,0
4,2,095,0
4,2,096,0
4,2,097,0
4,2,098,0
4,2,099,0
4,2,100,0
4,2,101,0
4,2,102,2
4,2,103,0
4,2,104,0
4,2,105,0
4,2,106,0
4,2,107,0
4,2,108,0
4,2,109,0
4,2,110,1
4,2,111,1
4,2,112,0
4,2,113,0
4,2,114,0
5,1,001,0
5,1,002,0
5,1,003,0
5,1,004,2
5,1,005,0
5,1,006,2
5,1,007,2
5,1,008,2
5,1,009,2
5,1,010,2
5,1,011,1
5,1,012,2
5,1,013,2
5,1,014,2
5,1,015,2
5,1,016,0
5,1,017,0
5,1,018,0
5,1,019,1
5,1,020,2
5,1,021,2
5,1,022,0
5,1,023,2
5,1,024,2
5,1,025,1
5,1,026,0
5,1,027,2
5,1,028,2
5,1,029,2
5,1,030,2
5,1,031,0
5,1,032,2
5,1,033,2
5,1,034,2
5,1,035,2
5,1,036,1
5,1,037,2
5,1,038,2
5,1,039,2
5,1,040,1
5,1,041,2
5,1,042,2
5,1,043,2
5,1,044,1
5,1,045,2
5,1,046,2
5,1,047,0
5,1,048,0
5,1,049,0
5,1,050,2
5,1,051,2
5,1,052,1
5,1,053,2
5,1,054,2
5,1,055,0
5,1,056,2
5,1,057,2
5,1,058,2
5,1,059,0
5,1,060,0
5,1,061,2
5,1,062,1
5,1,063,2
5,1,064,2
5,1,065,2
5,1,066,2
5,1,067,1
5,1,068,2
5,1,069,2
5,1,070,2
5,1,071,0
5,1,072,0
5,1,073,0
5,1,074,2
5,1,075,2
5,1,076,2
5,1,077,1
5,1,078,2
5,1,079,2
5,1,080,2
5,1,081,2
5,1,082,2
5,1,083,2
5,1,084,2
5,1,085,1
5,1,086,2
5,1,087,1
5,1,088,0
5,1,089,2
5,1,090,0
5,1,091,0
5,1,092,2
5,1,093,0
5,1,094,1
5,1,095,0
5,1,096,0
5,1,097,2
5,1,098,2
5,1,099,2
5,1,100,2
5,1,101,0
5,1,102,2
5,1,103,2
5,1,104,2
5,1,105,2
5,1,106,0
5,1,107,0
5,1,108,2
5,1,109,0
5,1,110,0
5,1,111,1
5,1,112,2
5,1,113,2
5,1,114,0
5,1,115,0
5,2,001,2
5,2,002,1
5,2,003,2
5,2,004,2
5,2,005,0
5,2,006,2
5,2,007,0
5,2,008,0
5,2,009,2
5,2,010,2
5,2,011,0
5,2,012,0
5,2,013,0
5,2,014,2
5,2,015,2
5,2,016,0
5,2,017,2
5,2,018,2
5,2,019,2
5,2,020,1
5,2,021,1
5,2,022,0
5,2,023,2
5,2,024,0
5,2,025,2
5,2,026,2
5,2,027,1
5,2,028,1
5,2,029,2
5,2,030,2
5,2,031,2
5,2,032,2
5,2,033,1
5,2,034,1
5,2,035,1
5,2,036,0
5,2,037,2
5,2,038,0
5,2,039,2
5,2,040,0
5,2,041,0
5,2,042,1
5,2,043,0
5,2,044,0
5,2,045,0
5,2,046,0
5,2,047,0
5,2,048,0
5,2,049,0
5,2,050,0
5,2,051,0
5,2,052,0
5,2,053,2
5,2,054,0
5,2,055,0
5,2,056,0
5,2,057,0
5,2,058,0
5,2,059,0
5,2,060,1
5,2,061,1
5,2,062,0
5,2,063,1
5,2,064,2
5,2,065,2
5,2,066,2
5,2,067,1
5,2,068,2
5,2,069,0
5,2,070,2
5,2,071,2
5,2,072,2
5,2,073,0
5,2,074,0
5,2,075,2
5,2,076,0
5,2,077,0
5,2,078,2
5,2,079,2
5,2,080,0
5,2,081,0
5,2,082,1
5,2,083,2
5,2,084,2
5,2,085,1
5,2,086,0
5,2,087,0
5,2,088,2
5,2,089,1
5,2,090,2
5,2,091,2
5,2,092,0
5,2,093,0
5,2,094,0
5,2,095,1
5,2,096,0
5,2,097,1
5,2,098,2
5,2,099,0
5,2,100,0
5,2,101,2
5,2,102,1
5,2,103,1
5,2,104,2
5,2,105,2
5,2,106,0
5,2,107,1
5,2,108,1
5,2,109,2
5,2,110,2
5,2,111,0
5,2,112,1
5,2,113,2
5,2,114,2
5,2,115,2
5,2,116,2
5,2,117,2
5,2,118,2
5,2,119,0
5,2,120,2
6,1,001,0
6,1,002,0
6,1,003,0
6,1,004,2
6,1,005,1
6,1,006,0
6,1,007,0
6,1,008,0
6,1,009,1
6,1,010,0
6,1,011,0
6,1,012,2
6,1,013,1
6,1,014,0
6,1,015,1
6,1,016,1
6,1,017,2
6,1,018,2
6,1,019,2
6,1,020,2
6,1,021,2
6,1,022,0
6,1,023,0
6,1,024,2
6,1,025,1
6,1,026,2
6,1,027,2
6,1,028,1
6,1,029,2
6,1,030,2
6,1,031,2
6,1,032,0
6,1,033,0
6,1,034,0
6,1,035,1
6,1,036,0
6,1,037,1
6,1,038,1
6,1,039,0
6,1,040,2
6,1,041,1
6,1,042,0
6,1,043,2
6,1,044,2
6,1,045,2
6,1,046,2
6,1,047,0
6,1,048,2
6,1,049,0
6,1,050,0
6,1,051,1
6,1,052,0
6,1,053,1
6,1,054,0
6,1,055,1
6,1,056,0
6,1,057,2
6,1,058,2
6,1,059,0
6,1,060,0
6,1,062,2
6,1,063,0
6,1,064,0
6,1,065,0
6,1,066,0
6,1,067,1
6,1,068,0
6,1,069,0
6,1,070,2
6,1,071,2
6,1,072,0
6,1,073,1
6,1,074,0
6,1,075,1
6,1,076,0
6,1,077,0
6,1,078,2
6,1,079,0
6,1,080,1
6,1,081,2
6,1,082,1
6,1,083,0
6,1,084,0
6,1,085,0
6,1,086,0
6,1,087,2
6,1,088,0
6,1,089,0
6,1,090,2
6,1,091,1
6,1,092,2
6,1,093,0
6,1,094,2
6,1,095,2
6,1,096,1
6,1,097,0
6,1,098,0
6,1,099,2
6,1,100,1
6,1,101,0
6,1,102,1
6,1,103,2
6,1,104,2
6,1,105,0
6,1,106,1
6,1,107,2
6,1,108,0
6,1,109,2
6,1,110,1
6,1,111,0
6,1,112,1
6,1,113,1
6,1,114,2
6,1,115,2
6,2,001,1
6,2,002,0
6,2,003,0
6,2,004,1
6,2,005,2
6,2,006,0
6,2,007,0
6,2,008,0
6,2,009,1
6,2,010,1
6,2,011,2
6,2,012,0
6,2,013,0
6,2,014,0
6,2,015,0
6,2,016,0
6,2,017,0
6,2,018,1
6,2,019,0
6,2,020,0
6,2,021,1
6,2,022,1
6,2,023,2
6,2,024,0
6,2,025,0
6,2,026,2
6,2,028,1
6,2,029,1
6,2,030,0
6,2,031,0
6,2,032,0
6,2,034,0
6,2,035,0
6,2,036,2
6,2,037,0
6,2,038,1
6,2,039,0
6,2,040,2
6,2,041,0
6,2,042,0
6,2,043,0
6,2,044,0
6,2,045,2
6,2,046,2
6,2,047,1
6,2,048,0
6,2,049,0
6,2,050,0
6,2,051,2
6,2,052,2
6,2,053,1
6,2,054,0
6,2,055,0
6,2,056,2
6,2,057,1
6,2,058,0
6,2,059,0
6,2,060,0
6,2,061,2
6,2,062,1
6,2,063,0
6,2,064,1
6,2,065,0
6,2,066,0
6,2,067,0
6,2,068,2
6,2,069,0
6,2,070,1
6,2,071,2
6,2,072,0
6,2,073,2
6,2,074,0
6,2,075,0
6,2,076,0
6,2,077,2
6,2,078,0
6,2,079,1
6,2,080,2
6,2,081,2
6,2,082,2
6,2,083,0
6,2,084,1
6,2,085,2
6,2,086,0
6,2,087,1
6,2,088,1
6,2,089,0
6,2,090,2
6,2,091,0
6,2,092,1
6,2,093,1
6,2,094,2
6,2,095,2
6,2,096,2
6,2,097,0
6,2,098,2
6,2,099,0
6,2,101,1
6,2,102,0
6,2,103,1
6,2,104,0
6,2,105,2
6,2,106,2
6,2,107,2
6,2,108,0
6,2,109,1
6,2,110,1
6,2,111,2
6,2,112,2
6,2,113,2
6,2,114,1
6,2,115,1
7,1,001,1
7,1,002,2
7,1,003,2
7,1,004,1
7,1,005,1
7,1,006,0
7,1,007,0
7,1,008,2
7,1,009,0
7,1,010,0
7,1,011,0
7,1,012,2
7,1,013,0
7,1,014,0
7,1,015,0
7,1,016,0
7,1,017,0
7,1,018,2
7,1,019,1
7,1,020,2
7,1,021,0
7,1,022,0
7,1,023,2
7,1,024,2
7,1,025,2
7,1,026,0
7,1,027,2
7,1,028,2
7,1,029,1
7,1,030,0
7,1,031,0
7,1,032,1
7,1,033,2
7,1,034,2
7,1,035,2
7,1,036,2
7,1,037,1
7,1,038,1
7,1,039,2
7,1,040,2
7,1,041,2
7,1,042,1
7,1,043,0
7,1,044,2
7,1,045,1
7,1,046,1
7,1,047,2
7,1,048,0
7,1,049,2
7,1,050,2
7,1,051,0
7,1,052,0
7,1,053,2
7,1,054,2
7,1,055,0
7,1,056,0
7,1,057,1
7,1,058,2
7,1,059,2
7,1,060,2
7,1,061,2
7,1,062,2
7,1,063,2
7,1,064,2
7,1,065,2
7,1,066,0
7,1,067,2
7,1,068,1
7,1,069,2
7,1,070,2
7,1,071,2
7,1,072,0
7,1,073,0
7,1,074,2
7,1,075,1
7,1,076,0
7,1,077,0
7,1,078,0
7,1,079,0
7,1,080,0
7,1,081,2
7,1,082,1
7,1,083,2
7,1,084,1
7,1,085,0
7,1,086,0
7,1,087,0
7,1,088,2
7,1,089,2
7,1,090,1
7,1,091,0
7,1,092,2
7,1,093,0
7,1,094,0
7,1,095,0
7,1,096,2
7,1,097,2
7,1,098,0
7,1,100,0
7,1,101,1
7,1,102,1
7,1,103,0
7,1,104,2
7,1,105,1
7,1,106,2
7,1,107,0
7,1,108,0
7,1,109,2
7,1,110,1
7,2,001,1
7,2,002,0
7,2,003,2
7,2,004,0
7,2,005,2
7,2,006,0
7,2,007,2
7,2,008,0
7,2,009,2
7,2,010,0
7,2,011,1
7,2,012,2
7,2,013,2
7,2,014,2
7,2,015,0
7,2,016,2
7,2,017,2
7,2,018,0
7,2,019,1
7,2,020,2
7,2,021,0
7,2,022,0
7,2,023,0
7,2,024,2
7,2,025,2
7,2,026,1
7,2,027,1
7,2,028,2
7,2,029,0
7,2,030,0
7,2,031,2
7,2,032,1
7,2,033,0
7,2,034,0
7,2,035,0
7,2,036,0
7,2,037,1
7,2,038,2
7,2,039,1
7,2,040,2
7,2,042,0
7,2,043,0
7,2,044,2
7,2,045,0
7,2,046,2
7,2,047,2
7,2,048,1
7,2,049,0
7,2,050,2
7,2,051,1
7,2,052,0
7,2,053,1
7,2,054,0
7,2,055,0
7,2,056,2
7,2,057,0
7,2,058,2
7,2,059,0
7,2,060,0
7,2,061,2
7,2,062,0
7,2,063,1
7,2,064,0
7,2,065,2
7,2,066,2
7,2,067,0
7,2,068,2
7,2,069,1
7,2,070,0
7,2,071,2
7,2,072,1
7,2,073,0
7,2,074,0
7,2,075,1
7,2,076,2
7,2,077,2
7,2,078,2
7,2,079,0
7,2,080,1
7,2,081,0
7,2,082,1
7,2,083,2
7,2,084,0
7,2,085,0
7,2,086,1
7,2,087,2
7,2,088,2
7,2,089,1
7,2,090,0
7,2,091,2
7,2,092,2
7,2,093,2
7,2,094,0
7,2,095,1
7,2,096,2
7,2,097,1
7,2,098,1
7,2,099,2
7,2,100,0
7,2,101,0
7,2,102,2
7,2,103,1
7,2,104,2
7,2,105,0
7,2,106,2
7,2,107,1
7,2,108,2
7,2,109,2
7,2,110,2
7,2,111,0
8,1,001,0
8,1,002,0
8,1,003,0
8,1,004,0
8,1,005,0
8,1,006,0
8,1,007,0
8,1,008,0
8,1,009,0
8,1,010,0
8,1,011,0
8,1,012,0
8,1,013,0
8,1,014,0
8,1,015,0
8,1,016,1
8,1,017,2
8,1,018,1
8,1,019,0
8,1,020,0
8,1,021,0
8,1,022,0
8,1,023,0
8,1,024,0
8,1,025,0
8,1,026,0
8,1,027,0
8,1,028,0
8,1,029,0
8,1,030,0
8,1,031,0
8,1,032,0
8,1,033,0
8,1,034,0
8,1,035,0
8,1,036,2
8,1,037,0
8,1,038,0
8,1,039,0
8,1,040,0
8,1,041,0
8,1,042,1
8,1,043,0
8,1,044,1
8,1,045,0
8,1,046,0
8,1,047,0
8,1,048,0
8,1,049,0
8,1,050,0
8,1,051,0
8,1,052,0
8,1,053,0
8,1,054,0
8,1,055,0
8,1,056,0
8,1,057,0
8,1,058,0
8,1,059,0
8,1,060,0
8,1,061,0
8,1,062,0
8,1,063,0
8,1,064,0
8,1,065,0
8,1,066,0
8,1,067,0
8,1,068,0
8,1,069,0
8,1,070,0
8,1,071,0
8,1,072,0
8,1,073,1
8,1,074,0
8,1,075,1
8,1,076,0
8,1,077,0
8,1,078,0
8,1,079,0
8,1,080,0
8,1,081,0
8,1,082,0
8,1,083,0
8,1,084,0
8,1,085,0
8,1,086,0
8,1,087,0
8,1,088,0
8,1,089,0
8,1,090,0
8,1,091,0
8,1,092,0
8,1,093,0
8,1,094,0
8,1,095,0
8,1,096,0
8,1,097,0
8,1,098,0
8,1,099,0
8,1,100,0
8,1,101,0
8,2,001,0
8,2,002,0
8,2,003,0
8,2,004,1
8,2,005,1
8,2,006,0
8,2,007,0
8,2,008,1
8,2,009,0
8,2,010,0
8,2,011,2
8,2,012,0
8,2,013,0
8,2,014,0
8,2,015,0
8,2,016,1
8,2,017,0
8,2,018,1
8,2,019,0
8,2,020,0
8,2,021,0
8,2,022,0
8,2,023,0
8,2,024,0
8,2,025,0
8,2,026,1
8,2,027,2
8,2,028,0
8,2,029,2
8,2,030,1
8,2,031,0
8,2,032,1
8,2,033,0
8,2,034,0
8,2,035,1
8,2,036,2
8,2,037,0
8,2,038,0
8,2,039,0
8,2,040,0
8,2,041,1
8,2,042,0
8,2,043,0
8,2,044,0
8,2,045,0
8,2,046,0
8,2,047,0
8,2,048,2
8,2,049,1
8,2,050,0
8,2,051,0
8,2,052,0
8,2,053,0
8,2,054,0
8,2,055,1
8,2,056,0
8,2,057,2
8,2,058,1
8,2,059,2
8,2,060,0
8,2,061,1
8,2,062,0
8,2,063,2
8,2,064,1
8,2,065,0
8,2,066,0
8,2,067,0
8,2,068,1
8,2,069,1
8,2,070,1
8,2,071,0
8,2,072,1
8,2,073,1
8,2,074,1
8,2,075,1
8,2,076,0
8,2,077,2
8,2,078,1
8,2,079,1
8,2,080,2
8,2,081,0
8,2,082,0
8,2,083,1
8,2,084,0
8,2,085,2
8,2,086,1
8,2,087,1
8,2,088,0
8,2,089,0
8,2,090,0
8,2,091,0
8,2,092,0
8,2,093,1
8,2,094,0
8,2,095,0
8,2,096,0
8,2,097,2
8,2,098,0
8,2,099,0
8,2,100,0
8,2,101,1
8,2,102,0
8,2,103,0
9,1,001,0
9,1,002,2
9,1,003,2
9,1,004,2
9,1,005,2
9,1,006,0
9,1,007,1
9,1,008,2
9,1,009,0
9,1,010,0
9,1,011,0
9,1,012,1
9,1,013,0
9,1,014,0
9,1,015,0
9,1,016,0
9,1,017,1
9,1,018,0
9,1,019,0
9,1,020,2
9,1,021,2
9,1,022,0
9,1,023,2
9,1,024,0
9,1,025,1
9,1,026,2
9,1,027,0
9,1,028,0
9,1,029,0
9,1,030,0
9,1,031,1
9,1,032,0
9,1,033,2
9,1,034,0
9,1,035,1
9,1,036,1
9,1,037,2
9,1,038,1
9,1,039,0
9,1,040,0
9,1,041,0
9,1,042,0
9,1,043,0
9,1,044,0
9,1,045,0
9,1,046,0
9,1,047,0
9,1,048,0
9,1,049,0
9,1,050,1
9,1,051,0
9,1,052,0
9,1,053,1
9,1,054,0
9,1,055,0
9,1,056,2
9,1,057,0
9,1,058,0
9,1,059,0
9,1,060,1
9,1,061,1
9,1,062,0
9,1,063,2
9,1,064,1
9,1,065,0
9,1,066,1
9,1,067,2
9,1,068,0
9,1,069,2
9,1,070,0
9,1,071,0
9,1,072,1
9,1,073,0
9,1,074,0
9,1,075,0
9,1,076,1
9,1,077,0
9,1,078,1
9,1,079,1
9,1,080,1
9,1,081,0
9,1,082,1
9,1,083,1
9,1,084,0
9,1,085,2
9,1,086,1
9,1,087,1
9,1,088,0
9,1,089,0
9,1,090,0
9,1,091,1
9,1,092,2
9,1,093,0
9,1,094,1
9,1,095,2
9,1,096,2
9,1,097,0
9,1,098,0
9,1,099,1
9,1,100,2
9,1,101,0
9,1,102,1
9,1,103,0
9,1,104,0
9,1,105,2
9,1,106,1
9,1,107,1
9,1,108,0
9,1,109,0
9,1,110,1
9,1,111,0
9,1,112,0
9,1,113,0
9,2,001,0
9,2,002,2
9,2,003,2
9,2,004,2
9,2,005,2
9,2,006,2
9,2,007,2
9,2,008,2
9,2,009,2
9,2,010,1
9,2,011,1
9,2,012,2
9,2,013,2
9,2,014,0
9,2,015,0
9,2,016,0
9,2,017,2
9,2,018,1
9,2,019,1
9,2,020,1
9,2,021,2
9,2,022,0
9,2,023,0
9,2,024,0
9,2,025,2
9,2,026,1
9,2,027,0
9,2,028,2
9,2,029,0
9,2,030,0
9,2,031,1
9,2,032,0
9,2,033,0
9,2,034,0
9,2,035,0
9,2,036,2
9,2,037,2
9,2,038,0
9,2,039,2
9,2,040,0
9,2,041,1
9,2,042,1
9,2,043,0
9,2,044,0
9,2,045,0
9,2,046,0
9,2,047,1
9,2,048,2
9,2,049,2
9,2,050,2
9,2,051,2
9,2,052,0
9,2,053,0
9,2,054,2
9,2,055,1
9,2,056,2
9,2,057,0
9,2,058,0
9,2,059,0
9,2,060,0
9,2,061,0
9,2,062,1
9,2,063,2
9,2,064,2
9,2,065,2
9,2,066,2
9,2,067,1
9,2,068,1
9,2,069,1
9,2,070,2
9,2,071,2
9,2,072,0
9,2,073,0
9,2,074,1
9,2,075,1
9,2,076,0
9,2,077,2
9,2,078,2
9,2,079,2
9,2,080,2
9,2,081,1
9,2,082,0
9,2,083,2
9,2,084,1
9,2,085,1
9,2,086,2
9,2,087,1
9,2,088,2
9,2,089,0
9,2,090,0
9,2,091,1
9,2,092,1
9,2,093,1
9,2,094,1
9,2,095,2
9,2,096,0
9,2,097,0
9,2,098,1
9,2,099,2
9,2,100,2
9,2,101,1
9,2,102,2
9,2,103,1
9,2,104,1
9,2,105,1
9,2,106,2
9,2,107,1
9,2,108,2
9,2,109,0
9,2,110,0
9,2,111,2
9,2,112,1
9,2,113,2
9,2,114,0
9,2,115,0
9,2,116,0