10,1,1,4.2299,0
10,1,1,3.5774,0
10,1,2,3.5655,0
10,1,2,2.9644,0
10,1,3,3.2253,1.5
10,1,3,3.7333,1.5
10,1,4,4.0089,5.5
10,1,4,3.9148,5.5
10,1,5,3.7175,5
10,1,5,3.3804,5
10,1,6,3.5041,5
10,1,6,3.6095,5
10,1,7,4.0137,5.5
10,1,7,4.2824,5.5
10,1,8,3.8711,6.25
10,1,8,4.125,6.25
10,1,9,3.2553,5.5
10,1,9,3.8073,5.5
10,1,10,3.5504,5
10,1,10,3.6374,5
10,1,11,3.0238,4
10,1,11,3.2661,4
10,1,12,4.0699,4.5
10,1,12,4.1193,4.5
10,1,13,3.5798,4.25
10,1,13,3.6231,4.25
10,1,14,3.9248,3.75
10,1,14,3.6079,3.75
10,1,15,2.7461,0
10,1,15,2.1077,0
10,1,16,3.1014,0
10,1,16,2.5406,0
10,1,17,3.465,1
10,1,17,1.9165,1
10,1,18,3.5807,0.75
10,1,18,2.7918,0.75
10,1,19,3.8527,3.25
10,1,19,3.5743,3.25
10,1,20,4.1494,5
10,1,20,3.9022,5
10,1,21,3.5712,5.25
10,1,21,3.5804,5.25
10,1,22,3.8428,4.5
10,1,22,3.6403,4.5
10,1,24,4.3783,4.75
10,1,24,3.8684,4.75
10,1,25,3.952,4.5
10,1,25,3.7771,4.5
10,1,26,2.5854,2.375
10,1,26,3.185,2.375
10,1,27,3.8304,4.25
10,1,27,3.778,4.25
10,1,28,4.0103,4.75
10,1,28,3.4625,4.75
10,1,29,4.1714,4.5
10,1,29,3.9198,4.5
10,1,30,4.6089,5.5
10,1,30,4.3426,5.5
10,1,31,3.9179,4.75
10,1,31,3.6598,4.75
10,1,32,3.9333,3.75
10,1,32,4.0539,3.75
10,1,33,3.0426,4.5
10,1,33,3.5113,4.5
10,1,34,3.0618,4
10,1,34,2.9773,4
10,1,35,2.8234,2
10,1,35,3.01,2
10,1,36,4.1308,4.75
10,1,36,3.9147,4.75
10,1,37,4.2688,6
10,1,37,4.404,6
10,1,38,3.427,3.75
10,1,38,3.5132,3.75
10,1,39,3.5476,4
10,1,39,3.2451,4
10,1,40,3.8389,4.5
10,1,40,3.6452,4.5
10,1,41,3.574,3.25
10,1,41,3.4053,3.25
10,1,42,4.4139,5.25
10,1,42,4.0328,5.25
10,1,43,3.672,4.5
10,1,43,3.7748,4.5
10,1,44,3.6615,4.5
10,1,44,3.9078,4.5
10,1,45,3.5481,2.875
10,1,45,3.4568,2.875
10,1,46,4.2419,5
10,1,46,3.8768,5
10,1,47,3.6005,5.25
10,1,47,3.7919,5.25
10,1,48,4.6007,5
10,1,48,4.167,5
10,1,49,3.3173,4
10,1,49,3.3732,4
10,1,50,4.4362,5.25
10,1,50,4.0015,5.25
10,1,51,3.5551,5.5
10,1,51,3.451,5.5
10,1,52,4.0913,5
10,1,52,3.8329,5
10,1,53,4.3266,5.25
10,1,53,3.9588,5.25
10,1,54,2.9367,3.5
10,1,54,3.4068,3.5
10,1,55,4.0948,5.25
10,1,55,3.8846,5.25
10,1,56,3.6158,4.5
10,1,56,3.4607,4.5
10,1,57,3.6729,1.5
10,1,57,3.368,1.5
10,1,58,1.2594,1.75
10,1,58,1.2643,1.75
10,1,59,4.1767,0
10,1,59,3.2249,0
10,1,60,3.9564,1
10,1,60,3.3373,1
10,1,61,4.285,4
10,1,61,4.3737,4
10,1,62,3.5871,3.75
10,1,62,3.4623,3.75
10,1,63,3.6404,4.25
10,1,63,3.3132,4.25
10,1,64,3.6086,5
10,1,64,3.1738,5
10,1,65,4.2515,5.75
10,1,65,3.4315,5.75
10,1,66,4.25,6
10,1,66,3.8867,6
10,1,67,3.8755,5.25
10,1,67,3.6445,5.25
10,1,68,4.6045,3.75
10,1,68,4.2082,3.75
10,1,69,4.1105,4.5
10,1,69,3.8699,4.5
10,1,70,2.5992,1.25
10,1,70,2.6532,1.25
10,1,71,2.821,1.75
10,1,71,2.3275,1.75
10,1,72,3.785,3
10,1,72,3.9759,3
10,1,73,4.4758,4.25
10,1,73,4.2469,4.25
10,1,74,3.8934,4.75
10,1,74,3.634,4.75
10,1,75,4.2374,4.5
10,1,75,3.9198,4.5
10,1,76,4.0381,4.75
10,1,76,3.8939,4.75
10,1,77,4.4751,4.5
10,1,77,4.2234,4.5
10,1,78,4.2613,5.5
10,1,78,3.9088,5.5
10,1,79,3.3889,4.5
10,1,79,3.3927,4.5
10,1,80,3.9286,5
10,1,80,3.6087,5
10,1,81,3.3441,4.25
10,1,81,3.3008,4.25
10,1,82,4.057,4.5
10,1,82,3.6784,4.5
10,1,83,3.6319,3
10,1,83,3.8135,3
10,1,84,3.1927,2.75
10,1,84,3.6064,2.75
10,1,85,3.687,4.75
10,1,85,3.6108,4.75
10,1,86,3.5575,4
10,1,86,3.7575,4
10,1,87,4.4483,4.75
10,1,87,3.9808,4.75
10,1,88,4.4115,5.5
10,1,88,4.0683,5.5
10,1,89,3.9953,5.25
10,1,89,4.2277,5.25
10,1,90,3.7808,3.75
10,1,90,4.1648,3.75
10,1,91,4.3825,4.5
10,1,91,4.0635,4.5
10,1,92,4.2524,5
10,1,92,3.7895,5
10,1,93,3.8928,4
10,1,93,3.6285,4
10,1,94,3.513,5
10,1,94,3.2817,5
10,1,95,4.3387,4.75
10,1,95,4.0712,4.75
10,1,96,3.9944,4.5
10,1,96,4.1443,4.5
10,1,97,3.6506,3.75
10,1,97,3.3935,3.75
10,1,98,4.3117,4.5
10,1,98,3.9921,4.5
10,1,99,4.0601,5.25
10,1,99,3.9196,5.25
10,1,100,3.6367,4
10,1,100,3.2726,4
10,1,101,3.9714,5.5
10,1,101,3.5721,5.5
10,1,102,3.3158,5
10,1,102,3.197,5
10,1,103,3.4578,3.75
10,1,103,3.3556,3.75
10,1,104,4.3094,4.5
10,1,104,4.0314,4.5
10,1,105,3.7461,4
10,1,105,3.625,4
10,1,106,3.9776,2
10,1,106,3.7424,2
10,1,107,3.8409,5
10,1,107,3.9742,5
10,1,108,3.5601,5
10,1,108,3.5914,5
10,1,109,2.9677,0
10,1,109,3.2146,0
10,1,110,3.6863,0
10,1,110,2.8026,0
10,2,1,1.9396,0
10,2,1,3.411,0
10,2,2,3.4207,0
10,2,2,2.9774,0
10,2,3,4.4061,3.75
10,2,3,4.7106,3.75
10,2,4,4.5349,6.25
10,2,4,4.6114,6.25
10,2,5,4.4309,5.5
10,2,5,4.6177,5.5
10,2,6,4.3813,5.25
10,2,6,4.6414,5.25
10,2,7,4.6967,5.25
10,2,7,4.9954,5.25
10,2,8,5.3147,5.75
10,2,8,5.1283,5.75
10,2,9,3.8385,3.25
10,2,9,4.1356,3.25
10,2,10,3.9126,5.25
10,2,10,4.1374,5.25
10,2,11,4.322,4.5
10,2,11,4.5535,4.5
10,2,12,4.5178,4.25
10,2,12,4.5052,4.25
10,2,13,4.8387,5.25
10,2,13,5.0054,5.25
10,2,14,4.9743,5.25
10,2,14,5.1035,5.25
10,2,15,4.3256,5.75
10,2,15,4.5185,5.75
10,2,16,3.7927,0
10,2,16,3.0099,0
10,2,17,3.7186,0.75
10,2,17,3.7327,0.75
10,2,18,3.706,0
10,2,18,4.2172,0
10,2,19,4.2886,4.5
10,2,19,4.4717,4.5
10,2,20,4.752,2.75
10,2,20,4.4731,2.75
10,2,21,4.1991,5.5
10,2,21,4.6771,5.5
10,2,22,4.5625,5.5
10,2,22,4.8352,5.5
10,2,23,4.6896,5
10,2,23,4.9458,5
10,2,24,4.4739,3.5
10,2,24,4.5026,3.5
10,2,25,4.323,4.25
10,2,25,4.5134,4.25
10,2,26,4.8537,3.5
10,2,26,4.3262,3.5
10,2,27,4.4876,5
10,2,27,4.6489,5
10,2,28,4.6584,4.5
10,2,28,4.7822,4.5
10,2,29,4.1406,5
10,2,29,4.5567,5
10,2,30,4.5624,5.75
10,2,30,4.7385,5.75
10,2,31,4.2911,3.25
10,2,31,4.4011,3.25
10,2,32,3.483,1.75
10,2,32,4.2748,1.75
10,2,33,4.337,4.75
10,2,33,4.7057,4.75
10,2,34,4.3509,5
10,2,34,4.573,5
10,2,35,3.6787,2.75
10,2,35,3.3113,2.75
10,2,36,4.8285,3.75
10,2,36,4.8759,3.75
10,2,37,4.6149,5
10,2,37,5.1439,5
10,2,38,4.4491,4.75
10,2,38,4.622,4.75
10,2,39,5.2955,5.25
10,2,39,5.3884,5.25
10,2,40,4.0579,4.5
10,2,40,4.0606,4.5
10,2,41,4.0618,5.25
10,2,41,4.8987,5.25
10,2,42,4.8692,5.5
10,2,42,5.1068,5.5
10,2,43,4.4306,5.75
10,2,43,4.9703,5.75
10,2,44,4.4439,5
10,2,44,4.749,5
10,2,45,3.7731,3.5
10,2,45,4.0553,3.5
10,2,46,4.3252,4.25
10,2,46,4.3485,4.25
10,2,47,3.3713,5.25
10,2,47,3.649,5.25
10,2,50,1.6756,4
10,2,50,1.9328,4
10,2,51,5.0238,5.5
10,2,51,4.9924,5.5
10,2,52,4.4005,5.5
10,2,52,4.9496,5.5
10,2,53,4.5282,6.75
10,2,53,4.7842,6.75
10,2,54,4.5875,5.5
10,2,54,4.5957,5.5
10,2,55,5.0378,3.75
10,2,55,4.7898,3.75
10,2,56,4.1293,5.25
10,2,56,4.1372,5.25
10,2,58,4.4586,5.5
10,2,58,4.7719,5.5
10,2,59,3.7064,1.5
10,2,59,3.841,1.5
10,2,60,3.68,0.5
10,2,60,2.805,0.5
10,2,61,3.353,1
10,2,61,2.8631,1
10,2,62,3.4825,1.25
10,2,62,3.8852,1.25
10,2,63,3.1218,1
10,2,63,3.1376,1
10,2,64,2.2172,0.75
10,2,64,3.0136,0.75
10,2,65,3.5332,5
10,2,65,3.99,5
10,2,66,3.5483,3
10,2,66,3.518,3
10,2,67,4.3126,4.3333
10,2,67,4.3296,4.3333
10,2,68,4.5215,4.75
10,2,68,4.4505,4.75
10,2,69,4.3342,5.25
10,2,69,4.3229,5.25
10,2,70,4.387,4.6667
10,2,70,4.5938,4.6667
10,2,71,4.4769,4
10,2,71,4.367,4
10,2,72,4.2117,6.25
10,2,72,4.0941,6.25
10,2,73,3.7648,5.5
10,2,73,4.1061,5.5
10,2,74,4.5948,4.75
10,2,74,4.5629,4.75
10,2,75,4.655,4.5
10,2,75,4.8551,4.5
10,2,76,4.5589,4.5
10,2,76,4.7547,4.5
10,2,77,3.8167,3.5
10,2,77,4.1875,3.5
10,2,78,4.4263,5.25
10,2,78,4.3851,5.25
10,2,79,4.202,5.5
10,2,79,4.556,5.5
10,2,80,4.3929,4.5
10,2,80,4.597,4.5
10,2,81,4.4448,5.25
10,2,81,4.5601,5.25
10,2,82,4.0375,5.25
10,2,82,4.0945,5.25
10,2,83,4.0536,4.25
10,2,83,4.0718,4.25
10,2,84,4.5843,4
10,2,84,4.361,4
10,2,85,4.4764,5.25
10,2,85,4.8233,5.25
10,2,86,4.4846,4.5
10,2,86,4.7461,4.5
10,2,87,4.6434,5.5
10,2,87,4.9907,5.5
10,2,88,4.661,5.5
10,2,88,4.7787,5.5
10,2,89,4.7517,4
10,2,89,4.7796,4
10,2,90,5.0235,4.25
10,2,90,5.0404,4.25
10,2,91,4.2971,4.25
10,2,91,4.3111,4.25
10,2,92,4.1591,4.75
10,2,92,4.5675,4.75
10,2,93,3.7531,3.25
10,2,93,3.7573,3.25
10,2,94,3.5653,3.25
10,2,94,3.955,3.25
10,2,95,4.1722,2
10,2,95,4.125,2
10,2,96,4.4394,4.75
10,2,96,4.3442,4.75
10,2,97,2.7434,5.75
10,2,97,2.5565,5.75
11,1,4,4.6644,5.75
11,1,4,4.1027,5.75
11,1,5,5.0661,4.5
11,1,5,4.6892,4.5
11,1,6,4.4593,5
11,1,6,3.7411,5
11,1,7,4.7351,4.25
11,1,7,4.4272,4.25
11,1,8,4.6894,4.25
11,1,8,4.1672,4.25
11,1,9,4.8485,4
11,1,9,4.3366,4
11,1,10,4.4593,4.6667
11,1,10,4.1307,4.6667
11,1,11,4.0194,4.5
11,1,11,3.408,4.5
11,1,12,4.9409,5.5
11,1,12,4.4907,5.5
11,1,13,4.6166,5.25
11,1,13,4.2023,5.25
11,1,14,4.7129,4.25
11,1,14,4.0871,4.25
11,1,15,4.4141,3.5
11,1,15,3.9012,3.5
11,1,16,3.4555,0
11,1,16,2.7696,0
11,1,17,2.8341,1.25
11,1,17,2.2914,1.25
11,1,18,4.5315,1.5
11,1,18,3.9505,1.5
11,1,19,4.9605,6.25
11,1,19,4.4839,6.25
11,1,20,4.8288,5.5
11,1,20,4.2602,5.5
11,1,21,4.6096,4.25
11,1,21,4.2571,4.25
11,1,22,4.6213,6.25
11,1,22,4.0917,6.25
11,1,23,5.6935,5.75
11,1,23,5.0718,5.75
11,1,24,5.0801,3.25
11,1,24,4.99,3.25
11,1,25,4.9569,5
11,1,25,4.3798,5
11,1,26,5.1427,4
11,1,26,4.7302,4
11,1,27,4.735,4.5
11,1,27,4.1812,4.5
11,1,28,5.0683,4.5
11,1,28,4.6206,4.5
11,1,29,4.8557,5.5
11,1,29,4.3109,5.5
11,1,30,5.2361,4.25
11,1,30,4.7277,4.25
11,1,31,5.1823,5.5
11,1,31,4.6943,5.5
11,1,32,5.0467,4.25
11,1,32,4.5266,4.25
11,1,33,5.0958,5
11,1,33,4.5341,5
11,1,34,5.2404,4.5
11,1,34,4.8464,4.5
11,1,35,4.8598,4.5
11,1,35,4.5317,4.5
11,1,36,4.8928,5
11,1,36,4.4002,5
11,1,37,5.3033,3.75
11,1,37,5.2138,3.75
11,1,38,5.2591,4.5
11,1,38,4.6387,4.5
11,1,39,3.0066,5
11,1,39,2.6678,5
11,1,42,4.3222,0
11,1,42,3.8486,0
11,1,43,3.8014,0.75
11,1,43,3.4531,0.75
11,1,44,3.239,1.75
11,1,44,2.8945,1.75
11,1,45,3.6627,2.25
11,1,45,3.322,2.25
11,1,46,3.7013,1.75
11,1,46,3.1233,1.75
11,1,47,3.8923,4
11,1,47,3.4305,4
11,1,48,4.0706,2.25
11,1,48,3.0844,2.25
11,1,49,3.7912,4.5
11,1,49,3.304,4.5
11,1,50,3.5136,3
11,1,50,2.9565,3
11,1,51,4.3481,4.75
11,1,51,3.7225,4.75
11,1,52,4.5534,4.25
11,1,52,4.1432,4.25
11,1,53,4.087,5.25
11,1,53,3.8624,5.25
11,1,54,3.6329,2.5
11,1,54,3.2903,2.5
11,1,55,3.2534,4
11,1,55,2.8487,4
11,1,56,3.4104,2.25
11,1,56,3.1264,2.25
11,1,57,3.1273,2.5
11,1,57,3.6487,2.5
11,1,58,3.1585,1.75
11,1,58,2.8308,1.75
11,1,59,3.3189,0.75
11,1,59,2.7987,0.75
11,1,60,3.6284,1
11,1,60,2.9305,1
11,1,61,4.3115,0
11,1,61,3.814,0
11,1,62,4.26,5
11,1,62,3.4947,5
11,1,63,4.5293,6.25
11,1,63,4.0769,6.25
11,1,64,4.3948,5
11,1,64,4.0546,5
11,1,65,3.8097,4.25
11,1,65,3.4627,4.25
11,1,66,4.0099,3.25
11,1,66,3.6289,3.25
11,1,67,4.2252,6.25
11,1,67,3.7835,6.25
11,1,68,4.1192,4.25
11,1,68,3.7841,4.25
11,1,69,4.4001,4
11,1,69,3.9797,4
11,1,70,4.1006,5
11,1,70,3.7038,5
11,1,71,4.3864,4.75
11,1,71,4.0916,4.75
11,1,72,4.5078,4.75
11,1,72,4.3072,4.75
11,1,73,4.9926,5.25
11,1,73,4.5735,5.25
11,1,74,4.4036,5
11,1,74,3.8017,5
11,1,75,4.1736,3.5
11,1,75,3.557,3.5
11,1,76,4.8974,4
11,1,76,4.5788,4
11,1,77,5.1142,6
11,1,77,4.9299,6
11,1,78,4.4139,5
11,1,78,3.8997,5
11,1,79,4.4859,4.5
11,1,79,3.9353,4.5
11,1,80,4.9349,6
11,1,80,4.4851,6
11,1,81,4.5014,4.5
11,1,81,4.3111,4.5
11,1,82,4.6126,4.5
11,1,82,4.2314,4.5
11,1,83,4.727,3.5
11,1,83,4.213,3.5
11,1,84,4.5468,3.5
11,1,84,4.007,3.5
11,1,85,3.7641,0
11,1,85,4.1017,0
11,1,86,3.824,1
11,1,86,3.2935,1
11,1,87,4.2648,2.75
11,1,87,3.6866,2.75
11,1,88,5.0113,3.75
11,1,88,4.5792,3.75
11,1,89,5.4275,5
11,1,89,5.1814,5
11,1,90,4.8802,4.25
11,1,90,4.4495,4.25
11,1,91,4.8232,5.5
11,1,91,4.626,5.5
11,1,92,4.3723,4.25
11,1,92,3.8138,4.25
11,1,93,4.7329,4.25
11,1,93,4.3318,4.25
11,1,94,4.9011,5.75
11,1,94,4.2854,5.75
11,1,95,4.5226,4.25
11,1,95,3.9157,4.25
11,1,96,4.5169,4.75
11,1,96,3.8333,4.75
11,1,97,4.3489,3.75
11,1,97,4.0897,3.75
11,1,98,4.6827,4.5
11,1,98,3.8619,4.5
11,1,99,5.1723,6.25
11,1,99,4.6177,6.25
11,1,100,4.2372,3
11,1,100,3.6819,3
11,1,101,3.1634,0.5
11,1,101,2.5953,0.5
11,2,1,2.277,0
11,2,1,2.8356,0
11,2,2,5.5834,0.25
11,2,2,3.2978,0.25
11,2,3,3.2095,5
11,2,3,3.2772,5
11,2,4,3.4966,4
11,2,4,3.5509,4
11,2,5,3.2484,2.25
11,2,5,3.2757,2.25
11,2,6,3.8752,5.5
11,2,6,4.139,5.5
11,2,7,4.3891,0.75
11,2,7,3.5222,0.75
11,2,8,3.835,5
11,2,8,4.0655,5
11,2,9,3.9803,3.5
11,2,9,4.1783,3.5
11,2,10,3.6084,4.75
11,2,10,3.5932,4.75
11,2,11,6.3119,2.5
11,2,11,4.2671,2.5
11,2,12,3.8868,2.25
11,2,12,3.2964,2.25
11,2,13,5.6967,0.75
11,2,13,3.7247,0.75
11,2,14,5.7615,1.5
11,2,14,3.8559,1.5
11,2,15,2.7637,1.25
11,2,15,3.0815,1.25
11,2,16,3.6857,2
11,2,16,3.7547,2
11,2,17,3.4649,3.75
11,2,17,3.2417,3.75
11,2,18,4.2695,4
11,2,18,3.8138,4
11,2,19,3.7562,5.25
11,2,19,3.6966,5.25
11,2,20,3.9141,4.75
11,2,20,4.2123,4.75
11,2,21,4.1743,6.25
11,2,21,4.1052,6.25
11,2,22,3.6484,3.75
11,2,22,3.7788,3.75
11,2,23,3.5208,5.75
11,2,23,3.6431,5.75
11,2,24,3.5269,5
11,2,24,3.5561,5
11,2,25,3.5628,5
11,2,25,3.7449,5
11,2,26,3.3304,3.5
11,2,26,3.3899,3.5
11,2,27,4.0045,5.5
11,2,27,4.0832,5.5
11,2,28,3.6024,4.5
11,2,28,3.493,4.5
11,2,29,3.2689,4.75
11,2,29,3.3414,4.75
11,2,30,3.1532,4
11,2,30,3.2406,4
11,2,31,4.2907,5
11,2,31,4.4412,5
11,2,32,3.4769,5.25
11,2,32,3.4453,5.25
11,2,33,3.7076,4.25
11,2,33,3.9843,4.25
11,2,34,3.8541,6.5
11,2,34,3.6189,6.5
11,2,35,3.4843,3.75
11,2,35,3.3894,3.75
11,2,36,3.8985,4.25
11,2,36,4.04,4.25
11,2,37,3.8506,5
11,2,37,3.9028,5
11,2,38,3.3546,4.25
11,2,38,3.3022,4.25
11,2,39,3.6068,4.5
11,2,39,3.5193,4.5
11,2,40,3.7617,4.25
11,2,40,3.9116,4.25
11,2,41,3.6006,4.75
11,2,41,3.703,4.75
11,2,42,3.8695,4.75
11,2,42,4.211,4.75
11,2,43,3.9579,5.25
11,2,43,4.1898,5.25
11,2,44,4.4359,5.5
11,2,44,4.4467,5.5
11,2,45,3.5301,4.25
11,2,45,3.5303,4.25
11,2,46,3.6294,4.25
11,2,46,3.5112,4.25
11,2,47,3.9605,4
11,2,47,3.998,4
11,2,48,3.7823,6.5
11,2,48,3.7066,6.5
11,2,49,3.5862,2.75
11,2,49,3.709,2.75
11,2,50,4.1257,4.25
11,2,50,4.221,4.25
11,2,51,4.3491,4.5
11,2,51,4.5339,4.5
11,2,52,4.3339,5
11,2,52,4.3191,5
11,2,53,3.511,4.5
11,2,53,3.3935,4.5
11,2,54,3.3144,3.75
11,2,54,3.6231,3.75
11,2,55,3.8267,4.5
11,2,55,3.8223,4.5
11,2,56,3.4299,4.75
11,2,56,3.3788,4.75
11,2,57,3.5882,1.25
11,2,57,3.6707,1.25
11,2,58,3.1365,1.5
11,2,58,3.3372,1.5
11,2,59,2.7924,0.5
11,2,59,2.8647,0.5
11,2,60,3.4222,2.5
11,2,60,2.1932,2.5
11,2,61,3.1713,3.25
11,2,61,3.0741,3.25
11,2,62,5.0826,1.75
11,2,62,3.5512,1.75
11,2,63,2.9669,2.75
11,2,63,2.8787,2.75
11,2,64,3.9153,4.25
11,2,64,3.7656,4.25
11,2,65,3.1028,2.5
11,2,65,3.1965,2.5
11,2,66,2.5634,1.75
11,2,66,3.1163,1.75
11,2,67,3.4593,4.75
11,2,67,3.2906,4.75
11,2,68,3.6029,4
11,2,68,3.4376,4
11,2,69,3.4826,3.25
11,2,69,3.4122,3.25
11,2,70,2.534,1.25
11,2,70,2.7581,1.25
11,2,71,2.9064,1.75
11,2,71,2.9632,1.75
11,2,72,3.2206,4.25
11,2,72,3.3481,4.25
11,2,73,3.1364,4.25
11,2,73,3.4008,4.25
11,2,74,3.0107,4.25
11,2,74,3.0338,4.25
11,2,75,3.2394,2.5
11,2,75,4.2185,2.5
11,2,76,3.846,5.5
11,2,76,3.8728,5.5
11,2,77,3.6423,4.5
11,2,77,3.7301,4.5
11,2,78,3.8371,5.5
11,2,78,3.8782,5.5
11,2,79,3.2872,4.25
11,2,79,3.5253,4.25
11,2,80,4.2095,3.75
11,2,80,3.3015,3.75
11,2,81,3.0068,3
11,2,81,3.1238,3
11,2,82,3.1509,4.75
11,2,82,3.1833,4.75
11,2,83,4.2056,4
11,2,83,4.3474,4
11,2,84,3.3406,4.75
11,2,84,3.7179,4.75
11,2,85,3.7027,5
11,2,85,3.7953,5
11,2,86,4.0508,5.75
11,2,86,3.9381,5.75
11,2,87,4.0392,4.25
11,2,87,4.171,4.25
11,2,88,3.1345,5
11,2,88,3.1859,5
11,2,89,3.9223,4.75
11,2,89,4.2047,4.75
11,2,90,4.1359,3.25
11,2,90,4.3181,3.25
11,2,91,3.3204,4.5
11,2,91,3.5145,4.5
11,2,92,3.8017,5.5
11,2,92,4.1152,5.5
11,2,93,3.6964,5
11,2,93,3.9355,5
11,2,94,3.6328,4.25
11,2,94,3.8502,4.25
11,2,95,3.4763,4
11,2,95,3.661,4
11,2,96,3.741,5
11,2,96,3.8973,5
11,2,97,3.3605,3.75
11,2,97,3.5253,3.75
11,2,98,3.8612,5
11,2,98,3.9188,5
11,2,99,4.0424,5.5
11,2,99,4.2536,5.5
11,2,100,3.7046,4.5
11,2,100,3.8729,4.5
11,2,101,3.7348,4.75
11,2,101,3.6646,4.75
11,2,102,3.7283,3.75
11,2,102,3.9405,3.75
11,2,103,3.7742,5.25
11,2,103,3.9539,5.25
11,2,104,4.179,6
11,2,104,4.3251,6
11,2,105,3.8784,4.5
11,2,105,3.9918,4.5
11,2,106,3.4957,3
11,2,106,3.7394,3
11,2,107,3.6726,0.25
11,2,107,2.4636,0.25
11,2,108,3.6227,1
11,2,108,3.413,1
11,2,109,4.4989,4.75
11,2,109,4.5903,4.75
11,2,110,4.3276,4.75
11,2,110,4.5581,4.75
11,2,111,3.8877,4.5
11,2,111,4.4319,4.5
11,2,112,3.6816,0
11,2,112,3.9434,0
11,2,113,3.0997,0
11,2,113,3.3028,0
11,2,114,3.9353,5
11,2,114,3.6959,5
12,1,1,4.5722,0
12,1,1,4.5752,0
12,1,2,7.5373,6.5
12,1,2,7.4989,6.5
12,1,3,6.9753,6
12,1,3,6.9459,6
12,1,4,6.9998,6.25
12,1,4,6.9734,6.25
12,1,5,7.1923,6
12,1,5,7.1672,6
12,1,6,7.1687,5
12,1,6,7.1418,5
12,1,7,7.1416,6.25
12,1,7,7.1184,6.25
12,1,8,7.5464,5.25
12,1,8,7.5248,5.25
12,1,9,7.4368,4.75
12,1,9,7.4205,4.75
12,1,10,7.5843,5.25
12,1,10,7.5529,5.25
12,1,11,7.3206,5
12,1,11,7.2674,5
12,1,12,7.2637,5.75
12,1,12,7.2355,5.75
12,1,13,5.7708,1.5
12,1,13,5.785,1.5
12,1,14,3.2332,1
12,1,14,3.2376,1
12,1,15,4.818,0
12,1,15,4.8564,0
12,1,16,6.3573,5.25
12,1,16,6.3108,5.25
12,1,17,7.2066,5
12,1,17,7.1661,5
12,1,18,6.5812,4.25
12,1,18,6.5388,4.25
12,1,19,7.3738,3.75
12,1,19,7.371,3.75
12,1,20,7.1265,4.75
12,1,20,7.0907,4.75
12,1,21,7.1067,4.5
12,1,21,7.0832,4.5
12,1,22,6.6097,4.5
12,1,22,6.5875,4.5
12,1,23,6.9604,3.5
12,1,23,6.9014,3.5
12,1,24,6.8993,5.25
12,1,24,6.8262,5.25
12,1,25,6.8712,5.75
12,1,25,6.8141,5.75
12,1,26,7.0677,5
12,1,26,7.0314,5
12,1,27,6.2497,4.5
12,1,27,6.2254,4.5
12,1,28,6.4131,5
12,1,28,6.3643,5
12,1,29,5.3276,2.75
12,1,29,5.2764,2.75
12,1,30,6.901,4
12,1,30,6.8541,4
12,1,31,6.65,5
12,1,31,6.6397,5
12,1,32,6.4074,5.25
12,1,32,6.3779,5.25
12,1,33,6.0807,4.25
12,1,33,6.0505,4.25
12,1,34,6.3415,5.5
12,1,34,6.317,5.5
12,1,35,6.7599,4
12,1,35,6.7084,4
12,1,36,6.4009,5
12,1,36,6.3756,5
12,1,37,6.7251,4.5
12,1,37,6.7073,4.5
12,1,38,6.9808,5.5
12,1,38,6.9408,5.5
12,1,39,6.5035,5.75
12,1,39,6.4666,5.75
12,1,40,6.3829,4.25
12,1,40,6.3569,4.25
12,1,41,6.5834,3.75
12,1,41,6.5549,3.75
12,1,42,7.1924,4.25
12,1,42,7.1809,4.25
12,1,43,7.1574,4.75
12,1,43,7.1259,4.75
12,1,44,6.9869,5.5
12,1,44,6.9665,5.5
12,1,45,6.9719,5
12,1,45,6.929,5
12,1,46,6.8074,3.5
12,1,46,6.757,3.5
12,1,47,6.8984,5.5
12,1,47,6.8557,5.5
12,1,48,7.0728,4.5
12,1,48,7.046,4.5
12,1,49,6.2108,4.75
12,1,49,6.1821,4.75
12,1,50,5.8216,0.75
12,1,50,5.7771,0.75
12,1,51,3.7476,0
12,1,51,3.7664,0
12,1,52,6.7151,1.75
12,1,52,6.6813,1.75
12,1,53,6.6353,4.5
12,1,53,6.6053,4.5
12,1,54,6.4773,4.75
12,1,54,6.4601,4.75
12,1,55,7.4748,5
12,1,55,7.4254,5
12,1,56,5.9055,1
12,1,56,5.8763,1
12,1,57,2.9212,0
12,1,57,2.9247,0
12,1,58,4.9104,2.25
12,1,58,4.9539,2.25
12,1,59,6.2181,1.5
12,1,59,6.189,1.5
12,1,60,5.9153,3.75
12,1,60,5.8969,3.75
12,1,61,6.01,4
12,1,61,6.0031,4
12,1,62,4.7933,2.5
12,1,62,4.7848,2.5
12,1,63,5.4777,3
12,1,63,5.4482,3
12,1,64,6.7951,4
12,1,64,6.754,4
12,1,65,7.0118,4.5
12,1,65,7.0346,4.5
12,1,66,6.5999,3
12,1,66,6.6295,3
12,1,67,5.5096,2.75
12,1,67,5.5383,2.75
12,1,68,6.4829,4.25
12,1,68,6.4661,4.25
12,1,69,7.0764,3.75
12,1,69,7.0883,3.75
12,1,70,7.2321,0
12,1,70,7.2227,0
12,1,71,4.2066,0
12,1,71,4.2182,0
12,1,72,7.0388,3.25
12,1,72,7.0379,3.25
12,1,73,7.0701,4.25
12,1,73,7.0446,4.25
12,1,74,6.7367,5
12,1,74,6.7084,5
12,1,75,6.9932,5.25
12,1,75,6.9687,5.25
12,1,76,6.9776,4
12,1,76,6.9578,4
12,1,77,6.8073,4.75
12,1,77,6.8043,4.75
12,1,78,7.0821,6
12,1,78,7.0594,6
12,1,79,6.5605,4.25
12,1,79,6.5328,4.25
12,1,80,6.433,4
12,1,80,6.4214,4
12,1,81,6.0144,4
12,1,81,5.9834,4
12,1,82,7.0788,4
12,1,82,7.053,4
12,1,83,7.3918,5.5
12,1,83,7.3617,5.5
12,1,84,7.3078,4.5
12,1,84,7.2884,4.5
12,1,85,7.2358,4.75
12,1,85,7.219,4.75
12,1,86,6.3797,3
12,1,86,6.3558,3
12,1,87,6.6478,5
12,1,87,6.6175,5
12,1,88,6.702,4.5
12,1,88,6.6661,4.5
12,1,89,6.4517,3.5
12,1,89,6.4078,3.5
12,1,90,6.5519,4
12,1,90,6.5355,4
12,1,91,6.8709,4.5
12,1,91,6.8371,4.5
12,1,92,6.5921,3.25
12,1,92,6.5845,3.25
12,1,93,6.3148,3.75
12,1,93,6.2862,3.75
12,1,94,6.3583,2.75
12,1,94,6.3435,2.75
12,1,95,4.2911,0.75
12,1,95,4.2421,0.75
12,1,96,6.544,3.25
12,1,96,6.5157,3.25
12,1,97,6.3874,4.25
12,1,97,6.3846,4.25
12,1,98,6.6318,3.75
12,1,98,6.6088,3.75
12,1,99,5.8497,1.75
12,1,99,5.8338,1.75
12,1,100,6.1619,2.75
12,1,100,6.1212,2.75
12,1,101,6.0347,3.25
12,1,101,6.0253,3.25
12,1,102,6.6303,4.5
12,1,102,6.5987,4.5
12,1,103,6.9885,4.5
12,1,103,6.9825,4.5
12,1,104,6.8841,2.5
12,1,104,6.8754,2.5
12,1,105,6.3773,3.25
12,1,105,6.34,3.25
12,1,106,5.1483,1.25
12,1,106,5.1457,1.25
12,1,107,6.8872,4.5
12,1,107,6.8672,4.5
12,1,108,6.5402,3.25
12,1,108,6.5061,3.25
12,1,109,6.5775,3.5
12,1,109,6.5591,3.5
12,1,110,7.123,5
12,1,110,7.1315,5
12,1,111,6.5873,2.75
12,1,111,6.5501,2.75
12,1,112,6.8629,1.5
12,1,112,6.8194,1.5
12,1,113,4.5523,2
12,1,113,4.5651,2
12,1,114,5.9656,0
12,1,114,5.9985,0
12,2,1,4.0914,0.75
12,2,1,4.2193,0.75
12,2,2,2.6249,0
12,2,2,2.6878,0
12,2,3,3.5789,3.75
12,2,3,3.658,3.75
12,2,4,4.5172,4
12,2,4,4.5918,4
12,2,5,4.1579,5.25
12,2,5,4.2118,5.25
12,2,6,4.5945,3.5
12,2,6,4.6424,3.5
12,2,7,4.4882,5
12,2,7,4.5282,5
12,2,8,4.1587,4
12,2,8,4.2242,4
12,2,9,3.9313,4
12,2,9,4.0032,4
12,2,10,5.0367,4.25
12,2,10,5.1089,4.25
12,2,11,4.1789,5
12,2,11,4.2361,5
12,2,12,5.0521,5.25
12,2,12,5.142,5.25
12,2,13,3.8574,3.5
12,2,13,3.9473,3.5
12,2,14,4.6098,4.25
12,2,14,4.6858,4.25
12,2,15,3.7187,0.75
12,2,15,3.7927,0.75
12,2,16,4.5043,1.25
12,2,16,4.5341,1.25
12,2,17,3.7511,1.25
12,2,17,3.8147,1.25
12,2,18,4.6591,1
12,2,18,4.7145,1
12,2,19,4.6909,4.5
12,2,19,4.7299,4.5
12,2,20,4.8569,4
12,2,20,4.9075,4
12,2,21,4.5051,3.75
12,2,21,4.5501,3.75
12,2,22,5.5502,5
12,2,22,5.596,5
12,2,23,5.1319,5.25
12,2,23,5.1728,5.25
12,2,24,4.8914,4.25
12,2,24,4.9543,4.25
12,2,25,4.9073,4.75
12,2,25,4.9791,4.75
12,2,26,4.6586,2.75
12,2,26,4.7173,2.75
12,2,27,5.3423,4.5
12,2,27,5.3738,4.5
12,2,28,4.494,4.75
12,2,28,4.5471,4.75
12,2,29,4.7487,3
12,2,29,4.7929,3
12,2,30,4.9714,4.5
12,2,30,5.0304,4.5
12,2,31,4.411,4.75
12,2,31,4.4492,4.75
12,2,32,4.9266,3.25
12,2,32,4.9673,3.25
12,2,33,5.1082,3.75
12,2,33,5.162,3.75
12,2,34,4.8537,4.25
12,2,34,4.9024,4.25
12,2,35,4.9321,3
12,2,35,4.9648,3
12,2,36,4.7275,5.75
12,2,36,4.742,5.75
12,2,37,5.0098,3.5
12,2,37,5.0482,3.5
12,2,38,4.4274,2
12,2,38,4.4821,2
12,2,39,4.7579,2
12,2,39,4.7614,2
12,2,40,6.1374,3.5
12,2,40,6.1652,3.5
12,2,41,5.6033,5.25
12,2,41,5.6235,5.25
12,2,42,5.5843,3.5
12,2,42,5.6089,3.5
12,2,43,6.2131,4.5
12,2,43,6.2138,4.5
12,2,44,4.6943,3.75
12,2,44,4.7466,3.75
12,2,45,5.1201,4
12,2,45,5.1656,4
12,2,46,5.342,4.25
12,2,46,5.373,4.25
12,2,47,5.6742,4.75
12,2,47,5.6845,4.75
12,2,48,5.9192,4.5
12,2,48,5.9388,4.5
12,2,49,5.3131,5.25
12,2,49,5.3609,5.25
12,2,50,5.9713,4.75
12,2,50,6.0101,4.75
12,2,51,4.2195,3
12,2,51,4.2407,3
12,2,52,4.7003,4.75
12,2,52,4.7546,4.75
12,2,53,5.8587,3.75
12,2,53,5.8953,3.75
12,2,54,4.7266,4.5
12,2,54,4.7763,4.5
12,2,55,6.2889,4.5
12,2,55,6.3048,4.5
12,2,56,5.1311,5
12,2,56,5.1817,5
12,2,57,6.0201,4.75
12,2,57,6.0656,4.75
12,2,58,5.2297,3.75
12,2,58,5.269,3.75
12,2,59,5.1654,5
12,2,59,5.2057,5
12,2,60,4.7723,0.75
12,2,60,4.8316,0.75
12,2,61,3.2281,1.25
12,2,61,3.312,1.25
12,2,62,2.7071,1.75
12,2,62,2.7985,1.75
12,2,63,3.3592,1.75
12,2,63,3.4268,1.75
12,2,64,2.1523,1.5
12,2,64,2.2352,1.5
12,2,65,2.5156,2.25
12,2,65,2.592,2.25
12,2,66,3.0378,1
12,2,66,3.1006,1
12,2,67,3.1193,3
12,2,67,3.1913,3
12,2,68,3.2968,2
12,2,68,3.4149,2
12,2,69,2.4801,2.25
12,2,69,2.5814,2.25
12,2,70,2.5495,1.25
12,2,70,2.6444,1.25
12,2,71,3.8201,1.5
12,2,71,3.9804,1.5
12,2,72,2.5511,0.75
12,2,72,2.6417,0.75
12,2,73,3.3582,2
12,2,73,3.4778,2
12,2,74,3.0676,0
12,2,74,3.1306,0
12,2,75,4.6795,1
12,2,75,4.7095,1
12,2,76,4.6103,1.5
12,2,76,4.6616,1.5
12,2,77,4.9572,5
12,2,77,5.0082,5
12,2,78,4.9808,4
12,2,78,5.0269,4
12,2,79,5.259,3.75
12,2,79,5.2834,3.75
12,2,80,4.7744,5.25
12,2,80,4.8301,5.25
12,2,81,5.18,5.5
12,2,81,5.239,5.5
12,2,82,4.1058,2.5
12,2,82,4.1563,2.5
12,2,83,4.4365,3.75
12,2,83,4.4715,3.75
12,2,84,4.3702,4.25
12,2,84,4.4024,4.25
12,2,85,4.8784,4.75
12,2,85,4.9085,4.75
12,2,86,4.6085,4
12,2,86,4.6423,4
12,2,87,4.9873,4.75
12,2,87,5.0108,4.75
12,2,88,4.7491,5
12,2,88,4.7881,5
12,2,89,5.0761,3.75
12,2,89,5.1508,3.75
12,2,90,5.0775,3.25
12,2,90,5.1072,3.25
12,2,91,4.8459,4.5
12,2,91,4.8838,4.5
12,2,92,4.776,3.5
12,2,92,4.8314,3.5
12,2,93,4.8898,5
12,2,93,4.9293,5
12,2,94,5.5174,2.5
12,2,94,5.6174,2.5
12,2,95,4.8834,4.75
12,2,95,4.9158,4.75
12,2,96,4.9034,4.75
12,2,96,4.9435,4.75
12,2,97,4.3966,1.5
12,2,97,4.4334,1.5
12,2,98,4.3571,2.75
12,2,98,4.419,2.75
12,2,99,4.2899,3.25
12,2,99,4.334,3.25
12,2,100,4.2065,2.5
12,2,100,4.2542,2.5
12,2,101,5.1699,3
12,2,101,5.2137,3
12,2,102,4.548,1.75
12,2,102,4.5747,1.75
12,2,103,4.4553,2.5
12,2,103,4.5165,2.5
12,2,104,4.3704,2
12,2,104,4.4141,2
12,2,105,5.2511,4
12,2,105,5.2869,4
12,2,106,4.97,3.5
12,2,106,4.9812,3.5
12,2,107,4.8862,2.25
12,2,107,4.9104,2.25
12,2,108,4.2019,2
12,2,108,4.237,2
12,2,109,4.8239,3.25
12,2,109,4.8528,3.25
12,2,110,5.3681,2.25
12,2,110,5.4637,2.25
12,2,111,4.7609,4
12,2,111,4.8128,4
12,2,112,5.043,3.75
12,2,112,5.1006,3.75
12,2,113,4.9765,3.25
12,2,113,5.0186,3.25
12,2,114,4.2631,3.5
12,2,114,4.3163,3.5
12,2,115,4.5273,2.75
12,2,115,4.5694,2.75
12,2,116,4.5708,3
12,2,116,4.6055,3
12,2,117,3.6988,0
12,2,117,3.7336,0
12,2,118,4.074,1.25
12,2,118,4.0921,1.25
16,2,1,2.7401,1.75
16,2,1,2.7819,1.75
16,2,2,2.7741,0
16,2,2,2.8075,0
16,2,3,1.0905,0.75
16,2,3,0.94787,0.75
16,2,4,1.9521,1.75
16,2,4,2.0259,1.75
16,2,5,1.9182,4
16,2,5,1.9649,4
16,2,6,2.3189,4.5
16,2,6,2.184,4.5
16,2,7,2.7444,5
16,2,7,2.632,5
16,2,8,2.4716,3.25
16,2,8,2.604,3.25
16,2,9,2.5626,3.5
16,2,9,2.4911,3.5
16,2,10,2.4021,5.5
16,2,10,2.2913,5.5
16,2,11,2.9035,4.5
16,2,11,2.8381,4.5
16,2,12,3.4334,5.5
16,2,12,3.5308,5.5
16,2,13,2.6276,4.5
16,2,13,2.4994,4.5
16,2,14,3.7644,4
16,2,14,3.9168,4
16,2,15,2.5649,4.25
16,2,15,2.669,4.25
16,2,16,2.5975,1
16,2,16,2.6424,1
16,2,17,2.3705,2.25
16,2,17,2.3087,2.25
16,2,18,1.8774,0.5
16,2,18,1.7879,0.5
16,2,19,1.4846,0
16,2,19,1.5047,0
16,2,20,2.0476,1.25
16,2,20,2.1422,1.25
16,2,21,2.9515,3.75
16,2,21,3.0875,3.75
16,2,22,2.0288,1.75
16,2,22,2.0913,1.75
16,2,23,2.6399,2.5
16,2,23,2.6642,2.5
16,2,24,3.1201,3.5
16,2,24,3.004,3.5
16,2,25,2.6472,3
16,2,25,2.7303,3
16,2,26,2.5481,3.25
16,2,26,2.6214,3.25
16,2,27,2.9059,4.25
16,2,27,2.8654,4.25
16,2,28,3.1208,3.25
16,2,28,3.2038,3.25
16,2,29,3.4457,2
16,2,29,3.5168,2
16,2,30,2.7511,3
16,2,30,2.8478,3
16,2,31,2.126,2
16,2,31,2.1616,2
16,2,32,2.7551,2.75
16,2,32,2.7995,2.75
16,2,33,2.6818,1.5
16,2,33,2.7532,1.5
16,2,34,1.8154,2.25
16,2,34,1.6486,2.25
16,2,35,2.6129,2.5
16,2,35,2.4998,2.5
16,2,36,2.5396,3.75
16,2,36,2.5548,3.75
16,2,37,1.9304,4.5
16,2,37,2.0189,4.5
16,2,38,2.4956,4
16,2,38,2.6076,4
16,2,39,2.718,2.25
16,2,39,2.7602,2.25
16,2,40,2.5888,2
16,2,40,2.6104,2
16,2,41,2.7656,1.75
16,2,41,2.809,1.75
16,2,42,1.5772,2.5
16,2,42,1.5923,2.5
16,2,43,1.8743,2.25
16,2,43,1.9173,2.25
16,2,44,2.1949,2.75
16,2,44,2.2674,2.75
16,2,45,2.6151,3
16,2,45,2.6884,3
16,2,46,2.3284,2.5
16,2,46,2.3735,2.5
16,2,47,2.6144,1.75
16,2,47,2.6484,1.75
16,2,48,3.0398,3.25
16,2,48,3.0709,3.25
16,2,49,2.347,2.75
16,2,49,2.413,2.75
16,2,50,2.2209,2.25
16,2,50,2.3577,2.25
16,2,51,2.7935,3.5
16,2,51,2.8593,3.5
16,2,52,2.0892,2.25
16,2,52,2.1722,2.25
16,2,53,2.2354,4
16,2,53,2.1994,4
16,2,54,2.139,1.25
16,2,54,2.2148,1.25
16,2,55,2.4549,4
16,2,55,2.5661,4
16,2,56,3.0752,4.75
16,2,56,3.2987,4.75
16,2,57,2.3291,3
16,2,57,2.3799,3
16,2,58,2.9849,2.25
16,2,58,3.109,2.25
16,2,59,2.0348,3
16,2,59,2.0881,3
16,2,60,2.5736,3
16,2,60,2.6301,3
16,2,61,2.0962,2.5
16,2,61,2.0153,2.5
16,2,62,2.2382,0
16,2,62,2.0956,0
16,2,63,3.3916,1.75
16,2,63,3.4827,1.75
16,2,64,2.0978,0
16,2,64,2.105,0
16,2,65,2.3629,5
16,2,65,2.242,5
16,2,66,2.8711,5.75
16,2,66,2.9977,5.75
16,2,67,1.848,3.5
16,2,67,2.03,3.5
16,2,68,1.866,1.25
16,2,68,1.9389,1.25
16,2,69,1.9004,1.75
16,2,69,1.9203,1.75
16,2,70,1.1708,1.75
16,2,70,1.1571,1.75
16,2,71,2.3851,4
16,2,71,2.5432,4
16,2,72,1.7,2.25
16,2,72,1.798,2.25
16,2,73,1.6779,4
16,2,73,1.815,4
16,2,74,2.298,0.75
16,2,74,2.4456,0.75
16,2,75,2.8588,0.5
16,2,75,2.911,0.5
16,2,76,1.8107,3
16,2,76,1.6416,3
16,2,77,2.1909,5.5
16,2,77,2.2762,5.5
16,2,78,2.3297,4.25
16,2,78,2.3937,4.25
16,2,79,2.2995,5
16,2,79,2.3603,5
16,2,80,2.3856,4
16,2,80,2.4617,4
16,2,81,1.9002,2.5
16,2,81,1.9212,2.5
16,2,82,2.2795,2.25
16,2,82,2.3544,2.25
16,2,83,2.0183,4.5
16,2,83,2.1461,4.5
16,2,84,1.2907,3.75
16,2,84,1.0868,3.75
16,2,85,1.7772,3.5
16,2,85,1.8684,3.5
16,2,86,2.2711,4.5
16,2,86,2.1789,4.5
16,2,87,1.8267,3.5
16,2,87,1.9274,3.5
16,2,88,1.9004,3.75
16,2,88,1.7479,3.75
16,2,89,2.5987,1.75
16,2,89,2.7357,1.75
16,2,90,1.1948,1.75
16,2,90,1.2475,1.75
16,2,91,1.8935,3.25
16,2,91,1.9504,3.25
16,2,92,2.8794,2.5
16,2,92,2.9199,2.5
16,2,93,3.3327,4
16,2,93,3.4119,4
16,2,94,1.191,4
16,2,94,1.0131,4
16,2,95,2.6593,3.5
16,2,95,2.6221,3.5
16,2,96,1.3707,3.5
16,2,96,1.2874,3.5
16,2,97,2.7674,2.75
16,2,97,2.8587,2.75
16,2,98,2.6857,4.5
16,2,98,2.6791,4.5
16,2,99,2.0015,3.25
16,2,99,1.936,3.25
16,2,100,1.4328,3.25
16,2,100,1.2579,3.25
16,2,101,3.2444,5
16,2,101,3.3025,5
16,2,102,1.9676,1.75
16,2,102,1.9368,1.75
16,2,103,2.501,3.25
16,2,103,2.5546,3.25
16,2,104,2.6768,1.75
16,2,104,2.6213,1.75
16,2,105,2.1959,3.75
16,2,105,2.1517,3.75
16,2,106,2.4021,2.75
16,2,106,2.4866,2.75
16,2,107,2.4564,3.25
16,2,107,2.3909,3.25
16,2,108,1.2726,2.75
16,2,108,0.93439,2.75
16,2,109,2.1981,4.5
16,2,109,2.2979,4.5
16,2,110,2.4659,2.25
16,2,110,2.5956,2.25
16,2,111,2.4342,3.5
16,2,111,2.5313,3.5
16,2,112,1.5422,1.5
16,2,112,1.6092,1.5
16,2,113,2.1517,2.5
16,2,113,2.2167,2.5
16,2,114,2.3758,3.5
16,2,114,2.2656,3.5
16,2,115,2.3238,2.75
16,2,115,2.3938,2.75
16,2,116,1.6507,4
16,2,116,1.5991,4
16,2,117,1.5285,1.25
16,2,117,1.4903,1.25
16,2,118,1.7447,1.75
16,2,118,1.5106,1.75
17,1,1,2.8239,0.75
17,1,1,1.4429,0.75
17,1,2,1.5793,0.25
17,1,2,0.91437,0.25
17,1,3,2.6734,0.5
17,1,3,2.409,0.5
17,1,4,1.4307,2.75
17,1,4,0.59235,2.75
17,1,5,2.8201,2.75
17,1,5,2.2387,2.75
17,1,6,2.352,2.75
17,1,6,1.9174,2.75
17,1,7,3.4239,2.75
17,1,7,2.2243,2.75
17,1,8,2.6498,2.75
17,1,8,2.2142,2.75
17,1,9,1.685,1.5
17,1,9,1.0418,1.5
17,1,10,1.653,1.5
17,1,10,0.89706,1.5
17,1,11,1.7861,1.5
17,1,11,1.274,1.5
17,1,12,2.7875,2.25
17,1,12,2.3484,2.25
17,1,13,2.5433,0.5
17,1,13,1.5823,0.5
17,1,14,2.4116,1.5
17,1,14,1.8971,1.5
17,1,15,2.596,1.25
17,1,15,2.3522,1.25
17,1,16,2.2595,0
17,1,16,2.1653,0
17,1,17,4.5699,3
17,1,17,3.9183,3
17,1,18,2.9799,2.75
17,1,18,2.209,2.75
17,1,19,4.643,4
17,1,19,3.5685,4
17,1,20,3.0578,3.5
17,1,20,2.152,3.5
17,1,21,3.3088,2.5
17,1,21,3.1949,2.5
17,1,22,3.0493,3
17,1,22,2.9438,3
17,1,23,4.9856,2.5
17,1,23,5.3798,2.5
17,1,24,4.1868,3.25
17,1,24,3.1407,3.25
17,1,25,3.5367,3.75
17,1,25,2.2008,3.75
17,1,26,3.6517,3
17,1,26,3.5423,3
17,1,27,4.4409,4.5
17,1,27,3.7097,4.5
17,1,28,4.4093,4.25
17,1,28,3.8165,4.25
17,1,29,4.0222,4
17,1,29,3.4708,4
17,1,30,2.7478,5.25
17,1,30,1.6375,5.25
17,1,31,2.5894,4
17,1,31,2.4859,4
17,1,32,4.0353,4.5
17,1,32,3.138,4.5
17,1,33,2.9126,3.75
17,1,33,2.9933,3.75
17,1,34,2.5445,3.25
17,1,34,1.5678,3.25
17,1,35,3.8563,2.5
17,1,35,2.9679,2.5
17,1,36,3.5188,2.75
17,1,36,3.0743,2.75
17,1,37,4.3317,2.5
17,1,37,3.5533,2.5
17,1,38,3.4483,2.25
17,1,38,3.4941,2.25
17,1,39,2.7228,4.5
17,1,39,1.4406,4.5
17,1,40,4.1048,3
17,1,40,3.3258,3
17,1,41,3.0038,3.25
17,1,41,2.1244,3.25
17,1,42,2.778,3.75
17,1,42,1.5666,3.75
17,1,43,3.981,4.25
17,1,43,3.3926,4.25
17,1,44,3.4377,3.5
17,1,44,2.6886,3.5
17,1,45,3.4187,3
17,1,45,2.5187,3
17,1,46,3.419,4
17,1,46,2.112,4
17,1,47,2.5889,1.25
17,1,47,2.5456,1.25
17,1,48,2.3881,0
17,1,48,2.0254,0
17,1,49,3.2062,0.5
17,1,49,3.1593,0.5
17,1,50,3.1749,3.75
17,1,50,2.2387,3.75
17,1,51,3.5387,3
17,1,51,3.3608,3
17,1,52,3.9722,2.75
17,1,52,4.0533,2.75
17,1,53,4.0941,2.75
17,1,53,3.4554,2.75
17,1,54,3.4808,3.25
17,1,54,3.3688,3.25
17,1,55,3.2681,2.5
17,1,55,2.3859,2.5
17,1,56,3.6209,3.25
17,1,56,2.985,3.25
17,1,57,3.6784,1.5
17,1,57,2.8961,1.5
17,1,58,2.4099,0.25
17,1,58,2.501,0.25
17,1,59,1.6579,2.5
17,1,59,0.47979,2.5
17,1,60,2.3092,3
17,1,60,0.93757,3
17,1,61,2.7888,2.25
17,1,61,2.2384,2.25
17,1,62,1.4918,1.75
17,1,62,0.86528,1.75
17,1,63,2.6297,1.75
17,1,63,1.7929,1.75
17,1,64,2.74,1
17,1,64,1.8905,1
17,1,65,2.1966,1.25
17,1,65,0.80278,1.25
17,1,66,3.6169,0.75
17,1,66,2.1352,0.75
17,1,67,2.7334,3
17,1,67,1.5474,3
17,1,68,2.6246,3.75
17,1,68,1.7158,3.75
17,1,69,2.9377,2.5
17,1,69,1.7761,2.5
17,1,70,2.6797,1
17,1,70,0.93728,1
17,1,71,2.5656,0.25
17,1,71,0.53789,0.25
17,1,72,4.0187,5.25
17,1,72,2.311,5.25
17,1,73,3.6414,4.25
17,1,73,2.7412,4.25
17,1,74,3.2655,3.25
17,1,74,3.1523,3.25
17,1,75,2.4174,1.75
17,1,75,1.302,1.75
17,1,76,4.4039,4.5
17,1,76,2.3877,4.5
17,1,77,2.553,3.5
17,1,77,1.5079,3.5
17,1,78,2.9784,4.25
17,1,78,1.5831,4.25
17,1,79,4.1611,3.25
17,1,79,4.1336,3.25
17,1,80,3.7751,4.25
17,1,80,3.0016,4.25
17,1,81,3.3603,4.5
17,1,81,3.023,4.5
17,1,82,3.2407,5
17,1,82,1.9912,5
17,1,83,3.2233,3.5
17,1,83,2.5893,3.5
17,1,84,3.7951,4.25
17,1,84,3.2778,4.25
17,1,85,2.733,4.75
17,1,85,2.0081,4.75
17,1,86,2.9446,4
17,1,86,2.0267,4
17,1,87,3.9305,2.5
17,1,87,3.2633,2.5
17,1,88,3.2316,4.25
17,1,88,3.383,4.25
17,1,89,3.2151,3.25
17,1,89,2.1756,3.25
17,1,90,3.698,5.5
17,1,90,1.7139,5.5
17,1,91,3.3037,3.5
17,1,91,2.934,3.5
17,1,92,4.0182,5.25
17,1,92,2.1393,5.25
17,1,93,3.2189,3.5
17,1,93,2.0231,3.5
17,1,94,4.356,3.5
17,1,94,3.5201,3.5
17,1,95,3.7862,5.25
17,1,95,2.986,5.25
17,1,96,3.2543,1.5
17,1,96,2.6019,1.5
17,1,97,3.7683,2.5
17,1,97,2.6592,2.5
17,1,98,3.1545,3.5
17,1,98,2.0328,3.5
17,1,99,3.6475,3.5
17,1,99,3.8517,3.5
17,1,100,4.0528,2.75
17,1,100,3.4057,2.75
17,1,101,3.6483,3
17,1,101,2.7901,3
17,1,102,3.0012,3.75
17,1,102,3.3963,3.75
17,1,103,3.0245,3
17,1,103,3.3666,3
17,1,104,3.5086,3.25
17,1,104,3.2547,3.25
17,1,105,3.6401,3.75
17,1,105,3.413,3.75
17,1,106,3.9972,2.75
17,1,106,3.1791,2.75
17,1,107,3.2737,3.25
17,1,107,3.4298,3.25
17,1,108,2.8927,2.5
17,1,108,2.747,2.5
17,1,109,3.0384,2.5
17,1,109,2.3717,2.5
17,1,110,3.377,3.5
17,1,110,1.9203,3.5
17,1,111,2.775,2
17,1,111,1.7207,2
17,1,112,3.1231,0.5
17,1,112,3.0677,0.5
17,1,113,2.4844,0
17,1,113,2.1732,0
17,1,114,1.6686,2
17,1,114,-0.0083553,2
18,1,1,5.1116,1
18,1,1,5.5504,1
18,1,2,4.7003,4.25
18,1,2,3.932,4.25
18,1,3,3.9388,2.25
18,1,3,3.1626,2.25
18,1,4,4.5254,3
18,1,4,3.634,3
18,1,5,4.8659,1.5
18,1,5,3.7303,1.5
18,1,6,5.2536,3.5
18,1,6,4.3753,3.5
18,1,7,5.2292,2.5
18,1,7,6.3951,2.5
18,1,8,3.0589,2.25
18,1,8,5.543,2.25
18,1,9,4.2028,2
18,1,9,3.2917,2
18,1,10,5.4577,1.75
18,1,10,4.1837,1.75
18,1,11,5.3951,5.75
18,1,11,4.0039,5.75
18,1,12,4.9934,6
18,1,12,4.442,6
18,1,13,5.6454,0.5
18,1,13,4.7768,0.5
18,1,14,4.9924,1
18,1,14,5.0711,1
18,1,15,5.8834,0.75
18,1,15,6.4013,0.75
18,1,16,4.6046,2.3333
18,1,16,4.6648,2.3333
18,1,17,5.0891,3
18,1,17,4.0421,3
18,1,18,4.4864,2.75
18,1,18,3.3337,2.75
18,1,19,4.198,2.75
18,1,19,3.1085,2.75
18,1,20,5.4781,2.75
18,1,20,4.0922,2.75
18,1,21,4.3992,2.5
18,1,21,3.4887,2.5
18,1,22,5.6344,3.75
18,1,22,4.6708,3.75
18,1,23,5.8687,2.5
18,1,23,4.9397,2.5
18,1,24,7.0448,3.25
18,1,24,5.4787,3.25
18,1,25,6.0256,3
18,1,25,5.2513,3
18,1,26,6.0317,2.75
18,1,26,4.7239,2.75
18,1,27,5.8985,3.75
18,1,27,4.7756,3.75
18,1,28,5.724,3.25
18,1,28,4.8789,3.25
18,1,29,5.8396,3.75
18,1,29,4.9717,3.75
18,1,30,5.298,2.75
18,1,30,3.967,2.75
18,1,31,5.2245,3.75
18,1,31,4.0757,3.75
18,1,32,5.1328,1.25
18,1,32,3.9004,1.25
18,1,33,4.5316,1
18,1,33,3.3627,1
18,1,34,4.7792,2.25
18,1,34,3.8702,2.25
18,1,35,5.3431,2.25
18,1,35,4.0395,2.25
18,1,36,5.3538,2.25
18,1,36,4.0162,2.25
18,1,37,5.6618,2.75
18,1,37,4.2606,2.75
18,1,38,5.3593,3.5
18,1,38,4.5746,3.5
18,1,39,5.8686,4
18,1,39,4.9335,4
18,1,40,4.7028,4
18,1,40,3.703,4
18,1,41,6.4637,4
18,1,41,5.4744,4
18,1,42,5.0382,2.5
18,1,42,4.0427,2.5
18,1,43,5.2866,4.25
18,1,43,4.0853,4.25
18,1,44,6.2231,2.5
18,1,44,5.2397,2.5
18,1,45,5.6574,4.75
18,1,45,4.6008,4.75
18,1,46,4.854,2.25
18,1,46,4.0932,2.25
18,1,47,4.8102,1.75
18,1,47,5.0903,1.75
18,1,48,5.0513,1.75
18,1,48,3.7216,1.75
18,1,49,4.938,1.5
18,1,49,3.8085,1.5
18,1,50,4.8183,2.25
18,1,50,5.2266,2.25
18,1,51,5.2434,1.25
18,1,51,5.3516,1.25
18,1,52,4.5103,1
18,1,52,4.9104,1
18,1,53,5.1818,3.25
18,1,53,4.2159,3.25
18,1,54,4.7046,1.25
18,1,54,4.9356,1.25
18,1,55,5.7533,1.75
18,1,55,4.6477,1.75
18,1,56,5.8047,3.25
18,1,56,4.5223,3.25
18,1,57,4.6452,1.25
18,1,57,3.8805,1.25
18,1,58,2.0455,0
18,1,58,3.2322,0
18,1,59,3.2173,1.6667
18,1,59,4.7457,1.6667
18,1,60,3.3731,1
18,1,60,4.1212,1
18,1,61,4.2729,3.25
18,1,61,5.1813,3.25
18,1,62,4.354,1.5
18,1,62,5.0076,1.5
18,1,64,4.2354,2.25
18,1,64,2.8363,2.25
18,1,65,5.5059,1
18,1,65,5.7237,1
18,1,66,4.2178,1.75
18,1,66,4.6372,1.75
18,1,67,2.8965,1
18,1,67,4.5317,1
18,1,68,4.1027,2.5
18,1,68,4.371,2.5
18,1,69,5.0048,1
18,1,69,5.0573,1
18,1,70,4.9202,0.75
18,1,70,5.6241,0.75
18,1,71,2.9115,2
18,1,71,4.4915,2
18,1,72,6.5852,0.25
18,1,72,7.0473,0.25
18,1,73,4.003,2
18,1,73,2.4881,2
18,1,74,3.8089,1.5
18,1,74,3.9723,1.5
18,1,75,4.798,1
18,1,75,2.8843,1
18,1,76,4.8722,2
18,1,76,3.1574,2
18,1,77,5.3777,1
18,1,77,5.0215,1
18,1,78,5.0308,2
18,1,78,3.226,2
18,1,79,4.9411,2.25
18,1,79,3.3012,2.25
18,1,80,5.1551,3.5
18,1,80,3.6617,3.5
18,1,81,5.6505,3.75
18,1,81,4.2656,3.75
18,1,82,4.6956,3.25
18,1,82,3.4785,3.25
18,1,83,5.4464,3.75
18,1,83,3.8346,3.75
18,1,84,5.8589,4.5
18,1,84,4.5246,4.5
18,1,85,5.7674,4
18,1,85,4.0629,4
18,1,86,5.9306,2.5
18,1,86,4.6485,2.5
18,1,87,6.0564,3.25
18,1,87,4.5816,3.25
18,1,88,5.9956,2.75
18,1,88,4.4811,2.75
18,1,89,6.4859,2.25
18,1,89,4.4802,2.25
18,1,90,5.3827,2.5
18,1,90,5.1564,2.5
18,1,91,5.0102,2.5
18,1,91,3.7236,2.5
18,1,92,5.2149,2.25
18,1,92,3.9861,2.25
18,1,93,4.9299,2
18,1,93,3.7531,2
18,1,94,5.4601,2.5
18,1,94,3.8462,2.5
18,1,95,6.1782,4.25
18,1,95,5.0166,4.25
18,1,96,5.0422,2.5
18,1,96,3.7584,2.5
18,1,97,6.2499,3.25
18,1,97,4.6859,3.25
18,1,98,5.9646,2.25
18,1,98,4.3101,2.25
18,1,99,4.7452,2.5
18,1,99,4.7253,2.5
18,1,100,6.0691,3.75
18,1,100,4.4867,3.75
18,1,101,5.4734,2.25
18,1,101,4.1415,2.25
18,1,102,5.2127,2.25
18,1,102,3.9801,2.25
18,1,103,4.2101,2
18,1,103,3.2553,2
18,1,104,4.7231,3.25
18,1,104,3.5852,3.25
18,1,105,6.0134,1.75
18,1,105,4.4266,1.75
18,1,106,4.8625,1.25
18,1,106,3.8111,1.25
18,1,107,5.5982,3
18,1,107,4.1834,3
18,1,108,5.1942,2.5
18,1,108,3.9481,2.5
18,1,109,5.7743,3
18,1,109,4.7165,3
18,1,110,6.2609,1.75
18,1,110,4.6736,1.75
18,1,111,5.1344,2.75
18,1,111,3.7367,2.75
18,1,112,5.0819,1.25
18,1,112,4.0558,1.25
18,1,113,5.3311,1.5
18,1,113,5.3421,1.5
3,1,1,1.7365,3.875
3,1,1,1.7365,3.875
3,1,2,1.2706,4.5
3,1,2,1.2705,4.5
3,1,3,3.0778,3
3,1,3,3.0778,3
3,1,4,3.9039,3.25
3,1,4,3.9039,3.25
3,1,5,5.3447,6
3,1,5,5.3447,6
3,1,6,4.0299,4.5
3,1,6,4.0299,4.5
3,1,7,4.7298,4.75
3,1,7,4.7297,4.75
3,1,8,3.97,3.5
3,1,8,3.97,3.5
3,1,9,3.1251,2.75
3,1,9,3.125,2.75
3,1,10,4.7597,2.875
3,1,10,4.7596,2.875
3,1,11,3.4995,0.75
3,1,11,3.4995,0.75
3,1,12,2.4707,1
3,1,12,2.4708,1
3,1,13,2.6934,1.75
3,1,13,2.6934,1.75
3,1,14,2.4395,3.75
3,1,14,2.4395,3.75
3,1,15,3.642,5
3,1,15,3.642,5
3,1,16,3.6308,4.75
3,1,16,3.6308,4.75
3,1,17,4.0267,5
3,1,17,4.0267,5
3,1,18,3.0951,3.75
3,1,18,3.0951,3.75
3,1,19,2.8675,4.125
3,1,19,2.8675,4.125
3,1,20,2.5619,2.5
3,1,20,2.5619,2.5
3,1,21,4.0456,4.5
3,1,21,4.0456,4.5
3,1,22,4.0103,4.8333
3,1,22,4.0103,4.8333
3,1,23,3.014,3.875
3,1,23,3.014,3.875
3,1,24,3.6963,4.5
3,1,24,3.6963,4.5
3,1,25,5.6939,5.5
3,1,25,5.6939,5.5
3,1,26,4.1878,4
3,1,26,4.1878,4
3,1,27,2.9344,5.25
3,1,27,2.9344,5.25
3,1,28,4.3173,4.75
3,1,28,4.3173,4.75
3,1,29,4.0064,1.25
3,1,29,4.0064,1.25
3,1,30,2.413,4.5
3,1,30,2.413,4.5
3,1,31,2.5547,3.6667
3,1,31,2.5546,3.6667
3,1,32,2.3363,4.5
3,1,32,2.3364,4.5
3,1,33,3.0623,3
3,1,33,3.0622,3
3,1,34,4.0037,4.125
3,1,34,4.0037,4.125
3,1,35,3.5572,4.375
3,1,35,3.5571,4.375
3,1,36,3.0959,3.5
3,1,36,3.0959,3.5
3,1,37,3.507,3.125
3,1,37,3.507,3.125
3,1,38,3.382,4.5
3,1,38,3.3821,4.5
3,1,39,4.0731,5.75
3,1,39,4.0731,5.75
3,1,40,3.1301,5
3,1,40,3.1302,5
3,1,41,1.6574,3.25
3,1,41,1.6573,3.25
3,1,42,3.4209,1.5
3,1,42,3.4208,1.5
3,1,43,3.492,4
3,1,43,3.4919,4
3,1,44,2.5368,3
3,1,44,2.5368,3
3,1,45,4.0471,4.25
3,1,45,4.0471,4.25
3,1,46,3.099,5
3,1,46,3.099,5
3,1,47,5.0198,4.25
3,1,47,5.0199,4.25
3,1,48,3.9877,2.5
3,1,48,3.9876,2.5
3,1,49,4.1591,5
3,1,49,4.1591,5
3,1,50,3.184,4.6667
3,1,50,3.184,4.6667
3,1,51,3.2278,4.5
3,1,51,3.228,4.5
3,1,52,3.7177,3.5
3,1,52,3.7177,3.5
3,1,53,2.4611,1.25
3,1,53,2.4611,1.25
3,1,54,2.4379,0
3,1,54,2.4379,0
3,1,55,1.4915,3.25
3,1,55,1.4914,3.25
3,1,56,1.1569,4
3,1,56,1.157,4
3,1,57,3.8592,4.875
3,1,57,3.8592,4.875
3,1,58,2.5946,4.5
3,1,58,2.5946,4.5
3,1,59,3.4307,5.5
3,1,59,3.4309,5.5
3,1,60,3.9535,5.5
3,1,60,3.9535,5.5
3,1,61,4.6066,5.5
3,1,61,4.6066,5.5
3,1,62,3.6476,4.375
3,1,62,3.6477,4.375
3,1,63,3.5914,4.75
3,1,63,3.5915,4.75
3,1,64,3.7958,5.75
3,1,64,3.7957,5.75
3,1,65,2.9901,6.25
3,1,65,2.99,6.25
3,1,66,1.9222,3
3,1,66,1.9223,3
3,1,67,2.1767,0.25
3,1,67,2.1768,0.25
3,1,68,2.6956,0
3,1,68,2.6955,0
3,1,69,1.88,1.25
3,1,69,1.8801,1.25
3,1,70,2.6493,2.75
3,1,70,2.6494,2.75
3,1,71,2.4337,2
3,1,71,2.4337,2
3,1,72,1.6757,0
3,1,72,1.6757,0
3,1,73,2.8769,3
3,1,73,2.877,3
3,1,74,2.8939,4
3,1,74,2.894,4
3,1,75,2.9758,4
3,1,75,2.9757,4
3,1,76,3.6794,4
3,1,76,3.6795,4
3,1,77,3.9643,4.5
3,1,77,3.9642,4.5
3,1,78,3.3189,5.25
3,1,78,3.319,5.25
3,1,79,2.4494,5.25
3,1,79,2.4494,5.25
3,1,80,3.1416,2.75
3,1,80,3.1416,2.75
3,1,81,3.8746,2.75
3,1,81,3.8746,2.75
3,1,82,3.082,3
3,1,82,3.082,3
3,1,83,3.696,4.5
3,1,83,3.6961,4.5
3,1,84,3.2457,3.75
3,1,84,3.2457,3.75
3,1,85,3.372,2
3,1,85,3.372,2
3,1,86,3.1989,4.25
3,1,86,3.1989,4.25
3,1,87,3.5187,4.25
3,1,87,3.5188,4.25
3,1,88,2.6076,4
3,1,88,2.6076,4
3,1,89,3.0408,4.25
3,1,89,3.0407,4.25
3,1,90,2.7914,3.75
3,1,90,2.7914,3.75
3,1,91,3.4251,4
3,1,91,3.4249,4
3,1,92,3.795,3.5
3,1,92,3.795,3.5
3,1,93,3.1906,3.25
3,1,93,3.1906,3.25
3,1,94,2.5419,3.25
3,1,94,2.5419,3.25
3,1,95,3.3414,3.75
3,1,95,3.3414,3.75
3,1,96,3.4876,3.875
3,1,96,3.4876,3.875
3,1,97,2.476,1.25
3,1,97,2.476,1.25
3,1,98,1.9571,1.75
3,1,98,1.9571,1.75
3,1,99,2.8774,1.5
3,1,99,2.8772,1.5
3,1,100,2.7478,2.375
3,1,100,2.7478,2.375
3,1,101,2.6383,4.375
3,1,101,2.6381,4.375
3,1,102,2.8264,5.25
3,1,102,2.8265,5.25
3,1,103,1.8724,1.5
3,1,103,1.8725,1.5
3,1,104,2.6882,3.5
3,1,104,2.6882,3.5
3,1,105,1.8201,1.25
3,1,105,1.82,1.25
3,1,106,2.1436,2.75
3,1,106,2.1437,2.75
3,1,107,2.8077,5.25
3,1,107,2.8078,5.25
3,1,108,2.8237,2.25
3,1,108,2.8236,2.25
3,1,109,3.3447,1
3,1,109,3.3448,1
3,1,110,2.7585,1
3,1,110,2.7585,1
3,2,1,0.086605,0.75
3,2,1,0.086697,0.75
3,2,2,0.90538,1.875
3,2,2,0.90527,1.875
3,2,3,0.067906,0
3,2,3,0.067928,0
3,2,4,1.7438,1.5
3,2,4,1.7439,1.5
3,2,5,1.5711,3.25
3,2,5,1.5711,3.25
3,2,6,2.2685,5.25
3,2,6,2.2684,5.25
3,2,7,1.4762,6
3,2,7,1.4762,6
3,2,8,1.4483,6
3,2,8,1.4483,6
3,2,9,2.139,4.5
3,2,9,2.1391,4.5
3,2,10,2.3133,4
3,2,10,2.3134,4
3,2,11,1.839,4.125
3,2,11,1.8391,4.125
3,2,12,3.3662,5.25
3,2,12,3.3661,5.25
3,2,13,3.4063,5
3,2,13,3.4063,5
3,2,14,1.3415,3.75
3,2,14,1.3415,3.75
3,2,15,0.59848,0
3,2,15,0.59854,0
3,2,16,0.81073,0
3,2,16,0.8107,0
3,2,26,0.86627,2.5
3,2,26,0.86617,2.5
3,2,27,2.5312,4
3,2,27,2.5314,4
3,2,28,-0.05392,4
3,2,28,-0.053831,4
3,2,29,0.1252,4
3,2,29,0.1253,4
3,2,30,-0.35139,3.625
3,2,30,-0.35142,3.625
3,2,31,2.3661,3.25
3,2,31,2.3661,3.25
3,2,32,2.4533,3.25
3,2,32,2.4532,3.25
3,2,33,2.6097,5
3,2,33,2.6097,5
3,2,34,1.1451,3.5
3,2,34,1.1451,3.5
3,2,35,0.67895,3.875
3,2,35,0.67901,3.875
3,2,36,2.1694,2.75
3,2,36,2.1694,2.75
3,2,37,1.9133,2.25
3,2,37,1.9133,2.25
3,2,38,3.6315,3.25
3,2,38,3.6316,3.25
3,2,39,2.3456,4.25
3,2,39,2.3456,4.25
3,2,40,1.963,2.75
3,2,40,1.963,2.75
3,2,41,2.4335,3.5
3,2,41,2.4335,3.5
3,2,42,0.40825,2.5
3,2,42,0.40823,2.5
3,2,43,0.35734,4
3,2,43,0.35745,4
3,2,44,-0.37616,5
3,2,44,-0.37625,5
3,2,45,0.72985,3.25
3,2,45,0.72994,3.25
3,2,46,1.1825,4.5
3,2,46,1.1823,4.5
3,2,47,1.3309,3.875
3,2,47,1.3308,3.875
3,2,48,0.026181,4.25
3,2,48,0.026292,4.25
3,2,49,1.8474,2.75
3,2,49,1.8474,2.75
3,2,50,3.1553,3.75
3,2,50,3.1553,3.75
3,2,51,2.5226,4
3,2,51,2.5225,4
3,2,52,2.15,1.5
3,2,52,2.15,1.5
3,2,53,2.306,4.5
3,2,53,2.3059,4.5
3,2,54,-0.09375,2.75
3,2,54,-0.093591,2.75
3,2,55,2.6185,3.3333
3,2,55,2.6184,3.3333
3,2,56,2.237,4.25
3,2,56,2.2369,4.25
3,2,57,2.0151,1.75
3,2,57,2.0151,1.75
3,2,58,0.95145,0
3,2,58,0.95156,0
3,2,59,1.699,2.25
3,2,59,1.699,2.25
3,2,60,0.47917,3.75
3,2,60,0.47906,3.75
3,2,61,2.064,4.375
3,2,61,2.064,4.375
3,2,62,2.2386,5.25
3,2,62,2.2386,5.25
3,2,63,-0.46101,1.25
3,2,63,-0.46106,1.25
3,2,64,0.92325,2.375
3,2,64,0.92312,2.375
3,2,65,0.77553,3
3,2,65,0.77568,3
3,2,66,1.8134,3.75
3,2,66,1.8134,3.75
3,2,67,3.3386,5.25
3,2,67,3.3385,5.25
3,2,68,1.3379,5.5
3,2,68,1.3379,5.5
3,2,69,-0.27438,1.25
3,2,69,-0.27438,1.25
3,2,70,0.94047,3.6667
3,2,70,0.94042,3.6667
3,2,71,1.4511,2.375
3,2,71,1.4511,2.375
3,2,72,1.0008,0.5
3,2,72,1.0008,0.5
3,2,73,1.7818,3.75
3,2,73,1.7818,3.75
3,2,74,2.0378,3.25
3,2,74,2.0377,3.25
3,2,75,0.04567,0.5
3,2,75,0.045613,0.5
3,2,76,1.4706,0.5
3,2,76,1.4706,0.5
3,2,77,2.4836,2.25
3,2,77,2.4836,2.25
3,2,78,2.8319,2.75
3,2,78,2.8319,2.75
3,2,79,1.6216,3.75
3,2,79,1.6217,3.75
3,2,80,2.2438,4.75
3,2,80,2.2438,4.75
3,2,81,2.3344,4.375
3,2,81,2.3345,4.375
3,2,82,0.96954,3.25
3,2,82,0.96948,3.25
3,2,83,2.9431,4.25
3,2,83,2.9431,4.25
3,2,84,0.34198,4
3,2,84,0.34187,4
3,2,85,1.6864,3.25
3,2,85,1.6864,3.25
3,2,86,1.1764,2.75
3,2,86,1.1763,2.75
3,2,87,1.1727,3.75
3,2,87,1.1726,3.75
3,2,88,2.4738,4
3,2,88,2.4737,4
3,2,89,2.3717,3.25
3,2,89,2.3717,3.25
3,2,90,1.9505,4.25
3,2,90,1.9506,4.25
3,2,91,2.5269,4.5
3,2,91,2.5268,4.5
3,2,92,1.2597,3.25
3,2,92,1.2599,3.25
3,2,93,2.5129,5
3,2,93,2.5129,5
3,2,94,3.1007,3.75
3,2,94,3.1007,3.75
3,2,95,0.23533,1.5
3,2,95,0.23525,1.5
3,2,96,1.3468,3.125
3,2,96,1.3468,3.125
3,2,97,1.9274,5
3,2,97,1.9274,5
3,2,98,2.5051,4.5
3,2,98,2.5051,4.5
3,2,99,2.0955,2.625
3,2,99,2.0955,2.625
3,2,100,1.4457,1.25
3,2,100,1.4457,1.25
3,2,101,1.8817,3.125
3,2,101,1.8817,3.125
3,2,102,2.0584,2
3,2,102,2.0583,2
3,2,103,2.6719,4
3,2,103,2.6718,4
3,2,104,-0.53111,3.5
3,2,104,-0.53106,3.5
3,2,105,1.3886,3.5
3,2,105,1.3885,3.5
3,2,106,1.7911,3.875
3,2,106,1.7911,3.875
3,2,107,-0.036709,4.625
3,2,107,-0.036825,4.625
3,2,108,1.3503,4
3,2,108,1.3504,4
3,2,109,0.87001,1.9583
3,2,109,0.87005,1.9583
3,2,110,2.0619,4.25
3,2,110,2.0619,4.25
3,2,111,2.2967,3.5
3,2,111,2.2968,3.5
3,2,112,0.26182,4
3,2,112,0.26171,4
3,2,113,1.7875,3
3,2,113,1.7875,3
3,2,114,1.1127,0.25
3,2,114,1.1129,0.25
3,2,115,2.1234,0
3,2,115,2.1234,0
4,1,1,-0.064881,0
4,1,1,-0.064912,0
4,1,2,0.21466,0
4,1,2,0.21467,0
4,1,3,-0.13789,3.5
4,1,3,-0.13798,3.5
4,1,4,-0.54102,1.5
4,1,4,-0.54107,1.5
4,1,5,-0.34786,1
4,1,5,-0.34783,1
4,1,6,-0.9052,1.5
4,1,6,-0.90517,1.5
4,1,7,-0.1375,1.75
4,1,7,-0.13751,1.75
4,1,8,-0.14914,0.75
4,1,8,-0.14912,0.75
4,1,9,-0.6693,1
4,1,9,-0.66925,1
4,1,10,-0.21534,3
4,1,10,-0.21537,3
4,1,11,-0.22164,1
4,1,11,-0.22168,1
4,1,12,-0.24671,2.5
4,1,12,-0.24672,2.5
4,1,13,-0.45017,1.5
4,1,13,-0.45011,1.5
4,1,15,-0.29623,0.75
4,1,15,-0.29622,0.75
4,1,16,-0.64725,1
4,1,16,-0.64735,1
4,1,17,-0.42477,1.25
4,1,17,-0.42477,1.25
4,1,18,0.41999,0
4,1,18,0.41996,0
4,1,19,-0.47628,0.75
4,1,19,-0.47632,0.75
4,1,20,0.34879,0.25
4,1,20,0.3488,0.25
4,1,21,1.0927,0
4,1,21,1.0927,0
4,1,22,-0.50216,1.25
4,1,22,-0.50212,1.25
4,1,23,-0.42696,1
4,1,23,-0.42691,1
4,1,24,0.7431,2
4,1,24,0.74316,2
4,1,25,0.76193,1.5
4,1,25,0.76192,1.5
4,1,26,0.93385,4.375
4,1,26,0.93381,4.375
4,1,27,-0.28699,2.75
4,1,27,-0.287,2.75
4,1,28,1.0054,2.625
4,1,28,1.0054,2.625
4,1,29,0.85711,3
4,1,29,0.85703,3
4,1,30,0.64417,1.125
4,1,30,0.64419,1.125
4,1,31,0.80153,2.25
4,1,31,0.8015,2.25
4,1,32,0.80783,1.5
4,1,32,0.80783,1.5
4,1,33,0.44785,1.5
4,1,33,0.44783,1.5
4,1,34,0.40709,1.5
4,1,34,0.40707,1.5
4,1,35,0.51084,1.75
4,1,35,0.51088,1.75
4,1,36,0.49737,0.875
4,1,36,0.49738,0.875
4,1,37,1.1457,2.25
4,1,37,1.1457,2.25
4,1,38,0.8731,2.5
4,1,38,0.87316,2.5
4,1,39,1.3002,2.5
4,1,39,1.3002,2.5
4,1,40,1.6308,4
4,1,40,1.6308,4
4,1,41,1.8085,2.5
4,1,41,1.8085,2.5
4,1,42,0.90677,1.75
4,1,42,0.90674,1.75
4,1,43,0.1261,0
4,1,43,0.1261,0
4,1,44,-0.4913,0
4,1,44,-0.49132,0
4,1,45,1.2847,2.125
4,1,45,1.2847,2.125
4,1,46,2.0342,3.75
4,1,46,2.0342,3.75
4,1,47,1.4133,2.125
4,1,47,1.4133,2.125
4,1,48,1.6548,1.5
4,1,48,1.6548,1.5
4,1,49,1.9547,4.25
4,1,49,1.9547,4.25
4,1,50,1.8497,2
4,1,50,1.8497,2
4,1,51,1.9721,2.75
4,1,51,1.9722,2.75
4,1,52,2.2038,3.25
4,1,52,2.2038,3.25
4,1,53,1.8561,2.5
4,1,53,1.8561,2.5
4,1,54,1.9597,3.375
4,1,54,1.9597,3.375
4,1,55,1.6805,2.5
4,1,55,1.6806,2.5
4,1,56,1.9628,2
4,1,56,1.9628,2
4,1,57,2.0804,2.75
4,1,57,2.0804,2.75
4,1,58,1.5842,2.25
4,1,58,1.5842,2.25
4,1,59,1.7479,1.875
4,1,59,1.7479,1.875
4,1,60,-0.4256,0
4,1,60,-0.42561,0
4,1,61,-0.18589,0
4,1,61,-0.1859,0
4,1,62,-0.48624,0.25
4,1,62,-0.48622,0.25
4,1,63,-0.49465,1
4,1,63,-0.49462,1
4,1,64,0.76834,3.5
4,1,64,0.76831,3.5
4,1,65,1.0417,4.75
4,1,65,1.0417,4.75
4,1,66,-0.95971,1
4,1,66,-0.95965,1
4,1,67,1.0727,1.75
4,1,67,1.0727,1.75
4,1,68,1.3876,5.5
4,1,68,1.3876,5.5
4,1,69,2.7206,5.5
4,1,69,2.7205,5.5
4,1,70,0.50955,5.25
4,1,70,0.50957,5.25
4,1,71,2.7572,2.125
4,1,71,2.7572,2.125
4,1,72,0.069668,2.375
4,1,72,0.069673,2.375
4,1,73,2.3466,4.25
4,1,73,2.3466,4.25
4,1,74,0.41229,3.5
4,1,74,0.4123,3.5
4,1,75,0.88155,4.75
4,1,75,0.8815,4.75
4,1,76,0.16667,0
4,1,76,0.16664,0
4,1,77,0.63663,2.625
4,1,77,0.63663,2.625
4,1,78,0.95704,3.25
4,1,78,0.95701,3.25
4,1,79,1.6964,6.75
4,1,79,1.6964,6.75
4,1,80,0.86961,3.5
4,1,80,0.8696,3.5
4,1,81,0.36881,3
4,1,81,0.36883,3
4,1,82,0.41417,6.5
4,1,82,0.41417,6.5
4,1,83,0.36971,3.25
4,1,83,0.36965,3.25
4,1,84,0.44771,2.5
4,1,84,0.44767,2.5
4,1,85,0.16225,2.5
4,1,85,0.16225,2.5
4,1,86,0.1071,1.6667
4,1,86,0.10714,1.6667
4,1,87,0.5691,3.25
4,1,87,0.56911,3.25
4,1,88,0.5192,1.5
4,1,88,0.51916,1.5
4,1,89,0.54351,1.75
4,1,89,0.54354,1.75
4,1,90,0.93478,1.375
4,1,90,0.93465,1.375
4,1,91,0.53936,2.25
4,1,91,0.53936,2.25
4,1,92,0.50158,2
4,1,92,0.50155,2
4,1,93,1.4743,3
4,1,93,1.4743,3
4,1,94,0.69325,1.5
4,1,94,0.69327,1.5
4,1,95,0.42167,3.5
4,1,95,0.42164,3.5
4,1,96,0.66288,2.75
4,1,96,0.6629,2.75
4,1,97,0.49055,1.625
4,1,97,0.49053,1.625
4,1,98,1.0296,3.25
4,1,98,1.0296,3.25
4,1,99,1.4657,2.375
4,1,99,1.4657,2.375
4,1,100,0.63873,0.75
4,1,100,0.63869,0.75
4,1,101,0.19255,3.875
4,1,101,0.19256,3.875
4,1,102,0.5158,1.5
4,1,102,0.51584,1.5
4,1,103,0.96038,1
4,1,103,0.96036,1
4,1,104,0.016757,1.25
4,1,104,0.016741,1.25
4,1,105,0.77094,3.625
4,1,105,0.77089,3.625
4,1,106,0.37831,2.125
4,1,106,0.37833,2.125
4,1,107,0.12952,1
4,1,107,0.12953,1
4,1,108,1.0439,3.25
4,1,108,1.0439,3.25
4,1,109,0.48698,2.75
4,1,109,0.48695,2.75
4,1,110,0.74921,4
4,1,110,0.74914,4
4,1,111,0.31573,3.5
4,1,111,0.31571,3.5
4,1,112,0.18355,1
4,1,112,0.18359,1
4,1,113,-0.2102,3.25
4,1,113,-0.21023,3.25
4,1,114,0.45368,1.5
4,1,114,0.45368,1.5
4,1,115,0.7852,3.5
4,1,115,0.78521,3.5
4,1,116,0.98835,1.75
4,1,116,0.9884,1.75
4,1,117,0.47041,1.25
4,1,117,0.47036,1.25
4,1,118,0.96436,4.5
4,1,118,0.96441,4.5
4,1,119,-0.18385,0
4,1,119,-0.1839,0
4,1,120,-0.39357,0
4,1,120,-0.39374,0
7,1,1,5.5107,3.5
7,1,1,5.6824,3.5
7,1,2,6.0247,5.5
7,1,2,6.0887,5.5
7,1,3,6.0699,4.75
7,1,3,6.3681,4.75
7,1,4,6.1927,3.25
7,1,4,6.0158,3.25
7,1,5,5.4252,4.75
7,1,5,5.5436,4.75
7,1,6,5.3709,0
7,1,6,5.4963,0
7,1,7,5.8435,2.25
7,1,7,5.5618,2.25
7,1,8,5.9628,4.5
7,1,8,5.8601,4.5
7,1,9,5.4616,2
7,1,9,5.4729,2
7,1,10,5.8695,2.75
7,1,10,5.386,2.75
7,1,11,5.0874,1.75
7,1,11,3.6894,1.75
7,1,12,4.4377,5
7,1,12,4.5717,5
7,1,13,5.4614,3
7,1,13,5.3906,3
7,1,14,4.8208,1.75
7,1,14,5.1789,1.75
7,1,15,3.789,1
7,1,15,4.4495,1
7,1,16,4.365,0
7,1,16,4.7012,0
7,1,17,3.8232,0.75
7,1,17,4.5456,0.75
7,1,18,6.2373,6
7,1,18,6.4365,6
7,1,19,6.1609,4.75
7,1,19,6.1259,4.75
7,1,20,6.169,5.25
7,1,20,6.2948,5.25
7,1,21,5.1133,0
7,1,21,5.247,0
7,1,22,5.8431,3.75
7,1,22,6.0606,3.75
7,1,23,5.572,4
7,1,23,5.6381,4
7,1,24,6.3071,5
7,1,24,6.2589,5
7,1,25,5.2382,4.5
7,1,25,5.5657,4.5
7,1,26,6.2797,3
7,1,26,6.5549,3
7,1,27,6.0389,4.25
7,1,27,6.4009,4.25
7,1,28,6.0674,5.25
7,1,28,5.95,5.25
7,1,29,6.4138,4.25
7,1,29,6.0404,4.25
7,1,30,5.8512,3
7,1,30,5.6831,3
7,1,31,5.9436,4.5
7,1,31,5.511,4.5
7,1,32,6.0695,3.75
7,1,32,6.0762,3.75
7,1,33,5.8213,4.75
7,1,33,5.7993,4.75
7,1,34,6.9657,5.5
7,1,34,6.795,5.5
7,1,35,6.1672,6
7,1,35,6.2987,6
7,1,36,5.1759,4.25
7,1,36,5.4984,4.25
7,1,37,5.4144,4.25
7,1,37,5.5717,4.25
7,1,38,5.6917,3.5
7,1,38,5.9412,3.5
7,1,39,5.9895,5.5
7,1,39,5.8761,5.5
7,1,40,6.5057,5.5
7,1,40,6.7252,5.5
7,1,41,6.2885,4.75
7,1,41,6.458,4.75
7,1,42,6.8845,3
7,1,42,7.0646,3
7,1,43,6.6044,3.5
7,1,43,6.9347,3.5
7,1,44,5.3216,6.25
7,1,44,5.3873,6.25
7,1,45,6.6402,4.5
7,1,45,6.2697,4.5
7,1,46,7.1162,4
7,1,46,6.7198,4
7,1,47,6.1936,4.5
7,1,47,6.4003,4.5
7,1,48,6.827,1.5
7,1,48,6.5949,1.5
7,1,49,6.0862,4.5
7,1,49,6.1129,4.5
7,1,50,6.2232,5
7,1,50,6.5112,5
7,1,51,6.3269,3.5
7,1,51,6.2128,3.5
7,1,52,6.415,0.75
7,1,52,6.7167,0.75
7,1,53,6.604,5.5
7,1,53,6.8261,5.5
7,1,54,6.0365,5.5
7,1,54,5.9091,5.5
7,1,55,4.9459,2.5
7,1,55,5.1599,2.5
7,1,56,3.8305,1
7,1,56,4.6666,1
7,1,57,6.089,4.25
7,1,57,6.2209,4.25
7,1,58,6.4428,6
7,1,58,6.1522,6
7,1,59,5.3883,5.25
7,1,59,6.0061,5.25
7,1,60,5.0424,3.25
7,1,60,5.2875,3.25
7,1,61,5.5034,5
7,1,61,5.9651,5
7,1,62,5.2859,4.5
7,1,62,5.8785,4.5
7,1,63,5.8049,5.5
7,1,63,5.9048,5.5
7,1,64,5.7266,5
7,1,64,5.7748,5
7,1,65,4.6093,5.25
7,1,65,5.6932,5.25
7,1,66,4.6393,4.25
7,1,66,4.7525,4.25
7,1,67,3.8809,4.75
7,1,67,4.5864,4.75
7,1,68,4.6085,4.25
7,1,68,5.0772,4.25
7,1,69,5.5104,5.5
7,1,69,5.5353,5.5
7,1,70,5.3071,5.5
7,1,70,5.6899,5.5
7,1,71,5.159,4.75
7,1,71,5.8717,4.75
7,1,72,5.7366,2
7,1,72,5.8731,2
7,1,73,5.5872,1
7,1,73,5.6836,1
7,1,74,5.3542,4.25
7,1,74,6.0723,4.25
7,1,75,6.4752,4.75
7,1,75,6.2133,4.75
7,1,76,6.2845,2.75
7,1,76,6.1291,2.75
7,1,77,4.4197,0
7,1,77,4.4144,0
7,1,78,4.4946,4
7,1,78,5.1535,4
7,1,79,5.9261,3
7,1,79,5.5323,3
7,1,80,5.7091,2
7,1,80,6.0271,2
7,1,81,6.1504,4
7,1,81,6.4944,4
7,1,82,6.4229,5.25
7,1,82,6.1732,5.25
7,1,83,6.2433,4.75
7,1,83,6.0798,4.75
7,1,84,6.5394,4.75
7,1,84,6.2862,4.75
7,1,85,6.0466,0.25
7,1,85,5.5465,0.25
7,1,86,6.5733,3.25
7,1,86,6.656,3.25
7,1,87,6.5762,0
7,1,87,6.2576,0
7,1,88,5.0771,6.5
7,1,88,5.1546,6.5
7,1,89,5.8627,5.25
7,1,89,5.8067,5.25
7,1,90,5.9184,4
7,1,90,5.9053,4
7,1,91,6.4284,1
7,1,91,6.4594,1
7,1,92,5.5322,5.75
7,1,92,5.9697,5.75
7,1,93,5.648,4.25
7,1,93,6.0771,4.25
7,1,94,5.801,3
7,1,94,5.9624,3
7,1,95,4.8909,4.75
7,1,95,5.527,4.75
7,1,96,5.1003,5.5
7,1,96,5.8018,5.5
7,1,97,4.7238,5.5
7,1,97,4.9937,5.5
7,1,98,5.2139,3.25
7,1,98,5.409,3.25
7,1,100,6.9567,1.25
7,1,100,6.4336,1.25
7,1,101,5.5852,4
7,1,101,5.213,4
7,1,102,5.0931,4.25
7,1,102,5.8254,4.25
7,1,103,6.5084,3.25
7,1,103,5.7906,3.25
7,1,104,5.3579,4.75
7,1,104,5.4401,4.75
7,1,105,5.8107,4.75
7,1,105,5.7838,4.75
7,1,106,6.0133,4.75
7,1,106,5.806,4.75
7,1,107,5.6408,4
7,1,107,5.4286,4
7,1,108,5.2289,2.75
7,1,108,5.5196,2.75
7,1,109,4.3747,6.25
7,1,109,5.1892,6.25
7,1,110,4.2344,4
7,1,110,5.1044,4
7,2,1,5.2411,4.25
7,2,1,5.4637,4.25
7,2,2,4.9035,2.75
7,2,2,5.1521,2.75
7,2,3,5.6928,5.75
7,2,3,5.738,5.75
7,2,4,4.907,3
7,2,4,5.4944,3
7,2,5,5.9472,3.25
7,2,5,6.1543,3.25
7,2,6,6.1518,4
7,2,6,6.3905,4
7,2,7,5.6399,5
7,2,7,5.8765,5
7,2,8,5.1948,4
7,2,8,5.8883,4
7,2,9,6.0666,4
7,2,9,6.3699,4
7,2,10,5.3629,4
7,2,10,5.82,4
7,2,11,4.2718,2.75
7,2,11,4.9585,2.75
7,2,12,4.1329,4.25
7,2,12,4.5644,4.25
7,2,13,5.1215,4.75
7,2,13,4.7878,4.75
7,2,14,6.0999,5.5
7,2,14,6.2559,5.5
7,2,15,5.7453,0
7,2,15,6.1727,0
7,2,16,5.9113,5
7,2,16,6.3909,5
7,2,17,5.7835,6
7,2,17,6.4787,6
7,2,18,5.9998,3.5
7,2,18,6.5993,3.5
7,2,19,6.0239,4.5
7,2,19,6.411,4.5
7,2,20,6.4357,5.5
7,2,20,6.3758,5.5
7,2,21,5.2993,1.5
7,2,21,5.8054,1.5
7,2,22,5.9768,3
7,2,22,6.3096,3
7,2,23,5.8553,1.75
7,2,23,6.4074,1.75
7,2,24,6.1323,3.75
7,2,24,6.1663,3.75
7,2,25,6.1407,4.75
7,2,25,6.4855,4.75
7,2,26,5.7708,4.25
7,2,26,6.4716,4.25
7,2,27,6.68,4.25
7,2,27,6.7469,4.25
7,2,28,5.6762,5.75
7,2,28,6.1559,5.75
7,2,29,6.1433,1.75
7,2,29,6.3656,1.75
7,2,30,5.5087,3
7,2,30,5.9644,3
7,2,31,6.3396,3.75
7,2,31,6.5569,3.75
7,2,32,6.0535,4.5
7,2,32,6.4661,4.5
7,2,33,5.802,1.5
7,2,33,6.2225,1.5
7,2,34,5.7334,4.25
7,2,34,5.6642,4.25
7,2,35,5.0113,3.5
7,2,35,5.7048,3.5
7,2,36,5.5754,2.5
7,2,36,6.1607,2.5
7,2,37,5.7462,3.5
7,2,37,6.3876,3.5
7,2,38,6.3207,5.25
7,2,38,6.6453,5.25
7,2,39,5.9163,4
7,2,39,6.2459,4
7,2,40,6.3966,5.25
7,2,40,6.6492,5.25
7,2,42,6.6166,3
7,2,42,6.6958,3
7,2,43,5.3713,2.75
7,2,43,5.91,2.75
7,2,44,5.4891,4.5
7,2,44,5.9493,4.5
7,2,45,5.3619,2.5
7,2,45,6.136,2.5
7,2,46,5.3069,4.75
7,2,46,6.2576,4.75
7,2,47,6.3704,4
7,2,47,6.6328,4
7,2,48,6.1591,3.75
7,2,48,6.5601,3.75
7,2,49,6.1175,4
7,2,49,6.7259,4
7,2,50,5.7623,4.25
7,2,50,6.3367,4.25
7,2,51,6.0943,4.75
7,2,51,6.7009,4.75
7,2,52,5.2522,3.25
7,2,52,5.7549,3.25
7,2,53,5.3395,5
7,2,53,6.2201,5
7,2,54,4.243,1
7,2,54,4.6945,1
7,2,55,4.5612,4
7,2,55,5.3198,4
7,2,56,5.3404,4.75
7,2,56,5.6617,4.75
7,2,57,5.2008,1.5
7,2,57,5.8662,1.5
7,2,58,4.5588,4
7,2,58,5.5153,4
7,2,59,4.7498,1.75
7,2,59,5.7975,1.75
7,2,60,5.0034,4
7,2,60,5.9585,4
7,2,61,5.0042,5.5
7,2,61,6.1815,5.5
7,2,62,4.757,1.5
7,2,62,5.6988,1.5
7,2,63,5.6912,5.25
7,2,63,6.154,5.25
7,2,64,4.6751,3.25
7,2,64,5.9216,3.25
7,2,65,5.6075,5
7,2,65,5.903,5
7,2,66,4.7999,5.5
7,2,66,4.8153,5.5
7,2,67,6.0887,1.5
7,2,67,6.2922,1.5
7,2,68,4.9682,6.5
7,2,68,5.8497,6.5
7,2,69,5.5536,4.25
7,2,69,5.8438,4.25
7,2,70,5.2035,3.25
7,2,70,5.669,3.25
7,2,71,5.8939,4
7,2,71,5.882,4
7,2,72,6.3111,4.25
7,2,72,6.2403,4.25
7,2,73,5.588,3.25
7,2,73,5.9716,3.25
7,2,74,5.7095,2.5
7,2,74,6.1491,2.5
7,2,75,5.1824,3.5
7,2,75,5.3225,3.5
7,2,76,6.034,4.5
7,2,76,6.7402,4.5
7,2,77,5.72,4.25
7,2,77,5.8795,4.25
7,2,78,5.4852,5
7,2,78,5.7995,5
7,2,79,5.5891,0
7,2,79,6.0878,0
7,2,80,5.7008,4
7,2,80,6.3611,4
7,2,81,5.3272,1.25
7,2,81,4.8735,1.25
7,2,82,6.0817,3.25
7,2,82,6.297,3.25
7,2,83,6.5058,5
7,2,83,7.0833,5
7,2,84,5.5328,3.75
7,2,84,5.8193,3.75
7,2,85,5.9332,2.5
7,2,85,6.3952,2.5
7,2,86,6.5082,2.5
7,2,86,6.4836,2.5
7,2,87,6.1026,4.5
7,2,87,6.7191,4.5
7,2,88,5.8512,5
7,2,88,6.5831,5
7,2,89,5.703,3
7,2,89,6.4304,3
7,2,90,5.9982,4
7,2,90,6.4246,4
7,2,91,6.1073,3.75
7,2,91,6.831,3.75
7,2,92,5.8699,4.6667
7,2,92,6.1167,4.6667
7,2,93,5.9583,4.75
7,2,93,6.3401,4.75
7,2,94,5.5633,3.25
7,2,94,5.9395,3.25
7,2,95,6.3753,2.5
7,2,95,6.5606,2.5
7,2,96,6.3665,3.5
7,2,96,6.2118,3.5
7,2,97,5.6412,3
7,2,97,5.9227,3
7,2,98,6.3961,3.75
7,2,98,6.484,3.75
7,2,99,6.1068,4.25
7,2,99,6.1299,4.25
7,2,100,5.192,1.75
7,2,100,5.3779,1.75
7,2,101,5.8666,1
7,2,101,6.3689,1
7,2,102,6.0573,5.25
7,2,102,5.9841,5.25
7,2,103,5.8642,4.25
7,2,103,6.2497,4.25
7,2,104,5.7627,3.5
7,2,104,6.2883,3.5
7,2,105,6.3225,3
7,2,105,6.6703,3
7,2,106,5.6311,6.25
7,2,106,6.2563,6.25
7,2,107,6.5045,4.5
7,2,107,6.5292,4.5
7,2,108,5.5575,5.5
7,2,108,6.0731,5.5
7,2,109,4.7235,5.25
7,2,109,4.7013,5.25
7,2,110,5.0382,4.75
7,2,110,4.4652,4.75
7,2,111,4.1862,2
7,2,111,4.75,2
8,1,1,1.9995,0
8,1,1,2.0303,0
8,1,2,2.8547,2.75
8,1,2,2.9375,2.75
8,1,3,1.631,2.5
8,1,3,1.7178,2.5
8,1,4,1.6883,1.75
8,1,4,1.8549,1.75
8,1,5,1.007,2
8,1,5,1.0672,2
8,1,6,0.84361,1.5
8,1,6,0.6804,1.5
8,1,7,1.22,1
8,1,7,1.0555,1
8,1,8,0.99138,1
8,1,8,1.0627,1
8,1,9,1.886,2
8,1,9,1.9892,2
8,1,10,1.0334,1.75
8,1,10,0.87393,1.75
8,1,11,1.231,2
8,1,11,1.0562,2
8,1,12,0.9821,1
8,1,12,0.79441,1
8,1,13,1.6249,0
8,1,13,1.6516,0
8,1,14,1.3906,0.75
8,1,14,1.5524,0.75
8,1,15,0.79665,0.75
8,1,15,0.95827,0.75
8,1,16,2.2517,2.75
8,1,16,2.3313,2.75
8,1,17,2.3493,3.25
8,1,17,2.4301,3.25
8,1,18,1.7147,3.75
8,1,18,1.815,3.75
8,1,19,1.546,2.25
8,1,19,1.6066,2.25
8,1,20,1.4276,2.5
8,1,20,1.5104,2.5
8,1,21,1.2174,1.75
8,1,21,1.2484,1.75
8,1,22,1.8609,3.5
8,1,22,1.9163,3.5
8,1,23,2.6715,3.25
8,1,23,2.7768,3.25
8,1,24,1.3359,3.75
8,1,24,1.423,3.75
8,1,25,1.075,2.5
8,1,25,1.2379,2.5
8,1,26,1.4213,2.75
8,1,26,1.5132,2.75
8,1,27,1.1717,2
8,1,27,1.2596,2
8,1,28,1.2523,1
8,1,28,1.107,1
8,1,29,2.594,3.25
8,1,29,2.6956,3.25
8,1,30,2.2775,2.5
8,1,30,2.3995,2.5
8,1,31,2.3785,1.25
8,1,31,2.5439,1.25
8,1,32,2.3105,2.75
8,1,32,2.4235,2.75
8,1,33,1.3596,1.75
8,1,33,1.413,1.75
8,1,34,2.0993,2.5
8,1,34,2.1751,2.5
8,1,35,2.1911,3
8,1,35,2.3057,3
8,1,36,1.4569,3.75
8,1,36,1.5233,3.75
8,1,37,1.4876,1.75
8,1,37,1.5705,1.75
8,1,38,1.9998,2.25
8,1,38,2.1062,2.25
8,1,39,2.0824,3
8,1,39,2.2146,3
8,1,40,1.6323,1.75
8,1,40,1.7471,1.75
8,1,41,1.907,1.5
8,1,41,2.0778,1.5
8,1,42,1.3757,3.5
8,1,42,1.4727,3.5
8,1,43,1.3053,1.75
8,1,43,1.3823,1.75
8,1,44,1.5899,3.25
8,1,44,1.711,3.25
8,1,45,1.4899,0.5
8,1,45,1.6558,0.5
8,1,46,1.5888,1.25
8,1,46,1.6677,1.25
8,1,47,1.3494,0.75
8,1,47,1.0564,0.75
8,1,48,1.3099,0
8,1,48,1.3814,0
8,1,49,1.1372,2.25
8,1,49,1.2313,2.25
8,1,50,1.1139,1
8,1,50,1.0502,1
8,1,51,1.3682,1
8,1,51,1.1285,1
8,1,52,1.343,1.25
8,1,52,1.4282,1.25
8,1,53,1.3812,2.25
8,1,53,1.5445,2.25
8,1,54,1.3966,3
8,1,54,1.455,3
8,1,55,2.8279,0.75
8,1,55,2.9132,0.75
8,1,56,1.2407,0
8,1,56,1.2691,0
8,1,57,0.78412,0
8,1,57,0.8756,0
8,1,58,1.2137,1
8,1,58,0.96183,1
8,1,59,1.1417,1.5
8,1,59,1.0104,1.5
8,1,60,0.59319,2.5
8,1,60,0.76079,2.5
8,1,61,0.59374,2.75
8,1,61,0.64667,2.75
8,1,62,0.54897,1.5
8,1,62,0.30222,1.5
8,1,63,0.51932,1
8,1,63,0.53659,1
8,1,64,0.80773,1.25
8,1,64,0.87936,1.25
8,1,65,0.34896,2
8,1,65,0.277,2
8,1,66,0.63326,2.25
8,1,66,0.66004,2.25
8,1,67,0.95011,2.25
8,1,67,0.73724,2.25
8,1,68,0.32685,1.5
8,1,68,0.18339,1.5
8,1,69,0.5666,2.5
8,1,69,0.66463,2.5
8,1,70,0.97142,1.75
8,1,70,0.96951,1.75
8,1,71,1.9784,0
8,1,71,2.0215,0
8,1,72,1.5439,1
8,1,72,1.7203,1
8,1,73,1.4312,2.75
8,1,73,1.5777,2.75
8,1,74,1.7015,2.5
8,1,74,1.8471,2.5
8,1,75,1.9108,3
8,1,75,1.9744,3
8,1,76,1.0844,1
8,1,76,1.1874,1
8,1,77,1.2939,3.25
8,1,77,1.38,3.25
8,1,78,1.5617,2.75
8,1,78,1.3753,2.75
8,1,79,1.0343,2
8,1,79,1.1567,2
8,1,80,1.0419,1.75
8,1,80,1.1817,1.75
8,1,81,1.3273,2.25
8,1,81,1.3912,2.25
8,1,82,1.3893,1.75
8,1,82,1.4549,1.75
8,1,83,1.3877,0.25
8,1,83,1.234,0.25
8,1,84,1.3704,0
8,1,84,1.4997,0
8,1,85,1.7446,2
8,1,85,1.8679,2
8,1,86,1.379,1.25
8,1,86,1.4077,1.25
8,1,87,1.1116,1
8,1,87,1.1468,1
8,1,88,1.0998,2.25
8,1,88,1.0253,2.25
8,1,89,1.1468,3.5
8,1,89,1.2286,3.5
8,1,90,2.326,1.75
8,1,90,2.4082,1.75
8,1,91,1.5266,2.75
8,1,91,1.6901,2.75
8,1,92,1.3822,1.5
8,1,92,1.4583,1.5
8,1,93,1.4068,1.75
8,1,93,1.2364,1.75
8,1,94,1.1329,1.75
8,1,94,1.3167,1.75
8,1,95,1.7106,2.25
8,1,95,1.7773,2.25
8,1,96,1.7706,2.5
8,1,96,1.8687,2.5
8,1,97,1.9408,2.25
8,1,97,2.0147,2.25
8,1,98,1.2419,0.75
8,1,98,1.1108,0.75
8,1,99,1.4043,0
8,1,99,1.119,0
8,1,100,1.177,0
8,1,100,1.1634,0
8,1,101,1.1716,0
8,1,101,1.328,0
8,2,1,0.36157,0
8,2,1,0.36156,0
8,2,2,0.52141,0.5
8,2,2,0.5214,0.5
8,2,3,0.35214,1
8,2,3,0.35214,1
8,2,4,-0.20842,3.25
8,2,4,-0.2084,3.25
8,2,5,0.69796,3.75
8,2,5,0.69792,3.75
8,2,6,0.58031,1.75
8,2,6,0.58027,1.75
8,2,7,0.93661,1.5
8,2,7,0.9366,1.5
8,2,8,1.9392,4.25
8,2,8,1.9392,4.25
8,2,9,0.45577,2
8,2,9,0.45576,2
8,2,10,0.085866,1.75
8,2,10,0.085923,1.75
8,2,11,1.1334,3
8,2,11,1.1335,3
8,2,12,1.443,2.25
8,2,12,1.4431,2.25
8,2,13,0.40951,0
8,2,13,0.40949,0
8,2,14,-0.70526,0.75
8,2,14,-0.70524,0.75
8,2,15,1.423,2.25
8,2,15,1.423,2.25
8,2,16,3.6572,4
8,2,16,3.6573,4
8,2,17,3.0266,3.5
8,2,17,3.0266,3.5
8,2,18,2.1292,3.5
8,2,18,2.1292,3.5
8,2,19,0.85338,2
8,2,19,0.85341,2
8,2,20,3.1978,3.75
8,2,20,3.1978,3.75
8,2,21,1.9064,2.25
8,2,21,1.9064,2.25
8,2,22,2.2758,2.25
8,2,22,2.2758,2.25
8,2,23,2.0056,2.5
8,2,23,2.0056,2.5
8,2,24,1.0084,3
8,2,24,1.0084,3
8,2,25,2.2761,2.75
8,2,25,2.2761,2.75
8,2,26,0.31588,4
8,2,26,0.31588,4
8,2,27,-0.13601,4
8,2,27,-0.13603,4
8,2,28,0.42899,2.5
8,2,28,0.42899,2.5
8,2,29,2.8745,4.75
8,2,29,2.8745,4.75
8,2,30,2.4959,4.25
8,2,30,2.4959,4.25
8,2,31,1.5321,2.75
8,2,31,1.5321,2.75
8,2,32,2.6471,4
8,2,32,2.6471,4
8,2,33,0.40372,2.25
8,2,33,0.40374,2.25
8,2,34,1.3371,3.5
8,2,34,1.3372,3.5
8,2,35,2.8586,3.5
8,2,35,2.8586,3.5
8,2,36,3.1159,3.75
8,2,36,3.1159,3.75
8,2,37,2.8874,2.25
8,2,37,2.8874,2.25
8,2,38,2.7801,3.75
8,2,38,2.7802,3.75
8,2,39,3.0728,2
8,2,39,3.0728,2
8,2,40,3.5293,2
8,2,40,3.5293,2
8,2,41,0.94313,4
8,2,41,0.94313,4
8,2,42,2.6062,3.5
8,2,42,2.6062,3.5
8,2,43,0.15168,2.75
8,2,43,0.15164,2.75
8,2,44,2.1434,3.25
8,2,44,2.1434,3.25
8,2,45,2.8665,2.25
8,2,45,2.8665,2.25
8,2,46,1.8674,3.25
8,2,46,1.8674,3.25
8,2,47,-0.13747,2.75
8,2,47,-0.13747,2.75
8,2,48,2.122,4
8,2,48,2.122,4
8,2,49,2.4187,4
8,2,49,2.4187,4
8,2,50,3.1155,3
8,2,50,3.1155,3
8,2,51,1.4199,2.25
8,2,51,1.4199,2.25
8,2,52,0.8957,1
8,2,52,0.89566,1
8,2,53,1.2676,1.75
8,2,53,1.2676,1.75
8,2,54,0.68314,0.5
8,2,54,0.68318,0.5
8,2,55,0.53987,3.75
8,2,55,0.53993,3.75
8,2,56,0.66306,2
8,2,56,0.66303,2
8,2,57,1.6128,4.75
8,2,57,1.6128,4.75
8,2,58,1.0043,3
8,2,58,1.0043,3
8,2,59,1.2062,4.5
8,2,59,1.2062,4.5
8,2,60,0.054562,3.5
8,2,60,0.054568,3.5
8,2,61,1.0319,4
8,2,61,1.032,4
8,2,62,0.68005,1.75
8,2,62,0.6801,1.75
8,2,63,1.5765,5.25
8,2,63,1.5765,5.25
8,2,64,1.327,4.75
8,2,64,1.327,4.75
8,2,65,-0.6797,2
8,2,65,-0.67971,2
8,2,66,1.1372,0
8,2,66,1.1372,0
8,2,67,0.92711,1.625
8,2,67,0.9271,1.625
8,2,68,0.78204,2.75
8,2,68,0.78203,2.75
8,2,69,-0.083532,3.5
8,2,69,-0.08355,3.5
8,2,70,0.97496,4
8,2,70,0.97498,4
8,2,71,0.17998,2
8,2,71,0.18003,2
8,2,72,-0.15744,3.5
8,2,72,-0.15746,3.5
8,2,73,-0.42993,3.5
8,2,73,-0.42996,3.5
8,2,74,0.10364,3.75
8,2,74,0.10368,3.75
8,2,75,-0.29354,4
8,2,75,-0.29353,4
8,2,76,1.7694,3.25
8,2,76,1.7694,3.25
8,2,77,-0.20543,4.75
8,2,77,-0.20539,4.75
8,2,78,-0.18167,3.25
8,2,78,-0.1817,3.25
8,2,79,1.5373,4
8,2,79,1.5373,4
8,2,80,1.7777,3.25
8,2,80,1.7777,3.25
8,2,81,0.29404,0.5
8,2,81,0.29403,0.5
8,2,82,0.73139,1
8,2,82,0.73136,1
8,2,83,-0.33592,2.75
8,2,83,-0.33592,2.75
8,2,84,1.6104,3.5
8,2,84,1.6105,3.5
8,2,85,0.43041,4.5
8,2,85,0.43036,4.5
8,2,86,0.48537,3.25
8,2,86,0.48538,3.25
8,2,87,1.2746,2
8,2,87,1.2746,2
8,2,88,1.05,3.75
8,2,88,1.05,3.75
8,2,89,2.6752,2.25
8,2,89,2.6752,2.25
8,2,90,0.72117,1.5
8,2,90,0.72115,1.5
8,2,91,-0.59263,2.25
8,2,91,-0.59261,2.25
8,2,92,1.7941,2
8,2,92,1.794,2
8,2,93,0.3081,4.25
8,2,93,0.30813,4.25
8,2,94,-0.25309,3
8,2,94,-0.25308,3
8,2,95,0.99558,2
8,2,95,0.99556,2
8,2,96,0.024173,2
8,2,96,0.024172,2
8,2,97,1.5473,4.25
8,2,97,1.5473,4.25
8,2,98,-0.47079,3
8,2,98,-0.47082,3
8,2,99,0.33534,4
8,2,99,0.33531,4
8,2,100,1.3535,3.25
8,2,100,1.3535,3.25
8,2,101,1.0167,2.75
8,2,101,1.0166,2.75
8,2,102,0.79198,0.75
8,2,102,0.79199,0.75
8,2,103,-0.14889,0
8,2,103,-0.14886,0
9,1,1,3.7866,0.5
9,1,1,3.5435,0.5
9,1,2,4.2886,5.25
9,1,2,4.1693,5.25
9,1,3,4.3852,4.75
9,1,3,4.3542,4.75
9,1,4,4.6336,5
9,1,4,4.5888,5
9,1,5,4.2316,5.75
9,1,5,4.1679,5.75
9,1,6,3.8257,3.5
9,1,6,3.838,3.5
9,1,7,4.3466,4.25
9,1,7,4.3142,4.25
9,1,8,4.1726,4.5
9,1,8,4.0187,4.5
9,1,9,4.2132,0.75
9,1,9,4.1004,0.75
9,1,10,2.9937,0
9,1,10,3.46,0
9,1,11,2.7014,1
9,1,11,2.7901,1
9,1,12,3.5074,4.75
9,1,12,4.2221,4.75
9,1,13,3.5674,2
9,1,13,4.0553,2
9,1,14,3.3795,0
9,1,14,4.0298,0
9,1,15,4.7307,0
9,1,15,4.2512,0
9,1,16,3.4899,1.5
9,1,16,3.5128,1.5
9,1,17,3.5941,4.25
9,1,17,4.0388,4.25
9,1,18,4.4907,3.5
9,1,18,4.1229,3.5
9,1,19,3.8454,3.25
9,1,19,3.7287,3.25
9,1,20,3.8225,4
9,1,20,3.8296,4
9,1,21,3.4593,4.5
9,1,21,3.4476,4.5
9,1,22,3.4659,3
9,1,22,3.9473,3
9,1,23,3.6101,4.5
9,1,23,3.6405,4.5
9,1,24,3.1191,3.5
9,1,24,3.4038,3.5
9,1,25,4.0927,3.5
9,1,25,3.872,3.5
9,1,26,3.7226,4.5
9,1,26,3.6946,4.5
9,1,27,4.1176,3.75
9,1,27,4.2269,3.75
9,1,28,3.6904,2.75
9,1,28,3.8703,2.75
9,1,29,3.177,2.5
9,1,29,3.3781,2.5
9,1,30,3.4264,3
9,1,30,3.6073,3
9,1,31,3.9922,3.5
9,1,31,4.2351,3.5
9,1,32,3.6176,2.75
9,1,32,3.5755,2.75
9,1,33,3.8354,3.75
9,1,33,4.3743,3.75
9,1,34,3.3898,3.25
9,1,34,3.3519,3.25
9,1,35,3.5356,3.5
9,1,35,3.5355,3.5
9,1,36,3.676,3.5
9,1,36,3.82,3.5
9,1,37,3.672,4.5
9,1,37,3.9404,4.5
9,1,38,3.2665,3.5
9,1,38,3.5909,3.5
9,1,39,3.4213,2.75
9,1,39,3.7325,2.75
9,1,40,3.0402,2.25
9,1,40,3.5325,2.25
9,1,41,4.0739,3
9,1,41,3.9609,3
9,1,42,3.8548,4
9,1,42,3.8426,4
9,1,43,3.1802,1
9,1,43,3.3997,1
9,1,44,2.5824,0
9,1,44,3.5468,0
9,1,45,3.9424,1
9,1,45,3.7298,1
9,1,46,3.4144,0
9,1,46,3.5822,0
9,1,47,3.228,1.25
9,1,47,3.2677,1.25
9,1,48,3.9897,0
9,1,48,3.9613,0
9,1,49,2.2375,0.75
9,1,49,2.0848,0.75
9,1,50,4.1426,3.5
9,1,50,3.9542,3.5
9,1,51,4.2941,3.5
9,1,51,3.8932,3.5
9,1,52,3.7856,2.75
9,1,52,3.6568,2.75
9,1,53,3.7178,3
9,1,53,3.4879,3
9,1,54,3.2405,2.75
9,1,54,3.0835,2.75
9,1,55,3.6898,3.5
9,1,55,3.477,3.5
9,1,56,3.8087,3.75
9,1,56,3.8689,3.75
9,1,57,2.5945,0
9,1,57,3.2223,0
9,1,58,3.3897,0.75
9,1,58,3.5304,0.75
9,1,59,3.5742,2.75
9,1,59,3.7903,2.75
9,1,60,3.7132,4
9,1,60,3.7239,4
9,1,61,3.5129,3.5
9,1,61,3.597,3.5
9,1,62,2.8108,2.75
9,1,62,2.8361,2.75
9,1,63,2.9707,3.25
9,1,63,3.1974,3.25
9,1,64,3.9418,4.25
9,1,64,4.0381,4.25
9,1,65,3.4757,2
9,1,65,3.6013,2
9,1,66,3.8422,4.75
9,1,66,4.131,4.75
9,1,67,3.5146,4.25
9,1,67,3.6665,4.25
9,1,68,3.4279,3.5
9,1,68,3.4429,3.5
9,1,69,3.3405,5.5
9,1,69,3.6443,5.5
9,1,70,1.994,0
9,1,70,2.5558,0
9,1,71,2.8876,0
9,1,71,3.3898,0
9,1,72,3.2839,3.75
9,1,72,3.3573,3.75
9,1,73,3.7868,3.25
9,1,73,3.7487,3.25
9,1,74,3.8046,3
9,1,74,4.0556,3
9,1,75,3.626,2.5
9,1,75,3.8692,2.5
9,1,76,3.6247,4
9,1,76,3.7709,4
9,1,77,3.7125,3.25
9,1,77,3.904,3.25
9,1,78,3.629,3.5
9,1,78,3.6534,3.5
9,1,79,3.8138,4
9,1,79,3.8453,4
9,1,80,3.4738,3.25
9,1,80,3.4018,3.25
9,1,81,3.9818,2.25
9,1,81,3.4351,2.25
9,1,82,3.6704,4
9,1,82,3.7049,4
9,1,83,4.0575,4.25
9,1,83,4.4805,4.25
9,1,84,4.0924,3
9,1,84,4.2365,3
9,1,85,4.4035,4.75
9,1,85,4.6984,4.75
9,1,86,3.6989,4
9,1,86,3.8684,4
9,1,87,3.567,3.25
9,1,87,3.9016,3.25
9,1,88,3.4053,3.25
9,1,88,3.6346,3.25
9,1,89,3.7491,2.75
9,1,89,3.9225,2.75
9,1,90,3.5402,2.75
9,1,90,3.6705,2.75
9,1,91,3.4955,3.75
9,1,91,3.41,3.75
9,1,92,3.8189,4
9,1,92,3.863,4
9,1,93,3.7775,3.25
9,1,93,4.0457,3.25
9,1,94,3.6664,3
9,1,94,4.0021,3
9,1,95,3.5922,4.25
9,1,95,3.8311,4.25
9,1,96,3.7472,4.25
9,1,96,3.8449,4.25
9,1,97,4.4093,3.5
9,1,97,4.4476,3.5
9,1,98,3.6496,2.25
9,1,98,3.624,2.25
9,1,99,3.5125,3
9,1,99,3.6934,3
9,1,100,4.0917,4.25
9,1,100,4.1972,4.25
9,1,101,3.6155,2.25
9,1,101,3.6876,2.25
9,1,102,3.3155,3.75
9,1,102,3.7292,3.75
9,1,103,3.8237,2.25
9,1,103,4.4991,2.25
9,1,104,3.6807,3
9,1,104,3.7024,3
9,1,105,4.2745,3.75
9,1,105,4.1627,3.75
9,1,106,3.628,4
9,1,106,3.6166,4
9,1,107,3.2986,4.25
9,1,107,3.6091,4.25
9,1,108,4.035,0
9,1,108,3.8236,0
9,1,109,2.9928,1.25
9,1,109,3.459,1.25
9,1,110,3.6277,4.25
9,1,110,3.7841,4.25
9,1,111,4.1596,3
9,1,111,4.1096,3
9,1,112,2.9068,0
9,1,112,3.0899,0
9,1,113,2.7012,0
9,1,113,2.7898,0
9,2,1,3.4779,0
9,2,1,3.4948,0
9,2,2,4.3535,4
9,2,2,3.9212,4
9,2,3,4.1116,4.5
9,2,3,4.0954,4.5
9,2,4,3.89,5.25
9,2,4,3.986,5.25
9,2,5,3.9432,5.5
9,2,5,4.0132,5.5
9,2,6,4.4178,5.75
9,2,6,4.6903,5.75
9,2,7,3.6651,5.25
9,2,7,3.5549,5.25
9,2,8,3.7709,4.5
9,2,8,3.7692,4.5
9,2,9,3.9753,5.75
9,2,9,4.2182,5.75
9,2,10,3.9838,4.75
9,2,10,4.2337,4.75
9,2,11,3.428,4.5
9,2,11,3.7247,4.5
9,2,12,4.1719,5.5
9,2,12,4.2335,5.5
9,2,13,3.6617,3.75
9,2,13,3.6328,3.75
9,2,14,2.2785,1
9,2,14,1.9848,1
9,2,15,2.3656,0
9,2,15,1.6595,0
9,2,16,3.1997,2.75
9,2,16,3.4643,2.75
9,2,17,3.6964,4
9,2,17,3.7771,4
9,2,18,3.3277,4.25
9,2,18,3.3811,4.25
9,2,19,3.6844,3.25
9,2,19,3.694,3.25
9,2,20,3.6806,3
9,2,20,3.4243,3
9,2,21,3.5283,3.75
9,2,21,3.2591,3.75
9,2,22,3.7856,3
9,2,22,3.8045,3
9,2,23,3.4873,2.75
9,2,23,3.3013,2.75
9,2,24,3.4036,1.75
9,2,24,3.2227,1.75
9,2,25,4.0292,5.75
9,2,25,3.9496,5.75
9,2,26,3.6244,3.25
9,2,26,3.5258,3.25
9,2,27,2.8392,3.25
9,2,27,2.5565,3.25
9,2,28,3.5624,4.75
9,2,28,3.5007,4.75
9,2,29,3.9764,3
9,2,29,4.1039,3
9,2,30,3.5133,2.75
9,2,30,3.8702,2.75
9,2,31,3.2737,2.75
9,2,31,3.243,2.75
9,2,32,3.3791,2.25
9,2,32,3.2813,2.25
9,2,33,4.3161,3
9,2,33,3.8988,3
9,2,34,3.3494,2.5
9,2,34,3.4687,2.5
9,2,35,2.894,2.5
9,2,35,3.3103,2.5
9,2,36,3.6706,4.75
9,2,36,4.075,4.75
9,2,37,3.896,3.75
9,2,37,3.4652,3.75
9,2,38,3.0599,2
9,2,38,2.9984,2
9,2,39,3.7092,4
9,2,39,3.5001,4
9,2,40,4.6036,3.25
9,2,40,4.2206,3.25
9,2,41,4.4064,4.5
9,2,41,4.2148,4.5
9,2,42,3.6753,3.25
9,2,42,3.8642,3.25
9,2,43,3.1349,1.75
9,2,43,3.8415,1.75
9,2,44,3.0141,1
9,2,44,2.5547,1
9,2,45,3.3502,3
9,2,45,3.9047,3
9,2,46,4.3688,4.75
9,2,46,3.9709,4.75
9,2,47,3.9913,5
9,2,47,4.1416,5
9,2,48,4.1895,5
9,2,48,4.2758,5
9,2,49,4.1379,5.25
9,2,49,4.2239,5.25
9,2,50,3.8215,4
9,2,50,3.6562,4
9,2,51,4.5289,5
9,2,51,4.4517,5
9,2,52,2.3815,2.75
9,2,52,2.2268,2.75
9,2,53,4.043,3.75
9,2,53,3.2885,3.75
9,2,54,3.8806,5.5
9,2,54,3.8082,5.5
9,2,55,3.722,3.25
9,2,55,3.8631,3.25
9,2,56,3.9156,5
9,2,56,3.9229,5
9,2,57,3.748,2.25
9,2,57,3.5741,2.25
9,2,58,2.5679,0.5
9,2,58,1.9618,0.5
9,2,59,2.5671,0
9,2,59,2.7547,0
9,2,60,3.0358,0.75
9,2,60,2.9146,0.75
9,2,61,3.4607,0.75
9,2,61,3.8816,0.75
9,2,62,3.7799,4
9,2,62,4.1695,4
9,2,63,3.9884,5
9,2,63,4.0714,5
9,2,64,3.3466,4.5
9,2,64,3.2371,4.5
9,2,65,3.7638,4.75
9,2,65,4.0387,4.75
9,2,66,4.0089,5.5
9,2,66,4.0128,5.5
9,2,67,4.345,4.25
9,2,67,4.3291,4.25
9,2,68,4.0716,3.25
9,2,68,3.7567,3.25
9,2,69,3.8148,3.25
9,2,69,3.6581,3.25
9,2,70,4.2875,4.75
9,2,70,4.3166,4.75
9,2,71,4.4726,5.25
9,2,71,4.5681,5.25
9,2,72,2.8759,0
9,2,72,2.4852,0
9,2,73,3.1109,1.75
9,2,73,2.8273,1.75
9,2,74,4.0399,5.25
9,2,74,4.0953,5.25
9,2,75,4.1707,3.75
9,2,75,4.4931,3.75
9,2,76,3.6677,3.25
9,2,76,4.0165,3.25
9,2,77,3.4995,4.25
9,2,77,3.7229,4.25
9,2,78,4.1067,5.5
9,2,78,4.5871,5.5
9,2,79,4.3267,5.25
9,2,79,4.7917,5.25
9,2,80,3.864,4.75
9,2,80,4.2913,4.75
9,2,81,3.9488,4.75
9,2,81,4.2389,4.75
9,2,82,3.5824,3
9,2,82,3.787,3
9,2,83,4.0773,4
9,2,83,4.1436,4
9,2,84,3.7656,3.75
9,2,84,4.2217,3.75
9,2,85,3.61,4.75
9,2,85,3.6476,4.75
9,2,86,3.8397,4
9,2,86,3.9997,4
9,2,87,3.7336,3.25
9,2,87,3.8283,3.25
9,2,88,3.6806,4.5
9,2,88,3.9537,4.5
9,2,89,3.4736,2.75
9,2,89,3.4619,2.75
9,2,90,3.7,3.25
9,2,90,4.148,3.25
9,2,91,3.7748,4.25
9,2,91,4.3552,4.25
9,2,92,3.8887,4.25
9,2,92,4.0437,4.25
9,2,93,3.6913,4.5
9,2,93,4.0036,4.5
9,2,94,3.589,4
9,2,94,3.6526,4
9,2,95,3.8052,5
9,2,95,3.8314,5
9,2,96,4.0534,3
9,2,96,4.4317,3
9,2,97,3.5678,3.75
9,2,97,3.5926,3.75
9,2,98,3.6136,4.5
9,2,98,3.7968,4.5
9,2,99,4.028,4.5
9,2,99,4.3078,4.5
9,2,100,3.8765,5.75
9,2,100,4.1105,5.75
9,2,101,3.9587,3.75
9,2,101,3.9406,3.75
9,2,102,4.4273,3.75
9,2,102,4.827,3.75
9,2,103,3.6856,3
9,2,103,4.0742,3
9,2,104,3.8817,3.25
9,2,104,4.1605,3.25
9,2,105,4.3246,4.5
9,2,105,4.3851,4.5
9,2,106,4.795,5.25
9,2,106,4.6787,5.25
9,2,107,3.4988,3.75
9,2,107,3.9606,3.75
9,2,108,4.2534,4.25
9,2,108,4.4187,4.25
9,2,109,3.9181,2.25
9,2,109,3.9497,2.25
9,2,110,4.2923,3.25
9,2,110,4.0514,3.25
9,2,111,4.1675,4
9,2,111,3.894,4
9,2,112,3.9949,4.5
9,2,112,3.8391,4.5
9,2,113,4.2515,5.75
9,2,113,3.9368,5.75
9,2,114,3.4767,3.25
9,2,114,3.2653,3.25
9,2,115,2.9308,0
9,2,115,2.4329,0
9,2,116,2.7199,0
9,2,116,2.2262,0
