10,1,1,3.1786,0
10,1,2,3.1987,0
10,1,3,3.2599,1.5
10,1,4,3.1196,5.5
10,1,5,3.0497,5
10,1,6,3.0732,5
10,1,7,3.149,5.5
10,1,8,3.1302,6.25
10,1,9,3.1777,5.5
10,1,10,3.096,5
10,1,11,3.2,4
10,1,12,3.1162,4.5
10,1,13,3.0471,4.25
10,1,14,3.0647,3.75
10,1,15,2.8662,0
10,1,16,2.6669,0
10,1,17,2.9272,1
10,1,18,2.9524,0.75
10,1,19,3.1566,3.25
10,1,20,3.306,5
10,1,21,3.2147,5.25
10,1,22,3.1992,4.5
10,1,24,2.8989,4.75
10,1,25,3.0556,4.5
10,1,26,2.9389,2.25
10,1,27,3.1526,4.25
10,1,28,3.0896,4.75
10,1,29,3.1382,4.75
10,1,30,3.1704,5.5
10,1,31,2.9992,4.75
10,1,32,2.9809,3.75
10,1,33,2.931,4.5
10,1,34,3.0467,4
10,1,35,2.8773,2
10,1,36,2.8255,4.75
10,1,37,3.0914,6
10,1,38,2.9762,3.75
10,1,39,2.9314,4
10,1,40,2.8284,4.5
10,1,41,2.8721,3.25
10,1,42,3.0587,5.25
10,1,43,2.9365,4.5
10,1,44,3.1507,4.5
10,1,45,2.8861,3.25
10,1,46,3.2798,5
10,1,47,3.1681,5.25
10,1,48,3.0358,5
10,1,49,2.8989,4
10,1,50,3.037,5.25
10,1,51,2.9431,5.5
10,1,52,3.1268,5
10,1,53,3.2665,5.25
10,1,54,2.8666,3.5
10,1,55,2.7512,5.25
10,1,56,3.0247,4.5
10,1,57,2.634,1.5
10,1,58,2.8154,1.75
10,1,59,2.7562,0
10,1,60,3.211,1
10,1,61,3.3293,5
10,1,62,3.1593,3.75
10,1,63,3.284,4.25
10,1,64,3.5262,5
10,1,65,3.4799,5.75
10,1,66,3.3341,6
10,1,67,3.3939,5.25
10,1,68,3.3327,3.75
10,1,69,3.6029,4.5
10,1,70,3.3307,1.25
10,1,71,2.8515,1.75
10,1,72,3.3801,3
10,1,73,3.4007,4.25
10,1,74,3.3235,4.75
10,1,75,3.4371,4.5
10,1,76,3.0602,4.75
10,1,77,3.5002,4.5
10,1,78,3.5845,5.5
10,1,79,3.3662,4.5
10,1,80,3.3342,5
10,1,81,3.0535,4.25
10,1,82,3.2012,4.5
10,1,83,3.2049,3
10,1,84,3.1362,2.75
10,1,85,3.1347,4.75
10,1,86,2.9733,4
10,1,87,3.432,4.75
10,1,88,3.5858,5.5
10,1,89,2.9858,5.25
10,1,90,2.8935,3.75
10,1,91,3.0386,4.5
10,1,92,3.4419,5
10,1,93,3.272,4
10,1,94,3.112,5
10,1,95,3.4155,4.75
10,1,96,3.0798,4.5
10,1,97,3.174,3.75
10,1,98,3.0176,4.5
10,1,99,3.2914,5.25
10,1,100,3.3244,4
10,1,101,3.1991,5.5
10,1,102,3.1587,5
10,1,103,3.196,3.75
10,1,104,3.2395,4.5
10,1,105,3.0964,4
10,1,106,3.0779,2
10,1,107,3.0808,5
10,1,108,3.3717,5
10,1,109,2.8376,0
10,1,110,3.2417,0
10,2,1,3.0949,0
10,2,2,3.2335,0
10,2,3,3.2876,3.75
10,2,4,3.2628,6.25
10,2,5,3.3843,5.5
10,2,6,3.3102,5.25
10,2,7,3.2934,5.25
10,2,8,3.291,5.75
10,2,9,3.4164,3.25
10,2,10,3.3793,5.25
10,2,11,3.2083,4.5
10,2,12,3.359,4.25
10,2,13,3.269,5.25
10,2,14,3.2988,5.25
10,2,15,3.371,5.75
10,2,16,2.8737,0
10,2,17,2.8397,0.75
10,2,18,3.1741,0
10,2,19,3.2335,4.5
10,2,20,3.1103,2.75
10,2,21,3.5731,5.5
10,2,22,3.1726,5.5
10,2,23,3.3562,5
10,2,24,2.9693,3.5
10,2,25,3.1755,4.25
10,2,26,2.9746,3.5
10,2,27,2.8236,5
10,2,28,3.1343,4.5
10,2,29,2.832,5
10,2,30,3.134,5.75
10,2,31,3.1618,3.25
10,2,32,2.8359,1.75
10,2,33,3.0009,4.75
10,2,34,3.122,5
10,2,35,3.3122,2.75
10,2,36,2.9032,3.75
10,2,37,3.2336,5
10,2,38,3.4228,4.75
10,2,39,3.4191,5.25
10,2,40,3.4225,4.5
10,2,41,2.9985,5.25
10,2,42,3.2439,5.5
10,2,43,3.3007,5.75
10,2,44,2.9453,5
10,2,45,3.1892,3.5
10,2,46,3.3252,4.25
10,2,47,3.2132,5.25
10,2,48,2.9732,1.5
10,2,50,3.5128,4
10,2,51,3.5446,5.5
10,2,52,3.5321,5.5
10,2,53,3.5065,6.75
10,2,54,3.4903,5.5
10,2,55,3.3479,3.75
10,2,56,3.3624,5.25
10,2,58,3.482,5.5
10,2,59,3.2639,1.5
10,2,60,3.3994,0.5
10,2,61,3.2857,1
10,2,62,3.4457,1.25
10,2,63,3.5366,1
10,2,64,3.5115,0.75
10,2,65,3.569,5
10,2,66,3.3416,3
10,2,67,3.3904,4.3333
10,2,68,3.3523,4.75
10,2,69,3.4958,5.25
10,2,70,3.3229,4.6667
10,2,71,3.2953,4
10,2,72,3.3485,6.25
10,2,73,3.3449,5.5
10,2,74,3.515,4.75
10,2,75,3.3997,4.5
10,2,76,3.2044,4.5
10,2,77,3.4021,3.5
10,2,78,3.4408,5.25
10,2,79,3.5309,5.5
10,2,80,3.4279,4.5
10,2,81,3.346,5.25
10,2,82,3.6024,5.25
10,2,83,3.4692,4.25
10,2,84,3.2712,4
10,2,85,3.4451,5.25
10,2,86,3.3563,4.5
10,2,87,3.3407,5.5
10,2,88,3.4227,5.5
10,2,89,3.2603,4
10,2,90,3.3924,4.25
10,2,91,3.2505,4.25
10,2,92,3.3125,4.75
10,2,93,3.222,3.25
10,2,94,3.3065,3.25
10,2,95,3.2964,2
10,2,96,3.3989,4.75
10,2,97,3.3809,5.75
10,2,98,3.3929,1.75
10,2,99,3.3752,3.25
10,2,100,3.3997,2.25
10,1,1,3.1615,0
10,1,2,2.9552,0
10,1,3,3.1795,1.5
10,1,4,3.4612,5.5
10,1,5,3.4231,5
10,1,6,3.5359,5
10,1,7,3.3249,5.5
10,1,8,3.6645,6.25
10,1,9,3.4717,5.5
10,1,10,3.583,5
10,1,11,3.2147,4
10,1,12,3.3013,4.5
10,1,13,3.3199,4.25
10,1,14,2.8989,3.75
10,1,15,2.5135,0
10,1,16,2.4736,0
10,1,17,2.553,1
10,1,18,2.6014,0.75
10,1,19,3.1393,3.25
10,1,20,3.442,5
10,1,21,3.5607,5.25
10,1,22,3.5539,4.5
10,1,24,3.2723,4.75
10,1,25,3.372,4.5
10,1,26,3.4512,2.25
10,1,27,3.2651,4.25
10,1,28,3.4214,4.75
10,1,29,3.5435,4.75
10,1,30,3.2981,5.5
10,1,31,3.4072,4.75
10,1,32,3.2863,3.75
10,1,33,3.3685,4.5
10,1,34,3.3036,4
10,1,35,3.0189,2
10,1,36,3.177,4.75
10,1,37,3.1507,6
10,1,38,3.2227,3.75
10,1,39,2.773,4
10,1,40,3.0354,4.5
10,1,41,2.8634,3.25
10,1,42,3.1498,5.25
10,1,43,3.4071,4.5
10,1,44,3.3897,4.5
10,1,45,3.1462,3.25
10,1,46,3.5391,5
10,1,47,3.3077,5.25
10,1,48,3.4405,5
10,1,49,3.2381,4
10,1,50,3.2443,5.25
10,1,51,3.36,5.5
10,1,52,3.3077,5
10,1,53,3.4498,5.25
10,1,54,3.2623,3.5
10,1,55,3.3027,5.25
10,1,56,3.1214,4.5
10,1,57,2.7443,1.5
10,1,58,2.7906,1.75
10,1,59,2.7318,0
10,1,60,2.8361,1
10,1,61,3.4352,5
10,1,62,3.1206,3.75
10,1,63,2.9649,4.25
10,1,64,3.2394,5
10,1,65,3.2408,5.75
10,1,66,3.3472,6
10,1,67,3.5361,5.25
10,1,68,3.2068,3.75
10,1,69,3.2104,4.5
10,1,70,2.715,1.25
10,1,71,2.751,1.75
10,1,72,3.464,3
10,1,73,3.368,4.25
10,1,74,3.2149,4.75
10,1,75,3.2842,4.5
10,1,76,3.6381,4.75
10,1,77,3.3306,4.5
10,1,78,3.4512,5.5
10,1,79,3.2799,4.5
10,1,80,3.4909,5
10,1,81,3.4951,4.25
10,1,82,3.6353,4.5
10,1,83,3.4148,3
10,1,84,3.3891,2.75
10,1,85,2.9507,4.75
10,1,86,3.0553,4
10,1,87,3.3965,4.75
10,1,88,3.7215,5.5
10,1,89,3.5432,5.25
10,1,90,3.0538,3.75
10,1,91,3.035,4.5
10,1,92,3.2127,5
10,1,93,3.441,4
10,1,94,3.263,5
10,1,95,3.3298,4.75
10,1,96,3.5333,4.5
10,1,97,3.2711,3.75
10,1,98,2.8899,4.5
10,1,99,3.5163,5.25
10,1,100,2.7575,4
10,1,101,3.3604,5.5
10,1,102,3.0642,5
10,1,103,3.0539,3.75
10,1,104,3.4194,4.5
10,1,105,2.8664,4
10,1,106,2.7777,2
10,1,107,3.2247,5
10,1,108,2.9063,5
10,1,109,2.8608,0
10,1,110,2.9562,0
10,2,1,2.9911,0
10,2,2,2.7546,0
10,2,3,3.515,3.75
10,2,4,3.5213,6.25
10,2,5,3.5205,5.5
10,2,6,3.3814,5.25
10,2,7,3.261,5.25
10,2,8,3.508,5.75
10,2,9,3.2581,3.25
10,2,10,3.6413,5.25
10,2,11,3.4648,4.5
10,2,12,3.3375,4.25
10,2,13,3.1768,5.25
10,2,14,3.5851,5.25
10,2,15,3.3934,5.75
10,2,16,2.6688,0
10,2,17,2.7238,0.75
10,2,18,3.5992,0
10,2,19,3.8787,4.5
10,2,20,3.4722,2.75
10,2,21,3.6364,5.5
10,2,22,3.4692,5.5
10,2,23,3.5895,5
10,2,24,3.4134,3.5
10,2,25,3.2188,4.25
10,2,26,3.4274,3.5
10,2,27,3.5403,5
10,2,28,3.3897,4.5
10,2,29,3.3554,5
10,2,30,3.3442,5.75
10,2,31,3.1275,3.25
10,2,32,3.0752,1.75
10,2,33,3.3053,4.75
10,2,34,3.2968,5
10,2,35,2.8898,2.75
10,2,36,2.9831,3.75
10,2,37,3.0993,5
10,2,38,3.1948,4.75
10,2,39,3.0667,5.25
10,2,40,3.5238,4.5
10,2,41,3.1255,5.25
10,2,42,3.3525,5.5
10,2,43,2.7086,5.75
10,2,44,3.1754,5
10,2,45,2.9716,3.5
10,2,46,2.8442,4.25
10,2,47,2.8927,5.25
10,2,48,2.9753,1.5
10,2,49,3.0102,1
10,2,50,2.9855,4
10,2,51,3.2773,5.5
10,2,52,3.4345,5.5
10,2,53,3.3467,6.75
10,2,54,3.3389,5.5
10,2,55,3.4168,3.75
10,2,56,3.0976,5.25
10,2,58,3.5534,5.5
10,2,59,2.6693,1.5
10,2,60,2.6625,0.5
10,2,61,2.5897,1
10,2,62,3.2073,1.25
10,2,63,2.9993,1
10,2,64,3.0458,0.75
10,2,65,3.2353,5
10,2,66,3.0453,3
10,2,67,3.3469,4.3333
10,2,68,3.5308,4.75
10,2,69,3.5869,5.25
10,2,70,3.4951,4.6667
10,2,71,3.1852,4
10,2,72,3.564,6.25
10,2,73,3.1999,5.5
10,2,74,3.1093,4.75
10,2,75,3.3953,4.5
10,2,76,3.3399,4.5
10,2,77,3.41,3.5
10,2,78,3.166,5.25
10,2,79,3.5507,5.5
10,2,80,3.1975,4.5
10,2,81,3.7034,5.25
10,2,82,3.5425,5.25
10,2,83,3.3374,4.25
10,2,84,3.6263,4
10,2,85,3.4822,5.25
10,2,86,3.4275,4.5
10,2,87,3.5023,5.5
10,2,88,3.4549,5.5
10,2,89,3.198,4
10,2,90,3.4727,4.25
10,2,91,3.1339,4.25
10,2,92,2.9307,4.75
10,2,93,3.4718,3.25
10,2,94,2.9443,3.25
10,2,95,3.0977,2
10,2,96,3.0936,4.75
10,2,97,3.0319,5.75
10,2,98,2.9607,1.75
10,2,99,2.9172,3.25
10,2,100,2.9586,2.25
11,1,4,3.2691,5.75
11,1,5,3.2048,4.5
11,1,6,3.0969,5
11,1,7,3.2492,4.25
11,1,8,3.184,4.25
11,1,9,3.2043,4
11,1,10,3.4505,4.6667
11,1,11,3.4955,4.5
11,1,12,3.2618,5.5
11,1,13,3.3385,5.25
11,1,14,3.4164,4.25
11,1,15,3.3689,3.5
11,1,16,2.5896,0
11,1,17,2.5385,1.25
11,1,18,3.3279,1.5
11,1,19,3.4481,6.25
11,1,20,3.4363,5.5
11,1,21,3.431,4.25
11,1,22,3.3732,6.25
11,1,23,3.4162,5.75
11,1,24,3.2358,3.25
11,1,25,3.4217,5
11,1,26,3.3784,4
11,1,27,3.4486,4.5
11,1,28,3.3281,4.5
11,1,29,3.2799,5.5
11,1,30,3.3505,4.25
11,1,31,3.3233,5.5
11,1,32,3.1813,4.25
11,1,33,3.4409,5
11,1,34,3.476,4.5
11,1,35,3.3942,4.5
11,1,36,3.4106,5
11,1,37,3.4319,3.75
11,1,38,3.4943,4.5
11,1,39,3.0967,5
11,1,40,3.1647,1
11,1,41,3.167,3.5
11,1,42,3.1141,0
11,1,43,3.0269,0.75
11,1,44,2.6583,1.75
11,1,45,2.527,2.25
11,1,46,3.2686,1.75
11,1,47,3.1923,4
11,1,48,3.0953,2.25
11,1,49,3.2124,4.5
11,1,50,3.3686,3
11,1,51,3.1448,4.75
11,1,52,3.4162,4.25
11,1,53,3.2289,5.25
11,1,54,3.3457,2.5
11,1,55,3.3522,4
11,1,56,3.325,2.25
11,1,57,2.6933,2.5
11,1,58,2.8425,1.75
11,1,59,2.9491,0.75
11,1,60,2.796,1
11,1,61,3.0459,0
11,1,62,3.0336,5
11,1,63,3.4384,6.25
11,1,64,3.3739,5
11,1,65,3.3565,4.25
11,1,66,3.417,3.25
11,1,67,3.4021,6.25
11,1,68,3.495,4.25
11,1,69,3.3136,4
11,1,70,3.4364,5
11,1,71,3.4705,4.75
11,1,72,3.3418,4.75
11,1,73,3.2506,5.25
11,1,74,3.4085,5
11,1,75,3.4794,3.5
11,1,76,3.4022,4
11,1,77,3.2245,6
11,1,78,3.329,5
11,1,79,3.4618,4.5
11,1,80,3.4697,6
11,1,81,3.3359,4.5
11,1,82,3.4929,4.5
11,1,83,3.4321,3.5
11,1,84,3.2755,3.5
11,1,86,2.997,1
11,1,87,3.2934,2.75
11,1,88,2.8589,3.75
11,1,89,3.1757,5
11,1,90,3.2833,4.25
11,1,91,3.2527,5.5
11,1,92,3.3159,4.25
11,1,93,3.2549,4.25
11,1,94,3.4179,5.75
11,1,95,3.4308,4.25
11,1,96,3.3385,4.75
11,1,97,3.4252,3.75
11,1,98,3.4599,4.5
11,1,99,3.1149,6.25
11,1,100,3.3112,3
11,1,101,2.3908,0.5
11,1,102,3.1727,1.5
11,2,1,2.7416,0
11,2,2,3.1026,0.25
11,2,3,3.0822,5
11,2,4,3.2795,4
11,2,5,3.2897,2.25
11,2,6,3.4807,5.5
11,2,7,3.0227,0.75
11,2,8,2.9493,5
11,2,9,3.362,3.5
11,2,10,3.2991,4.75
11,2,11,3.1041,2.5
11,2,12,2.9258,2.25
11,2,14,2.3687,1.5
11,2,15,2.7318,1.25
11,2,16,3.2745,2
11,2,17,3.1718,3.75
11,2,18,2.7067,4
11,2,19,3.1724,5.25
11,2,20,3.4674,4.75
11,2,21,2.968,6.25
11,2,22,3.3994,3.75
11,2,23,3.3484,5.75
11,2,24,3.1776,5
11,2,25,3.3426,5
11,2,26,3.2017,3.5
11,2,27,3.2616,5.5
11,2,28,3.1948,4.5
11,2,29,3.0788,4.75
11,2,30,3.0387,4
11,2,31,3.1275,5
11,2,32,3.2008,5.25
11,2,33,3.3606,4.25
11,2,34,3.7521,6.5
11,2,35,3.4342,3.75
11,2,36,3.448,4.25
11,2,37,3.0364,5
11,2,38,3.3854,4.25
11,2,39,3.1372,4.5
11,2,40,3.485,4.25
11,2,41,3.547,4.75
11,2,42,3.0356,4.75
11,2,43,3.5401,5.25
11,2,44,3.1539,5.5
11,2,45,3.3274,4.25
11,2,46,3.6306,4.25
11,2,47,3.5658,4
11,2,48,3.5144,6.5
11,2,49,3.4086,2.75
11,2,50,3.3241,4.25
11,2,51,3.375,4.5
11,2,52,3.5627,5
11,2,53,3.4975,4.5
11,2,54,3.5218,3.75
11,2,55,3.4348,4.5
11,2,56,3.5771,4.75
11,2,57,3.1985,1.25
11,2,58,3.0846,1.5
11,2,59,3.0624,0.5
11,2,60,3.0497,2.5
11,2,61,3.1394,3.25
11,2,62,3.3523,1.75
11,2,63,3.0818,2.75
11,2,64,3.2524,4.25
11,2,65,3.1445,2.5
11,2,66,3.2935,1.75
11,2,67,2.9964,4.75
11,2,68,3.1352,4
11,2,69,3.1708,3.25
11,2,70,2.869,1.25
11,2,71,3.1861,1.75
11,2,72,3.4181,4.25
11,2,73,3.4695,4.25
11,2,74,3.3879,4.25
11,2,75,3.2584,2.5
11,2,76,3.5312,5.5
11,2,77,3.3454,4.5
11,2,78,3.4256,5.5
11,2,79,3.3033,4.25
11,2,80,3.1753,3.75
11,2,81,3.1212,3
11,2,82,3.3376,4.75
11,2,83,3.3371,4
11,2,84,3.4468,4.75
11,2,85,3.3055,5
11,2,86,3.4175,5.75
11,2,87,3.4309,4.25
11,2,88,3.1677,5
11,2,89,3.2367,4.75
11,2,90,2.9481,3.25
11,2,91,3.2386,4.5
11,2,92,3.4363,5.5
11,2,93,3.5523,5
11,2,94,3.4008,4.25
11,2,95,3.425,4
11,2,96,3.3609,5
11,2,97,3.4562,3.75
11,2,98,3.4307,5
11,2,99,3.2626,5.5
11,2,100,3.2215,4.5
11,2,101,3.4987,4.75
11,2,102,3.5002,3.75
11,2,103,3.6464,5.25
11,2,104,3.465,6
11,2,105,3.4383,4.5
11,2,106,3.3357,3
11,2,107,3.0721,0.25
11,2,108,3.2834,1
11,2,109,3.4734,4.75
11,2,110,3.3815,4.75
11,2,111,3.6035,4.5
11,2,112,2.9444,0
11,2,113,2.4977,0
11,2,114,3.1838,5
11,1,4,3.3119,5.75
11,1,5,3.3277,4.5
11,1,6,3.3629,5
11,1,7,3.1729,4.25
11,1,8,3.2635,4.25
11,1,9,3.1648,4
11,1,10,3.2931,4.6667
11,1,11,3.2566,4.5
11,1,12,3.1401,5.5
11,1,13,3.1582,5.25
11,1,14,3.0911,4.25
11,1,15,3.1676,3.5
11,1,16,3.0952,0
11,1,17,3.3942,1.25
11,1,18,3.398,1.5
11,1,19,3.4878,6.25
11,1,20,3.4336,5.5
11,1,21,3.3215,4.25
11,1,22,3.4495,6.25
11,1,23,3.5275,5.75
11,1,24,3.4391,3.25
11,1,25,3.5194,5
11,1,26,3.4974,4
11,1,27,3.4918,4.5
11,1,28,3.4738,4.5
11,1,29,3.4195,5.5
11,1,30,3.3194,4.25
11,1,31,3.3028,5.5
11,1,32,3.4993,4.25
11,1,33,3.426,5
11,1,34,3.3175,4.5
11,1,35,3.3384,4.5
11,1,36,3.3546,5
11,1,37,3.4804,3.75
11,1,38,3.5225,4.5
11,1,39,3.4918,5
11,1,40,3.2449,1
11,1,41,3.2598,3.5
11,1,42,3.0619,0
11,1,43,3.2104,0.75
11,1,44,2.9878,1.75
11,1,45,3.1209,2.25
11,1,46,3.2735,1.75
11,1,47,3.2545,4
11,1,48,2.8797,2.25
11,1,49,2.8247,4.5
11,1,50,3.1333,3
11,1,51,3.2616,4.75
11,1,53,2.9535,5.25
11,1,54,2.9464,2.5
11,1,56,3.156,2.25
11,1,57,3.2159,2.5
11,1,59,3.084,0.75
11,1,60,3.0204,1
11,1,61,3.4877,0
11,1,62,3.3893,5
11,1,63,3.5489,6.25
11,1,64,3.414,5
11,1,65,3.4251,4.25
11,1,66,3.4699,3.25
11,1,67,3.326,6.25
11,1,68,3.5091,4.25
11,1,69,3.4539,4
11,1,70,3.4447,5
11,1,71,3.2931,4.75
11,1,72,3.3961,4.75
11,1,73,3.3186,5.25
11,1,74,3.1676,5
11,1,75,3.2329,3.5
11,1,76,3.1026,4
11,1,77,3.1893,6
11,1,78,3.3185,5
11,1,79,3.0865,4.5
11,1,80,3.2358,6
11,1,81,3.3195,4.5
11,1,82,3.218,4.5
11,1,83,3.0624,3.5
11,1,84,3.188,3.5
11,1,85,2.8884,0
11,1,86,3.2192,1
11,1,87,3.3272,2.75
11,1,88,3.2081,3.75
11,1,89,3.1193,5
11,1,90,3.4335,4.25
11,1,91,3.4536,5.5
11,1,92,3.4102,4.25
11,1,93,3.4438,4.25
11,1,94,3.3936,5.75
11,1,95,3.2773,4.25
11,1,96,3.1247,4.75
11,1,97,3.2424,3.75
11,1,98,3.122,4.5
11,1,99,3.2157,6.25
11,1,100,2.9646,3
11,1,101,3.0617,0.5
11,1,102,3.0927,1.5
11,2,1,3.1371,0
11,2,2,3.0813,0.25
11,2,3,3.0692,5
11,2,4,2.9918,4
11,2,5,3.0848,2.25
11,2,6,3.1531,5.5
11,2,7,2.9645,0.75
11,2,8,3.2146,5
11,2,9,3.1496,3.5
11,2,10,3.1963,4.75
11,2,11,3.1172,2.5
11,2,12,3.1072,2.25
11,2,13,2.9554,0.75
11,2,14,2.9814,1.5
11,2,15,3.0631,1.25
11,2,16,3.1478,2
11,2,17,3.2729,3.75
11,2,18,3.2215,4
11,2,19,3.3495,5.25
11,2,20,3.2603,4.75
11,2,21,3.3223,6.25
11,2,22,3.272,3.75
11,2,23,3.3438,5.75
11,2,24,3.4025,5
11,2,25,3.3147,5
11,2,26,3.3125,3.5
11,2,27,3.3629,5.5
11,2,28,3.3856,4.5
11,2,29,3.2332,4.75
11,2,30,3.3245,4
11,2,31,3.4294,5
11,2,32,3.3856,5.25
11,2,33,3.3377,4.25
11,2,34,3.1603,6.5
11,2,35,3.4548,3.75
11,2,36,3.3667,4.25
11,2,37,3.3348,5
11,2,38,3.4291,4.25
11,2,39,3.3611,4.5
11,2,40,3.3645,4.25
11,2,41,3.342,4.75
11,2,42,3.3198,4.75
11,2,43,3.3062,5.25
11,2,44,3.2582,5.5
11,2,45,3.4048,4.25
11,2,46,3.2077,4.25
11,2,47,3.2227,4
11,2,48,3.4302,6.5
11,2,49,3.4019,2.75
11,2,50,3.4813,4.25
11,2,51,3.3684,4.5
11,2,52,3.3198,5
11,2,53,3.3883,4.5
11,2,54,3.2416,3.75
11,2,55,3.322,4.5
11,2,56,3.3935,4.75
11,2,57,3.0316,1.25
11,2,58,2.7422,1.5
11,2,59,2.8492,0.5
11,2,60,3.1537,2.5
11,2,61,3.1166,3.25
11,2,62,2.8465,1.75
11,2,63,2.7212,2.75
11,2,64,2.8029,4.25
11,2,65,2.8384,2.5
11,2,66,2.8432,1.75
11,2,67,2.8509,4.75
11,2,68,2.9225,4
11,2,69,2.7758,3.25
11,2,70,2.8529,1.25
11,2,71,3.2596,1.75
11,2,72,3.2671,4.25
11,2,73,3.0871,4.25
11,2,74,3.2099,4.25
11,2,75,3.2219,2.5
11,2,76,3.2648,5.5
11,2,77,3.2541,4.5
11,2,78,3.0802,5.5
11,2,79,3.0595,4.25
11,2,80,3.4923,3.75
11,2,81,3.2432,3
11,2,82,2.8931,4.75
11,2,83,2.8889,4
11,2,84,3.0385,4.75
11,2,85,3.0865,5
11,2,86,3.12,5.75
11,2,87,3.0153,4.25
11,2,88,3.1328,5
11,2,89,2.9443,4.75
11,2,90,2.9885,3.25
11,2,91,3.1034,4.5
11,2,92,3.1846,5.5
11,2,93,3.2658,5
11,2,94,3.1958,4.25
11,2,95,3.1462,4
11,2,96,3.0474,5
11,2,97,3.318,3.75
11,2,98,3.3433,5
11,2,99,3.0668,5.5
11,2,100,3.1834,4.5
11,2,101,2.9773,4.75
11,2,102,3.0818,3.75
11,2,103,3.1616,5.25
11,2,104,3.2348,6
11,2,105,3.082,4.5
11,2,106,3.1079,3
11,2,108,3.0861,1
11,2,109,3.1326,4.75
11,2,110,3.0473,4.75
11,2,111,3.2161,4.5
11,2,112,2.9697,0
11,2,113,2.8363,0
11,2,114,3.224,5
12,1,1,3.3703,0
12,1,2,3.5567,6.5
12,1,3,3.3949,6
12,1,4,3.6616,6.25
12,1,5,3.5107,6
12,1,6,3.436,5
12,1,7,3.3518,6.25
12,1,8,3.5214,5.25
12,1,9,3.2942,4.75
12,1,10,3.3287,5.25
12,1,11,3.0909,5
12,1,12,3.1438,5.75
12,1,13,3.008,1.5
12,1,14,3.2998,1
12,1,15,3.4182,0
12,1,19,3.3994,3.75
12,1,20,3.5285,4.75
12,1,21,3.0677,4.5
12,1,22,3.4568,4.5
12,1,26,3.5248,5
12,1,27,3.052,4.5
12,1,31,3.1204,5
12,1,32,3.3899,5.25
12,1,38,3.6897,5.5
12,1,43,3.4484,4.75
12,1,49,3.1584,4.75
12,1,51,2.5903,0
12,1,54,3.0042,4.75
12,1,56,2.7277,1
12,1,57,2.9589,0
12,1,59,2.8251,1.5
12,1,61,2.837,4
12,1,62,3.0374,2.5
12,1,64,3.2718,4
12,1,67,3.0411,2.75
12,1,68,3.1003,4.25
12,1,69,3.1995,3.75
12,1,71,3.2132,0
12,1,78,3.3099,6
12,1,79,3.4204,4.25
12,1,84,3.1868,4.5
12,1,96,3.0519,3.25
12,1,98,3.0718,3.75
12,1,112,2.9562,1.5
12,1,113,3.073,2
12,1,114,2.9042,0
12,2,1,2.904,0.75
12,2,2,3.0648,0
12,2,3,3.5349,3.75
12,2,4,3.5563,4
12,2,5,3.5473,5.25
12,2,6,3.2105,3.5
12,2,7,3.4149,5
12,2,8,3.3139,4
12,2,9,3.5143,4
12,2,10,3.4934,4.25
12,2,11,3.5453,5
12,2,12,3.4272,5.25
12,2,13,3.1102,3.5
12,2,14,3.5601,4.25
12,2,15,3.1698,0.75
12,2,16,3.3112,1.25
12,2,18,3.2213,1
12,2,19,3.064,4.5
12,2,21,3.4931,3.75
12,2,22,3.4023,5
12,2,23,3.219,5.25
12,2,24,3.4142,4.25
12,2,26,3.2948,2.75
12,2,29,3.2285,3
12,2,30,3.2637,4.5
12,2,32,2.9332,3.25
12,2,33,3.6447,3.75
12,2,35,3.4148,3
12,2,40,3.2233,3.5
12,2,41,3.2141,5.25
12,2,42,3.2957,3.5
12,2,45,3.0695,4
12,2,46,3.0542,4.25
12,2,47,3.1396,4.75
12,2,48,2.9874,4.5
12,2,49,3.0591,5.25
12,2,50,3.2039,4.75
12,2,51,3.2128,3
12,2,53,3.0713,3.75
12,2,54,3.4845,4.5
12,2,55,3.1855,4.5
12,2,56,3.3657,5
12,2,57,3.2754,4.75
12,2,58,3.5392,3.75
12,2,59,3.2952,5
12,2,60,3.2352,0.75
12,2,61,2.9813,1.25
12,2,62,3.2083,1.75
12,2,63,3.1294,1.75
12,2,65,2.8804,2.25
12,2,67,3.2556,3
12,2,68,3.0886,2
12,2,71,3.4055,1.5
12,2,72,2.9912,0.75
12,2,73,3.0913,2
12,2,74,3.2868,0
12,2,75,2.9874,1
12,2,86,3.5104,4
12,2,88,3.4658,5
12,2,111,3.4155,4
12,2,115,3.5102,2.75
12,1,1,3.0981,0
12,1,2,3.585,6.5
12,1,3,3.4711,6
12,1,4,3.4572,6.25
12,1,5,3.5276,6
12,1,6,3.4311,5
12,1,7,3.6014,6.25
12,1,8,3.5827,5.25
12,1,9,3.5359,4.75
12,1,10,3.408,5.25
12,1,11,3.386,5
12,1,12,3.6177,5.75
12,1,13,3.1465,1.5
12,1,14,3.1425,1
12,1,15,3.2623,0
12,1,16,3.1238,5.25
12,1,17,3.1301,5
12,1,18,2.9653,4.25
12,1,19,3.1969,3.75
12,1,20,3.1522,4.75
12,1,21,3.2905,4.5
12,1,22,3.1813,4.5
12,1,23,2.9837,3.5
12,1,24,2.9877,5.25
12,1,25,2.9797,5.75
12,1,26,3.1444,5
12,1,27,3.1586,4.5
12,1,28,3.1113,5
12,1,29,2.906,2.75
12,1,30,3.0417,4
12,1,31,3.0378,5
12,1,32,3.0081,5.25
12,1,33,2.9454,4.25
12,1,34,2.8917,5.5
12,1,35,3.0497,4
12,1,36,3.0078,5
12,1,37,2.9989,4.5
12,1,38,3.2937,5.5
12,1,39,3.1661,5.75
12,1,40,3.034,4.25
12,1,41,2.8693,3.75
12,1,42,3.3362,4.25
12,1,43,2.9613,4.75
12,1,44,2.9639,5.5
12,1,45,3.0654,5
12,1,46,3.011,3.5
12,1,47,2.9542,5.5
12,1,48,3.0573,4.5
12,1,49,2.9718,4.75
12,1,50,3.0155,0.75
12,1,51,2.9987,0
12,1,52,3.185,1.75
12,1,53,3.1139,4.5
12,1,54,3.0656,4.75
12,1,55,3.4933,5
12,1,56,2.9917,1
12,1,57,2.8116,0
12,1,58,3.0627,2.25
12,1,59,3.1284,1.5
12,1,60,2.9781,3.75
12,1,61,3.285,4
12,1,62,2.9701,2.5
12,1,63,2.978,3
12,1,64,2.9687,4
12,1,65,3.181,4.5
12,1,66,2.7843,3
12,1,67,3.0582,2.75
12,1,68,3.1056,4.25
12,1,69,3.3758,3.75
12,1,70,2.8217,0
12,1,71,2.8978,0
12,1,72,3.4047,3.25
12,1,73,3.6366,4.25
12,1,74,3.2844,5
12,1,75,3.1505,5.25
12,1,76,3.2152,4
12,1,77,3.0134,4.75
12,1,78,3.3386,6
12,1,79,3.3824,4.25
12,1,80,3.0471,4
12,1,81,3.1881,4
12,1,82,3.1706,4
12,1,83,3.2937,5.5
12,1,84,3.4296,4.5
12,1,85,3.2582,4.75
12,1,86,3.0737,3
12,1,87,3.1812,5
12,1,88,3.1069,4.5
12,1,89,3.007,3.5
12,1,90,3.2856,4
12,1,91,3.2871,4.5
12,1,92,3.1297,3.25
12,1,93,3.0534,3.75
12,1,94,2.9882,2.75
12,1,95,2.973,0.75
12,1,96,2.9627,3.25
12,1,97,3.3343,4.25
12,1,98,3.4051,3.75
12,1,99,3.6724,1.75
12,1,100,3.4321,2.75
12,1,101,3.2187,3.25
12,1,102,3.3747,4.5
12,1,103,3.2086,4.5
12,1,104,3.2377,2.5
12,1,105,2.9566,3.25
12,1,106,3.2093,1.25
12,1,107,3.1722,4.5
12,1,108,3.0012,3.25
12,1,109,3.0216,3.5
12,1,110,3.0663,5
12,1,111,3.0128,2.75
12,1,112,3.2979,1.5
12,1,113,2.8155,2
12,1,114,2.8932,0
12,2,1,3.3,0.75
12,2,2,3.063,0
12,2,3,3.7042,3.75
12,2,4,3.4828,4
12,2,5,3.7971,5.25
12,2,6,3.4691,3.5
12,2,7,3.6961,5
12,2,8,3.3751,4
12,2,9,3.2159,4
12,2,10,3.4113,4.25
12,2,11,3.5391,5
12,2,12,3.1655,5.25
12,2,13,3.6529,3.5
12,2,14,3.7158,4.25
12,2,15,3.0745,0.75
12,2,16,3.3722,1.25
12,2,17,2.9651,1.25
12,2,18,3.7363,1
12,2,19,3.7505,4.5
12,2,20,3.6654,4
12,2,21,3.5484,3.75
12,2,22,3.7103,5
12,2,23,3.5195,5.25
12,2,24,3.7253,4.25
12,2,25,3.7369,4.75
12,2,26,3.4393,2.75
12,2,27,3.7703,4.5
12,2,28,3.6413,4.75
12,2,29,3.6792,3
12,2,30,3.588,4.5
12,2,31,3.5937,4.75
12,2,32,3.6308,3.25
12,2,33,3.6275,3.75
12,2,34,3.7425,4.25
12,2,35,3.5883,3
12,2,36,3.3955,5.75
12,2,37,3.5614,3.5
12,2,38,4.0153,2
12,2,39,3.6435,2
12,2,40,3.584,3.5
12,2,41,3.5418,5.25
12,2,42,3.2855,3.5
12,2,43,3.7842,4.5
12,2,44,3.5575,3.75
12,2,45,3.3974,4
12,2,46,3.5465,4.25
12,2,47,3.6794,4.75
12,2,48,3.5861,4.5
12,2,49,3.6555,5.25
12,2,50,3.7738,4.75
12,2,51,3.8389,3
12,2,52,3.5753,4.75
12,2,53,3.614,3.75
12,2,54,3.3482,4.5
12,2,55,3.4513,4.5
12,2,56,3.6411,5
12,2,57,3.5385,4.75
12,2,58,3.3367,3.75
12,2,59,3.3879,5
12,2,60,3.4972,0.75
12,2,61,3.0942,1.25
12,2,62,3.1663,1.75
12,2,63,3.4039,1.75
12,2,64,3.175,1.5
12,2,65,2.9549,2.25
12,2,66,3.4015,1
12,2,67,3.5918,3
12,2,68,3.2415,2
12,2,69,3.3158,2.25
12,2,70,3.2333,1.25
12,2,71,3.1637,1.5
12,2,72,2.6973,0.75
12,2,73,2.9631,2
12,2,74,3.0794,0
12,2,75,3.1332,1
12,2,76,2.9212,1.5
12,2,77,3.6893,5
12,2,78,3.3436,4
12,2,79,3.5486,3.75
12,2,80,3.4501,5.25
12,2,81,3.6608,5.5
12,2,82,3.3589,2.5
12,2,83,3.3636,3.75
12,2,84,2.9826,4.25
12,2,85,3.296,4.75
12,2,86,3.466,4
12,2,87,3.4031,4.75
12,2,88,3.284,5
12,2,89,3.584,3.75
12,2,90,3.3853,3.25
12,2,91,3.1873,4.5
12,2,92,2.9525,3.5
12,2,93,3.0728,5
12,2,94,2.9179,2.5
12,2,95,3.088,4.75
12,2,96,3.1,4.75
12,2,97,3.3309,1.5
12,2,98,3.1284,2.75
12,2,99,2.9484,3.25
12,2,100,3.485,2.5
12,2,101,3.5157,3
12,2,102,3.1851,1.75
12,2,103,3.4286,2.5
12,2,104,3.6714,2
12,2,105,3.5811,4
12,2,106,2.8631,3.5
12,2,107,3.5389,2.25
12,2,108,2.8576,2
12,2,109,3.1351,3.25
12,2,110,3.3229,2.25
12,2,111,3.4715,4
12,2,112,3.6288,3.75
12,2,113,3.4066,3.25
12,2,114,3.4998,3.5
12,2,115,3.264,2.75
12,2,116,3.1145,3
12,2,117,2.9726,0
12,2,118,3.0018,1.25
16,2,1,2.9313,1.75
16,2,2,2.9179,0
16,2,3,2.6205,0.75
16,2,4,3.2417,1.75
16,2,5,2.8534,4
16,2,6,2.6842,4.5
16,2,7,2.6724,5
16,2,8,2.9813,3.25
16,2,9,2.7876,3.5
16,2,10,3.0881,5.5
16,2,11,2.7241,4.5
16,2,12,2.7423,5.5
16,2,13,2.8429,4.5
16,2,14,2.7869,4
16,2,15,2.9249,4.25
16,2,16,3.0796,1
16,2,17,3.2427,2.25
16,2,18,3.1713,0.5
16,2,19,3.0703,0
16,2,20,2.9203,1.25
16,2,21,3.6532,3.75
16,2,22,3.3865,1.75
16,2,23,3.3263,2.5
16,2,24,3.6558,3.5
16,2,25,3.5604,3
16,2,26,3.3247,3.25
16,2,27,3.2924,4.25
16,2,28,3.5303,3.25
16,2,29,3.5065,2
16,2,30,3.3422,3
16,2,31,3.4729,2
16,2,32,3.3162,2.75
16,2,33,3.5154,1.5
16,2,34,3.5296,2.25
16,2,35,3.2858,2.5
16,2,36,3.4184,3.75
16,2,37,3.1837,4.5
16,2,38,3.553,4
16,2,39,3.4343,2.25
16,2,40,3.0742,2
16,2,41,3.3653,1.75
16,2,42,3.6386,2.5
16,2,43,3.5071,2.25
16,2,44,3.1059,2.75
16,2,45,3.5379,3
16,2,46,3.5764,2.5
16,2,47,3.5701,1.75
16,2,48,3.149,3.25
16,2,49,3.0666,2.75
16,2,50,3.3727,2.25
16,2,51,3.4239,3.5
16,2,52,3.349,2.25
16,2,53,3.4582,4
16,2,54,3.3784,1.25
16,2,55,3.6918,4
16,2,56,3.6004,4.75
16,2,57,3.6223,3
16,2,58,3.4955,2.25
16,2,59,3.4141,3
16,2,60,3.5698,3
16,2,61,3.3586,2.5
16,2,62,3.0223,0
16,2,63,3.3186,1.75
16,2,64,3.3746,0
16,2,65,3.0267,5
16,2,66,3.2509,5.75
16,2,67,3.2703,3.5
16,2,68,3.341,1.25
16,2,69,2.9192,1.75
16,2,70,3.4387,1.75
16,2,71,3.7365,4
16,2,72,3.591,2.25
16,2,73,3.5678,4
16,2,74,3.1067,0.75
16,2,75,3.3391,0.5
16,2,76,3.3176,3
16,2,77,3.0847,5.5
16,2,78,3.7033,4.25
16,2,79,3.4775,5
16,2,80,3.2863,4
16,2,81,2.9276,2.5
16,2,82,3.7452,2.25
16,2,83,2.9916,4.5
16,2,84,3.2123,3.75
16,2,85,3.3509,3.5
16,2,86,3.3155,4.5
16,2,87,2.9241,3.5
16,2,88,3.5537,3.75
16,2,89,3.3833,1.75
16,2,90,3.3139,1.75
16,2,91,3.6581,3.25
16,2,92,3.6305,2.5
16,2,93,3.6669,4
16,2,94,3.6015,4
16,2,95,3.412,3.5
16,2,96,3.5166,3.5
16,2,97,3.6017,2.75
16,2,98,3.2833,4.5
16,2,99,3.1543,3.25
16,2,100,3.2206,3.25
16,2,101,3.7632,5
16,2,102,3.7055,1.75
16,2,103,3.1234,3.25
16,2,104,3.1393,1.75
16,2,105,3.3002,3.75
16,2,106,3.5927,2.75
16,2,107,3.4442,3.25
16,2,108,2.9665,2.75
16,2,109,3.755,4.5
16,2,110,3.5829,2.25
16,2,111,3.3342,3.5
16,2,112,3.2879,1.5
16,2,113,3.5091,2.5
16,2,114,3.2679,3.5
16,2,115,3.3611,2.75
16,2,116,2.869,4
16,2,118,3.3166,1.75
16,2,119,3.1024,2.5
16,2,1,3.3768,1.75
16,2,2,3.3064,0
16,2,3,2.9727,0.75
16,2,4,3.098,1.75
16,2,5,2.9221,4
16,2,6,3.3632,4.5
16,2,7,3.4047,5
16,2,8,2.9559,3.25
16,2,9,3.1619,3.5
16,2,10,3.3401,5.5
16,2,11,3.2379,4.5
16,2,12,3.0431,5.5
16,2,13,3.1737,4.5
16,2,14,3.0076,4
16,2,15,3.1471,4.25
16,2,16,3.4011,1
16,2,17,3.463,2.25
16,2,18,3.3795,0.5
16,2,19,2.7463,0
16,2,20,3.2515,1.25
16,2,21,3.6284,3.75
16,2,22,3.584,1.75
16,2,23,3.3944,2.5
16,2,24,3.2534,3.5
16,2,25,2.8768,3
16,2,26,3.4952,3.25
16,2,27,3.2544,4.25
16,2,28,3.2923,3.25
16,2,29,3.3862,2
16,2,30,3.0423,3
16,2,31,3.2573,2
16,2,32,3.1792,2.75
16,2,33,3.3839,1.5
16,2,34,3.4674,2.25
16,2,35,2.9901,2.5
16,2,36,2.8293,3.75
16,2,37,3.1838,4.5
16,2,38,3.0705,4
16,2,39,3.2477,2.25
16,2,40,3.1655,2
16,2,41,3.0847,1.75
16,2,42,3.4256,2.5
16,2,43,3.3445,2.25
16,2,44,3.1883,2.75
16,2,45,3.2512,3
16,2,46,3.2741,2.5
16,2,47,3.3401,1.75
16,2,48,3.1635,3.25
16,2,49,3.0277,2.75
16,2,50,3.2993,2.25
16,2,51,3.5332,3.5
16,2,52,3.4718,2.25
16,2,53,3.7116,4
16,2,54,3.2105,1.25
16,2,55,3.2712,4
16,2,56,3.3861,4.75
16,2,57,3.3539,3
16,2,58,3.0787,2.25
16,2,59,3.2719,3
16,2,60,3.1239,3
16,2,61,3.0349,2.5
16,2,62,3.1863,0
16,2,63,3.1851,1.75
16,2,64,3.3406,0
16,2,65,3.2024,5
16,2,66,3.3879,5.75
16,2,67,3.1512,3.5
16,2,68,3.4414,1.25
16,2,69,3.4577,1.75
16,2,70,3.4335,1.75
16,2,71,3.4359,4
16,2,72,3.1958,2.25
16,2,73,3.0413,4
16,2,74,3.0972,0.75
16,2,75,2.5692,0.5
16,2,76,3.2137,3
16,2,77,2.7505,5.5
16,2,78,3.7398,4.25
16,2,79,3.4917,5
16,2,80,3.8243,4
16,2,81,2.8946,2.5
16,2,82,3.4503,2.25
16,2,83,3.5586,4.5
16,2,84,3.4242,3.75
16,2,85,3.5397,3.5
16,2,86,3.7322,4.5
16,2,87,3.6565,3.5
16,2,88,3.4912,3.75
16,2,89,3.4775,1.75
16,2,90,2.9373,1.75
16,2,91,3.3275,3.25
16,2,92,3.2782,2.5
16,2,93,3.536,4
16,2,94,3.5951,4
16,2,95,3.3681,3.5
16,2,96,3.6443,3.5
16,2,97,3.5354,2.75
16,2,98,3.493,4.5
16,2,99,3.5495,3.25
16,2,100,3.1406,3.25
16,2,101,3.5744,5
16,2,102,3.6238,1.75
16,2,103,3.5476,3.25
16,2,104,3.3843,1.75
16,2,105,3.1804,3.75
16,2,106,3.4182,2.75
16,2,107,3.3347,3.25
16,2,108,3.3181,2.75
16,2,109,3.5533,4.5
16,2,110,2.9339,2.25
16,2,111,3.5878,3.5
16,2,112,3.4873,1.5
16,2,113,3.4333,2.5
16,2,114,3.1885,3.5
16,2,115,3.0456,2.75
16,2,116,3.3799,4
16,2,117,3.2111,1.25
16,2,118,2.9138,1.75
16,2,119,2.964,2.5
17,1,1,3.1335,0.75
17,1,2,2.891,0.25
17,1,3,2.6345,0.5
17,1,4,3.1508,2.75
17,1,5,2.7319,2.75
17,1,6,3.0332,2.75
17,1,7,3.1182,2.75
17,1,8,2.716,2.75
17,1,9,3.0003,1.5
17,1,10,2.5822,1.5
17,1,11,2.917,1.5
17,1,12,3.2347,2.25
17,1,13,2.5882,0.5
17,1,14,3.2221,1.5
17,1,15,3.0919,1.25
17,1,16,3.2183,0
17,1,17,3.3844,3
17,1,18,3.4479,2.75
17,1,19,3.273,4
17,1,20,3.3412,3.5
17,1,21,3.4285,2.5
17,1,22,3.3891,3
17,1,23,3.447,2.5
17,1,24,3.323,3.25
17,1,25,3.8183,3.75
17,1,26,3.9283,3
17,1,27,3.4574,4.5
17,1,28,3.9517,4.25
17,1,29,3.6937,4
17,1,30,4.0535,5.25
17,1,31,3.6385,4
17,1,32,3.4155,4.5
17,1,33,3.5687,3.75
17,1,34,3.0878,3.25
17,1,35,3.5789,2.5
17,1,36,3.1686,2.75
17,1,37,3.6551,2.5
17,1,38,3.6576,2.25
17,1,39,3.2528,4.5
17,1,40,3.4706,3
17,1,41,3.1465,3.25
17,1,42,3.3449,3.75
17,1,43,3.672,4.25
17,1,44,3.3077,3.5
17,1,45,3.2669,3
17,1,46,3.312,4
17,1,47,3.6249,1.25
17,1,48,3.2094,0
17,1,49,3.3976,0.5
17,1,50,3.4574,3.75
17,1,51,3.3584,3
17,1,52,3.9579,2.75
17,1,53,3.5877,2.75
17,1,54,3.5692,3.25
17,1,55,3.1338,2.5
17,1,56,3.3994,3.25
17,1,57,3.4355,1.5
17,1,58,2.5922,0.25
17,1,59,3.3499,2.5
17,1,60,2.9704,3
17,1,61,2.3477,2.25
17,1,62,2.5673,1.75
17,1,63,2.4033,1.75
17,1,64,2.7181,1
17,1,65,2.5115,1.25
17,1,66,2.7398,0.75
17,1,67,3.2473,3
17,1,68,3.1118,3.75
17,1,69,2.8148,2.5
17,1,70,2.5266,1
17,1,71,3.0634,0.25
17,1,72,3.8837,5.25
17,1,73,3.3813,4.25
17,1,74,3.606,3.25
17,1,75,3.3419,1.75
17,1,76,3.5295,4.5
17,1,77,3.771,3.5
17,1,78,3.5282,4.25
17,1,79,3.6794,3.25
17,1,80,3.6907,4.25
17,1,81,3.7918,4.5
17,1,82,3.6724,5
17,1,83,3.8524,3.5
17,1,84,3.6026,4.25
17,1,85,3.5746,4.75
17,1,86,3.7602,4
17,1,87,3.7706,2.5
17,1,88,3.8772,4.25
17,1,89,3.713,3.25
17,1,90,3.9252,5.5
17,1,91,3.8327,3.5
17,1,92,4.0618,5.25
17,1,93,3.4407,3.5
17,1,94,3.91,3.5
17,1,95,3.7082,5.25
17,1,96,3.5131,1.5
17,1,97,3.5253,2.5
17,1,98,3.9724,3.5
17,1,99,3.6336,3.5
17,1,100,3.8125,2.75
17,1,101,3.6418,3
17,1,102,3.4869,3.75
17,1,103,3.1495,3
17,1,104,3.6493,3.25
17,1,105,3.9218,3.75
17,1,106,3.7114,2.75
17,1,107,3.8845,3.25
17,1,108,3.6299,2.5
17,1,109,3.5631,2.5
17,1,110,3.5822,3.5
17,1,112,3.3997,0.5
17,1,113,3.0697,0
17,1,114,3.2123,2
17,1,1,2.8862,0.75
17,1,2,3.0584,0.25
17,1,3,3.2915,0.5
17,1,4,3.4585,2.75
17,1,5,3.3982,2.75
17,1,6,3.478,2.75
17,1,7,3.1927,2.75
17,1,8,3.1096,2.75
17,1,9,2.8327,1.5
17,1,10,2.8354,1.5
17,1,11,2.9327,1.5
17,1,12,2.9419,2.25
17,1,13,3.0858,0.5
17,1,14,2.8412,1.5
17,1,15,2.9422,1.25
17,1,16,2.9346,0
17,1,17,3.3038,3
17,1,18,3.4106,2.75
17,1,19,3.3969,4
17,1,20,3.305,3.5
17,1,21,3.3459,2.5
17,1,22,3.399,3
17,1,23,3.4313,2.5
17,1,24,3.3117,3.25
17,1,25,3.2811,3.75
17,1,26,3.3779,3
17,1,27,3.3877,4.5
17,1,28,3.2598,4.25
17,1,29,3.298,4
17,1,30,3.5073,5.25
17,1,31,3.4467,4
17,1,32,3.1827,4.5
17,1,33,3.2686,3.75
17,1,34,3.1681,3.25
17,1,35,3.2199,2.5
17,1,36,3.2583,2.75
17,1,37,3.2888,2.5
17,1,38,3.2125,2.25
17,1,39,3.1434,4.5
17,1,40,3.1291,3
17,1,41,3.3007,3.25
17,1,42,3.1388,3.75
17,1,43,3.4683,4.25
17,1,44,3.1679,3.5
17,1,45,3.4057,3
17,1,46,3.3544,4
17,1,47,3.4199,1.25
17,1,49,3.4078,0.5
17,1,51,3.326,3
17,1,52,3.372,2.75
17,1,53,3.4207,2.75
17,1,54,3.3684,3.25
17,1,55,3.5474,2.5
17,1,56,3.4254,3.25
17,1,57,3.2872,1.5
17,1,58,2.9656,0.25
17,1,59,3.4347,2.5
17,1,60,3.077,3
17,1,61,2.9712,2.25
17,1,62,3.059,1.75
17,1,63,2.9355,1.75
17,1,64,3.0549,1
17,1,65,2.8136,1.25
17,1,66,3.2727,0.75
17,1,67,3.3407,3
17,1,68,3.2688,3.75
17,1,69,2.937,2.5
17,1,70,3.0159,1
17,1,71,3.4453,0.25
17,1,72,3.5688,5.25
17,1,73,3.4522,4.25
17,1,74,3.2292,3.25
17,1,75,3.3613,1.75
17,1,76,3.5354,4.5
17,1,77,3.3927,3.5
17,1,78,3.3654,4.25
17,1,79,3.564,3.25
17,1,80,3.4647,4.25
17,1,81,3.3294,4.5
17,1,82,3.4296,5
17,1,83,3.3416,3.5
17,1,84,3.4341,4.25
17,1,85,3.4559,4.75
17,1,86,3.3891,4
17,1,87,3.4242,2.5
17,1,88,3.4294,4.25
17,1,89,3.5471,3.25
17,1,90,3.3352,5.5
17,1,91,3.4181,3.5
17,1,92,3.5269,5.25
17,1,93,3.5404,3.5
17,1,94,3.3117,3.5
17,1,95,3.7382,5.25
17,1,96,3.4642,1.5
17,1,97,3.49,2.5
17,1,98,3.3805,3.5
17,1,99,3.4585,3.5
17,1,100,3.39,2.75
17,1,101,3.463,3
17,1,102,3.5834,3.75
17,1,103,3.526,3
17,1,104,3.4273,3.25
17,1,105,3.5014,3.75
17,1,106,3.4095,2.75
17,1,107,3.4466,3.25
17,1,108,3.4682,2.5
17,1,109,3.4956,2.5
17,1,110,3.766,3.5
17,1,111,3.4227,2
17,1,112,3.266,0.5
17,1,113,3.1241,0
17,1,114,3.6524,2
18,1,1,2.6735,1
18,1,2,3.4263,4.25
18,1,3,3.4147,2.25
18,1,4,3.5002,3
18,1,5,3.4492,1.5
18,1,6,3.3828,3.5
18,1,7,3.3728,2.5
18,1,8,3.3663,2.25
18,1,9,3.5638,2
18,1,10,3.5637,1.75
18,1,11,3.7117,5.75
18,1,12,3.6631,6
18,1,13,3.6045,0.5
18,1,14,2.5251,1
18,1,15,2.6983,0.75
18,1,16,2.6951,2.3333
18,1,17,2.9656,3
18,1,18,3.0368,2.75
18,1,19,3.0983,2.75
18,1,20,3.1625,2.75
18,1,21,3.2797,2.5
18,1,22,3.1369,3.75
18,1,26,3.1619,2.75
18,1,27,3.1619,3.75
18,1,28,3.5326,3.25
18,1,29,3.5159,3.75
18,1,30,3.5585,2.75
18,1,31,3.1288,3.75
18,1,32,3.3359,1.25
18,1,33,3.2486,1
18,1,34,3.5299,2.25
18,1,35,3.5621,2.25
18,1,36,3.438,2.25
18,1,37,3.4452,2.75
18,1,38,3.2267,3.5
18,1,39,3.5307,4
18,1,40,3.3545,4
18,1,41,3.5216,4
18,1,42,3.3252,2.5
18,1,43,3.4373,4.25
18,1,44,3.4043,2.5
18,1,45,3.6129,4.75
18,1,46,3.265,2.25
18,1,47,3.1272,1.75
18,1,48,3.1398,1.75
18,1,49,3.3231,1.5
18,1,50,3.2343,2.25
18,1,51,3.2358,1.25
18,1,52,3.4434,1
18,1,53,3.5871,3.25
18,1,54,3.3521,1.25
18,1,55,3.5798,1.75
18,1,56,3.7348,3.25
18,1,57,3.0393,1.25
18,1,58,2.5855,0
18,1,59,3.3084,1.6667
18,1,60,3.4569,1
18,1,61,3.4693,3.25
18,1,62,3.3026,1.5
18,1,64,3.4257,2.25
18,1,65,3.3063,1
18,1,66,3.3474,1.75
18,1,67,3.2834,1
18,1,68,3.3485,2.5
18,1,69,3.244,1
18,1,70,3.0126,0.75
18,1,71,2.9221,2
18,1,72,2.6144,0.25
18,1,73,3.2401,2
18,1,74,3.3797,1.5
18,1,75,3.3898,1
18,1,76,3.4672,2
18,1,77,3.3225,1
18,1,78,3.4449,2
18,1,79,3.455,2.25
18,1,80,3.4782,3.5
18,1,81,3.57,3.75
18,1,82,3.2253,3.25
18,1,84,3.6719,4.5
18,1,85,3.2782,4
18,1,86,3.1619,2.5
18,1,89,3.2712,2.25
18,1,90,3.2605,2.5
18,1,91,3.3487,2.5
18,1,92,3.3647,2.25
18,1,93,3.2799,2
18,1,94,3.3237,2.5
18,1,95,3.5252,4.25
18,1,96,3.1937,2.5
18,1,97,3.3659,3.25
18,1,98,3.5567,2.25
18,1,99,3.3082,2.5
18,1,100,3.2609,3.75
18,1,101,3.5884,2.25
18,1,102,3.2369,2.25
18,1,103,3.1944,2
18,1,104,3.2978,3.25
18,1,105,3.4575,1.75
18,1,108,3.265,2.5
18,1,109,3.4629,3
18,1,110,3.4071,1.75
18,1,111,3.1051,2.75
18,1,112,3.2842,1.25
18,1,113,3.3687,1.5
18,1,1,3.6224,1
18,1,2,3.7801,4.25
18,1,3,3.6912,2.25
18,1,4,3.5781,3
18,1,5,2.9947,1.5
18,1,6,3.3148,3.5
18,1,7,3.2344,2.5
18,1,8,3.1085,2.25
18,1,9,2.9773,2
18,1,10,3.1013,1.75
18,1,11,3.3217,5.75
18,1,12,3.4066,6
18,1,13,3.2877,0.5
18,1,14,3.6273,1
18,1,15,3.6995,0.75
18,1,16,3.4983,2.3333
18,1,17,3.6355,3
18,1,18,3.5576,2.75
18,1,19,3.5111,2.75
18,1,20,3.8169,2.75
18,1,21,3.7753,2.5
18,1,22,3.585,3.75
18,1,23,3.4149,2.5
18,1,24,3.6564,3.25
18,1,25,3.5924,3
18,1,26,3.6632,2.75
18,1,27,3.3375,3.75
18,1,28,3.3617,3.25
18,1,29,3.4298,3.75
18,1,30,3.5486,2.75
18,1,31,3.4431,3.75
18,1,32,3.1766,1.25
18,1,33,3.3227,1
18,1,34,3.5057,2.25
18,1,35,3.6469,2.25
18,1,36,3.6529,2.25
18,1,37,3.7037,2.75
18,1,38,3.8102,3.5
18,1,39,3.5583,4
18,1,40,3.5956,4
18,1,41,3.6904,4
18,1,42,3.4448,2.5
18,1,43,3.6485,4.25
18,1,44,3.5988,2.5
18,1,45,3.6379,4.75
18,1,46,3.331,2.25
18,1,47,3.4406,1.75
18,1,48,3.6036,1.75
18,1,49,3.6612,1.5
18,1,50,3.4888,2.25
18,1,51,3.6937,1.25
18,1,52,3.5822,1
18,1,53,3.5783,3.25
18,1,54,3.4201,1.25
18,1,55,3.6275,1.75
18,1,56,3.6034,3.25
18,1,57,3.4195,1.25
18,1,58,3.8886,0
18,1,59,3.0817,1.6667
18,1,60,2.9524,1
18,1,61,2.8357,3.25
18,1,62,2.785,1.5
18,1,64,2.9823,2.25
18,1,65,2.7029,1
18,1,66,2.5241,1.75
18,1,67,2.9441,1
18,1,68,2.7067,2.5
18,1,69,3.3057,1
18,1,70,3.0729,0.75
18,1,71,3.6994,2
18,1,72,3.2833,0.25
18,1,73,3.7441,2
18,1,74,3.7213,1.5
18,1,75,3.6323,1
18,1,76,3.7034,2
18,1,77,3.6846,1
18,1,78,3.7213,2
18,1,79,3.1374,2.25
18,1,80,3.4165,3.5
18,1,81,3.4022,3.75
18,1,82,2.8208,3.25
18,1,83,3.6032,3.75
18,1,84,3.7632,4.5
18,1,85,3.3015,4
18,1,86,2.6846,2.5
18,1,87,2.8877,3.25
18,1,88,3.2231,2.75
18,1,89,3.5054,2.25
18,1,90,3.247,2.5
18,1,91,3.6153,2.5
18,1,92,3.531,2.25
18,1,93,3.4575,2
18,1,94,3.3448,2.5
18,1,95,3.7132,4.25
18,1,96,3.2477,2.5
18,1,97,3.0707,3.25
18,1,98,3.0976,2.25
18,1,99,2.6847,2.5
18,1,100,3.7324,3.75
18,1,101,3.2988,2.25
18,1,102,3.0667,2.25
18,1,103,3.3269,2
18,1,104,3.1745,3.25
18,1,105,3.2508,1.75
18,1,106,3.3034,1.25
18,1,107,3.4246,3
18,1,108,3.0961,2.5
18,1,109,3.3206,3
18,1,110,3.1126,1.75
18,1,111,3.6154,2.75
18,1,112,3.0771,1.25
18,1,113,3.0537,1.5
3,1,1,3.3624,3.875
3,1,2,3.3108,4.5
3,1,3,3.3866,3
3,1,4,3.4913,3.25
3,1,5,3.4172,6
3,1,6,3.3353,4.5
3,1,7,3.4191,4.75
3,1,8,3.3228,3.5
3,1,9,3.2267,2.75
3,1,10,3.3713,2.875
3,1,11,3.1139,0.75
3,1,12,3.1484,1
3,1,13,3.1822,1.75
3,1,14,3.4123,3.75
3,1,15,3.2048,5
3,1,16,3.2906,4.75
3,1,17,3.4931,5
3,1,18,3.3744,3.75
3,1,19,3.3609,4.125
3,1,20,3.4365,2.5
3,1,21,3.4182,4.5
3,1,22,3.5017,4.8333
3,1,23,3.2498,3.875
3,1,24,3.3514,4.5
3,1,25,3.068,5.5
3,1,26,3.3054,4
3,1,27,3.3161,5.25
3,1,28,3.3759,4.75
3,1,29,3.5013,1.25
3,1,30,3.259,4.5
3,1,31,3.5225,3.6667
3,1,32,3.0413,4.5
3,1,33,3.4585,3
3,1,34,3.3849,4.125
3,1,35,3.4307,4.375
3,1,36,3.2537,3.5
3,1,37,2.9347,3.125
3,1,38,3.5416,4.5
3,1,39,3.4674,5.75
3,1,40,3.138,5
3,1,41,2.9777,3.25
3,1,42,3.069,1.5
3,1,43,3.2584,4
3,1,44,3.2976,3
3,1,45,3.3517,4.25
3,1,46,3.3224,5
3,1,47,3.2517,4.25
3,1,48,3.4175,2.5
3,1,49,3.3908,5
3,1,50,3.3285,4.6667
3,1,51,3.2899,4.5
3,1,52,3.3416,3.5
3,1,53,3.2585,1.25
3,1,54,2.8375,0
3,1,55,3.0925,3.25
3,1,56,2.9805,4
3,1,57,3.0041,4.875
3,1,58,3.0156,4.5
3,1,59,3.0232,5.5
3,1,60,3.1154,5.5
3,1,61,3.2742,5.5
3,1,62,3.0418,4.375
3,1,63,3.1915,4.75
3,1,64,3.0311,5.75
3,1,65,2.9813,6.25
3,1,66,2.8838,3
3,1,67,2.9325,0.25
3,1,68,3.0718,0
3,1,69,3.0674,1.25
3,1,70,3.2869,2.75
3,1,71,3.1663,2
3,1,72,3.1901,0
3,1,73,3.3461,3
3,1,74,3.3575,4
3,1,75,3.2817,4
3,1,76,3.2694,4
3,1,77,3.2396,4.5
3,1,78,3.3504,5.25
3,1,79,3.3623,5.25
3,1,80,3.3511,2.75
3,1,81,3.4002,2.75
3,1,82,3.3501,3
3,1,83,3.2974,4.5
3,1,84,3.3215,3.75
3,1,85,3.4265,2
3,1,86,3.3521,4.25
3,1,87,3.146,4.25
3,1,88,3.203,4
3,1,89,3.2391,4.25
3,1,90,3.3429,3.75
3,1,91,3.3773,4
3,1,92,3.3375,3.5
3,1,93,3.4152,3.25
3,1,94,3.2859,3.25
3,1,95,3.2948,3.75
3,1,96,3.3728,3.875
3,1,97,3.0981,1.25
3,1,98,2.9341,1.75
3,1,99,3.2829,1.5
3,1,100,3.2418,2.375
3,1,101,3.2349,4.375
3,1,102,3.2977,5.25
3,1,103,3.145,1.5
3,1,104,3.2128,3.5
3,1,105,3.2897,1.25
3,1,106,3.2362,2.75
3,1,107,3.2228,5.25
3,1,108,3.1725,2.25
3,1,109,3.0994,1
3,1,110,2.9908,1
3,2,1,2.8149,0.75
3,2,2,2.7172,1.875
3,2,3,2.7788,0
3,2,4,3.1128,1.5
3,2,5,3.3425,3.25
3,2,6,3.3219,5.25
3,2,7,3.3937,6
3,2,8,3.5087,6
3,2,9,3.3988,4.5
3,2,10,3.3537,4
3,2,11,3.4152,4.125
3,2,12,3.4989,5.25
3,2,13,3.4186,5
3,2,14,3.2342,3.25
3,2,15,2.9711,0
3,2,16,2.8416,0
3,2,26,3.3142,2.5
3,2,27,3.3719,4
3,2,28,3.3568,4
3,2,29,3.2869,5.25
3,2,30,3.3079,3.25
3,2,31,3.449,3.25
3,2,32,3.5534,3.25
3,2,33,3.3754,5
3,2,34,3.3238,3.5
3,2,35,3.4382,3.875
3,2,36,3.1441,2.75
3,2,37,3.2656,2.25
3,2,38,3.412,3.25
3,2,39,3.4473,4.25
3,2,40,3.495,2.75
3,2,41,3.5197,3.5
3,2,42,3.3232,2.5
3,2,43,3.1937,4
3,2,44,3.4281,5
3,2,45,3.309,3.25
3,2,46,3.1532,4.5
3,2,47,3.0773,3.875
3,2,48,3.406,4.25
3,2,49,3.3324,2.75
3,2,50,3.4206,3.75
3,2,51,3.4565,4
3,2,52,3.4316,1.5
3,2,53,3.3592,4.5
3,2,54,3.3,2.75
3,2,55,3.5558,3.3333
3,2,56,3.5355,3.25
3,2,57,3.4921,1.75
3,2,58,2.6167,0
3,2,59,2.4521,0
3,2,60,2.9334,3.75
3,2,61,3.0686,4.25
3,2,62,3.1319,5.25
3,2,63,3.081,1.25
3,2,64,3.0817,2.375
3,2,65,3.2244,3
3,2,66,3.3781,3.75
3,2,67,3.1056,5.25
3,2,68,3.0784,5.5
3,2,69,2.757,1.25
3,2,70,2.9852,3.6667
3,2,71,3.2403,2.375
3,2,72,2.8814,0.5
3,2,73,3.0613,3.75
3,2,74,3.3348,3.25
3,2,75,3.0091,0.5
3,2,76,3.0794,0.5
3,2,77,3.2601,2.25
3,2,78,3.2836,2.75
3,2,79,3.2797,3.75
3,2,80,3.0954,4.75
3,2,81,3.2964,4.375
3,2,82,3.2965,3.25
3,2,83,3.3693,4.25
3,2,84,3.3516,4
3,2,85,3.4024,3.25
3,2,86,3.4513,2.75
3,2,87,3.3758,3.75
3,2,88,3.3449,4
3,2,89,3.2399,3.25
3,2,90,3.4963,4.25
3,2,91,3.097,4.5
3,2,92,3.3993,3.25
3,2,93,3.4503,5
3,2,94,3.3076,3.75
3,2,95,3.498,1.5
3,2,96,3.4612,3.125
3,2,97,3.311,5
3,2,98,3.4031,4.5
3,2,99,3.3776,2.625
3,2,100,3.356,1.25
3,2,101,3.3929,3.125
3,2,102,3.4391,2
3,2,103,3.374,4
3,2,104,3.4024,3.5
3,2,105,3.2881,3.5
3,2,106,3.2185,3.5
3,2,107,3.2149,4.625
3,2,108,3.3503,4
3,2,109,3.4351,1.9583
3,2,110,3.5092,4.25
3,2,111,3.2821,3.5
3,2,112,3.149,4
3,2,113,3.4799,3
3,2,114,3.19,0.25
3,2,115,3.0043,0
3,1,1,3.4398,3.875
3,1,2,3.4471,4.5
3,1,3,3.3791,3
3,1,4,3.1909,3.25
3,1,5,3.0081,6
3,1,6,3.0544,4.5
3,1,7,3.1625,4.75
3,1,8,3.1937,3.5
3,1,9,3.1296,2.75
3,1,10,3.2295,2.875
3,1,11,3.1361,0.75
3,1,12,2.9909,1
3,1,13,3.1336,1.75
3,1,14,3.0552,3.75
3,1,15,3.0744,5
3,1,16,3.2704,4.75
3,1,17,3.0749,5
3,1,18,3.0587,3.75
3,1,19,3.1036,4.125
3,1,20,3.1168,2.5
3,1,21,3.0352,4.5
3,1,22,2.7793,4.8333
3,1,23,3.434,3.875
3,1,24,2.8125,4.5
3,1,25,3.1753,5.5
3,1,26,2.9544,4
3,1,27,3.2219,5.25
3,1,28,3.134,4.75
3,1,29,3.4777,1.25
3,1,30,3.4308,4.5
3,1,31,3.4668,3.6667
3,1,32,3.2712,4.5
3,1,33,3.1984,3
3,1,34,3.0046,4.125
3,1,35,3.079,4.375
3,1,36,3.1711,3.5
3,1,38,3.0598,4.5
3,1,39,3.057,5.75
3,1,40,3.3895,5
3,1,41,3.0976,3.25
3,1,42,3.2359,1.5
3,1,43,3.5093,4
3,1,44,3.5414,3
3,1,45,3.498,4.25
3,1,46,3.505,5
3,1,47,3.4609,4.25
3,1,48,3.3619,2.5
3,1,49,3.4625,5
3,1,50,3.594,4.6667
3,1,51,3.3766,4.5
3,1,52,3.4763,3.5
3,1,53,3.323,1.25
3,1,54,2.6995,0
3,1,55,3.3422,3.25
3,1,56,3.4379,4
3,1,57,3.2339,4.875
3,1,58,3.3641,4.5
3,1,59,3.1683,5.5
3,1,60,3.1942,5.5
3,1,61,3.1373,5.5
3,1,62,3.0928,4.375
3,1,63,3.1253,4.75
3,1,64,2.9724,5.75
3,1,65,3.0053,6.25
3,1,66,3.1209,3
3,1,67,3.2032,0.25
3,1,68,3.0878,0
3,1,69,3.2682,1.25
3,1,70,3.449,2.75
3,1,71,3.4478,2
3,1,72,3.1659,0
3,1,73,3.2976,3
3,1,74,3.239,4
3,1,75,3.3543,4
3,1,76,2.945,4
3,1,77,2.9702,4.5
3,1,78,3.4549,5.25
3,1,79,3.5602,5.25
3,1,80,3.6312,2.75
3,1,81,3.2365,2.75
3,1,82,3.666,3
3,1,83,3.5917,4.5
3,1,84,3.4403,3.75
3,1,85,3.4915,2
3,1,86,3.4424,4.25
3,1,87,3.3576,4.25
3,1,88,3.5099,4
3,1,89,3.4177,4.25
3,1,90,3.4025,3.75
3,1,91,3.4522,4
3,1,92,2.8866,3.5
3,1,93,3.2204,3.25
3,1,94,3.3487,3.25
3,1,95,3.5048,3.75
3,1,96,3.4916,3.875
3,1,97,3.0105,1.25
3,1,98,3.0618,1.75
3,1,99,3.4047,1.5
3,1,100,3.1782,2.375
3,1,101,3.2092,4.375
3,1,102,2.9909,5.25
3,1,103,3.3669,1.5
3,1,104,3.276,3.5
3,1,105,3.3655,1.25
3,1,106,3.4764,2.75
3,1,107,3.4757,5.25
3,1,108,3.0797,2.25
3,1,109,3.1948,1
3,1,110,3.2225,1
3,2,1,3.1028,0.75
3,2,2,3.1538,1.875
3,2,3,3.2294,0
3,2,4,3.2955,1.5
3,2,5,3.4641,3.25
3,2,6,3.3502,5.25
3,2,7,3.4758,6
3,2,8,3.4786,6
3,2,9,3.2443,4.5
3,2,10,3.2758,4
3,2,11,3.3282,4.125
3,2,12,3.3712,5.25
3,2,13,3.3017,5
3,2,14,3.3658,3.25
3,2,15,2.9555,0
3,2,16,3.514,0
3,2,26,3.514,2.5
3,2,27,3.3371,4
3,2,28,3.4724,4
3,2,29,3.4065,5.25
3,2,30,3.4896,3.25
3,2,31,3.5515,3.25
3,2,32,3.2507,3.25
3,2,33,3.5474,5
3,2,34,3.4941,3.5
3,2,35,3.4301,3.875
3,2,36,3.474,2.75
3,2,37,3.373,2.25
3,2,38,3.5072,3.25
3,2,39,3.3856,4.25
3,2,40,3.2168,2.75
3,2,41,3.4013,3.5
3,2,42,3.4675,2.5
3,2,43,3.5018,4
3,2,44,3.524,5
3,2,45,3.4777,3.25
3,2,46,3.5857,4.5
3,2,47,3.375,3.875
3,2,48,3.5868,4.25
3,2,49,3.5106,2.75
3,2,50,3.5555,3.75
3,2,51,3.4147,4
3,2,52,3.3885,1.5
3,2,53,3.5567,4.5
3,2,54,3.3126,2.75
3,2,55,3.196,3.3333
3,2,56,3.531,3.25
3,2,57,3.1309,1.75
3,2,58,2.7928,0
3,2,59,2.9509,0
3,2,60,3.0242,3.75
3,2,61,3.1509,4.25
3,2,62,3.3298,5.25
3,2,63,3.1398,1.25
3,2,64,3.0992,2.375
3,2,65,3.0346,3
3,2,66,3.1686,3.75
3,2,67,3.2607,5.25
3,2,68,3.2173,5.5
3,2,69,3.1017,1.25
3,2,70,3.1012,3.6667
3,2,71,3.0717,2.375
3,2,72,3.0032,0.5
3,2,73,2.9927,3.75
3,2,74,2.8933,3.25
3,2,76,3.1005,0.5
3,2,77,3.3645,2.25
3,2,78,3.4384,2.75
3,2,79,3.1255,3.75
3,2,80,3.3373,4.75
3,2,81,3.3389,4.375
3,2,82,3.3565,3.25
3,2,83,3.4029,4.25
3,2,84,3.3911,4
3,2,85,3.4158,3.25
3,2,86,3.175,2.75
3,2,87,3.3696,3.75
3,2,88,3.2444,4
3,2,89,3.1637,3.25
3,2,90,3.1912,4.25
3,2,91,3.3015,4.5
3,2,92,3.5157,3.25
3,2,93,3.4548,5
3,2,94,3.2063,3.75
3,2,95,3.42,1.5
3,2,96,3.1933,3.125
3,2,97,3.2118,5
3,2,98,3.1034,4.5
3,2,99,3.1075,2.625
3,2,100,3.0394,1.25
3,2,101,3.3916,3.125
3,2,102,3.0985,2
3,2,103,3.168,4
3,2,104,2.9592,3.5
3,2,105,3.1447,3.5
3,2,106,3.4691,3.5
3,2,107,3.4626,4.625
3,2,108,3.4363,4
3,2,109,3.0593,1.9583
3,2,110,3.3024,4.25
3,2,111,3.0907,3.5
3,2,112,3.2745,4
3,2,113,3.1155,3
3,2,114,2.8227,0.25
3,2,115,2.8836,0
4,1,1,3.0792,0
4,1,2,2.5706,0
4,1,3,2.7266,1
4,1,4,3.3901,1.5
4,1,6,3.5134,1.5
4,1,10,3.4912,3
4,1,11,3.3958,1
4,1,12,3.3132,2.5
4,1,13,3.5461,1.5
4,1,15,3.3805,0.75
4,1,16,3.3271,1
4,1,17,3.2113,1.25
4,1,18,3.222,0
4,1,19,3.3001,0.75
4,1,20,3.3907,0.25
4,1,21,3.221,0
4,1,22,3.4293,1.25
4,1,23,3.0468,1
4,1,24,3.2616,2
4,1,26,3.4083,4.375
4,1,27,3.3144,2.75
4,1,28,3.4042,2.25
4,1,29,3.4138,3
4,1,30,3.4772,1.125
4,1,31,3.3899,2.25
4,1,32,3.5393,1.5
4,1,33,3.4203,1.5
4,1,34,3.3594,1.5
4,1,35,3.2097,1.75
4,1,36,3.3504,0.875
4,1,37,3.326,2.25
4,1,38,3.2544,2.5
4,1,39,3.3589,2.5
4,1,40,3.3999,4
4,1,41,3.3596,2.5
4,1,42,3.5168,1.75
4,1,43,3.413,0
4,1,44,3.24,0
4,1,45,3.323,2.125
4,1,46,3.2503,3.75
4,1,47,3.4393,4.25
4,1,48,3.4108,1.5
4,1,49,3.3206,4.25
4,1,50,3.2048,2
4,1,51,3.177,2.75
4,1,52,3.244,3.25
4,1,53,3.3551,2.5
4,1,54,3.3758,3.375
4,1,55,3.2269,2.5
4,1,56,3.2137,2
4,1,57,3.2388,2.75
4,1,58,3.2321,2.25
4,1,59,3.3964,1.875
4,1,60,3.2165,0
4,1,61,2.7668,0
4,1,62,3.1578,0.25
4,1,63,3.2418,1
4,1,64,3.4144,3.5
4,1,65,3.1853,4.75
4,1,66,3.1719,1
4,1,67,3.3186,1.75
4,1,68,3.4694,5
4,1,69,3.3625,5.5
4,1,70,3.4479,5.25
4,1,71,3.376,2.125
4,1,72,3.5043,3.25
4,1,73,3.3681,4.25
4,1,74,3.5857,3.5
4,1,75,3.4733,4.75
4,1,76,3.0845,0
4,1,77,2.9511,2.625
4,1,80,3.1719,3.5
4,1,86,3.1802,1.6667
4,1,88,3.5806,1.5
4,1,89,3.2048,1.75
4,1,90,3.23,1.375
4,1,91,3.2351,2.25
4,1,92,3.2549,2
4,1,94,3.3787,1.5
4,1,95,3.4072,3.25
4,1,97,3.6259,1.25
4,1,98,3.2766,3.25
4,1,99,3.531,2.375
4,1,100,3.3568,0.75
4,1,101,3.309,3.875
4,1,102,3.3903,1.5
4,1,103,3.4218,1
4,1,104,3.3574,1.25
4,1,105,3.5034,3.625
4,1,106,3.3215,2.25
4,1,107,3.3233,1
4,1,109,3.3558,2.75
4,1,110,3.5325,4
4,1,111,3.5462,3.5
4,1,112,3.5509,1
4,1,113,3.5426,3.25
4,1,114,3.4517,1.5
4,1,115,3.3189,3.5
4,1,116,3.2309,1.75
4,1,117,3.5758,1.25
4,1,118,3.5372,4.5
4,1,119,3.3298,0
4,1,120,3.3479,0
4,2,1,3.2023,0.25
4,2,2,3.142,0
4,2,3,2.928,0.25
4,2,4,3.0033,0.25
4,2,5,3.134,2.25
4,2,6,3.1839,2.375
4,2,7,3.1912,1
4,2,8,3.3625,1.5
4,2,9,3.2879,2.625
4,2,10,3.0547,1
4,2,11,3.065,0.75
4,2,12,3.1062,1
4,2,13,3.186,1
4,2,14,3.2112,4.125
4,2,15,3.0034,0
4,2,16,2.941,0
4,2,17,3.2851,2.75
4,2,18,3.636,3.75
4,2,19,3.6392,2.75
4,2,20,3.6876,2
4,2,21,3.6368,1.75
4,2,22,3.6055,2.5
4,2,23,3.5863,2.25
4,2,24,3.6389,2.5
4,2,25,3.6789,1.5
4,2,26,3.6719,2.5
4,2,27,3.5738,2.6667
4,2,28,3.7995,4.25
4,2,29,3.6819,2
4,2,30,3.5185,4
4,2,31,3.587,2.875
4,2,32,3.5521,2.5
4,2,33,3.6532,2.75
4,2,34,3.4693,2.375
4,2,35,3.5613,1.75
4,2,36,3.5689,2.75
4,2,37,3.6608,4.25
4,2,38,3.684,1.5
4,2,39,3.6369,2.25
4,2,40,3.702,3.375
4,2,41,3.5383,2.5
4,2,42,3.6085,0.5
4,2,43,3.2962,1
4,2,44,3.6276,3.75
4,2,45,3.7301,2.5
4,2,46,3.6505,3.5
4,2,47,3.5927,3.5
4,2,48,3.6387,3
4,2,49,3.3157,3.75
4,2,50,3.418,2
4,2,51,3.3794,2.5
4,2,52,3.6243,1.75
4,2,53,3.5596,4
4,2,54,3.6691,2.375
4,2,55,3.4758,1.75
4,2,56,3.5494,3.25
4,2,57,3.6954,2
4,2,58,3.4903,3.25
4,2,59,2.9296,0
4,2,60,3.0552,0.75
4,2,61,2.9239,1
4,2,62,3.1604,1.5
4,2,63,3.3063,1
4,2,64,3.3509,1
4,2,65,3.2629,1
4,2,66,3.2186,1
4,2,67,2.996,1
4,2,68,2.827,1
4,2,69,3.0896,1.25
4,2,70,2.8698,1
4,2,71,2.9344,1
4,2,72,3.1055,0
4,2,73,3.2831,3
4,2,74,3.7871,2.875
4,2,75,3.5362,2.5
4,2,76,3.4176,1.25
4,2,77,3.6132,2.5
4,2,78,3.4547,1
4,2,79,3.3943,3.25
4,2,80,3.6828,4.5
4,2,81,3.5429,3.25
4,2,82,3.387,1.25
4,2,83,3.3169,1.75
4,2,84,3.5411,1
4,2,85,3.4347,1
4,2,86,3.4479,2
4,2,87,3.5211,3
4,2,88,3.4034,1.25
4,2,89,3.4723,2.25
4,2,90,3.4058,1.25
4,2,91,3.4561,2
4,2,92,3.3413,1.25
4,2,93,3.2826,1.25
4,2,94,3.3354,2.625
4,2,95,3.4083,2.75
4,2,96,3.2611,1
4,2,97,3.518,1.25
4,2,98,3.5242,2.75
4,2,99,3.3651,2.5
4,2,100,3.6228,1.5
4,2,101,3.3849,1.75
4,2,102,3.6002,4.375
4,2,103,3.3508,2
4,2,104,3.3908,1.75
4,2,105,3.3398,1.75
4,2,106,3.2888,0.25
4,2,107,3.4955,1.75
4,2,108,3.3028,2.75
4,2,109,3.3842,3
4,2,110,3.326,3.25
4,2,111,3.2536,3
4,2,112,3.3793,1
4,2,113,3.2407,1.5
4,2,114,3.2626,0
4,1,1,3.5958,0
4,1,2,3.5088,0
4,1,3,3.5733,1
4,1,4,3.6653,1.5
4,1,5,3.6313,1
4,1,6,3.5465,1.5
4,1,7,3.4717,1.75
4,1,8,3.3078,0.75
4,1,9,3.6326,1
4,1,10,3.6191,3
4,1,11,3.5903,1
4,1,12,3.5393,2.5
4,1,13,3.3989,1.5
4,1,15,3.1912,0.75
4,1,16,3.2075,1
4,1,17,3.0574,1.25
4,1,18,3.3254,0
4,1,19,3.3199,0.75
4,1,20,3.364,0.25
4,1,21,3.3031,0
4,1,22,3.4155,1.25
4,1,23,3.3619,1
4,1,24,3.5955,2
4,1,25,3.6206,1.5
4,1,26,3.6939,4.375
4,1,27,3.7834,2.75
4,1,28,3.709,2.25
4,1,29,3.7258,3
4,1,30,3.7003,1.125
4,1,31,3.6941,2.25
4,1,32,3.7205,1.5
4,1,33,3.6707,1.5
4,1,34,3.6276,1.5
4,1,35,3.6789,1.75
4,1,36,3.6881,0.875
4,1,37,3.7353,2.25
4,1,38,3.7327,2.5
4,1,39,3.8022,2.5
4,1,40,3.8312,4
4,1,41,3.8579,2.5
4,1,42,3.524,1.75
4,1,43,3.4226,0
4,1,44,3.4616,0
4,1,45,3.6047,2.125
4,1,46,3.6937,3.75
4,1,47,3.6896,4.25
4,1,48,3.6571,1.5
4,1,49,3.6947,4.25
4,1,50,3.6987,2
4,1,51,3.6167,2.75
4,1,52,3.7828,3.25
4,1,53,3.7107,2.5
4,1,54,3.7822,3.375
4,1,55,3.7075,2.5
4,1,56,3.7044,2
4,1,57,3.7508,2.75
4,1,58,3.7276,2.25
4,1,59,3.6981,1.875
4,1,60,3.1968,0
4,1,61,3.0422,0
4,1,62,2.9319,0.25
4,1,63,2.9686,1
4,1,64,3.2302,3.5
4,1,65,3.1418,4.75
4,1,66,3.0308,1
4,1,67,3.1581,1.75
4,1,68,3.1237,5
4,1,69,3.0662,5.5
4,1,70,3.0516,5.25
4,1,71,3.1802,2.125
4,1,72,3.0409,3.25
4,1,73,3.2109,4.25
4,1,74,3.0982,3.5
4,1,75,3.1266,4.75
4,1,76,3.1079,0
4,1,77,3.2157,2.625
4,1,78,3.5501,3.25
4,1,79,3.6174,6.75
4,1,80,3.7429,3.5
4,1,81,3.7312,3
4,1,82,3.596,6.5
4,1,83,3.585,3.25
4,1,84,3.5892,2.5
4,1,85,3.6968,2.5
4,1,86,3.5302,1.6667
4,1,87,3.4836,3.5
4,1,88,3.5621,1.5
4,1,89,3.514,1.75
4,1,90,3.4721,1.375
4,1,91,3.4836,2.25
4,1,92,3.4683,2
4,1,93,3.6012,3
4,1,94,3.6218,1.5
4,1,95,3.5772,3.25
4,1,96,3.6298,2.75
4,1,97,3.705,1.25
4,1,98,3.6299,3.25
4,1,99,3.5881,2.375
4,1,100,3.3453,0.75
4,1,101,3.3913,3.875
4,1,102,3.3102,1.5
4,1,103,3.3958,1
4,1,104,3.4444,1.25
4,1,105,3.47,3.625
4,1,106,3.7099,2.25
4,1,107,3.5522,1
4,1,108,3.5923,3.25
4,1,109,3.5917,2.75
4,1,110,3.6221,4
4,1,111,3.1755,3.5
4,1,112,3.2042,1
4,1,113,3.4774,3.25
4,1,114,3.3468,1.5
4,1,115,3.4456,3.5
4,1,116,3.5759,1.75
4,1,117,3.4213,1.25
4,1,118,3.3941,4.5
4,1,119,3.5772,0
4,1,120,3.5703,0
4,2,1,3.3284,0.25
4,2,2,3.1645,0
4,2,3,3.2857,0.25
4,2,7,3.4815,1
4,2,8,3.3143,1.5
4,2,11,3.0963,0.75
4,2,15,3.4956,0
4,2,16,3.5097,0
4,2,17,3.2888,2.75
4,2,18,3.4413,3.75
4,2,19,3.3413,2.75
4,2,20,3.0481,2
4,2,21,3.2503,1.75
4,2,22,3.2071,2.5
4,2,23,3.1584,2.25
4,2,24,3.3811,2.5
4,2,25,3.0326,1.5
4,2,26,3.2249,2.5
4,2,27,3.4078,2.6667
4,2,28,3.4661,4.25
4,2,29,3.418,2
4,2,30,3.5299,4
4,2,31,3.434,2.875
4,2,32,3.2206,2.5
4,2,33,3.2319,2.75
4,2,34,3.4573,2.375
4,2,35,3.4268,1.75
4,2,36,3.3437,2.75
4,2,37,3.3809,4.25
4,2,38,3.377,1.5
4,2,39,3.4342,2.25
4,2,40,3.2839,3.375
4,2,41,3.3708,2.5
4,2,42,2.9603,0.5
4,2,43,3.2423,1
4,2,44,3.2961,3.75
4,2,45,3.1682,2.5
4,2,46,3.4136,3.5
4,2,47,3.3104,3.5
4,2,48,3.2231,3
4,2,49,3.068,3.75
4,2,50,3.1114,2
4,2,51,3.364,2.5
4,2,52,3.5039,1.75
4,2,53,3.4938,4
4,2,54,3.3259,2.375
4,2,55,3.4538,1.75
4,2,56,3.3487,3.25
4,2,57,3.4105,2
4,2,58,2.9888,3.25
4,2,59,3.0797,0
4,2,60,3.1298,0.75
4,2,61,2.839,1
4,2,62,2.7909,1.5
4,2,64,2.8153,1
4,2,65,2.8273,1
4,2,66,2.7791,1
4,2,67,2.7539,1
4,2,68,2.7477,1
4,2,69,3.2062,1.25
4,2,70,2.9419,1
4,2,71,3.4034,1
4,2,72,3.2284,0
4,2,73,3.1236,3
4,2,75,3.3236,2.5
4,2,76,3.3566,1.25
4,2,77,3.3444,2.5
4,2,78,3.3884,1
4,2,79,3.2845,3.25
4,2,80,3.302,4.5
4,2,81,3.2996,3.25
4,2,82,3.4337,1.25
4,2,85,3.3381,1
4,2,86,3.2544,2
4,2,87,3.2951,3
4,2,88,3.2885,1.25
4,2,89,3.4241,2.25
4,2,90,3.3961,1.25
4,2,91,3.2713,2
4,2,92,3.3862,1.25
4,2,93,3.5714,1.25
4,2,94,3.0604,2.625
4,2,95,3.2623,2.75
4,2,96,3.3152,1
4,2,97,2.9611,1.25
4,2,98,3.242,2.75
4,2,99,3.3277,2.5
4,2,101,3.4543,1.75
4,2,102,3.3475,4.375
4,2,103,3.3657,2
4,2,104,3.2713,1.75
4,2,105,3.1759,1.75
4,2,106,3.2137,0.25
4,2,107,3.3719,1.75
4,2,110,3.3828,3.25
4,2,112,3.5141,1
4,2,113,3.0837,1.5
4,2,114,3.1157,0
5,1,1,2.8537,0
5,1,2,3.1907,0.5
5,1,3,2.7684,0
5,1,4,3.0135,5.25
5,1,5,2.941,4
5,1,6,3.1031,6.25
5,1,7,3.1065,4.75
5,1,8,3.0391,4.75
5,1,9,3.1399,5.125
5,1,10,3.071,5.75
5,1,11,3.0295,4.5
5,1,12,3.1437,5.25
5,1,13,3.0891,4.625
5,1,14,3.0437,6.75
5,1,15,3.1057,6.75
5,1,16,3.0219,2.5
5,1,17,2.8516,0
5,1,18,3.0408,0
5,1,19,3.1292,4
5,1,20,3.2648,5.5
5,1,21,3.3166,5.5
5,1,22,3.3916,5
5,1,23,3.1679,4.3333
5,1,24,3.1853,4.875
5,1,25,3.2334,3.75
5,1,26,3.1814,3
5,1,27,3.3379,6.75
5,1,28,3.3313,6.25
5,1,29,3.4548,6.25
5,1,30,3.5117,5.75
5,1,31,3.3242,3.75
5,1,32,3.3483,6
5,1,33,3.4592,6.25
5,1,34,3.4206,6.25
5,1,35,3.3387,5
5,1,36,3.3975,3.75
5,1,37,3.5017,6.25
5,1,38,3.4435,6.5
5,1,39,3.4642,6
5,1,40,3.3948,4.125
5,1,41,3.4049,6
5,1,42,3.3788,6.75
5,1,43,3.434,6
5,1,44,3.3953,4.625
5,1,45,3.3985,6.5
5,1,46,3.2365,5.5
5,1,47,3.1502,3.25
5,1,48,3.1386,2.875
5,1,49,3.2369,4
5,1,50,3.2607,5.5
5,1,51,3.2777,5.25
5,1,52,3.2923,4.5
5,1,53,3.4207,6.25
5,1,54,3.4076,6.25
5,1,55,3.3772,4
5,1,56,3.2867,5.5
5,1,57,3.4848,6.5
5,1,58,3.2022,4.5
5,1,59,2.8037,1.5
5,1,60,3.0794,1.5
5,1,61,3.2064,5.75
5,1,62,3.0444,4.5
5,1,63,3.3324,5.5
5,1,64,3.1124,6
5,1,65,3.0655,5.75
5,1,66,3.0615,6.25
5,1,67,3.199,4.25
5,1,68,2.9759,6.5
5,1,69,3.223,7
5,1,70,3.0041,5.75
5,1,71,2.9903,0
5,1,72,2.8502,0
5,1,73,3.3993,1.375
5,1,74,3.3451,6.5
5,1,75,3.4411,5.25
5,1,76,3.2915,6.5
5,1,77,3.4127,5.25
5,1,78,3.1898,5.5
5,1,79,3.4085,6.25
5,1,80,3.5756,5.25
5,1,81,3.1498,5.25
5,1,82,3.5825,5.5
5,1,83,3.3884,3.5
5,1,84,3.4309,4.625
5,1,85,3.5161,5
5,1,86,3.4788,6
5,1,87,3.5019,4.75
5,1,88,3.5247,4
5,1,89,3.4447,4.5833
5,1,90,3.4572,4.75
5,1,91,3.5363,1.75
5,1,92,3.5227,4.25
5,1,93,3.5855,4.625
5,1,94,3.3742,3.25
5,1,95,2.8821,2.25
5,1,96,3.4463,3.625
5,1,97,3.4965,5.5
5,1,98,3.5281,6
5,1,99,3.2798,5.75
5,1,100,3.0727,5.75
5,1,101,3.3233,3.125
5,1,102,3.2005,5.25
5,1,103,3.4129,4.75
5,1,104,3.4581,5.75
5,1,105,3.4017,5
5,1,106,3.5067,2
5,1,107,3.0487,4.375
5,1,108,3.1352,5
5,1,109,3.3648,2.25
5,1,110,3.2917,2.5
5,1,111,2.9411,5
5,1,112,3.3556,5.3333
5,1,113,3.345,6
5,1,114,2.8028,0
5,1,115,2.7442,3
5,2,1,3.3622,5.25
5,2,2,3.4465,4.25
5,2,3,3.019,3.75
5,2,4,2.9683,5
5,2,5,3.2741,1.625
5,2,6,3.257,4.75
5,2,7,3.05,3.125
5,2,8,3.0481,2.375
5,2,9,2.9255,6
5,2,10,3.1101,4
5,2,11,2.734,0
5,2,12,2.7509,0
5,2,13,2.744,0
5,2,14,2.8007,2.875
5,2,15,3.318,4.25
5,2,16,3.3647,4.25
5,2,17,3.2908,4
5,2,18,3.2604,5
5,2,19,3.2521,4.875
5,2,20,3.3058,3.875
5,2,21,3.3563,5
5,2,22,3.2497,3.625
5,2,23,3.3781,5.5
5,2,24,3.3523,3.75
5,2,25,3.3399,4.75
5,2,26,3.4743,5
5,2,27,3.4017,4.5
5,2,28,3.3898,3.5
5,2,29,3.3959,5.75
5,2,30,3.2268,4.25
5,2,31,3.2876,5.5
5,2,32,3.304,4.75
5,2,33,3.295,3.75
5,2,34,3.2482,3.75
5,2,35,3.3054,4
5,2,36,3.2992,3.75
5,2,37,3.2497,4.875
5,2,38,2.939,3.25
5,2,39,3.5123,5.5
5,2,40,3.3324,3
5,2,41,3.3372,2
5,2,42,3.1591,3.75
5,2,43,3.1936,2.5
5,2,44,3.3044,2.5
5,2,45,3.2751,2.5
5,2,46,3.1539,3
5,2,47,3.3124,2.75
5,2,48,3.169,2.625
5,2,49,3.2552,1.75
5,2,50,3.0566,3
5,2,51,3.1109,3.25
5,2,52,3.0814,3
5,2,53,3.1939,4
5,2,54,2.9614,1
5,2,55,3.0522,2.5
5,2,56,2.8927,1
5,2,57,2.9809,0
5,2,58,2.7266,1
5,2,59,2.9806,0
5,2,60,2.9722,4.875
5,2,61,3.0715,4.125
5,2,62,2.958,5
5,2,63,2.8977,5
5,2,64,2.9868,5.25
5,2,65,2.812,5.5
5,2,66,2.931,6.5
5,2,67,2.8803,5.25
5,2,68,2.8366,6
5,2,69,2.7572,2.75
5,2,70,2.7516,5
5,2,71,2.7356,5.25
5,2,72,2.7791,5.875
5,2,73,2.8773,0.75
5,2,74,2.6793,0
5,2,75,3.0983,4.5
5,2,76,3.2653,2.75
5,2,77,3.0542,2.5
5,2,78,2.963,4.5
5,2,79,3.258,5.25
5,2,80,3.0646,4.25
5,2,81,3.1435,2.75
5,2,82,3.229,5
5,2,83,2.9653,6.5
5,2,84,2.7285,5.5
5,2,85,2.9101,4.5
5,2,86,3.0681,2.25
5,2,87,2.852,2
5,2,88,3.0083,5
5,2,89,3.22,4.5
5,2,90,3.099,4.375
5,2,91,3.4363,4
5,2,92,3.5091,3.375
5,2,93,3.4086,1.75
5,2,94,3.1683,3.75
5,2,95,3.4596,3.75
5,2,96,3.4502,4.5
5,2,97,3.4002,3.75
5,2,98,3.2989,4
5,2,99,3.1338,5.125
5,2,100,3.2221,3.25
5,2,101,3.4495,6
5,2,102,3.2438,4.75
5,2,103,3.2544,4.5
5,2,104,3.3472,4.5
5,2,105,3.3728,5
5,2,106,3.086,2.375
5,2,107,3.2825,4
5,2,108,3.3512,5.25
5,2,109,3.5054,5
5,2,110,3.2615,5.25
5,2,111,3.1717,3.75
5,2,112,3.2301,3.625
5,2,113,3.1662,5
5,2,114,3.0783,5.75
5,2,115,3.309,6.25
5,2,116,3.4761,6
5,2,117,3.1033,4
5,2,118,3.1903,3.75
5,2,119,2.7911,0
5,1,1,2.7839,0
5,1,2,2.8019,0.5
5,1,3,2.5717,0
5,1,4,2.7856,5.25
5,1,5,2.772,4
5,1,6,2.91,6.25
5,1,7,3.1678,4.75
5,1,8,3.131,4.75
5,1,9,3.0875,5.125
5,1,10,2.8735,5.75
5,1,11,3.0123,4.5
5,1,12,3.3355,5.25
5,1,13,2.913,4.625
5,1,14,3.1526,6.75
5,1,15,3.0628,6.75
5,1,16,3.1646,2.5
5,1,17,2.772,0
5,1,18,2.8295,0
5,1,19,3.1726,4
5,1,20,3.2082,5.5
5,1,21,3.2381,5.5
5,1,22,3.7083,5
5,1,23,3.3371,4.3333
5,1,24,3.2393,4.875
5,1,25,3.0214,3.75
5,1,26,3.1603,3
5,1,27,3.4783,6.75
5,1,28,3.4667,6.25
5,1,29,3.561,6.25
5,1,30,3.3274,5.75
5,1,31,3.0971,3.75
5,1,32,3.5608,6
5,1,33,3.3509,6.25
5,1,34,3.3623,6.25
5,1,35,3.3315,5
5,1,36,3.2145,3.75
5,1,37,3.4641,6.25
5,1,38,3.3295,6.5
5,1,39,3.148,6
5,1,40,3.1218,4.125
5,1,41,3.3727,6
5,1,42,3.2075,6.75
5,1,43,3.4782,6
5,1,44,3.5925,4.625
5,1,45,3.2931,6.5
5,1,46,3.3678,5.5
5,1,47,3.1617,3.25
5,1,48,3.0236,2.875
5,1,49,3.2034,4
5,1,50,3.4603,5.5
5,1,51,3.217,5.25
5,1,52,3.1026,4.5
5,1,53,3.7309,6.25
5,1,54,3.4273,6.25
5,1,55,3.4205,4
5,1,56,3.3675,5.5
5,1,57,3.313,6.5
5,1,58,3.0816,4.5
5,1,59,2.5723,1.5
5,1,60,3.1412,1.5
5,1,61,3.2275,5.75
5,1,62,3.7704,4.5
5,1,63,3.1102,5.5
5,1,64,2.9943,6
5,1,65,3.2784,5.75
5,1,66,3.542,6.25
5,1,67,3.4926,4.25
5,1,68,3.0343,6.5
5,1,69,3.1606,7
5,1,70,3.0482,5.75
5,1,71,2.9022,0
5,1,72,3.1398,0
5,1,73,3.2373,1.375
5,1,74,3.561,6.5
5,1,75,3.4182,5.25
5,1,76,3.3587,6.5
5,1,77,3.0233,5.25
5,1,78,3.2186,5.5
5,1,79,3.2489,6.25
5,1,80,3.0544,5.25
5,1,81,2.898,5.25
5,1,82,3.1973,5.5
5,1,83,3.1768,3.5
5,1,84,3.06,4.625
5,1,85,3.127,5
5,1,86,3.3913,6
5,1,87,3.0583,4.75
5,1,88,3.0392,4
5,1,89,2.9799,4.5833
5,1,90,3.2075,4.75
5,1,92,3.2698,4.25
5,1,93,3.0504,4.625
5,1,94,3.0677,3.25
5,1,95,2.8929,2.25
5,1,98,3.2212,6
5,1,99,3.2207,5.75
5,1,100,3.1407,5.75
5,1,101,3.2649,3.125
5,1,102,2.8215,5.25
5,1,103,3.1985,4.75
5,1,105,2.9914,5
5,1,106,2.7736,2
5,1,107,3.3368,4.375
5,1,108,3.341,5
5,1,109,3.2361,2.25
5,1,110,3.0484,2.5
5,1,111,3.2953,5
5,1,112,3.6151,5.3333
5,1,113,3.3873,6
5,1,114,2.7308,0
5,1,115,2.7242,3
5,2,1,3.2489,5.25
5,2,2,3.3528,4.25
5,2,3,3.6641,3.75
5,2,4,3.5204,5
5,2,5,3.3683,1.625
5,2,6,3.3754,4.75
5,2,7,3.4378,3.125
5,2,8,3.2196,2.375
5,2,9,3.2624,6
5,2,10,3.1969,4
5,2,11,2.4033,0
5,2,12,2.8854,0
5,2,13,2.9147,0
5,2,14,3.1496,2.875
5,2,15,3.1986,4.25
5,2,16,3.246,4.25
5,2,17,3.2498,4
5,2,18,3.4563,5
5,2,19,3.1764,4.875
5,2,20,2.9663,3.875
5,2,21,3.1117,5
5,2,22,3.2871,3.625
5,2,23,3.5354,5.5
5,2,24,3.4369,3.75
5,2,25,2.7749,4.75
5,2,26,3.0395,5
5,2,27,3.0048,4.5
5,2,28,3.3572,3.5
5,2,29,3.3319,5.75
5,2,30,3.2132,4.25
5,2,31,3.526,5.5
5,2,32,3.3498,4.75
5,2,33,3.434,3.75
5,2,34,3.326,3.75
5,2,35,3.4053,4
5,2,36,3.4138,3.75
5,2,37,3.4191,4.875
5,2,38,3.4493,3.25
5,2,39,3.3125,5.5
5,2,40,3.2853,3
5,2,41,3.2844,2
5,2,42,3.156,3.75
5,2,43,3.0382,2.5
5,2,44,3.0342,2.5
5,2,45,3.0431,2.5
5,2,46,2.9932,3
5,2,47,3.0521,2.75
5,2,48,2.7962,2.625
5,2,49,3.0503,1.75
5,2,50,3.0551,3
5,2,51,2.89,3.25
5,2,52,3.2191,3
5,2,53,3.3436,4
5,2,54,3.3576,1
5,2,55,3.3811,2.5
5,2,56,3.2034,1
5,2,57,2.9426,0
5,2,58,2.8708,1
5,2,59,2.7869,0
5,2,60,2.7988,4.875
5,2,61,2.8193,4.125
5,2,62,2.7503,5
5,2,63,2.7867,5
5,2,64,2.8767,5.25
5,2,65,2.9008,5.5
5,2,66,2.9927,6.5
5,2,67,3.2526,5.25
5,2,68,2.9779,6
5,2,69,3.0042,2.75
5,2,70,2.9143,5
5,2,71,3.0373,5.25
5,2,72,3.123,5.875
5,2,73,2.8492,0.75
5,2,74,3.0755,0
5,2,75,3.2142,4.5
5,2,76,3.6635,2.75
5,2,77,3.4695,2.5
5,2,78,3.6347,4.5
5,2,79,3.4011,5.25
5,2,80,3.4282,4.25
5,2,81,3.6809,2.75
5,2,82,3.6034,5
5,2,83,3.5804,6.5
5,2,84,3.3985,5.5
5,2,85,3.7757,4.5
5,2,86,3.3758,2.25
5,2,87,3.5692,2
5,2,88,3.5699,5
5,2,89,3.7237,4.5
5,2,90,3.3574,4.375
5,2,91,3.5916,4
5,2,92,3.5199,3.375
5,2,93,3.2499,1.75
5,2,94,3.2741,3.75
5,2,95,3.2777,3.75
5,2,96,3.254,4.5
5,2,97,3.4057,3.75
5,2,98,3.0441,4
5,2,99,3.2395,5.125
5,2,100,3.3889,3.25
5,2,101,3.3733,6
5,2,102,3.1837,4.75
5,2,103,3.339,4.5
5,2,104,3.4098,4.5
5,2,105,2.7741,5
5,2,106,3.5728,2.375
5,2,107,3.3354,4
5,2,108,3.5177,5.25
5,2,109,3.4781,5
5,2,110,3.5655,5.25
5,2,111,3.064,3.75
5,2,112,3.3062,3.625
5,2,113,3.4464,5
5,2,114,3.5031,5.75
5,2,115,3.7167,6.25
5,2,116,3.8524,6
5,2,117,3.5334,4
5,2,118,3.3427,3.75
5,2,119,2.4141,0
5,2,120,2.7523,5
6,1,1,3.2346,1.25
6,1,2,3.212,1
6,1,3,3.6094,2.75
6,1,4,3.0149,6.25
6,1,5,3.3271,4
6,1,6,2.9168,4.5
6,1,7,2.8958,2
6,1,8,3.0138,2.75
6,1,9,2.9033,4.5
6,1,10,2.9302,3.5
6,1,11,2.9701,3.25
6,1,12,3.1373,5
6,1,13,3.2089,4.3333
6,1,14,2.9834,3.75
6,1,15,2.6626,4.25
6,1,16,2.9784,5.25
6,1,17,3.8665,4.75
6,1,18,3.7906,4.25
6,1,19,3.6631,5.75
6,1,20,3.7023,4.75
6,1,21,3.5581,4.75
6,1,22,3.5612,2.25
6,1,23,3.6295,1.75
6,1,24,3.5759,4.25
6,1,25,3.6479,4
6,1,26,3.7411,4.25
6,1,27,3.5921,4.25
6,1,28,3.6299,4
6,1,29,3.6463,5.25
6,1,30,3.4898,4.75
6,1,31,3.6244,5.25
6,1,32,3.469,2.25
6,1,33,3.6741,2
6,1,34,3.6126,2.25
6,1,35,3.5153,3.75
6,1,36,3.2436,4.5
6,1,37,3.491,5
6,1,38,3.5425,5
6,1,39,3.405,2.75
6,1,40,3.5345,5.25
6,1,41,3.539,3.75
6,1,42,3.499,1
6,1,43,3.5033,4.5
6,1,44,3.6275,4.75
6,1,45,3.5272,5
6,1,46,3.2432,5.25
6,1,47,3.3702,2.5
6,1,48,3.5775,6.25
6,1,49,3.4819,2.75
6,1,50,3.358,1.75
6,1,51,3.2633,4.25
6,1,52,3.3423,2.25
6,1,53,3.5924,5.25
6,1,54,3.273,1.25
6,1,55,3.3937,4
6,1,56,3.3054,4.5
6,1,57,3.2586,4.25
6,1,58,3.0631,4.5
6,1,59,3.1043,1
6,1,60,3.1138,2.5
6,1,62,3.2548,4.75
6,1,63,3.1815,2.25
6,1,64,3.1815,2.5
6,1,65,3.0609,2
6,1,66,2.9916,0.75
6,1,67,2.9551,3.25
6,1,68,3.175,2.25
6,1,69,3.2403,2.75
6,1,70,2.8973,5.5
6,1,71,2.8432,5.75
6,1,72,3.5665,0.5
6,1,73,3.6224,3.5
6,1,74,3.6443,3.25
6,1,75,3.5398,2
6,1,76,3.5186,3.75
6,1,77,3.5076,0
6,1,78,3.459,4.5
6,1,79,3.4957,3.75
6,1,80,3.4924,4.5
6,1,81,3.2004,4.5
6,1,82,3.4869,4.5
6,1,83,3.3893,3.5
6,1,84,3.6964,2.5
6,1,85,3.6223,3.5
6,1,86,3.4509,4.25
6,1,87,2.8566,5
6,1,88,3.1095,0
6,1,89,3.3787,0
6,1,90,3.3573,4.5
6,1,91,3.2865,3.75
6,1,92,3.2653,4
6,1,93,3.3555,3.5
6,1,94,3.2914,5.25
6,1,95,3.2997,4
6,1,96,3.3929,2.5
6,1,97,3.2652,3.75
6,1,98,3.5579,2.75
6,1,99,3.6601,5.5
6,1,100,3.7061,3.25
6,1,101,3.4318,1.25
6,1,102,3.2303,4.3333
6,1,103,3.4819,5.25
6,1,104,3.445,5.5
6,1,105,3.4586,1.3333
6,1,106,3.2897,3.25
6,1,107,3.422,4.75
6,1,108,3.3607,3.5
6,1,109,3.3592,5
6,1,110,3.4175,3
6,1,111,3.2424,4.75
6,1,112,2.9897,3.5
6,1,113,2.8512,4.25
6,1,114,3.1965,5
6,1,115,3.2244,4.25
6,2,1,2.6118,2.75
6,2,2,2.9529,1.5
6,2,3,3.0017,2.3333
6,2,4,3.0517,3.5
6,2,5,2.9292,5.5
6,2,6,2.9825,1
6,2,7,2.6945,1.75
6,2,8,2.8902,0
6,2,9,3.1661,3.75
6,2,10,2.9373,4.25
6,2,11,2.801,5
6,2,12,2.8974,3.75
6,2,13,2.749,2
6,2,14,2.5956,4.25
6,2,15,2.7372,2.25
6,2,16,2.6999,1.5
6,2,17,3.4567,1.25
6,2,18,3.3698,3
6,2,19,3.4648,2.5
6,2,20,3.396,1.6667
6,2,21,3.3432,3.3333
6,2,22,3.3622,3.5
6,2,23,3.3276,3.5
6,2,24,3.3926,2.75
6,2,25,3.3275,3
6,2,26,3.3862,4
6,2,28,3.3386,2.75
6,2,29,3.379,4
6,2,30,3.0626,3.5
6,2,31,3.1946,3
6,2,32,3.1976,1.5
6,2,34,3.2407,2.75
6,2,35,3.2621,1
6,2,36,3.3727,5.75
6,2,37,3.3572,3.25
6,2,38,3.0411,4.25
6,2,39,3.3178,2.5
6,2,40,3.2088,6
6,2,41,3.3521,1.5
6,2,43,3.3377,3
6,2,44,3.437,0.5
6,2,45,3.4571,5
6,2,46,3.3152,5
6,2,47,3.4499,4.3333
6,2,48,3.3875,1.75
6,2,49,3.3073,3
6,2,50,3.3043,1.75
6,2,51,3.243,4.75
6,2,52,3.3656,4.75
6,2,53,3.1927,4.5
6,2,54,3.3386,1.75
6,2,55,3.1694,1.6667
6,2,56,3.2712,4.3333
6,2,57,3.3225,4.25
6,2,58,3.0428,1
6,2,59,2.5938,0
6,2,60,2.808,1.25
6,2,61,3.224,3.5
6,2,62,2.9793,3.75
6,2,63,3.1125,0.25
6,2,64,2.9854,3.25
6,2,65,3.1917,3.75
6,2,66,3.1434,1.25
6,2,67,2.7822,3.5
6,2,68,3.0755,4.5
6,2,69,2.8132,1.5
6,2,70,3.0927,3.5
6,2,71,2.9053,4
6,2,72,2.9619,0
6,2,73,2.7986,5
6,2,74,3.3132,0
6,2,75,3.2785,2.5
6,2,76,3.4021,2.75
6,2,77,3.5077,4.5
6,2,78,3.3093,2.25
6,2,79,3.3439,3.75
6,2,80,3.3446,4.75
6,2,81,3.5444,5.5
6,2,82,3.4611,5.5
6,2,83,3.4024,3.5
6,2,84,3.4137,3
6,2,85,3.1928,5
6,2,86,2.7944,1
6,2,87,2.9754,3
6,2,88,3.2416,4.75
6,2,89,3.4502,0
6,2,90,3.256,4.25
6,2,91,3.2355,3
6,2,92,3.1506,4.5
6,2,93,3.333,3.25
6,2,94,3.2873,4.5
6,2,95,3.4439,4
6,2,96,3.3195,5.75
6,2,97,3.2336,0
6,2,98,3.1497,4.25
6,2,99,3.2629,0.75
6,2,101,3.4875,4.75
6,2,102,3.304,1.25
6,2,103,3.1154,4
6,2,104,3.1845,2.25
6,2,105,3.1028,6.25
6,2,106,3.1199,6
6,2,107,3.1838,5.5
6,2,108,3.1942,3.75
6,2,109,3.267,3.5
6,2,110,3.1684,4
6,2,111,3.3245,5.25
6,2,112,3.2761,5.25
6,2,113,3.2533,5.5
6,2,114,2.8713,4
6,2,115,2.9097,4.75
6,1,1,3.4096,1.25
6,1,2,3.4167,1
6,1,3,3.4446,2.75
6,1,4,2.8855,6.25
6,1,5,3.22,4
6,1,6,3.0256,4.5
6,1,7,2.6704,2
6,1,8,2.7262,2.75
6,1,9,3.0941,4.5
6,1,10,2.6854,3.5
6,1,11,3.0296,3.25
6,1,12,3.0561,5
6,1,13,3.5062,4.3333
6,1,14,3.0582,3.75
6,1,15,3.1484,4.25
6,1,16,3.2425,5.25
6,1,17,3.4524,4.75
6,1,18,3.6204,4.25
6,1,19,3.6058,5.75
6,1,20,3.4669,4.75
6,1,21,3.2636,4.75
6,1,22,3.1128,2.25
6,1,23,3.5367,1.75
6,1,24,3.553,4.25
6,1,25,3.6056,4
6,1,26,3.2618,4.25
6,1,27,3.4626,4.25
6,1,28,3.4782,4
6,1,29,3.1848,5.25
6,1,30,3.3109,4.75
6,1,31,3.7205,5.25
6,1,32,3.4169,2.25
6,1,33,3.4701,2
6,1,34,3.7456,2.25
6,1,35,2.9246,3.75
6,1,36,3.3791,4.5
6,1,37,3.5631,5
6,1,38,3.5247,5
6,1,39,3.4163,2.75
6,1,40,3.7059,5.25
6,1,41,3.3431,3.75
6,1,42,3.5329,1
6,1,43,3.6045,4.5
6,1,44,3.5291,4.75
6,1,45,3.362,5
6,1,46,3.4886,5.25
6,1,47,3.2248,2.5
6,1,48,3.6763,6.25
6,1,49,3.8068,2.75
6,1,50,3.6596,1.75
6,1,51,3.4489,4.25
6,1,52,3.1665,2.25
6,1,53,3.3671,5.25
6,1,54,3.5222,1.25
6,1,55,3.4436,4
6,1,56,3.4175,4.5
6,1,57,3.4662,4.25
6,1,58,2.978,4.5
6,1,59,3.4632,1
6,1,60,3.4973,2.5
6,1,62,3.0913,4.75
6,1,63,3.2868,2.25
6,1,64,3.2594,2.5
6,1,65,3.4631,2
6,1,66,3.327,0.75
6,1,67,3.2993,3.25
6,1,68,3.247,2.25
6,1,69,3.2249,2.75
6,1,70,3.1773,5.5
6,1,71,3.3522,5.75
6,1,72,3.6361,0.5
6,1,73,3.4422,3.5
6,1,74,3.5721,3.25
6,1,75,3.6751,2
6,1,76,3.6616,3.75
6,1,77,3.6593,0
6,1,78,3.6971,4.5
6,1,79,3.504,3.75
6,1,80,3.7627,4.5
6,1,81,3.3569,4.5
6,1,82,3.3534,4.5
6,1,83,3.1621,3.5
6,1,84,3.7664,2.5
6,1,85,3.6024,3.5
6,1,87,3.6836,5
6,1,89,3.6558,0
6,1,90,3.4775,4.5
6,1,91,3.5179,3.75
6,1,92,3.6769,4
6,1,93,3.5874,3.5
6,1,94,3.3838,5.25
6,1,95,3.5781,4
6,1,96,3.5909,2.5
6,1,98,3.2415,2.75
6,1,99,3.4544,5.5
6,1,100,3.3304,3.25
6,1,101,3.4201,1.25
6,1,102,3.4088,4.3333
6,1,103,3.4327,5.25
6,1,104,3.2996,5.5
6,1,105,3.4015,1.3333
6,1,106,3.1989,3.25
6,1,107,3.1986,4.75
6,1,108,3.4557,3.5
6,1,109,3.3906,5
6,1,111,3.6608,4.75
6,1,112,3.42,3.5
6,1,113,2.8179,4.25
6,1,114,3.0882,5
6,1,115,2.9428,4.25
6,2,1,3.2071,2.75
6,2,2,3.141,1.5
6,2,3,3.009,2.3333
6,2,4,3.2776,3.5
6,2,5,2.8767,5.5
6,2,6,3.0024,1
6,2,7,3.1038,1.75
6,2,8,3.0957,0
6,2,9,3.2774,3.75
6,2,10,2.8417,4.25
6,2,11,3.1339,5
6,2,12,3.1002,3.75
6,2,13,3.0816,2
6,2,14,2.9032,4.25
6,2,15,3.2209,2.25
6,2,16,2.9486,1.5
6,2,17,3.2144,1.25
6,2,18,3.2489,3
6,2,19,3.2283,2.5
6,2,20,3.1205,1.6667
6,2,21,3.1452,3.3333
6,2,22,2.9803,3.5
6,2,23,2.9386,3.5
6,2,24,2.9834,2.75
6,2,25,2.9806,3
6,2,26,2.9056,4
6,2,28,3.1707,2.75
6,2,29,3.1978,4
6,2,30,3.0952,3.5
6,2,31,3.0702,3
6,2,32,3.029,1.5
6,2,34,3.0666,2.75
6,2,35,3.0765,1
6,2,36,3.0556,5.75
6,2,37,2.9908,3.25
6,2,38,2.9312,4.25
6,2,39,3.1971,2.5
6,2,40,3.4063,6
6,2,43,3.0027,3
6,2,44,3.0902,0.5
6,2,45,3.0792,5
6,2,46,3.088,5
6,2,55,3.1635,1.6667
6,2,56,3.3066,4.3333
6,2,57,3.2869,4.25
6,2,58,3.3193,1
6,2,59,2.8141,0
6,2,60,3.1947,1.25
6,2,61,3.2392,3.5
6,2,62,3.221,3.75
6,2,63,3.1664,0.25
6,2,64,3.0295,3.25
6,2,65,3.0992,3.75
6,2,66,2.6406,1.25
6,2,67,3.2194,3.5
6,2,68,3.2332,4.5
6,2,69,3.0596,1.5
6,2,70,3.1439,3.5
6,2,71,3.1606,4
6,2,72,2.6769,0
6,2,73,3.3269,5
6,2,74,3.3191,0
6,2,75,3.2586,2.5
6,2,76,3.3774,2.75
6,2,77,3.3118,4.5
6,2,78,3.4969,2.25
6,2,79,3.5117,3.75
6,2,80,3.3969,4.75
6,2,81,3.3787,5.5
6,2,82,3.3677,5.5
6,2,83,3.4983,3.5
6,2,84,3.443,3
6,2,85,3.4871,5
6,2,86,3.2554,1
6,2,87,3.5308,3
6,2,88,3.4081,4.75
6,2,89,3.2592,0
6,2,90,3.3413,4.25
6,2,91,3.148,3
6,2,92,3.2163,4.5
6,2,93,3.2092,3.25
6,2,94,3.3436,4.5
6,2,95,3.4965,4
6,2,96,3.4861,5.75
6,2,97,3.3477,0
6,2,98,2.9496,4.25
6,2,99,3.2246,0.75
6,2,101,3.123,4.75
6,2,102,3.2231,1.25
6,2,103,3.1358,4
6,2,104,3.2507,2.25
6,2,105,3.4261,6.25
6,2,106,3.5946,6
6,2,107,3.2573,5.5
6,2,108,3.0564,3.75
6,2,109,3.0642,3.5
6,2,110,3.0526,4
6,2,111,3.2402,5.25
6,2,112,3.3853,5.25
6,2,113,3.4118,5.5
6,2,114,3.3187,4
6,2,115,3.2536,4.75
7,1,1,3.1002,3.5
7,1,2,3.3093,5.5
7,1,3,3.1841,4.75
7,1,4,3.5686,3.25
7,1,5,3.6329,4.75
7,1,6,2.8548,0
7,1,7,3.0418,2.25
7,1,8,3.0997,4.5
7,1,9,2.4623,2
7,1,10,2.8004,2.75
7,1,11,2.9516,1.75
7,1,12,2.5455,5
7,1,13,2.8485,3
7,1,14,2.7491,2.25
7,1,15,3.0395,1
7,1,16,3.1091,0
7,1,17,2.8286,0.75
7,1,18,3.403,6
7,1,19,3.676,4.75
7,1,20,3.4827,5.25
7,1,21,3.5863,0
7,1,22,3.457,3.75
7,1,23,3.3797,4
7,1,24,3.1532,5
7,1,25,3.0706,4.5
7,1,26,3.5106,3
7,1,27,3.2544,4.25
7,1,28,3.3957,5.25
7,1,29,3.4071,4.25
7,1,30,3.6516,3
7,1,31,3.5287,4.5
7,1,32,3.8139,3.75
7,1,33,3.6297,4.75
7,1,34,3.253,5.5
7,1,35,3.394,6
7,1,36,3.4713,4.25
7,1,37,3.657,4.25
7,1,38,3.3771,3.5
7,1,39,3.4779,5.5
7,1,40,3.245,5.5
7,1,41,3.59,4.75
7,1,42,3.6027,3
7,1,43,3.4912,3.5
7,1,44,3.5673,6.25
7,1,45,3.602,4.5
7,1,46,3.1373,4
7,1,47,3.6784,4.5
7,1,48,3.4005,1.5
7,1,49,3.5016,4.5
7,1,50,3.457,5
7,1,51,3.6735,3.5
7,1,52,3.5848,0.75
7,1,53,3.8198,5.5
7,1,54,3.1755,5.5
7,1,55,2.553,2.5
7,1,56,2.9838,1
7,1,57,3.4286,4.25
7,1,58,2.8719,6
7,1,59,2.8099,5.25
7,1,60,2.8833,3.25
7,1,61,2.8935,5
7,1,62,2.7718,4.5
7,1,63,2.4755,5.5
7,1,64,2.4295,5
7,1,65,2.7608,5.25
7,1,66,3.0288,4.25
7,1,67,2.3473,4.75
7,1,68,2.9731,4.25
7,1,69,3.1021,5.5
7,1,70,3.4612,5.5
7,1,71,3.3601,4.75
7,1,72,3.2391,2
7,1,73,3.3898,1
7,1,74,2.9449,4.25
7,1,75,3.4894,4.75
7,1,76,3.2453,2.75
7,1,77,3.3954,0
7,1,78,3.3655,4
7,1,79,3.4087,3
7,1,80,3.195,2
7,1,81,3.334,4
7,1,82,3.2164,5.25
7,1,83,3.4083,4.75
7,1,84,3.2299,4.75
7,1,85,2.8748,0.25
7,1,86,3.264,3.25
7,1,87,3.1317,0
7,1,88,3.289,6.5
7,1,89,3.3526,5.25
7,1,90,3.4395,4
7,1,91,3.2572,1
7,1,92,3.1069,5.75
7,1,93,3.4884,4.25
7,1,94,3.55,3
7,1,95,3.4609,4.75
7,1,96,3.6221,5.5
7,1,97,3.4193,5.5
7,1,98,3.5067,3.25
7,1,100,3.5256,1.25
7,1,101,3.3948,4
7,1,102,3.2976,4.25
7,1,103,3.6216,3.25
7,1,104,3.252,4.75
7,1,105,3.2639,4.75
7,1,106,3.2616,4.75
7,1,108,3.3149,2.75
7,1,109,3.0318,6.25
7,1,110,3.057,4
7,2,1,2.6686,4.25
7,2,2,2.7875,2.75
7,2,3,3.1078,5.75
7,2,4,3.2654,3
7,2,5,3.3859,3.25
7,2,6,3.6805,4
7,2,7,3.6965,5
7,2,8,3.4694,4
7,2,9,2.9411,4
7,2,10,2.8067,4
7,2,11,2.8158,2.75
7,2,12,2.671,4.25
7,2,13,3.2897,4.75
7,2,14,3.3526,5.5
7,2,15,3.8995,0
7,2,16,3.9492,5
7,2,17,3.348,6
7,2,18,3.1986,3.5
7,2,19,3.6118,4.5
7,2,20,3.4982,5.5
7,2,21,3.4769,1.5
7,2,22,3.5236,3
7,2,23,3.235,1.75
7,2,24,3.7977,3.75
7,2,25,3.1785,4.75
7,2,26,3.3492,4.25
7,2,27,3.706,4.25
7,2,28,3.3571,5.75
7,2,29,3.3489,1.75
7,2,30,3.1638,3
7,2,31,3.4157,3.75
7,2,32,3.1609,4.5
7,2,33,3.3676,1.5
7,2,34,3.3802,4.25
7,2,35,2.9752,3.5
7,2,36,3.4498,2.5
7,2,37,3.2721,3.5
7,2,38,2.7956,5.25
7,2,39,3.7068,4
7,2,40,3.2659,5.25
7,2,42,3.2594,3
7,2,43,3.5011,2.75
7,2,44,3.5114,4.5
7,2,45,3.2403,2.5
7,2,46,3.5123,4.75
7,2,47,2.7105,4
7,2,48,2.8957,3.75
7,2,49,3.3395,4
7,2,50,3.4231,4.25
7,2,51,3.0967,4.75
7,2,52,3.7579,3.25
7,2,53,2.7723,5
7,2,54,3.0185,1
7,2,55,3.404,4
7,2,56,3.4227,4.75
7,2,57,3.5965,1.5
7,2,58,2.8826,4
7,2,59,3.257,1.75
7,2,60,3.3452,4
7,2,61,2.506,5.5
7,2,62,2.4545,1.5
7,2,63,3.3046,5.25
7,2,64,3.2931,3.25
7,2,65,3.197,5
7,2,66,2.2834,5.5
7,2,67,3.4,1.5
7,2,68,2.8984,6.5
7,2,69,3.089,4.25
7,2,70,3.4415,3.25
7,2,71,3.3989,4
7,2,72,3.6094,4.25
7,2,73,3.6873,3.25
7,2,74,3.6467,2.5
7,2,75,3.3552,3.5
7,2,76,3.3453,4.5
7,2,77,3.6497,4.25
7,2,78,3.5057,5
7,2,79,3.5391,0
7,2,80,3.6791,4
7,2,81,3.7322,1.25
7,2,82,3.7673,3.25
7,2,83,3.6145,5
7,2,84,3.1336,3.75
7,2,85,3.0233,2.5
7,2,86,3.3697,2.5
7,2,87,2.9881,4.5
7,2,88,3.3656,5
7,2,89,3.3932,3
7,2,90,3.4124,4
7,2,91,3.475,3.75
7,2,92,3.5955,4.6667
7,2,93,3.1471,4.75
7,2,94,2.7294,3.25
7,2,95,3.754,2.5
7,2,96,3.8265,3.5
7,2,97,3.3611,3
7,2,98,3.1039,3.75
7,2,99,3.5818,4.25
7,2,100,3.4249,1.75
7,2,101,3.7545,1
7,2,102,3.3579,5.25
7,2,103,3.7229,4.25
7,2,104,3.3467,3.5
7,2,105,3.359,3
7,2,106,3.611,6.25
7,2,107,3.8072,4.5
7,2,108,2.4334,5.5
7,2,109,2.3901,5.25
7,2,110,3.2499,4.75
7,2,111,3.2823,2
7,1,1,2.8002,3.5
7,1,2,3.0098,5.5
7,1,3,3.2254,4.75
7,1,4,3.2609,3.25
7,1,5,3.3456,4.75
7,1,6,3.0319,0
7,1,7,2.9048,2.25
7,1,8,2.8816,4.5
7,1,9,2.7596,2
7,1,10,2.6207,2.75
7,1,11,2.9718,1.75
7,1,12,3.4311,5
7,1,13,3.1653,3
7,1,14,3.1351,2.25
7,1,15,3.0963,1
7,1,16,2.8834,0
7,1,17,3.1414,0.75
7,1,18,3.3813,6
7,1,19,3.6845,4.75
7,1,20,3.7557,5.25
7,1,21,3.5917,0
7,1,22,3.7343,3.75
7,1,23,3.4456,4
7,1,24,3.7006,5
7,1,25,3.7476,4.5
7,1,26,3.502,3
7,1,27,3.8403,4.25
7,1,28,3.5875,5.25
7,1,29,3.5747,4.25
7,1,30,3.6292,3
7,1,31,3.7658,4.5
7,1,32,3.771,3.75
7,1,33,3.7686,4.75
7,1,34,3.7783,5.5
7,1,35,3.693,6
7,1,36,3.6347,4.25
7,1,37,3.7588,4.25
7,1,38,3.4727,3.5
7,1,39,3.5097,5.5
7,1,40,3.1425,5.5
7,1,41,3.2873,4.75
7,1,42,3.4655,3
7,1,43,3.7497,3.5
7,1,44,3.1452,6.25
7,1,45,3.1849,4.5
7,1,46,3.1727,4
7,1,47,3.5003,4.5
7,1,48,3.2654,1.5
7,1,49,3.3036,4.5
7,1,50,3.3002,5
7,1,51,3.4063,3.5
7,1,52,3.4734,0.75
7,1,53,3.3032,5.5
7,1,54,3.3621,5.5
7,1,55,2.7694,2.5
7,1,56,3.0352,1
7,1,57,2.9878,4.25
7,1,58,2.7342,6
7,1,59,3.0083,5.25
7,1,60,2.7708,3.25
7,1,61,2.8683,5
7,1,62,2.5078,4.5
7,1,63,2.8056,5.5
7,1,64,2.8593,5
7,1,65,2.9801,5.25
7,1,66,2.8062,4.25
7,1,67,2.4169,4.75
7,1,68,2.7114,4.25
7,1,69,3.2542,5.5
7,1,70,3.0666,5.5
7,1,71,3.5796,4.75
7,1,72,3.2271,2
7,1,73,3.2008,1
7,1,74,3.4628,4.25
7,1,75,3.0359,4.75
7,1,76,2.9798,2.75
7,1,77,3.2192,0
7,1,78,3.4274,4
7,1,79,3.0832,3
7,1,80,3.074,2
7,1,81,3.2653,4
7,1,82,3.0645,5.25
7,1,83,3.1026,4.75
7,1,84,3.2494,4.75
7,1,85,3.2656,0.25
7,1,86,3.0195,3.25
7,1,87,2.9616,0
7,1,88,3.0092,6.5
7,1,89,3.078,5.25
7,1,90,3.1464,4
7,1,91,3.2061,1
7,1,92,3.5833,5.75
7,1,93,3.5427,4.25
7,1,94,3.2515,3
7,1,95,3.5065,4.75
7,1,96,3.4041,5.5
7,1,97,3.3597,5.5
7,1,98,3.0289,3.25
7,1,100,3.3113,1.25
7,1,101,3.1217,4
7,1,102,2.9279,4.25
7,1,103,3.121,3.25
7,1,104,3.0007,4.75
7,1,105,3.2886,4.75
7,1,106,3.4032,4.75
7,1,107,2.8653,4
7,1,108,2.7263,2.75
7,1,109,2.99,6.25
7,1,110,3.278,4
7,2,1,3.0182,4.25
7,2,2,3.2558,2.75
7,2,3,3.584,5.75
7,2,4,3.3425,3
7,2,5,3.212,3.25
7,2,6,3.3623,4
7,2,7,3.5419,5
7,2,8,3.35,4
7,2,9,3.4747,4
7,2,10,3.5389,4
7,2,11,2.6923,2.75
7,2,12,2.9055,4.25
7,2,13,3.4867,4.75
7,2,14,3.989,5.5
7,2,15,3.7574,0
7,2,16,3.8849,5
7,2,17,3.4368,6
7,2,18,3.6206,3.5
7,2,19,3.5858,4.5
7,2,20,3.2587,5.5
7,2,21,3.5524,1.5
7,2,22,3.1857,3
7,2,23,3.4864,1.75
7,2,24,3.5266,3.75
7,2,25,3.4419,4.75
7,2,26,3.7246,4.25
7,2,27,3.5968,4.25
7,2,28,3.6446,5.75
7,2,29,3.6835,1.75
7,2,30,3.1817,3
7,2,31,3.3931,3.75
7,2,32,3.592,4.5
7,2,33,3.3029,1.5
7,2,34,3.3642,4.25
7,2,35,3.4477,3.5
7,2,36,3.3334,2.5
7,2,37,3.551,3.5
7,2,38,3.2015,5.25
7,2,39,2.8677,4
7,2,40,3.2237,5.25
7,2,42,3.1604,3
7,2,43,3.575,2.75
7,2,44,2.9453,4.5
7,2,45,3.2898,2.5
7,2,46,3.6845,4.75
7,2,47,3.6005,4
7,2,48,3.3034,3.75
7,2,49,2.6082,4
7,2,50,3.2373,4.25
7,2,51,3.3435,4.75
7,2,52,3.5474,3.25
7,2,53,2.9457,5
7,2,54,2.7911,1
7,2,55,3.2649,4
7,2,56,3.2887,4.75
7,2,57,3.372,1.5
7,2,58,3.3081,4
7,2,59,3.501,1.75
7,2,60,2.6837,4
7,2,61,2.6986,5.5
7,2,62,3.5591,1.5
7,2,63,3.3704,5.25
7,2,64,3.5143,3.25
7,2,65,3.4154,5
7,2,66,2.731,5.5
7,2,67,3.5041,1.5
7,2,68,3.1136,6.5
7,2,69,3.72,4.25
7,2,70,3.3799,3.25
7,2,71,3.3992,4
7,2,72,3.5467,4.25
7,2,73,3.2749,3.25
7,2,74,3.4186,2.5
7,2,75,3.4406,3.5
7,2,76,3.4614,4.5
7,2,77,3.4957,4.25
7,2,78,3.3744,5
7,2,79,3.7787,0
7,2,80,3.6136,4
7,2,81,3.2844,1.25
7,2,82,3.3862,3.25
7,2,83,3.4943,5
7,2,84,3.3674,3.75
7,2,85,3.3716,2.5
7,2,86,3.4158,2.5
7,2,87,3.0122,4.5
7,2,88,3.4049,5
7,2,89,3.468,3
7,2,90,2.9608,4
7,2,91,3.1118,3.75
7,2,92,3.1995,4.6667
7,2,93,3.1907,4.75
7,2,94,2.8266,3.25
7,2,95,3.2235,2.5
7,2,96,3.0847,3.5
7,2,97,2.8687,3
7,2,98,3.459,3.75
7,2,99,3.1775,4.25
7,2,100,2.953,1.75
7,2,101,3.4915,1
7,2,102,2.9819,5.25
7,2,103,3.0158,4.25
7,2,104,3.0257,3.5
7,2,105,3.0776,3
7,2,106,3.114,6.25
7,2,107,3.0823,4.5
7,2,108,3.1351,5.5
7,2,109,2.9348,5.25
7,2,110,3.1021,4.75
7,2,111,2.818,2
8,1,1,2.881,0
8,1,2,3.4039,2.75
8,1,3,3.1717,2.5
8,1,4,2.7275,1.75
8,1,5,3.1951,2
8,1,6,3.2279,1.5
8,1,7,2.6378,1
8,1,8,3.0657,1
8,1,9,2.5494,2
8,1,10,2.5808,1.75
8,1,11,2.4866,2
8,1,12,2.6821,1
8,1,13,2.6293,0
8,1,14,3.4353,0.75
8,1,15,3.0344,0.75
8,1,16,3.2499,2.75
8,1,17,3.6446,3.25
8,1,18,3.434,3.75
8,1,19,3.5783,2.25
8,1,20,3.546,2.5
8,1,21,3.6413,1.75
8,1,22,3.3953,3.5
8,1,23,3.7346,3.25
8,1,24,3.414,3.75
8,1,25,3.2859,2.5
8,1,26,3.2413,2.75
8,1,27,3.1167,2
8,1,28,3.3201,1
8,1,29,3.5604,3.25
8,1,30,3.4179,2.5
8,1,31,3.4797,1.25
8,1,32,3.4227,2.75
8,1,33,3.7459,1.75
8,1,34,3.5343,2.5
8,1,35,3.5171,3
8,1,36,3.4141,3.75
8,1,37,3.3788,1.75
8,1,38,3.7099,2.25
8,1,39,3.5151,3
8,1,40,3.3143,1.75
8,1,41,3.6872,1.5
8,1,42,3.3316,3.5
8,1,43,3.086,1.75
8,1,44,3.5478,3.25
8,1,45,2.9262,0.5
8,1,46,3.3087,1.25
8,1,48,3.2425,0
8,1,49,3.023,2.25
8,1,50,3.2457,1
8,1,51,3.3463,1
8,1,52,3.3182,1.25
8,1,53,3.0445,2.25
8,1,54,3.2728,3
8,1,55,3.5456,0.75
8,1,56,3.0042,0
8,1,57,2.8405,0
8,1,58,3.1317,1
8,1,59,3.0544,1.5
8,1,60,3.3613,2.5
8,1,61,3.1151,2.75
8,1,62,3.0152,1.5
8,1,63,3.0796,1
8,1,64,3.24,1.25
8,1,65,3.1815,2
8,1,66,3.1831,2.25
8,1,67,3.0678,2.25
8,1,68,2.9303,1.5
8,1,69,2.9723,2.5
8,1,70,3.001,1.75
8,1,71,3.0526,0
8,1,72,3.134,1
8,1,73,3.7858,2.75
8,1,74,3.7921,2.5
8,1,75,3.8544,3
8,1,76,3.7105,1
8,1,77,3.6736,3.25
8,1,78,3.4696,2.75
8,1,79,3.5709,2
8,1,80,3.7475,1.75
8,1,81,3.6217,2.25
8,1,82,3.3964,1.75
8,1,84,3.3134,0
8,1,85,3.7282,2
8,1,86,3.7274,1.25
8,1,87,3.5523,1
8,1,88,3.6253,2.25
8,1,89,3.6748,3.5
8,1,90,3.296,1.75
8,1,91,3.341,2.75
8,1,100,3.1497,0
8,1,101,3.2773,0
8,2,1,3.6061,0
8,2,2,3.4315,0.5
8,2,3,3.3883,1
8,2,4,3.3671,3.25
8,2,5,3.2086,3.75
8,2,6,3.3177,1.75
8,2,7,3.4203,1.5
8,2,8,3.3539,4.25
8,2,9,3.2549,2
8,2,10,3.438,1.75
8,2,11,3.408,3
8,2,12,3.5034,2.25
8,2,13,3.5826,0
8,2,14,3.4068,0.75
8,2,15,3.3648,2.25
8,2,16,3.5195,4
8,2,17,3.3464,3.5
8,2,18,3.4313,3.5
8,2,19,3.4218,2
8,2,20,3.5446,3.75
8,2,21,3.4598,2.25
8,2,22,3.5037,2.25
8,2,23,3.357,2.5
8,2,24,3.4499,3
8,2,25,3.3816,2.75
8,2,26,3.4354,4
8,2,27,3.4594,4
8,2,28,3.3885,2.5
8,2,29,3.391,4.75
8,2,30,3.4239,4.25
8,2,31,3.4963,2.75
8,2,32,3.4123,4
8,2,33,3.4805,2.25
8,2,34,3.4432,3.5
8,2,35,3.3727,3.5
8,2,36,3.432,3.75
8,2,37,3.2631,2.25
8,2,38,3.4604,3.75
8,2,39,3.4536,2
8,2,40,3.4085,2
8,2,41,3.4023,4
8,2,42,3.2996,3.5
8,2,43,3.399,2.75
8,2,45,3.1432,2.25
8,2,46,2.9869,3.25
8,2,47,3.5828,2.75
8,2,48,3.3688,4
8,2,49,3.4999,4
8,2,50,3.1279,3
8,2,51,3.4254,2.25
8,2,52,3.1341,1
8,2,53,3.2742,1.75
8,2,54,3.2849,0.5
8,2,55,3.2492,3.75
8,2,56,3.0771,2
8,2,57,3.1138,4.75
8,2,58,3.2533,3
8,2,59,3.3283,4.5
8,2,60,3.3911,3.5
8,2,61,3.2597,4
8,2,62,3.1853,1.75
8,2,63,3.2345,5.25
8,2,64,3.3625,4.75
8,2,65,3.3134,2
8,2,66,3.3314,0
8,2,67,3.2981,3.25
8,2,68,3.1933,2.75
8,2,69,3.2817,3.5
8,2,70,3.2729,4
8,2,71,3.2904,2
8,2,72,3.246,3.5
8,2,73,3.2861,3.5
8,2,74,3.3977,3.75
8,2,75,3.2939,4
8,2,76,3.1873,3.25
8,2,77,3.1634,4.75
8,2,78,3.2974,3.25
8,2,79,3.3531,4
8,2,80,3.2771,3.25
8,2,82,3.4177,1
8,2,83,3.2656,2.75
8,2,84,3.3561,3.5
8,2,85,3.2826,4.5
8,2,86,3.3288,3.25
8,2,87,3.2819,3
8,2,88,3.4245,3.75
8,2,89,3.2714,2.25
8,2,90,3.3555,1.5
8,2,91,3.3757,2.25
8,2,92,3.5092,2
8,2,93,3.6185,4.25
8,2,94,3.2125,3
8,2,95,3.4338,2
8,2,96,3.501,2
8,2,97,3.3666,4.25
8,2,98,3.452,3
8,2,99,3.3677,4
8,2,100,3.3449,3.25
8,2,101,3.5262,2.75
8,2,102,3.4253,0.75
8,2,103,3.3922,0
8,1,1,3.228,0
8,1,2,3.3264,2.75
8,1,3,3.1663,2.5
8,1,4,3.0589,1.75
8,1,5,3.1382,2
8,1,6,3.3653,1.5
8,1,7,3.3539,1
8,1,8,3.5116,1
8,1,9,3.407,2
8,1,10,3.1554,1.75
8,1,12,3.1816,1
8,1,13,3.4041,0
8,1,14,3.3927,0.75
8,1,15,3.4032,0.75
8,1,16,3.4302,2.75
8,1,17,3.3096,3.25
8,1,18,3.4254,3.75
8,1,19,3.548,2.25
8,1,20,3.4636,2.5
8,1,21,3.1086,1.75
8,1,22,3.4261,3.5
8,1,23,3.5537,3.25
8,1,26,3.5186,2.75
8,1,27,3.3219,2
8,1,28,3.4818,1
8,1,29,3.5133,3.25
8,1,30,3.3293,2.5
8,1,48,3.1771,0
8,1,50,3.3682,1
8,1,51,3.3207,1
8,1,53,3.282,2.25
8,1,54,3.1923,3
8,1,56,3.4005,0
8,1,57,3.4511,0
8,1,58,3.4079,1
8,1,60,3.5384,2.5
8,1,61,3.3837,2.75
8,1,62,3.4571,1.5
8,1,63,3.4894,1
8,1,64,3.5113,1.25
8,1,67,3.3472,2.25
8,1,68,3.1943,1.5
8,1,69,3.3558,2.5
8,1,70,3.398,1.75
8,1,71,3.1224,0
8,1,72,3.1956,1
8,1,73,3.214,2.75
8,1,74,3.27,2.5
8,1,75,3.2496,3
8,1,76,3.3509,1
8,1,77,3.2314,3.25
8,1,78,3.1996,2.75
8,1,79,3.221,2
8,1,80,3.2711,1.75
8,1,81,3.2635,2.25
8,1,82,3.406,1.75
8,1,84,3.405,0
8,1,85,3.4572,2
8,1,86,3.1605,1.25
8,1,87,3.2597,1
8,1,88,3.4596,2.25
8,1,89,3.5065,3.5
8,1,91,3.2193,2.75
8,1,92,3.1002,1.5
8,1,94,3.2193,1.75
8,1,95,3.0408,2.25
8,1,96,3.2758,2.5
8,1,97,3.2753,2.25
8,2,1,3.2765,0
8,2,2,3.0188,0.5
8,2,3,3.2904,1
8,2,4,3.4001,3.25
8,2,5,3.0113,3.75
8,2,6,3.0013,1.75
8,2,7,2.7582,1.5
8,2,8,3.1253,4.25
8,2,9,3.382,2
8,2,10,2.9219,1.75
8,2,11,2.9581,3
8,2,12,3.3077,2.25
8,2,13,3.3098,0
8,2,14,3.1269,0.75
8,2,15,3.4856,2.25
8,2,16,3.6013,4
8,2,17,3.4375,3.5
8,2,18,3.4085,3.5
8,2,19,3.4893,2
8,2,20,3.4473,3.75
8,2,21,3.3274,2.25
8,2,22,3.6602,2.25
8,2,23,3.5631,2.5
8,2,24,3.3965,3
8,2,25,3.619,2.75
8,2,26,3.6435,4
8,2,27,3.4456,4
8,2,28,3.07,2.5
8,2,29,3.6137,4.75
8,2,30,3.5384,4.25
8,2,31,3.4309,2.75
8,2,32,3.6448,4
8,2,33,3.5681,2.25
8,2,34,3.1143,3.5
8,2,35,3.2124,3.5
8,2,36,3.5575,3.75
8,2,37,3.3093,2.25
8,2,38,3.3761,3.75
8,2,39,3.2592,2
8,2,40,3.3322,2
8,2,41,3.1374,4
8,2,42,3.4711,3.5
8,2,43,3.3419,2.75
8,2,44,3.44,3.25
8,2,45,3.3569,2.25
8,2,46,3.4081,3.25
8,2,47,3.4027,2.75
8,2,48,3.4554,4
8,2,49,3.6083,4
8,2,50,3.3501,3
8,2,51,2.7517,2.25
8,2,52,2.8832,1
8,2,53,2.6792,1.75
8,2,54,3.1584,0.5
8,2,55,3.5321,3.75
8,2,56,3.3285,2
8,2,57,3.3619,4.75
8,2,58,3.3637,3
8,2,59,3.3292,4.5
8,2,60,3.7367,3.5
8,2,61,3.1988,4
8,2,62,3.5615,1.75
8,2,63,3.6022,5.25
8,2,64,3.227,4.75
8,2,65,3.2035,2
8,2,66,3.5847,0
8,2,67,3.5263,3.25
8,2,68,3.7105,2.75
8,2,69,3.4864,3.5
8,2,70,3.676,4
8,2,71,3.4688,2
8,2,72,3.3055,3.5
8,2,73,3.6302,3.5
8,2,74,3.5186,3.75
8,2,75,3.6731,4
8,2,76,3.3759,3.25
8,2,77,3.5097,4.75
8,2,78,3.3587,3.25
8,2,79,3.4734,4
8,2,80,3.4153,3.25
8,2,81,3.1617,0.5
8,2,82,3.1927,1
8,2,83,3.2193,2.75
8,2,84,3.1059,3.5
8,2,85,3.4346,4.5
8,2,87,3.4073,3
8,2,88,3.081,3.75
8,2,91,3.2939,2.25
8,2,94,3.2707,3
8,2,95,3.2193,2
8,2,96,3.2193,2
8,2,98,3.2693,3
8,2,99,3.1417,4
8,2,101,3.236,2.75
8,2,102,2.9182,0.75
8,2,103,3.0362,0
9,1,1,3.2686,0.5
9,1,2,3.4341,5.25
9,1,3,3.5655,4.75
9,1,4,3.5192,5
9,1,5,3.5676,5.75
9,1,6,3.2215,3.5
9,1,7,3.5941,4.25
9,1,8,3.3346,4.5
9,1,9,2.749,0.75
9,1,10,3.3209,0
9,1,11,2.7804,1
9,1,12,3.2681,4.75
9,1,13,3.2633,2
9,1,14,3.2153,0
9,1,15,3.0895,0
9,1,16,3.2114,1.5
9,1,17,3.3939,4.25
9,1,18,3.3522,3.5
9,1,19,3.4462,3.25
9,1,20,3.2361,4
9,1,21,3.227,4.5
9,1,22,3.1625,3
9,1,23,3.446,4.5
9,1,24,3.2995,3.5
9,1,25,3.1225,3.5
9,1,26,3.2604,4.5
9,1,27,3.3435,3.75
9,1,28,3.4732,2.75
9,1,29,3.2844,2.5
9,1,30,3.3995,3
9,1,31,3.2632,3.5
9,1,32,3.3538,2.75
9,1,33,3.2935,3.75
9,1,34,3.2896,3.25
9,1,35,3.3382,3.5
9,1,36,3.07,3.5
9,1,37,3.3703,4.5
9,1,38,3.3919,3.5
9,1,39,3.183,2.75
9,1,40,3.054,2.25
9,1,41,3.3446,3
9,1,42,3.0083,4
9,1,43,3.2789,1
9,1,44,2.7477,0
9,1,45,2.8501,1
9,1,46,3.1827,0
9,1,47,3.3297,1.25
9,1,48,3.1546,0
9,1,49,2.79,0.75
9,1,50,3.0694,3.5
9,1,51,2.9858,3.5
9,1,52,3.0564,2.75
9,1,53,3.09,3
9,1,54,2.7935,2.75
9,1,55,3.2778,3.5
9,1,56,3.3077,3.75
9,1,57,3.0432,0
9,1,58,2.8771,0.75
9,1,59,2.6402,2.75
9,1,60,3.006,4
9,1,61,3.1258,3.5
9,1,62,3.3728,2.75
9,1,63,2.9296,3.25
9,1,64,3.0254,4.25
9,1,65,3.1084,2
9,1,66,3.3114,4.75
9,1,67,3.0606,4.25
9,1,68,3.4848,3.5
9,1,69,3.5041,5.5
9,1,70,2.9312,0
9,1,71,2.7581,0
9,1,72,2.9961,3.75
9,1,73,3.3661,3.25
9,1,74,3.425,3
9,1,75,3.4571,2.5
9,1,76,3.4937,4
9,1,77,3.386,3.25
9,1,78,3.3792,3.5
9,1,79,3.0601,4
9,1,80,3.2516,3.25
9,1,81,2.7102,2.25
9,1,82,3.4473,4
9,1,83,3.4291,4.25
9,1,84,3.3277,3
9,1,85,3.4299,4.75
9,1,86,3.3884,4
9,1,87,3.468,3.25
9,1,88,3.5234,3.25
9,1,89,3.4594,2.75
9,1,90,3.3645,2.75
9,1,91,3.285,3.75
9,1,92,3.52,4
9,1,93,3.6315,3.25
9,1,94,2.8883,3
9,1,95,3.4914,4.25
9,1,96,3.014,4.25
9,1,97,2.9088,3.5
9,1,98,2.9413,2.25
9,1,99,3.2288,3
9,1,100,3.1461,4.25
9,1,101,3.4756,2.25
9,1,102,3.2052,3.75
9,1,103,3.0306,2.25
9,1,104,2.7657,3
9,1,105,3.2328,3.75
9,1,106,2.7974,4
9,1,107,2.9553,4.25
9,1,108,2.8913,0
9,1,109,3.3209,1.25
9,1,110,3.3191,4.25
9,1,111,2.7461,3
9,1,112,3.2815,0
9,1,113,2.7804,0
9,2,1,2.7945,0
9,2,2,3.334,4
9,2,3,3.2115,4.5
9,2,4,3.1245,5.25
9,2,5,2.9705,5.5
9,2,6,3.4649,5.75
9,2,7,2.9745,5.25
9,2,8,3.4386,4.5
9,2,9,3.6292,5.75
9,2,10,3.5557,4.75
9,2,11,3.5011,4.5
9,2,12,3.2688,5.5
9,2,13,3.3625,3.75
9,2,14,2.9366,1
9,2,15,3.0018,0
9,2,16,3.1833,2.75
9,2,17,3.2258,4
9,2,18,3.2156,4.25
9,2,19,3.193,3.25
9,2,20,3.1642,3
9,2,21,3.3769,3.75
9,2,22,3.3775,3
9,2,23,3.2584,2.75
9,2,24,3.3672,1.75
9,2,25,3.3682,5.75
9,2,26,3.3601,3.25
9,2,27,3.2411,3.25
9,2,28,3.3744,4.75
9,2,29,3.3922,3
9,2,30,3.3048,2.75
9,2,31,3.3837,2.75
9,2,32,3.3304,2.25
9,2,33,3.3201,3
9,2,34,3.238,2.5
9,2,35,3.1895,2.5
9,2,36,3.5087,4.75
9,2,37,3.363,3.75
9,2,38,3.131,2
9,2,39,3.4233,4
9,2,40,3.3441,3.25
9,2,41,3.3112,4.5
9,2,42,3.2664,3.25
9,2,43,3.3656,1.75
9,2,44,3.2574,1
9,2,45,3.3664,3
9,2,46,3.3491,4.75
9,2,47,3.5555,5
9,2,48,3.4894,5
9,2,49,3.4659,5.25
9,2,50,3.433,4
9,2,52,3.5329,2.75
9,2,53,3.3992,3.75
9,2,54,3.5059,5.5
9,2,55,3.4033,3.25
9,2,56,3.2247,5
9,2,57,3.1094,2.25
9,2,58,3.4086,0.5
9,2,59,3.4093,0
9,2,60,2.8836,0.75
9,2,61,3.0786,0.75
9,2,62,3.2731,4
9,2,63,2.9727,5
9,2,64,3.0014,4.5
9,2,65,3.2021,4.75
9,2,66,3.4452,5.5
9,2,67,3.3573,4.25
9,2,68,3.0669,3.25
9,2,69,3.3675,3.25
9,2,70,3.2201,4.75
9,2,71,3.2909,5.25
9,2,72,3.3264,0
9,2,73,3.4097,1.75
9,2,74,3.4288,5.25
9,2,75,3.6553,3.75
9,2,76,3.437,3.25
9,2,77,3.4191,4.25
9,2,78,3.5582,5.5
9,2,79,3.5462,5.25
9,2,80,3.5246,4.75
9,2,81,3.4929,4.75
9,2,82,3.5146,3
9,2,83,3.376,4
9,2,84,3.3374,3.75
9,2,85,3.568,4.75
9,2,86,3.3286,4
9,2,87,3.4478,3.25
9,2,88,3.4677,4.5
9,2,89,3.323,2.75
9,2,90,3.4269,3.25
9,2,91,3.49,4.25
9,2,92,3.454,4.25
9,2,93,3.5295,4.5
9,2,94,3.1841,4
9,2,95,3.1695,5
9,2,96,3.2234,3
9,2,97,3.0718,3.75
9,2,98,3.53,4.5
9,2,99,3.4072,4.5
9,2,100,3.5483,5.75
9,2,101,3.5819,3.75
9,2,102,3.5848,3.75
9,2,103,3.3151,3
9,2,104,3.4046,3.25
9,2,105,3.4474,4.5
9,2,106,3.2825,5.25
9,2,107,3.1949,3.75
9,2,108,3.5019,4.25
9,2,109,3.4279,2.25
9,2,110,3.1541,3.25
9,2,111,3.0908,4
9,2,112,3.4661,4.5
9,2,113,3.4917,5.75
9,2,114,3.4437,3.25
9,2,115,2.9882,0
9,2,116,3.0562,0
9,1,1,3.0511,0.5
9,1,2,3.0112,5.25
9,1,3,3.0736,4.75
9,1,4,2.9447,5
9,1,5,3.1034,5.75
9,1,6,2.8858,3.5
9,1,7,3.0393,4.25
9,1,8,3.0124,4.5
9,1,9,2.9538,0.75
9,1,10,3.3829,0
9,1,11,2.662,1
9,1,12,2.8607,4.75
9,1,13,2.643,2
9,1,14,2.7995,0
9,1,15,2.8875,0
9,1,16,3.2805,1.5
9,1,17,3.6248,4.25
9,1,18,3.7176,3.5
9,1,19,3.5454,3.25
9,1,20,3.6792,4
9,1,21,3.7676,4.5
9,1,22,3.6465,3
9,1,23,3.2663,4.5
9,1,24,2.9886,3.5
9,1,25,3.5664,3.5
9,1,26,3.4725,4.5
9,1,27,3.5579,3.75
9,1,28,3.1975,2.75
9,1,29,3.465,2.5
9,1,30,3.5334,3
9,1,31,3.2726,3.5
9,1,32,3.3876,2.75
9,1,33,3.6957,3.75
9,1,34,3.5871,3.25
9,1,35,3.4627,3.5
9,1,36,3.6381,3.5
9,1,37,3.7172,4.5
9,1,38,3.6296,3.5
9,1,39,3.4982,2.75
9,1,40,3.4481,2.25
9,1,41,3.2238,3
9,1,42,3.4276,4
9,1,43,3.0302,1
9,1,44,3.1047,0
9,1,45,2.8659,1
9,1,46,2.7068,0
9,1,47,3.3852,1.25
9,1,48,3.4016,0
9,1,49,3.3745,0.75
9,1,50,3.4848,3.5
9,1,51,3.3204,3.5
9,1,52,3.2006,2.75
9,1,53,3.3595,3
9,1,54,3.1077,2.75
9,1,55,2.9783,3.5
9,1,56,3.365,3.75
9,1,57,2.6437,0
9,1,58,2.7688,0.75
9,1,59,2.6707,2.75
9,1,60,2.6599,4
9,1,61,2.6508,3.5
9,1,62,2.698,2.75
9,1,63,2.5088,3.25
9,1,64,2.5957,4.25
9,1,65,2.7072,2
9,1,66,2.7491,4.75
9,1,67,2.7251,4.25
9,1,68,2.8608,3.5
9,1,69,2.9158,5.5
9,1,70,2.5203,0
9,1,71,2.7703,0
9,1,72,3.4958,3.75
9,1,73,3.4785,3.25
9,1,74,3.6345,3
9,1,75,3.3519,2.5
9,1,76,3.5594,4
9,1,77,3.6196,3.25
9,1,78,3.4463,3.5
9,1,79,3.5323,4
9,1,80,3.2806,3.25
9,1,81,3.1258,2.25
9,1,82,3.2254,4
9,1,83,3.4432,4.25
9,1,84,3.239,3
9,1,85,3.2964,4.75
9,1,86,3.4645,4
9,1,87,3.4199,3.25
9,1,88,3.4122,3.25
9,1,89,3.3537,2.75
9,1,90,3.297,2.75
9,1,91,3.3575,3.75
9,1,92,3.3762,4
9,1,93,3.1605,3.25
9,1,94,3.297,3
9,1,95,3.3154,4.25
9,1,96,3.2812,4.25
9,1,97,3.2656,3.5
9,1,98,3.1026,2.25
9,1,99,3.4213,3
9,1,100,3.4887,4.25
9,1,101,3.4118,2.25
9,1,102,3.2602,3.75
9,1,103,3.4418,2.25
9,1,104,3.3095,3
9,1,105,3.2161,3.75
9,1,106,2.6741,4
9,1,107,2.6622,4.25
9,1,108,2.699,0
9,1,109,3.3829,1.25
9,1,110,3.569,4.25
9,1,111,3.4898,3
9,1,112,2.8742,0
9,1,113,2.662,0
9,2,1,2.9792,0
9,2,2,3.642,4
9,2,3,3.185,4.5
9,2,4,2.8939,5.25
9,2,5,2.9822,5.5
9,2,6,3.1121,5.75
9,2,7,2.9369,5.25
9,2,8,3.0531,4.5
9,2,9,3.0283,5.75
9,2,10,3.2889,4.75
9,2,11,3.3804,4.5
9,2,12,3.3731,5.5
9,2,13,2.9994,3.75
9,2,14,2.8903,1
9,2,15,3.0997,0
9,2,16,3.498,2.75
9,2,17,3.5473,4
9,2,18,3.7924,4.25
9,2,19,3.39,3.25
9,2,20,3.5618,3
9,2,21,3.73,3.75
9,2,22,3.7165,3
9,2,23,3.7558,2.75
9,2,24,3.8262,1.75
9,2,25,3.6218,5.75
9,2,26,3.8173,3.25
9,2,27,3.6858,3.25
9,2,28,3.6314,4.75
9,2,29,3.786,3
9,2,30,3.4467,2.75
9,2,31,3.7586,2.75
9,2,32,3.4828,2.25
9,2,33,3.7367,3
9,2,34,3.6672,2.5
9,2,35,3.6968,2.5
9,2,36,3.8506,4.75
9,2,37,3.7826,3.75
9,2,38,3.4867,2
9,2,39,3.6845,4
9,2,40,3.7147,3.25
9,2,41,3.7826,4.5
9,2,42,3.7597,3.25
9,2,43,3.3623,1.75
9,2,44,2.9137,1
9,2,45,2.7877,3
9,2,46,3.7544,4.75
9,2,47,3.7055,5
9,2,48,3.4196,5
9,2,49,3.6131,5.25
9,2,50,3.6584,4
9,2,51,3.1655,5
9,2,52,3.5352,2.75
9,2,53,3.7112,3.75
9,2,54,3.7899,5.5
9,2,55,3.82,3.25
9,2,56,3.8795,5
9,2,57,3.1183,2.25
9,2,58,3.362,0.5
9,2,59,3.5222,0
9,2,60,3.0449,0.75
9,2,61,3.4483,0.75
9,2,62,2.7267,4
9,2,63,2.8965,5
9,2,64,3.0705,4.5
9,2,65,3.1531,4.75
9,2,66,3.1764,5.5
9,2,67,3.038,4.25
9,2,68,2.7103,3.25
9,2,69,3.249,3.25
9,2,70,3.148,4.75
9,2,71,3.1787,5.25
9,2,72,3.2353,0
9,2,73,3.2898,1.75
9,2,74,3.6271,5.25
9,2,75,3.5359,3.75
9,2,76,3.4667,3.25
9,2,77,3.6372,4.25
9,2,78,3.6883,5.5
9,2,79,3.6807,5.25
9,2,80,3.6084,4.75
9,2,81,3.7143,4.75
9,2,82,3.5194,3
9,2,83,3.5748,4
9,2,84,3.554,3.75
9,2,85,3.6351,4.75
9,2,86,3.1212,4
9,2,87,3.743,3.25
9,2,88,3.7028,4.5
9,2,89,3.193,2.75
9,2,90,3.7134,3.25
9,2,91,3.7384,4.25
9,2,92,3.6943,4.25
9,2,93,3.5719,4.5
9,2,94,3.4918,4
9,2,95,3.5667,5
9,2,96,3.4699,3
9,2,97,3.68,3.75
9,2,98,3.6374,4.5
9,2,99,3.6202,4.5
9,2,100,3.6322,5.75
9,2,101,3.6544,3.75
9,2,102,3.7037,3.75
9,2,103,3.8575,3
9,2,104,3.6162,3.25
9,2,105,3.8194,4.5
9,2,106,3.3285,5.25
9,2,107,3.7418,3.75
9,2,108,3.7111,4.25
9,2,109,3.6538,2.25
9,2,110,3.3904,3.25
9,2,111,3.6373,4
9,2,112,3.5948,4.5
9,2,113,3.7491,5.75
9,2,114,3.6361,3.25
9,2,115,3.3033,0
9,2,116,3.4357,0
