3,1,47,5.7750,4.25
3,1,47,5.7750,4.25
3,1,10,5.6813,2.875
3,1,10,5.6822,2.875
3,1,101,4.3069,4.375
3,1,101,4.3028,4.375
3,1,64,5.6407,5.75
3,1,64,5.6396,5.75
3,1,45,4.5207,4.25
3,1,45,4.5240,4.25
3,1,8,5.5683,3.5
3,1,8,5.5663,3.5
3,1,99,3.4667,1.5
3,1,99,3.4647,1.5
3,1,94,4.0897,3.25
3,1,94,4.0907,3.25
3,1,43,4.3393,4.0
3,1,43,4.3408,4.0
3,1,6,4.8225,4.5
3,1,6,4.8169,4.5
3,1,97,3.7256,1.25
3,1,97,3.7332,1.25
3,1,92,4.4072,3.5
3,1,92,4.4029,3.5
3,1,41,3.4361,3.25
3,1,41,3.4412,3.25
3,1,4,5.5894,3.25
3,1,4,5.5907,3.25
3,1,90,4.8277,3.75
3,1,90,4.8288,3.75
3,1,39,5.4667,5.75
3,1,39,5.4667,5.75
3,1,2,3.5099,4.5
3,1,2,3.5147,4.5
3,1,88,3.2877,4.0
3,1,88,3.2721,4.0
3,1,37,3.6994,3.125
3,1,37,3.7019,3.125
3,1,86,4.2098,4.25
3,1,86,4.2060,4.25
3,1,35,5.4396,4.375
3,1,35,5.4383,4.375
3,1,30,3.6186,4.5
3,1,30,3.6211,4.5
3,1,84,4.9792,3.75
3,1,84,4.9799,3.75
3,1,33,4.4016,3.0
3,1,33,4.3944,3.0
3,1,28,5.5542,4.75
3,1,28,5.5546,4.75
3,1,82,4.3201,3.0
3,1,82,4.3233,3.0
3,1,63,5.2005,4.75
3,1,63,5.2007,4.75
3,1,26,5.3661,4.0
3,1,26,5.3668,4.0
3,1,80,3.3764,2.75
3,1,80,3.3775,2.75
3,1,61,5.1945,5.5
3,1,61,5.1942,5.5
3,1,24,5.0613,4.5
3,1,24,5.0626,4.5
3,1,59,4.9604,5.5
3,1,59,4.9614,5.5
3,1,22,5.4226,4.83333
3,1,22,5.4228,4.83333
3,1,57,5.3089,4.875
3,1,57,5.3095,4.875
3,1,20,4.3512,2.5
3,1,20,4.3514,2.5
3,1,79,4.4460,5.25
3,1,79,4.4445,5.25
3,1,55,4.5186,3.25
3,1,55,4.5088,3.25
3,1,18,4.2378,3.75
3,1,18,4.2379,3.75
3,1,77,4.7676,4.5
3,1,77,4.7611,4.5
3,1,16,5.0742,4.75
3,1,16,5.0719,4.75
3,1,75,4.3511,4.0
3,1,75,4.3528,4.0
3,1,51,3.9976,4.5
3,1,51,3.9968,4.5
3,1,73,4.3465,3.0
3,1,73,4.3366,3.0
3,1,49,5.0651,5.0
3,1,49,5.0677,5.0
3,1,108,4.2717,2.25
3,1,108,4.2701,2.25
3,1,71,3.4951,2.0
3,1,71,3.4950,2.0
3,1,15,3.7863,5.0
3,1,15,3.7852,5.0
3,1,106,2.5490,2.75
3,1,106,2.5610,2.75
3,1,104,4.6886,3.5
3,1,104,4.6906,3.5
3,1,102,4.4592,5.25
3,1,102,4.4651,5.25
3,1,65,4.9191,6.25
3,1,65,4.9195,6.25
3,1,46,5.0026,5.0
3,1,46,5.0045,5.0
3,1,9,4.2019,2.75
3,1,9,4.1966,2.75
3,1,100,3.6173,2.375
3,1,100,3.6147,2.375
3,1,95,4.7017,3.75
3,1,95,4.6997,3.75
3,1,44,3.8508,3.0
3,1,44,3.8587,3.0
3,1,7,6.0271,4.75
3,1,7,6.0267,4.75
3,1,98,4.5824,1.75
3,1,98,4.5853,1.75
3,1,93,4.3863,3.25
3,1,93,4.3825,3.25
3,1,5,5.8026,6.0
3,1,5,5.8041,6.0
3,1,96,4.1814,3.875
3,1,96,4.1795,3.875
3,1,91,4.0841,4.0
3,1,91,4.0944,4.0
3,1,40,4.7383,5.0
3,1,40,4.7347,5.0
3,1,3,4.8273,3.0
3,1,3,4.8274,3.0
3,1,89,4.9201,4.25
3,1,89,4.9534,4.25
3,1,38,4.7491,4.5
3,1,38,4.7506,4.5
3,1,1,3.3490,3.875
3,1,1,3.3415,3.875
3,1,87,4.2425,4.25
3,1,87,4.2403,4.25
3,1,36,4.4156,3.5
3,1,36,4.4176,3.5
3,1,31,3.6976,3.66667
3,1,31,3.6976,3.66667
3,1,85,4.1259,2.0
3,1,85,4.1242,2.0
3,1,34,4.9236,4.125
3,1,34,4.9256,4.125
3,1,29,5.5589,1.25
3,1,29,5.5604,1.25
3,1,83,4.5139,4.5
3,1,83,4.5131,4.5
3,1,32,3.3474,4.5
3,1,32,3.3630,4.5
3,1,27,3.9296,5.25
3,1,27,3.9291,5.25
3,1,81,4.9137,2.75
3,1,81,4.9199,2.75
3,1,62,4.4847,4.375
3,1,62,4.4506,4.375
3,1,25,6.0956,5.5
3,1,25,6.0959,5.5
3,1,60,4.6758,5.5
3,1,60,4.6761,5.5
3,1,23,3.8556,3.875
3,1,23,3.8537,3.875
3,1,58,5.2148,4.5
3,1,58,5.2116,4.5
3,1,21,4.3408,4.5
3,1,21,4.3400,4.5
3,1,56,3.7676,4.0
3,1,56,3.7654,4.0
3,1,19,4.3058,4.125
3,1,19,4.2912,4.125
3,1,78,5.1200,5.25
3,1,78,5.1154,5.25
3,1,17,4.2871,5.0
3,1,17,4.2719,5.0
3,1,76,5.1632,4.0
3,1,76,5.1639,4.0
3,1,52,4.3107,3.5
3,1,52,4.3109,3.5
3,1,74,4.6072,4.0
3,1,74,4.6082,4.0
3,1,50,4.8505,4.66667
3,1,50,4.8491,4.66667
3,1,48,4.7555,2.5
3,1,48,4.7582,2.5
3,1,107,3.5428,5.25
3,1,107,3.5470,5.25
3,1,70,3.6236,2.75
3,1,70,3.6299,2.75
3,1,14,3.5227,3.75
3,1,14,3.5232,3.75
3,1,105,2.7658,1.25
3,1,105,2.7655,1.25
3,1,103,3.3669,1.5
3,1,103,3.3664,1.5
3,1,66,4.5580,3.0
3,1,66,4.5577,3.0
3,2,82,2.7052,3.25
3,2,82,2.7059,3.25
3,2,61,5.0126,4.375
3,2,61,5.0189,4.375
3,2,80,3.5536,4.75
3,2,80,3.5495,4.75
3,2,30,2.4620,3.625
3,2,30,2.4621,3.625
3,2,35,2.9942,3.875
3,2,35,2.9874,3.875
3,2,86,2.6500,2.75
3,2,86,2.6474,2.75
3,2,28,2.6387,4.0
3,2,28,2.6398,4.0
3,2,33,4.7930,5.0
3,2,33,4.7930,5.0
3,2,84,3.4381,4.0
3,2,84,3.4495,4.0
3,2,2,4.2027,1.875
3,2,2,4.2037,1.875
3,2,39,4.8136,4.25
3,2,39,4.8141,4.25
3,2,90,3.2909,4.25
3,2,90,3.2907,4.25
3,2,37,4.0319,2.25
3,2,37,4.0283,2.25
3,2,88,4.0717,4.0
3,2,88,4.0781,4.0
3,2,6,5.1220,5.25
3,2,6,5.1206,5.25
3,2,43,1.9955,4.0
3,2,43,2.0006,4.0
3,2,94,4.2448,3.75
3,2,94,4.2458,3.75
3,2,99,3.3909,2.625
3,2,99,3.3947,2.625
3,2,41,4.5594,3.5
3,2,41,4.5594,3.5
3,2,92,3.4838,3.25
3,2,92,3.4879,3.25
3,2,97,2.7973,5.0
3,2,97,2.7998,5.0
3,2,10,4.4923,4.0
3,2,10,4.4937,4.0
3,2,47,3.8072,3.875
3,2,47,3.8056,3.875
3,2,66,4.8748,3.75
3,2,66,4.8747,3.75
3,2,103,4.1807,4.0
3,2,103,4.1832,4.0
3,2,8,4.6266,6.0
3,2,8,4.6285,6.0
3,2,45,3.7936,3.25
3,2,45,3.7941,3.25
3,2,64,3.6278,2.375
3,2,64,3.6241,2.375
3,2,101,2.9091,3.125
3,2,101,2.9070,3.125
3,2,14,3.7142,3.75
3,2,14,3.7148,3.75
3,2,70,4.4362,3.66667
3,2,70,4.4367,3.66667
3,2,107,3.0783,4.625
3,2,107,3.0798,4.625
3,2,12,5.5620,5.25
3,2,12,5.5502,5.25
3,2,68,4.6296,5.5
3,2,68,4.6284,5.5
3,2,105,4.1623,3.5
3,2,105,4.1634,3.5
3,2,50,4.4406,3.75
3,2,50,4.4417,3.75
3,2,74,3.8095,3.25
3,2,74,3.8109,3.25
3,2,111,2.6352,3.5
3,2,111,2.6398,3.5
3,2,48,2.4044,4.25
3,2,48,2.4071,4.25
3,2,109,3.4548,1.95833
3,2,109,3.4544,1.95833
3,2,78,3.8924,2.75
3,2,78,3.8956,2.75
3,2,52,4.7459,1.5
3,2,52,4.7449,1.5
3,2,56,4.9201,4.25
3,2,56,4.9250,4.25
3,2,112,3.5592,4.0
3,2,112,3.5568,4.0
3,2,62,4.7056,5.25
3,2,62,4.7055,5.25
3,2,27,3.3140,4.0
3,2,27,3.3081,4.0
3,2,60,3.9955,3.75
3,2,60,3.9972,3.75
3,2,83,3.9318,4.25
3,2,83,3.9361,4.25
3,2,34,2.9310,3.5
3,2,34,2.9311,3.5
3,2,81,4.4030,4.375
3,2,81,4.4077,4.375
3,2,31,4.3178,3.25
3,2,31,4.3167,3.25
3,2,32,4.8228,3.25
3,2,32,4.8239,3.25
3,2,87,3.0463,3.75
3,2,87,3.0436,3.75
3,2,29,1.9729,4.0
3,2,29,1.9696,4.0
3,2,38,5.0915,3.25
3,2,38,5.0978,3.25
3,2,85,3.1625,3.25
3,2,85,3.1657,3.25
3,2,36,4.1490,2.75
3,2,36,4.1492,2.75
3,2,91,4.4596,4.5
3,2,91,4.4653,4.5
3,2,42,1.6275,2.5
3,2,42,1.6270,2.5
3,2,89,4.4069,3.25
3,2,89,4.4085,3.25
3,2,98,3.8406,4.5
3,2,98,3.8319,4.5
3,2,7,3.9512,6.0
3,2,7,3.9621,6.0
3,2,40,4.7057,2.75
3,2,40,4.7021,2.75
3,2,95,3.1714,1.5
3,2,95,3.1725,1.5
3,2,96,3.2923,3.125
3,2,96,3.2913,3.125
3,2,5,3.6862,3.25
3,2,5,3.6874,3.25
3,2,46,3.8100,4.5
3,2,46,3.8091,4.5
3,2,93,4.6398,5.0
3,2,93,4.6379,5.0
3,2,102,4.6623,2.0
3,2,102,4.6649,2.0
3,2,11,5.6371,4.125
3,2,11,5.6388,4.125
3,2,44,2.3050,5.0
3,2,44,2.3063,5.0
3,2,67,4.7880,5.25
3,2,67,4.9266,5.25
3,2,100,4.2300,1.25
3,2,100,4.2295,1.25
3,2,9,4.5112,4.5
3,2,9,4.5195,4.5
3,2,65,3.1945,3.0
3,2,65,3.1967,3.0
3,2,106,4.1088,3.875
3,2,106,4.1092,3.875
3,2,71,4.2424,2.375
3,2,71,4.2393,2.375
3,2,104,2.4214,3.5
3,2,104,2.4667,3.5
3,2,13,5.0852,5.0
3,2,13,5.0886,5.0
3,2,69,2.6175,1.25
3,2,69,2.6188,1.25
3,2,110,4.8783,4.25
3,2,110,4.8772,4.25
3,2,51,4.8234,4.0
3,2,51,4.8246,4.0
3,2,108,2.1114,4.0
3,2,108,2.1132,4.0
3,2,49,2.3130,2.75
3,2,49,2.3198,2.75
3,2,73,4.0708,3.75
3,2,73,4.0705,3.75
3,2,55,3.7444,3.33333
3,2,55,3.7426,3.33333
3,2,79,3.3097,3.75
3,2,79,3.3100,3.75
3,2,53,3.8302,4.5
3,2,53,3.8321,4.5
3,2,77,3.6292,2.25
3,2,77,3.6275,2.25
3,2,59,3.6874,2.25
3,2,59,3.6848,2.25
3,2,113,3.8620,3.0
3,2,113,3.8590,3.0
3,2,26,2.7141,2.5
3,2,26,2.7152,2.5
3,2,63,2.0280,1.25
3,2,63,2.0287,1.25
4,1,29,3.4773,3.0
4,1,29,3.4723,3.0
4,1,58,4.3091,2.25
4,1,58,4.3116,2.25
4,1,85,3.0900,2.5
4,1,85,3.0925,2.5
4,1,114,2.2728,1.5
4,1,114,2.2736,1.5
4,1,31,3.4186,2.25
4,1,31,3.4185,2.25
4,1,36,2.2815,0.875
4,1,36,2.2832,0.875
4,1,87,2.5725,3.25
4,1,87,2.5765,3.25
4,1,25,3.1577,1.5
4,1,25,3.1572,1.5
4,1,38,3.4827,2.5
4,1,38,3.4838,2.5
4,1,81,2.6248,3.0
4,1,81,2.6238,3.0
4,1,27,1.7125,2.75
4,1,27,1.7191,2.75
4,1,32,3.1234,1.5
4,1,32,3.1191,1.5
4,1,83,2.1234,3.25
4,1,83,2.1248,3.25
4,1,5,1.6122,1.0
4,1,5,1.6129,1.0
4,1,34,2.4291,1.5
4,1,34,2.4259,1.5
4,1,93,3.5422,3.0
4,1,93,3.5448,3.0
4,1,7,2.1966,1.75
4,1,7,2.1941,1.75
4,1,95,2.3874,3.5
4,1,95,2.3892,3.5
4,1,100,3.5092,0.75
4,1,100,3.5053,0.75
4,1,46,4.2075,3.75
4,1,46,4.2109,3.75
4,1,89,2.8207,1.75
4,1,89,2.8257,1.75
4,1,102,2.1068,1.5
4,1,102,2.1033,1.5
4,1,3,2.0858,3.5
4,1,3,2.0831,3.5
4,1,40,4.0822,4.0
4,1,40,4.0837,4.0
4,1,91,3.3331,2.25
4,1,91,3.3332,2.25
4,1,96,3.0204,2.75
4,1,96,3.0209,2.75
4,1,13,1.9460,1.5
4,1,13,1.9464,1.5
4,1,42,3.5668,1.75
4,1,42,3.5672,1.75
4,1,69,4.7789,5.5
4,1,69,4.7782,5.5
4,1,98,3.5733,3.25
4,1,98,3.5723,3.25
4,1,15,1.7984,0.75
4,1,15,1.7980,0.75
4,1,71,4.6269,2.125
4,1,71,4.6266,2.125
4,1,108,3.6095,3.25
4,1,108,3.6105,3.25
4,1,9,1.5885,1.0
4,1,9,1.5870,1.0
4,1,65,4.0251,4.75
4,1,65,4.0242,4.75
4,1,110,2.9496,4.0
4,1,110,2.9480,4.0
4,1,11,2.0501,1.0
4,1,11,2.0525,1.0
4,1,67,4.0716,1.75
4,1,67,4.0687,1.75
4,1,104,2.0230,1.25
4,1,104,2.0230,1.25
4,1,53,4.4511,2.5
4,1,53,4.4507,2.5
4,1,77,3.9281,2.625
4,1,77,3.9279,2.625
4,1,106,2.8119,2.125
4,1,106,2.8155,2.125
4,1,55,4.2235,2.5
4,1,55,4.2243,2.5
4,1,79,4.3802,6.75
4,1,79,4.3804,6.75
4,1,49,4.2024,4.25
4,1,49,4.2037,4.25
4,1,73,4.6427,4.25
4,1,73,4.6410,4.25
4,1,22,1.9059,1.25
4,1,22,1.9088,1.25
4,1,51,4.4653,2.75
4,1,51,4.4673,2.75
4,1,75,3.9475,4.75
4,1,75,3.9462,4.75
4,1,16,1.7236,1.0
4,1,16,1.7258,1.0
4,1,117,2.1903,1.25
4,1,117,2.1904,1.25
4,1,63,1.8575,1.0
4,1,63,1.8579,1.0
4,1,28,3.2780,2.625
4,1,28,3.2784,2.625
4,1,57,4.3540,2.75
4,1,57,4.3547,2.75
4,1,84,2.1844,2.5
4,1,84,2.1813,2.5
4,1,113,2.6532,3.25
4,1,113,2.6445,3.25
4,1,30,3.1189,1.125
4,1,30,3.1184,1.125
4,1,59,4.2561,1.875
4,1,59,4.2554,1.875
4,1,86,2.2068,1.66667
4,1,86,2.2102,1.66667
4,1,115,3.0074,3.5
4,1,115,3.0104,3.5
4,1,24,3.1868,2.0
4,1,24,3.1865,2.0
4,1,37,3.9216,2.25
4,1,37,3.9200,2.25
4,1,80,3.2621,3.5
4,1,80,3.2556,3.5
4,1,26,3.8951,4.375
4,1,26,3.8932,4.375
4,1,39,3.8634,2.5
4,1,39,3.8610,2.5
4,1,82,2.6446,6.5
4,1,82,2.6481,6.5
4,1,4,1.5395,1.5
4,1,4,1.5378,1.5
4,1,33,2.4183,1.5
4,1,33,2.4199,1.5
4,1,92,3.0921,2.0
4,1,92,3.0877,2.0
4,1,6,1.8141,1.5
4,1,6,1.8157,1.5
4,1,35,2.8550,1.75
4,1,35,2.8550,1.75
4,1,94,2.3230,1.5
4,1,94,2.3227,1.5
4,1,45,3.8786,2.125
4,1,45,3.8779,2.125
4,1,88,2.3035,1.5
4,1,88,2.2968,1.5
4,1,101,2.0677,3.875
4,1,101,2.0659,3.875
4,1,47,3.8992,2.125
4,1,47,3.8992,2.125
4,1,90,3.6379,1.375
4,1,90,3.6331,1.375
4,1,103,3.5021,1.0
4,1,103,3.5016,1.0
4,1,12,1.9839,2.5
4,1,12,1.9873,2.5
4,1,41,4.2467,2.5
4,1,41,4.2464,2.5
4,1,68,4.1441,5.5
4,1,68,4.1441,5.5
4,1,97,2.5594,1.625
4,1,97,2.5573,1.625
4,1,70,3.7605,5.25
4,1,70,3.7631,5.25
4,1,99,4.0444,2.375
4,1,99,4.0433,2.375
4,1,8,1.6976,0.75
4,1,8,1.6986,0.75
4,1,64,4.0919,3.5
4,1,64,4.0925,3.5
4,1,109,3.0499,2.75
4,1,109,3.0484,2.75
4,1,10,2.2388,3.0
4,1,10,2.2401,3.0
4,1,66,1.5626,1.0
4,1,66,1.5599,1.0
4,1,111,2.6539,3.5
4,1,111,2.6540,3.5
4,1,52,4.5222,3.25
4,1,52,4.5212,3.25
4,1,105,3.3667,3.625
4,1,105,3.3663,3.625
4,1,54,4.5990,3.375
4,1,54,4.5990,3.375
4,1,78,3.1282,3.25
4,1,78,3.1279,3.25
4,1,48,4.0890,1.5
4,1,48,4.0883,1.5
4,1,72,2.6379,2.375
4,1,72,2.6377,2.375
4,1,50,4.0501,2.0
4,1,50,4.0509,2.0
4,1,74,3.0971,3.5
4,1,74,3.0969,3.5
4,1,23,1.7590,1.0
4,1,23,1.7623,1.0
4,1,116,3.8198,1.75
4,1,116,3.8183,1.75
4,1,118,4.2828,4.5
4,1,118,4.2827,4.5
4,1,56,4.1980,2.0
4,1,56,4.1971,2.0
4,1,112,2.7570,1.0
4,1,112,2.7636,1.0
7,1,40,4.7686,5.5
7,1,40,4.2103,5.5
7,1,3,4.0045,4.75
7,1,3,3.8630,4.75
7,1,102,4.6853,4.25
7,1,102,3.6288,4.25
7,1,46,4.5574,4.0
7,1,46,4.2370,4.0
7,1,1,3.8443,3.5
7,1,1,3.5744,3.5
7,1,44,4.2521,6.25
7,1,44,4.3771,6.25
7,1,7,4.1663,2.25
7,1,7,3.5939,2.25
7,1,90,3.8300,4.0
7,1,90,3.9493,4.0
7,1,34,4.2281,5.5
7,1,34,4.1843,5.5
7,1,5,4.3090,4.75
7,1,5,3.7473,4.75
7,1,88,4.4928,6.5
7,1,88,3.9605,6.5
7,1,32,4.0488,3.75
7,1,32,4.1079,3.75
7,1,94,4.6481,3.0
7,1,94,4.0422,3.0
7,1,38,4.3475,3.5
7,1,38,3.1871,3.5
7,1,92,4.2472,5.75
7,1,92,3.7571,5.75
7,1,36,4.2865,4.25
7,1,36,3.3471,4.25
7,1,82,4.1925,5.25
7,1,82,3.8395,5.25
7,1,26,4.8327,3.0
7,1,26,4.4118,3.0
7,1,80,4.2369,2.0
7,1,80,3.9670,2.0
7,1,24,4.4365,5.0
7,1,24,4.3210,5.0
7,1,86,4.3386,3.25
7,1,86,3.8211,3.25
7,1,59,4.4570,5.25
7,1,59,3.7163,5.25
7,1,30,3.8239,3.0
7,1,30,3.1272,3.0
7,1,84,3.9420,4.75
7,1,84,2.7298,4.75
7,1,57,4.6645,4.25
7,1,57,4.0422,4.25
7,1,28,4.0307,5.25
7,1,28,4.1020,5.25
7,1,74,3.9612,4.25
7,1,74,4.7215,4.25
7,1,63,4.1698,5.5
7,1,63,3.9739,5.5
7,1,18,4.1039,6.0
7,1,18,3.9883,6.0
7,1,72,4.6967,2.0
7,1,72,3.7247,2.0
7,1,61,4.1350,5.0
7,1,61,4.0994,5.0
7,1,107,3.9156,4.0
7,1,107,3.3501,4.0
7,1,78,3.7716,4.0
7,1,78,2.7353,4.0
7,1,51,4.4566,3.5
7,1,51,4.1430,3.5
7,1,22,3.9640,3.75
7,1,22,3.8910,3.75
7,1,105,4.3766,4.75
7,1,105,3.8447,4.75
7,1,76,4.6485,2.75
7,1,76,4.1106,2.75
7,1,49,4.0471,4.5
7,1,49,4.3236,4.5
7,1,20,3.7397,5.25
7,1,20,3.9400,5.25
7,1,66,3.1929,4.25
7,1,66,2.2695,4.25
7,1,55,4.0558,2.5
7,1,55,3.1713,2.5
7,1,10,3.8351,2.75
7,1,10,4.3570,2.75
7,1,109,3.9584,6.25
7,1,109,3.6946,6.25
7,1,64,3.4348,5.0
7,1,64,2.1841,5.0
7,1,53,4.4763,5.5
7,1,53,3.8059,5.5
7,1,8,4.5399,4.5
7,1,8,3.8742,4.5
7,1,70,4.2974,5.5
7,1,70,3.5330,5.5
7,1,43,4.7145,3.5
7,1,43,4.1623,3.5
7,1,14,2.0852,1.75
7,1,14,2.4483,1.75
7,1,97,3.6376,5.5
7,1,97,2.7260,5.5
7,1,68,3.4635,4.25
7,1,68,2.5109,4.25
7,1,41,3.9389,4.75
7,1,41,3.7048,4.75
7,1,12,3.3313,5.0
7,1,12,2.2698,5.0
7,1,103,3.4368,3.25
7,1,103,3.8905,3.25
7,1,47,4.5515,4.5
7,1,47,4.4586,4.5
7,1,2,4.1157,5.5
7,1,2,3.4397,5.5
7,1,101,3.7303,4.0
7,1,101,3.3293,4.0
7,1,45,4.4096,4.5
7,1,45,4.2955,4.5
7,1,35,4.4965,6.0
7,1,35,4.3135,6.0
7,1,89,4.3582,5.25
7,1,89,3.8543,5.25
7,1,33,4.2831,4.75
7,1,33,4.0748,4.75
7,1,4,4.2635,3.25
7,1,4,3.8937,3.25
7,1,95,4.2644,4.75
7,1,95,4.1107,4.75
7,1,39,4.0259,5.5
7,1,39,3.9235,5.5
7,1,93,4.2315,4.25
7,1,93,4.4334,4.25
7,1,37,4.1423,4.25
7,1,37,3.7098,4.25
7,1,83,4.2097,4.75
7,1,83,4.0443,4.75
7,1,27,4.4153,4.25
7,1,27,4.0499,4.25
7,1,81,4.7123,4.0
7,1,81,4.0165,4.0
7,1,25,4.0889,4.5
7,1,25,3.6828,4.5
7,1,31,4.0528,4.5
7,1,31,3.1688,4.5
7,1,58,4.0149,6.0
7,1,58,2.9121,6.0
7,1,29,4.1467,4.25
7,1,29,4.1878,4.25
7,1,75,4.2486,4.75
7,1,75,3.6507,4.75
7,1,19,4.0974,4.75
7,1,19,3.4076,4.75
7,1,73,4.5406,1.0
7,1,73,3.9168,1.0
7,1,62,4.3118,4.5
7,1,62,4.0374,4.5
7,1,79,4.2868,3.0
7,1,79,2.9373,3.0
7,1,60,3.8777,3.25
7,1,60,3.6174,3.25
7,1,23,4.2155,4.0
7,1,23,4.0867,4.0
7,1,106,4.2393,4.75
7,1,106,3.6661,4.75
7,1,50,4.7187,5.0
7,1,50,4.1845,5.0
7,1,104,4.0116,4.75
7,1,104,3.1271,4.75
7,1,67,2.7674,4.75
7,1,67,3.5063,4.75
7,1,48,4.4701,1.5
7,1,48,4.3584,1.5
7,1,11,2.6031,1.75
7,1,11,2.7659,1.75
7,1,65,2.8414,5.25
7,1,65,2.4715,5.25
7,1,54,4.0278,5.5
7,1,54,4.0209,5.5
7,1,9,3.9708,2.0
7,1,9,3.6336,2.0
7,1,108,3.7820,2.75
7,1,108,3.2100,2.75
7,1,71,4.3336,4.75
7,1,71,4.2837,4.75
7,1,52,4.3114,0.75
7,1,52,4.3727,0.75
7,1,98,4.1083,3.25
7,1,98,3.9485,3.25
7,1,69,3.5513,5.5
7,1,69,3.7779,5.5
7,1,42,4.7199,3.0
7,1,42,4.4757,3.0
7,1,13,2.7398,3.0
7,1,13,2.6762,3.0
7,1,96,4.9912,5.5
7,1,96,4.0835,5.5
7,2,77,3.8839,4.25
7,2,77,3.3788,4.25
7,2,102,3.9161,5.25
7,2,102,3.3248,5.25
7,2,3,3.6867,5.75
7,2,3,3.6732,5.75
7,2,75,3.6969,3.5
7,2,75,3.6436,3.5
7,2,100,1.9119,1.75
7,2,100,2.0444,1.75
7,2,1,2.9101,4.25
7,2,1,1.7864,4.25
7,2,73,2.3484,3.25
7,2,73,2.8441,3.25
7,2,98,3.6636,3.75
7,2,98,3.7674,3.75
7,2,63,2.3451,5.25
7,2,63,3.4979,5.25
7,2,71,3.2683,4.0
7,2,71,3.0299,4.0
7,2,96,3.8587,3.5
7,2,96,3.6018,3.5
7,2,61,2.4003,5.5
7,2,61,3.2823,5.5
7,2,69,3.7108,4.25
7,2,69,3.1731,4.25
7,2,30,3.3127,3.0
7,2,30,3.3717,3.0
7,2,28,4.0397,5.75
7,2,28,3.7932,5.75
7,2,57,1.8917,1.5
7,2,57,3.1650,1.5
7,2,65,4.0618,5.0
7,2,65,3.2752,5.0
7,2,26,3.5619,4.25
7,2,26,4.0961,4.25
7,2,55,2.7269,4.0
7,2,55,2.9966,4.0
7,2,24,3.9327,3.75
7,2,24,3.7588,3.75
7,2,53,3.5350,5.0
7,2,53,3.8590,5.0
7,2,22,3.8671,3.0
7,2,22,3.3925,3.0
7,2,51,3.8153,4.75
7,2,51,3.6864,4.75
7,2,94,2.5952,3.25
7,2,94,3.4483,3.25
7,2,20,4.1792,5.5
7,2,20,3.8132,5.5
7,2,49,3.6962,4.0
7,2,49,4.1791,4.0
7,2,92,3.3917,4.66667
7,2,92,3.6843,4.66667
7,2,18,3.4914,3.5
7,2,18,3.7676,3.5
7,2,47,4.3150,4.0
7,2,47,4.0353,4.0
7,2,90,3.8594,4.0
7,2,90,3.8000,4.0
7,2,16,3.6419,5.0
7,2,16,3.6633,5.0
7,2,45,3.2907,2.5
7,2,45,3.8420,2.5
7,2,88,2.5953,5.0
7,2,88,3.9674,5.0
7,2,14,4.2970,5.5
7,2,14,4.2449,5.5
7,2,43,3.9572,2.75
7,2,43,3.6993,2.75
7,2,86,3.4570,2.5
7,2,86,3.9567,2.5
7,2,12,3.5413,4.25
7,2,12,3.9641,4.25
7,2,84,3.6759,3.75
7,2,84,3.6416,3.75
7,2,10,3.0388,4.0
7,2,10,3.2720,4.0
7,2,39,3.5826,4.0
7,2,39,3.5045,4.0
7,2,82,3.5721,3.25
7,2,82,3.8268,3.25
7,2,8,2.5623,4.0
7,2,8,3.2976,4.0
7,2,37,3.7398,3.5
7,2,37,3.3516,3.5
7,2,80,3.3542,4.0
7,2,80,3.9898,4.0
7,2,109,3.1274,5.25
7,2,109,3.2357,5.25
7,2,6,4.0168,4.0
7,2,6,3.7781,4.0
7,2,35,2.6996,3.5
7,2,