3,1,47,2.92987632751,4.25
3,1,47,2.92972135544,4.25
3,1,10,2.87511730194,2.875
3,1,10,2.87669444084,2.875
3,1,101,2.97135233879,4.375
3,1,101,2.9713613987,4.375
3,1,64,2.94571876526,5.75
3,1,64,2.94578099251,5.75
3,1,45,2.96518039703,4.25
3,1,45,2.96435523033,4.25
3,1,8,2.92153525352,3.5
3,1,8,2.92150425911,3.5
3,1,99,2.90718007088,1.5
3,1,99,2.90687322617,1.5
3,1,94,2.91706800461,3.25
3,1,94,2.91710782051,3.25
3,1,43,2.91961574554,4.0
3,1,43,2.91956353188,4.0
3,1,6,2.93733382225,4.5
3,1,6,2.93761873245,4.5
3,1,97,2.87154555321,1.25
3,1,97,2.87138104439,1.25
3,1,92,2.89428663254,3.5
3,1,92,2.89509034157,3.5
3,1,41,1.16718673706,3.25
3,1,41,1.16878962517,3.25
3,1,4,2.96595001221,3.25
3,1,4,2.96611595154,3.25
3,1,90,2.84749126434,3.75
3,1,90,2.84739089012,3.75
3,1,39,2.90062999725,5.75
3,1,39,2.90128898621,5.75
3,1,2,2.95185947418,4.5
3,1,2,2.95194578171,4.5
3,1,88,2.81464481354,4.0
3,1,88,2.81437087059,4.0
3,1,37,2.98221945763,3.125
3,1,37,2.98226046562,3.125
3,1,86,2.81711435318,4.25
3,1,86,2.81803560257,4.25
3,1,35,2.99126505852,4.375
3,1,35,2.99126553535,4.375
3,1,30,2.94849395752,4.5
3,1,30,2.94750785828,4.5
3,1,84,2.84702634811,3.75
3,1,84,2.84554600716,3.75
3,1,33,2.96428990364,3.0
3,1,33,2.9644343853,3.0
3,1,28,2.95683526993,4.75
3,1,28,2.95684242249,4.75
3,1,82,2.93231058121,3.0
3,1,82,2.93279147148,3.0
3,1,63,2.92809724808,4.75
3,1,63,2.92821455002,4.75
3,1,26,2.92693114281,4.0
3,1,26,2.92714071274,4.0
3,1,80,2.96569156647,2.75
3,1,80,2.96525907516,2.75
3,1,61,2.83427429199,5.5
3,1,61,2.8347363472,5.5
3,1,24,2.96808242798,4.5
3,1,24,2.9682302475,4.5
3,1,59,2.94607496262,5.5
3,1,59,2.94581484795,5.5
3,1,22,2.96832513809,4.83333
3,1,22,2.96745729446,4.83333
3,1,57,2.93395662308,4.875
3,1,57,2.93387913704,4.875
3,1,20,2.95013856888,2.5
3,1,20,2.95011758804,2.5
3,1,79,2.91999053955,5.25
3,1,79,2.91975426674,5.25
3,1,55,2.92676997185,3.25
3,1,55,2.92695999146,3.25
3,1,18,2.87925481796,3.75
3,1,18,2.87936997414,3.75
3,1,77,2.89313435555,4.5
3,1,77,2.89316749573,4.5
3,1,16,2.84081888199,4.75
3,1,16,2.84067964554,4.75
3,1,75,2.91209459305,4.0
3,1,75,2.91156673431,4.0
3,1,51,2.85733890533,4.5
3,1,51,2.85627555847,4.5
3,1,73,2.90976667404,3.0
3,1,73,2.9096198082,3.0
3,1,49,2.85533571243,5.0
3,1,49,2.85494303703,5.0
3,1,108,2.90530252457,2.25
3,1,108,2.90518379211,2.25
3,1,71,2.91886401176,2.0
3,1,71,2.91898679733,2.0
3,1,15,2.93436741829,5.0
3,1,15,2.9344792366,5.0
3,1,106,2.90432548523,2.75
3,1,106,2.90407156944,2.75
3,1,104,2.77936387062,3.5
3,1,104,2.78126740456,3.5
3,1,102,2.88767528534,5.25
3,1,102,2.88785767555,5.25
3,1,65,2.78686618805,6.25
3,1,65,2.78730392456,6.25
3,1,46,2.90261888504,5.0
3,1,46,2.90398454666,5.0
3,1,9,2.94002985954,2.75
3,1,9,2.94046258926,2.75
3,1,100,2.87944126129,2.375
3,1,100,2.87934994698,2.375
3,1,95,2.89374828339,3.75
3,1,95,2.89304971695,3.75
3,1,44,2.85169267654,3.0
3,1,44,2.85098004341,3.0
3,1,7,2.96251296997,4.75
3,1,7,2.96250653267,4.75
3,1,98,2.94127750397,1.75
3,1,98,2.94126844406,1.75
3,1,93,2.92383408546,3.25
3,1,93,2.92371487617,3.25
3,1,5,2.88181877136,6.0
3,1,5,2.88248753548,6.0
3,1,96,2.96232223511,3.875
3,1,96,2.96233868599,3.875
3,1,91,2.93670320511,4.0
3,1,91,2.93649435043,4.0
3,1,40,2.93399333954,5.0
3,1,40,2.93436908722,5.0
3,1,3,2.9764444828,3.0
3,1,3,2.97647643089,3.0
3,1,89,2.91072010994,4.25
3,1,89,2.91055130959,4.25
3,1,38,2.96062707901,4.5
3,1,38,2.96000146866,4.5
3,1,1,2.67666602135,3.875
3,1,1,2.67504453659,3.875
3,1,87,2.89734911919,4.25
3,1,87,2.89718222618,4.25
3,1,36,2.97880625725,3.5
3,1,36,2.97879457474,3.5
3,1,31,2.89437460899,3.66667
3,1,31,2.89402890205,3.66667
3,1,85,2.89657497406,2.0
3,1,85,2.89803910255,2.0
3,1,34,2.96922183037,4.125
3,1,34,2.96916842461,4.125
3,1,29,2.98187828064,1.25
3,1,29,2.98183894157,1.25
3,1,83,2.90027022362,4.5
3,1,83,2.90031337738,4.5
3,1,32,2.86954832077,4.5
3,1,32,2.86955904961,4.5
3,1,27,2.77959632874,5.25
3,1,27,2.77964758873,5.25
3,1,81,2.96572470665,2.75
3,1,81,2.96574640274,2.75
3,1,62,2.96290922165,4.375
3,1,62,2.96301412582,4.375
3,1,25,2.98438334465,5.5
3,1,25,2.98435354233,5.5
3,1,60,2.96671128273,5.5
3,1,60,2.96670436859,5.5
3,1,23,2.95246958733,3.875
3,1,23,2.95188379288,3.875
3,1,58,2.93834590912,4.5
3,1,58,2.93822002411,4.5
3,1,21,2.96872258186,4.5
3,1,21,2.9686357975,4.5
3,1,56,2.9152469635,4.0
3,1,56,2.91503047943,4.0
3,1,19,2.96829557419,4.125
3,1,19,2.96875238419,4.125
3,1,78,2.83372950554,5.25
3,1,78,2.83332800865,5.25
3,1,17,2.78153371811,5.0
3,1,17,2.78172588348,5.0
3,1,76,2.97398662567,4.0
3,1,76,2.97404503822,4.0
3,1,52,2.9576523304,3.5
3,1,52,2.95808649063,3.5
3,1,74,2.93617486954,4.0
3,1,74,2.93632364273,4.0
3,1,50,2.92244982719,4.66667
3,1,50,2.92243623734,4.66667
3,1,48,2.94851088524,2.5
3,1,48,2.94884634018,2.5
3,1,107,2.87539076805,5.25
3,1,107,2.87572383881,5.25
3,1,70,2.7760822773,2.75
3,1,70,2.77645921707,2.75
3,1,14,2.69704627991,3.75
3,1,14,2.70028424263,3.75
3,1,105,0.472406685352,1.25
3,1,105,0.471707224846,1.25
3,1,103,2.89977002144,1.5
3,1,103,2.8998939991,1.5
3,1,66,2.97810769081,3.0
3,1,66,2.97821688652,3.0
3,2,82,2.88759279251,3.25
3,2,82,2.8875002861,3.25
3,2,61,2.9839091301,4.375
3,2,61,2.9836909771,4.375
3,2,80,2.86428451538,4.75
3,2,80,2.86502313614,4.75
3,2,30,0.474620193243,3.625
3,2,30,0.474707245827,3.625
3,2,35,2.69997215271,3.875
3,2,35,2.69889307022,3.875
3,2,86,2.9110121727,2.75
3,2,86,2.91121315956,2.75
3,2,28,0.422823548317,4.0
3,2,28,0.423009306192,4.0
3,2,33,2.85172271729,5.0
3,2,33,2.85199308395,5.0
3,2,84,0.630487442017,4.0
3,2,84,0.631574511528,4.0
3,2,2,2.84170746803,1.875
3,2,2,2.84112262726,1.875
3,2,39,2.59831809998,4.25
3,2,39,2.59777140617,4.25
3,2,90,2.82388234138,4.25
3,2,90,2.82387161255,4.25
3,2,37,2.7501308918,2.25
3,2,37,2.75019669533,2.25
3,2,88,2.86557483673,4.0
3,2,88,2.86539363861,4.0
3,2,6,2.86001229286,5.25
3,2,6,2.85864305496,5.25
3,2,43,1.55796170235,4.0
3,2,43,1.55777335167,4.0
3,2,94,2.87050747871,3.75
3,2,94,2.87013578415,3.75
3,2,99,2.8401465416,2.625
3,2,99,2.84021115303,2.625
3,2,41,2.85520744324,3.5
3,2,41,2.85513615608,3.5
3,2,92,2.78940391541,3.25
3,2,92,2.78607225418,3.25
3,2,97,2.93282103539,5.0
3,2,97,2.93282055855,5.0
3,2,10,2.92933988571,4.0
3,2,10,2.92910170555,4.0
3,2,47,2.89538121223,3.875
3,2,47,2.89532995224,3.875
3,2,66,2.88460755348,3.75
3,2,66,2.88444590569,3.75
3,2,103,2.88039088249,4.0
3,2,103,2.88030385971,4.0
3,2,8,2.83982658386,6.0
3,2,8,2.83923959732,6.0
3,2,45,2.89718031883,3.25
3,2,45,2.89733576775,3.25
3,2,64,2.83124089241,2.375
3,2,64,2.83204674721,2.375
3,2,101,2.89061284065,3.125
3,2,101,2.89065790176,3.125
3,2,14,2.86361932755,3.75
3,2,14,2.86368107796,3.75
3,2,70,2.96020889282,3.66667
3,2,70,2.96025013924,3.66667
3,2,107,1.32228660583,4.625
3,2,107,1.320520401,4.625
3,2,12,2.96042561531,5.25
3,2,12,2.96035218239,5.25
3,2,68,2.86772918701,5.5
3,2,68,2.86683750153,5.5
3,2,105,2.93230676651,3.5
3,2,105,2.93301439285,3.5
3,2,50,2.97261548042,3.75
3,2,50,2.97273349762,3.75
3,2,74,2.76711344719,3.25
3,2,74,2.76668596268,3.25
3,2,111,2.81558132172,3.5
3,2,111,2.81524443626,3.5
3,2,48,0.380485534668,4.25
3,2,48,0.380404382944,4.25
3,2,109,2.928835392,1.95833
3,2,109,2.92928862572,1.95833
3,2,78,2.95845770836,2.75
3,2,78,2.95840835571,2.75
3,2,52,2.93154573441,1.5
3,2,52,2.93106102943,1.5
3,2,56,2.79773688316,4.25
3,2,56,2.79416131973,4.25
3,2,112,2.74744606018,4.0
3,2,112,2.75030326843,4.0
3,2,62,2.89524722099,5.25
3,2,62,2.89535284042,5.25
3,2,27,2.9342315197,4.0
3,2,27,2.93438315392,4.0
3,2,60,2.83946180344,3.75
3,2,60,2.84297585487,3.75
3,2,83,2.8725361824,4.25
3,2,83,2.87322282791,4.25
3,2,34,2.97852039337,3.5
3,2,34,2.9785296917,3.5
3,2,81,2.85148286819,4.375
3,2,81,2.85123109818,4.375
3,2,31,2.75454092026,3.25
3,2,31,2.75456833839,3.25
3,2,32,2.94719028473,3.25
3,2,32,2.94637751579,3.25
3,2,87,2.90925645828,3.75
3,2,87,2.90954995155,3.75
3,2,29,1.52801418304,4.0
3,2,29,1.71199083328,4.0
3,2,38,2.95062732697,3.25
3,2,38,2.95058488846,3.25
3,2,85,2.8242855072,3.25
3,2,85,2.82802248001,3.25
3,2,36,2.70881271362,2.75
3,2,36,2.70993089676,2.75
3,2,91,2.91562461853,4.5
3,2,91,2.91565680504,4.5
3,2,42,0.450896561146,2.5
3,2,42,0.451008319855,2.5
3,2,89,2.84604454041,3.25
3,2,89,2.84888339043,3.25
3,2,98,2.94184708595,4.5
3,2,98,2.93346977234,4.5
3,2,7,0.668190062046,6.0
3,2,7,0.667549669743,6.0
3,2,40,2.93575906754,2.75
3,2,40,2.93537116051,2.75
3,2,95,0.482059597969,1.5
3,2,95,0.481779396534,1.5
3,2,96,2.87480521202,3.125
3,2,96,2.87436056137,3.125
3,2,5,2.83508968353,3.25
3,2,5,2.83524751663,3.25
3,2,46,0.933200359344,4.5
3,2,46,0.941314578056,4.5
3,2,93,2.94526386261,5.0
3,2,93,2.94447731972,5.0
3,2,102,2.92507266998,2.0
3,2,102,2.92419528961,2.0
3,2,11,2.89589357376,4.125
3,2,11,2.89614796638,4.125
3,2,44,0.433880805969,5.0
3,2,44,0.433883965015,5.0
3,2,67,2.95401096344,5.25
3,2,67,2.95405673981,5.25
3,2,100,2.88510107994,1.25
3,2,100,2.88501000404,1.25
3,2,9,2.94556498528,4.5
3,2,9,2.94667959213,4.5
3,2,65,2.94315981865,3.0
3,2,65,2.94316887856,3.0
3,2,106,2.78470754623,3.875
3,2,106,2.78650259972,3.875
3,2,71,2.8777050972,2.375
3,2,71,2.87854146957,2.375
3,2,104,0.394106328487,3.5
3,2,104,0.395583629608,3.5
3,2,13,2.92432427406,5.0
3,2,13,2.92379403114,5.0
3,2,69,2.8915014267,1.25
3,2,69,2.89141368866,1.25
3,2,110,2.92196416855,4.25
3,2,110,2.92210125923,4.25
3,2,51,2.95743179321,4.0
3,2,51,2.95749187469,4.0
3,2,108,2.81636190414,4.0
3,2,108,2.81668710709,4.0
3,2,49,2.07217025757,2.75
3,2,49,2.07461833954,2.75
3,2,73,2.83609604836,3.75
3,2,73,2.83617115021,3.75
3,2,55,2.96000862122,3.33333
3,2,55,2.96005797386,3.33333
3,2,79,2.90955805779,3.75
3,2,79,2.90920305252,3.75
3,2,53,2.96280312538,4.5
3,2,53,2.96266770363,4.5
3,2,77,2.86398053169,2.25
3,2,77,2.86335253716,2.25
3,2,59,2.86994552612,2.25
3,2,59,2.86981892586,2.25
3,2,113,2.83402395248,3.0
3,2,113,2.83221435547,3.0
3,2,26,2.83810782433,2.5
3,2,26,2.83923697472,2.5
3,2,63,0.710179448128,1.25
3,2,63,0.709436774254,1.25
4,1,29,2.24106097221,3.0
4,1,29,2.24131941795,3.0
4,1,58,2.380184412,2.25
4,1,58,2.38018727303,2.25
4,1,85,2.30092978477,2.5
4,1,85,2.30058789253,2.5
4,1,114,2.27616500854,1.5
4,1,114,2.27624797821,1.5
4,1,31,2.26865386963,2.25
4,1,31,2.26834702492,2.25
4,1,36,0.246311962605,0.875
4,1,36,0.246170789003,0.875
4,1,87,0.284076035023,3.25
4,1,87,0.284059822559,3.25
4,1,25,2.38821554184,1.5
4,1,25,2.38844323158,1.5
4,1,38,2.39642548561,2.5
4,1,38,2.39674329758,2.5
4,1,81,2.23941874504,3.0
4,1,81,2.24053859711,3.0
4,1,27,0.256754159927,2.75
4,1,27,0.25642183423,2.75
4,1,32,0.260948121548,1.5
4,1,32,0.260940074921,1.5
4,1,83,0.30178976059,3.25
4,1,83,0.302659332752,3.25
4,1,5,0.221716970205,1.0
4,1,5,0.221688985825,1.0
4,1,34,2.31966376305,1.5
4,1,34,2.31920552254,1.5
4,1,93,2.34576821327,3.0
4,1,93,2.34689998627,3.0
4,1,7,0.319666147232,1.75
4,1,7,0.319726616144,1.75
4,1,95,2.3800547123,3.5
4,1,95,2.38012290001,3.5
4,1,100,2.36500740051,0.75
4,1,100,2.36452436447,0.75
4,1,46,2.36235260963,3.75
4,1,46,2.36222147942,3.75
4,1,89,2.30974388123,1.75
4,1,89,2.30999994278,1.75
4,1,102,0.226518124342,1.5
4,1,102,0.227483153343,1.5
4,1,3,2.35650730133,3.5
4,1,3,2.35443973541,3.5
4,1,40,2.36893796921,4.0
4,1,40,2.36934971809,4.0
4,1,91,2.3379175663,2.25
4,1,91,2.33802390099,2.25
4,1,96,2.33315014839,2.75
4,1,96,2.33309268951,2.75
4,1,13,2.38574004173,1.5
4,1,13,2.38659524918,1.5
4,1,42,2.32997226715,1.75
4,1,42,2.3301653862,1.75
4,1,69,2.40381336212,5.5
4,1,69,2.40373516083,5.5
4,1,98,2.35801911354,3.25
4,1,98,2.35877561569,3.25
4,1,15,0.299762517214,0.75
4,1,15,0.299623847008,0.75
4,1,71,2.35392069817,2.125
4,1,71,2.35405087471,2.125
4,1,108,2.36799669266,3.25
4,1,108,2.36843967438,3.25
4,1,9,0.250283181667,1.0
4,1,9,0.254014790058,1.0
4,1,65,2.23637056351,4.75
4,1,65,2.2352669239,4.75
4,1,110,2.34017753601,4.0
4,1,110,2.3404211998,4.0
4,1,11,0.250749945641,1.0
4,1,11,0.251281559467,1.0
4,1,67,2.42674350739,1.75
4,1,67,2.42681694031,1.75
4,1,104,2.32200837135,1.25
4,1,104,2.32191419601,1.25
4,1,53,2.40450668335,2.5
4,1,53,2.40443754196,2.5
4,1,77,2.37156581879,2.625
4,1,77,2.3714838028,2.625
4,1,106,2.22375822067,2.125
4,1,106,2.22319698334,2.125
4,1,55,2.4043097496,2.5
4,1,55,2.40393972397,2.5
4,1,79,2.39260029793,6.75
4,1,79,2.38545751572,6.75
4,1,49,2.39203310013,4.25
4,1,49,2.3919301033,4.25
4,1,73,2.39879965782,4.25
4,1,73,2.39868187904,4.25
4,1,22,2.26595187187,1.25
4,1,22,2.26437425613,1.25
4,1,51,2.31116914749,2.75
4,1,51,2.3159635067,2.75
4,1,75,2.35449147224,4.75
4,1,75,2.35399746895,4.75
4,1,16,0.275113552809,1.0
4,1,16,0.27506506443,1.0
4,1,117,2.38141059875,1.25
4,1,117,2.38151073456,1.25
4,1,63,0.329007714987,1.0
4,1,63,0.335582435131,1.0
4,1,28,2.27748274803,2.625
4,1,28,2.27763652802,2.625
4,1,57,2.3873925209,2.75
4,1,57,2.38735604286,2.75
4,1,84,2.31888151169,2.5
4,1,84,2.32269740105,2.5
4,1,113,2.33281588554,3.25
4,1,113,2.33294439316,3.25
4,1,30,0.344212293625,1.125
4,1,30,0.345158159733,1.125
4,1,59,2.37134099007,1.875
4,1,59,2.37116932869,1.875
4,1,86,2.35271501541,1.66667
4,1,86,2.35264277458,1.66667
4,1,115,2.35194349289,3.5
4,1,115,2.35179615021,3.5
4,1,24,2.3139834404,2.0
4,1,24,2.31449389458,2.0
4,1,37,2.38559269905,2.25
4,1,37,2.3857216835,2.25
4,1,80,0.370237708092,3.5
4,1,80,0.360972702503,3.5
4,1,26,2.34461975098,4.375
4,1,26,2.34456157684,4.375
4,1,39,2.39672708511,2.5
4,1,39,2.39681267738,2.5
4,1,82,2.42885780334,6.5
4,1,82,2.42323327065,6.5
4,1,4,2.37904834747,1.5
4,1,4,2.37546634674,1.5
4,1,33,0.376085221767,1.5
4,1,33,0.371471881866,1.5
4,1,92,2.31107521057,2.0
4,1,92,2.31131839752,2.0
4,1,6,2.3286690712,1.5
4,1,6,2.32450294495,1.5
4,1,35,2.35777378082,1.75
4,1,35,2.3578145504,1.75
4,1,94,2.34245109558,1.5
4,1,94,2.34246945381,1.5
4,1,45,2.35467767715,2.125
4,1,45,2.35466074944,2.125
4,1,88,2.36943268776,1.5
4,1,88,2.3704867363,1.5
4,1,101,0.344933092594,3.875
4,1,101,0.346170753241,3.875
4,1,47,2.37068629265,2.125
4,1,47,2.37061166763,2.125
4,1,90,2.37584996223,1.375
4,1,90,2.37568306923,1.375
4,1,103,2.37019634247,1.0
4,1,103,2.36949419975,1.0
4,1,12,0.327014327049,2.5
4,1,12,0.325185477734,2.5
4,1,41,2.36393022537,2.5
4,1,41,2.36678934097,2.5
4,1,68,2.35730814934,5.5
4,1,68,2.35751390457,5.5
4,1,97,2.3041677475,1.625
4,1,97,2.30453109741,1.625
4,1,70,2.39253973961,5.25
4,1,70,2.3916349411,5.25
4,1,99,2.35622096062,2.375
4,1,99,2.35555267334,2.375
4,1,8,2.37182044983,0.75
4,1,8,2.37318062782,0.75
4,1,64,1.90229296684,3.5
4,1,64,1.90177679062,3.5
4,1,109,2.34989261627,2.75
4,1,109,2.34987044334,2.75
4,1,10,0.237581849098,3.0
4,1,10,0.23792091012,3.0
4,1,66,0.286215215921,1.0
4,1,66,0.286082863808,1.0
4,1,111,2.31437730789,3.5
4,1,111,2.31369304657,3.5
4,1,52,2.38772511482,3.25
4,1,52,2.38884234428,3.25
4,1,105,2.38639879227,3.625
4,1,105,2.39046216011,3.625
4,1,54,2.239777565,3.375
4,1,54,2.23682332039,3.375
4,1,78,2.31716299057,3.25
4,1,78,2.31747579575,3.25
4,1,48,2.36535787582,1.5
4,1,48,2.36434578896,1.5
4,1,72,0.305015057325,2.375
4,1,72,0.302272200584,2.375
4,1,50,2.36614990234,2.0
4,1,50,2.36521339417,2.0
4,1,74,2.34189867973,3.5
4,1,74,2.34997439384,3.5
4,1,23,0.232131958008,1.0
4,1,23,0.231894373894,1.0
4,1,116,2.40089178085,1.75
4,1,116,2.4010925293,1.75
4,1,118,2.3690340519,4.5
4,1,118,2.37036848068,4.5
4,1,56,2.37105369568,2.0
4,1,56,2.37094545364,2.0
4,1,112,2.31525659561,1.0
4,1,112,2.31277894974,1.0
7,1,40,2.93723273277,5.5
7,1,40,2.9789378643,5.5
7,1,3,2.83578395844,4.75
7,1,3,2.91316223145,4.75
7,1,102,0.589198112488,4.25
7,1,102,0.709680497646,4.25
7,1,46,2.79528594017,4.0
7,1,46,2.85139083862,4.0
7,1,1,2.87658452988,3.5
7,1,1,2.87145042419,3.5
7,1,44,2.86792230606,6.25
7,1,44,2.89290523529,6.25
7,1,7,2.86377906799,2.25
7,1,7,2.90191078186,2.25
7,1,90,2.85430431366,4.0
7,1,90,2.90618181229,4.0
7,1,34,2.91095042229,5.5
7,1,34,2.92920899391,5.5
7,1,5,2.81587934494,4.75
7,1,5,2.84712958336,4.75
7,1,88,2.78871679306,6.5
7,1,88,2.88231253624,6.5
7,1,32,2.87588095665,3.75
7,1,32,2.92068099976,3.75
7,1,94,2.89626765251,3.0
7,1,94,2.9369354248,3.0
7,1,38,2.85453081131,3.5
7,1,38,2.85830688477,3.5
7,1,92,2.91303992271,5.75
7,1,92,2.73967027664,5.75
7,1,36,2.83896970749,4.25
7,1,36,2.79270553589,4.25
7,1,82,2.8690507412,5.25
7,1,82,2.94726753235,5.25
7,1,26,2.94324207306,3.0
7,1,26,2.94126772881,3.0
7,1,80,2.93624973297,2.0
7,1,80,2.89482831955,2.0
7,1,24,2.86367487907,5.0
7,1,24,2.93548059464,5.0
7,1,86,2.92429757118,3.25
7,1,86,2.92747688293,3.25
7,1,59,2.94264626503,5.25
7,1,59,2.91260433197,5.25
7,1,30,2.8681511879,3.0
7,1,30,2.86867809296,3.0
7,1,84,0.555265367031,4.75
7,1,84,0.56841981411,4.75
7,1,57,2.95597672462,4.25
7,1,57,2.96447515488,4.25
7,1,28,2.9113240242,5.25
7,1,28,2.91921257973,5.25
7,1,74,2.91478919983,4.25
7,1,74,2.86334657669,4.25
7,1,63,2.7353849411,5.5
7,1,63,2.65850830078,5.5
7,1,18,2.93626260757,6.0
7,1,18,2.96716880798,6.0
7,1,72,2.88274526596,2.0
7,1,72,2.86922025681,2.0
7,1,61,2.89131498337,5.0
7,1,61,2.93106102943,5.0
7,1,107,0.533127844334,4.0
7,1,107,0.588604927063,4.0
7,1,78,1.43288207054,4.0
7,1,78,0.607626914978,4.0
7,1,51,2.91049838066,3.5
7,1,51,2.91789317131,3.5
7,1,22,2.88566374779,3.75
7,1,22,2.89623880386,3.75
7,1,105,2.9198217392,4.75
7,1,105,2.94432282448,4.75
7,1,76,2.88237714767,2.75
7,1,76,2.83913421631,2.75
7,1,49,2.82283949852,4.5
7,1,49,2.87045097351,4.5
7,1,20,2.90798664093,5.25
7,1,20,2.90767383575,5.25
7,1,66,0.593125343323,4.25
7,1,66,0.575269639492,4.25
7,1,55,2.78200387955,2.5
7,1,55,0.640100598335,2.5
7,1,10,0.717673897743,2.75
7,1,10,2.87284636497,2.75
7,1,109,0.652456879616,6.25
7,1,109,0.619941830635,6.25
7,1,64,0.630062222481,5.0
7,1,64,2.82452583313,5.0
7,1,53,2.9266474247,5.5
7,1,53,2.89616465569,5.5
7,1,8,2.83904266357,4.5
7,1,8,2.8406920433,4.5
7,1,70,2.83023238182,5.5
7,1,70,2.87880969048,5.5
7,1,43,2.81745576859,3.5
7,1,43,2.87789344788,3.5
7,1,14,0.741532325745,1.75
7,1,14,0.774841725826,1.75
7,1,97,0.582432746887,5.5
7,1,97,0.672451019287,5.5
7,1,68,0.668915271759,4.25
7,1,68,2.79712867737,4.25
7,1,41,2.88648271561,4.75
7,1,41,2.85722446442,4.75
7,1,12,0.638155281544,5.0
7,1,12,1.13875412941,5.0
7,1,103,0.60724902153,3.25
7,1,103,0.665909528732,3.25
7,1,47,2.95482969284,4.5
7,1,47,2.97460961342,4.5
7,1,2,0.891832947731,5.5
7,1,2,2.93493843079,5.5
7,1,101,2.79195213318,4.0
7,1,101,2.91080021858,4.0
7,1,45,2.82345342636,4.5
7,1,45,2.81986236572,4.5
7,1,35,1.56245470047,6.0
7,1,35,2.1516058445,6.0
7,1,89,2.89484453201,5.25
7,1,89,2.89724445343,5.25
7,1,33,2.86890268326,4.75
7,1,33,2.86547136307,4.75
7,1,4,2.86172318459,3.25
7,1,4,2.9181125164,3.25
7,1,95,2.84278440475,4.75
7,1,95,2.90035820007,4.75
7,1,39,2.92921543121,5.5
7,1,39,2.93887329102,5.5
7,1,93,2.50985956192,4.25
7,1,93,2.84283685684,4.25
7,1,37,2.83301305771,4.25
7,1,37,2.94305920601,4.25
7,1,83,2.94061183929,4.75
7,1,83,2.94055891037,4.75
7,1,27,2.77407050133,4.25
7,1,27,2.88025951385,4.25
7,1,81,2.82892465591,4.0
7,1,81,2.88751173019,4.0
7,1,25,2.94623661041,4.5
7,1,25,2.88579893112,4.5
7,1,31,2.65539669991,4.5
7,1,31,2.70739746094,4.5
7,1,58,0.625669717789,6.0
7,1,58,0.589033007622,6.0
7,1,29,2.88891816139,4.25
7,1,29,2.905554533,4.25
7,1,75,2.90681028366,4.75
7,1,75,2.88286948204,4.75
7,1,19,2.91936945915,4.75
7,1,19,2.89841461182,4.75
7,1,73,2.81107378006,1.0
7,1,73,2.76597619057,1.0
7,1,62,1.27410542965,4.5
7,1,62,0.806947946548,4.5
7,1,79,2.78145503998,3.0
7,1,79,2.29857349396,3.0
7,1,60,2.89004445076,3.25
7,1,60,2.89307880402,3.25
7,1,23,2.87533164024,4.0
7,1,23,2.8947057724,4.0
7,1,106,2.92564439774,4.75
7,1,106,2.89570856094,4.75
7,1,50,2.94399785995,5.0
7,1,50,2.90979146957,5.0
7,1,104,0.953265190125,4.75
7,1,104,2.94812583923,4.75
7,1,67,2.80222082138,4.75
7,1,67,0.704008340836,4.75
7,1,48,2.90634846687,1.5
7,1,48,2.89127182961,1.5
7,1,11,0.568776547909,1.75
7,1,11,0.613113164902,1.75
7,1,65,0.585907995701,5.25
7,1,65,0.539656281471,5.25
7,1,54,2.94363570213,5.5
7,1,54,2.92701029778,5.5
7,1,9,0.835081458092,2.0
7,1,9,2.89474630356,2.0
7,1,108,0.894936800003,2.75
7,1,108,2.84472966194,2.75
7,1,71,2.71834135056,4.75
7,1,71,2.29088163376,4.75
7,1,52,2.8848991394,0.75
7,1,52,2.87584352493,0.75
7,1,98,2.89152407646,3.25
7,1,98,2.87828469276,3.25
7,1,69,1.57607913017,5.5
7,1,69,2.76376438141,5.5
7,1,42,2.82554268837,3.0
7,1,42,2.82313966751,3.0
7,1,13,0.562115311623,3.0
7,1,13,0.690865337849,3.0
7,1,96,2.7513449192,5.5
7,1,96,2.79618310928,5.5
7,2,77,2.82803487778,4.25
7,2,77,2.85552549362,4.25
7,2,102,2.9464943409,5.25
7,2,102,2.87774753571,5.25
7,2,3,2.87688374519,5.75
7,2,3,2.88404798508,5.75
7,2,75,2.82099056244,3.5
7,2,75,2.84417390823,3.5
7,2,100,0.920225739479,1.75
7,2,100,0.925947785378,1.75
7,2,1,0.710385382175,4.25
7,2,1,0.577850461006,4.25
7,2,73,2.8311958313,3.25
7,2,73,2.76128602028,3.25
7,2,98,0.667324900627,3.75
7,2,98,0.79271697998,3.75
7,2,63,2.90406894684,5.25
7,2,63,0.887342810631,5.25
7,2,71,2.25722002983,4.0
7,2,71,2.1477804184,4.0
7,2,96,2.88877367973,3.5
7,2,96,2.88505649567,3.5
7,2,61,0.812576830387,5.5
7,2,61,0.537615001202,5.5
7,2,69,2.82737016678,4.25
7,2,69,2.79178547859,4.25
7,2,30,2.90322303772,3.0
7,2,30,2.88503503799,3.0
7,2,28,2.73817920685,5.75
7,2,28,2.78303098679,5.75
7,2,57,2.34463500977,1.5
7,2,57,0.557498395443,1.5
7,2,65,2.86012411118,5.0
7,2,65,2.78852343559,5.0
7,2,26,2.92747974396,4.25
7,2,26,2.91903066635,4.25
7,2,55,2.01147842407,4.0
7,2,55,0.616765618324,4.0
7,2,24,2.91650152206,3.75
7,2,24,2.93252015114,3.75
7,2,53,2.94588899612,5.0
7,2,53,2.96926021576,5.0
7,2,22,2.89988040924,3.0
7,2,22,2.86039686203,3.0
7,2,51,2.82939887047,4.75
7,2,51,2.83962392807,4.75
7,2,94,2.88169336319,3.25
7,2,94,2.86933588982,3.25
7,2,20,2.91552948952,5.5
7,2,20,2.91463947296,5.5
7,2,49,2.89904689789,4.0
7,2,49,2.8945710659,4.0
7,2,92,2.89567375183,4.66667
7,2,92,2.93520450592,4.66667
7,2,18,2.72158026695,3.5
7,2,18,2.77381110191,3.5
7,2,47,2.90883111954,4.0
7,2,47,2.94182062149,4.0
7,2,90,2.84334349632,4.0
7,2,90,2.87806725502,4.0
7,2,16,2.95063519478,5.0
7,2,16,2.90442371368,5.0
7,2,45,2.87281227112,2.5
7,2,45,2.79432845116,2.5
7,2,88,2.85064101219,5.0
7,2,88,2.8068728447,5.0
7,2,14,2.94234848022,5.5
7,2,14,2.89619517326,5.5
7,2,43,2.87946009636,2.75
7,2,43,2.91705346107,2.75
7,2,86,2.82428383827,2.5
7,2,86,2.89651608467,2.5
7,2,12,2.68835783005,4.25
7,2,12,2.90473008156,4.25
7,2,84,2.93928837776,3.75
7,2,84,2.92465376854,3.75
7,2,10,2.921864748,4.0
7,2,10,2.86002969742,4.0
7,2,39,2.91903972626,4.0
7,2,39,2.85137200356,4.0
7,2,82,2.93661308289,3.25
7,2,82,2.91661834717,3.25
7,2,8,2.93160152435,4.0
7,2,8,2.79755473137,4.0
7,2,37,2.6408662796,3.5
7,2,37,2.69655513763,3.5
7,2,80,2.76824903488,4.0
7,2,80,2.68112325668,4.0
7,2,109,2.85095405579,5.25
7,2,109,0.590210676193,5.25
7,2,6,2.86014699936,4.0
7,2,6,2.88157176971,4.0
7,2,35,2.86945056915,3.5
7,2,35,0.967501401901,3.5
7,2,78,0.824313461781,5.0
7,2,78,0.788566708565,5.0
7,2,107,2.9640724659,4.5
7,2,107,2.93518137932,4.5
7,2,4,2.88605451584,3.0
7,2,4,2.85317587852,3.0
7,2,33,0.517002463341,1.5
7,2,33,0.612912416458,1.5
7,2,76,2.92336082458,4.5
7,2,76,2.94353842735,4.5
7,2,105,2.9452047348,3.0
7,2,105,2.89248085022,3.0
7,2,2,0.842051804066,2.75
7,2,2,0.731970191002,2.75
7,2,74,2.82522678375,2.5
7,2,74,2.81777524948,2.5
7,2,103,2.93079590797,4.25
7,2,103,2.9380710125,4.25
7,2,72,2.94322085381,4.25
7,2,72,2.90523672104,4.25
7,2,70,2.91185092926,3.25
7,2,70,0.638877987862,3.25
7,2,99,2.87231373787,4.25
7,2,99,2.87024879456,4.25
7,2,60,2.7831184864,4.0
7,2,60,0.546559333801,4.0
7,2,68,2.72149801254,6.5
7,2,68,0.707266867161,6.5
7,2,97,2.69985938072,3.0
7,2,97,2.82998275757,3.0
7,2,58,0.668238580227,4.0
7,2,58,0.612478256226,4.0
7,2,66,2.61634063721,5.5
7,2,66,2.53380298615,5.5
7,2,31,2.83743882179,3.75
7,2,31,2.87270069122,3.75
7,2,56,1.18969786167,4.75
7,2,56,0.714525341988,4.75
7,2,64,0.540198087692,3.25
7,2,64,0.668892979622,3.25
7,2,29,2.90220880508,1.75
7,2,29,2.89643764496,1.75
7,2,27,2.92537927628,4.25
7,2,27,2.90462875366,4.25
7,2,52,2.90942192078,3.25
7,2,52,2.86964869499,3.25
7,2,25,2.92096424103,4.75
7,2,25,2.86666464806,4.75
7,2,50,2.91481924057,4.25
7,2,50,2.8297791481,4.25
7,2,23,2.81463932991,1.75
7,2,23,2.82971310616,1.75
7,2,48,2.92185544968,3.75
7,2,48,2.8998541832,3.75
7,2,95,2.88233852386,2.5
7,2,95,2.78648638725,2.5
7,2,21,2.88582539558,1.5
7,2,21,2.92265582085,1.5
7,2,46,2.90945839882,4.75
7,2,46,2.69372224808,4.75
7,2,93,2.87904381752,4.75
7,2,93,2.81025767326,4.75
7,2,19,2.92540287971,4.5
7,2,19,2.90784740448,4.5
7,2,44,2.93756866455,4.5
7,2,44,2.1268723011,4.5
7,2,91,2.92506361008,3.75
7,2,91,2.85217428207,3.75
7,2,17,2.87794542313,6.0
7,2,17,2.59674572945,6.0
7,2,42,2.84006762505,3.0
7,2,42,2.8567378521,3.0
7,2,89,2.48407244682,3.0
7,2,89,2.7741150856,3.0
7,2,40,2.94816184044,5.25
7,2,40,2.91815853119,5.25
7,2,87,2.85537552834,4.5
7,2,87,2.92981433868,4.5
7,2,13,0.671770691872,4.75
7,2,13,2.95508217812,4.75
7,2,38,2.86234712601,5.25
7,2,38,2.8827085495,5.25
7,2,85,2.82264637947,2.5
7,2,85,1.9945371151,2.5
7,2,110,0.723574519157,4.75
7,2,110,0.718639731407,4.75
7,2,11,0.630791068077,2.75
7,2,11,0.866635859013,2.75
7,2,36,2.86660242081,2.5
7,2,36,2.89692306519,2.5
7,2,83,2.95203542709,5.0
7,2,83,2.95152497292,5.0
7,2,108,2.89725041389,5.5
7,2,108,2.93640398979,5.5
7,2,9,2.96658849716,4.0
7,2,9,2.96119689941,4.0
7,2,34,2.77616095543,4.25
7,2,34,0.692774713039,4.25
7,2,106,2.84883785248,6.25
7,2,106,2.58044791222,6.25
7,2,7,2.9256374836,5.0
7,2,7,2.89877319336,5.0
7,2,32,2.85142374039,4.5
7,2,32,2.88473510742,4.5
7,2,104,2.85264348984,3.5
7,2,104,2.85219430923,3.5
7,2,5,2.9343290329,3.25
7,2,5,2.88417959213,3.25
8,1,34,0.062363691628,2.5
8,1,34,0.343849599361,2.5
8,1,7,0.00712727755308,1.0
8,1,7,0.0353893190622,1.0
8,1,94,-0.0701675340533,1.75
8,1,94,-0.0229200292379,1.75
8,1,21,0.0281451903284,1.75
8,1,21,0.102083779871,1.75
8,1,35,2.18648171425,3.0
8,1,35,2.03045940399,3.0
8,1,49,-0.0431100428104,2.25
8,1,49,-0.0244710389525,2.25
8,1,8,-0.0113328192383,1.0
8,1,8,0.0176955834031,1.0
8,1,95,-0.0011967625469,2.25
8,1,95,-0.017981691286,2.25
8,1,22,2.38821935654,3.5
8,1,22,0.12058916688,3.5
8,1,36,-0.0244738776237,3.75
8,1,36,-0.0234037879854,3.75
8,1,50,-0.00904809124768,1.0
8,1,50,-0.0454602390528,1.0
8,1,9,1.78178071976,2.0
8,1,9,2.27461028099,2.0
8,1,64,-0.0127378273755,1.25
8,1,64,0.0430689789355,1.25
8,1,23,2.41620516777,3.25
8,1,23,2.40638136864,3.25
8,1,37,-0.0200544800609,1.75
8,1,37,-0.0368817746639,1.75
8,1,51,-0.0301672015339,1.0
8,1,51,-0.0167084690183,1.0
8,1,10,-0.0562524348497,1.75
8,1,10,-0.0450848564506,1.75
8,1,65,0.0111414156854,2.0
8,1,65,0.0192119590938,2.0
8,1,24,-0.00160222873092,3.75
8,1,24,0.0700857490301,3.75
8,1,38,2.44565486908,2.25
8,1,38,2.45760464668,2.25
8,1,52,-0.0191670041531,1.25
8,1,52,0.0855939760804,1.25
8,1,11,0.023913949728,2.0
8,1,11,0.0674399286509,2.0
8,1,66,0.0160009302199,2.25
8,1,66,0.0588810890913,2.25
8,1,25,0.0265248790383,2.5
8,1,25,-0.00357071310282,2.5
8,1,80,0.00627583265305,1.75
8,1,80,0.0115890931338,1.75
8,1,39,2.20303821564,3.0
8,1,39,2.09953570366,3.0
8,1,53,-0.0401436761022,2.25
8,1,53,0.0127100106329,2.25
8,1,12,0.0399477630854,1.0
8,1,12,-0.0195735711604,1.0
8,1,67,0.0419813320041,2.25
8,1,67,-0.00147011876106,2.25
8,1,26,-0.00399959273636,2.75
8,1,26,-0.0337089374661,2.75
8,1,81,-0.0306780841202,2.25
8,1,81,-0.00136564671993,2.25
8,1,40,2.31894421577,1.75
8,1,40,0.0390339046717,1.75
8,1,54,-0.0261630211025,3.0
8,1,54,-0.0595382079482,3.0
8,1,68,0.0226178728044,1.5
8,1,68,-0.00219172798097,1.5
8,1,27,-0.0207583811134,2.0
8,1,27,0.00151392817497,2.0
8,1,82,-0.0224877241999,1.75
8,1,82,0.00678670965135,1.75
8,1,41,2.39336252213,1.5
8,1,41,2.43156385422,1.5
8,1,96,0.0490173362195,2.5
8,1,96,-0.0154209919274,2.5
8,1,69,0.19203555584,2.5
8,1,69,0.0648411810398,2.5
8,1,28,-0.0037966221571,1.0
8,1,28,0.0770107209682,1.0
8,1,42,-0.0325209274888,3.5
8,1,42,-0.0380151569843,3.5
8,1,97,0.0332492180169,2.25
8,1,97,0.0426879748702,2.25
8,1,29,0.292502611876,3.25
8,1,29,2.42697739601,3.25
8,1,43,-0.0231992024928,1.75
8,1,43,-0.0344739034772,1.75
8,1,98,2.08798718452,0.75
8,1,98,0.238814502954,0.75
8,1,30,2.43204450607,2.5
8,1,30,2.44204330444,2.5
8,1,85,0.108879782259,2.0
8,1,85,0.224673777819,2.0
8,1,44,0.0135503802449,3.25
8,1,44,2.34961652756,3.25
8,1,58,-0.0369764342904,1.0
8,1,58,0.00609770603478,1.0
8,1,31,-0.0635132715106,1.25
8,1,31,-0.037273041904,1.25
8,1,86,0.0309738144279,1.25
8,1,86,0.0599657334387,1.25
8,1,59,0.00401379168034,1.5
8,1,59,-0.00709215737879,1.5
8,1,73,0.0156078524888,2.75
8,1,73,-0.00407736003399,2.75
8,1,87,-0.0556639656425,1.0
8,1,87,0.00279960036278,1.0
8,1,60,-0.0607170015574,2.5
8,1,60,-0.0222537461668,2.5
8,1,74,-0.0387929975986,2.5
8,1,74,-0.0330740809441,2.5
8,1,88,-0.0239369217306,2.25
8,1,88,0.0195132996887,2.25
8,1,61,-0.0357714444399,2.75
8,1,61,-0.0187345985323,2.75
8,1,75,-0.0110998023301,3.0
8,1,75,-0.0316487401724,3.0
8,1,2,2.40106654167,2.75
8,1,2,2.43283247948,2.75
8,1,89,-0.022709755227,3.5
8,1,89,0.00357401557267,3.5
8,1,16,2.45196437836,2.75
8,1,16,2.28891277313,2.75
8,1,62,-0.0172686148435,1.5
8,1,62,0.013093130663,1.5
8,1,76,0.00595942139626,1.0
8,1,76,-0.0333141610026,1.0
8,1,3,0.090430110693,2.5
8,1,3,0.00196426548064,2.5
8,1,17,0.587151944637,3.25
8,1,17,-0.00405100174248,3.25
8,1,63,0.0594450384378,1.0
8,1,63,0.00670251064003,1.0
8,1,77,-0.0634026750922,3.25
8,1,77,-0.0515525117517,3.25
8,1,4,0.0741236358881,1.75
8,1,4,-0.0199298691005,1.75
8,1,91,-0.00445976480842,2.75
8,1,91,0.0363660305738,2.75
8,1,18,0.0264395400882,3.75
8,1,18,0.0223675388843,3.75
8,1,32,0.0887642204762,2.75
8,1,32,0.356030583382,2.75
8,1,78,-0.0516185611486,2.75
8,1,78,0.00445097498596,2.75
8,1,5,-0.0099859982729,2.0
8,1,5,-0.0257534254342,2.0
8,1,92,0.00863064453006,1.5
8,1,92,-0.0129872504622,1.5
8,1,19,-0.0270777996629,2.25
8,1,19,0.0172468889505,2.25
8,1,33,-0.0151098333299,1.75
8,1,33,0.00986833311617,1.75
8,1,79,-0.0164589732885,2.0
8,1,79,-0.0143578760326,2.0
8,1,6,-0.0130093228072,1.5
8,1,6,0.071253798902,1.5
8,1,93,0.0193103738129,1.75
8,1,93,2.39812779427,1.75
8,1,20,-0.0193414259702,2.5
8,1,20,-0.0248452294618,2.5
8,2,17,1.71347808838,3.5
8,2,17,1.71230316162,3.5
8,2,91,-0.0249593462795,2.25
8,2,91,-0.0251104999334,2.25
8,2,19,-0.0319445878267,2.0
8,2,19,-0.0324395000935,2.0
8,2,93,-0.0029915291816,4.25
8,2,93,-0.0023428760469,4.25
8,2,96,-0.0389451906085,2.0
8,2,96,-0.0451115965843,2.0
8,2,21,2.41860222816,2.25
8,2,21,2.41957211494,2.25
8,2,56,0.0122542977333,2.0
8,2,56,0.0108849182725,2.0
8,2,95,-0.0245844293386,2.0
8,2,95,-0.0245078522712,2.0
8,2,98,0.131671965122,3.0
8,2,98,0.124832645059,3.0
8,2,23,2.35718560219,2.5
8,2,23,2.35679149628,2.5
8,2,58,0.143028870225,3.0
8,2,58,0.143327742815,3.0
8,2,100,2.37481832504,3.25
8,2,100,2.37450194359,3.25
8,2,25,0.0144990719855,2.75
8,2,25,0.014401897788,2.75
8,2,60,-0.0143827088177,3.5
8,2,60,-0.0140425041318,3.5
8,2,67,0.131890714169,1.625
8,2,67,0.13075864315,1.625
8,2,27,-0.0535456612706,4.0
8,2,27,-0.054720968008,4.0
8,2,62,-0.0118414498866,1.75
8,2,62,-0.013028472662,1.75
8,2,69,-0.0478807464242,3.5
8,2,69,-0.0479130223393,3.5
8,2,29,2.46237874031,4.75
8,2,29,2.46239185333,4.75
8,2,32,2.44468951225,4.0
8,2,32,2.4445438385,4.0
8,2,71,-0.0316199064255,2.0
8,2,71,-0.0320246964693,2.0
8,2,31,-0.0102320630103,2.75
8,2,31,-0.010387737304,2.75
8,2,34,-0.0610777288675,3.5
8,2,34,-0.0609591752291,3.5
8,2,73,0.0500908493996,3.5
8,2,73,0.049990799278,3.5
8,2,36,2.44298696518,3.75
8,2,36,2.44326019287,3.75
8,2,75,0.0152965933084,4.0
8,2,75,0.0154176950455,4.0
8,2,38,0.96446955204,3.75
8,2,38,0.964338898659,3.75
8,2,77,-0.01634770073,4.75
8,2,77,-0.0159692242742,4.75
8,2,5,0.0421147234738,3.75
8,2,5,0.0417250879109,3.75
8,2,40,1.95235085487,2.0
8,2,40,1.9422365427,2.0
8,2,79,0.404948830605,4.0
8,2,79,0.410732120275,4.0
8,2,7,-0.00599194318056,1.5
8,2,7,-0.00477030314505,1.5
8,2,42,-0.0108212940395,3.5
8,2,42,-0.0108321346343,3.5
8,2,9,-0.00930842198431,2.0
8,2,9,-0.00886137038469,2.0
8,2,44,-0.00260953232646,3.25
8,2,44,-0.00240967981517,3.25
8,2,11,0.127514600754,3.0
8,2,11,0.127854511142,3.0
8,2,46,-0.0454639047384,3.25
8,2,46,-0.0455005094409,3.25
8,2,80,2.37297153473,3.25
8,2,80,2.37230348587,3.25
8,2,15,-0.0518194884062,2.25
8,2,15,-0.0513487830758,2.25
8,2,49,2.43014907837,4.0
8,2,49,2.42920923233,4.0
8,2,84,0.0171724017709,3.5
8,2,84,0.0176193639636,3.5
8,2,86,0.00879853963852,3.25
8,2,86,0.00944684632123,3.25
8,2,88,0.120914876461,3.75
8,2,88,0.12362100184,3.75
8,2,16,2.44171595573,4.0
8,2,16,2.44183826447,4.0
8,2,55,0.0455941967666,3.75
8,2,55,0.04597074911,3.75
8,2,90,0.125022262335,1.5
8,2,90,0.127032145858,1.5
8,2,97,2.42835140228,4.25
8,2,97,2.42683887482,4.25
8,2,18,0.0262288022786,3.5
8,2,18,0.0259144026786,3.5
8,2,57,2.36632537842,4.75
8,2,57,2.36365032196,4.75
8,2,92,1.03234052658,2.0
8,2,92,2.23194909096,2.0
8,2,99,0.0728415548801,4.0
8,2,99,0.0737414807081,4.0
8,2,20,2.46200489998,3.75
8,2,20,2.46053791046,3.75
8,2,59,-0.00994324497879,4.5
8,2,59,-0.00849769078195,4.5
8,2,94,-0.0230858903378,3.0
8,2,94,-0.0231511350721,3.0
8,2,101,0.0290711447597,2.75
8,2,101,0.030026704073,2.75
8,2,22,-0.0351694449782,2.25
8,2,22,-0.0351078212261,2.25
8,2,61,0.12764647603,4.0
8,2,61,0.151239693165,4.0
8,2,64,0.00504473783076,4.75
8,2,64,0.00501803867519,4.75
8,2,24,0.0525788515806,3.0
8,2,24,0.0531777217984,3.0
8,2,63,0.0112593881786,5.25
8,2,63,0.0122669544071,5.25
8,2,26,-0.0608065351844,4.0
8,2,26,-0.0611703619361,4.0
8,2,33,0.134414002299,2.25
8,2,33,0.134604811668,2.25
8,2,68,-0.038202509284,2.75
8,2,68,-0.038462549448,2.75
8,2,28,0.0684455484152,2.5
8,2,28,0.0686686933041,2.5
8,2,35,2.46367073059,3.5
8,2,35,2.46364378929,3.5
8,2,70,2.27334570885,4.0
8,2,70,2.27314472198,4.0
8,2,30,2.38436245918,4.25
8,2,30,2.38345050812,4.25
8,2,37,0.0415787547827,2.25
8,2,37,0.0413958951831,2.25
8,2,72,0.0536219552159,3.5
8,2,72,0.0538720786572,3.5
8,2,39,2.4307205677,2.0
8,2,39,2.4303176403,2.0
8,2,74,-0.0356338098645,3.75
8,2,74,-0.036248549819,3.75
8,2,41,0.101204231381,4.0
8,2,41,0.101373061538,4.0
8,2,76,2.46073627472,3.25
8,2,76,2.46059370041,3.25
8,2,4,0.00999635830522,3.25
8,2,4,0.00978923030198,3.25
8,2,43,-0.0558071285486,2.75
8,2,43,-0.0558684393764,2.75
8,2,78,-0.00922271981835,3.25
8,2,78,-0.00917198136449,3.25
8,2,6,-0.00538727268577,1.75
8,2,6,-0.00554598122835,1.75
8,2,45,-0.0503006353974,2.25
8,2,45,-0.0503375902772,2.25
8,2,8,0.0865251943469,4.25
8,2,8,0.0853027552366,4.25
8,2,47,-0.0530450567603,2.75
8,2,47,-0.0545861795545,2.75
8,2,10,-0.0207805540413,1.75
8,2,10,-0.0208275262266,1.75
8,2,83,0.0225916262716,2.75
8,2,83,0.0226931143552,2.75
8,2,85,-0.000464441254735,4.5
8,2,85,-0.0004862844944,4.5
8,2,48,1.93835270405,4.0
8,2,48,1.95592796803,4.0
8,2,87,0.0258833169937,2.0
8,2,87,0.0244578458369,2.0
8,2,50,2.42382192612,3.0
8,2,50,2.42359566689,3.0
8,2,89,2.36703205109,2.25
8,2,89,2.36977958679,2.25
9,1,81,-0.154571384192,2.25
9,1,81,2.40244674683,2.25
9,1,27,2.40188384056,3.75
9,1,27,2.40772891045,3.75
9,1,83,2.39691448212,4.25
9,1,83,2.41464304924,4.25
9,1,29,-0.243533849716,2.5
9,1,29,2.29160237312,2.5
9,1,32,2.41157603264,2.75
9,1,32,2.3861515522,2.75
9,1,85,2.43162584305,4.75
9,1,85,2.43788480759,4.75
9,1,31,2.40592002869,3.5
9,1,31,2.38532114029,3.5
9,1,34,2.41084051132,3.25
9,1,34,2.38899517059,3.25
9,1,87,2.37685751915,3.25
9,1,87,2.39996385574,3.25
9,1,36,2.39178490639,3.5
9,1,36,2.39945030212,3.5
9,1,89,2.38305687904,2.75
9,1,89,2.383228302,2.75
9,1,3,2.38113188744,4.75
9,1,3,2.38219857216,4.75
9,1,38,2.40945887566,3.5
9,1,38,2.37630605698,3.5
9,1,91,2.33577060699,3.75
9,1,91,2.3982925415,3.75
9,1,5,2.42272305489,5.75
9,1,5,2.42372655869,5.75
9,1,40,2.37128925323,2.25
9,1,40,2.37991905212,2.25
9,1,93,2.34054613113,3.25
9,1,93,2.36551761627,3.25
9,1,96,2.40805053711,4.25
9,1,96,2.40213155746,4.25
9,1,7,2.38575577736,4.25
9,1,7,2.41652607918,4.25
9,1,42,2.41077470779,4.0
9,1,42,2.35723042488,4.0
9,1,95,2.42059588432,4.25
9,1,95,2.40138435364,4.25
9,1,98,2.37619829178,2.25
9,1,98,2.37130594254,2.25
9,1,65,2.39613294601,2.0
9,1,65,2.34562897682,2.0
9,1,100,2.38926410675,4.25
9,1,100,2.43485069275,4.25
9,1,67,2.4076628685,4.25
9,1,67,2.3754940033,4.25
9,1,102,2.4077026844,3.75
9,1,102,2.41308999062,3.75
9,1,69,2.35252904892,5.5
9,1,69,2.39041757584,5.5
9,1,104,2.39965105057,3.0
9,1,104,2.40357780457,3.0
9,1,106,2.35903167725,4.0
9,1,106,2.30202102661,4.0
9,1,73,2.43527984619,3.25
9,1,73,2.4300391674,3.25
9,1,51,-0.00210466235876,3.5
9,1,51,0.00481250323355,3.5
9,1,75,2.42986822128,2.5
9,1,75,2.42704391479,2.5
9,1,110,2.41127800941,4.25
9,1,110,2.39567565918,4.25
9,1,53,-0.170868426561,3.0
9,1,53,2.38335084915,3.0
9,1,77,2.38295650482,3.25
9,1,77,2.40994334221,3.25
9,1,16,-0.198441296816,1.5
9,1,16,2.39324903488,1.5
9,1,55,2.37498426437,3.5
9,1,55,2.35452795029,3.5
9,1,79,2.39117527008,4.0
9,1,79,2.42435193062,4.0
9,1,18,2.40154600143,3.5
9,1,18,2.42258787155,3.5
9,1,20,2.35587000847,4.0
9,1,20,-0.235439613461,4.0
9,1,59,2.42653751373,2.75
9,1,59,2.39468836784,2.75
9,1,22,2.39736676216,3.0
9,1,22,2.40483236313,3.0
9,1,61,2.3881855011,3.5
9,1,61,2.38211679459,3.5
9,1,24,2.40850067139,3.5
9,1,24,2.38544797897,3.5
9,1,63,2.39694356918,3.25
9,1,63,-0.224415302277,3.25
9,1,80,2.39373159409,3.25
9,1,80,2.40085411072,3.25
9,1,26,2.37799167633,4.5
9,1,26,-0.232635527849,4.5
9,1,33,2.34630465508,3.75
9,1,33,2.32388281822,3.75
9,1,82,-0.235216632485,4.0
9,1,82,2.41223263741,4.0
9,1,28,2.38127779961,2.75
9,1,28,2.31035971642,2.75
9,1,35,2.38562726974,3.5
9,1,35,2.34702944756,3.5
9,1,84,2.40997076035,3.0
9,1,84,2.40542674065,3.0
9,1,30,2.38882136345,3.0
9,1,30,0.122278533876,3.0
9,1,37,2.42470884323,4.5
9,1,37,2.43327403069,4.5
9,1,86,2.38917255402,4.0
9,1,86,2.36998486519,4.0
9,1,39,2.35108733177,2.75
9,1,39,2.36976385117,2.75
9,1,88,2.33670759201,3.25
9,1,88,2.36751914024,3.25
9,1,2,2.35998940468,5.25
9,1,2,2.38403367996,5.25
9,1,41,2.3395280838,3.0
9,1,41,2.36281967163,3.0
9,1,90,2.408182621,2.75
9,1,90,2.41923236847,2.75
9,1,97,2.36304140091,3.5
9,1,97,2.36507606506,3.5
9,1,4,2.40530967712,5.0
9,1,4,2.41547083855,5.0
9,1,92,2.4096531868,4.0
9,1,92,2.41669845581,4.0
9,1,99,2.36374211311,3.0
9,1,99,2.37356257439,3.0
9,1,6,2.37394070625,3.5
9,1,6,2.39453983307,3.5
9,1,94,2.36238908768,3.0
9,1,94,2.33210659027,3.0
9,1,101,2.42813682556,2.25
9,1,101,2.37891507149,2.25
9,1,8,2.36077332497,4.5
9,1,8,2.35345721245,4.5
9,1,64,2.35567235947,4.25
9,1,64,2.40166950226,4.25
9,1,103,2.40995550156,2.25
9,1,103,2.39565396309,2.25
9,1,66,2.4298517704,4.75
9,1,66,2.41737127304,4.75
9,1,105,2.39482951164,3.75
9,1,105,2.38682508469,3.75
9,1,12,-0.262316018343,4.75
9,1,12,-0.220307081938,4.75
9,1,68,2.41235470772,3.5
9,1,68,2.41581964493,3.5
9,1,107,-0.209831565619,4.25
9,1,107,2.40077853203,4.25
9,1,72,2.36927771568,3.75
9,1,72,2.37738871574,3.75
9,1,111,2.37119174004,3.0
9,1,111,-0.232989057899,3.0
9,1,50,2.41958856583,3.5
9,1,50,2.40711855888,3.5
9,1,74,2.32679748535,3.0
9,1,74,2.40097951889,3.0
9,1,17,2.40183496475,4.25
9,1,17,-0.19731540978,4.25
9,1,52,2.38159370422,2.75
9,1,52,2.36702084541,2.75
9,1,76,2.42904543877,4.0
9,1,76,2.40867710114,4.0
9,1,19,2.37203931808,3.25
9,1,19,2.39028453827,3.25
9,1,54,2.38947939873,2.75
9,1,54,2.37163543701,2.75
9,1,78,2.37341856956,3.5
9,1,78,2.40582132339,3.5
9,1,21,2.41644287109,4.5
9,1,21,2.41958618164,4.5
9,1,56,2.3811955452,3.75
9,1,56,2.37789726257,3.75
9,1,23,2.45318627357,4.5
9,1,23,2.4350438118,4.5
9,1,25,2.38825035095,3.5
9,1,25,2.36720323563,3.5
9,1,60,2.39562940598,4.0
9,1,60,2.43204331398,4.0
9,2,98,2.38272356987,4.5
9,2,98,-0.268801093102,4.5
9,2,71,2.4087061882,5.25
9,2,71,2.39037299156,5.25
9,2,100,2.4232172966,5.75
9,2,100,2.4307346344,5.75
9,2,46,2.36877775192,4.75
9,2,46,2.38031840324,4.75
9,2,102,0.0314779952168,3.75
9,2,102,2.41631317139,3.75
9,2,75,2.40197229385,3.75
9,2,75,2.40619707108,3.75
9,2,16,2.39814019203,2.75
9,2,16,2.37599349022,2.75
9,2,104,2.32932734489,3.25
9,2,104,2.34105229378,3.25
9,2,77,2.38586950302,4.25
9,2,77,2.38966655731,4.25
9,2,18,2.384349823,4.25
9,2,18,2.36622953415,4.25
9,2,106,2.42280817032,5.25
9,2,106,2.41718626022,5.25
9,2,79,2.4193572998,5.25
9,2,79,2.40538072586,5.25
9,2,20,2.38211917877,3.0
9,2,20,2.334608078,3.0
9,2,108,2.3995718956,4.25
9,2,108,2.35508465767,4.25
9,2,49,-0.10370631516,5.25
9,2,49,2.42527031898,5.25
9,2,22,2.36963415146,3.0
9,2,22,2.36021494865,3.0
9,2,110,2.36524581909,3.25
9,2,110,2.3518242836,3.25
9,2,51,2.38659715652,5.0
9,2,51,2.36096787453,5.0
9,2,24,2.34792804718,1.75
9,2,24,2.37215471268,1.75
9,2,80,-0.222888305783,4.75
9,2,80,-0.176614567637,4.75
9,2,53,2.32253575325,3.75
9,2,53,-0.24555811286,3.75
9,2,26,2.37120604515,3.25
9,2,26,2.39903831482,3.25
9,2,82,2.3878698349,3.0
9,2,82,2.4004406929,3.0
9,2,55,2.38392782211,3.25
9,2,55,2.38496470451,3.25
9,2,28,2.38507413864,4.75
9,2,28,2.3943862915,4.75
9,2,84,2.42106127739,3.75
9,2,84,2.43497753143,3.75
9,2,30,2.35067009926,2.75
9,2,30,2.35959243774,2.75
9,2,113,2.37563204765,5.75
9,2,113,2.42230200768,5.75
9,2,86,2.40024065971,4.0
9,2,86,2.39539456367,4.0
9,2,88,2.36885881424,4.5
9,2,88,2.3867650032,4.5
9,2,2,2.41617155075,4.0
9,2,2,2.4224998951,4.0
9,2,90,-0.262617915869,3.25
9,2,90,2.3830537796,3.25
9,2,63,2.38411736488,5.0
9,2,63,2.36306786537,5.0
9,2,4,2.36484766006,5.25
9,2,4,2.35900831223,5.25
9,2,92,2.40811085701,4.25
9,2,92,2.38870739937,4.25
9,2,33,-0.15