3,1,47,5.15936470032,4.25
3,1,47,5.15938854218,4.25
3,1,10,5.17068958282,2.875
3,1,10,5.17065477371,2.875
3,1,101,3.47536897659,4.375
3,1,101,3.47357797623,4.375
3,1,64,4.82747936249,5.75
3,1,64,4.82734966278,5.75
3,1,45,4.78998041153,4.25
3,1,45,4.79004955292,4.25
3,1,8,4.94727802277,3.5
3,1,8,4.94725418091,3.5
3,1,99,3.47356700897,1.5
3,1,99,3.47187614441,1.5
3,1,94,2.97196960449,3.25
3,1,94,2.9717707634,3.25
3,1,43,4.3724064827,4.0
3,1,43,4.37176799774,4.0
3,1,6,4.89422607422,4.5
3,1,6,4.89423513412,4.5
3,1,97,3.40083289146,1.25
3,1,97,3.4011631012,1.25
3,1,92,4.61226844788,3.5
3,1,92,4.61216163635,3.5
3,1,41,2.05103635788,3.25
3,1,41,2.05013084412,3.25
3,1,4,4.8009557724,3.25
3,1,4,4.80113983154,3.25
3,1,90,3.6217250824,3.75
3,1,90,3.62167692184,3.75
3,1,39,4.98994827271,5.75
3,1,39,4.98986053467,5.75
3,1,2,1.38769173622,4.5
3,1,2,1.38702619076,4.5
3,1,88,3.14306259155,4.0
3,1,88,3.143430233,4.0
3,1,37,4.42954826355,3.125
3,1,37,4.42913627625,3.125
3,1,86,4.13771915436,4.25
3,1,86,4.1377696991,4.25
3,1,35,4.42271327972,4.375
3,1,35,4.42216539383,4.375
3,1,30,2.68409156799,4.5
3,1,30,2.68341994286,4.5
3,1,84,4.14779853821,3.75
3,1,84,4.14763307571,3.75
3,1,33,4.22976112366,3.0
3,1,33,4.22941827774,3.0
3,1,28,5.06703186035,4.75
3,1,28,5.06710958481,4.75
3,1,82,3.7895014286,3.0
3,1,82,3.78973150253,3.0
3,1,63,4.71729326248,4.75
3,1,63,4.71783447266,4.75
3,1,26,5.10748624802,4.0
3,1,26,5.10748672485,4.0
3,1,80,3.75703668594,2.75
3,1,80,3.75641441345,2.75
3,1,61,5.17246580124,5.5
3,1,61,5.17244243622,5.5
3,1,24,4.77538967133,4.5
3,1,24,4.77543449402,4.5
3,1,59,4.76023626328,5.5
3,1,59,4.76102638245,5.5
3,1,22,4.94856452942,4.83333
3,1,22,4.94830417633,4.83333
3,1,57,5.06493186951,4.875
3,1,57,5.06490707397,4.875
3,1,20,3.27847385406,2.5
3,1,20,3.27902984619,2.5
3,1,79,3.0853600502,5.25
3,1,79,3.08609485626,5.25
3,1,55,2.65838527679,3.25
3,1,55,2.65691280365,3.25
3,1,18,4.28265953064,3.75
3,1,18,4.28255176544,3.75
3,1,77,4.85466003418,4.5
3,1,77,4.8543844223,4.5
3,1,16,4.56280612946,4.75
3,1,16,4.56271123886,4.75
3,1,75,4.26559591293,4.0
3,1,75,4.26459121704,4.0
3,1,51,4.42053031921,4.5
3,1,51,4.42167377472,4.5
3,1,73,4.08748292923,3.0
3,1,73,4.08821773529,3.0
3,1,49,5.01200199127,5.0
3,1,49,5.01204061508,5.0
3,1,108,3.69997024536,2.25
3,1,108,3.69888687134,2.25
3,1,71,3.08771967888,2.0
3,1,71,3.0876994133,2.0
3,1,15,4.60070419312,5.0
3,1,15,4.60063648224,5.0
3,1,106,2.24307155609,2.75
3,1,106,2.24353075027,2.75
3,1,104,3.37882184982,3.5
3,1,104,3.37893486023,3.5
3,1,102,4.10982894897,5.25
3,1,102,4.11023902893,5.25
3,1,65,4.45215845108,6.25
3,1,65,4.45166683197,6.25
3,1,46,3.96515893936,5.0
3,1,46,3.96558427811,5.0
3,1,9,3.88850831985,2.75
3,1,9,3.88799238205,2.75
3,1,100,3.69933485985,2.375
3,1,100,3.69956374168,2.375
3,1,95,4.30807161331,3.75
3,1,95,4.30807161331,3.75
3,1,44,3.05506420135,3.0
3,1,44,3.05494976044,3.0
3,1,7,5.16254043579,4.75
3,1,7,5.16251945496,4.75
3,1,98,2.46642327309,1.75
3,1,98,2.46646165848,1.75
3,1,93,4.08100986481,3.25
3,1,93,4.08136224747,3.25
3,1,5,5.26999187469,6.0
3,1,5,5.27001190186,6.0
3,1,96,4.31563711166,3.875
3,1,96,4.31562423706,3.875
3,1,91,4.5216217041,4.0
3,1,91,4.52100324631,4.0
3,1,40,4.17904472351,5.0
3,1,40,4.17945146561,5.0
3,1,3,4.08671855927,3.0
3,1,3,4.08683872223,3.0
3,1,89,4.2984919548,4.25
3,1,89,4.29805326462,4.25
3,1,38,4.23470067978,4.5
3,1,38,4.23494434357,4.5
3,1,1,2.09427928925,3.875
3,1,1,2.09507060051,3.875
3,1,87,4.48449230194,4.25
3,1,87,4.48468589783,4.25
3,1,36,3.97560811043,3.5
3,1,36,3.97491025925,3.5
3,1,31,3.63300418854,3.66667
3,1,31,3.63257288933,3.66667
3,1,85,4.04232311249,2.0
3,1,85,4.04210090637,2.0
3,1,34,4.9432220459,4.125
3,1,34,4.94312667847,4.125
3,1,29,4.97627830505,1.25
3,1,29,4.97631931305,1.25
3,1,83,4.627576828,4.5
3,1,83,4.62771701813,4.5
3,1,32,2.97671127319,4.5
3,1,32,2.9774210453,4.5
3,1,27,4.03535938263,5.25
3,1,27,4.03488397598,5.25
3,1,81,4.87370634079,2.75
3,1,81,4.87373971939,2.75
3,1,62,4.95231437683,4.375
3,1,62,4.9525718689,4.375
3,1,25,5.34078359604,5.5
3,1,25,5.34075737,5.5
3,1,60,4.99168586731,5.5
3,1,60,4.99173641205,5.5
3,1,23,4.06782150269,3.875
3,1,23,4.06791877747,3.875
3,1,58,4.16609191895,4.5
3,1,58,4.16634464264,4.5
3,1,21,4.92857646942,4.5
3,1,21,4.92865657806,4.5
3,1,56,1.73022508621,4.0
3,1,56,1.73067462444,4.0
3,1,19,3.96013855934,4.125
3,1,19,3.96036672592,4.125
3,1,78,4.29735040665,5.25
3,1,78,4.2978219986,5.25
3,1,17,4.88965463638,5.0
3,1,17,4.88960838318,5.0
3,1,76,4.64874362946,4.0
3,1,76,4.64890098572,4.0
3,1,52,4.84472990036,3.5
3,1,52,4.8449177742,3.5
3,1,74,4.00621986389,4.0
3,1,74,4.00669384003,4.0
3,1,50,4.40909528732,4.66667
3,1,50,4.40941905975,4.66667
3,1,48,4.89696788788,2.5
3,1,48,4.89665317535,2.5
3,1,107,3.62827253342,5.25
3,1,107,3.62899947166,5.25
3,1,70,3.61267662048,2.75
3,1,70,3.61384344101,2.75
3,1,14,3.31820654869,3.75
3,1,14,3.31793069839,3.75
3,1,105,1.61721754074,1.25
3,1,105,1.61693477631,1.25
3,1,103,1.8649559021,1.5
3,1,103,1.8664137125,1.5
3,1,66,2.40620279312,3.0
3,1,66,2.40758752823,3.0
3,2,82,0.587027311325,3.25
3,2,82,0.58633184433,3.25
3,2,61,3.69874858856,4.375
3,2,61,3.69850301743,4.375
3,2,80,3.58703231812,4.75
3,2,80,3.58646345139,4.75
3,2,30,-0.772142350674,3.625
3,2,30,-0.772052526474,3.625
3,2,35,0.478789746761,3.875
3,2,35,0.479472279549,3.875
3,2,86,1.16403448582,2.75
3,2,86,1.16353344917,2.75
3,2,28,-0.589658677578,4.0
3,2,28,-0.589113473892,4.0
3,2,33,3.88222169876,5.0
3,2,33,3.88226461411,5.0
3,2,84,0.0577325895429,4.0
3,2,84,0.0567053556442,4.0
3,2,2,1.95999741554,1.875
3,2,2,1.9585044384,1.875
3,2,39,3.27122569084,4.25
3,2,39,3.27097654343,4.25
3,2,90,2.15734410286,4.25
3,2,90,2.15872430801,4.25
3,2,37,1.76320374012,2.25
3,2,37,1.76316225529,2.25
3,2,88,4.00059223175,4.0
3,2,88,4.00027179718,4.0
3,2,6,3.98599076271,5.25
3,2,6,3.98552703857,5.25
3,2,43,0.0686336904764,4.0
3,2,43,0.0699058026075,4.0
3,2,94,4.58045482635,3.75
3,2,94,4.58031272888,3.75
3,2,99,3.08341884613,2.625
3,2,99,3.08349180222,2.625
3,2,41,3.31361579895,3.5
3,2,41,3.31365919113,3.5
3,2,92,1.60929644108,3.25
3,2,92,1.61217308044,3.25
3,2,97,2.66377711296,5.0
3,2,97,2.66370773315,5.0
3,2,10,4.44972133636,4.0
3,2,10,4.45035409927,4.0
3,2,47,1.38072490692,3.875
3,2,47,1.38020980358,3.875
3,2,66,2.59532618523,3.75
3,2,66,2.59487700462,3.75
3,2,103,3.87944412231,4.0
3,2,103,3.87849807739,4.0
3,2,8,3.25812196732,6.0
3,2,8,3.2577252388,6.0
3,2,45,0.573456704617,3.25
3,2,45,0.57461899519,3.25
3,2,64,1.50964546204,2.375
3,2,64,1.50769937038,2.375
3,2,101,3.0267829895,3.125
3,2,101,3.02677202225,3.125
3,2,14,1.46209728718,3.75
3,2,14,1.46175146103,3.75
3,2,70,2.01002883911,3.66667
3,2,70,2.00933051109,3.66667
3,2,107,0.158916562796,4.625
3,2,107,0.157817974687,4.625
3,2,12,4.86379051208,5.25
3,2,12,4.86365699768,5.25
3,2,68,1.91299772263,5.5
3,2,68,1.91334021091,5.5
3,2,105,2.17910909653,3.5
3,2,105,2.17874288559,3.5
3,2,50,4.59951305389,3.75
3,2,50,4.59947347641,3.75
3,2,74,3.39196014404,3.25
3,2,74,3.39146566391,3.25
3,2,111,3.21853351593,3.5
3,2,111,3.21919202805,3.5
3,2,48,-0.280872344971,4.25
3,2,48,-0.28006953001,4.25
3,2,109,0.980357170105,1.95833
3,2,109,0.980796456337,1.95833
3,2,78,4.375644207,2.75
3,2,78,4.37556505203,2.75
3,2,52,2.85427570343,1.5
3,2,52,2.85439777374,1.5
3,2,56,3.10480594635,4.25
3,2,56,3.10408329964,4.25
3,2,112,0.129580259323,4.0
3,2,112,0.128567874432,4.0
3,2,62,3.94132900238,5.25
3,2,62,3.94114160538,5.25
3,2,27,3.80716466904,4.0
3,2,27,3.80906486511,4.0
3,2,60,1.40486097336,3.75
3,2,60,1.40334486961,3.75
3,2,83,4.13843154907,4.25
3,2,83,4.13851928711,4.25
3,2,34,1.78497695923,3.5
3,2,34,1.78610539436,3.5
3,2,81,3.01321840286,4.375
3,2,81,3.01414585114,4.375
3,2,31,3.33870506287,3.25
3,2,31,3.33921146393,3.25
3,2,32,3.29873991013,3.25
3,2,32,3.29777193069,3.25
3,2,87,0.938636898994,3.75
3,2,87,0.938258349895,3.75
3,2,29,-0.276203334332,4.0
3,2,29,-0.275364935398,4.0
3,2,38,4.78815889359,3.25
3,2,38,4.78825855255,3.25
3,2,85,1.80142474174,3.25
3,2,85,1.80067527294,3.25
3,2,36,2.57004308701,2.75
3,2,36,2.57027673721,2.75
3,2,91,3.62045907974,4.5
3,2,91,3.61958932877,4.5
3,2,42,-0.195007055998,2.5
3,2,42,-0.195207297802,2.5
3,2,89,3.70266771317,3.25
3,2,89,3.70227742195,3.25
3,2,98,3.45689058304,4.5
3,2,98,3.45659732819,4.5
3,2,7,2.53734517097,6.0
3,2,7,2.53715085983,6.0
3,2,40,2.40988373756,2.75
3,2,40,2.40941524506,2.75
3,2,95,0.263508498669,1.5
3,2,95,0.262626498938,1.5
3,2,96,1.85203027725,3.125
3,2,96,1.85259270668,3.125
3,2,5,3.45394492149,3.25
3,2,5,3.45341920853,3.25
3,2,46,1.45411896706,4.5
3,2,46,1.45245707035,4.5
3,2,93,3.90267634392,5.0
3,2,93,3.90240621567,5.0
3,2,102,3.15537977219,2.0
3,2,102,3.15423846245,2.0
3,2,11,3.73358416557,4.125
3,2,11,3.73433971405,4.125
3,2,44,-0.583528220654,5.0
3,2,44,-0.584034264088,5.0
3,2,67,4.70264434814,5.25
3,2,67,4.7020945549,5.25
3,2,100,1.46306121349,1.25
3,2,100,1.46303367615,1.25
3,2,9,4.04471349716,4.5
3,2,9,4.04538059235,4.5
3,2,65,1.67099010944,3.0
3,2,65,1.67313170433,3.0
3,2,106,2.48873996735,3.875
3,2,106,2.48858213425,3.875
3,2,71,2.96347618103,2.375
3,2,71,2.96287751198,2.375
3,2,104,-0.818189144135,3.5
3,2,104,-0.817921280861,3.5
3,2,13,4.76776647568,5.0
3,2,13,4.76771688461,5.0
3,2,69,0.313507199287,1.25
3,2,69,0.313485205173,1.25
3,2,110,3.14475131035,4.25
3,2,110,3.14452981949,4.25
3,2,51,3.87127447128,4.0
3,2,51,3.87069869041,4.0
3,2,108,1.84671127796,4.0
3,2,108,1.84726274014,4.0
3,2,49,2.66848659515,2.75
3,2,49,2.66817522049,2.75
3,2,73,3.1512465477,3.75
3,2,73,3.15114831924,3.75
3,2,55,3.8218152523,3.33333
3,2,55,3.82141900063,3.33333
3,2,79,2.29251098633,3.75
3,2,79,2.293446064,3.75
3,2,53,3.03924322128,4.5
3,2,53,3.03863883018,4.5
3,2,77,3.98221969604,2.25
3,2,77,3.98275637627,2.25
3,2,59,3.01785778999,2.25
3,2,59,3.01795196533,2.25
3,2,113,2.7142791748,3.0
3,2,113,2.71426010132,3.0
3,2,26,0.497167915106,2.5
3,2,26,0.495872080326,2.5
3,2,63,0.177542373538,1.25
3,2,63,0.177068680525,1.25
4,1,29,2.66307497025,3.0
4,1,29,2.66073441505,3.0
4,1,58,3.93581986427,2.25
4,1,58,3.93646240234,2.25
4,1,85,1.61977243423,2.5
4,1,85,1.61970067024,2.5
4,1,114,1.05146563053,1.5
4,1,114,1.05135190487,1.5
4,1,31,2.40477204323,2.25
4,1,31,2.40394663811,2.25
4,1,36,0.959114670753,0.875
4,1,36,0.959344267845,0.875
4,1,87,1.1785889864,3.25
4,1,87,1.17887473106,3.25
4,1,25,1.54890966415,1.5
4,1,25,1.54868793488,1.5
4,1,38,2.82282829285,2.5
4,1,38,2.82453989983,2.5
4,1,81,1.48869073391,3.0
4,1,81,1.48914146423,3.0
4,1,27,-0.100697100163,2.75
4,1,27,-0.100847326219,2.75
4,1,32,1.85869073868,1.5
4,1,32,1.85875320435,1.5
4,1,83,0.754057049751,3.25
4,1,83,0.752704560757,3.25
4,1,5,0.431900471449,1.0
4,1,5,0.43234795332,1.0
4,1,34,1.52533721924,1.5
4,1,34,1.52499425411,1.5
4,1,93,2.85658407211,3.0
4,1,93,2.85629987717,3.0
4,1,7,0.586665391922,1.75
4,1,7,0.586539387703,1.75
4,1,95,1.09358787537,3.5
4,1,95,1.09287345409,3.5
4,1,100,1.52805423737,0.75
4,1,100,1.52698278427,0.75
4,1,46,4.48639917374,3.75
4,1,46,4.48678874969,3.75
4,1,89,1.24309706688,1.75
4,1,89,1.24394714832,1.75
4,1,102,0.662770569324,1.5
4,1,102,0.663527846336,1.5
4,1,3,1.42162847519,3.5
4,1,3,1.4195728302,3.5
4,1,40,3.98619651794,4.0
4,1,40,3.98705935478,4.0
4,1,91,1.61959457397,2.25
4,1,91,1.61955690384,2.25
4,1,96,1.75591993332,2.75
4,1,96,1.75633049011,2.75
4,1,13,0.822772741318,1.5
4,1,13,0.823935449123,1.5
4,1,42,2.56860971451,1.75
4,1,42,2.56785368919,1.75
4,1,69,5.10954141617,5.5
4,1,69,5.10904455185,5.5
4,1,98,2.16650509834,3.25
4,1,98,2.16633749008,3.25
4,1,15,1.09889686108,0.75
4,1,15,1.09915530682,0.75
4,1,71,5.19150352478,2.125
4,1,71,5.191614151,2.125
4,1,108,2.25171995163,3.25
4,1,108,2.25065565109,3.25
4,1,9,0.194689810276,1.0
4,1,9,0.195333063602,1.0
4,1,65,3.90657615662,4.75
4,1,65,3.90636873245,4.75
4,1,110,1.5417766571,4.0
4,1,110,1.54003095627,4.0
4,1,11,1.11213946342,1.0
4,1,11,1.11125993729,1.0
4,1,67,3.47418737411,1.75
4,1,67,3.47245550156,1.75
4,1,104,0.543611466885,1.25
4,1,104,0.543350160122,1.25
4,1,53,4.25393915176,2.5
4,1,53,4.25364112854,2.5
4,1,77,2.9663336277,2.625
4,1,77,2.96638560295,2.625
4,1,106,1.73486590385,2.125
4,1,106,1.73540318012,2.125
4,1,55,4.3599319458,2.5
4,1,55,4.36112642288,2.5
4,1,79,4.27768516541,6.75
4,1,79,4.27807188034,6.75
4,1,49,4.49234390259,4.25
4,1,49,4.49228239059,4.25
4,1,73,4.947057724,4.25
4,1,73,4.94665384293,4.25
4,1,22,1.06721425056,1.25
4,1,22,1.06806898117,1.25
4,1,51,4.53422689438,2.75
4,1,51,4.5354757309,2.75
4,1,75,3.3885948658,4.75
4,1,75,3.38726758957,4.75
4,1,16,0.509469032288,1.0
4,1,16,0.507972002029,1.0
4,1,117,0.912843227386,1.25
4,1,117,0.911868572235,1.25
4,1,63,0.483668208122,1.0
4,1,63,0.484124660492,1.0
4,1,28,2.61342835426,2.625
4,1,28,2.61439943314,2.625
4,1,57,4.75267505646,2.75
4,1,57,4.75268745422,2.75
4,1,84,1.1232149601,2.5
4,1,84,1.12226581573,2.5
4,1,113,1.31843793392,3.25
4,1,113,1.31759119034,3.25
4,1,30,1.95076811314,1.125
4,1,30,1.95119595528,1.125
4,1,59,3.98281669617,1.875
4,1,59,3.98291373253,1.875
4,1,86,1.25229632854,1.66667
4,1,86,1.25333714485,1.66667
4,1,115,1.90104818344,3.5
4,1,115,1.90152704716,3.5
4,1,24,1.96752905846,2.0
4,1,24,1.96927857399,2.0
4,1,37,3.26781797409,2.25
4,1,37,3.26746344566,2.25
4,1,80,2.18223261833,3.5
4,1,80,2.18194961548,3.5
4,1,26,3.55031108856,4.375
4,1,26,3.54908275604,4.375
4,1,39,3.21951413155,2.5
4,1,39,3.21970891953,2.5
4,1,82,1.33476614952,6.5
4,1,82,1.33476698399,6.5
4,1,4,0.129097640514,1.5
4,1,4,0.128579229116,1.5
4,1,33,1.37479639053,1.5
4,1,33,1.37432205677,1.5
4,1,92,1.33225369453,2.0
4,1,92,1.3314845562,2.0
4,1,6,0.71044164896,1.5
4,1,6,0.710931360722,1.5
4,1,35,1.49629926682,1.75
4,1,35,1.49716436863,1.75
4,1,94,1.10650062561,1.5
4,1,94,1.10694277287,1.5
4,1,45,3.11140108109,2.125
4,1,45,3.1109354496,2.125
4,1,88,0.978691756725,1.5
4,1,88,0.977769970894,1.5
4,1,101,0.58000099659,3.875
4,1,101,0.580197751522,3.875
4,1,47,3.68309640884,2.125
4,1,47,3.68289542198,2.125
4,1,90,2.00913071632,1.375
4,1,90,2.00536584854,1.375
4,1,103,2.12570929527,1.0
4,1,103,2.12506270409,1.0
4,1,12,1.14117240906,2.5
4,1,12,1.14090800285,2.5
4,1,41,4.40187931061,2.5
4,1,41,4.40215969086,2.5
4,1,68,3.84681200981,5.5
4,1,68,3.84616827965,5.5
4,1,97,1.33553624153,1.625
4,1,97,1.33502924442,1.625
4,1,70,2.19010186195,5.25
4,1,70,2.19061326981,5.25
4,1,99,2.96842646599,2.375
4,1,99,2.96811389923,2.375
4,1,8,0.737378120422,0.75
4,1,8,0.737713217735,0.75
4,1,64,3.31291007996,3.5
4,1,64,3.31212830544,3.5
4,1,109,1.58065533638,2.75
4,1,109,1.58006024361,2.75
4,1,10,1.3211940527,3.0
4,1,10,1.32035374641,3.0
4,1,66,0.495566964149,1.0
4,1,66,0.496533125639,1.0
4,1,111,1.25671100616,3.5
4,1,111,1.25644409657,3.5
4,1,52,4.80629205704,3.25
4,1,52,4.80624866486,3.25
4,1,105,2.15698575974,3.625
4,1,105,2.15531229973,3.625
4,1,54,4.57117462158,3.375
4,1,54,4.57047080994,3.375
4,1,78,1.77583599091,3.25
4,1,78,1.77521145344,3.25
4,1,48,4.11197853088,1.5
4,1,48,4.11160850525,1.5
4,1,72,0.725174129009,2.375
4,1,72,0.725258708,2.375
4,1,50,4.30085039139,2.0
4,1,50,4.30110025406,2.0
4,1,74,2.22260379791,3.5
4,1,74,2.22292327881,3.5
4,1,23,0.722939610481,1.0
4,1,23,0.723813533783,1.0
4,1,116,2.6497399807,1.75
4,1,116,2.65129685402,1.75
4,1,118,2.47175073624,4.5
4,1,118,2.47334671021,4.5
4,1,56,4.3659734726,2.0
4,1,56,4.36588287354,2.0
4,1,112,1.60544276237,1.0
4,1,112,1.60650324821,1.0
7,1,40,3.77453684807,5.5
7,1,40,3.92457318306,5.5
7,1,3,2.71129894257,4.75
7,1,3,2.8400323391,4.75
7,1,102,2.542719841,4.25
7,1,102,2.56192827225,4.25
7,1,46,4.28032302856,4.0
7,1,46,4.25348377228,4.0
7,1,1,1.94024133682,3.5
7,1,1,2.02695608139,3.5
7,1,44,2.48134350777,6.25
7,1,44,2.55078268051,6.25
7,1,7,2.77283835411,2.25
7,1,7,2.74791479111,2.25
7,1,90,2.44637870789,4.0
7,1,90,2.55946421623,4.0
7,1,34,3.67832231522,5.5
7,1,34,3.61473941803,5.5
7,1,5,2.37686634064,4.75
7,1,5,2.43137216568,4.75
7,1,88,2.67048025131,6.5
7,1,88,2.73149132729,6.5
7,1,32,3.20747280121,3.75
7,1,32,3.31613492966,3.75
7,1,94,3.38719439507,3.0
7,1,94,3.46669220924,3.0
7,1,38,2.81586551666,3.5
7,1,38,2.95243501663,3.5
7,1,92,2.09095859528,5.75
7,1,92,2.16418361664,5.75
7,1,36,2.04740047455,4.25
7,1,36,2.20055985451,4.25
7,1,82,3.11009120941,5.25
7,1,82,3.07863998413,5.25
7,1,26,4.03220653534,3.0
7,1,26,4.169672966,3.0
7,1,80,2.30150675774,2.0
7,1,80,2.41076564789,2.0
7,1,24,3.92651605606,5.0
7,1,24,3.96119141579,5.0
7,1,86,3.61234903336,3.25
7,1,86,3.67278671265,3.25
7,1,59,2.62274432182,5.25
7,1,59,2.68416380882,5.25
7,1,30,2.11623907089,3.0
7,1,30,2.14093613625,3.0
7,1,84,2.26888036728,4.75
7,1,84,2.23340582848,4.75
7,1,57,3.69295620918,4.25
7,1,57,3.80205440521,4.25
7,1,28,3.12725019455,5.25
7,1,28,3.07617402077,5.25
7,1,74,3.2236969471,4.25
7,1,74,3.32438468933,4.25
7,1,63,2.67038822174,5.5
7,1,63,2.71699380875,5.5
7,1,18,2.88770437241,6.0
7,1,18,3.04660987854,6.0
7,1,72,3.1460351944,2.0
7,1,72,3.28157615662,2.0
7,1,61,2.26854538918,5.0
7,1,61,2.25656342506,5.0
7,1,107,1.59181952477,4.0
7,1,107,1.5728969574,4.0
7,1,78,1.21992814541,4.0
7,1,78,1.19800782204,4.0
7,1,51,3.98693752289,3.5
7,1,51,3.98438930511,3.5
7,1,22,2.24619889259,3.75
7,1,22,2.40265226364,3.75
7,1,105,3.15967464447,4.75
7,1,105,3.29791760445,4.75
7,1,76,4.22679948807,2.75
7,1,76,4.22992086411,2.75
7,1,49,2.99060845375,4.5
7,1,49,2.98888540268,4.5
7,1,20,2.40653467178,5.25
7,1,20,2.50500226021,5.25
7,1,66,0.970206260681,4.25
7,1,66,1.06156051159,4.25
7,1,55,1.62638235092,2.5
7,1,55,1.71540462971,2.5
7,1,10,2.45378494263,2.75
7,1,10,2.58842086792,2.75
7,1,109,2.35322523117,6.25
7,1,109,2.38322138786,6.25
7,1,64,1.38387238979,5.0
7,1,64,1.37113368511,5.0
7,1,53,3.70917677879,5.5
7,1,53,3.82660603523,5.5
7,1,8,3.42764425278,4.5
7,1,8,3.42032670975,4.5
7,1,70,2.5131816864,5.5
7,1,70,2.62310218811,5.5
7,1,43,3.51829195023,3.5
7,1,43,3.68072509766,3.5
7,1,14,0.288689553738,1.75
7,1,14,0.352929592133,1.75
7,1,97,1.05603826046,5.5
7,1,97,1.0629696846,5.5
7,1,68,1.07114970684,4.25
7,1,68,1.01430082321,4.25
7,1,41,3.24619340897,4.75
7,1,41,3.31060266495,4.75
7,1,12,0.550538539886,5.0
7,1,12,0.621921896935,5.0
7,1,103,2.61769032478,3.25
7,1,103,2.61845493317,3.25
7,1,47,3.83144402504,4.5
7,1,47,3.91254520416,4.5
7,1,2,2.63753461838,5.5
7,1,2,2.73110461235,5.5
7,1,101,1.94648790359,4.0
7,1,101,1.95082092285,4.0
7,1,45,3.65365076065,4.5
7,1,45,3.6238796711,4.5
7,1,35,2.72167849541,6.0
7,1,35,2.84815788269,6.0
7,1,89,2.65935611725,5.25
7,1,89,2.66859149933,5.25
7,1,33,2.66593408585,4.75
7,1,33,2.74067425728,4.75
7,1,4,3.22647666931,3.25
7,1,4,3.24315404892,3.25
7,1,95,3.36974430084,4.75
7,1,95,3.56777095795,4.75
7,1,39,3.04853081703,5.5
7,1,39,3.0329682827,5.5
7,1,93,3.14652442932,4.25
7,1,93,3.23530292511,4.25
7,1,37,2.32966923714,4.25
7,1,37,2.47727656364,4.25
7,1,83,2.68891620636,4.75
7,1,83,2.65321063995,4.75
7,1,27,2.99463701248,4.25
7,1,27,3.08347129822,4.25
7,1,81,3.11502242088,4.0
7,1,81,3.21105718613,4.0
7,1,25,2.22267532349,4.5
7,1,25,2.34433102608,4.5
7,1,31,2.37124824524,4.5
7,1,31,2.46712207794,4.5
7,1,58,2.64726829529,6.0
7,1,58,2.692663908,6.0
7,1,29,3.17681455612,4.25
7,1,29,3.21369934082,4.25
7,1,75,3.55662918091,4.75
7,1,75,3.55675935745,4.75
7,1,19,2.83884954453,4.75
7,1,19,2.8635699749,4.75
7,1,73,2.75927019119,1.0
7,1,73,2.93734574318,1.0
7,1,62,3.05912542343,4.5
7,1,62,3.11905288696,4.5
7,1,79,2.60716533661,3.0
7,1,79,2.64678239822,3.0
7,1,60,2.07659673691,3.25
7,1,60,2.18740320206,3.25
7,1,23,2.87863254547,4.0
7,1,23,2.88099551201,4.0
7,1,106,2.84282612801,4.75
7,1,106,2.83706736565,4.75
7,1,50,3.44234919548,5.0
7,1,50,3.48618888855,5.0
7,1,104,2.2066783905,4.75
7,1,104,2.33682966232,4.75
7,1,67,1.179864645,4.75
7,1,67,1.17822122574,4.75
7,1,48,4.05464267731,1.5
7,1,48,4.00049591064,1.5
7,1,11,0.980052113533,1.75
7,1,11,1.4112278223,1.75
7,1,65,1.15913438797,5.25
7,1,65,1.0601927042,5.25
7,1,54,2.67298769951,5.5
7,1,54,2.65721774101,5.5
7,1,9,2.2150182724,2.0
7,1,9,2.27441501617,2.0
7,1,108,1.78537726402,2.75
7,1,108,1.89680552483,2.75
7,1,71,2.70540308952,4.75
7,1,71,2.7617931366,4.75
7,1,52,3.75729703903,0.75
7,1,52,3.85801076889,0.75
7,1,98,2.34845089912,3.25
7,1,98,2.37852597237,3.25
7,1,69,2.25791168213,5.5
7,1,69,2.35429286957,5.5
7,1,42,4.32228517532,3.0
7,1,42,4.384973526,3.0
7,1,13,0.884290099144,3.0
7,1,13,0.928829908371,3.0
7,1,96,3.44561576843,5.5
7,1,96,3.5172867775,5.5
7,2,77,2.24651622772,4.25
7,2,77,2.39871358871,4.25
7,2,102,2.79731678963,5.25
7,2,102,2.82960605621,5.25
7,2,3,2.62440633774,5.75
7,2,3,2.69026112556,5.75
7,2,75,2.29695272446,3.5
7,2,75,2.36789989471,3.5
7,2,100,0.823457360268,1.75
7,2,100,0.881119847298,1.75
7,2,1,0.680332541466,4.25
7,2,1,0.788111329079,4.25
7,2,73,1.50543475151,3.25
7,2,73,1.51377105713,3.25
7,2,98,3.01105546951,3.75
7,2,98,3.14259839058,3.75
7,2,63,2.40308451653,5.25
7,2,63,2.52450966835,5.25
7,2,71,1.58981573582,4.0
7,2,71,1.59767699242,4.0
7,2,96,3.61779546738,3.5
7,2,96,3.6231007576,3.5
7,2,61,2.37134695053,5.5
7,2,61,2.37076997757,5.5
7,2,69,2.36246395111,4.25
7,2,69,2.46426010132,4.25
7,2,30,2.12866592407,3.0
7,2,30,2.17912507057,3.0
7,2,28,3.36483049393,5.75
7,2,28,3.39501619339,5.75
7,2,57,1.67186057568,1.5
7,2,57,1.61573660374,1.5
7,2,65,2.42248177528,5.0
7,2,65,2.51909899712,5.0
7,2,26,3.2514257431,4.25
7,2,26,3.33207082748,4.25
7,2,55,1.65594124794,4.0
7,2,55,1.64507567883,4.0
7,2,24,3.05194973946,3.75
7,2,24,3.07986736298,3.75
7,2,53,2.99489998817,5.0
7,2,53,3.0268342495,5.0
7,2,22,2.59786939621,3.0
7,2,22,2.74276304245,3.0
7,2,51,2.8987019062,4.75
7,2,51,2.81256961823,4.75
7,2,94,1.7953902483,3.25
7,2,94,1.8717212677,3.25
7,2,20,3.83025836945,5.5
7,2,20,3.83850669861,5.5
7,2,49,3.77895927429,4.0
7,2,49,3.77616047859,4.0
7,2,92,2.18692350388,4.66667
7,2,92,2.27054977417,4.66667
7,2,18,3.30248260498,3.5
7,2,18,3.32414484024,3.5
7,2,47,3.9119143486,4.0
7,2,47,3.99363470078,4.0
7,2,90,3.21649646759,4.0
7,2,90,3.28670167923,4.0
7,2,16,2.64330363274,5.0
7,2,16,2.66996717453,5.0
7,2,45,2.67745685577,2.5
7,2,45,2.72914004326,2.5
7,2,88,3.30198335648,5.0
7,2,88,3.32698917389,5.0
7,2,14,3.74656152725,5.5
7,2,14,3.79004859924,5.5
7,2,43,3.2546749115,2.75
7,2,43,3.26512026787,2.75
7,2,86,3.39570617676,2.5
7,2,86,3.44008898735,2.5
7,2,12,2.40122127533,4.25
7,2,12,2.53707671165,4.25
7,2,84,2.75590109825,3.75
7,2,84,2.82826948166,3.75
7,2,10,1.63002824783,4.0
7,2,10,1.6607067585,4.0
7,2,39,2.4057803154,4.0
7,2,39,2.52801394463,4.0
7,2,82,2.64551186562,3.25
7,2,82,2.7343916893,3.25
7,2,8,2.30422282219,4.0
7,2,8,2.32931399345,4.0
7,2,37,2.88457560539,3.5
7,2,37,2.99466085434,3.5
7,2,80,3.50142526627,4.0
7,2,80,3.60897660255,4.0
7,2,109,1.72944116592,5.25
7,2,109,1.73606204987,5.25
7,2,6,3.19881343842,4.0
7,2,6,3.24951124191,4.0
7,2,35,1.96768689156,3.5
7,2,35,2.01278400421,3.5
7,2,78,1.2805621624,5.0
7,2,78,1.40336418152,5.0
7,2,107,3.71201610565,4.5
7,2,107,3.73296618462,4.5
7,2,4,2.11349463463,3.0
7,2,4,2.11722898483,3.0
7,2,33,2.20246195793,1.5
7,2,33,2.25751113892,1.5
7,2,76,3.94129657745,4.5
7,2,76,4.05322933197,4.5
7,2,105,3.43220996857,3.0
7,2,105,3.53947973251,3.0
7,2,2,1.43741106987,2.75
7,2,2,1.62677717209,2.75
7,2,74,2.25199317932,2.5
7,2,74,2.29641342163,2.5
7,2,103,2.38533163071,4.25
7,2,103,2.49496150017,4.25
7,2,72,4.01110935211,4.25
7,2,72,4.01491260529,4.25
7,2,70,2.08291864395,3.25
7,2,70,2.13488721848,3.25
7,2,99,2.90188145638,4.25
7,2,99,2.98088359833,4.25
7,2,60,1.87431550026,4.0
7,2,60,1.91398262978,4.0
7,2,68,2.23730635643,6.5
7,2,68,2.28353476524,6.5
7,2,97,1.73270738125,3.0
7,2,97,1.87970352173,3.0
7,2,58,1.90268158913,4.0
7,2,58,1.84540724754,4.0
7,2,66,2.21396207809,5.5
7,2,66,2.28493928909,5.5
7,2,31,2.67336320877,3.75
7,2,31,2.68408989906,3.75
7,2,56,1.02162528038,4.75
7,2,56,1.09146749973,4.75
7,2,64,1.79216599464,3.25
7,2,64,1.70165753365,3.25
7,2,29,2.41494488716,1.75
7,2,29,2.5425889492,1.75
7,2,27,3.58930253983,4.25
7,2,27,3.63639235497,4.25
7,2,52,1.9796731472,3.25
7,2,52,2.00150823593,3.25
7,2,25,3.50325536728,4.75
7,2,25,3.60286688805,4.75
7,2,50,3.48304224014,4.25
7,2,50,3.48499298096,4.25
7,2,23,2.30038237572,1.75
7,2,23,2.19931387901,1.75
7,2,48,3.79405784607,3.75
7,2,48,3.89036941528,3.75
7,2,95,1.93343234062,2.5
7,2,95,2.10249185562,2.5
7,2,21,2.60793304443,1.5
7,2,21,2.55297327042,1.5
7,2,46,2.17990446091,4.75
7,2,46,2.20514345169,4.75
7,2,93,2.30062103271,4.75
7,2,93,2.40810108185,4.75
7,2,19,2.19897079468,4.5
7,2,19,2.28723883629,4.5
7,2,44,2.2755818367,4.5
7,2,44,2.32349061966,4.5
7,2,91,3.42596697807,3.75
7,2,91,3.57663989067,3.75
7,2,17,3.67480182648,6.0
7,2,17,3.77389097214,6.0
7,2,42,3.97133255005,3.0
7,2,42,3.99572467804,3.0
7,2,89,2.96136665344,3.0
7,2,89,3.07796430588,3.0
7,2,40,3.38698983192,5.25
7,2,40,3.46871495247,5.25
7,2,87,3.53134298325,4.5
7,2,87,3.58361363411,4.5
7,2,13,1.62778449059,4.75
7,2,13,1.60873556137,4.75
7,2,38,3.50911426544,5.25
7,2,38,3.57942342758,5.25
7,2,85,2.92440962791,2.5
7,2,85,2.95051455498,2.5
7,2,110,1.06379437447,4.75
7,2,110,1.08936595917,4.75
7,2,11,1.2529258728,2.75
7,2,11,1.20460605621,2.75
7,2,36,3.20903420448,2.5
7,2,36,3.25197172165,2.5
7,2,83,3.87276124954,5.0
7,2,83,3.81510257721,5.0
7,2,108,1.60635817051,5.5
7,2,108,1.57741451263,5.5
7,2,9,2.47394609451,4.0
7,2,9,2.54015564919,4.0
7,2,34,2.06042551994,4.25
7,2,34,2.0629529953,4.25
7,2,106,3.06291604042,6.25
7,2,106,3.0398607254,6.25
7,2,7,3.38481616974,5.0
7,2,7,3.48232316971,5.0
7,2,32,2.39006185532,4.5
7,2,32,2.47874522209,4.5
7,2,104,1.87048721313,3.5
7,2,104,1.92346334457,3.5
7,2,5,2.50910186768,3.25
7,2,5,2.55794787407,3.25
8,1,34,3.0323843956,2.5
8,1,34,2.72563314438,2.5
8,1,7,1.81446897984,1.0
8,1,7,2.07479786873,1.0
8,1,94,0.838230252266,1.75
8,1,94,1.00165402889,1.75
8,1,21,1.58656430244,1.75
8,1,21,1.40602135658,1.75
8,1,35,3.47404193878,3.0
8,1,35,3.17666196823,3.0
8,1,49,2.39388179779,2.25
8,1,49,2.06549334526,2.25
8,1,8,2.0552778244,1.0
8,1,8,1.72604966164,1.0
8,1,95,2.43091988564,2.25
8,1,95,2.0313603878,2.25
8,1,22,2.77320075035,3.5
8,1,22,2.40015292168,3.5
8,1,36,2.27897047997,3.75
8,1,36,1.96352243423,3.75
8,1,50,1.15273714066,1.0
8,1,50,1.32167375088,1.0
8,1,9,3.09394311905,2.0
8,1,9,2.81538581848,2.0
8,1,64,2.26229715347,1.25
8,1,64,1.91452121735,1.25
8,1,23,4.03147220612,3.25
8,1,23,3.73625469208,3.25
8,1,37,2.60076451302,1.75
8,1,37,2.1876449585,1.75
8,1,51,0.841162443161,1.0
8,1,51,0.746378421783,1.0
8,1,10,1.63040924072,1.75
8,1,10,1.94775056839,1.75
8,1,65,1.04683279991,2.0
8,1,65,1.13645803928,2.0
8,1,24,2.46460342407,3.75
8,1,24,2.12465119362,3.75
8,1,38,3.32524609566,2.25
8,1,38,3.04613399506,2.25
8,1,52,2.01710629463,1.25
8,1,52,1.68399429321,1.25
8,1,11,1.64415001869,2.0
8,1,11,1.88606452942,2.0
8,1,66,1.36386692524,2.25
8,1,66,1.19147086143,2.25
8,1,25,1.05014252663,2.5
8,1,25,1.15282440186,2.5
8,1,80,1.50886559486,1.75
8,1,80,1.39263057709,1.75
8,1,39,3.15836668015,3.0
8,1,39,2.96318626404,3.0
8,1,53,1.52159965038,2.25
8,1,53,1.71568441391,2.25
8,1,12,1.63749909401,1.0
8,1,12,1.89097881317,1.0
8,1,67,1.35790407658,2.25
8,1,67,1.11811161041,2.25
8,1,26,2.42826247215,2.75
8,1,26,2.09043169022,2.75
8,1,81,1.80151844025,2.25
8,1,81,1.42111349106,2.25
8,1,40,2.94612073898,1.75
8,1,40,2.60428714752,1.75
8,1,54,1.94013881683,3.0
8,1,54,1.58179831505,3.0
8,1,68,1.54946255684,1.5
8,1,68,1.84025979042,1.5
8,1,27,1.82020688057,2.0
8,1,27,1.44763028622,2.0
8,1,82,1.80021905899,1.75
8,1,82,1.42007362843,1.75
8,1,41,2.20593047142,1.5
8,1,41,2.39650297165,1.5
8,1,96,2.45704841614,2.5
8,1,96,2.09523534775,2.5
8,1,69,2.14673805237,2.5
8,1,69,1.6777176857,2.5
8,1,28,1.64438831806,1.0
8,1,28,1.78733634949,1.0
8,1,42,2.11334753036,3.5
8,1,42,1.75805211067,3.5
8,1,97,2.97915792465,2.25
8,1,97,2.6199016571,2.25
8,1,29,3.70527410507,3.25
8,1,29,3.34807062149,3.25
8,1,43,2.02656602859,1.75
8,1,43,1.6583340168,1.75
8,1,98,1.82612419128,0.75
8,1,98,2.14368247986,0.75
8,1,30,3.34804987907,2.5
8,1,30,3.10363101959,2.5
8,1,85,2.44280576706,2.0
8,1,85,2.16341805458,2.0
8,1,44,2.26984071732,3.25
8,1,44,2.00292015076,3.25
8,1,58,1.09600412846,1.0
8,1,58,0.799325942993,1.0
8,1,31,2.81494760513,1.25
8,1,31,2.91576528549,1.25
8,1,86,1.30797386169,1.25
8,1,86,1.26646602154,1.25
8,1,59,1.70206618309,1.5
8,1,59,2.05450248718,1.5
8,1,73,1.43437981606,2.75
8,1,73,1.51443696022,2.75
8,1,87,1.44962048531,1.0
8,1,87,1.16272711754,1.0
8,1,60,1.05570781231,2.5
8,1,60,1.09256482124,2.5
8,1,74,1.95899891853,2.5
8,1,74,1.92926096916,2.5
8,1,88,1.20035409927,2.25
8,1,88,1.30450761318,2.25
8,1,61,1.2846698761,2.75
8,1,61,1.03808116913,2.75
8,1,75,2.42465925217,3.0
8,1,75,2.13337230682,3.0
8,1,2,4.05560684204,2.75
8,1,2,3.68254780769,2.75
8,1,89,1.74353122711,3.5
8,1,89,1.37304389477,3.5
8,1,16,3.4318022728,2.75
8,1,16,3.03841876984,2.75
8,1,62,0.460729390383,1.5
8,1,62,0.257938534021,1.5
8,1,76,1.87418961525,1.0
8,1,76,1.48623502254,1.0
8,1,3,2.87744402885,2.5
8,1,3,2.44671678543,2.5
8,1,17,3.68429589272,3.25
8,1,17,3.26314330101,3.25
8,1,63,1.20578336716,1.0
8,1,63,1.10624289513,1.0
8,1,77,2.06971788406,3.25
8,1,77,1.74469089508,3.25
8,1,4,1.88667654991,1.75
8,1,4,2.00898838043,1.75
8,1,91,1.43427681923,2.75
8,1,91,1.56791210175,2.75
8,1,18,2.93400597572,3.75
8,1,18,2.69138503075,3.75
8,1,32,3.29193210602,2.75
8,1,32,3.00963234901,2.75
8,1,78,1.83503127098,2.75
8,1,78,1.92995691299,2.75
8,1,5,1.88003873825,2.0
8,1,5,1.49806475639,2.0
8,1,92,1.87561535835,1.5
8,1,92,1.48873591423,1.5
8,1,19,2.32227730751,2.25
8,1,19,1.94267296791,2.25
8,1,33,1.81726288795,1.75
8,1,33,1.4389936924,1.75
8,1,79,1.89185523987,2.0
8,1,79,1.6395059824,2.0
8,1,6,1.61208796501,1.5
8,1,6,1.91472625732,1.5
8,1,93,1.62448382378,1.75
8,1,93,1.96376466751,1.75
8,1,20,2.30120706558,2.5
8,1,20,1.95178627968,2.5
8,2,17,4.09992361069,3.5
8,2,17,4.09996700287,3.5
8,2,91,0.57219183445,2.25
8,2,91,0.571986913681,2.25
8,2,19,1.07952284813,2.0
8,2,19,1.0789706707,2.0
8,2,93,1.03300404549,4.25
8,2,93,1.03243911266,4.25
8,2,96,0.608747601509,2.0
8,2,96,0.608755588531,2.0
8,2,21,2.88874483109,2.25
8,2,21,2.88978075981,2.25
8,2,56,1.50010824203,2.0
8,2,56,1.50097024441,2.0
8,2,95,1.68481588364,2.0
8,2,95,1.68522191048,2.0
8,2,98,0.433704435825,3.0
8,2,98,0.433948785067,3.0
8,2,23,3.3611035347,2.5
8,2,23,3.36002206802,2.5
8,2,58,2.38348913193,3.0
8,2,58,2.38380455971,3.0
8,2,100,1.96765732765,3.25
8,2,100,1.96811962128,3.25
8,2,25,3.28454661369,2.75
8,2,25,3.28460836411,2.75
8,2,60,0.851857066154,3.5
8,2,60,0.851747274399,3.5
8,2,67,1.66251075268,1.625
8,2,67,1.66266345978,1.625
8,2,27,0.769753336906,4.0
8,2,27,0.77010601759,4.0
8,2,62,1.69373273849,1.75
8,2,62,1.69220304489,1.75
8,2,69,0.532306909561,3.5
8,2,69,0.532547473907,3.5
8,2,29,4.3814163208,4.75
8,2,29,4.3815369606,4.75
8,2,32,4.11489343643,4.0
8,2,32,4.1152882576,4.0
8,2,71,0.864471673965,2.0
8,2,71,0.86342227459,2.0
8,2,31,2.82132863998,2.75
8,2,31,2.8208360672,2.75
8,2,34,2.50664925575,3.5
8,2,34,2.50552892685,3.5
8,2,73,0.500181317329,3.5
8,2,73,0.500510454178,3.5
8,2,36,4.09600543976,3.75
8,2,36,4.09623527527,3.75
8,2,75,0.966526329517,4.0
8,2,75,0.966260612011,4.0
8,2,38,4.02013444901,3.75
8,2,38,4.02010059357,3.75
8,2,77,0.47725430131,4.75
8,2,77,0.476679027081,4.75
8,2,5,0.852479875088,3.75
8,2,5,0.853040933609,3.75
8,2,40,4.38405323029,2.0
8,2,40,4.38397216797,2.0
8,2,79,2.49483156204,4.0
8,2,79,2.49323487282,4.0
8,2,7,0.904349088669,1.5
8,2,7,0.904443204403,1.5
8,2,42,3.80739593506,3.5
8,2,42,3.80765867233,3.5
8,2,9,1.1077221632,2.0
8,2,9,1.10796928406,2.0
8,2,44,3.29084777832,3.25
8,2,44,3.29048585892,3.25
8,2,11,1.91471207142,3.0
8,2,11,1.91428971291,3.0
8,2,46,3.27525544167,3.25
8,2,46,3.27515101433,3.25
8,2,80,2.89021015167,3.25
8,2,80,2.88949918747,3.25
8,2,15,2.58831429482,2.25
8,2,15,2.58749341965,2.25
8,2,49,3.94756031036,4.0
8,2,49,3.94703531265,4.0
8,2,84,2.785820961,3.5
8,2,84,2.78474760056,3.5
8,2,86,1.05797064304,3.25
8,2,86,1.05772042274,3.25
8,2,88,2.73937630653,3.75
8,2,88,2.73909521103,3.75
8,2,16,4.53953123093,4.0
8,2,16,4.53948116302,4.0
8,2,55,1.73300647736,3.75
8,2,55,1.73144316673,3.75
8,2,90,0.901596844196,1.5
8,2,90,0.901957154274,1.5
8,2,97,2.98768138885,4.25
8,2,97,2.98770666122,4.25
8,2,18,3.27813506126,3.5
8,2,18,3.27877020836,3.5
8,2,57,3.39425849915,4.75
8,2,57,3.39463090897,4.75
8,2,92,2.62585520744,2.0
8,2,92,2.62638139725,2.0
8,2,99,1.39355754852,4.0
8,2,99,1.39440274239,4.0
8,2,20,4.39815092087,3.75
8,2,20,4.39815235138,3.75
8,2,59,2.14100980759,4.5
8,2,59,2.14064645767,4.5
8,2,94,0.6447006464,3.0
8,2,94,0.644618988037,3.0
8,2,101,1.76691877842,2.75
8,2,101,1.76748275757,2.75
8,2,22,3.75291872025,2.25
8,2,22,3.75301980972,2.25
8,2,61,2.33355951309,4.0
8,2,61,2.3325715065,4.0
8,2,64,2.56512546539,4.75
8,2,64,2.56514430046,4.75
8,2,24,1.79647529125,3.0
8,2,24,1.79706692696,3.0
8,2,63,3.13133096695,5.25
8,2,63,3.13162565231,5.25
8,2,26,0.97101277113,4.0
8,2,26,0.970923542976,4.0
8,2,33,0.842533826828,2.25
8,2,33,0.842147648335,2.25
8,2,68,1.51360666752,2.75
8,2,68,1.51361954212,2.75
8,2,28,0.860873103142,2.5
8,2,28,0.860844373703,2.5
8,2,35,4.06253814697,3.5
8,2,35,4.06218671799,3.5
8,2,70,1.61923241615,4.0
8,2,70,1.61851644516,4.0
8,2,30,3.92309832573,4.25
8,2,30,3.92340755463,4.25
8,2,37,4.10678291321,2.25
8,2,37,4.10650348663,2.25
8,2,72,0.889184236526,3.5
8,2,72,0.889602899551,3.5
8,2,39,4.17095756531,2.0
8,2,39,4.17100143433,2.0
8,2,74,0.741714596748,3.75
8,2,74,0.741124749184,3.75
8,2,41,1.76401662827,4.0
8,2,41,1.76394319534,4.0
8,2,76,2.69477391243,3.25
8,2,76,2.69521713257,3.25
8,2,4,0.48131981492,3.25
8,2,4,0.481114625931,3.25
8,2,43,0.811381697655,2.75
8,2,43,0.81214928627,2.75
8,2,78,0.573538541794,3.25
8,2,78,0.573928296566,3.25
8,2,6,0.723987102509,1.75
8,2,6,0.724632620811,1.75
8,2,45,4.27216053009,2.25
8,2,45,4.27197170258,2.25
8,2,8,3.13521432877,4.25
8,2,8,3.13485074043,4.25
8,2,47,0.791703104973,2.75
8,2,47,0.79161298275,2.75
8,2,10,1.19120359421,1.75
8,2,10,1.18984627724,1.75
8,2,83,0.739270329475,2.75
8,2,83,0.739311397076,2.75
8,2,85,1.07828557491,4.5
8,2,85,1.07933580875,4.5
8,2,48,3.59503316879,4.0
8,2,48,3.59434461594,4.0
8,2,87,2.45229959488,2.0
8,2,87,2.45223379135,2.0
8,2,50,4.22649860382,3.0
8,2,50,4.2266201973,3.0
8,2,89,3.55267238617,2.25
8,2,89,3.55350255966,2.25
9,1,81,2.19471335411,2.25
9,1,81,2.04989337921,2.25
9,1,27,3.11297130585,3.75
9,1,27,3.32517027855,3.75
9,1,83,2.73574638367,4.25
9,1,83,3.13108420372,4.25
9,1,29,2.03491353989,2.5
9,1,29,2.02741336823,2.5
9,1,32,1.96441590786,2.75
9,1,32,1.90901875496,2.75
9,1,85,3.63843369484,4.75
9,1,85,3.99050545692,4.75
9,1,31,3.17544603348,3.5
9,1,31,3.3048684597,3.5
9,1,34,1.67765700817,3.25
9,1,34,1.63015532494,3.25
9,1,87,1.8944773674,3.25
9,1,87,2.20117902756,3.25
9,1,36,2.2534570694,3.5
9,1,36,2.48339796066,3.5
9,1,89,1.96701383591,2.75
9,1,89,2.03114748001,2.75
9,1,3,3.62558937073,4.75
9,1,3,3.63317108154,4.75
9,1,38,2.11286878586,3.5
9,1,38,2.37539958954,3.5
9,1,91,1.80561709404,3.75
9,1,91,1.76421785355,3.75
9,1,5,3.00485801697,5.75
9,1,5,2.97704148293,5.75
9,1,40,2.16279220581,2.25
9,1,40,2.49751639366,2.25
9,1,93,2.77808094025,3.25
9,1,93,3.03722548485,3.25
9,1,96,1.62682986259,4.25
9,1,96,1.82382655144,4.25
9,1,7,3.44405317307,4.25
9,1,7,3.44867634773,4.25
9,1,42,2.85266923904,4.0
9,1,42,2.83049106598,4.0
9,1,95,2.15439772606,4.25
9,1,95,2.2736594677,4.25
9,1,98,1.9649310112,2.25
9,1,98,2.02969574928,2.25
9,1,65,1.80273592472,2.0
9,1,65,1.96950531006,2.0
9,1,100,2.38265943527,4.25
9,1,100,2.62571692467,4.25
9,1,67,2.04019284248,4.25
9,1,67,2.29042983055,4.25
9,1,102,1.83331882954,3.75
9,1,102,2.22049689293,3.75
9,1,69,2.21844053268,5.5
9,1,69,2.61521267891,5.5
9,1,104,1.29634356499,3.0
9,1,104,1.44571757317,3.0
9,1,106,1.76994991302,4.0
9,1,106,1.80650675297,4.0
9,1,73,1.99376654625,3.25
9,1,73,2.11777353287,3.25
9,1,51,2.93008613586,3.5
9,1,51,2.76508760452,3.5
9,1,75,2.2056491375,2.5
9,1,75,2.24658131599,2.5
9,1,110,2.12616205215,4.25
9,1,110,2.2751660347,4.25
9,1,53,2.11608123779,3.0
9,1,53,2.24176335335,3.0
9,1,77,1.92885184288,3.25
9,1,77,2.01316332817,3.25
9,1,16,1.9279589653,1.5
9,1,16,2.09501004219,1.5
9,1,55,2.33397769928,3.5
9,1,55,2.3892416954,3.5
9,1,79,2.07422685623,4.0
9,1,79,2.26179361343,4.0
9,1,18,3.0947406292,3.5
9,1,18,2.91661810875,3.5
9,1,20,2.47411060333,4.0
9,1,20,2.60057687759,4.0
9,1,59,1.76590943336,2.75
9,1,59,1.75180256367,2.75
9,1,22,1.95461678505,3.0
9,1,22,2.33191299438,3.0
9,1,61,1.46005249023,3.5
9,1,61,1.74071002007,3.5
9,1,24,1.87728357315,3.5
9,1,24,2.20732736588,3.5
9,1,63,0.761242926121,3.25
9,1,63,0.678240358829,3.25
9,1,80,1.93615472317,3.25
9,1,80,1.94638586044,3.25
9,1,26,2.37931013107,4.5
9,1,26,2.34928560257,4.5
9,1,33,2.87106513977,3.75
9,1,33,3.18565559387,3.75
9,1,82,2.21784329414,4.0
9,1,82,2.38580155373,4.0
9,1,28,2.32941150665,2.75
9,1,28,2.42008590698,2.75
9,1,35,2.1864335537,3.5
9,1,35,2.2977077961,3.5
9,1,84,2.43508911133,3.0
9,1,84,2.70888376236,3.0
9,1,30,1.97574806213,3.0
9,1,30,1.99251115322,3.0
9,1,37,2.4170229435,4.5
9,1,37,2.54808592796,4.5
9,1,86,2.23487329483,4.0
9,1,86,2.2508058548,4.0
9,1,39,2.08932924271,2.75
9,1,39,2.3139500618,2.75
9,1,88,1.52145159245,3.25
9,1,88,1.56553268433,3.25
9,1,2,3.00786590576,5.25
9,1,2,2.99263358116,5.25
9,1,41,3.05847787857,3.0
9,1,41,3.05224585533,3.0
9,1,90,1.36058783531,2.75
9,1,90,1.57183790207,2.75
9,1,97,2.58853673935,3.5
9,1,97,2.79175901413,3.5
9,1,4,3.84482240677,5.0
9,1,4,3.80701732635,5.0
9,1,92,1.80459260941,4.0
9,1,92,1.90559542179,4.0
9,1,99,1.55082535744,3.0
9,1,99,1.58729457855,3.0
9,1,6,2.33444809914,3.5
9,1,6,2.48629546165,3.5
9,1,94,2.22776246071,3.0
9,1,94,2.54171490669,3.0
9,1,101,1.66774868965,2.25
9,1,101,1.83597993851,2.25
9,1,8,3.09999990463,4.5
9,1,8,3.0940489769,4.5
9,1,64,2.44372987747,4.25
9,1,64,2.6987323761,4.25
9,1,103,2.45082163811,2.25
9,1,103,2.61761379242,2.25
9,1,66,2.53515720367,4.75
9,1,66,2.73735332489,4.75
9,1,105,2.58715510368,3.75
9,1,105,2.58089494705,3.75
9,1,12,2.41569328308,4.75
9,1,12,2.61112213135,4.75
9,1,68,1.71311092377,3.5
9,1,68,1.88279509544,3.5
9,1,107,1.94113433361,4.25
9,1,107,2.30894184113,4.25
9,1,72,1.37208509445,3.75
9,1,72,1.56165361404,3.75
9,1,111,2.74407458305,3.0
9,1,111,2.84071230888,3.0
9,1,50,2.9014685154,3.5
9,1,50,2.89111828804,3.5
9,1,74,2.20962357521,3.0
9,1,74,2.32905268669,3.0
9,1,17,2.65614318848,4.25
9,1,17,3.12970161438,4.25
9,1,52,2.23394727707,2.75
9,1,52,2.22634410858,2.75
9,1,76,1.78401875496,4.0
9,1,76,1.99284589291,4.0
9,1,19,2.69203209877,3.25
9,1,19,2.56051540375,3.25
9,1,54,1.36481547356,2.75
9,1,54,1.36773633957,2.75
9,1,78,1.6976262331,3.5
9,1,78,1.89047551155,3.5
9,1,21,1.91342139244,4.5
9,1,21,1.98302674294,4.5
9,1,56,1.96085321903,3.75
9,1,56,2.16697502136,3.75
9,1,23,2.18008136749,4.5
9,1,23,2.29076862335,4.5
9,1,25,2.383862257,3.5
9,1,25,2.39177560806,3.5
9,1,60,2.09099555016,4.0
9,1,60,2.31769943237,4.0
9,2,98,2.01594853401,4.5
9,2,98,2.10030770302,4.5
9,2,71,3.62301564217,5.25
9,2,71,3.75508832932,5.25
9,2,100,2.7997674942,5.75
9,2,100,2.97606444359,5.75
9,2,46,3.7083363533,4.75
9,2,46,3.43136000633,4.75
9,2,102,3.63480019569,3.75
9,2,102,4.0209236145,3.75
9,2,75,3.2239408493,3.75
9,2,75,3.5265173912,3.75
9,2,16,2.08763790131,2.75
9,2,16,2.29746055603,2.75
9,2,104,2.23168420792,3.25
9,2,104,2.33137512207,3.25
9,2,77,2.20173740387,4.25
9,2,77,2.34980201721,4.25
9,2,18,1.78247201443,4.25
9,2,18,2.02135419846,4.25
9,2,106,2.93317985535,5.25
9,2,106,2.8963804245,5.25
9,2,79,3.61548280716,5.25
9,2,79,3.94309902191,5.25
9,2,20,1.97100412846,3.0
9,2,20,2.1513569355,3.0
9,2,108,2.61456012726,4.25
9,2,108,2.84795999527,4.25
9,2,49,3.44521284103,5.25
9,2,49,3.59776973724,5.25
9,2,22,2.4308578968,3.0
9,2,22,2.582903862,3.0
9,2,110,1.52478837967,3.25
9,2,110,1.57566905022,3.25
9,2,51,3.54659748077,5.0
9,2,51,3.47928714752,5.0
9,2,24,1.65091431141,1.75
9,2,24,1.61232995987,1.75
9,2,80,2.69980740547,4.75
9,2,80,3.03167366982,4.75
9,2,53,1.48112416267,3.75
9,2,53,1.39494454861,3.75
9,2,26,1.62853312492,3.25
9,2,26,1.58361124992,3.25
9,2,82,2.45977687836,3.0
9,2,82,2.52296853065,3.0
9,2,55,2.5406293869,3.25
9,2,55,2.69996833801,3.25
9,2,28,2.73884630203,4.75
9,2,28,2.68207836151,4.75
9,2,84,2.34182453156,3.75
9,2,84,2.73399806023,3.75
9,2,30,2.52348279953,2.75
9,2,30,2.90493535995,2.75
9,2,113,2.61794257164,5.75
9,2,113,2.69103813171,5.75
9,2,86,2.63436627388,4.0
9,2,86,2.79093527794,4.0
9,2,88,2.54888129234,4.5
9,2,88,2.84328269958,4.5
9,2,2,3.35009622574,4.0
9,2,2,3.09819698334,4.0
9,2,90,2.27408432961,3.25
9,2,90,2.6375041008,3.25
9,2,63,2.32181620598,5.0
9,2,63,2.62526988983,5.0
9,2,4,2.29618477821,5.25
9,2,4,2.51958537102,5.25
9,2,92,2.513048172,4.25
9,2,92,2.67138266563,4.25
9,2,33,3.55208301544,3.0
9,2,33,3.34412479401,3.0
9,2,6,3.877430439,5.75
9,2,6,4.03898000717,5.75
9,2,94,1.64962613583,4.0
9,2,94,1.86991488934,4.0
9,2,35,2.11104035378,2.5
9,2,35,2.4981713295,2.5
9,2,8,2.2286529541,4.5
9,2,8,2.28709292412,4.5
9,2,64,1.71395123005,4.5
9,2,64,1.66388940811,4.5
9,2,37,2.40945982933,3.75
9,2,37,2.21009778976,3.75
9,2,10,3.12601137161,4.75
9,2,10,3.25126409531,4.75
9,2,66,3.26988363266,5.5
9,2,66,3.34819579124,5.5
9,2,39,2.23373937607,4.0
9,2,39,2.2409734726,4.0
9,2,12,2.8327922821,5.5
9,2,12,2.98992943764,5.5
9,2,68,2.95890307426,3.25
9,2,68,2.82634234428,3.25
9,2,41,2.99540472031,4.5
9,2,41,3.01825809479,4.5
9,2,97,1.67365372181,3.75
9,2,97,1.76686370373,3.75
9,2,70,2.99785089493,4.75
9,2,70,3.1802816391,4.75
9,2,99,2.96326160431,4.5
9,2,99,3.26976490021,4.5
9,2,45,1.69856381416,3.0
9,2,45,1.99937045574,3.0
9,2,101,2.27116370201,3.75
9,2,101,2.34030890465,3.75
9,2,74,2.74502968788,5.25
9,2,74,2.92979645729,5.25
9,2,47,1.96170473099,5.0
9,2,47,2.22244477272,5.0
9,2,103,2.43293642998,3.0
9,2,103,2.7599606514,3.0
9,2,76,2.43827199936,3.25
9,2,76,2.78771924973,3.25
9,2,17,2.34510850906,4.0
9,2,17,2.65244269371,4.0
9,2,105,2.90921926498,4.5
9,2,105,3.05981731415,4.5
9,2,78,2.92617082596,5.5
9,2,78,3.30419683456,5.5
9,2,19,2.10909318924,3.25
9,2,19,2.24665927887,3.25
9,2,107,1.89358329773,3.75
9,2,107,2.2297680378,3.75
9,2,48,3.26929283142,5.0
9,2,48,3.41327261925,5.0
9,2,21,1.89471411705,3.75
9,2,21,1.8972465992,3.75
9,2,109,2.02627706528,2.25
9,2,109,2.17883110046,2.25
9,2,50,2.39129972458,4.0
9,2,50,2.40766310692,4.0
9,2,23,1.67376255989,2.75
9,2,23,1.67652630806,2.75
9,2,111,2.12054920197,4.0
9,2,111,2.27730178833,4.0
9,2,52,0.167475193739,2.75
9,2,52,0.0825041383505,2.75
9,2,25,1.99443292618,5.75
9,2,25,1.96934056282,5.75
9,2,81,3.28799128532,4.75
9,2,81,3.57036161423,4.75
9,2,54,2.19785714149,5.5
9,2,54,2.16185522079,5.5
9,2,27,1.33721613884,3.25
9,2,27,1.32598388195,3.25
9,2,83,2.58197426796,4.0
9,2,83,2.8324303627,4.0
9,2,56,2.35637760162,5.0
9,2,56,2.51680421829,5.0
9,2,29,2.25526809692,3.0
9,2,29,2.50727057457,3.0
9,2,112,2.0313243866,4.5
9,2,112,1.94460690022,4.5
9,2,85,1.36537361145,4.75
9,2,85,1.51851224899,4.75
9,2,31,1.75725507736,2.75
9,2,31,1.73421788216,2.75
9,2,87,1.96123170853,3.25
9,2,87,2.11632204056,3.25
9,2,89,1.37687492371,2.75
9,2,89,1.48178648949,2.75
9,2,62,2.95750260353,4.0
9,2,62,3.26755619049,4.0
9,2,3,2.79684257507,4.5
9,2,3,2.87700343132,4.5
9,2,91,2.94560909271,4.25
9,2,91,3.27112579346,4.25
9,2,32,1.84306001663,2.25
9,2,32,1.88956642151,2.25
9,2,5,2.68841075897,5.5
9,2,5,2.80554413795,5.5
9,2,93,2.37158608437,4.5
9,2,93,2.72849225998,4.5
9,2,34,2.05324745178,2.5
9,2,34,2.27113986015,2.5
9,2,7,1.20745205879,5.25
9,2,7,1.08230137825,5.25
9,2,95,2.27778863907,5.0
9,2,95,2.45659732819,5.0
9,2,36,2.78198719025,4.75
9,2,36,3.17264342308,4.75
9,2,9,3.15618658066,5.75
9,2,9,3.33434915543,5.75
9,2,65,3.01060914993,4.75
9,2,65,3.05629277229,4.75
9,2,38,1.30123233795,2.0
9,2,38,1.27512645721,2.0
9,2,11,2.54236721992,4.5
9,2,11,2.88041162491,4.5
9,2,67,3.63397216797,4.25
9,2,67,3.60148668289,4.25
9,2,40,3.30813717842,3.25
9,2,40,3.18059563637,3.25
9,2,13,2.0411529541,3.75
9,2,13,2.00919365883,3.75
9,2,96,2.88129258156,3.0
9,2,96,3.28071880341,3.0
9,2,69,2.45167636871,3.25
9,2,69,2.43204307556,3.25
9,2,42,2.91545653343,3.25
9,2,42,3.01399278641,3.25
10,1,63,1.81167602539,4.25
10,1,63,1.83829832077,4.25
10,1,24,3.608907938,4.75
10,1,24,3.61163377762,4.75
10,1,80,2.80367565155,5.0
10,1,80,2.81064534187,5.0
10,1,61,3.76994371414,4.0
10,1,61,3.80061769485,4.0
10,1,6,2.3241751194,5.0
10,1,6,2.39074134827,5.0
10,1,94,1.91610121727,5.0
10,1,94,1.86301922798,5.0
10,1,4,2.84399724007,5.5
10,1,4,2.89554309845,5.5
10,1,92,3.2172396183,5.0
10,1,92,3.31796646118,5.0
10,1,57,2.20310091972,1.5
10,1,57,2.1895608902,1.5
10,1,90,3.24577665329,3.75
10,1,90,3.28902411461,3.75
10,1,39,1.65851593018,4.0
10,1,39,1.63649892807,4.0
10,1,88,3.70587229729,5.5
10,1,88,3.68498659134,5.5
10,1,37,3.8766503334,6.0
10,1,37,3.92557525635,6.0
10,1,14,2.89424872398,3.75
10,1,14,2.90551662445,3.75
10,1,35,1.02434968948,2.0
10,1,35,1.26837801933,2.0
10,1,12,3.71717190742,4.5
10,1,12,3.72969818115,4.5
10,1,68,3.87994003296,3.75
10,1,68,3.98055171967,3.75
10,1,33,2.28762435913,4.5
10,1,33,2.39530205727,4.5
10,1,10,2.76139688492,5.0
10,1,10,2.83493256569,5.0
10,1,66,2.89176058769,6.0
10,1,66,2.98176765442,6.0
10,1,47,2.68390464783,5.25
10,1,47,2.81080818176,5.25
10,1,8,3.02125406265,6.25
10,1,8,3.10297465324,6.25
10,1,103,2.2547147274,3.75
10,1,103,2.33037376404,3.75
10,1,64,1.86645054817,5.0
10,1,64,1.93288373947,5.0
10,1,45,2.32401180267,2.875
10,1,45,2.37570405006,2.875
10,1,101,2.74427223206,5.5
10,1,101,2.92718362808,5.5
10,1,78,3.01209688187,5.5
10,1,78,3.03401470184,5.5
10,1,43,3.14375829697,4.5
10,1,43,3.26489162445,4.5
10,1,99,3.10894536972,5.25
10,1,99,3.14062976837,5.25
10,1,76,3.33892464638,4.75
10,1,76,3.33842992783,4.75
10,1,41,2.01009225845,3.25
10,1,41,1.96494460106,3.25
10,1,97,2.20311665535,3.75
10,1,97,2.21135306358,3.75
10,1,74,2.41029143333,4.75
10,1,74,2.34196734428,4.75
10,1,72,3.12875676155,3.0
10,1,72,3.25773143768,3.0
10,1,21,2.61916399002,5.25
10,1,21,2.6892991066,5.25
10,1,54,1.23216211796,3.5
10,1,54,1.39952623844,3.5
10,1,107,3.04471111298,5.0
10,1,107,3.06980705261,5.0
10,1,52,3.11137461662,5.0
10,1,52,3.0649561882,5.0
10,1,105,2.28211474419,4.0
10,1,105,2.2648730278,4.0
10,1,50,4.01406478882,5.25
10,1,50,4.07576608658,5.25
10,1,31,2.77468538284,4.75
10,1,31,2.78265786171,4.75
10,1,87,3.57481741905,4.75
10,1,87,3.65802454948,4.75
10,1,48,4.14611768723,5.0
10,1,48,4.15793514252,5.0
10,1,29,3.50337696075,4.5
10,1,29,3.45728206635,4.5
10,1,85,2.64632844925,4.75
10,1,85,2.61308145523,4.75
10,1,62,2.05339193344,3.75
10,1,62,2.02996206284,3.75
10,1,27,3.03221988678,4.25
10,1,27,3.12394618988,4.25
10,1,83,2.90217924118,3.0
10,1,83,2.97125673294,3.0
10,1,25,3.23696088791,4.5
10,1,25,3.22008919716,4.5
10,1,81,2.08241343498,4.25
10,1,81,2.14475870132,4.25
10,1,7,3.52585363388,5.5
10,1,7,3.58757591248,5.5
10,1,95,3.34310770035,4.75
10,1,95,3.35743832588,4.75
10,1,56,2.25353479385,4.5
10,1,56,2.2614159584,4.5
10,1,5,2.04196429253,5.0
10,1,5,2.06440067291,5.0
10,1,93,2.99934434891,4.0
10,1,93,3.03868246078,4.0
10,1,38,1.8905775547,3.75
10,1,38,1.95709371567,3.75
10,1,91,3.62325239182,4.5
10,1,91,3.63296484947,4.5
10,1,36,3.53919553757,4.75
10,1,36,3.52786874771,4.75
10,1,89,3.39800071716,5.25
10,1,89,3.49251747131,5.25
10,1,34,1.42298388481,4.0
10,1,34,1.47659647465,4.0
10,1,32,3.29296731949,3.75
10,1,32,3.456138134,3.75
10,1,13,2.70261597633,4.25
10,1,13,2.7561507225,4.25
10,1,69,3.12631058693,4.5
10,1,69,3.0597910881,4.5
10,1,46,3.62383127213,5.0
10,1,46,3.69971108437,5.0
10,1,11,1.48511362076,4.0
10,1,11,1.65306448936,4.0
10,1,102,1.67523944378,5.0
10,1,102,1.63176333904,5.0
10,1,67,2.8691008091,5.25
10,1,67,2.81074547768,5.25
10,1,44,2.87722802162,4.5
10,1,44,3.01711273193,4.5
10,1,9,2.82944560051,5.5
10,1,9,2.97262525558,5.5
10,1,100,2.37045526505,4.0
10,1,100,2.4388127327,4.0
10,1,65,2.88718485832,5.75
10,1,65,2.7743396759,5.75
10,1,42,3.96864724159,5.25
10,1,42,4.03925943375,5.25
10,1,98,2.88733959198,4.5
10,1,98,2.87781834602,4.5
10,1,79,2.0301156044,4.5
10,1,79,2.1053378582,4.5
10,1,40,2.86227941513,4.5
10,1,40,2.89236354828,4.5
10,1,96,3.39569139481,4.5
10,1,96,3.4650015831,4.5
10,1,77,3.90677976608,4.5
10,1,77,3.85085821152,4.5
10,1,22,2.57477402687,4.5
10,1,22,2.56139588356,4.5
10,1,75,3.15143442154,4.5
10,1,75,3.14973521233,4.5
10,1,20,3.38238382339,5.0
10,1,20,3.36121559143,5.0
10,1,108,2.33262681961,5.0
10,1,108,2.39772129059,5.0
10,1,73,3.60760903358,4.25
10,1,73,3.59870123863,4.25
10,1,106,2.59795808792,2.0
10,1,106,2.60945916176,2.0
10,1,55,3.44798183441,5.25
10,1,55,3.41075849533,5.25
10,1,104,3.50197076797,4.5
10,1,104,3.47554731369,4.5
10,1,53,3.6515815258,5.25
10,1,53,3.77010345459,5.25
10,1,30,4.26965904236,5.5
10,1,30,4.22009134293,5.5
10,1,86,2.78060483932,4.0
10,1,86,2.95335388184,4.0
10,1,51,2.28438186646,5.5
10,1,51,2.29927062988,5.5
10,1,28,3.08021116257,4.75
10,1,28,3.04407334328,4.75
10,1,84,2.28094744682,2.75
10,1,84,2.3735909462,2.75
10,1,49,1.91323900223,4.0
10,1,49,2.0230691433,4.0
10,1,26,1.15057516098,2.375
10,1,26,1.43615794182,2.375
10,1,82,2.81931686401,4.5
10,1,82,2.8738193512,4.5
10,2,65,1.82097494602,5.0
10,2,65,1.85538005829,5.0
10,2,26,3.18808698654,3.5
10,2,26,3.15426635742,3.5
10,2,83,1.82839643955,4.25
10,2,83,1.7748388052,4.25
10,2,15,2.92403769493,5.75
10,2,15,3.01509690285,5.75
10,2,25,2.40252017975,4.25
10,2,25,2.48142051697,4.25
10,2,82,1.8105379343,5.25
10,2,82,1.81429791451,5.25
10,2,14,4.2939658165,5.25
10,2,14,4.35700654984,5.25
10,2,71,2.83795380592,4.0
10,2,71,2.83521485329,4.0
10,2,24,2.34150052071,3.5
10,2,24,2.28806090355,3.5
10,2,81,2.94057130814,5.25
10,2,81,2.96131253242,5.25
10,2,35,1.02778196335,2.75
10,2,35,0.997545361519,2.75
10,2,13,4.05282640457,5.25
10,2,13,4.11332273483,5.25
10,2,70,2.84988546371,4.66667
10,2,70,2.92536425591,4.66667
10,2,31,2.62533354759,3.25
10,2,31,2.70724201202,3.25
10,2,80,2.66936516762,4.5
10,2,80,2.79553818703,4.5
10,2,34,2.93218255043,5.0
10,2,34,3.00743198395,5.0
10,2,12,3.73937082291,4.25
10,2,12,3.75450754166,4.25
10,2,69,2.10626316071,5.25
10,2,69,2.18593883514,5.25
10,2,30,2.79365587234,5.75
10,2,30,2.84313583374,5.75
10,2,87,3.41419887543,5.5
10,2,87,3.40754365921,5.5
10,2,33,2.12321281433,4.75
10,2,33,2.16468095779,4.75
10,2,51,3.81723022461,5.5
10,2,51,3.82303833961,5.5
10,2,68,3.01800513268,4.75
10,2,68,2.99908947945,4.75
10,2,29,2.5235247612,5.0
10,2,29,2.54506039619,5.0
10,2,86,2.74512290955,4.5
10,2,86,2.77581763268,4.5
10,2,32,1.57253885269,1.75
10,2,32,1.83767843246,1.75
10,2,50,2.39377522469,4.0
10,2,50,2.60135936737,4.0
10,2,75,3.37037992477,4.5
10,2,75,3.43598771095,4.5
10,2,28,2.81073594093,4.5
10,2,28,2.82503437996,4.5
10,2,85,3.30791568756,5.25
10,2,85,3.33017706871,5.25
10,2,39,3.87320518494,5.25
10,2,39,3.87632608414,5.25
10,2,74,2.97360110283,4.75
10,2,74,2.96573615074,4.75
10,2,3,3.52433586121,3.75
10,2,3,3.57365012169,3.75
10,2,84,2.42569994926,4.0
10,2,84,2.33683180809,4.0
10,2,38,3.07840204239,4.75
10,2,38,3.0997338295,4.75
10,2,73,2.08919358253,5.5
10,2,73,2.20992183685,5.5
10,2,91,2.69840550423,4.25
10,2,91,2.79976892471,4.25
10,2,37,3.69584727287,5.0
10,2,37,3.69862556458,5.0
10,2,55,4.06821966171,3.75
10,2,55,4.01470661163,3.75
10,2,72,2.18133807182,6.25
10,2,72,2.19088077545,6.25
10,2,90,3.93548154831,4.25
10,2,90,3.92487072945,4.25
10,2,19,2.3768992424,4.5
10,2,19,2.496322155,4.5
10,2,36,2.87291884422,3.75
10,2,36,2.87687325478,3.75
10,2,54,3.04111242294,5.5
10,2,54,3.02990412712,5.5
10,2,79,2.66542720795,5.5
10,2,79,2.69650793076,5.5
10,2,89,3.34445047379,4.0
10,2,89,3.31819963455,4.0
10,2,43,3.43353748322,5.75
10,2,43,3.55350446701,5.75
10,2,53,3.91603660583,6.75
10,2,53,3.97800850868,6.75
10,2,78,3.49918460846,5.25
10,2,78,3.49857568741,5.25
10,2,7,3.45329427719,5.25
10,2,7,3.54131770134,5.25
10,2,88,3.2591176033,5.5
10,2,88,3.25333833694,5.5
10,2,42,3.59743595123,5.5
10,2,42,3.61733961105,5.5
10,2,52,3.38652086258,5.5
10,2,52,3.46697330475,5.5
10,2,77,2.05734705925,3.5
10,2,77,2.04271841049,3.5
10,2,6,3.26608562469,5.25
10,2,6,3.35059833527,5.25
10,2,95,2.60427236557,2.0
10,2,95,2.60254669189,2.0
10,2,41,3.98473358154,5.25
10,2,41,4.12915897369,5.25
10,2,76,2.23159694672,4.5
10,2,76,2.30253219604,4.5
10,2,5,3.18553090096,5.5
10,2,5,3.24646353722,5.5
10,2,94,1.74206471443,3.25
10,2,94,1.73932242393,3.25
10,2,23,3.32461118698,5.0
10,2,23,3.36048316956,5.0
10,2,40,1.94423532486,4.5
10,2,40,2.06691718102,4.5
10,2,97,2.62789916992,5.75
10,2,97,2.48636102676,5.75
10,2,58,3.49952173233,5.5
10,2,58,3.52580809593,5.5
10,2,4,3.38970088959,6.25
10,2,4,3.42979574203,6.25
10,2,93,1.74390256405,3.25
10,2,93,1.71755576134,3.25
10,2,22,2.65112638474,5.5
10,2,22,2.78328967094,5.5
10,2,47,3.78342103958,5.25
10,2,47,3.83824491501,5.25
10,2,96,3.52564144135,4.75
10,2,96,3.52490949631,4.75
10,2,11,3.07190608978,4.5
10,2,11,3.15399742126,4.5
10,2,92,2.13759088516,4.75
10,2,92,2.09053564072,4.75
10,2,21,2.97717428207,5.5
10,2,21,2.88052797318,5.5
10,2,46,1.87465047836,4.25
10,2,46,1.81983542442,4.25
10,2,56,3.34397435188,5.25
10,2,56,3.36094141006,5.25
10,2,10,2.28468942642,5.25
10,2,10,2.42910528183,5.25
10,2,67,2.92921185493,4.33333
10,2,67,2.95623922348,4.33333
10,2,20,2.76041054726,2.75
10,2,20,2.70903301239,2.75
10,2,45,1.22731471062,3.5
10,2,45,1.39356732368,3.5
10,2,9,2.2861135006,3.25
10,2,9,2.38679099083,3.25
10,2,66,1.55594468117,3.0
10,2,66,1.55589294434,3.0
10,2,27,2.56454491615,5.0
10,2,27,2.60916638374,5.0
10,2,44,3.00818824768,5.0
10,2,44,3.06434082985,5.0
10,2,8,3.98015975952,5.75
10,2,8,3.93980360031,5.75
11,1,5,4.63936758041,4.5
11,1,5,4.95377731323,4.5
11,1,94,4.3716583252,5.75
11,1,94,4.67722511292,5.75
11,1,23,5.03019618988,5.75
11,1,23,5.39951562881,5.75
11,1,32,4.74146461487,4.25
11,1,32,5.04863739014,4.25
11,1,50,2.44396686554,3.0
11,1,50,2.63087725639,3.0
11,1,75,2.85769057274,3.5
11,1,75,3.14977550507,3.5
11,1,4,4.19709062576,5.75
11,1,4,4.55476903915,5.75
11,1,93,4.10085821152,4.25
11,1,93,4.44441413879,4.25
11,1,22,4.3931427002,6.25
11,1,22,4.76671791077,6.25
11,1,47,2.97714805603,4.0
11,1,47,3.2435965538,4.0
11,1,49,2.66540193558,4.5
11,1,49,2.92937040329,4.5
11,1,74,3.50718784332,5.0
11,1,74,3.80180215836,5.0
11,1,92,3.73730134964,4.25
11,1,92,4.01976108551,4.25
11,1,21,4.26122713089,4.25
11,1,21,4.57600212097,4.25
11,1,46,2.15300178528,1.75
11,1,46,2.37966299057,1.75
11,1,48,2.15224075317,2.25
11,1,48,1.92557549477,2.25
11,1,73,4.61730575562,5.25
11,1,73,4.91513109207,5.25
11,1,91,4.06395483017,5.5
11,1,91,4.23720502853,5.5
11,1,20,4.65548086166,5.5
11,1,20,4.98510599136,5.5
11,1,63,4.00701618195,6.25
11,1,63,4.32019090652,6.25
11,1,72,3.92557191849,4.75
11,1,72,4.13946151733,4.75
11,1,90,4.3835849762,4.25
11,1,90,4.72027111053,4.25
11,1,19,4.91492938995,6.25
11,1,19,5.21701622009,6.25
11,1,62,3.31616735458,5.0
11,1,62,3.49473142624,5.0
11,1,89,4.37774896622,5.0
11,1,89,4.62283754349,5.0
11,1,15,4.22931098938,3.5
11,1,15,4.58407020569,3.5
11,1,88,4.44118070602,3.75
11,1,88,4.75468254089,3.75
11,1,99,4.66036844254,6.25
11,1,99,4.99942302704,6.25
11,1,14,4.37354898453,4.25
11,1,14,4.66319656372,4.25
11,1,71,3.82007980347,4.75
11,1,71,4.19253444672,4.75
11,1,98,3.54722261429,4.5
11,1,98,3.67026758194,4.5
11,1,13,4.54151153564,5.25
11,1,13,4.83700799942,5.25
11,1,70,3.23909521103,5.0
11,1,70,3.468562603,5.0
11,1,31,4.71559667587,5.5
11,1,31,5.05406141281,5.5
11,1,97,3.0170173645,3.75
11,1,97,3.23254919052,3.75
11,1,12,4.69130992889,5.5
11,1,12,5.03431129456,5.5
11,1,69,3.46038937569,4.0
11,1,69,3.84699511528,4.0
11,1,30,4.83777427673,4.25
11,1,30,5.18205595016,4.25
11,1,87,3.55153179169,2.75
11,1,87,3.80778312683,2.75
11,1,96,3.25530862808,4.75
11,1,96,3.50976467133,4.75
11,1,57,1.49562251568,2.5
11,1,57,1.31111776829,2.5
11,1,11,3.59730100632,4.5
11,1,11,3.85595369339,4.5
11,1,68,3.06808614731,4.25
11,1,68,3.35308456421,4.25
11,1,29,4.3028922081,5.5
11,1,29,4.62692022324,5.5
11,1,56,1.63624227047,2.25
11,1,56,1.93236756325,2.25
11,1,10,3.66608095169,4.66667
11,1,10,3.85780549049,4.66667
11,1,67,3.09395098686,6.25
11,1,67,3.34050893784,6.25
11,1,28,4.76290988922,4.5
11,1,28,5.10012388229,4.5
11,1,39,3.90776920319,5.0
11,1,39,4.21419906616,5.0
11,1,9,4.59076833725,4.0
11,1,9,4.97421646118,4.0
11,1,66,3.65047264099,3.25
11,1,66,3.91180324554,3.25
11,1,27,4.10361433029,4.5
11,1,27,4.39684581757,4.5
11,1,84,3.72671627998,3.5
11,1,84,4.07120847702,3.5
11,1,38,4.96571350098,4.5
11,1,38,5.34167671204,4.5
11,1,8,4.31814527512,4.25
11,1,8,4.64305019379,4.25
11,1,65,3.38819932938,4.25
11,1,65,3.79351758957,4.25
11,1,26,4.96300125122,4.0
11,1,26,5.2633600235,4.0
11,1,83,4.23067331314,3.5
11,1,83,4.57960414886,3.5
11,1,37,4.49004554749,3.75
11,1,37,4.59477949142,3.75
11,1,55,2.0741314888,4.0
11,1,55,2.40316987038,4.0
11,1,64,3.95903778076,5.0
11,1,64,4.1540184021,5.0
11,1,25,4.52723073959,5.0
11,1,25,4.86446762085,5.0
11,1,82,4.13128376007,4.5
11,1,82,4.48945093155,4.5
11,1,36,4.34618139267,5.0
11,1,36,4.68527364731,5.0
11,1,54,2.84299373627,2.5
11,1,54,3.17021179199,2.5
11,1,79,3.5280418396,4.5
11,1,79,3.79259347916,4.5
11,1,24,4.46591806412,3.25
11,1,24,4.58933830261,3.25
11,1,81,3.4299454689,4.5
11,1,81,3.58855175972,4.5
11,1,35,4.47833633423,4.5
11,1,35,4.7804017067,4.5
11,1,53,2.93531727791,5.25
11,1,53,3.1305603981,5.25
11,1,78,3.67702031136,5.0
11,1,78,3.9782948494,5.0
11,1,7,4.29695701599,4.25
11,1,7,4.63670873642,4.25
11,1,80,4.28725290298,6.0
11,1,80,4.5682349205,6.0
11,1,34,4.96025180817,4.5
11,1,34,5.2651758194,4.5
11,1,52,4.45432090759,4.25
11,1,52,4.82493972778,4.25
11,1,77,4.40962696075,6.0
11,1,77,4.58521938324,6.0
11,1,6,3.9986243248,5.0
11,1,6,4.23474884033,5.0
11,1,95,3.77126169205,4.25
11,1,95,4.07021141052,4.25
11,1,33,4.70325469971,5.0
11,1,33,5.04489660263,5.0
11,1,51,3.80647277832,4.75
11,1,51,4.11483764648,4.75
11,1,76,4.16092205048,4.0
11,1,76,4.45110321045,4.0
11,2,84,3.21223831177,4.75
11,2,84,2.87179422379,4.75
11,2,28,3.00938200951,4.5
11,2,28,3.14186739922,4.5
11,2,74,1.97815167904,4.25
11,2,74,1.90721476078,4.25
11,2,18,3.7698559761,4.0
11,2,18,3.99686264992,4.0
11,2,72,2.12651586533,4.25
11,2,72,1.98327636719,4.25
11,2,63,1.54589045048,2.75
11,2,63,1.51358437538,2.75
11,2,78,3.76872611046,5.5
11,2,78,3.67920637131,5.5
11,2,61,2.23716473579,3.25
11,2,61,2.17644786835,3.25
11,2,22,2.58327746391,3.75
11,2,22,2.41248059273,3.75
11,2,76,3.75216960907,5.5
11,2,76,3.63058423996,5.5
11,2,51,4.36344528198,4.5
11,2,51,4.0716381073,4.5
11,2,20,3.98131084442,4.75
11,2,20,3.62283611298,4.75
11,2,105,3.8542714119,4.5
11,2,105,3.67463302612,4.5
11,2,66,1.4738214016,1.75
11,2,66,1.37401759624,1.75
11,2,49,2.73782229424,2.75
11,2,49,2.61963653564,2.75
11,2,10,2.80301451683,4.75
11,2,10,2.7515809536,4.75
11,2,111,3.88009428978,4.5
11,2,111,3.56183576584,4.5
11,2,64,3.14836549759,4.25
11,2,64,3.21604824066,4.25
11,2,55,3.1231098175,4.5
11,2,55,3.05387735367,4.5
11,2,8,3.61192083359,5.0
11,2,8,3.30196475983,5.0
11,2,109,3.83973789215,4.75
11,2,109,3.66744852066,4.75
11,2,53,2.80218195915,4.5
11,2,53,2.70482993126,4.5
11,2,99,4.06631183624,5.5
11,2,99,3.84732413292,5.5
11,2,68,2.91721391678,4.0
11,2,68,2.99724555016,4.0
11,2,43,3.39083504677,5.25
11,2,43,3.03066539764,5.25
11,2,12,2.96940374374,2.25
11,2,12,3.11908507347,2.25
11,2,97,2.20324683189,3.75
11,2,97,2.00634288788,3.75
11,2,41,2.69192409515,4.75
11,2,41,2.52794027328,4.75
11,2,103,4.00042724609,5.25
11,2,103,3.72821974754,5.25
11,2,47,3.49769592285,4.0
11,2,47,3.39155316353,4.0
11,2,101,2.72367858887,4.75
11,2,101,2.72342324257,4.75
11,2,45,1.88371229172,4.25
11,2,45,1.88539290428,4.25
11,2,6,3.68139839172,5.5
11,2,6,3.34671401978,5.5
11,2,91,2.54598593712,4.5
11,2,91,2.28395342827,4.5
11,2,35,2.95333480835,3.75
11,2,35,2.94857168198,3.75
11,2,4,2.80806088448,4.0
11,2,4,2.61485862732,4.0
11,2,89,3.93953895569,4.75
11,2,89,3.5105676651,4.75
11,2,33,3.00232601166,4.25
11,2,33,2.71327924728,4.25
11,2,95,2.82929968834,4.0
11,2,95,2.53286314011,4.0
11,2,39,2.36073541641,4.5
11,2,39,2.44589972496,4.5
11,2,93,3.35055065155,5.0
11,2,93,3.09785342216,5.0
11,2,37,3.2519030571,5.0
11,2,37,3.21339225769,5.0
11,2,83,3.717492342,4.0
11,2,83,3.49982213974,4.0
11,2,27,3.75043821335,5.5
11,2,27,3.57792162895,5.5
11,2,81,1.37460541725,3.0
11,2,81,1.2607588768,3.0
11,2,25,3.45042133331,5.0
11,2,25,3.21088075638,5.0
11,2,87,3.9966468811,4.25
11,2,87,3.83049631119,4.25
11,2,31,4.31837701797,5.0
11,2,31,4.12913608551,5.0
11,2,85,2.74271535873,5.0
11,2,85,2.5455031395,5.0
11,2,56,2.22847175598,4.75
11,2,56,2.28434181213,4.75
11,2,29,2.91455459595,4.75
11,2,29,2.77952861786,4.75
11,2,75,2.01539945602,2.5
11,2,75,2.09646010399,2.5
11,2,62,1.19244539738,1.75
11,2,62,0.552357316017,1.75
11,2,19,2.42596054077,5.25
11,2,19,2.54305958748,5.25
11,2,73,2.40908503532,4.25
11,2,73,2.12116241455,4.25
11,2,60,1.57968854904,2.5
11,2,60,1.08691096306,2.5
11,2,17,2.03429365158,3.75
11,2,17,2.18820953369,3.75
11,2,106,3.35481452942,3.0
11,2,106,2.9425573349,3.0
11,2,79,2.83452296257,4.25
11,2,79,2.53862094879,4.25
11,2,50,3.83168292046,4.25
11,2,50,3.6754693985,4.25
11,2,23,2.98001408577,5.75
11,2,23,2.83640027046,5.75
11,2,104,3.77339744568,6.0
11,2,104,3.61211657524,6.0
11,2,77,3.4053504467,4.5
11,2,77,3.28163146973,4.5
11,2,48,3.47421526909,6.5
11,2,48,3.46753787994,6.5
11,2,21,4.06340503693,6.25
11,2,21,4.1139755249,6.25
11,2,110,4.50068759918,4.75
11,2,110,4.18032550812,4.75
11,2,67,2.84172153473,4.75
11,2,67,2.8634223938,4.75
11,2,54,3.06142282486,3.75
11,2,54,2.61206007004,3.75
11,2,11,2.20996689796,2.5
11,2,11,1.55906653404,2.5
11,2,65,2.43145537376,2.5
11,2,65,2.32855463028,2.5
11,2,52,4.03124284744,5.0
11,2,52,4.09103107452,5.0
11,2,9,3.59157514572,3.5
11,2,9,3.33066797256,3.5
11,2,98,2.45507121086,5.0
11,2,98,2.33565068245,5.0
11,2,42,3.76053214073,4.75
11,2,42,3.44993591309,4.75
11,2,96,2.78602218628,5.0
11,2,96,2.69402456284,5.0
11,2,69,3.10335063934,3.25
11,2,69,3.05603122711,3.25
11,2,40,3.50266170502,4.25
11,2,40,3.29165458679,4.25
11,2,102,3.63111805916,3.75
11,2,102,3.31661438942,3.75
11,2,46,2.75123643875,4.25
11,2,46,2.88082814217,4.25
11,2,3,2.57281136513,5.0
11,2,3,2.32605719566,5.0
11,2,100,3.84770441055,4.5
11,2,100,3.59034156799,4.5
11,2,44,4.41321849823,5.5
11,2,44,4.35246753693,5.5
11,2,90,3.64550328255,3.25
11,2,90,3.43154335022,3.25
11,2,34,3.23844528198,6.5
11,2,34,3.38548231125,6.5
11,2,7,2.03027296066,0.75
11,2,7,2.0738837719,0.75
11,2,88,2.34519505501,5.0
11,2,88,2.18855905533,5.0
11,2,32,2.45134782791,5.25
11,2,32,2.48734354973,5.25
11,2,5,2.14638566971,2.25
11,2,5,2.06359958649,2.25
11,2,94,2.51020097733,4.25
11,2,94,2.32940483093,4.25
11,2,38,1.96144390106,4.25
11,2,38,2.03529047966,4.25
11,2,92,3.85476493835,5.5
11,2,92,3.51355314255,5.5
11,2,36,3.87417173386,4.25
11,2,36,3.6958565712,4.25
11,2,82,1.79610037804,4.75
11,2,82,1.71788644791,4.75
11,2,26,2.20198345184,3.5
11,2,26,2.09138822556,3.5
11,2,80,2.45492172241,3.75
11,2,80,2.30588769913,3.75
11,2,24,3.09090423584,5.0
11,2,24,2.94174551964,5.0
11,2,86,3.19618225098,5.75
11,2,86,3.38979768753,5.75
11,2,30,2.45168232918,4.0
11,2,30,2.2984919548,4.0
12,1,60,2.57629656792,3.75
12,1,60,2.68878221512,3.75
12,1,25,3.06791210175,5.75
12,1,25,2.73541355133,5.75
12,1,83,4.03000211716,5.5
12,1,83,4.11009740829,5.5
12,1,62,0.480974256992,2.5
12,1,62,0.588766932487,2.5
12,1,27,3.06345319748,4.5
12,1,27,3.11405611038,4.5
12,1,77,2.37928628922,4.75
12,1,77,2.4916305542,4.75
12,1,21,4.19600009918,4.5
12,1,21,4.27806949615,4.5
12,1,79,3.21256613731,4.25
12,1,79,3.18034815788,4.25
12,1,23,3.00843572617,3.5
12,1,23,2.63372039795,3.5
12,1,108,3.13483667374,3.25
12,1,108,3.2957983017,3.25
12,1,73,3.61681127548,4.25
12,1,73,3.61640262604,4.25
12,1,17,3.94795060158,5.0
12,1,17,3.91006183624,5.0
12,1,110,2.7862765789,5.0
12,1,110,2.7057800293,5.0
12,1,75,3.87863063812,5.25
12,1,75,3.99357819557,5.25
12,1,54,3.32304477692,4.75
12,1,54,3.44411468506,4.75
12,1,19,3.82680749893,3.75
12,1,19,3.97667813301,3.75
12,1,104,1.75818014145,2.5
12,1,104,1.78026461601,2.5
12,1,69,3.41470861435,3.75
12,1,69,3.34841823578,3.75
12,1,48,3.78854846954,4.5
12,1,48,3.84209918976,4.5
12,1,106,0.96063387394,1.25
12,1,106,1.02058887482,1.25
12,1,100,2.46289229393,2.75
12,1,100,2.42712950706,2.75
12,1,65,2.03256058693,4.5
12,1,65,1.99899148941,4.5
12,1,44,3.99472117424,5.5
12,1,44,4.07026481628,5.5
12,1,9,4.47880315781,4.75
12,1,9,4.61524868011,4.75
12,1,102,3.14516735077,4.5
12,1,102,3.16189050674,4.5
12,1,67,1.30857527256,2.75
12,1,67,1.32422757149,2.75
12,1,46,3.12638664246,3.5
12,1,46,2.86821317673,3.5
12,1,11,3.75769543648,5.0
12,1,11,3.64921116829,5.0
12,1,96,3.14290142059,3.25
12,1,96,3.19636702538,3.25
12,1,40,3.15980195999,4.25
12,1,40,3.17121601105,4.25
12,1,5,4.09878015518,6.0
12,1,5,4.20955038071,6.0
12,1,98,3.43386483192,3.75
12,1,98,3.47527885437,3.75
12,1,42,3.66242074966,4.25
12,1,42,3.58245205879,4.25
12,1,7,4.14076900482,6.25
12,1,7,4.25602722168,6.25
12,1,92,2.58385515213,3.25
12,1,92,2.66799330711,3.25
12,1,36,3.04649090767,5.0
12,1,36,3.08903884888,5.0
12,1,38,3.53493618965,5.5
12,1,38,3.47211074829,5.5
12,1,3,3.89622497559,6.0
12,1,3,3.99541139603,6.0
12,1,88,3.29040002823,4.5
12,1,88,3.37428760529,4.5
12,1,32,2.80409479141,5.25
12,1,32,2.81350255013,5.25
12,1,90,2.67342829704,4.0
12,1,90,2.71867060661,4.0
12,1,34,3.01029729843,5.5
12,1,34,3.05784058571,5.5
12,1,84,4.26782274246,4.5
12,1,84,4.29918813705,4.5
12,1,28,2.59872484207,5.0
12,1,28,2.42833781242,5.0
12,1,86,2.44405293465,3.0
12,1,86,2.52696180344,3.0
12,1,30,2.62519955635,4.0
12,1,30,2.49200344086,4.0
12,1,80,2.20165395737,4.0
12,1,80,2.29464864731,4.0
12,1,24,2.89072227478,5.25
12,1,24,2.52445220947,5.25
12,1,82,3.66622877121,4.0
12,1,82,3.79007649422,4.0
12,1,61,2.15848493576,4.0
12,1,61,2.18142724037,4.0
12,1,26,3.92148256302,5.0
12,1,26,3.99444150925,5.0
12,1,76,3.78038930893,4.0
12,1,76,3.81980037689,4.0
12,1,63,1.55301833153,3.0
12,1,63,1.5788834095,3.0
12,1,20,3.84268069267,4.75
12,1,20,3.87131118774,4.75
12,1,78,3.95952558517,6.0
12,1,78,4.0102891922,6.0
12,1,22,3.4467086792,4.5
12,1,22,3.61451339722,4.5
12,1,72,3.09775781631,3.25
12,1,72,3.14500880241,3.25
12,1,16,2.86849212646,5.25
12,1,16,2.71696829796,5.25
12,1,109,3.03178310394,3.5
12,1,109,3.07167434692,3.5
12,1,74,3.61580991745,5.0
12,1,74,3.72117733955,5.0
12,1,53,2.99865865707,4.5
12,1,53,3.01345491409,4.5
12,1,18,2.98694205284,4.25
12,1,18,2.66899132729,4.25
12,1,111,2.62583827972,2.75
12,1,111,2.8447368145,2.75
12,1,68,3.51030731201,4.25
12,1,68,3.42655205727,4.25
12,1,55,3.66089558601,5.0
12,1,55,3.42483854294,5.0
12,1,12,4.10049438477,5.75
12,1,12,4.11780357361,5.75
12,1,105,2.27387547493,3.25
12,1,105,2.29913759232,3.25
12,1,49,2.75516176224,4.75
12,1,49,2.78533530235,4.75
12,1,107,2.99351835251,4.5
12,1,107,2.83291602135,4.5
12,1,64,3.38201379776,4.0
12,1,64,3.32376980782,4.0
12,1,8,4.63988828659,5.25
12,1,8,4.78645133972,5.25
12,1,101,1.72761404514,3.25
12,1,101,1.79921889305,3.25
12,1,66,1.95175766945,3.0
12,1,66,2.04052901268,3.0
12,1,45,3.38214898109,5.0
12,1,45,3.35328483582,5.0
12,1,10,4.29467391968,5.25
12,1,10,4.39176607132,5.25
12,1,103,3.10594367981,4.5
12,1,103,3.16396164894,4.5
12,1,47,3.05268788338,5.5
12,1,47,2.95550298691,5.5
12,1,4,3.94144964218,6.25
12,1,4,4.07458162308,6.25
12,1,97,2.41913819313,4.25
12,1,97,2.57799530029,4.25
12,1,41,3.06135988235,3.75
12,1,41,3.13243150711,3.75
12,1,6,4.11531448364,5.0
12,1,6,4.18882989883,5.0
12,1,99,1.39835500717,1.75
12,1,99,1.41989898682,1.75
12,1,43,3.67790746689,4.75
12,1,43,3.69138002396,4.75
12,1,93,2.63788104057,3.75
12,1,93,2.68741583824,3.75
12,1,37,3.42528915405,4.5
12,1,37,3.47188949585,4.5
12,1,2,4.13027715683,6.5
12,1,2,4.19774580002,6.5
12,1,39,3.43967986107,5.75
12,1,39,3.49438905716,5.75
12,1,89,2.54655265808,3.5
12,1,89,2.63017606735,3.5
12,1,33,2.44224262238,4.25
12,1,33,2.45332074165,4.25
12,1,91,3.60381984711,4.5
12,1,91,3.63868761063,4.5
12,1,35,2.90959072113,4.0
12,1,35,2.65747404099,4.0
12,1,85,4.27321958542,4.75
12,1,85,4.33695983887,4.75
12,1,29,1.47748708725,2.75
12,1,29,1.45125675201,2.75
12,1,87,3.2771897316,5.0
12,1,87,3.42544412613,5.0
12,1,31,3.74448633194,5.0
12,1,31,3.75884985924,5.0
12,1,81,2.49817419052,4.0
12,1,81,2.60257148743,4.0
12,2,14,1.8463050127,4.25
12,2,14,2.39034795761,4.25
12,2,37,3.03840279579,3.5
12,2,37,2.98726916313,3.5
12,2,64,-0.466883122921,1.5
12,2,64,0.316022932529,1.5
12,2,8,2.66254281998,4.0
12,2,8,2.79688644409,4.0
12,2,39,1.07630634308,2.0
12,2,39,1.28447687626,2.0
12,2,66,1.1034257412,1.0
12,2,66,1.03717207909,1.0
12,2,10,3.11472654343,4.25
12,2,10,2.99895095825,4.25
12,2,33,3.20523643494,3.75
12,2,33,3.19806289673,3.75
12,2,4,2.63897228241,4.0
12,2,4,2.54398989677,4.0
12,2,35,2.38898181915,3.0
12,2,35,2.46423506737,3.0
12,2,6,2.92638134956,3.5
12,2,6,3.02584171295,3.5
12,2,93,2.90012407303,5.0
12,2,93,3.00312662125,5.0
12,2,95,2.36997318268,4.75
12,2,95,2.40714144707,4.75
12,2,89,2.58643436432,3.75
12,2,89,2.70107626915,3.75
12,2,116,2.67868256569,3.0
12,2,116,2.67376828194,3.0
12,2,91,3.05460906029,4.5
12,2,91,3.0599398613,4.5
12,2,62,-0.0700327306986,1.75
12,2,62,0.798647224903,1.75
12,2,85,2.61620616913,4.75
12,2,85,2.61318349838,4.75
12,2,112,3.58101725578,3.75
12,2,112,3.54987430573,3.75
12,2,29,2.8671643734,3.0
12,2,29,2.92410230637,3.0
12,2,56,3.51250433922,5.0
12,2,56,3.5136141777,5.0
12,2,87,2.98203754425,4.75
12,2,87,3.03226518631,4.75
12,2,114,2.50427961349,3.5
12,2,114,2.5271832943,3.5
12,2,31,2.37624621391,4.75
12,2,31,2.35876846313,4.75
12,2,58,3.22931575775,3.75
12,2,58,3.24784946442,3.75
12,2,81,3.71822357178,5.5
12,2,81,3.6636505127,5.5
12,2,108,1.34214198589,2.0
12,2,108,1.34772932529,2.0
12,2,25,3.08942556381,4.75
12,2,25,3.05007863045,4.75
12,2,52,3.13987970352,4.75
12,2,52,3.26915121078,4.75
12,2,83,2.0544962883,3.75
12,2,83,2.12694311142,3.75
12,2,110,0.888309180737,2.25
12,2,110,1.10949993134,2.25
12,2,27,3.08287191391,4.5
12,2,27,3.03306055069,4.5
12,2,54,3.14704012871,4.5
12,2,54,3.08343791962,4.5
12,2,77,3.06291341782,5.0
12,2,77,2.99736595154,5.0
12,2,104,2.3494052887,2.0
12,2,104,2.37199449539,2.0
12,2,21,2.54111719131,3.75
12,2,21,2.50106954575,3.75
12,2,48,3.73053836823,4.5
12,2,48,3.83076620102,4.5
12,2,79,2.9727241993,3.75
12,2,79,2.94921183586,3.75
12,2,106,1.73941779137,3.5
12,2,106,1.89471650124,3.5
12,2,23,3.24336194992,5.25
12,2,23,3.21519994736,5.25
12,2,50,3.83613038063,4.75
12,2,50,3.82346320152,4.75
12,2,73,-0.086200773716,2.0
12,2,73,0.837941288948,2.0
12,2,100,1.67699742317,2.5
12,2,100,1.86757159233,2.5
12,2,44,2.96148991585,3.75
12,2,44,2.91737890244,3.75
12,2,102,1.40069532394,1.75
12,2,102,1.36969637871,1.75
12,2,19,3.16172575951,4.5
12,2,19,3.20409965515,4.5
12,2,46,3.55772781372,4.25
12,2,46,3.4045124054,4.25
12,2,69,-0.410905838013,2.25
12,2,69,0.362887084484,2.25
12,2,96,3.14976811409,4.75
12,2,96,3.12643575668,4.75
12,2,13,0.636840999126,3.5
12,2,13,1.60660290718,3.5
12,2,40,3.92369771004,3.5
12,2,40,3.86312127113,3.5
12,2,71,-0.104746878147,1.5
12,2,71,0.871764421463,1.5
12,2,98,3.02780127525,2.75
12,2,98,3.11216139793,2.75
12,2,42,3.52427864075,3.5
12,2,42,3.46991491318,3.5
12,2,65,-0.358288288116,2.25
12,2,65,0.28819334507,2.25
12,2,9,1.43660330772,4.0
12,2,9,1.5324972868,4.0
12,2,36,1.41171824932,5.75
12,2,36,1.54473245144,5.75
12,2,67,0.225621297956,3.0
12,2,67,0.804321706295,3.0
12,2,11,1.97405612469,5.0
12,2,11,2.08132362366,5.0
12,2,5,2.57587695122,5.25
12,2,5,2.72883939743,5.25
12,2,32,2.85846543312,3.25
12,2,32,2.84819102287,3.25
12,2,7,2.60424160957,5.0
12,2,7,2.71751976013,5.0
12,2,34,3.47937226295,4.25
12,2,34,3.44386768341,4.25
12,2,92,3.12995624542,3.5
12,2,92,3.19079375267,3.5
12,2,3,0.956009924412,3.75
12,2,3,0.965661227703,3.75
12,2,94,1.50111413002,2.5
12,2,94,1.70734024048,2.5
12,2,88,2.53135681152,5.0
12,2,88,2.5386595726,5.0
12,2,90,2.55078721046,3.25
12,2,90,2.60612010956,3.25
12,2,113,3.29182052612,3.25
12,2,113,3.32262229919,3.25
12,2,57,4.52858066559,4.75
12,2,57,4.45963573456,4.75
12,2,84,2.44653391838,4.25
12,2,84,2.44967603683,4.25
12,2,115,2.63232517242,2.75
12,2,115,2.67719268799,2.75
12,2,28,2.53578090668,4.75
12,2,28,2.59115576744,4.75
12,2,59,3.60151076317,5.0
12,2,59,3.54026055336,5.0
12,2,86,1.90870535374,4.0
12,2,86,1.92803859711,4.0
12,2,109,1.81206798553,3.25
12,2,109,1.85028266907,3.25
12,2,30,3.35726666451,4.5
12,2,30,3.4248239994,4.5
12,2,53,3.85925674438,3.75
12,2,53,3.80127954483,3.75
12,2,80,3.21501159668,5.25
12,2,80,3.14313983917,5.25
12,2,111,3.35490489006,4.0
12,2,111,3.34181880951,4.0
12,2,24,3.20933246613,4.25
12,2,24,3.29969596863,4.25
12,2,55,4.08333301544,4.5
12,2,55,4.04760360718,4.5
12,2,82,1.57728374004,2.5
12,2,82,1.6149841547,2.5
12,2,105,3.6200876236,4.0
12,2,105,3.65799617767,4.0
12,2,26,3.07441186905,2.75
12,2,26,3.05543518066,2.75
12,2,49,4.04549121857,5.25
12,2,49,4.00751399994,5.25
12,2,107,2.2531709671,2.25
12,2,107,2.2903380394,2.25
12,2,20,3.77548933029,4.0
12,2,20,3.75099515915,4.0
12,2,51,1.65306472778,3.0
12,2,51,1.60292935371,3.0
12,2,78,3.0217590332,4.0
12,2,78,3.02467441559,4.0
12,2,101,2.88789224625,3.0
12,2,101,3.05690145493,3.0
12,2,22,3.94975233078,5.0
12,2,22,3.96060562134,5.0
12,2,45,3.54451990128,4.0
12,2,45,3.45060753822,4.0
12,2,103,2.45582771301,2.5
12,2,103,2.66956615448,2.5
12,2,47,3.03130531311,4.75
12,2,47,3.16932058334,4.75
12,2,97,2.30408835411,1.5
12,2,97,2.32770848274,1.5
12,2,41,3.50924396515,5.25
12,2,41,3.46803832054,5.25
12,2,68,-0.3687453866,2.0
12,2,68,0.509276688099,2.0
12,2,99,2.18247151375,3.25
12,2,99,2.18872499466,3.25
12,2,12,1.93781554699,5.25
12,2,12,2.63242888451,5.25
12,2,43,4.14537811279,4.5
12,2,43,4.2874622345,4.5
12,2,70,-0.733123779297,1.25
12,2,70,0.00948951300234,1.25
16,2,107,3.10469436646,3.25
16,2,107,3.46774792671,3.25
16,2,78,3.00958585739,4.25
16,2,78,2.76724290848,4.25
16,2,37,2.75918769836,4.5
16,2,37,2.55029320717,4.5
16,2,109,2.56840157509,4.5
16,2,109,2.51500511169,4.5
16,2,39,3.53375148773,2.25
16,2,39,3.34801912308,2.25
16,2,111,2.96196317673,3.5
16,2,111,2.87626194954,3.5
16,2,66,4.11801147461,5.75
16,2,66,3.74572563171,5.75
16,2,25,3.03778457642,3.0
16,2,25,2.94950485229,3.0
16,2,97,3.39400053024,2.75
16,2,97,3.1227221489,2.75
16,2,68,2.87646007538,1.25
16,2,68,2.64903759956,1.25
16,2,27,3.36256527901,4.25
16,2,27,3.7617816925,4.25
16,2,99,2.51751327515,3.25
16,2,99,2.92435455322,3.25
16,2,70,1.59961271286,1.75
16,2,70,1.78831911087,1.75
16,2,29,3.82238292694,2.0
16,2,29,3.62697458267,2.0
16,2,101,3.91426944733,5.0
16,2,101,3.7408041954,5.0
16,2,56,3.55962967873,4.75
16,2,56,3.38598823547,4.75
16,2,31,2.47863101959,2.0
16,2,31,2.3520731926,2.0
16,2,103,2.824021101,3.25
16,2,103,2.74077582359,3.25
16,2,58,3.44962334633,2.25
16,2,58,3.33225345612,2.25
16,2,89,3.3049826622,1.75
16,2,89,3.1015856266,1.75
16,2,60,3.51399993896,3.0
16,2,60,3.3289296627,3.0
16,2,91,2.42396640778,3.25
16,2,91,2.3378636837,3.25
16,2,21,3.96680116653,3.75
16,2,21,3.67284965515,3.75
16,2,93,4.04720544815,4.0
16,2,93,3.83153867722,4.0
16,2,48,3.65912818909,3.25
16,2,48,3.53542232513,3.25
16,2,23,3.62428474426,2.5
16,2,23,3.45613050461,2.5
16,2,95,3.33579039574,3.5
16,2,95,3.56712985039,3.5
16,2,50,2.79939699173,2.25
16,2,50,2.64906048775,2.25
16,2,9,3.74146413803,3.5
16,2,9,4.17010784149,3.5
16,2,81,1.98078155518,2.5
16,2,81,2.011469841,2.5
16,2,52,2.48746061325,2.25
16,2,52,2.41699314117,2.25
16,2,11,2.97422456741,4.5
16,2,11,3.41694068909,4.5
16,2,83,2.68347716331,4.5
16,2,83,2.54372501373,4.5
16,2,54,3.23748731613,1.25
16,2,54,2.86490488052,1.25
16,2,13,2.87038135529,4.5
16,2,13,3.37908363342,4.5
16,2,85,2.41148018837,3.5
16,2,85,2.27506709099,3.5
16,2,40,2.80926799774,2.0
16,2,40,2.8954167366,2.0
16,2,15,3.24235963821,4.25
16,2,15,3.11766028404,4.25
16,2,112,2.07302880287,1.5
16,2,112,1.96173799038,1.5
16,2,87,2.49472522736,3.5
16,2,87,2.44156622887,3.5
16,2,42,1.99497294426,2.5
16,2,42,2.04570174217,2.5
16,2,114,3.09028458595,3.5
16,2,114,3.56262397766,3.5
16,2,73,3.19318437576,4.0
16,2,73,2.92952203751,4.0
16,2,44,3.16967725754,2.75
16,2,44,2.91569161415,2.75
16,2,116,2.3419573307,4.0
16,2,116,2.66377043724,4.0
16,2,46,2.55640864372,2.5
16,2,46,2.57946062088,2.5
16,2,5,2.33267092705,4.0
16,2,5,2.2183303833,4.0
16,2,77,2.73496961594,5.5
16,2,77,2.68771862984,5.5
16,2,32,3.53653478622,2.75
16,2,32,3.2852063179,2.75
16,2,7,3.14066743851,5.0
16,2,7,3.60988092422,5.0
16,2,104,2.80569529533,1.75
16,2,104,3.24164819717,1.75
16,2,79,2.83888673782,5.0
16,2,79,2.7096157074,5.0
16,2,34,2.11440372467,2.25
16,2,34,2.23351097107,2.25
16,2,106,3.09209704399,2.75
16,2,106,2.90456962585,2.75
16,2,65,3.69421482086,5.0
16,2,65,4.14358282089,5.0
16,2,36,2.67518019676,3.75
16,2,36,2.83371305466,3.75
16,2,108,0.414937138557,2.75
16,2,108,-0.189135029912,2.75
16,2,67,2.80590605736,3.5
16,2,67,2.65628147125,3.5
16,2,38,3.69547247887,4.0
16,2,38,3.42940998077,4.0
16,2,110,3.24700784683,2.25
16,2,110,3.12598896027,2.25
16,2,69,2.92392683029,1.75
16,2,69,2.75124073029,1.75
16,2,24,3.92592144012,3.5
16,2,24,4.35251522064,3.5
16,2,96,2.0051856041,3.5
16,2,96,2.33805012703,3.5
16,2,71,3.78378367424,4.0
16,2,71,3.54411172867,4.0
16,2,26,3.54930019379,3.25
16,2,26,3.17443013191,3.25
16,2,98,3.35953426361,4.5
16,2,98,3.4557800293,4.5
16,2,57,2.54851126671,3.0
16,2,57,2.5003991127,3.0
16,2,28,3.82210874557,3.25
16,2,28,3.54869651794,3.25
16,2,100,2.32439875603,3.25
16,2,100,2.68477773666,3.25
16,2,59,2.5985224247,3.0
16,2,59,2.52557134628,3.0
16,2,30,3.32368826866,3.0
16,2,30,3.24221134186,3.0
16,2,102,2.53190326691,1.75
16,2,102,2.64736676216,1.75
16,2,61,3.3833065033,2.5
16,2,61,3.84186935425,2.5
16,2,88,2.52892804146,3.75
16,2,88,2.98779177666,3.75
16,2,90,1.87049353123,1.75
16,2,90,1.71506524086,1.75
16,2,49,2.84258747101,2.75
16,2,49,2.74973249435,2.75
16,2,92,3.44953012466,2.5
16,2,92,3.31199383736,2.5
16,2,51,3.61974859238,3.5
16,2,51,3.39494514465,3.5
16,2,22,2.56950998306,1.75
16,2,22,2.38523244858,1.75
16,2,94,1.49173128605,4.0
16,2,94,1.76737213135,4.0
16,2,53,2.47028446198,4.0
16,2,53,2.8967218399,4.0
16,2,8,3.08801841736,3.25
16,2,8,2.99775934219,3.25
16,2,80,3.01220560074,4.0
16,2,80,2.9265601635,4.0
16,2,55,3.60478925705,4.0
16,2,55,3.28571033478,4.0
16,2,10,2.98742222786,5.5
16,2,10,3.45606613159,5.5
16,2,82,2.65276527405,2.25
16,2,82,2.5257833004,2.25
16,2,41,3.01198673248,1.75
16,2,41,2.93186497688,1.75
16,2,12,3.99083375931,5.5
16,2,12,3.7653028965,5.5
16,2,113,2.56941175461,2.5
16,2,113,2.46932697296,2.5
16,2,84,1.74373304844,3.75
16,2,84,1.9130859375,3.75
16,2,43,2.38525700569,2.25
16,2,43,2.27664136887,2.25
16,2,14,4.17130613327,4.0
16,2,14,3.88173508644,4.0
16,2,115,2.86443924904,2.75
16,2,115,2.78224992752,2.75
16,2,86,3.33359622955,4.5
16,2,86,3.77121973038,4.5
16,2,45,3.03449869156,3.0
16,2,45,2.94285750389,3.0
16,2,72,2.71500921249,2.25
16,2,72,2.53535151482,2.25
16,2,47,2.88535642624,1.75
16,2,47,2.84388256073,1.75
16,2,33,3.51140284538,1.5
16,2,33,3.23121285439,1.5
16,2,105,2.64699792862,3.75
16,2,105,2.85096001625,3.75
16,2,76,2.67873859406,3.0
16,2,76,3.04771280289,3.0
16,2,35,2.99142074585,2.5
16,2,35,3.49433612823,2.5
16,2,6,2.6182847023,4.5
16,2,6,3.07167506218,4.5
17,1,87,4.00954532623,2.5
17,1,87,4.31980276108,2.5
17,1,56,3.55030822754,3.25
17,1,56,3.88684344292,3.25
17,1,31,0.603576540947,4.0
17,1,31,0.653897285461,4.0
17,1,73,4.04347658157,4.25
17,1,73,4.36133432388,4.25
17,1,17,5.46011257172,3.0
17,1,17,5.74725675583,3.0
17,1,75,0.726634919643,1.75
17,1,75,0.926390826702,1.75
17,1,60,0.400231599808,3.0
17,1,60,0.517638146877,3.0
17,1,19,4.86475372314,4.0
17,1,19,5.19397783279,4.0
17,1,77,1.32782423496,3.5
17,1,77,1.57684457302,3.5
17,1,62,0.34295976162,1.75
17,1,62,0.418227255344,1.75
17,1,21,2.74604940414,2.5
17,1,21,2.8139193058,2.5
17,1,104,2.88070774078,3.25
17,1,104,2.94581604004,3.25
17,1,79,4.66250324249,3.25
17,1,79,4.68881607056,3.25
17,1,23,5.32445907593,2.5
17,1,23,5.21211338043,2.5
17,1,106,4.34506464005,2.75
17,1,106,4.62532043457,2.75
17,1,65,0.333642214537,1.25
17,1,65,0.520783662796,1.25
17,1,50,2.33447217941,3.75
17,1,50,2.67843103409,3.75
17,1,9,0.218666553497,1.5
17,1,9,0.31047847867,1.5
17,1,108,1.41565787792,2.5
17,1,108,1.49341583252,2.5
17,1,67,1.59517884254,3.0
17,1,67,1.82035982609,3.0
17,1,52,4.11612701416,2.75
17,1,52,4.09362125397,2.75
17,1,11,0.242921680212,1.5
17,1,11,0.163027107716,1.5
17,1,110,1.57299864292,3.5
17,1,110,1.74268519878,3.5
17,1,69,2.60060930252,2.5
17,1,69,2.74055624008,2.5
17,1,54,2.93369340897,3.25
17,1,54,3.07201695442,3.25
17,1,96,3.05039167404,1.5
17,1,96,3.29841804504,1.5
17,1,40,3.89452981949,3.0
17,1,40,4.26456689835,3.0
17,1,98,1.91100883484,3.5
17,1,98,2.17400169373,3.5
17,1,42,0.954546689987,3.75
17,1,42,1.15006160736,3.75
17,1,100,4.59578037262,2.75
17,1,100,4.88736581802,2.75
17,1,44,3.14589166641,3.5
17,1,44,3.45140147209,3.5
17,1,102,1.92800569534,3.75
17,1,102,1.87605750561,3.75
17,1,46,2.1768181324,4.0
17,1,46,2.3334634304,4.0
17,1,5,2.83570051193,2.75
17,1,5,2.8724091053,2.75
17,1,88,3.70196914673,4.25
17,1,88,3.55923318863,4.25
17,1,32,4.01341772079,4.5
17,1,32,4.33651447296,4.5
17,1,7,3.09992218018,2.75
17,1,7,3.3692586422,2.75
17,1,90,1.96647727489,5.5
17,1,90,1.91188573837,5.5
17,1,34,0.630507647991,3.25
17,1,34,0.82752931118,3.25
17,1,92,2.71159934998,5.25
17,1,92,2.69417095184,5.25
17,1,36,2.727247715,2.75
17,1,36,2.71359372139,2.75
17,1,94,4.91379642487,3.5
17,1,94,5.21804666519,3.5
17,1,38,3.65611553192,2.25
17,1,38,3.55139350891,2.25
17,1,80,4.15446138382,4.25
17,1,80,4.54078006744,4.25
17,1,24,3.8770430088,3.25
17,1,24,4.2716383934,3.25
17,1,82,1.95648598671,5.0
17,1,82,2.28893923759,5.0
17,1,26,2.75226521492,3.0
17,1,26,2.97415566444,3.0
17,1,84,4.20146274567,4.25
17,1,84,4.44707489014,4.25
17,1,28,4.83424091339,4.25
17,1,28,5.11884975433,4.25
17,1,86,1.74024617672,4.0
17,1,86,2.01482772827,4.0
17,1,59,0.234011158347,2.5
17,1,59,0.37880975008,2.5
17,1,30,1.17622733116,5.25
17,1,30,1.40183079243,5.25
17,1,72,3.87997102737,5.25
17,1,72,3.78789234161,5.25
17,1,61,2.88600158691,2.25
17,1,61,2.87817239761,2.25
17,1,74,3.40632891655,3.25
17,1,74,3.46532034874,3.25
17,1,63,3.05413722992,1.75
17,1,63,3.12527489662,1.75
17,1,18,2.28891086578,2.75
17,1,18,2.57890963554,2.75
17,1,105,3.43825674057,3.75
17,1,105,3.44048261642,3.75
17,1,76,2.58679819107,4.5
17,1,76,2.56398630142,4.5
17,1,20,1.79850387573,3.5
17,1,20,2.05205202103,3.5
17,1,107,2.39515590668,3.25
17,1,107,2.34230613708,3.25
17,1,78,1.87409484386,4.25
17,1,78,2.12702918053,4.25
17,1,51,3.66217374802,3.0
17,1,51,3.74691009521,3.0
17,1,22,2.48181772232,3.0
17,1,22,2.46471309662,3.0
17,1,109,1.94048762321,2.5
17,1,109,2.05807971954,2.5
17,1,64,3.22627687454,1.0
17,1,64,3.3253865242,1.0
17,1,53,4.61250305176,2.75
17,1,53,4.89551448822,2.75
17,1,8,2.28604960442,2.75
17,1,8,2.22797036171,2.75
17,1,111,0.994070112705,2.0
17,1,111,1.20285201073,2.0
17,1,66,3.92663884163,0.75
17,1,66,4.01455211639,0.75
17,1,55,2.34421849251,2.5
17,1,55,2.55701446533,2.5
17,1,10,0.240400895476,1.5
17,1,10,0.351726382971,1.5
17,1,97,3.90475845337,2.5
17,1,97,4.17086696625,2.5
17,1,68,1.49867510796,3.75
17,1,68,1.74355816841,3.75
17,1,41,1.65459108353,3.25
17,1,41,2.01859068871,3.25
17,1,12,2.8045091629,2.25
17,1,12,2.69725871086,2.25
17,1,99,3.79724264145,3.5
17,1,99,3.59878635406,3.5
17,1,43,4.37542247772,4.25
17,1,43,4.71118545532,4.25
17,1,14,2.15526127815,1.5
17,1,14,2.03948998451,1.5
17,1,101,3.40269994736,3.0
17,1,101,3.72381877899,3.0
17,1,45,2.35516643524,3.0
17,1,45,2.65444898605,3.0
17,1,103,1.81062459946,3.0
17,1,103,1.69956600666,3.0
17,1,89,2.27787828445,3.25
17,1,89,2.59920024872,3.25
17,1,33,2.12249708176,3.75
17,1,33,2.05602002144,3.75
17,1,4,0.0329984873533,2.75
17,1,4,0.159293323755,2.75
17,1,91,3.67093515396,3.5
17,1,91,3.76263713837,3.5
17,1,35,3.57386827469,2.5
17,1,35,3.93236684799,2.5
17,1,6,0.779704809189,2.75
17,1,6,0.795871257782,2.75
17,1,93,1.94637298584,3.5
17,1,93,2.23663878441,3.5
17,1,37,4.9918255806,2.5
17,1,37,5.31838512421,2.5
17,1,95,4.22728633881,5.25
17,1,95,4.56082725525,5.25
17,1,39,0.393492162228,4.5
17,1,39,0.545647144318,4.5
17,1,81,2.2474899292,4.5
17,1,81,2.39688825607,4.5
17,1,25,2.65404033661,3.75
17,1,25,2.90479397774,3.75
17,1,83,2.39337706566,3.5
17,1,83,2.63151860237,3.5
17,1,27,4.59351682663,4.5
17,1,27,5.0145816803,4.5
17,1,85,1.70811367035,4.75
17,1,85,1.96360051632,4.75
17,1,29,4.50240135193,4.0
17,1,29,4.70544338226,4.0
18,1,94,0.109740100801,2.5
18,1,94,0.615572571754,2.5
18,1,20,1.12675487995,2.75
18,1,20,1.22594881058,2.75
18,1,49,0.989863693714,1.5
18,1,49,1.05347597599,1.5
18,1,92,1.47355008125,2.25
18,1,92,1.7798538208,2.25
18,1,18,0.945769309998,2.75
18,1,18,1.00579857826,2.75
18,1,47,1.57415127754,1.75
18,1,47,1.45097899437,1.75
18,1,90,1.43952131271,2.5
18,1,90,1.42515325546,2.5
18,1,16,1.34931719303,2.33333
18,1,16,1.49213576317,2.33333
18,1,45,2.76367497444,4.75
18,1,45,2.69932842255,4.75
18,1,88,1.25175881386,2.75
18,1,88,1.77185249329,2.75
18,1,43,1.057980299,4.25
18,1,43,1.20541977882,4.25
18,1,86,2.42874264717,2.5
18,1,86,2.64541888237,2.5
18,1,12,2.98373436928,6.0
18,1,12,2.99260830879,6.0
18,1,41,4.81672763824,4.0
18,1,41,4.68665599823,4.0
18,1,84,1.72713553905,4.5
18,1,84,1.83967030048,4.5
18,1,10,2.28750276566,1.75
18,1,10,2.33435249329,1.75
18,1,39,4.1478471756,4.0
18,1,39,4.02990961075,4.0
18,1,82,0.685632824898,3.25
18,1,82,0.581688523293,3.25
18,1,111,0.16087834537,2.75
18,1,111,0.701332986355,2.75
18,1,8,-1.01263082027,2.25
18,1,8,-1.49382901192,2.25
18,1,37,1.23404991627,2.75
18,1,37,1.49171388149,2.75
18,1,80,-0.710344672203,3.5
18,1,80,-0.243631705642,3.5
18,1,109,3.281914711,3.0
18,1,109,3.11953353882,3.0
18,1,6,3.65589022636,3.5
18,1,6,3.36432766914,3.5
18,1,35,0.800923526287,2.25
18,1,35,0.917294979095,2.25
18,1,78,-1.15180742741,2.0
18,1,78,-0.618368923664,2.0
18,1,107,0.896535754204,3.0
18,1,107,1.29127573967,3.0
18,1,4,2.86428165436,3.0
18,1,4,2.5661509037,3.0
18,1,33,-0.244894489646,1.0
18,1,33,-0.127193540335,1.0
18,1,76,-1.0279790163,2.0
18,1,76,-0.467452257872,2.0
18,1,105,0.824843108654,1.75
18,1,105,1.34253060818,1.75
18,1,2,3.02147674561,4.25
18,1,2,2.87068486214,4.25
18,1,74,0.512375116348,1.5
18,1,74,0.47577226162,1.5
18,1,103,0.958203613758,2.0
18,1,103,0.931824326515,2.0
18,1,101,0.533990085125,2.25
18,1,101,1.14103162289,2.25
18,1,62,1.94359970093,1.5
18,1,62,1.61242198944,1.5
18,1,99,0.696891903877,2.5
18,1,99,0.70328438282,2.5
18,1,60,0.701980948448,1.0
18,1,60,0.606433808804,1.0
18,1,68,0.541640460491,2.5
18,1,68,0.477508544922,2.5
18,1,97,1.78184473515,3.25
18,1,97,2.17398786545,3.25
18,1,66,1.75983262062,1.75
18,1,66,1.58209466934,1.75
18,1,31,2.01188135147,3.75
18,1,31,1.84640693665,3.75
18,1,56,1.80878806114,3.25
18,1,56,1.99994182587,3.25
18,1,64,-0.387135148048,2.25
18,1,64,0.0787972807884,2.25
18,1,29,4.07966899872,3.75
18,1,29,4.02801656723,3.75
18,1,54,1.42088890076,1.25
18,1,54,1.2596039772,1.25
18,1,27,3.65781998634,3.75
18,1,27,3.46149206161,3.75
18,1,25,5.17035579681,3.0
18,1,25,5.044008255,3.0
18,1,50,1.33638978004,2.25
18,1,50,1.20250725746,2.25
18,1,23,4.73708343506,2.5
18,1,23,4.52412891388,2.5
18,1,48,0.361672371626,1.75
18,1,48,0.689638733864,1.75
18,1,95,3.23725652695,4.25
18,1,95,3.17317962646,4.25
18,1,21,2.31980991364,2.5
18,1,21,2.15295243263,2.5
18,1,46,2.78047013283,2.25
18,1,46,2.65462660789,2.25
18,1,93,1.72744846344,2.0
18,1,93,1.56194710732,2.0
18,1,19,-0.0872810781002,2.75
18,1,19,0.00285886321217,2.75
18,1,44,4.80507421494,2.5
18,1,44,4.6366815567,2.5
18,1,91,1.02873003483,2.5
18,1,91,1.18115353584,2.5
18,1,17,2.9531416893,3.0
18,1,17,2.7209815979,3.0
18,1,42,2.67022633553,2.5
18,1,42,2.53077721596,2.5
18,1,89,0.462472915649,2.25
18,1,89,1.12067532539,2.25
18,1,40,1.43582808971,4.0
18,1,40,1.40579020977,4.0
18,1,87,1.71427094936,3.25
18,1,87,2.16357111931,3.25
18,1,112,2.56173563004,1.25
18,1,112,2.4378426075,1.25
18,1,38,4.04431247711,3.5
18,1,38,3.85560894012,3.5
18,1,85,0.239990353584,4.0
18,1,85,0.854563236237,4.0
18,1,110,1.03567814827,1.75
18,1,110,1.61409151554,1.75
18,1,11,0.327442884445,5.75
18,1,11,0.694341003895,5.75
18,1,36,0.521237254143,2.25
18,1,36,1.03314745426,2.25
18,1,83,-0.215623259544,3.75
18,1,83,0.404195606709,3.75
18,1,108,0.735402464867,2.5
18,1,108,1.02149140835,2.5
18,1,9,0.95524674654,2.0
18,1,9,0.979902386665,2.0
18,1,34,1.89787268639,2.25
18,1,34,1.92297053337,2.25
18,1,81,1.11615633965,3.75
18,1,81,1.51193153858,3.75
18,1,106,1.71960663795,1.25
18,1,106,1.62589430809,1.25
18,1,7,1.99906754494,2.5
18,1,7,1.99089574814,2.5
18,1,32,1.34558129311,1.25
18,1,32,1.33978104591,1.25
18,1,79,-0.836626648903,2.25
18,1,79,-0.263968765736,2.25
18,1,104,1.10277688503,3.25
18,1,104,1.1102836132,3.25
18,1,5,1.47158849239,1.5
18,1,5,1.26498413086,1.5
18,1,77,1.64262247086,1.0
18,1,77,1.6275074482,1.0
18,1,102,1.64197540283,2.25
18,1,102,1.60837626457,2.25
18,1,3,0.873873949051,2.25
18,1,3,0.973893046379,2.25
18,1,75,-1.49781882763,1.0
18,1,75,-0.974221050739,1.0
18,1,100,0.798486828804,3.75
18,1,100,1.36094212532,3.75
18,1,73,-1.49371182919,2.0
18,1,73,-0.897415876389,2.0
18,1,98,0.11914896965,2.25
18,1,98,0.715562105179,2.25
18,1,96,1.04952287674,2.5
18,1,96,1.25711512566,2.5
18,1,61,3.31345653534,3.25
18,1,61,3.15663170815,3.25
18,1,69,1.11400222778,1.0
18,1,69,1.19117927551,1.0
18,1,30,1.19348907471,2.75
18,1,30,1.43788957596,2.75
18,1,59,1.59849250317,1.66667
18,1,59,0.908023953438,1.66667
18,1,67,0.599184989929,1.0
18,1,67,0.0369643606246,1.0
18,1,28,4.40565395355,3.25
18,1,28,4.33842563629,3.25
18,1,65,2.60796785355,1.0
18,1,65,2.47735309601,1.0
18,1,26,2.71187210083,2.75
18,1,26,2.95145368576,2.75
18,1,55,2.51913976669,1.75
18,1,55,2.48155784607,1.75
18,1,24,2.82635951042,3.25
18,1,24,3.21965289116,3.25
18,1,53,3.36820650101,3.25
18,1,53,3.15616512299,3.25
18,1,22,4.03834581375,3.75
18,1,22,3.81856870651,3.75
18,1,51,1.11661338806,1.25
18,1,51,1.1598033905,1.25
