3,1,47,4.92110109329,4.25
3,1,47,4.92144536972,4.25
3,1,10,4.86611604691,2.875
3,1,10,4.86617994308,2.875
3,1,101,4.08786869049,4.375
3,1,101,4.08474731445,4.375
3,1,64,4.74516248703,5.75
3,1,64,4.74457550049,5.75
3,1,45,4.31761455536,4.25
3,1,45,4.31715536118,4.25
3,1,8,4.70563268661,3.5
3,1,8,4.70596790314,3.5
3,1,99,3.60362291336,1.5
3,1,99,3.60050940514,1.5
3,1,94,3.79510760307,3.25
3,1,94,3.79501032829,3.25
3,1,43,4.57378816605,4.0
3,1,43,4.57015228271,4.0
3,1,6,4.32399082184,4.5
3,1,6,4.32641839981,4.5
3,1,97,3.76336884499,1.25
3,1,97,3.7678258419,1.25
3,1,92,4.23720026016,3.5
3,1,92,4.23592281342,3.5
3,1,41,3.18726706505,3.25
3,1,41,3.18646264076,3.25
3,1,4,4.66797065735,3.25
3,1,4,4.66853952408,3.25
3,1,90,4.02096414566,3.75
3,1,90,4.01730918884,3.75
3,1,39,4.76471996307,5.75
3,1,39,4.76626253128,5.75
3,1,2,3.01085734367,4.5
3,1,2,3.01110839844,4.5
3,1,88,3.81054973602,4.0
3,1,88,3.81312894821,4.0
3,1,37,4.11672401428,3.125
3,1,37,4.11451816559,3.125
3,1,86,3.94908308983,4.25
3,1,86,3.9495844841,4.25
3,1,35,4.54413414001,4.375
3,1,35,4.54105234146,4.375
3,1,30,3.54283475876,4.5
3,1,30,3.54199743271,4.5
3,1,84,4.32102108002,3.75
3,1,84,4.31402587891,3.75
3,1,33,4.25963115692,3.0
3,1,33,4.25925922394,3.0
3,1,28,4.87086963654,4.75
3,1,28,4.87125205994,4.75
3,1,82,4.01053333282,3.0
3,1,82,4.01040554047,3.0
3,1,63,4.51411294937,4.75
3,1,63,4.51451015472,4.75
3,1,26,4.79032707214,4.0
3,1,26,4.78978633881,4.0
3,1,80,3.94315934181,2.75
3,1,80,3.94317436218,2.75
3,1,61,4.38993453979,5.5
3,1,61,4.38984632492,5.5
3,1,24,4.41224956512,4.5
3,1,24,4.41251277924,4.5
3,1,59,4.26309871674,5.5
3,1,59,4.26419448853,5.5
3,1,22,4.75360774994,4.83333
3,1,22,4.75178909302,4.83333
3,1,57,4.27990484238,4.875
3,1,57,4.27947330475,4.875
3,1,20,4.05063581467,2.5
3,1,20,4.05227088928,2.5
3,1,79,3.77474665642,5.25
3,1,79,3.77732944489,5.25
3,1,55,3.12343931198,3.25
3,1,55,3.11848568916,3.25
3,1,18,4.32845544815,3.75
3,1,18,4.3290848732,3.75
3,1,77,4.20753479004,4.5
3,1,77,4.20591068268,4.5
3,1,16,4.55369329453,4.75
3,1,16,4.55552005768,4.75
3,1,75,4.07159328461,4.0
3,1,75,4.06980133057,4.0
3,1,51,4.1829161644,4.5
3,1,51,4.18266201019,4.5
3,1,73,3.92147898674,3.0
3,1,73,3.92321872711,3.0
3,1,49,4.7893652916,5.0
3,1,49,4.78909254074,5.0
3,1,108,4.16101264954,2.25
3,1,108,4.16025447845,2.25
3,1,71,3.54476547241,2.0
3,1,71,3.54362106323,2.0
3,1,15,4.2728562355,5.0
3,1,15,4.27334213257,5.0
3,1,106,2.83523750305,2.75
3,1,106,2.83404564857,2.75
3,1,104,4.01019048691,3.5
3,1,104,4.01022005081,3.5
3,1,102,4.16893911362,5.25
3,1,102,4.16919612885,5.25
3,1,65,4.45899581909,6.25
3,1,65,4.45863771439,6.25
3,1,46,4.34472084045,5.0
3,1,46,4.34470748901,5.0
3,1,9,3.935120821,2.75
3,1,9,3.93686342239,2.75
3,1,100,3.76596498489,2.375
3,1,100,3.76698589325,2.375
3,1,95,4.14978504181,3.75
3,1,95,4.15069627762,3.75
3,1,44,3.72602510452,3.0
3,1,44,3.72438979149,3.0
3,1,7,4.91492891312,4.75
3,1,7,4.91427612305,4.75
3,1,98,3.68531513214,1.75
3,1,98,3.68448638916,1.75
3,1,93,4.00193929672,3.25
3,1,93,4.00269412994,3.25
3,1,5,4.97143888474,6.0
3,1,5,4.97184562683,6.0
3,1,96,4.13498401642,3.875
3,1,96,4.13460493088,3.875
3,1,91,4.0124502182,4.0
3,1,91,4.00827741623,4.0
3,1,40,4.34958410263,5.0
3,1,40,4.35010766983,5.0
3,1,3,4.24853277206,3.0
3,1,3,4.248670578,3.0
3,1,89,3.96031045914,4.25
3,1,89,3.95600748062,4.25
3,1,38,4.23389101028,4.5
3,1,38,4.23452663422,4.5
3,1,1,2.89651536942,3.875
3,1,1,2.90054392815,3.875
3,1,87,4.18213844299,4.25
3,1,87,4.17905569077,4.25
3,1,36,4.30851888657,3.5
3,1,36,4.30746555328,3.5
3,1,31,3.92188692093,3.66667
3,1,31,3.92222166061,3.66667
3,1,85,4.05731773376,2.0
3,1,85,4.05711269379,2.0
3,1,34,4.40304327011,4.125
3,1,34,4.40268373489,4.125
3,1,29,4.94441127777,1.25
3,1,29,4.94470357895,1.25
3,1,83,4.20188999176,4.5
3,1,83,4.2028093338,4.5
3,1,32,3.46105933189,4.5
3,1,32,3.45858216286,4.5
3,1,27,4.06039619446,5.25
3,1,27,4.0619187355,5.25
3,1,81,4.2532658577,2.75
3,1,81,4.25380992889,2.75
3,1,62,4.35435056686,4.375
3,1,62,4.35518264771,4.375
3,1,25,5.01394844055,5.5
3,1,25,5.01319169998,5.5
3,1,60,4.5360159874,5.5
3,1,60,4.53830337524,5.5
3,1,23,3.81861710548,3.875
3,1,23,3.81893444061,3.875
3,1,58,4.0136680603,4.5
3,1,58,4.01439905167,4.5
3,1,21,4.37785673141,4.5
3,1,21,4.3781080246,4.5
3,1,56,2.89397454262,4.0
3,1,56,2.88929462433,4.0
3,1,19,4.14631032944,4.125
3,1,19,4.14624023438,4.125
3,1,78,4.3976149559,5.25
3,1,78,4.39892053604,5.25
3,1,17,4.39091682434,5.0
3,1,17,4.39328813553,5.0
3,1,76,4.41656541824,4.0
3,1,76,4.41785573959,4.0
3,1,52,4.27108621597,3.5
3,1,52,4.27168655396,3.5
3,1,74,3.96506667137,4.0
3,1,74,3.96595215797,4.0
3,1,50,4.43472290039,4.66667
3,1,50,4.43487548828,4.66667
3,1,48,4.44995212555,2.5
3,1,48,4.44952201843,2.5
3,1,107,3.8205280304,5.25
3,1,107,3.82118940353,5.25
3,1,70,3.69670176506,2.75
3,1,70,3.70008659363,2.75
3,1,14,3.80351471901,3.75
3,1,14,3.80485868454,3.75
3,1,105,2.89480185509,1.25
3,1,105,2.89265847206,1.25
3,1,103,3.10842776299,1.5
3,1,103,3.10369133949,1.5
3,1,66,3.81370949745,3.0
3,1,66,3.81559062004,3.0
3,2,82,2.91813254356,3.25
3,2,82,2.91475224495,3.25
3,2,61,3.89783883095,4.375
3,2,61,3.898427248,4.375
3,2,80,3.88423442841,4.75
3,2,80,3.88321137428,4.75
3,2,30,2.77717781067,3.625
3,2,30,2.77614855766,3.625
3,2,35,3.15406322479,3.875
3,2,35,3.15303754807,3.875
3,2,86,2.90490984917,2.75
3,2,86,2.90565729141,2.75
3,2,28,3.47399520874,4.0
3,2,28,3.47928571701,4.0
3,2,33,4.524269104,5.0
3,2,33,4.52451038361,5.0
3,2,84,3.86805534363,4.0
3,2,84,3.86254572868,4.0
3,2,2,3.00777745247,1.875
3,2,2,3.00773048401,1.875
3,2,39,4.25299072266,4.25
3,2,39,4.2547917366,4.25
3,2,90,3.14836764336,4.25
3,2,90,3.15546965599,4.25
3,2,37,2.91054582596,2.25
3,2,37,2.91107201576,2.25
3,2,88,3.93189311028,4.0
3,2,88,3.93200993538,4.0
3,2,6,3.95011687279,5.25
3,2,6,3.94918894768,5.25
3,2,43,2.79955935478,4.0
3,2,43,2.79999566078,4.0
3,2,94,4.51432752609,3.75
3,2,94,4.51477384567,3.75
3,2,99,3.64329743385,2.625
3,2,99,3.6449534893,2.625
3,2,41,3.98804426193,3.5
3,2,41,3.98743724823,3.5
3,2,92,3.93141341209,3.25
3,2,92,3.93148589134,3.25
3,2,97,3.46781373024,5.0
3,2,97,3.46978282928,5.0
3,2,10,3.68303966522,4.0
3,2,10,3.68238592148,4.0
3,2,47,3.45092463493,3.875
3,2,47,3.45140957832,3.875
3,2,66,4.04528617859,3.75
3,2,66,4.0441737175,3.75
3,2,103,3.89735507965,4.0
3,2,103,3.89662647247,4.0
3,2,8,3.32702898979,6.0
3,2,8,3.32722353935,6.0
3,2,45,3.99454474449,3.25
3,2,45,3.99642372131,3.25
3,2,64,3.29326176643,2.375
3,2,64,3.29011821747,2.375
3,2,101,3.95584964752,3.125
3,2,101,3.95718574524,3.125
3,2,14,3.16031551361,3.75
3,2,14,3.16009664536,3.75
3,2,70,3.4877474308,3.66667
3,2,70,3.4884531498,3.66667
3,2,107,2.55167770386,4.625
3,2,107,2.55006170273,4.625
3,2,12,4.34428977966,5.25
3,2,12,4.34606981277,5.25
3,2,68,3.74805951118,5.5
3,2,68,3.7503054142,5.5
3,2,105,3.51589155197,3.5
3,2,105,3.51147627831,3.5
3,2,50,4.5111079216,3.75
3,2,50,4.51120424271,3.75
3,2,74,3.74542713165,3.25
3,2,74,3.74523115158,3.25
3,2,111,3.59698796272,3.5
3,2,111,3.59723591805,3.5
3,2,48,3.04023909569,4.25
3,2,48,3.04211831093,4.25
3,2,109,2.86093997955,1.95833
3,2,109,2.86173701286,1.95833
3,2,78,4.05012655258,2.75
3,2,78,4.04936504364,2.75
3,2,52,4.34811210632,1.5
3,2,52,4.34673404694,1.5
3,2,56,4.03971004486,4.25
3,2,56,4.04004096985,4.25
3,2,112,3.28975105286,4.0
3,2,112,3.29010820389,4.0
3,2,62,4.18657636642,5.25
3,2,62,4.18632507324,5.25
3,2,27,3.77361345291,4.0
3,2,27,3.77601623535,4.0
3,2,60,3.37983083725,3.75
3,2,60,3.37678050995,3.75
3,2,83,3.8860976696,4.25
3,2,83,3.88528060913,4.25
3,2,34,3.06295967102,3.5
3,2,34,3.06527996063,3.5
3,2,81,4.35946416855,4.375
3,2,81,4.36895227432,4.375
3,2,31,4.20386266708,3.25
3,2,31,4.20476865768,3.25
3,2,32,4.49487161636,3.25
3,2,32,4.49543619156,3.25
3,2,87,3.13174986839,3.75
3,2,87,3.1284430027,3.75
3,2,29,2.7494430542,4.0
3,2,29,2.74799370766,4.0
3,2,38,4.5755739212,3.25
3,2,38,4.57686185837,3.25
3,2,85,3.27607250214,3.25
3,2,85,3.27632784843,3.25
3,2,36,4.02048540115,2.75
3,2,36,4.02018547058,2.75
3,2,91,4.38828897476,4.5
3,2,91,4.39048433304,4.5
3,2,42,2.5318672657,2.5
3,2,42,2.53042602539,2.5
3,2,89,4.08515310287,3.25
3,2,89,4.08411216736,3.25
3,2,98,3.96629881859,4.5
3,2,98,3.96736550331,4.5
3,2,7,2.95284628868,6.0
3,2,7,2.95382857323,6.0
3,2,40,3.92767047882,2.75
3,2,40,3.925314188,2.75
3,2,95,2.83221292496,1.5
3,2,95,2.83298563957,1.5
3,2,96,3.53690290451,3.125
3,2,96,3.53273463249,3.125
3,2,5,3.47423601151,3.25
3,2,5,3.47457718849,3.25
3,2,46,4.08316040039,4.5
3,2,46,4.07896184921,4.5
3,2,93,4.07028388977,5.0
3,2,93,4.06999111176,5.0
3,2,102,3.69432282448,2.0
3,2,102,3.6953625679,2.0
3,2,11,3.94354486465,4.125
3,2,11,3.94304585457,4.125
3,2,44,3.02066922188,5.0
3,2,44,3.00603675842,5.0
3,2,67,4.24462509155,5.25
3,2,67,4.24459695816,5.25
3,2,100,3.38879084587,1.25
3,2,100,3.3893828392,1.25
3,2,9,3.36116218567,4.5
3,2,9,3.36293005943,4.5
3,2,65,2.95035195351,3.0
3,2,65,2.95414423943,3.0
3,2,106,3.40783333778,3.875
3,2,106,3.40714764595,3.875
3,2,71,4.06665420532,2.375
3,2,71,4.06467914581,2.375
3,2,104,2.34976363182,3.5
3,2,104,2.35136055946,3.5
3,2,13,4.54560613632,5.0
3,2,13,4.54629802704,5.0
3,2,69,2.90367341042,1.25
3,2,69,2.90534472466,1.25
3,2,110,3.8600935936,4.25
3,2,110,3.85965299606,4.25
3,2,51,3.86095380783,4.0
3,2,51,3.86103987694,4.0
3,2,108,3.02660083771,4.0
3,2,108,3.02719426155,4.0
3,2,49,3.41317915916,2.75
3,2,49,3.41237854958,2.75
3,2,73,3.87819170952,3.75
3,2,73,3.87724232674,3.75
3,2,55,3.81794714928,3.33333
3,2,55,3.82034277916,3.33333
3,2,79,3.54889440536,3.75
3,2,79,3.55031824112,3.75
3,2,53,3.56255078316,4.5
3,2,53,3.56090402603,4.5
3,2,77,4.18488550186,2.25
3,2,77,4.18500185013,2.25
3,2,59,3.65494227409,2.25
3,2,59,3.6545817852,2.25
3,2,113,3.53163099289,3.0
3,2,113,3.53383970261,3.0
3,2,26,3.40463924408,2.5
3,2,26,3.40071558952,2.5
3,2,63,1.74546444416,1.25
3,2,63,1.74588632584,1.25
4,1,29,3.40569043159,3.0
4,1,29,3.4042596817,3.0
4,1,58,4.60396242142,2.25
4,1,58,4.60476732254,2.25
4,1,85,3.15771269798,2.5
4,1,85,3.15887498856,2.5
4,1,114,2.542937994,1.5
4,1,114,2.54208850861,1.5
4,1,31,3.32685637474,2.25
4,1,31,3.32883214951,2.25
4,1,36,2.80909156799,0.875
4,1,36,2.81124281883,0.875
4,1,87,2.89527750015,3.25
4,1,87,2.89625692368,3.25
4,1,25,3.42968249321,1.5
4,1,25,3.42853927612,1.5
4,1,38,3.80576395988,2.5
4,1,38,3.80736994743,2.5
4,1,81,3.25972056389,3.0
4,1,81,3.26402854919,3.0
4,1,27,2.2802875042,2.75
4,1,27,2.28010034561,2.75
4,1,32,2.9963555336,1.5
4,1,32,2.99417829514,1.5
4,1,83,2.54103684425,3.25
4,1,83,2.53838229179,3.25
4,1,5,1.5853625536,1.0
4,1,5,1.58446455002,1.0
4,1,34,3.10838985443,1.5
4,1,34,3.11078310013,1.5
4,1,93,3.2170188427,3.0
4,1,93,3.2149553299,3.0
4,1,7,2.77669811249,1.75
4,1,7,2.77828764915,1.75
4,1,95,2.48565196991,3.5
4,1,95,2.48483014107,3.5
4,1,100,2.77287983894,0.75
4,1,100,2.77021503448,0.75
4,1,46,3.89764142036,3.75
4,1,46,3.89778399467,3.75
4,1,89,2.61042833328,1.75
4,1,89,2.60748171806,1.75
4,1,102,2.47840309143,1.5
4,1,102,2.49010300636,1.5
4,1,3,2.31928420067,3.5
4,1,3,2.31900262833,3.5
4,1,40,3.71715474129,4.0
4,1,40,3.7190310955,4.0
4,1,91,3.11370706558,2.25
4,1,91,3.11266422272,2.25
4,1,96,2.75557732582,2.75
4,1,96,2.75536203384,2.75
4,1,13,1.89196574688,1.5
4,1,13,1.89179134369,1.5
4,1,42,3.47992968559,1.75
4,1,42,3.47665023804,1.75
4,1,69,4.41049098969,5.5
4,1,69,4.40415620804,5.5
4,1,98,3.28473448753,3.25
4,1,98,3.28839921951,3.25
4,1,15,1.99061572552,0.75
4,1,15,1.99262678623,0.75
4,1,71,4.37992763519,2.125
4,1,71,4.38091135025,2.125
4,1,108,3.62416934967,3.25
4,1,108,3.6193985939,3.25
4,1,9,1.68321418762,1.0
4,1,9,1.68230414391,1.0
4,1,65,3.9920501709,4.75
4,1,65,3.99499082565,4.75
4,1,110,3.0812087059,4.0
4,1,110,3.07862854004,4.0
4,1,11,1.44581246376,1.0
4,1,11,1.45352399349,1.0
4,1,67,3.55747270584,1.75
4,1,67,3.55656003952,1.75
4,1,104,1.80399179459,1.25
4,1,104,1.80177307129,1.25
4,1,53,4.43092679977,2.5
4,1,53,4.42994737625,2.5
4,1,77,3.95700502396,2.625
4,1,77,3.95885920525,2.625
4,1,106,3.03430294991,2.125
4,1,106,3.03329014778,2.125
4,1,55,3.85049033165,2.5
4,1,55,3.85701990128,2.5
4,1,79,4.04982662201,6.75
4,1,79,4.05181503296,6.75
4,1,49,4.34510803223,4.25
4,1,49,4.34194898605,4.25
4,1,73,4.24622821808,4.25
4,1,73,4.24403238297,4.25
4,1,22,2.15473818779,1.25
4,1,22,2.15493059158,1.25
4,1,51,4.53969907761,2.75
4,1,51,4.54017925262,2.75
4,1,75,3.81863832474,4.75
4,1,75,3.81756734848,4.75
4,1,16,2.16647577286,1.0
4,1,16,2.16887927055,1.0
4,1,117,2.78849864006,1.25
4,1,117,2.78354477882,1.25
4,1,63,2.05012488365,1.0
4,1,63,2.04829335213,1.0
4,1,28,3.4399023056,2.625
4,1,28,3.44111680984,2.625
4,1,57,3.99864315987,2.75
4,1,57,3.99041485786,2.75
4,1,84,2.86560893059,2.5
4,1,84,2.8611664772,2.5
4,1,113,2.59198379517,3.25
4,1,113,2.59618663788,3.25
4,1,30,3.39149904251,1.125
4,1,30,3.39442920685,1.125
4,1,59,4.52875423431,1.875
4,1,59,4.52752590179,1.875
4,1,86,2.29619002342,1.66667
4,1,86,2.29227113724,1.66667
4,1,115,2.82023882866,3.5
4,1,115,2.82425355911,3.5
4,1,24,3.42021298409,2.0
4,1,24,3.42029237747,2.0
4,1,37,3.60078334808,2.25
4,1,37,3.59880781174,2.25
4,1,80,3.61006188393,3.5
4,1,80,3.61428546906,3.5
4,1,26,4.00848388672,4.375
4,1,26,4.00411462784,4.375
4,1,39,3.93033957481,2.5
4,1,39,3.92810344696,2.5
4,1,82,2.76461434364,6.5
4,1,82,2.76778888702,6.5
4,1,4,1.78308427334,1.5
4,1,4,1.77884435654,1.5
4,1,33,2.91365289688,1.5
4,1,33,2.91404151917,1.5
4,1,92,3.45289230347,2.0
4,1,92,3.45065331459,2.0
4,1,6,1.94740664959,1.5
4,1,6,1.94846737385,1.5
4,1,35,3.17193508148,1.75
4,1,35,3.17608880997,1.75
4,1,94,2.62622952461,1.5
4,1,94,2.62835645676,1.5
4,1,45,4.21473789215,2.125
4,1,45,4.21458625793,2.125
4,1,88,2.62007594109,1.5
4,1,88,2.6195063591,1.5
4,1,101,2.71895289421,3.875
4,1,101,2.71963095665,3.875
4,1,47,3.68077850342,2.125
4,1,47,3.67974233627,2.125
4,1,90,3.86935544014,1.375
4,1,90,3.86197352409,1.375
4,1,103,3.35120534897,1.0
4,1,103,3.35014629364,1.0
4,1,12,2.0625064373,2.5
4,1,12,2.06173062325,2.5
4,1,41,4.33363008499,2.5
4,1,41,4.33458375931,2.5
4,1,68,3.96115684509,5.5
4,1,68,3.95949149132,5.5
4,1,97,2.83386588097,1.625
4,1,97,2.83393216133,1.625
4,1,70,4.17412185669,5.25
4,1,70,4.17501497269,5.25
4,1,99,3.64585494995,2.375
4,1,99,3.64497876167,2.375
4,1,8,1.64604401588,0.75
4,1,8,1.64531445503,0.75
4,1,64,3.85162210464,3.5
4,1,64,3.85037899017,3.5
4,1,109,3.46445202827,2.75
4,1,109,3.46373605728,2.75
4,1,10,1.5246938467,3.0
4,1,10,1.52314662933,3.0
4,1,66,1.75576984882,1.0
4,1,66,1.76179778576,1.0
4,1,111,2.88775110245,3.5
4,1,111,2.88749289513,3.5
4,1,52,3.99407172203,3.25
4,1,52,3.99478077888,3.25
4,1,105,3.14236307144,3.625
4,1,105,3.13885354996,3.625
4,1,54,4.58325958252,3.375
4,1,54,4.58035707474,3.375
4,1,78,3.73846125603,3.25
4,1,78,3.73693299294,3.25
4,1,48,4.58152341843,1.5
4,1,48,4.58208370209,1.5
4,1,72,2.70701360703,2.375
4,1,72,2.70477080345,2.375
4,1,50,3.86088776588,2.0
4,1,50,3.86293625832,2.0
4,1,74,3.53805565834,3.5
4,1,74,3.53761363029,3.5
4,1,23,1.85491716862,1.0
4,1,23,1.8511441946,1.0
4,1,116,3.21844696999,1.75
4,1,116,3.22527217865,1.75
4,1,118,5.27629613876,4.5
4,1,118,5.27660226822,4.5
4,1,56,3.83065629005,2.0
4,1,56,3.83162093163,2.0
4,1,112,2.77687478065,1.0
4,1,112,2.77602171898,1.0
7,1,40,4.97640562057,5.5
7,1,40,4.97319889069,5.5
7,1,3,4.17427825928,4.75
7,1,3,4.53950834274,4.75
7,1,102,4.23645973206,4.25
7,1,102,4.28254652023,4.25
7,1,46,5.26134490967,4.0
7,1,46,4.63787889481,4.0
7,1,1,3.85202884674,3.5
7,1,1,3.84333133698,3.5
7,1,44,4.76156282425,6.25
7,1,44,4.60809326172,6.25
7,1,7,4.80394220352,2.25
7,1,7,4.12708568573,2.25
7,1,90,4.48805522919,4.0
7,1,90,4.44493246078,4.0
7,1,34,4.81678819656,5.5
7,1,34,4.91540718079,5.5
7,1,5,4.20706605911,4.75
7,1,5,4.38334274292,4.75
7,1,88,4.75478649139,6.5
7,1,88,4.49315261841,6.5
7,1,32,4.51314401627,3.75
7,1,32,4.93708181381,3.75
7,1,94,5.11416625977,3.0
7,1,94,4.66024017334,3.0
7,1,38,4.56166982651,3.5
7,1,38,4.36589479446,3.5
7,1,92,4.73318529129,5.75
7,1,92,4.41002607346,5.75
7,1,36,4.50130271912,4.25
7,1,36,4.31681871414,4.25
7,1,82,4.74142313004,5.25
7,1,82,4.21024370193,5.25
7,1,26,4.85954093933,3.0
7,1,26,4.89098024368,3.0
7,1,80,4.21744918823,2.0
7,1,80,4.75080919266,2.0
7,1,24,5.05754756927,5.0
7,1,24,4.87825679779,5.0
7,1,86,4.74896144867,3.25
7,1,86,4.79974937439,3.25
7,1,59,4.22415733337,5.25
7,1,59,4.45333337784,5.25
7,1,30,4.1787610054,3.0
7,1,30,3.93473577499,3.0
7,1,84,4.39512729645,4.75
7,1,84,3.49049568176,4.75
7,1,57,4.95537948608,4.25
7,1,57,4.99191331863,4.25
7,1,28,4.37262773514,5.25
7,1,28,4.65056753159,5.25
7,1,74,3.94821119308,4.25
7,1,74,4.9079117775,4.25
7,1,63,4.82348632812,5.5
7,1,63,4.80897521973,5.5
7,1,18,4.49324178696,6.0
7,1,18,4.75239562988,6.0
7,1,72,4.91084241867,2.0
7,1,72,4.73603916168,2.0
7,1,61,3.8439514637,5.0
7,1,61,4.72404766083,5.0
7,1,107,4.53648376465,4.0
7,1,107,3.69164681435,4.0
7,1,78,3.65994524956,4.0
7,1,78,3.46604037285,4.0
7,1,51,5.02541208267,3.5
7,1,51,4.74237728119,3.5
7,1,22,4.2565574646,3.75
7,1,22,4.48020935059,3.75
7,1,105,4.72065353394,4.75
7,1,105,4.37260580063,4.75
7,1,76,5.11176919937,2.75
7,1,76,4.7573800087,2.75
7,1,49,4.66984796524,4.5
7,1,49,5.04444265366,4.5
7,1,20,4.17961025238,5.25
7,1,20,4.75853061676,5.25
7,1,66,3.75368094444,4.25
7,1,66,3.35835766792,4.25
7,1,55,4.43663311005,2.5
7,1,55,4.11573934555,2.5
7,1,10,4.55546808243,2.75
7,1,10,4.7588429451,2.75
7,1,109,3.99839091301,6.25
7,1,109,4.29018783569,6.25
7,1,64,4.03151512146,5.0
7,1,64,3.26624631882,5.0
7,1,53,4.99216651917,5.5
7,1,53,4.86179304123,5.5
7,1,8,5.03779792786,4.5
7,1,8,4.77912902832,4.5
7,1,70,4.72782850266,5.5
7,1,70,4.72913122177,5.5
7,1,43,4.86339473724,3.5
7,1,43,4.9779381752,3.5
7,1,14,2.36712646484,1.75
7,1,14,3.12331676483,1.75
7,1,97,3.84071826935,5.5
7,1,97,3.94025444984,5.5
7,1,68,3.62611842155,4.25
7,1,68,3.5827319622,4.25
7,1,41,4.00148916245,4.75
7,1,41,4.57673549652,4.75
7,1,12,3.69748473167,5.0
7,1,12,3.15164065361,5.0
7,1,103,3.71527147293,3.25
7,1,103,4.45988607407,3.25
7,1,47,4.95861101151,4.5
7,1,47,4.99798727036,4.5
7,1,2,3.91271948814,5.5
7,1,2,4.53982448578,5.5
7,1,101,4.47621154785,4.0
7,1,101,4.01767158508,4.0
7,1,45,5.0513625145,4.5
7,1,45,4.51964426041,4.5
7,1,35,4.71312189102,6.0
7,1,35,5.12639522552,6.0
7,1,89,4.40591859818,5.25
7,1,89,4.5480093956,5.25
7,1,33,4.66013669968,4.75
7,1,33,4.25646209717,4.75
7,1,4,4.45778226852,3.25
7,1,4,4.33521795273,3.25
7,1,95,4.3093123436,4.75
7,1,95,4.79694890976,4.75
7,1,39,4.48265314102,5.5
7,1,39,4.5617275238,5.5
7,1,93,4.27313423157,4.25
7,1,93,4.92497587204,4.25
7,1,37,4.6091375351,4.25
7,1,37,4.33875751495,4.25
7,1,83,4.75718736649,4.75
7,1,83,4.45905303955,4.75
7,1,27,4.66713237762,4.25
7,1,27,4.98727703094,4.25
7,1,81,4.60108137131,4.0
7,1,81,4.86361646652,4.0
7,1,25,3.9471321106,4.5
7,1,25,4.79735898972,4.5
7,1,31,4.7358341217,4.5
7,1,31,3.71349954605,4.5
7,1,58,4.57036113739,6.0
7,1,58,3.8723950386,6.0
7,1,29,4.78130102158,4.25
7,1,29,4.32122325897,4.25
7,1,75,4.97830438614,4.75
7,1,75,4.35767650604,4.75
7,1,19,4.64082193375,4.75
7,1,19,4.38908958435,4.75
7,1,73,4.6264166832,1.0
7,1,73,4.60691261292,1.0
7,1,62,4.50907945633,4.5
7,1,62,4.69329404831,4.5
7,1,79,4.95985507965,3.0
7,1,79,3.65842461586,3.0
7,1,60,4.32657623291,3.25
7,1,60,4.38503456116,3.25
7,1,23,4.57494354248,4.0
7,1,23,4.59585237503,4.0
7,1,106,5.07905721664,4.75
7,1,106,4.19445753098,4.75
7,1,50,4.96991729736,5.0
7,1,50,4.91140985489,5.0
7,1,104,4.65550851822,4.75
7,1,104,4.12226247787,4.75
7,1,67,2.99998450279,4.75
7,1,67,3.45211958885,4.75
7,1,48,5.01253271103,1.5
7,1,48,4.74872303009,1.5
7,1,11,2.45482325554,1.75
7,1,11,2.45988225937,1.75
7,1,65,2.31397104263,5.25
7,1,65,2.82826805115,5.25
7,1,54,4.91823101044,5.5
7,1,54,4.56958866119,5.5
7,1,9,4.42114925385,2.0
7,1,9,4.0934009552,2.0
7,1,108,4.10454750061,2.75
7,1,108,4.0449757576,2.75
7,1,71,4.35400915146,4.75
7,1,71,4.91611194611,4.75
7,1,52,4.76673269272,0.75
7,1,52,5.16188716888,0.75
7,1,98,4.36749172211,3.25
7,1,98,4.59588909149,3.25
7,1,69,4.18152284622,5.5
7,1,69,4.37652158737,5.5
7,1,42,5.06260824203,3.0
7,1,42,5.27806758881,3.0
7,1,13,3.24051403999,3.0
7,1,13,3.32538247108,3.0
7,1,96,4.20537424088,5.5
7,1,96,4.85274028778,5.5
7,2,77,4.05929422379,4.25
7,2,77,3.94359898567,4.25
7,2,102,4.05307245255,5.25
7,2,102,3.56291532516,5.25
7,2,3,3.4899289608,5.75
7,2,3,3.8297996521,5.75
7,2,75,3.63787674904,3.5
7,2,75,3.96596360207,3.5
7,2,100,2.3154630661,1.75
7,2,100,2.80204987526,1.75
7,2,1,2.13799500465,4.25
7,2,1,2.52182340622,4.25
7,2,73,2.54432368279,3.25
7,2,73,3.34987258911,3.25
7,2,98,3.6917552948,3.75
7,2,98,4.2045507431,3.75
7,2,63,3.32210683823,5.25
7,2,63,4.12511062622,5.25
7,2,71,2.94897699356,4.0
7,2,71,3.32336187363,4.0
7,2,96,4.13808107376,3.5
7,2,96,3.94466876984,3.5
7,2,61,2.39173078537,5.5
7,2,61,3.22212433815,5.5
7,2,69,3.40797734261,4.25
7,2,69,4.13672780991,4.25
7,2,30,3.25777077675,3.0
7,2,30,3.76760292053,3.0
7,2,28,3.97787737846,5.75
7,2,28,4.44827651978,5.75
7,2,57,2.69245672226,1.5
7,2,57,3.55513191223,1.5
7,2,65,4.26514196396,5.0
7,2,65,3.38727045059,5.0
7,2,26,3.32033467293,4.25
7,2,26,4.12012290955,4.25
7,2,55,2.78259181976,4.0
7,2,55,3.27384448051,4.0
7,2,24,3.81978034973,3.75
7,2,24,3.64415669441,3.75
7,2,53,3.46216130257,5.0
7,2,53,3.57960391045,5.0
7,2,22,4.28779125214,3.0
7,2,22,4.17027139664,3.0
7,2,51,3.67730426788,4.75
7,2,51,3.59656429291,4.75
7,2,94,3.13520550728,3.25
7,2,94,3.818141222,3.25
7,2,20,4.6758646965,5.5
7,2,20,4.09896993637,5.5
7,2,49,3.77797722816,4.0
7,2,49,4.42393159866,4.0
7,2,92,3.33252906799,4.66667
7,2,92,3.90389704704,4.66667
7,2,18,3.0987765789,3.5
7,2,18,4.01007032394,3.5
7,2,47,4.84806156158,4.0
7,2,47,4.94499349594,4.0
7,2,90,4.15555095673,4.0
7,2,90,4.03517770767,4.0
7,2,16,3.99508976936,5.0
7,2,16,4.13573169708,5.0
7,2,45,3.93856668472,2.5
7,2,45,4.37851047516,2.5
7,2,88,3.35206007957,5.0
7,2,88,3.86744451523,5.0
7,2,14,4.4481844902,5.5
7,2,14,4.55305099487,5.5
7,2,43,4.63900136948,2.75
7,2,43,4.5092959404,2.75
7,2,86,3.72080016136,2.5
7,2,86,4.37809324265,2.5
7,2,12,4.07129144669,4.25
7,2,12,4.0681977272,4.25
7,2,84,3.61770343781,3.75
7,2,84,4.21696949005,3.75
7,2,10,3.07076334953,4.0
7,2,10,3.87777543068,4.0
7,2,39,3.38071203232,4.0
7,2,39,3.86014699936,4.0
7,2,82,3.4642124176,3.25
7,2,82,3.87337636948,3.25
7,2,8,2.74551653862,4.0
7,2,8,3.40388727188,4.0
7,2,37,3.93893933296,3.5
7,2,37,4.34885692596,3.5
7,2,80,3.54114413261,4.0
7,2,80,3.9972410202,4.0
7,2,109,2.93581485748,5.25
7,2,109,3.4575150013,5.25
7,2,6,4.01336717606,4.0
7,2,6,4.36756658554,4.0
7,2,35,2.67532396317,3.5
7,2,35,3.79079794884,3.5
7,2,78,3.13796567917,5.0
7,2,78,2.86062598228,5.0
7,2,107,3.93977189064,4.5
7,2,107,4.38465976715,4.5
7,2,4,4.14710664749,3.0
7,2,4,3.64718961716,3.0
7,2,33,3.38631868362,1.5
7,2,33,3.63320732117,1.5
7,2,76,3.49832844734,4.5
7,2,76,4.22991514206,4.5
7,2,105,3.6779499054,3.0
7,2,105,4.40443134308,3.0
7,2,2,2.93533062935,2.75
7,2,2,3.24109125137,2.75
7,2,74,2.90332055092,2.5
7,2,74,3.80609345436,2.5
7,2,103,3.11596798897,4.25
7,2,103,4.21853017807,4.25
7,2,72,4.71165561676,4.25
7,2,72,4.22918272018,4.25
7,2,70,3.78318095207,3.25
7,2,70,4.00702667236,3.25
7,2,99,3.74324202538,4.25
7,2,99,3.77254247665,4.25
7,2,60,2.30059599876,4.0
7,2,60,2.67106151581,4.0
7,2,68,3.84771132469,6.5
7,2,68,3.59994316101,6.5
7,2,97,2.15690302849,3.0
7,2,97,3.92117166519,3.0
7,2,58,3.25669646263,4.0
7,2,58,2.72432374954,4.0
7,2,66,3.99813652039,5.5
7,2,66,3.59118914604,5.5
7,2,31,3.20878982544,3.75
7,2,31,3.94810676575,3.75
7,2,56,3.27301645279,4.75
7,2,56,3.38632369041,4.75
7,2,64,3.34482955933,3.25
7,2,64,2.79151010513,3.25
7,2,29,3.61445760727,1.75
7,2,29,3.62752985954,1.75
7,2,27,4.36273193359,4.25
7,2,27,3.90863204002,4.25
7,2,52,3.97689843178,3.25
7,2,52,4.27488517761,3.25
7,2,25,3.75575995445,4.75
7,2,25,4.46755504608,4.75
7,2,50,4.26118135452,4.25
7,2,50,4.78354978561,4.25
7,2,23,3.70389962196,1.75
7,2,23,3.75636911392,1.75
7,2,48,4.67043352127,3.75
7,2,48,4.64796161652,3.75
7,2,95,2.80503368378,2.5
7,2,95,3.37418627739,2.5
7,2,21,3.78501534462,1.5
7,2,21,3.60426974297,1.5
7,2,46,2.57779359818,4.75
7,2,46,3.59003019333,4.75
7,2,93,2.64073705673,4.75
7,2,93,3.76529574394,4.75
7,2,19,3.60700845718,4.5
7,2,19,3.90101337433,4.5
7,2,44,3.44113016129,4.5
7,2,44,3.66315102577,4.5
7,2,91,3.72946214676,3.75
7,2,91,4.15620326996,3.75
7,2,17,4.66380119324,6.0
7,2,17,4.1323928833,6.0
7,2,42,4.69072055817,3.0
7,2,42,4.70490026474,3.0
7,2,89,3.62075161934,3.0
7,2,89,4.11660575867,3.0
7,2,40,3.54156160355,5.25
7,2,40,4.50168657303,5.25
7,2,87,3.24068117142,4.5
7,2,87,4.43295288086,4.5
7,2,13,3.38737392426,4.75
7,2,13,2.94420933723,4.75
7,2,38,4.3400645256,5.25
7,2,38,4.10212230682,5.25
7,2,85,3.40091371536,2.5
7,2,85,4.38672494888,2.5
7,2,110,2.24594926834,4.75
7,2,110,2.94087576866,4.75
7,2,11,2.13642477989,2.75
7,2,11,2.9853181839,2.75
7,2,36,3.9161324501,2.5
7,2,36,3.77276706696,2.5
7,2,83,3.54722809792,5.0
7,2,83,4.95024204254,5.0
7,2,108,3.34106850624,5.5
7,2,108,3.73245787621,5.5
7,2,9,3.10859298706,4.0
7,2,9,4.0340385437,4.0
7,2,34,3.47529697418,4.25
7,2,34,3.30087447166,4.25
7,2,106,3.37186980247,6.25
7,2,106,4.32956123352,6.25
7,2,7,4.29677391052,5.0
7,2,7,4.22357988358,5.0
7,2,32,3.7118844986,4.5
7,2,32,4.20307922363,4.5
7,2,104,2.58070111275,3.5
7,2,104,3.59261608124,3.5
7,2,5,3.94141483307,3.25
7,2,5,3.56563472748,3.25
8,1,34,3.57661652565,2.5
8,1,34,2.71395087242,2.5
8,1,7,1.7655352354,1.0
8,1,7,2.13718557358,1.0
8,1,94,1.3331335783,1.75
8,1,94,0.916550159454,1.75
8,1,21,3.34035682678,1.75
8,1,21,2.50212526321,1.75
8,1,35,3.58079409599,3.0
8,1,35,2.41964936256,3.0
8,1,49,3.44795417786,2.25
8,1,49,2.32982754707,2.25
8,1,8,2.92889356613,1.0
8,1,8,2.15997099876,1.0
8,1,95,3.20380139351,2.25
8,1,95,2.19689059258,2.25
8,1,22,4.21560668945,3.5
8,1,22,3.62811803818,3.5
8,1,36,3.60045647621,3.75
8,1,36,2.34365797043,3.75
8,1,50,1.75613832474,1.0
8,1,50,2.47275280952,1.0
8,1,9,3.40048456192,2.0
8,1,9,2.6257185936,2.0
8,1,64,2.95141983032,1.25
8,1,64,2.35262036324,1.25
8,1,23,4.30707788467,3.25
8,1,23,3.04891848564,3.25
8,1,37,3.00804376602,1.75
8,1,37,2.41138505936,1.75
8,1,51,0.992899954319,1.0
8,1,51,0.835328102112,1.0
8,1,10,1.84163606167,1.75
8,1,10,2.41129732132,1.75
8,1,65,1.73135912418,2.0
8,1,65,2.50690960884,2.0
8,1,24,2.96409106255,3.75
8,1,24,2.47288560867,3.75
8,1,38,3.72538399696,2.25
8,1,38,2.55535435677,2.25
8,1,52,2.49076414108,1.25
8,1,52,1.94259035587,1.25
8,1,11,1.30394601822,2.0
8,1,11,1.9839861393,2.0
8,1,66,2.84235811234,2.25
8,1,66,2.24319434166,2.25
8,1,25,1.36385083199,2.5
8,1,25,1.16917181015,2.5
8,1,80,1.96191895008,1.75
8,1,80,1.15867221355,1.75
8,1,39,3.38335704803,3.0
8,1,39,2.24254369736,3.0
8,1,53,2.02099108696,2.25
8,1,53,1.48400723934,2.25
8,1,12,1.49349582195,1.0
8,1,12,2.51394796371,1.0
8,1,67,1.64848732948,2.25
8,1,67,1.52018868923,2.25
8,1,26,2.52606487274,2.75
8,1,26,2.19459319115,2.75
8,1,81,2.87548828125,2.25
8,1,81,2.24039006233,2.25
8,1,40,3.22453689575,1.75
8,1,40,2.39211988449,1.75
8,1,54,3.16086769104,3.0
8,1,54,2.88493824005,3.0
8,1,68,2.00966858864,1.5
8,1,68,2.53232717514,1.5
8,1,27,2.26290869713,2.0
8,1,27,1.78034567833,2.0
8,1,82,2.71031475067,1.75
8,1,82,2.16397309303,1.75
8,1,41,1.81290340424,1.5
8,1,41,1.83642435074,1.5
8,1,96,2.81680178642,2.5
8,1,96,1.92978179455,2.5
8,1,69,2.86943078041,2.5
8,1,69,2.52824115753,2.5
8,1,28,1.23884606361,1.0
8,1,28,2.25614070892,1.0
8,1,42,2.92732143402,3.5
8,1,42,2.29156064987,3.5
8,1,97,4.11554956436,2.25
8,1,97,3.67407894135,2.25
8,1,29,3.84878730774,3.25
8,1,29,2.65661811829,3.25
8,1,43,2.64943027496,1.75
8,1,43,1.98391282558,1.75
8,1,98,1.91848361492,0.75
8,1,98,2.66689372063,0.75
8,1,30,3.68152546883,2.5
8,1,30,2.462195158,2.5
8,1,85,2.47168087959,2.0
8,1,85,1.80326426029,2.0
8,1,44,2.96278262138,3.25
8,1,44,2.16391515732,3.25
8,1,58,1.23393213749,1.0
8,1,58,0.807740628719,1.0
8,1,31,3.07725334167,1.25
8,1,31,2.37516689301,1.25
8,1,86,2.49150776863,1.25
8,1,86,2.85314202309,1.25
8,1,59,1.57571101189,1.5
8,1,59,2.58211708069,1.5
8,1,73,2.17653155327,2.75
8,1,73,1.79927921295,2.75
8,1,87,2.51331853867,1.0
8,1,87,2.2335190773,1.0
8,1,60,1.37644326687,2.5
8,1,60,1.17720031738,2.5
8,1,74,2.41282320023,2.5
8,1,74,1.80018150806,2.5
8,1,88,1.70957136154,2.25
8,1,88,2.41377186775,2.25
8,1,61,2.95732045174,2.75
8,1,61,2.10134220123,2.75
8,1,75,3.41078996658,3.0
8,1,75,3.50321388245,3.0
8,1,2,4.33478498459,2.75
8,1,2,3.90328907967,2.75
8,1,89,2.87271428108,3.5
8,1,89,2.12628054619,3.5
8,1,16,4.37279510498,2.75
8,1,16,2.84385418892,2.75
8,1,62,0.612362802029,1.5
8,1,62,0.373596996069,1.5
8,1,76,2.53128170967,1.0
8,1,76,1.82702815533,1.0
8,1,3,3.41541552544,2.5
8,1,3,2.77851247787,2.5
8,1,17,4.10844135284,3.25
8,1,17,3.41298627853,3.25
8,1,63,2.38262104988,1.0
8,1,63,2.70687437057,1.0
8,1,77,3.16565823555,3.25
8,1,77,2.37914991379,3.25
8,1,4,2.31343865395,1.75
8,1,4,1.53017675877,1.75
8,1,91,2.05844283104,2.75
8,1,91,1.39442420006,2.75
8,1,18,3.35817694664,3.75
8,1,18,3.04911780357,3.75
8,1,32,3.04566788673,2.75
8,1,32,2.17159748077,2.75
8,1,78,1.55006074905,2.75
8,1,78,1.7901250124,2.75
8,1,5,2.61785984039,2.0
8,1,5,1.96828484535,2.0
8,1,92,2.23372745514,1.5
8,1,92,2.10914444923,1.5
8,1,19,3.29351186752,2.25
8,1,19,2.76531887054,2.25
8,1,33,3.20182967186,1.75
8,1,33,2.41322302818,1.75
8,1,79,2.19122099876,2.0
8,1,79,1.69720494747,2.0
8,1,6,1.68966698647,1.5
8,1,6,2.35820317268,1.5
8,1,93,1.40130996704,1.75
8,1,93,2.31169724464,1.75
8,1,20,3.33586573601,2.5
8,1,20,1.91717171669,2.5
8,2,17,4.54765701294,3.5
8,2,17,4.55225896835,3.5
8,2,91,1.93216538429,2.25
8,2,91,1.9316534996,2.25
8,2,19,1.65088844299,2.0
8,2,19,1.65190207958,2.0
8,2,93,1.85077166557,4.25
8,2,93,1.84377968311,4.25
8,2,96,1.76860880852,2.0
8,2,96,1.77014613152,2.0
8,2,21,3.84870028496,2.25
8,2,21,3.84808492661,2.25
8,2,56,2.14437437057,2.0
8,2,56,2.14762163162,2.0
8,2,95,3.493663311,2.0
8,2,95,3.49451851845,2.0
8,2,98,2.40170550346,3.0
8,2,98,2.40205740929,3.0
8,2,23,4.09073019028,2.5
8,2,23,4.0958199501,2.5
8,2,58,3.69455432892,3.0
8,2,58,3.69556641579,3.0
8,2,100,3.61621713638,3.25
8,2,100,3.61013650894,3.25
8,2,25,3.8204870224,2.75
8,2,25,3.82430839539,2.75
8,2,60,2.10984921455,3.5
8,2,60,2.10434031487,3.5
8,2,67,2.78241944313,1.625
8,2,67,2.77504897118,1.625
8,2,27,1.6933400631,4.0
8,2,27,1.69385373592,4.0
8,2,62,3.63972973824,1.75
8,2,62,3.64585399628,1.75
8,2,69,1.3247115612,3.5
8,2,69,1.32451689243,3.5
8,2,29,4.88620424271,4.75
8,2,29,4.88308763504,4.75
8,2,32,4.14086723328,4.0
8,2,32,4.14236497879,4.0
8,2,71,1.95517110825,2.0
8,2,71,1.95368087292,2.0
8,2,31,3.73064136505,2.75
8,2,31,3.72649502754,2.75
8,2,34,3.56360220909,3.5
8,2,34,3.55987739563,3.5
8,2,73,1.57517254353,3.5
8,2,73,1.5779671669,3.5
8,2,36,4.31352806091,3.75
8,2,36,4.31596040726,3.75
8,2,75,1.72809958458,4.0
8,2,75,1.72765922546,4.0
8,2,38,4.77831077576,3.75
8,2,38,4.77756977081,3.75
8,2,77,1.79115772247,4.75
8,2,77,1.79002964497,4.75
8,2,5,1.29429769516,3.75
8,2,5,1.2971996069,3.75
8,2,40,4.65611314774,2.0
8,2,40,4.65493202209,2.0
8,2,79,3.55081319809,4.0
8,2,79,3.54927444458,4.0
8,2,7,1.63598275185,1.5
8,2,7,1.63711202145,1.5
8,2,42,4.26430845261,3.5
8,2,42,4.26547765732,3.5
8,2,9,1.76647222042,2.0
8,2,9,1.76610267162,2.0
8,2,44,4.11933708191,3.25
8,2,44,4.11831188202,3.25
8,2,11,3.40501761436,3.0
8,2,11,3.40167593956,3.0
8,2,46,4.10228729248,3.25
8,2,46,4.0995593071,3.25
8,2,80,3.92754769325,3.25
8,2,80,3.92326998711,3.25
8,2,15,3.6541659832,2.25
8,2,15,3.65337872505,2.25
8,2,49,4.21542739868,4.0
8,2,49,4.21401500702,4.0
8,2,84,3.6489443779,3.5
8,2,84,3.64206933975,3.5
8,2,86,2.53187251091,3.25
8,2,86,2.53273010254,3.25
8,2,88,3.86485099792,3.75
8,2,88,3.86287975311,3.75
8,2,16,4.79975938797,4.0
8,2,16,4.79977035522,4.0
8,2,55,3.227186203,3.75
8,2,55,3.22614073753,3.75
8,2,90,1.34769666195,1.5
8,2,90,1.34780490398,1.5
8,2,97,4.11639213562,4.25
8,2,97,4.11747455597,4.25
8,2,18,4.34956884384,3.5
8,2,18,4.35079193115,3.5
8,2,57,4.08788061142,4.75
8,2,57,4.08718729019,4.75
8,2,92,3.57518196106,2.0
8,2,92,3.57750916481,2.0
8,2,99,2.60229158401,4.0
8,2,99,2.60669541359,4.0
8,2,20,4.58605098724,3.75
8,2,20,4.5851392746,3.75
8,2,59,3.1808488369,4.5
8,2,59,3.1801636219,4.5
8,2,94,1.53455758095,3.0
8,2,94,1.53491675854,3.0
8,2,101,3.28461265564,2.75
8,2,101,3.28566908836,2.75
8,2,22,4.608522892,2.25
8,2,22,4.60912942886,2.25
8,2,61,3.64100861549,4.0
8,2,61,3.63812088966,4.0
8,2,64,4.42712831497,4.75
8,2,64,4.43273591995,4.75
8,2,24,2.96346902847,3.0
8,2,24,2.96078848839,3.0
8,2,63,4.32889509201,5.25
8,2,63,4.32769775391,5.25
8,2,26,2.43968105316,4.0
8,2,26,2.44029021263,4.0
8,2,33,1.69070446491,2.25
8,2,33,1.68523645401,2.25
8,2,68,3.21070456505,2.75
8,2,68,3.21236681938,2.75
8,2,28,1.77114439011,2.5
8,2,28,1.77253520489,2.5
8,2,35,4.12355184555,3.5
8,2,35,4.12314796448,3.5
8,2,70,2.58151745796,4.0
8,2,70,2.58195662498,4.0
8,2,30,4.3832821846,4.25
8,2,30,4.38655471802,4.25
8,2,37,4.52567529678,2.25
8,2,37,4.52916574478,2.25
8,2,72,2.1130964756,3.5
8,2,72,2.11616396904,3.5
8,2,39,4.32407331467,2.0
8,2,39,4.32057666779,2.0
8,2,74,1.49592971802,3.75
8,2,74,1.49520814419,3.75
8,2,41,3.63684225082,4.0
8,2,41,3.6340303421,4.0
8,2,76,3.88268756866,3.25
8,2,76,3.8852956295,3.25
8,2,4,1.56004583836,3.25
8,2,4,1.5598410368,3.25
8,2,43,1.32377254963,2.75
8,2,43,1.32712328434,2.75
8,2,78,1.94357192516,3.25
8,2,78,1.94730067253,3.25
8,2,6,1.07485604286,1.75
8,2,6,1.07356727123,1.75
8,2,45,4.41002941132,2.25
8,2,45,4.40974807739,2.25
8,2,8,4.00795269012,4.25
8,2,8,4.00626707077,4.25
8,2,47,1.38461065292,2.75
8,2,47,1.38559091091,2.75
8,2,10,2.08204603195,1.75
8,2,10,2.08130288124,1.75
8,2,83,1.66102707386,2.75
8,2,83,1.66239655018,2.75
8,2,85,1.91554927826,4.5
8,2,85,1.92071378231,4.5
8,2,48,3.93075084686,4.0
8,2,48,3.92884683609,4.0
8,2,87,3.96019220352,2.0
8,2,87,3.9635617733,2.0
8,2,50,4.58295631409,3.0
8,2,50,4.58206033707,3.0
8,2,89,3.85476160049,2.25
8,2,89,3.85283589363,2.25
9,1,81,2.54762291908,2.25
9,1,81,3.11473345757,2.25
9,1,27,3.60436081886,3.75
9,1,27,4.10300827026,3.75
9,1,83,2.58537602425,4.25
9,1,83,3.6389875412,4.25
9,1,29,3.94020605087,2.5
9,1,29,3.00282382965,2.5
9,1,32,3.48578262329,2.75
9,1,32,3.48772335052,2.75
9,1,85,4.48509120941,4.75
9,1,85,4.77068138123,4.75
9,1,31,3.35200548172,3.5
9,1,31,4.15230751038,3.5
9,1,34,3.20492196083,3.25
9,1,34,2.73694300652,3.25
9,1,87,2.26338768005,3.25
9,1,87,3.29798483849,3.25
9,1,36,3.24706530571,3.5
9,1,36,3.44191384315,3.5
9,1,89,3.364620924,2.75
9,1,89,4.11060142517,2.75
9,1,3,3.96637821198,4.75
9,1,3,4.326379776,4.75
9,1,38,3.86265349388,3.5
9,1,38,3.56760430336,3.5
9,1,91,3.70698046684,3.75
9,1,91,3.50162577629,3.75
9,1,5,4.25648975372,5.75
9,1,5,4.08054351807,5.75
9,1,40,3.85324907303,2.25
9,1,40,3.28335762024,2.25
9,1,93,4.13669013977,3.25
9,1,93,4.71161937714,3.25
9,1,96,3.10964345932,4.25
9,1,96,3.60327219963,4.25
9,1,7,4.30250072479,4.25
9,1,7,4.17507553101,4.25
9,1,42,3.91101098061,4.0
9,1,42,3.32697606087,4.0
9,1,95,2.82694745064,4.25
9,1,95,3.54556822777,4.25
9,1,98,4.45714473724,2.25
9,1,98,5.2331943512,2.25
9,1,65,3.41083240509,2.0
9,1,65,3.32950234413,2.0
9,1,100,2.95846199989,4.25
9,1,100,4.04986190796,4.25
9,1,67,3.05522298813,4.25
9,1,67,3.57984209061,4.25
9,1,102,1.96898603439,3.75
9,1,102,3.20064401627,3.75
9,1,69,2.84765148163,5.5
9,1,69,3.83808493614,5.5
9,1,104,3.01670861244,3.0
9,1,104,3.70542788506,3.0
9,1,106,3.92583203316,4.0
9,1,106,3.63901996613,4.0
9,1,73,3.22775197029,3.25
9,1,73,3.71060919762,3.25
9,1,51,3.45859503746,3.5
9,1,51,2.82632446289,3.5
9,1,75,3.0858528614,2.5
9,1,75,4.28935432434,2.5
9,1,110,3.17536067963,4.25
9,1,110,4.33154010773,4.25
9,1,53,3.43302154541,3.0
9,1,53,2.80647540092,3.0
9,1,77,2.49723911285,3.25
9,1,77,3.88000297546,3.25
9,1,16,3.17220830917,1.5
9,1,16,3.39588618279,1.5
9,1,55,3.67092251778,3.5
9,1,55,2.66568803787,3.5
9,1,79,3.68868041039,4.0
9,1,79,3.45486593246,4.0
9,1,18,3.95637726784,3.5
9,1,18,3.84984326363,3.5
9,1,20,3.55178546906,4.0
9,1,20,3.52106809616,4.0
9,1,59,2.37610554695,2.75
9,1,59,3.18730807304,2.75
9,1,22,3.03816723824,3.0
9,1,22,3.03889083862,3.0
9,1,61,3.72975516319,3.5
9,1,61,3.81456589699,3.5
9,1,24,4.03329944611,3.5
9,1,24,3.838514328,3.5
9,1,63,2.15759181976,3.25
9,1,63,2.85603022575,3.25
9,1,80,3.2572927475,3.25
9,1,80,3.769551754,3.25
9,1,26,3.6823091507,4.5
9,1,26,3.77388954163,4.5
9,1,33,3.33002829552,3.75
9,1,33,3.52075147629,3.75
9,1,82,3.38489079475,4.0
9,1,82,3.8221719265,4.0
9,1,28,3.40319228172,2.75
9,1,28,3.78660702705,2.75
9,1,35,3.68299293518,3.5
9,1,35,3.8523247242,3.5
9,1,84,3.52561688423,3.0
9,1,84,4.73304176331,3.0
9,1,30,3.05013275146,3.0
9,1,30,3.72819304466,3.0
9,1,37,3.92999625206,4.5
9,1,37,3.52603912354,4.5
9,1,86,3.45766735077,4.0
9,1,86,4.14598941803,4.0
9,1,39,3.04832172394,2.75
9,1,39,3.61767029762,2.75
9,1,88,2.20667123795,3.25
9,1,88,3.68056750298,3.25
9,1,2,3.47762656212,5.25
9,1,2,4.05683517456,5.25
9,1,41,4.1920337677,3.0
9,1,41,3.3700273037,3.0
9,1,90,2.61171936989,2.75
9,1,90,3.46437478065,2.75
9,1,97,3.74695372581,3.5
9,1,97,4.20100402832,3.5
9,1,4,4.23858833313,5.0
9,1,4,3.97368192673,5.0
9,1,92,3.15539479256,4.0
9,1,92,3.46054601669,4.0
9,1,99,2.20479726791,3.0
9,1,99,3.302267313,3.0
9,1,6,4.53318023682,3.5
9,1,6,3.48029780388,3.5
9,1,94,2.29142212868,3.0
9,1,94,3.92195010185,3.0
9,1,101,3.11594009399,2.25
9,1,101,4.06620407104,2.25
9,1,8,4.30454730988,4.5
9,1,8,3.85495781898,4.5
9,1,64,3.31870388985,4.25
9,1,64,3.56936335564,4.25
9,1,103,2.41733765602,2.25
9,1,103,2.53018951416,2.25
9,1,66,3.64097309113,4.75
9,1,66,3.73308300972,4.75
9,1,105,4.03962898254,3.75
9,1,105,3.88023519516,3.75
9,1,12,3.04952478409,4.75
9,1,12,2.72346138954,4.75
9,1,68,3.05018520355,3.5
9,1,68,3.70890879631,3.5
9,1,107,2.92754149437,4.25
9,1,107,3.31622838974,4.25
9,1,72,2.83477282524,3.75
9,1,72,3.53365135193,3.75
9,1,111,3.75373601913,3.0
9,1,111,4.00633811951,3.0
9,1,50,4.14428138733,3.5
9,1,50,3.15317964554,3.5
9,1,74,2.34949660301,3.0
9,1,74,3.73864746094,3.0
9,1,17,3.71253418922,4.25
9,1,17,4.17225837708,4.25
9,1,52,3.79752230644,2.75
9,1,52,3.3536772728,2.75
9,1,76,2.55892276764,4.0
9,1,76,3.53144288063,4.0
9,1,19,4.22275066376,3.25
9,1,19,3.47667574883,3.25
9,1,54,3.42293095589,2.75
9,1,54,3.2492146492,2.75
9,1,78,2.51970362663,3.5
9,1,78,3.45164227486,3.5
9,1,21,3.59746956825,4.5
9,1,21,3.25297927856,4.5
9,1,56,3.89516973495,3.75
9,1,56,4.27115535736,3.75
9,1,23,4.11984920502,4.5
9,1,23,3.99661922455,4.5
9,1,25,3.56527256966,3.5
9,1,25,2.46197390556,3.5
9,1,60,3.5968747139,4.0
9,1,60,3.39600896835,4.0
9,2,98,3.8648557663,4.5
9,2,98,4.46690750122,4.5
9,2,71,4.96445655823,5.25
9,2,71,5.21891975403,5.25
9,2,100,4.58644866943,5.75
9,2,100,4.93982982635,5.75
9,2,46,3.91124892235,4.75
9,2,46,3.18300199509,4.75
9,2,102,4.56663608551,3.75
9,2,102,4.902094841,3.75
9,2,75,4.21931934357,3.75
9,2,75,4.99197101593,3.75
9,2,16,3.04562425613,2.75
9,2,16,3.27308177948,2.75
9,2,104,4.07448005676,3.25
9,2,104,4.73857307434,3.25
9,2,77,3.9998152256,4.25
9,2,77,4.62904167175,4.25
9,2,18,3.97193908691,4.25
9,2,18,3.35709166527,4.25
9,2,106,4.49398231506,5.25
9,2,106,4.72010231018,5.25
9,2,79,3.97855305672,5.25
9,2,79,4.99970149994,5.25
9,2,20,3.52910780907,3.0
9,2,20,2.80660200119,3.0
9,2,108,4.2146730423,4.25
9,2,108,5.00689125061,4.25
9,2,49,4.1011133194,5.25
9,2,49,4.17263031006,5.25
9,2,22,3.75943827629,3.0
9,2,22,3.49903821945,3.0
9,2,110,3.69207429886,3.25
9,2,110,3.67392039299,3.25
9,2,51,3.87796473503,5.0
9,2,51,3.95282292366,5.0
9,2,24,4.17827224731,1.75
9,2,24,3.09884381294,1.75
9,2,80,3.62633180618,4.75
9,2,80,4.70684146881,4.75
9,2,53,1.44483995438,3.75
9,2,53,1.91497266293,3.75
9,2,26,3.13256072998,3.25
9,2,26,3.42993164062,3.25
9,2,82,3.91331076622,3.0
9,2,82,4.77224159241,3.0
9,2,55,4.31906986237,3.25
9,2,55,3.87157654762,3.25
9,2,28,3.86021137238,4.75
9,2,28,3.60671210289,4.75
9,2,84,3.79338502884,3.75
9,2,84,4.24984169006,3.75
9,2,30,4.26869106293,2.75
9,2,30,3.90250372887,2.75
9,2,113,4.24914741516,5.75
9,2,113,4.20025539398,5.75
9,2,86,3.88921546936,4.0
9,2,86,4.88937950134,4.0
9,2,88,4.30848789215,4.5
9,2,88,5.04876422882,4.5
9,2,2,3.57437586784,4.0
9,2,2,3.36992430687,4.0
9,2,90,3.35219216347,3.25
9,2,90,4.40533065796,3.25
9,2,63,4.09365177155,5.0
9,2,63,4.77063846588,5.0
9,2,4,3.4914047718,5.25
9,2,4,3.83376288414,5.25
9,2,92,4.0804643631,4.25
9,2,92,5.18250370026,4.25
9,2,33,3.1601369381,3.0
9,2,33,2.61978816986,3.0
9,2,6,4.139503479,5.75
9,2,6,4.64766979218,5.75
9,2,94,3.94114995003,4.0
9,2,94,4.716837883,4.0
9,2,35,2.8446059227,2.5
9,2,35,2.5873734951,2.5
9,2,8,3.12130236626,4.5
9,2,8,3.39713525772,4.5
9,2,64,3.6931374073,4.5
9,2,64,4.48531913757,4.5
9,2,37,2.59602642059,3.75
9,2,37,2.82995891571,3.75
9,2,10,3.60820817947,4.75
9,2,10,4.1248292923,4.75
9,2,66,4.99388599396,5.5
9,2,66,4.69768428802,5.5
9,2,39,3.64067101479,4.0
9,2,39,3.12594676018,4.0
9,2,12,3.89226913452,5.5
9,2,12,4.02143955231,5.5
9,2,68,4.22356128693,3.25
9,2,68,3.90923953056,3.25
9,2,41,4.21335887909,4.5
9,2,41,4.1960515976,4.5
9,2,97,4.08178424835,3.75
9,2,97,4.61624145508,3.75
9,2,70,4.67742919922,4.75
9,2,70,4.88810062408,4.75
9,2,99,4.51386547089,4.5
9,2,99,4.77744483948,4.5
9,2,45,1.62070250511,3.0
9,2,45,2.44412136078,3.0
9,2,101,4.37750339508,3.75
9,2,101,4.61400318146,3.75
9,2,74,4.14923191071,5.25
9,2,74,5.00908184052,5.25
9,2,47,3.44943380356,5.0
9,2,47,3.64530825615,5.0
9,2,103,3.736317873,3.0
9,2,103,4.38978672028,3.0
9,2,76,3.54704451561,3.25
9,2,76,4.69725322723,3.25
9,2,17,3.608689785,4.0
9,2,17,3.90304636955,4.0
9,2,105,4.41895008087,4.5
9,2,105,4.91439437866,4.5
9,2,78,4.05217075348,5.5
9,2,78,4.60476207733,5.5
9,2,19,3.48219060898,3.25
9,2,19,3.87839651108,3.25
9,2,107,3.44693541527,3.75
9,2,107,3.83384823799,3.75
9,2,48,3.69986152649,5.0
9,2,48,3.71725177765,5.0
9,2,21,3.49376654625,3.75
9,2,21,3.05672383308,3.75
9,2,109,4.11585140228,2.25
9,2,109,4.48804759979,2.25
9,2,50,3.41116905212,4.0
9,2,50,3.1608145237,4.0
9,2,23,2.99613857269,2.75
9,2,23,2.89789223671,2.75
9,2,111,3.94145917892,4.0
9,2,111,4.23781204224,4.0
9,2,52,1.92978572845,2.75
9,2,52,1.96679067612,2.75
9,2,25,3.08162474632,5.75
9,2,25,2.73827052116,5.75
9,2,81,4.39587497711,4.75
9,2,81,4.87527370453,4.75
9,2,54,3.41466403008,5.5
9,2,54,3.1141269207,5.5
9,2,27,2.36917257309,3.25
9,2,27,2.47701907158,3.25
9,2,83,4.58500003815,4.0
9,2,83,5.00426387787,4.0
9,2,56,3.09177899361,5.0
9,2,56,3.76541304588,5.0
9,2,29,3.19315838814,3.0
9,2,29,3.87457346916,3.0
9,2,112,3.87707209587,4.5
9,2,112,4.16364479065,4.5
9,2,85,3.45902037621,4.75
9,2,85,4.12333011627,4.75
9,2,31,2.83953261375,2.75
9,2,31,2.96418857574,2.75
9,2,87,3.82827615738,3.25
9,2,87,4.83145713806,3.25
9,2,89,3.44662237167,2.75
9,2,89,3.85547304153,2.75
9,2,62,3.78783679008,4.0
9,2,62,4.78925132751,4.0
9,2,3,4.18013095856,4.5
9,2,3,3.94711637497,4.5
9,2,91,3.7922334671,4.25
9,2,91,4.42688274384,4.25
9,2,32,3.6032371521,2.25
9,2,32,3.44175696373,2.25
9,2,5,3.72509241104,5.5
9,2,5,3.57379698753,5.5
9,2,93,3.84105658531,4.5
9,2,93,4.85201931,4.5
9,2,34,4.13010311127,2.5
9,2,34,4.00510883331,2.5
9,2,7,2.71877574921,5.25
9,2,7,3.12484622002,5.25
9,2,95,4.4103975296,5.0
9,2,95,4.4851436615,5.0
9,2,36,3.65853714943,4.75
9,2,36,4.11829090118,4.75
9,2,9,4.08824920654,5.75
9,2,9,4.03927993774,5.75
9,2,65,4.54406356812,4.75
9,2,65,5.0086812973,4.75
9,2,38,2.29885745049,2.0
9,2,38,2.52602052689,2.0
9,2,11,3.7238972187,4.5
9,2,11,4.10336589813,4.5
9,2,67,4.83047008514,4.25
9,2,67,5.08139038086,4.25
9,2,40,3.49660825729,3.25
9,2,40,3.92023396492,3.25
9,2,13,3.32945609093,3.75
9,2,13,3.32228827477,3.75
9,2,96,4.11525058746,3.0
9,2,96,4.31292247772,3.0
9,2,69,4.40434932709,3.25
9,2,69,4.10594367981,3.25
9,2,42,3.86542987823,3.25
9,2,42,3.74236965179,3.25
10,1,63,3.93441057205,4.25
10,1,63,3.74663448334,4.25
10,1,24,4.57651567459,4.75
10,1,24,4.58438968658,4.75
10,1,80,4.68062162399,5.0
10,1,80,4.50940752029,5.0
10,1,61,4.56360054016,4.0
10,1,61,5.15023088455,4.0
10,1,6,3.66309976578,5.0
10,1,6,4.52301931381,5.0
10,1,94,3.63748145103,5.0
10,1,94,4.20340490341,5.0
10,1,4,4.13713121414,5.5
10,1,4,4.47152328491,5.5
10,1,92,3.82788491249,5.0
10,1,92,4.86259508133,5.0
10,1,57,3.87831926346,1.5
10,1,57,3.78652405739,1.5
10,1,90,4.47327566147,3.75
10,1,90,4.76331090927,3.75
10,1,39,3.82229971886,4.0
10,1,39,3.54752039909,4.0
10,1,88,4.45283079147,5.5
10,1,88,5.08088064194,5.5
10,1,37,4.60648345947,6.0
10,1,37,5.17017459869,6.0
10,1,14,4.31303930283,3.75
10,1,14,4.77507400513,3.75
10,1,35,3.54120850563,2.0
10,1,35,3.76593399048,2.0
10,1,12,4.706366539,4.5
10,1,12,4.96639728546,4.5
10,1,68,4.47348022461,3.75
10,1,68,4.95269107819,3.75
10,1,33,3.51185011864,4.5
10,1,33,4.49729442596,4.5
10,1,10,4.29233646393,5.0
10,1,10,4.82987260818,5.0
10,1,66,4.08003234863,6.0
10,1,66,4.8667550087,6.0
10,1,47,4.07756710052,5.25
10,1,47,4.53092908859,5.25
10,1,8,4.19694519043,6.25
10,1,8,4.92697954178,6.25
10,1,103,4.34715032578,3.75
10,1,103,4.11680412292,3.75
10,1,64,3.57184004784,5.0
10,1,64,3.54078745842,5.0
10,1,45,3.99941849709,2.875
10,1,45,4.33962345123,2.875
10,1,101,4.51134777069,5.5
10,1,101,4.37462568283,5.5
10,1,78,4.00355195999,5.5
10,1,78,4.31981182098,5.5
10,1,43,4.51429605484,4.5
10,1,43,5.22015666962,4.5
10,1,99,4.58103561401,5.25
10,1,99,4.51772737503,5.25
10,1,76,4.5348110199,4.75
10,1,76,5.05914449692,4.75
10,1,41,3.68132948875,3.25
10,1,41,4.49149036407,3.25
10,1,97,3.8977637291,3.75
10,1,97,4.61494445801,3.75
10,1,74,4.26904344559,4.75
10,1,74,4.26770353317,4.75
10,1,72,3.95347094536,3.0
10,1,72,4.79305839539,3.0
10,1,21,4.22584533691,5.25
10,1,21,4.68913984299,5.25
10,1,54,2.8746945858,3.5
10,1,54,3.57445311546,3.5
10,1,107,4.60457134247,5.0
10,1,107,4.42105531693,5.0
10,1,52,4.58915710449,5.0
10,1,52,4.83188915253,5.0
10,1,105,3.70823979378,4.0
10,1,105,4.42067098618,4.0
10,1,50,4.68819856644,5.25
10,1,50,4.48635911942,5.25
10,1,31,4.30706501007,4.75
10,1,31,4.25202226639,4.75
10,1,87,4.54047393799,4.75
10,1,87,5.1576128006,4.75
10,1,48,4.79851531982,5.0
10,1,48,5.15371704102,5.0
10,1,29,4.72143125534,4.5
10,1,29,4.96874332428,4.5
10,1,85,4.50405263901,4.75
10,1,85,4.74647188187,4.75
10,1,62,4.08633852005,3.75
10,1,62,4.34743833542,3.75
10,1,27,4.55837345123,4.25
10,1,27,4.54896593094,4.25
10,1,83,4.07166337967,3.0
10,1,83,4.90480422974,3.0
10,1,25,4.62862157822,4.5
10,1,25,4.54519033432,4.5
10,1,81,3.65277457237,4.25
10,1,81,4.6546216011,4.25
10,1,7,4.5029053688,5.5
10,1,7,5.18265485764,5.5
10,1,95,4.35606002808,4.75
10,1,95,4.89220190048,4.75
10,1,56,4.24639701843,4.5
10,1,56,4.21122741699,4.5
10,1,5,4.19313621521,5.0
10,1,5,4.61593103409,5.0
10,1,93,4.25588417053,4.0
10,1,93,5.1657037735,4.0
10,1,38,3.77042627335,3.75
10,1,38,4.14158391953,3.75
10,1,91,4.68805599213,4.5
10,1,91,4.98336076736,4.5
10,1,36,4.9001660347,4.75
10,1,36,4.77502679825,4.75
10,1,89,4.3608546257,5.25
10,1,89,4.99016571045,5.25
10,1,34,3.68586158752,4.0
10,1,34,4.22690963745,4.0
10,1,32,4.44032430649,3.75
10,1,32,4.74363040924,3.75
10,1,13,4.31547737122,4.25
10,1,13,4.52634382248,4.25
10,1,69,4.76850032806,4.5
10,1,69,4.15254974365,4.5
10,1,46,4.99235057831,5.0
10,1,46,4.89301490784,5.0
10,1,11,3.16882658005,4.0
10,1,11,4.06793165207,4.0
10,1,102,4.35702323914,5.0
10,1,102,4.31798744202,5.0
10,1,67,4.06618738174,5.25
10,1,67,4.44916582108,5.25
10,1,44,4.20727777481,4.5
10,1,44,4.68568992615,4.5
10,1,9,3.633893013,5.5
10,1,9,3.99781823158,5.5
10,1,100,3.93935322762,4.0
10,1,100,4.1098241806,4.0
10,1,65,2.89073348045,5.75
10,1,65,3.34046363831,5.75
10,1,42,4.73377084732,5.25
10,1,42,4.68460035324,5.25
10,1,98,4.43467283249,4.5
10,1,98,4.72672080994,4.5
10,1,79,3.60535788536,4.5
10,1,79,4.79048728943,4.5
10,1,40,4.43286657333,4.5
10,1,40,4.72584533691,4.5
10,1,96,4.51506471634,4.5
10,1,96,4.69096422195,4.5
10,1,77,4.77070045471,4.5
10,1,77,4.81130981445,4.5
10,1,22,4.30785179138,4.5
10,1,22,4.55449151993,4.5
10,1,75,4.41476631165,4.5
10,1,75,4.38183832169,4.5
10,1,20,4.72823810577,5.0
10,1,20,4.41357135773,5.0
10,1,108,4.17712545395,5.0
10,1,108,4.1541223526,5.0
10,1,73,4.68860578537,4.25
10,1,73,4.83918619156,4.25
10,1,106,4.01176595688,2.0
10,1,106,4.18757247925,2.0
10,1,55,4.48065471649,5.25
10,1,55,4.81301116943,5.25
10,1,104,4.50218725204,4.5
10,1,104,4.8655667305,4.5
10,1,53,4.67006397247,5.25
10,1,53,4.52482271194,5.25
10,1,30,4.91812133789,5.5
10,1,30,4.87482738495,5.5
10,1,86,3.83762145042,4.0
10,1,86,5.08111763,4.0
10,1,51,3.7383852005,5.5
10,1,51,4.71583175659,5.5
10,1,28,4.22426319122,4.75
10,1,28,4.79710626602,4.75
10,1,84,3.64858198166,2.75
10,1,84,4.85180425644,2.75
10,1,49,4.41000080109,4.0
10,1,49,4.36057758331,4.0
10,1,26,2.78893446922,2.375
10,1,26,3.59164524078,2.375
10,1,82,4.10242986679,4.5
10,1,82,4.84639930725,4.5
10,2,65,3.87618470192,5.0
10,2,65,3.72047448158,5.0
10,2,26,2.97259950638,3.5
10,2,26,2.15528345108,3.5
10,2,83,3.48573923111,4.25
10,2,83,3.64505267143,4.25
10,2,15,5.02210712433,5.75
10,2,15,4.39499521255,5.75
10,2,25,4.51619577408,4.25
10,2,25,4.02088212967,4.25
10,2,82,3.82106542587,5.25
10,2,82,4.42993736267,5.25
10,2,14,5.2919178009,5.25
10,2,14,4.93921756744,5.25
10,2,71,4.5048456192,4.0
10,2,71,3.58443331718,4.0
10,2,24,4.37503671646,3.5
10,2,24,3.66355991364,3.5
10,2,81,4.37468338013,5.25
10,2,81,4.30657434464,5.25
10,2,35,2.66608834267,2.75
10,2,35,2.89395403862,2.75
10,2,13,4.85244989395,5.25
10,2,13,4.44736623764,5.25
10,2,70,4.48599386215,4.66667
10,2,70,4.43867540359,4.66667
10,2,31,5.5632443428,3.25
10,2,31,5.07527637482,3.25
10,2,80,4.52565956116,4.5
10,2,80,4.76754570007,4.5
10,2,34,4.46502590179,5.0
10,2,34,3.90618062019,5.0
10,2,12,4.4888420105,4.25
10,2,12,4.09192323685,4.25
10,2,69,3.67982506752,5.25
10,2,69,4.09269475937,5.25
10,2,30,4.70432853699,5.75
10,2,30,3.89869999886,5.75
10,2,87,4.88704156876,5.5
10,2,87,4.63666772842,5.5
10,2,33,4.49195575714,4.75
10,2,33,4.21104240417,4.75
10,2,51,4.97770404816,5.5
10,2,51,4.76477909088,5.5
10,2,68,4.84510087967,4.75
10,2,68,4.57809591293,4.75
10,2,29,4.23876333237,5.0
10,2,29,3.83361673355,5.0
10,2,86,4.34237575531,4.5
10,2,86,4.64998817444,4.5
10,2,32,3.32072257996,1.75
10,2,32,3.39343214035,1.75
10,2,50,2.37626361847,4.0
10,2,50,1.79077255726,4.0
10,2,75,4.95088100433,4.5
10,2,75,4.80520486832,4.5
10,2,28,4.54748010635,4.5
10,2,28,4.63771820068,4.5
10,2,85,4.73477888107,5.25
10,2,85,4.21458339691,5.25
10,2,39,5.14815330505,5.25
10,2,39,4.80369997025,5.25
10,2,74,4.47140407562,4.75
10,2,74,4.34010457993,4.75
10,2,3,5.27913379669,3.75
10,2,3,4.52926588058,3.75
10,2,84,4.37936735153,4.0
10,2,84,3.69587111473,4.0
10,2,38,3.70344996452,4.75
10,2,38,3.35013604164,4.75
10,2,73,4.35413360596,5.5
10,2,73,4.57635354996,5.5
10,2,91,5.17672777176,4.25
10,2,91,4.03141498566,4.25
10,2,37,4.67877674103,5.0
10,2,37,3.71515250206,5.0
10,2,55,5.0214266777,3.75
10,2,55,4.58281421661,3.75
10,2,72,4.65449666977,6.25
10,2,72,4.07789421082,6.25
10,2,90,5.20612478256,4.25
10,2,90,4.60458898544,4.25
10,2,19,4.87046813965,4.5
10,2,19,4.14484262466,4.5
10,2,36,4.70744800568,3.75
10,2,36,4.00068759918,3.75
10,2,54,4.86041116714,5.5
10,2,54,4.19181251526,5.5
10,2,79,4.79296779633,5.5
10,2,79,4.00528526306,5.5
10,2,89,5.19894552231,4.0
10,2,89,4.20794630051,4.0
10,2,43,4.02373838425,5.75
10,2,43,4.54530525208,5.75
10,2,53,4.36722993851,6.75
10,2,53,4.8133893013,6.75
10,2,78,5.98406171799,5.25
10,2,78,5.13204193115,5.25
10,2,7,4.74010181427,5.25
10,2,7,4.45797634125,5.25
10,2,88,3.79374051094,5.5
10,2,88,3.73205089569,5.5
10,2,42,5.98519611359,5.5
10,2,42,5.41857814789,5.5
10,2,52,4.88221168518,5.5
10,2,52,4.46931314468,5.5
10,2,77,4.48326873779,3.5
10,2,77,3.60891914368,3.5
10,2,6,4.79545879364,5.25
10,2,6,3.50540614128,5.25
10,2,95,4.80333137512,2.0
10,2,95,3.77480530739,2.0
10,2,41,3.69400191307,5.25
10,2,41,3.96198773384,5.25
10,2,76,3.99458384514,4.5
10,2,76,4.41918325424,4.5
10,2,5,4.83962249756,5.5
10,2,5,3.87235689163,5.5
10,2,94,4.15332126617,3.25
10,2,94,3.70916223526,3.25
10,2,23,4.72429180145,5.0
10,2,23,4.23554706573,5.0
10,2,40,4.12436151505,4.5
10,2,40,3.33650183678,4.5
10,2,97,5.7411608696,5.75
10,2,97,5.1714425087,5.75
10,2,58,5.14264583588,5.5
10,2,58,4.38017416,5.5
10,2,4,5.42027187347,6.25
10,2,4,4.00844669342,6.25
10,2,93,3.60754919052,3.25
10,2,93,3.5112323761,3.25
10,2,22,4.17561817169,5.5
10,2,22,4.79933691025,5.5
10,2,47,4.18128156662,5.25
10,2,47,4.17678689957,5.25
10,2,96,4.91680669785,4.75
10,2,96,4.21671247482,4.75
10,2,11,3.52137565613,4.5
10,2,11,3.58684778214,4.5
10,2,92,4.52419137955,4.75
10,2,92,3.8372130394,4.75
10,2,21,3.7474668026,5.5
10,2,21,3.70572113991,5.5
10,2,46,3.84863519669,4.25
10,2,46,3.42413592339,4.25
10,2,56,7.04488039017,5.25
10,2,56,5.57698869705,5.25
10,2,10,4.27229404449,5.25
10,2,10,3.24624681473,5.25
10,2,67,3.24938845634,4.33333
10,2,67,3.13309931755,4.33333
10,2,20,4.05884361267,2.75
10,2,20,3.34097671509,2.75
10,2,45,3.94774532318,3.5
10,2,45,3.87810516357,3.5
10,2,9,4.85672092438,3.25
10,2,9,4.60908079147,3.25
10,2,66,4.21708965302,3.0
10,2,66,3.49357771873,3.0
10,2,27,4.68717002869,5.0
10,2,27,3.98223519325,5.0
10,2,44,4.92221450806,5.0
10,2,44,3.71702265739,5.0
10,2,8,4.89119386673,5.75
10,2,8,4.75850057602,5.75
11,1,5,5.52681350708,4.5
11,1,5,5.03504323959,4.5
11,1,94,4.58784103394,5.75
11,1,94,4.98500394821,5.75
11,1,23,5.38649320602,5.75
11,1,23,5.62627267838,5.75
11,1,32,5.37178325653,4.25
11,1,32,5.18456315994,4.25
11,1,50,4.07444381714,3.0
11,1,50,4.15165567398,3.0
11,1,75,4.5854973793,3.5
11,1,75,4.29238176346,3.5
11,1,4,6.233066082,5.75
11,1,4,6.38064670563,5.75
11,1,93,5.01863718033,4.25
11,1,93,4.93697547913,4.25
11,1,22,5.68904447556,6.25
11,1,22,5.79636669159,6.25
11,1,47,4.3493437767,4.0
11,1,47,4.44180488586,4.0
11,1,49,4.03141498566,4.5
11,1,49,4.64868068695,4.5
11,1,74,4.7468996048,5.0
11,1,74,4.86453151703,5.0
11,1,92,4.52431917191,4.25
11,1,92,4.78364276886,4.25
11,1,21,5.41376781464,4.25
11,1,21,5.03696393967,4.25
11,1,46,3.57756519318,1.75
11,1,46,4.00385189056,1.75
11,1,48,2.66022515297,2.25
11,1,48,3.17404484749,2.25
11,1,73,5.16168546677,5.25
11,1,73,5.07545948029,5.25
11,1,91,5.1428360939,5.5
11,1,91,5.24616575241,5.5
11,1,20,5.26455354691,5.5
11,1,20,5.25256204605,5.5
11,1,63,5.0013885498,6.25
11,1,63,4.84086847305,6.25
11,1,72,5.40990877151,4.75
11,1,72,5.41197299957,4.75
11,1,90,5.00354337692,4.25
11,1,90,5.28423118591,4.25
11,1,19,5.44865274429,6.25
11,1,19,5.45912981033,6.25
11,1,62,3.78536534309,5.0
11,1,62,4.04186248779,5.0
11,1,89,5.53233718872,5.0
11,1,89,5.24321651459,5.0
11,1,15,5.12683010101,3.5
11,1,15,4.29042625427,3.5
11,1,88,5.01454925537,3.75
11,1,88,4.89625549316,3.75
11,1,99,4.89939785004,6.25
11,1,99,5.48361635208,6.25
11,1,14,5.11121320724,4.25
11,1,14,4.8302526474,4.25
11,1,71,5.27104043961,4.75
11,1,71,4.88749217987,4.75
11,1,98,4.00765752792,4.5
11,1,98,4.32217693329,4.5
11,1,13,5.25876569748,5.25
11,1,13,5.13438510895,5.25
11,1,70,5.01545476913,5.0
11,1,70,4.97636032104,5.0
11,1,31,5.36152410507,5.5
11,1,31,5.47688388824,5.5
11,1,97,4.90729045868,3.75
11,1,97,4.56728124619,3.75
11,1,12,5.64685821533,5.5
11,1,12,5.19117641449,5.5
11,1,69,5.02227926254,4.0
11,1,69,4.85090732574,4.0
11,1,30,5.28358840942,4.25
11,1,30,5.31562709808,4.25
11,1,87,4.93021059036,2.75
11,1,87,4.49894237518,2.75
11,1,96,4.74978542328,4.75
11,1,96,4.41703462601,4.75
11,1,57,3.17511343956,2.5
11,1,57,2.61703848839,2.5
11,1,11,3.98109841347,4.5
11,1,11,3.94352579117,4.5
11,1,68,4.53163766861,4.25
11,1,68,4.91741323471,4.25
11,1,29,5.09208393097,5.5
11,1,29,5.0533323288,5.5
11,1,56,4.70754384995,2.25
11,1,56,4.44653463364,2.25
11,1,10,5.07624292374,4.66667
11,1,10,4.7498497963,4.66667
11,1,67,5.85858154297,6.25
11,1,67,5.33684587479,6.25
11,1,28,5.20972013474,4.5
11,1,28,5.15986156464,4.5
11,1,39,6.11738777161,5.0
11,1,39,6.42026615143,5.0
11,1,9,5.50467634201,4.0
11,1,9,5.48656511307,4.0
11,1,66,4.2529668808,3.25
11,1,66,5.27878570557,3.25
11,1,27,5.04224586487,4.5
11,1,27,4.77786827087,4.5
11,1,84,4.66097307205,3.5
11,1,84,5.10010576248,3.5
11,1,38,5.08407402039,4.5
11,1,38,5.2439827919,4.5
11,1,8,5.35334444046,4.25
11,1,8,4.94425439835,4.25
11,1,65,4.1922545433,4.25
11,1,65,4.46376180649,4.25
11,1,26,5.62655878067,4.0
11,1,26,5.05358362198,4.0
11,1,83,5.22764396667,3.5
11,1,83,4.87306070328,3.5
11,1,37,5.48870038986,3.75
11,1,37,5.21640872955,3.75
11,1,55,4.07637166977,4.0
11,1,55,4.49593830109,4.0
11,1,64,5.08807325363,5.0
11,1,64,5.06355428696,5.0
11,1,25,5.37319564819,5.0
11,1,25,5.330493927,5.0
11,1,82,5.02412366867,4.5
11,1,82,5.0558385849,4.5
11,1,36,5.15269470215,5.0
11,1,36,5.19969129562,5.0
11,1,54,4.68858766556,2.5
11,1,54,4.9047999382,2.5
11,1,79,5.04921960831,4.5
11,1,79,4.92621231079,4.5
11,1,24,6.40208864212,3.25
11,1,24,5.91574382782,3.25
11,1,81,5.21405363083,4.5
11,1,81,4.79257678986,4.5
11,1,35,5.2807264328,4.5
11,1,35,5.12767219543,4.5
11,1,53,5.01112937927,5.25
11,1,53,4.90086746216,5.25
11,1,78,4.94364976883,5.0
11,1,78,4.66327857971,5.0
11,1,7,5.46393918991,4.25
11,1,7,4.90787553787,4.25
11,1,80,5.85396623611,6.0
11,1,80,6.18867588043,6.0
11,1,34,6.87512588501,4.5
11,1,34,6.74592542648,4.5
11,1,52,5.36827421188,4.25
11,1,52,5.96977043152,4.25
11,1,77,5.44205856323,6.0
11,1,77,5.41211843491,6.0
11,1,6,5.97734880447,5.0
11,1,6,6.02034425735,5.0
11,1,95,4.50614261627,4.25
11,1,95,4.92723703384,4.25
11,1,33,5.25604009628,5.0
11,1,33,5.37084293365,5.0
11,1,51,4.71810913086,4.75
11,1,51,4.80880641937,4.75
11,1,76,5.26974534988,4.0
11,1,76,5.2779417038,4.0
11,2,84,4.28568792343,4.75
11,2,84,3.91820859909,4.75
11,2,28,4.46872138977,4.5
11,2,28,4.17166662216,4.5
11,2,74,4.16956615448,4.25
11,2,74,3.54655814171,4.25
11,2,18,4.84278821945,4.0
11,2,18,4.67601728439,4.0
11,2,72,3.75826644897,4.25
11,2,72,4.05179929733,4.25
11,2,63,3.68784594536,2.75
11,2,63,3.32617855072,2.75
11,2,78,5.18573284149,5.5
11,2,78,4.23658084869,5.5
11,2,61,3.88860940933,3.25
11,2,61,3.25583028793,3.25
11,2,22,4.5353307724,3.75
11,2,22,3.84010577202,3.75
11,2,76,4.89912080765,5.5
11,2,76,4.1802816391,5.5
11,2,51,5.15618371964,4.5
11,2,51,4.58566951752,4.5
11,2,20,4.91959810257,4.75
11,2,20,4.14466381073,4.75
11,2,105,4.92341184616,4.5
11,2,105,4.52657365799,4.5
11,2,66,2.67634987831,1.75
11,2,66,2.72726082802,1.75
11,2,49,4.32663965225,2.75
11,2,49,3.89369273186,2.75
11,2,10,4.66458272934,4.75
11,2,10,3.703322649,4.75
11,2,111,4.27025508881,4.5
11,2,111,4.56063604355,4.5
11,2,64,4.12480640411,4.25
11,2,64,4.18578529358,4.25
11,2,55,5.04818487167,4.5
11,2,55,4.59383249283,4.5
11,2,8,4.53931379318,5.0
11,2,8,4.45789670944,5.0
11,2,109,4.86608982086,4.75
11,2,109,5.0248260498,4.75
11,2,53,4.6713809967,4.5
11,2,53,4.03626680374,4.5
11,2,99,5.3007516861,5.5
11,2,99,4.98693370819,5.5
11,2,68,4.18711900711,4.0
11,2,68,4.15775060654,4.0
11,2,43,4.70645523071,5.25
11,2,43,4.09754180908,5.25
11,2,12,4.18732881546,2.25
11,2,12,3.9431219101,2.25
11,2,97,4.65063428879,3.75
11,2,97,3.83310103416,3.75
11,2,41,4.82539463043,4.75
11,2,41,4.02982759476,4.75
11,2,103,4.86325645447,5.25
11,2,103,4.29376077652,5.25
11,2,47,4.96206521988,4.0
11,2,47,4.46294784546,4.0
11,2,101,4.92752456665,4.75
11,2,101,4.37630939484,4.75
11,2,45,4.598965168,4.25
11,2,45,4.06940746307,4.25
11,2,6,4.82768201828,5.5
11,2,6,4.2435631752,5.5
11,2,91,4.24292898178,4.5
11,2,91,4.19306707382,4.5
11,2,35,4.25656557083,3.75
11,2,35,4.36661529541,3.75
11,2,4,4.59467840195,4.0
11,2,4,4.14460659027,4.0
11,2,89,4.55909776688,4.75
11,2,89,3.72925019264,4.75
11,2,33,4.31416797638,4.25
11,2,33,4.13030910492,4.25
11,2,95,4.70827436447,4.0
11,2,95,3.98775625229,4.0
11,2,39,4.50789690018,4.5
11,2,39,3.96233081818,4.5
11,2,93,4.96561431885,5.0
11,2,93,4.47202014923,5.0
11,2,37,4.94684839249,5.0
11,2,37,4.54425001144,5.0
11,2,83,4.75767993927,4.0
11,2,83,3.74774432182,4.0
11,2,27,4.67633962631,5.5
11,2,27,4.31099367142,5.5
11,2,81,3.7108001709,3.0
11,2,81,3.42318296432,3.0
11,2,25,4.78485965729,5.0
11,2,25,4.12917900085,5.0
11,2,87,5.2772397995,4.25
11,2,87,4.79251384735,4.25
11,2,31,5.19610548019,5.0
11,2,31,4.46241569519,5.0
11,2,85,4.67804718018,5.0
11,2,85,4.25374364853,5.0
11,2,56,4.60859489441,4.75
11,2,56,3.95247864723,4.75
11,2,29,4.51398944855,4.75
11,2,29,3.89577007294,4.75
11,2,75,2.92647004128,2.5
11,2,75,2.77100682259,2.5
11,2,62,1.44335567951,1.75
11,2,62,2.1852786541,1.75
11,2,19,4.55261564255,5.25
11,2,19,4.31588029861,5.25
11,2,73,4.10319185257,4.25
11,2,73,3.99945616722,4.25
11,2,60,2.81460881233,2.5
11,2,60,2.55487322807,2.5
11,2,17,4.34843206406,3.75
11,2,17,4.28168535233,3.75
11,2,106,4.86420726776,3.0
11,2,106,4.03106975555,3.0
11,2,79,4.17063808441,4.25
11,2,79,3.88825178146,4.25
11,2,50,5.16349840164,4.25
11,2,50,4.70224809647,4.25
11,2,23,4.16086959839,5.75
11,2,23,3.72812724113,5.75
11,2,104,5.07141923904,6.0
11,2,104,4.05832767487,6.0
11,2,77,4.50105619431,4.5
11,2,77,4.12052106857,4.5
11,2,48,4.54918622971,6.5
11,2,48,4.17508983612,6.5
11,2,21,5.22075939178,6.25
11,2,21,4.80174732208,6.25
11,2,110,5.00947380066,4.75
11,2,110,4.57880401611,4.75
11,2,67,4.37794542313,4.75
11,2,67,4.14451932907,4.75
11,2,54,3.62709331512,3.75
11,2,54,3.44929099083,3.75
11,2,11,2.22185945511,2.5
11,2,11,1.56000626087,2.5
11,2,65,3.99723434448,2.5
11,2,65,4.21866035461,2.5
11,2,52,5.55326223373,5.0
11,2,52,4.73748874664,5.0
11,2,9,4.79660892487,3.5
11,2,9,4.1915564537,3.5
11,2,98,4.63281869888,5.0
11,2,98,4.1764831543,5.0
11,2,42,4.8754324913,4.75
11,2,42,3.91857337952,4.75
11,2,96,4.79177331924,5.0
11,2,96,3.92030334473,5.0
11,2,69,4.66194248199,3.25
11,2,69,3.73810267448,3.25
11,2,40,4.54320716858,4.25
11,2,40,3.6184899807,4.25
11,2,102,4.61987829208,3.75
11,2,102,4.57406520844,3.75
11,2,46,4.61353063583,4.25
11,2,46,4.28510141373,4.25
11,2,3,4.19914865494,5.0
11,2,3,3.26289701462,5.0
11,2,100,4.91194486618,4.5
11,2,100,4.16140651703,4.5
11,2,44,5.22771596909,5.5
11,2,44,4.71963500977,5.5
11,2,90,4.72311878204,3.25
11,2,90,4.56898927689,3.25
11,2,34,4.76466274261,6.5
11,2,34,4.16912746429,6.5
11,2,7,3.03370761871,0.75
11,2,7,3.45249652863,0.75
11,2,88,4.24129247665,5.0
11,2,88,3.94298005104,5.0
11,2,32,4.23032712936,5.25
11,2,32,4.61837720871,5.25
11,2,5,3.96487784386,2.25
11,2,5,3.85099101067,2.25
11,2,94,4.96385192871,4.25
11,2,94,4.33564710617,4.25
11,2,38,4.23058462143,4.25
11,2,38,3.89705228806,4.25
11,2,92,4.66415214539,5.5
11,2,92,3.87348675728,5.5
11,2,36,5.27006721497,4.25
11,2,36,4.23642015457,4.25
11,2,82,3.99749207497,4.75
11,2,82,4.11476135254,4.75
11,2,26,4.24223661423,3.5
11,2,26,3.94593930244,3.5
11,2,80,2.87276482582,3.75
11,2,80,2.83064746857,3.75
11,2,24,4.61528873444,5.0
11,2,24,3.88720870018,5.0
11,2,86,4.56351518631,5.75
11,2,86,4.67183065414,5.75
11,2,30,4.18351411819,4.0
11,2,30,3.9749610424,4.0
12,1,60,5.01678228378,3.75
12,1,60,4.42220163345,3.75
12,1,25,3.54878926277,5.75
12,1,25,3.30028414726,5.75
12,1,83,4.77117013931,5.5
12,1,83,4.89445352554,5.5
12,1,62,3.01951861382,2.5
12,1,62,3.01013493538,2.5
12,1,27,4.57903766632,4.5
12,1,27,4.4298377037,4.5
12,1,77,4.39325618744,4.75
12,1,77,4.22698879242,4.75
12,1,21,5.33706188202,4.5
12,1,21,4.95619535446,4.5
12,1,79,4.94088983536,4.25
12,1,79,4.83111524582,4.25
12,1,23,2.86035275459,3.5
12,1,23,3.45792078972,3.5
12,1,108,4.74050855637,3.25
12,1,108,4.29529857635,3.25
12,1,73,5.02695512772,4.25
12,1,73,4.76660108566,4.25
12,1,17,3.9202439785,5.0
12,1,17,4.2498793602,5.0
12,1,110,4.96079826355,5.0
12,1,110,4.44333076477,5.0
12,1,75,4.8649187088,5.25
12,1,75,4.95649290085,5.25
12,1,54,4.10308742523,4.75
12,1,54,4.77737236023,4.75
12,1,19,5.48410415649,3.75
12,1,19,4.83288764954,3.75
12,1,104,4.14309310913,2.5
12,1,104,3.92070627213,2.5
12,1,69,5.25889110565,3.75
12,1,69,4.56598854065,3.75
12,1,48,4.7361240387,4.5
12,1,48,4.87411308289,4.5
12,1,106,3.17742085457,1.25
12,1,106,3.13292622566,1.25
12,1,100,4.2594165802,2.75
12,1,100,3.60346674919,2.75
12,1,65,4.77030229568,4.5
12,1,65,4.44016838074,4.5
12,1,44,4.99804162979,5.5
12,1,44,4.78820371628,5.5
12,1,9,5.40206336975,4.75
12,1,9,4.70769500732,4.75
12,1,102,4.45312356949,4.5
12,1,102,4.24644088745,4.5
12,1,67,3.0342862606,2.75
12,1,67,2.89476966858,2.75
12,1,46,3.99701023102,3.5
12,1,46,3.61272978783,3.5
12,1,11,4.11905145645,5.0
12,1,11,3.90942835808,5.0
12,1,96,4.74955034256,3.25
12,1,96,4.65516042709,3.25
12,1,40,4.38264894485,4.25
12,1,40,4.6719622612,4.25
12,1,5,4.95082807541,6.0
12,1,5,4.63460493088,6.0
12,1,98,4.68786668777,3.75
12,1,98,4.80264234543,3.75
12,1,42,4.82315206528,4.25
12,1,42,5.086830616,4.25
12,1,7,5.05422496796,6.25
12,1,7,4.71761226654,6.25
12,1,92,4.90733909607,3.25
12,1,92,4.4011554718,3.25
12,1,36,3.91290044785,5.0
12,1,36,4.28202676773,5.0
12,1,38,4.06849861145,5.5
12,1,38,4.09867811203,5.5
12,1,3,4.96342182159,6.0
12,1,3,4.76694822311,6.0
12,1,88,4.87683010101,4.5
12,1,88,4.56503295898,4.5
12,1,32,4.3033041954,5.25
12,1,32,3.97647809982,5.25
12,1,90,4.76047134399,4.0
12,1,90,4.98668193817,4.0
12,1,34,4.31979370117,5.5
12,1,34,4.26410913467,5.5
12,1,84,5.4889588356,4.5
12,1,84,5.07963323593,4.5
12,1,28,3.92366147041,5.0
12,1,28,3.28098511696,5.0
12,1,86,5.02357959747,3.0
12,1,86,4.46332740784,3.0
12,1,30,3.66507863998,4.0
12,1,30,4.066198349,4.0
12,1,80,4.57975244522,4.0
12,1,80,4.29632616043,4.0
12,1,24,3.52509570122,5.25
12,1,24,3.36785316467,5.25
12,1,82,4.84061050415,4.0
12,1,82,4.83288669586,4.0
12,1,61,4.28671836853,4.0
12,1,61,4.43851995468,4.0
12,1,26,5.23489570618,5.0
12,1,26,4.22948932648,5.0
12,1,76,4.82445859909,4.0
12,1,76,4.66239786148,4.0
12,1,63,3.25994968414,3.0
12,1,63,3.44003415108,3.0
12,1,20,4.42676019669,4.75
12,1,20,4.62288761139,4.75
12,1,78,5.28324842453,6.0
12,1,78,4.95712614059,6.0
12,1,22,5.35747528076,4.5
12,1,22,4.5892829895,4.5
12,1,72,5.23811674118,3.25
12,1,72,4.59288549423,3.25
12,1,16,3.84233283997,5.25
12,1,16,4.00595378876,5.25
12,1,109,4.72226715088,3.5
12,1,109,4.47833347321,3.5
12,1,74,5.31547403336,5.0
12,1,74,4.85926580429,5.0
12,1,53,3.75448465347,4.5
12,1,53,4.69497060776,4.5
12,1,18,2.79916667938,4.25
12,1,18,3.18521690369,4.25
12,1,111,4.38721370697,2.75
12,1,111,3.79868769646,2.75
12,1,68,4.34673309326,4.25
12,1,68,4.93260717392,4.25
12,1,55,3.00415539742,5.0
12,1,55,4.00305509567,5.0
12,1,12,4.78080368042,5.75
12,1,12,5.03624486923,5.75
12,1,105,3.54253840446,3.25
12,1,105,3.58338809013,3.25
12,1,49,4.59161472321,4.75
12,1,49,4.31825351715,4.75
12,1,107,4.30869913101,4.5
12,1,107,4.59032917023,4.5
12,1,64,3.95809292793,4.0
12,1,64,4.26723194122,4.0
12,1,8,5.44561052322,5.25
12,1,8,5.27594184875,5.25
12,1,101,4.5477604866,3.25
12,1,101,4.00983190536,3.25
12,1,66,4.06623029709,3.0
12,1,66,3.87481451035,3.0
12,1,45,3.70847988129,5.0
12,1,45,4.47657251358,5.0
12,1,10,5.4024438858,5.25
12,1,10,4.7624630928,5.25
12,1,103,4.87192773819,4.5
12,1,103,4.77719736099,4.5
12,1,47,4.60909557343,5.5
12,1,47,4.2285027504,5.5
12,1,4,4.67027187347,6.25
12,1,4,4.78143835068,6.25
12,1,97,4.76264572144,4.25
12,1,97,4.35114145279,4.25
12,1,41,4.97457504272,3.75
12,1,41,3.91472816467,3.75
12,1,6,5.23263597488,5.0
12,1,6,4.61654186249,5.0
12,1,99,3.64033842087,1.75
12,1,99,3.65190410614,1.75
12,1,43,3.93118309975,4.75
12,1,43,4.70962572098,4.75
12,1,93,4.45744085312,3.75
12,1,93,4.04801416397,3.75
12,1,37,4.23152112961,4.5
12,1,37,4.81787538528,4.5
12,1,2,4.91844177246,6.5
12,1,2,4.8540968895,6.5
12,1,39,4.68562936783,5.75
12,1,39,4.44563341141,5.75
12,1,89,4.26786422729,3.5
12,1,89,4.03958320618,3.5
12,1,33,3.76522874832,4.25
12,1,33,3.7532017231,4.25
12,1,91,3.90010786057,4.5
12,1,91,4.4129781723,4.5
12,1,35,2.96193981171,4.0
12,1,35,3.76913237572,4.0
12,1,85,5.4111456871,4.75
12,1,85,5.10247278214,4.75
12,1,29,2.76389741898,2.75
12,1,29,2.98280072212,2.75
12,1,87,4.81913805008,5.0
12,1,87,4.45753288269,5.0
12,1,31,4.72196531296,5.0
12,1,31,5.08563995361,5.0
12,1,81,4.54300546646,4.0
12,1,81,4.2273311615,4.0
12,2,14,2.65381097794,4.25
12,2,14,2.46681189537,4.25
12,2,37,2.88954806328,3.5
12,2,37,2.882417202,3.5
12,2,64,1.66492831707,1.5
12,2,64,1.4784219265,1.5
12,2,8,2.74540352821,4.0
12,2,8,2.80415248871,4.0
12,2,39,1.75402164459,2.0
12,2,39,2.040132761,2.0
12,2,66,1.86471450329,1.0
12,2,66,1.75302433968,1.0
12,2,10,3.06182932854,4.25
12,2,10,2.94191622734,4.25
12,2,33,2.67971134186,3.75
12,2,33,3.30311274529,3.75
12,2,4,2.46587133408,4.0
12,2,4,2.34897661209,4.0
12,2,35,2.28717017174,3.0
12,2,35,2.3683681488,3.0
12,2,6,2.4096121788,3.5
12,2,6,2.83001732826,3.5
12,2,93,2.4758245945,5.0
12,2,93,2.1602973938,5.0
12,2,95,2.67664790154,4.75
12,2,95,2.34679222107,4.75
12,2,89,2.37948584557,3.75
12,2,89,2.76115751266,3.75
12,2,116,3.12021946907,3.0
12,2,116,2.56225848198,3.0
12,2,91,2.84414386749,4.5
12,2,91,2.64920568466,4.5
12,2,62,1.12348842621,1.75
12,2,62,1.56125235558,1.75
12,2,85,2.75842523575,4.75
12,2,85,2.33138394356,4.75
12,2,112,2.5686480999,3.75
12,2,112,2.7299015522,3.75
12,2,29,2.90251994133,3.0
12,2,29,2.5315964222,3.0
12,2,56,2.74631071091,5.0
12,2,56,2.96508717537,5.0
12,2,87,2.84536290169,4.75
12,2,87,2.67605781555,4.75
12,2,114,2.36268973351,3.5
12,2,114,2.17474389076,3.5
12,2,31,2.36494207382,4.75
12,2,31,3.02111673355,4.75
12,2,58,2.68719482422,3.75
12,2,58,3.1391518116,3.75
12,2,81,2.92596435547,5.5
12,2,81,3.17257070541,5.5
12,2,108,2.48396682739,2.0
12,2,108,2.23793411255,2.0
12,2,25,2.73171257973,4.75
12,2,25,2.53910446167,4.75
12,2,52,2.62804317474,4.75
12,2,52,2.78703522682,4.75
12,2,83,2.14274692535,3.75
12,2,83,2.05919337273,3.75
12,2,110,1.85195124149,2.25
12,2,110,0.861961007118,2.25
12,2,27,2.87990093231,4.5
12,2,27,2.98885393143,4.5
12,2,54,2.94790673256,4.5
12,2,54,3.10526585579,4.5
12,2,77,2.56723380089,5.0
12,2,77,2.56466126442,5.0
12,2,104,2.79057407379,2.0
12,2,104,2.18372178078,2.0
12,2,21,2.61643052101,3.75
12,2,21,2.62883925438,3.75
12,2,48,2.98778867722,4.5
12,2,48,3.11207175255,4.5
12,2,79,3.04763007164,3.75
12,2,79,2.77833127975,3.75
12,2,106,2.94851279259,3.5
12,2,106,2.45842790604,3.5
12,2,23,2.7881758213,5.25
12,2,23,3.17287969589,5.25
12,2,50,3.14860439301,4.75
12,2,50,3.04928398132,4.75
12,2,73,1.63909184933,2.0
12,2,73,1.42487704754,2.0
12,2,100,2.45341420174,2.5
12,2,100,1.89407265186,2.5
12,2,44,2.52070331573,3.75
12,2,44,2.73712301254,3.75
12,2,102,2.12130069733,1.75
12,2,102,1.94000339508,1.75
12,2,19,2.61193990707,4.5
12,2,19,2.80534648895,4.5
12,2,46,3.15701675415,4.25
12,2,46,3.79408550262,4.25
12,2,69,1.77155721188,2.25
12,2,69,1.50336992741,2.25
12,2,96,2.83780312538,4.75
12,2,96,2.787586689,4.75
12,2,13,2.19796562195,3.5
12,2,13,2.63708090782,3.5
12,2,40,2.90288996696,3.5
12,2,40,3.74664282799,3.5
12,2,71,0.841467857361,1.5
12,2,71,0.178519502282,1.5
12,2,98,2.97346735001,2.75
12,2,98,2.37288355827,2.75
12,2,42,3.10386371613,3.5
12,2,42,3.29333043098,3.5
12,2,65,1.78673684597,2.25
12,2,65,1.60350775719,2.25
12,2,9,2.34366726875,4.0
12,2,9,2.46939873695,4.0
12,2,36,2.25922584534,5.75
12,2,36,2.30731129646,5.75
12,2,67,1.97349214554,3.0
12,2,67,1.95983362198,3.0
12,2,11,2.3948905468,5.0
12,2,11,2.61178851128,5.0
12,2,5,2.49930596352,5.25
12,2,5,2.67536997795,5.25
12,2,32,2.95742821693,3.25
12,2,32,3.41282105446,3.25
12,2,7,2.85961914062,5.0
12,2,7,2.6001560688,5.0
12,2,34,2.88693714142,4.25
12,2,34,3.06199359894,4.25
12,2,92,3.04131579399,3.5
12,2,92,2.66735386848,3.5
12,2,3,2.02922797203,3.75
12,2,3,1.90367281437,3.75
12,2,94,2.35400748253,2.5
12,2,94,1.42044115067,2.5
12,2,88,2.84864830971,5.0
12,2,88,2.68221950531,5.0
12,2,90,2.67699432373,3.25
12,2,90,2.50125813484,3.25
12,2,113,3.23348712921,3.25
12,2,113,2.65130472183,3.25
12,2,57,3.73402357101,4.75
12,2,57,3.8315680027,4.75
12,2,84,2.52930545807,4.25
12,2,84,2.19436883926,4.25
12,2,115,2.46142435074,2.75
12,2,115,2.15178751945,2.75
12,2,28,2.40124320984,4.75
12,2,28,2.48772120476,4.75
12,2,59,2.86678528786,5.0
12,2,59,3.43075108528,5.0
12,2,86,2.2114803791,4.0
12,2,86,2.07418823242,4.0
12,2,109,2.86761832237,3.25
12,2,109,2.71198344231,3.25
12,2,30,2.71757745743,4.5
12,2,30,2.90728068352,4.5
12,2,53,2.86730337143,3.75
12,2,53,3.01874876022,3.75
12,2,80,2.84359431267,5.25
12,2,80,2.59379053116,5.25
12,2,111,2.98791265488,4.0
12,2,111,2.6898419857,4.0
12,2,24,2.96964859962,4.25
12,2,24,2.95102643967,4.25
12,2,55,3.21624207497,4.5
12,2,55,3.66433119774,4.5
12,2,82,2.15636396408,2.5
12,2,82,1.86754775047,2.5
12,2,105,3.31737112999,4.0
12,2,105,2.99010658264,4.0
12,2,26,2.71927905083,2.75
12,2,26,2.84916067123,2.75
12,2,49,3.06333827972,5.25
12,2,49,3.10608577728,5.25
12,2,107,2.8569009304,2.25
12,2,107,2.45670104027,2.25
12,2,20,3.06223130226,4.0
12,2,20,3.27016043663,4.0
12,2,51,2.32298803329,3.0
12,2,51,2.14839839935,3.0
12,2,78,2.67669248581,4.0
12,2,78,2.59308004379,4.0
12,2,101,2.79863262177,3.0
12,2,101,2.34046626091,3.0
12,2,22,3.08838224411,5.0
12,2,22,2.91609549522,5.0
12,2,45,2.68368196487,4.0
12,2,45,3.21916103363,4.0
12,2,103,2.43331289291,2.5
12,2,103,2.20522928238,2.5
12,2,47,2.41964197159,4.75
12,2,47,3.29636859894,4.75
12,2,97,2.90935778618,1.5
12,2,97,2.37120485306,1.5
12,2,41,2.96092534065,5.25
12,2,41,3.47184610367,5.25
12,2,68,1.44025588036,2.0
12,2,68,1.02559065819,2.0
12,2,99,2.50348734856,3.25
12,2,99,2.3808927536,3.25
12,2,12,2.65954375267,5.25
12,2,12,2.95678329468,5.25
12,2,43,2.84378790855,4.5
12,2,43,2.95120429993,4.5
12,2,70,1.38398146629,1.25
12,2,70,1.44318509102,1.25
16,2,107,4.03788089752,3.25
16,2,107,4.33976602554,3.25
16,2,78,3.30936145782,4.25
16,2,78,3.6490213871,4.25
16,2,37,2.99538564682,4.5
16,2,37,3.38093471527,4.5
16,2,109,2.87533831596,4.5
16,2,109,2.94760560989,4.5
16,2,39,3.82081794739,2.25
16,2,39,3.87726736069,2.25
16,2,111,3.29393100739,3.5
16,2,111,3.47710466385,3.5
16,2,66,3.82938551903,5.75
16,2,66,4.14595460892,5.75
16,2,25,3.56290173531,3.0
16,2,25,3.40679049492,3.0
16,2,97,3.72871923447,2.75
16,2,97,3.90772223473,2.75
16,2,68,3.28869748116,1.25
16,2,68,3.38753199577,1.25
16,2,27,4.85570430756,4.25
16,2,27,4.35923957825,4.25
16,2,99,4.00664758682,3.25
16,2,99,3.90246510506,3.25
16,2,70,2.43232870102,1.75
16,2,70,2.72596383095,1.75
16,2,29,4.20190811157,2.0
16,2,29,3.75813651085,2.0
16,2,101,4.44706964493,5.0
16,2,101,4.43083572388,5.0
16,2,56,3.70192575455,4.75
16,2,56,3.98173093796,4.75
16,2,31,3.4705786705,2.0
16,2,31,3.53240346909,2.0
16,2,103,3.7296423912,3.25
16,2,103,3.62618517876,3.25
16,2,58,3.60759615898,2.25
16,2,58,3.87755966187,2.25
16,2,89,3.30063962936,1.75
16,2,89,4.14706945419,1.75
16,2,60,3.80376195908,3.0
16,2,60,4.25283622742,3.0
16,2,91,3.34200239182,3.25
16,2,91,3.43654727936,3.25
16,2,21,3.43281960487,3.75
16,2,21,3.8220000267,3.75
16,2,93,4.139564991,4.0
16,2,93,4.23314619064,4.0
16,2,48,4.14700126648,3.25
16,2,48,4.10665369034,3.25
16,2,23,3.69320344925,2.5
16,2,23,3.95243167877,2.5
16,2,95,4.54315280914,3.5
16,2,95,4.59183883667,3.5
16,2,50,2.88848757744,2.25
16,2,50,3.30104255676,2.25
16,2,9,4.52951526642,3.5
16,2,9,4.39731740952,3.5
16,2,81,2.21513080597,2.5
16,2,81,3.01317763329,2.5
16,2,52,3.06476402283,2.25
16,2,52,3.18420958519,2.25
16,2,11,5.09834384918,4.5
16,2,11,4.51964998245,4.5
16,2,83,2.91990208626,4.5
16,2,83,3.13801956177,4.5
16,2,54,3.57093167305,1.25
16,2,54,3.57632303238,1.25
16,2,13,4.75323390961,4.5
16,2,13,4.13814306259,4.5
16,2,85,3.59779500961,3.5
16,2,85,3.3248231411,3.5
16,2,40,3.81750154495,2.0
16,2,40,3.44469380379,2.0
16,2,15,3.6040327549,4.25
16,2,15,3.56901597977,4.25
16,2,112,2.57639193535,1.5
16,2,112,2.91243505478,1.5
16,2,87,3.19448757172,3.5
16,2,87,3.21121048927,3.5
16,2,42,2.92667627335,2.5
16,2,42,2.96808385849,2.5
16,2,114,4.6378660202,3.5
16,2,114,4.3619351387,3.5
16,2,73,2.97683739662,4.0
16,2,73,3.28382396698,4.0
16,2,44,3.55739831924,2.75
16,2,44,3.664686203,2.75
16,2,116,3.80979275703,4.0
16,2,116,3.96715331078,4.0
16,2,46,3.80487966537,2.5
16,2,46,3.39946198463,2.5
16,2,5,3.2126326561,4.0
16,2,5,3.22242188454,4.0
16,2,77,2.89580202103,5.5
16,2,77,3.30258250237,5.5
16,2,32,3.56306958199,2.75
16,2,32,4.11125278473,2.75
16,2,7,4.81879520416,5.0
16,2,7,4.36744880676,5.0
16,2,104,4.78158807755,1.75
16,2,104,3.99618029594,1.75
16,2,79,3.11198306084,5.0
16,2,79,3.63503861427,5.0
16,2,34,3.4042775631,2.25
16,2,34,3.4659318924,2.25
16,2,106,3.46703004837,2.75
16,2,106,3.64333248138,2.75
16,2,65,4.02933979034,5.0
16,2,65,4.34349107742,5.0
16,2,36,3.38514065742,3.75
16,2,36,3.84255933762,3.75
16,2,108,1.40745723248,2.75
16,2,108,0.92064255476,2.75
16,2,67,2.85051894188,3.5
16,2,67,3.58908891678,3.5
16,2,38,3.180311203,4.0
16,2,38,3.96575117111,4.0
16,2,110,3.50559258461,2.25
16,2,110,3.67040514946,2.25
16,2,69,2.88440728188,1.75
16,2,69,3.44933724403,1.75
16,2,24,4.60628175735,3.5
16,2,24,4.29771852493,3.5
16,2,96,3.48710346222,3.5
16,2,96,3.12238192558,3.5
16,2,71,3.77397584915,4.0
16,2,71,3.71796488762,4.0
16,2,26,3.67454171181,3.25
16,2,26,3.68534350395,3.25
16,2,98,4.17029953003,4.5
16,2,98,4.10245990753,4.5
16,2,57,3.39408302307,3.0
16,2,57,3.45382833481,3.0
16,2,28,4.01485013962,3.25
16,2,28,4.13971757889,3.25
16,2,100,2.04612231255,3.25
16,2,100,3.44007968903,3.25
16,2,59,3.49532222748,3.0
16,2,59,3.40970778465,3.0
16,2,30,3.41532492638,3.0
16,2,30,3.99673080444,3.0
16,2,102,3.63233947754,1.75
16,2,102,3.70646095276,1.75
16,2,61,4.22707700729,2.5
16,2,61,4.08209133148,2.5
16,2,88,3.99753427505,3.75
16,2,88,3.83217096329,3.75
16,2,90,2.18214535713,1.75
16,2,90,2.83032083511,1.75
16,2,49,3.37994289398,2.75
16,2,49,3.70991587639,2.75
16,2,92,3.81425762177,2.5
16,2,92,4.13400697708,2.5
16,2,51,3.88936758041,3.5
16,2,51,4.01578235626,3.5
16,2,22,3.5903403759,1.75
16,2,22,3.7181892395,1.75
16,2,94,3.08804249763,4.0
16,2,94,2.94515967369,4.0
16,2,53,4.12181901932,4.0
16,2,53,3.40146780014,4.0
16,2,8,3.32338380814,3.25
16,2,8,3.72340798378,3.25
16,2,80,3.34139347076,4.0
16,2,80,3.26530051231,4.0
16,2,55,3.64478850365,4.0
16,2,55,3.84952735901,4.0
16,2,10,4.78368473053,5.5
16,2,10,4.15248632431,5.5
16,2,82,3.09664392471,2.25
16,2,82,3.49904608727,2.25
16,2,41,3.79210400581,1.75
16,2,41,3.95144248009,1.75
16,2,12,4.14536905289,5.5
16,2,12,4.3961315155,5.5
16,2,113,3.55851316452,2.5
16,2,113,3.88196349144,2.5
16,2,84,3.11409831047,3.75
16,2,84,2.6487133503,3.75
16,2,43,3.40073442459,2.25
16,2,43,3.39446473122,2.25
16,2,14,3.92753076553,4.0
16,2,14,3.69841885567,4.0
16,2,115,3.44697475433,2.75
16,2,115,3.68253517151,2.75
16,2,86,4.32960748672,4.5
16,2,86,4.14157152176,4.5
16,2,45,3.78923988342,3.0
16,2,45,4.05002164841,3.0
16,2,72,3.15968227386,2.25
16,2,72,3.24393033981,2.25
16,2,47,3.67822408676,1.75
16,2,47,3.33468651772,1.75
16,2,33,3.72310352325,1.5
16,2,33,4.11732578278,1.5
16,2,105,3.52307248116,3.75
16,2,105,3.68702769279,3.75
16,2,76,3.47915673256,3.0
16,2,76,3.6816034317,3.0
16,2,35,4.68016862869,2.5
16,2,35,4.05753612518,2.5
16,2,6,3.70257234573,4.5
16,2,6,4.03748750687,4.5
17,1,87,3.01914787292,2.5
17,1,87,3.06651043892,2.5
17,1,56,3.06482005119,3.25
17,1,56,3.04952859879,3.25
17,1,31,2.39895606041,4.0
17,1,31,2.63973402977,4.0
17,1,73,2.47266435623,4.25
17,1,73,2.91063761711,4.25
17,1,17,2.9494805336,3.0
17,1,17,3.00136756897,3.0
17,1,75,2.01390862465,1.75
17,1,75,2.74274563789,1.75
17,1,60,1.99313664436,3.0
17,1,60,2.66272950172,3.0
17,1,19,2.58057069778,4.0
17,1,19,2.91931962967,4.0
17,1,77,2.38630843163,3.5
17,1,77,2.83118963242,3.5
17,1,62,2.36236453056,1.75
17,1,62,2.57854604721,1.75
17,1,21,2.68600058556,2.5
17,1,21,2.76853680611,2.5
17,1,104,2.8535785675,3.25
17,1,104,2.96281719208,3.25
17,1,79,2.85800075531,3.25
17,1,79,2.8613679409,3.25
17,1,23,3.04877519608,2.5
17,1,23,2.85148620605,2.5
17,1,106,2.5748925209,2.75
17,1,106,2.9135632515,2.75
17,1,65,1.65811574459,1.25
17,1,65,2.5310254097,1.25
17,1,50,2.46499681473,3.75
17,1,50,2.8661108017,3.75
17,1,9,2.32814788818,1.5
17,1,9,2.47062468529,1.5
17,1,108,2.71502423286,2.5
17,1,108,2.88902139664,2.5
17,1,67,1.86934661865,3.0
17,1,67,2.54272270203,3.0
17,1,52,2.61992573738,2.75
17,1,52,2.65652227402,2.75
17,1,11,2.43847823143,1.5
17,1,11,2.64017963409,1.5
17,1,110,1.93054425716,3.5
17,1,110,2.43938612938,3.5
17,1,69,2.34617042542,2.5
17,1,69,2.67458534241,2.5
17,1,54,2.65092849731,3.25
17,1,54,2.82227420807,3.25
17,1,96,2.55352592468,1.5
17,1,96,2.86408567429,1.5
17,1,40,2.61764931679,3.0
17,1,40,3.03000831604,3.0
17,1,98,2.27891016006,3.5
17,1,98,2.88263559341,3.5
17,1,42,1.9532122612,3.75
17,1,42,2.69671368599,3.75
17,1,100,2.85287356377,2.75
17,1,100,3.03531193733,2.75
17,1,44,2.56326317787,3.5
17,1,44,3.02909064293,3.5
17,1,102,2.57633304596,3.75
17,1,102,2.80096030235,3.75
17,1,46,2.09229779243,4.0
17,1,46,2.69474172592,4.0
17,1,5,2.62470173836,2.75
17,1,5,2.66897153854,2.75
17,1,88,2.73840689659,4.25
17,1,88,2.89105033875,4.25
17,1,32,2.37578940392,4.5
17,1,32,2.94405293465,4.5
17,1,7,2.45262026787,2.75
17,1,7,2.7870631218,2.75
17,1,90,2.02100276947,5.5
17,1,90,2.54102921486,5.5
17,1,34,2.17595267296,3.25
17,1,34,2.73426938057,3.25
17,1,92,2.1460018158,5.25
17,1,92,2.56770563126,5.25
17,1,36,2.70761060715,2.75
17,1,36,2.8266453743,2.75
17,1,94,2.63100528717,3.5
17,1,94,2.9439637661,3.5
17,1,38,2.92288398743,2.25
17,1,38,2.82848000526,2.25
17,1,80,2.72218394279,4.25
17,1,80,3.06539940834,4.25
17,1,24,2.63061571121,3.25
17,1,24,3.01506900787,3.25
17,1,82,2.15087723732,5.0
17,1,82,2.80853796005,5.0
17,1,26,2.60987639427,3.0
17,1,26,2.83093047142,3.0
17,1,84,2.90393733978,4.25
17,1,84,2.99827814102,4.25
17,1,28,2.88029026985,4.25
17,1,28,2.96924209595,4.25
17,1,86,2.56056690216,4.0
17,1,86,2.80377006531,4.0
17,1,59,2.01476335526,2.5
17,1,59,2.46856880188,2.5
17,1,30,2.41973924637,5.25
17,1,30,2.72336649895,5.25
17,1,72,2.06770324707,5.25
17,1,72,2.67294955254,5.25
17,1,61,2.85386967659,2.25
17,1,61,2.82524585724,2.25
17,1,74,2.85105586052,3.25
17,1,74,2.80388045311,3.25
17,1,63,2.94142127037,1.75
17,1,63,2.66436624527,1.75
17,1,18,2.6293888092,2.75
17,1,18,2.91389703751,2.75
17,1,105,2.7338244915,3.75
17,1,105,2.72963929176,3.75
17,1,76,2.21023368835,4.5
17,1,76,2.41764426231,4.5
17,1,20,2.45668745041,3.5
17,1,20,2.71778774261,3.5
17,1,107,2.85416674614,3.25
17,1,107,2.89950227737,3.25
17,1,78,2.15741872787,4.25
17,1,78,2.69964337349,4.25
17,1,51,2.98037624359,3.0
17,1,51,2.96853232384,3.0
17,1,22,2.61289572716,3.0
17,1,22,2.72937464714,3.0
17,1,109,2.60465073586,2.5
17,1,109,2.8671271801,2.5
17,1,64,2.78673672676,1.0
17,1,64,2.66215634346,1.0
17,1,53,3.11433792114,2.75
17,1,53,3.02585220337,2.75
17,1,8,2.92173242569,2.75
17,1,8,2.7156329155,2.75
17,1,111,2.24722385406,2.0
17,1,111,2.84178924561,2.0
17,1,66,1.90039658546,0.75
17,1,66,2.53130960464,0.75
17,1,55,2.31211233139,2.5
17,1,55,2.87734794617,2.5
17,1,10,2.19853973389,1.5
17,1,10,2.69390153885,1.5
17,1,97,2.51987743378,2.5
17,1,97,2.93729233742,2.5
17,1,68,1.84988152981,3.75
17,1,68,2.63618350029,3.75
17,1,41,2.29034900665,3.25
17,1,41,2.97895145416,3.25
17,1,12,2.93672227859,2.25
17,1,12,2.83130002022,2.25
17,1,99,2.87255644798,3.5
17,1,99,2.84535050392,3.5
17,1,43,2.75895142555,4.25
17,1,43,3.04832053185,4.25
17,1,14,2.73209428787,1.5
17,1,14,2.69104743004,1.5
17,1,101,2.6997127533,3.0
17,1,101,2.87752914429,3.0
17,1,45,2.34115195274,3.0
17,1,45,2.91509819031,3.0
17,1,103,2.69712662697,3.0
17,1,103,2.82055711746,3.0
17,1,89,2.52012085915,3.25
17,1,89,2.90750837326,3.25
17,1,33,2.5452439785,3.75
17,1,33,2.6783349514,3.75
17,1,4,2.15677022934,2.75
17,1,4,2.78924965858,2.75
17,1,91,2.8715031147,3.5
17,1,91,2.94006443024,3.5
17,1,35,2.59558129311,2.5
17,1,35,2.93769836426,2.5
17,1,6,2.51647734642,2.75
17,1,6,2.59793329239,2.75
17,1,93,2.32170701027,3.5
17,1,93,2.53960680962,3.5
17,1,37,3.13446807861,2.5
17,1,37,2.97750043869,2.5
17,1,95,2.80433034897,5.25
17,1,95,2.92381858826,5.25
17,1,39,1.95558452606,4.5
17,1,39,2.6908185482,4.5
17,1,81,2.44250798225,4.5
17,1,81,2.64704799652,4.5
17,1,25,2.16165208817,3.75
17,1,25,2.76360440254,3.75
17,1,83,2.41647934914,3.5
17,1,83,2.80527901649,3.5
17,1,27,2.55120658875,4.5
17,1,27,3.09073877335,4.5
17,1,85,2.55213904381,4.75
17,1,85,3.01753950119,4.75
17,1,29,3.2344250679,4.0
17,1,29,3.03462409973,4.0
18,1,94,-0.562375664711,2.5
18,1,94,-1.16752147675,2.5
18,1,20,-0.537078678608,2.75
18,1,20,-1.24552285671,2.75
18,1,49,-0.40401494503,1.5
18,1,49,-1.16887080669,1.5
18,1,92,-0.57028234005,2.25
18,1,92,-1.31489539146,2.25
18,1,18,-0.410618275404,2.75
18,1,18,-1.26609671116,2.75
18,1,47,-0.407368540764,1.75
18,1,47,-0.282271623611,1.75
18,1,90,-0.265894830227,2.5
18,1,90,-0.463359355927,2.5
18,1,16,-0.420567244291,2.33333
18,1,16,-0.316806852818,2.33333
18,1,45,-0.736773431301,4.75
18,1,45,-0.975384354591,4.75
18,1,88,-0.640136301517,2.75
18,1,88,-1.07255005836,2.75
18,1,43,-0.676622867584,4.25
18,1,43,-1.04049217701,4.25
18,1,86,-0.473463594913,2.5
18,1,86,-1.19326555729,2.5
18,1,12,-0.532662570477,6.0
18,1,12,-0.902514457703,6.0
18,1,41,-0.560208618641,4.0
18,1,41,-1.00525760651,4.0
18,1,84,-0.528086006641,4.5
18,1,84,-0.788240015507,4.5
18,1,10,-0.508964598179,1.75
18,1,10,-1.21495354176,1.75
18,1,39,-0.634940564632,4.0
18,1,39,-0.939091384411,4.0
18,1,82,-0.464116126299,3.25
18,1,82,-1.01741147041,3.25
18,1,111,-0.714014232159,2.75
18,1,111,-1.10976481438,2.75
18,1,8,-1.0946662426,2.25
18,1,8,-1.19130408764,2.25
18,1,37,-0.518664598465,2.75
18,1,37,-1.24420726299,2.75
18,1,80,-0.61343806982,3.5
18,1,80,-1.05143225193,3.5
18,1,109,-0.373141258955,3.0
18,1,109,-0.82291662693,3.0
18,1,6,-0.409205168486,3.5
18,1,6,-1.00083971024,3.5
18,1,35,-0.622289121151,2.25
18,1,35,-0.950385808945,2.25
18,1,78,-0.799836277962,2.0
18,1,78,-1.29494094849,2.0
18,1,107,-0.481097489595,3.0
18,1,107,-1.22962427139,3.0
18,1,4,-0.488608628511,3.0
18,1,4,-1.2317814827,3.0
18,1,33,-0.626239657402,1.0
18,1,33,-1.14251816273,1.0
18,1,76,-0.72294741869,2.0
18,1,76,-1.22905004025,2.0
18,1,105,-0.367718160152,1.75
18,1,105,-1.19943344593,1.75
18,1,2,-0.390749514103,4.25
18,1,2,-1.01750802994,4.25
18,1,74,-0.352209687233,1.5
18,1,74,-0.319969892502,1.5
18,1,103,-0.525945723057,2.0
18,1,103,-1.01022052765,2.0
18,1,101,-0.476481735706,2.25
18,1,101,-1.09312832355,2.25
18,1,62,-0.578066766262,1.5
18,1,62,-0.176371648908,1.5
18,1,99,-0.223466590047,2.5
18,1,99,-0.314610630274,2.5
18,1,60,-0.50512522459,1.0
18,1,60,-0.210574939847,1.0
18,1,68,-0.405286550522,2.5
18,1,68,-0.257998645306,2.5
18,1,97,-0.510383725166,3.25
18,1,97,-1.1707971096,3.25
18,1,66,-0.450708687305,1.75
18,1,66,-0.355129897594,1.75
18,1,31,-0.375671625137,3.75
18,1,31,-1.18503093719,3.75
18,1,56,-0.57594949007,3.25
18,1,56,-0.892790317535,3.25
18,1,64,-0.683095753193,2.25
18,1,64,-1.30584728718,2.25
18,1,29,-0.6621773839,3.75
18,1,29,-0.971877098083,3.75
18,1,54,-0.47030928731,1.25
18,1,54,-0.273617953062,1.25
18,1,27,-0.551327168941,3.75
18,1,27,-1.28049004078,3.75
18,1,25,-0.433566629887,3.0
18,1,25,-1.06580340862,3.0
18,1,50,-0.486432015896,2.25
18,1,50,-0.210353180766,2.25
18,1,23,-0.441407501698,2.5
18,1,23,-1.17996835709,2.5
18,1,48,-0.508085608482,1.75
18,1,48,-1.05778503418,1.75
18,1,95,-0.561660885811,4.25
18,1,95,-0.972070038319,4.25
18,1,21,-0.624387860298,2.5
18,1,21,-1.31464529037,2.5
18,1,46,-0.53419470787,2.25
18,1,46,-0.927736520767,2.25
18,1,93,-0.47184869647,2.0
18,1,93,-0.915836691856,2.0
18,1,19,-0.552646458149,2.75
18,1,19,-1.09412646294,2.75
18,1,44,-0.436249017715,2.5
18,1,44,-1.08195757866,2.5
18,1,91,-0.491107493639,2.5
18,1,91,-1.04308176041,2.5
18,1,17,-0.415813624859,3.0
18,1,17,-1.1403491497,3.0
18,1,42,-0.492670238018,2.5
18,1,42,-1.00614655018,2.5
18,1,89,-0.842281222343,2.25
18,1,89,-1.21652233601,2.25
18,1,40,-0.605157017708,4.0
18,1,40,-0.928335368633,4.0
18,1,87,-0.528698563576,3.25
18,1,87,-1.24540841579,3.25
18,1,112,-0.430711507797,1.25
18,1,112,-0.98074054718,1.25
18,1,38,-0.512763917446,3.5
18,1,38,-1.00361824036,3.5
18,1,85,-0.545293152332,4.0
18,1,85,-1.11879706383,4.0
18,1,110,-0.714540183544,1.75
18,1,110,-1.09811270237,1.75
18,1,11,-0.568686842918,5.75
18,1,11,-1.05303895473,5.75
18,1,36,-0.806666791439,2.25
18,1,36,-1.19319105148,2.25
18,1,83,-0.80835300684,3.75
18,1,83,-1.1535872221,3.75
18,1,108,-0.622304677963,2.5
18,1,108,-0.991746008396,2.5
18,1,9,-0.559811115265,2.0
18,1,9,-1.06516385078,2.0
18,1,34,-0.500742733479,2.25
18,1,34,-1.05883467197,2.25
18,1,81,-0.709095656872,3.75
18,1,81,-1.01163387299,3.75
18,1,106,-0.511656939983,1.25
18,1,106,-0.898415923119,1.25
18,1,7,-1.10873520374,2.5
18,1,7,-0.0208200104535,2.5
18,1,32,-0.617677867413,1.25
18,1,32,-1.23336112499,1.25
18,1,79,-0.681879758835,2.25
18,1,79,-1.16613149643,2.25
18,1,104,-0.504664719105,3.25
18,1,104,-1.35717082024,3.25
18,1,5,-0.503626763821,1.5
18,1,5,-1.1223154068,1.5
18,1,77,-0.276034086943,1.0
18,1,77,-0.448537379503,1.0
18,1,102,-0.413944005966,2.25
18,1,102,-1.23816251755,2.25
18,1,3,-0.604706346989,2.25
18,1,3,-0.744888424873,2.25
18,1,75,-0.755471944809,1.0
18,1,75,-1.18377673626,1.0
18,1,100,-0.633215248585,3.75
18,1,100,-1.00484073162,3.75
18,1,73,-0.582140684128,2.0
18,1,73,-1.10092711449,2.0
18,1,98,-0.743797421455,2.25
18,1,98,-1.22498929501,2.25
18,1,96,-0.59450173378,2.5
18,1,96,-1.34211790562,2.5
18,1,61,-0.618268489838,3.25
18,1,61,-0.207874342799,3.25
18,1,69,-0.41809925437,1.0
18,1,69,-0.361576378345,1.0
18,1,30,-0.402230650187,2.75
18,1,30,-1.19125437737,2.75
18,1,59,-1.18008768559,1.66667
18,1,59,-0.609458267689,1.66667
18,1,67,-1.27743494511,1.0
18,1,67,-0.368670791388,1.0
18,1,28,-0.594109356403,3.25
18,1,28,-0.9076846838,3.25
18,1,65,-0.692754149437,1.0
18,1,65,-0.188572973013,1.0
18,1,26,-0.567902743816,2.75
18,1,26,-1.35171508789,2.75
18,1,55,-0.472165882587,1.75
18,1,55,-1.00074315071,1.75
18,1,24,-0.577723741531,3.25
18,1,24,-1.13830304146,3.25
18,1,53,-0.416708260775,3.25
18,1,53,-0.971089601517,3.25
18,1,22,-0.445757448673,3.75
18,1,22,-1.19613754749,3.75
18,1,51,-0.454957604408,1.25
18,1,51,-0.359890073538,1.25
