3,1,47,4.02388000488,4.25
3,1,47,4.02386808395,4.25
3,1,10,3.58925175667,2.875
3,1,10,3.59029507637,2.875
3,1,101,4.50755310059,4.375
3,1,101,4.50746583939,4.375
3,1,64,4.5238494873,5.75
3,1,64,4.52385616302,5.75
3,1,45,3.81246042252,4.25
3,1,45,3.81314563751,4.25
3,1,8,3.77594590187,3.5
3,1,8,3.77562403679,3.5
3,1,99,3.77080464363,1.5
3,1,99,3.77494430542,1.5
3,1,94,3.4697368145,3.25
3,1,94,3.46972441673,3.25
3,1,43,3.39459872246,4.0
3,1,43,3.39461398125,4.0
3,1,6,4.00048160553,4.5
3,1,6,4.00059080124,4.5
3,1,97,3.90623450279,1.25
3,1,97,3.90670156479,1.25
3,1,92,3.93958377838,3.5
3,1,92,3.93998098373,3.5
3,1,41,3.37728214264,3.25
3,1,41,3.37729811668,3.25
3,1,4,4.22377681732,3.25
3,1,4,4.22400283813,3.25
3,1,90,3.48711466789,3.75
3,1,90,3.4873893261,3.75
3,1,39,3.61058163643,5.75
3,1,39,3.61068415642,5.75
3,1,2,3.68618440628,4.5
3,1,2,3.68527197838,4.5
3,1,88,3.74131941795,4.0
3,1,88,3.74142336845,4.0
3,1,37,4.12813949585,3.125
3,1,37,4.12821245193,3.125
3,1,86,3.61477088928,4.25
3,1,86,3.61463785172,4.25
3,1,35,4.30520772934,4.375
3,1,35,4.305123806,4.375
3,1,30,3.80296254158,4.5
3,1,30,3.80568528175,4.5
3,1,84,3.95246338844,3.75
3,1,84,3.95217823982,3.75
3,1,33,3.48144078255,3.0
3,1,33,3.48142313957,3.0
3,1,28,4.0409412384,4.75
3,1,28,4.04077482224,4.75
3,1,82,4.04502391815,3.0
3,1,82,4.04117679596,3.0
3,1,63,4.35798025131,4.75
3,1,63,4.3583073616,4.75
3,1,26,3.50104498863,4.0
3,1,26,3.50040459633,4.0
3,1,80,3.77114510536,2.75
3,1,80,3.77290463448,2.75
3,1,61,3.42863202095,5.5
3,1,61,3.42974734306,5.5
3,1,24,4.44369983673,4.5
3,1,24,4.44350242615,4.5
3,1,59,3.68593192101,5.5
3,1,59,3.68614935875,5.5
3,1,22,4.48786878586,4.83333
3,1,22,4.48794078827,4.83333
3,1,57,4.45654344559,4.875
3,1,57,4.45652484894,4.875
3,1,20,4.08722305298,2.5
3,1,20,4.08712005615,2.5
3,1,79,3.64588284492,5.25
3,1,79,3.64555811882,5.25
3,1,55,3.63943576813,3.25
3,1,55,3.63961911201,3.25
3,1,18,3.4637773037,3.75
3,1,18,3.46358799934,3.75
3,1,77,3.37842965126,4.5
3,1,77,3.37838387489,4.5
3,1,16,3.530200243,4.75
3,1,16,3.53032422066,4.75
3,1,75,3.69659161568,4.0
3,1,75,3.69668459892,4.0
3,1,51,3.49848246574,4.5
3,1,51,3.49823117256,4.5
3,1,73,3.43938040733,3.0
3,1,73,3.44017529488,3.0
3,1,49,4.37193632126,5.0
3,1,49,4.3722949028,5.0
3,1,108,3.55493283272,2.25
3,1,108,3.55484414101,2.25
3,1,71,4.00222253799,2.0
3,1,71,4.00208806992,2.0
3,1,15,4.22491693497,5.0
3,1,15,4.22476625443,5.0
3,1,106,2.36724114418,2.75
3,1,106,2.36696815491,2.75
3,1,104,3.47779774666,3.5
3,1,104,3.47761416435,3.5
3,1,102,3.45953059196,5.25
3,1,102,3.45950627327,5.25
3,1,65,3.661454916,6.25
3,1,65,3.66147542,6.25
3,1,46,4.5861325264,5.0
3,1,46,4.58613491058,5.0
3,1,9,3.56936526299,2.75
3,1,9,3.56906628609,2.75
3,1,100,3.39466547966,2.375
3,1,100,3.39450764656,2.375
3,1,95,3.45615267754,3.75
3,1,95,3.45649075508,3.75
3,1,44,3.96077942848,3.0
3,1,44,3.96121573448,3.0
3,1,7,4.55992555618,4.75
3,1,7,4.55992746353,4.75
3,1,98,4.26461315155,1.75
3,1,98,4.26462125778,1.75
3,1,93,3.45608949661,3.25
3,1,93,3.45616674423,3.25
3,1,5,3.60996985435,6.0
3,1,5,3.60933661461,6.0
3,1,96,4.30442619324,3.875
3,1,96,4.30442428589,3.875
3,1,91,3.94184851646,4.0
3,1,91,3.94184470177,4.0
3,1,40,3.43205523491,5.0
3,1,40,3.43208909035,5.0
3,1,3,3.61929297447,3.0
3,1,3,3.61927056313,3.0
3,1,89,3.80117201805,4.25
3,1,89,3.80134367943,4.25
3,1,38,3.51623940468,4.5
3,1,38,3.5161755085,4.5
3,1,1,2.88224124908,3.875
3,1,1,2.88034439087,3.875
3,1,87,4.30514431,4.25
3,1,87,4.30393648148,4.25
3,1,36,4.23520946503,3.5
3,1,36,4.23480081558,3.5
3,1,31,3.38526034355,3.66667
3,1,31,3.38524031639,3.66667
3,1,85,3.8145942688,2.0
3,1,85,3.81437921524,2.0
3,1,34,3.74796128273,4.125
3,1,34,3.74807715416,4.125
3,1,29,4.53385257721,1.25
3,1,29,4.53393793106,1.25
3,1,83,4.0192694664,4.5
3,1,83,4.02360725403,4.5
3,1,32,3.57030463219,4.5
3,1,32,3.5658261776,4.5
3,1,27,4.09712266922,5.25
3,1,27,4.10008907318,5.25
3,1,81,3.67766833305,2.75
3,1,81,3.67846989632,2.75
3,1,62,4.30858945847,4.375
3,1,62,4.30877494812,4.375
3,1,25,4.54145383835,5.5
3,1,25,4.54152774811,5.5
3,1,60,3.93541407585,5.5
3,1,60,3.93558382988,5.5
3,1,23,3.62600874901,3.875
3,1,23,3.62585949898,3.875
3,1,58,3.58679318428,4.5
3,1,58,3.5871655941,4.5
3,1,21,4.40822410583,4.5
3,1,21,4.40816497803,4.5
3,1,56,3.06724071503,4.0
3,1,56,3.06534576416,4.0
3,1,19,4.01129722595,4.125
3,1,19,4.01125764847,4.125
3,1,78,3.72663187981,5.25
3,1,78,3.72666096687,5.25
3,1,17,3.541213274,5.0
3,1,17,3.54119992256,5.0
3,1,76,4.48420619965,4.0
3,1,76,4.48422002792,4.0
3,1,52,4.22304201126,3.5
3,1,52,4.22290992737,3.5
3,1,74,4.44996786118,4.0
3,1,74,4.44925451279,4.0
3,1,50,3.5665948391,4.66667
3,1,50,3.5665872097,4.66667
3,1,48,4.44884109497,2.5
3,1,48,4.44878816605,2.5
3,1,107,3.38884067535,5.25
3,1,107,3.38883686066,5.25
3,1,70,3.40759539604,2.75
3,1,70,3.40773797035,2.75
3,1,14,3.53325819969,3.75
3,1,14,3.53323340416,3.75
3,1,105,3.14028024673,1.25
3,1,105,3.13811707497,1.25
3,1,103,3.3981859684,1.5
3,1,103,3.39793324471,1.5
3,1,66,3.88675427437,3.0
3,1,66,3.88610482216,3.0
3,2,82,3.30929994583,3.25
3,2,82,3.30940890312,3.25
3,2,61,4.41638469696,4.375
3,2,61,4.41645717621,4.375
3,2,80,3.85652804375,4.75
3,2,80,3.85659527779,4.75
3,2,30,2.91551160812,3.625
3,2,30,2.91492438316,3.625
3,2,35,3.56034207344,3.875
3,2,35,3.56078672409,3.875
3,2,86,3.47817802429,2.75
3,2,86,3.47757315636,2.75
3,2,28,3.24429488182,4.0
3,2,28,3.24386239052,4.0
3,2,33,3.47681689262,5.0
3,2,33,3.47668671608,5.0
3,2,84,4.23529434204,4.0
3,2,84,4.23568296432,4.0
3,2,2,3.93042254448,1.875
3,2,2,3.92937159538,1.875
3,2,39,3.5626115799,4.25
3,2,39,3.56256103516,4.25
3,2,90,3.49917674065,4.25
3,2,90,3.49925661087,4.25
3,2,37,3.94072175026,2.25
3,2,37,3.94073271751,2.25
3,2,88,3.41415715218,4.0
3,2,88,3.41203713417,4.0
3,2,6,3.55201506615,5.25
3,2,6,3.55214691162,5.25
3,2,43,4.1770362854,4.0
3,2,43,4.17665672302,4.0
3,2,94,3.60532927513,3.75
3,2,94,3.60493063927,3.75
3,2,99,4.09733867645,2.625
3,2,99,4.09740114212,2.625
3,2,41,3.75847148895,3.5
3,2,41,3.75955247879,3.5
3,2,92,3.65782189369,3.25
3,2,92,3.65741372108,3.25
3,2,97,3.46669363976,5.0
3,2,97,3.46667075157,5.0
3,2,10,3.59953093529,4.0
3,2,10,3.59747052193,4.0
3,2,47,3.57816743851,3.875
3,2,47,3.57760119438,3.875
3,2,66,3.62758874893,3.75
3,2,66,3.62766623497,3.75
3,2,103,3.43931937218,4.0
3,2,103,3.43943786621,4.0
3,2,8,3.60728549957,6.0
3,2,8,3.60681438446,6.0
3,2,45,3.50093531609,3.25
3,2,45,3.50330710411,3.25
3,2,64,3.83131599426,2.375
3,2,64,3.83135342598,2.375
3,2,101,3.42812132835,3.125
3,2,101,3.428201437,3.125
3,2,14,3.9595785141,3.75
3,2,14,3.95955586433,3.75
3,2,70,4.49762296677,3.66667
3,2,70,4.49737167358,3.66667
3,2,107,3.06248569489,4.625
3,2,107,3.06088924408,4.625
3,2,12,3.47396588326,5.25
3,2,12,3.47427868843,5.25
3,2,68,3.47478508949,5.5
3,2,68,3.47447657585,5.5
3,2,105,3.48950147629,3.5
3,2,105,3.48995113373,3.5
3,2,50,4.26869916916,3.75
3,2,50,4.26837491989,3.75
3,2,74,3.51867938042,3.25
3,2,74,3.51867413521,3.25
3,2,111,3.60641360283,3.5
3,2,111,3.60595488548,3.5
3,2,48,3.06105232239,4.25
3,2,48,3.06067538261,4.25
3,2,109,4.12771463394,1.95833
3,2,109,4.12753677368,1.95833
3,2,78,3.43049740791,2.75
3,2,78,3.4306447506,2.75
3,2,52,3.39296174049,1.5
3,2,52,3.39264988899,1.5
3,2,56,3.54159498215,4.25
3,2,56,3.54140281677,4.25
3,2,112,3.39387130737,4.0
3,2,112,3.39351058006,4.0
3,2,62,3.64062142372,5.25
3,2,62,3.64108014107,5.25
3,2,27,3.54141116142,4.0
3,2,27,3.54136157036,4.0
3,2,60,3.10975170135,3.75
3,2,60,3.10753917694,3.75
3,2,83,3.6672770977,4.25
3,2,83,3.66755461693,4.25
3,2,34,4.28733587265,3.5
3,2,34,4.28727817535,3.5
3,2,81,3.64971470833,4.375
3,2,81,3.64931416512,4.375
3,2,31,3.63589930534,3.25
3,2,31,3.63626170158,3.25
3,2,32,3.74233746529,3.25
3,2,32,3.7425596714,3.25
3,2,87,3.05946874619,3.75
3,2,87,3.05973386765,3.75
3,2,29,4.16475629807,4.0
3,2,29,4.16538906097,4.0
3,2,38,4.19821977615,3.25
3,2,38,4.19818782806,3.25
3,2,85,3.39043998718,3.25
3,2,85,3.39037823677,3.25
3,2,36,3.77292466164,2.75
3,2,36,3.7721581459,2.75
3,2,91,3.5039870739,4.5
3,2,91,3.50408196449,4.5
3,2,42,2.65347599983,2.5
3,2,42,2.65268492699,2.5
3,2,89,3.76053905487,3.25
3,2,89,3.76051473618,3.25
3,2,98,3.56353878975,4.5
3,2,98,3.58092856407,4.5
3,2,7,3.76974201202,6.0
3,2,7,3.76973676682,6.0
3,2,40,3.73172712326,2.75
3,2,40,3.73000788689,2.75
3,2,95,3.44200110435,1.5
3,2,95,3.44277667999,1.5
3,2,96,3.47770428658,3.125
3,2,96,3.47696208954,3.125
3,2,5,3.42977046967,3.25
3,2,5,3.43005609512,3.25
3,2,46,3.64378428459,4.5
3,2,46,3.64420580864,4.5
3,2,93,3.52042031288,5.0
3,2,93,3.52033495903,5.0
3,2,102,3.94856190681,2.0
3,2,102,3.94843673706,2.0
3,2,11,3.4795832634,4.125
3,2,11,3.48030138016,4.125
3,2,44,3.57556295395,5.0
3,2,44,3.57556056976,5.0
3,2,67,3.50940608978,5.25
3,2,67,3.50947475433,5.25
3,2,100,3.44563865662,1.25
3,2,100,3.44492673874,1.25
3,2,9,4.08917140961,4.5
3,2,9,4.08918190002,4.5
3,2,65,3.97322154045,3.0
3,2,65,3.97301912308,3.0
3,2,106,3.55576872826,3.875
3,2,106,3.55624127388,3.875
3,2,71,3.43777251244,2.375
3,2,71,3.43837094307,2.375
3,2,104,2.93373417854,3.5
3,2,104,2.93032336235,3.5
3,2,13,3.52677702904,5.0
3,2,13,3.52639126778,5.0
3,2,69,3.14448022842,1.25
3,2,69,3.14441800117,1.25
3,2,110,3.4294667244,4.25
3,2,110,3.42899084091,4.25
3,2,51,4.30524349213,4.0
3,2,51,4.30527353287,4.0
3,2,108,3.3080804348,4.0
3,2,108,3.30846762657,4.0
3,2,49,3.83687853813,2.75
3,2,49,3.83681321144,2.75
3,2,73,3.50507807732,3.75
3,2,73,3.50251460075,3.75
3,2,55,4.24269771576,3.33333
3,2,55,4.24252080917,3.33333
3,2,79,3.75469207764,3.75
3,2,79,3.75476813316,3.75
3,2,53,3.61435437202,4.5
3,2,53,3.61548829079,4.5
3,2,77,3.54991173744,2.25
3,2,77,3.55146670341,2.25
3,2,59,3.41739201546,2.25
3,2,59,3.4174182415,2.25
3,2,113,3.50578522682,3.0
3,2,113,3.50549936295,3.0
3,2,26,3.56884264946,2.5
3,2,26,3.56899905205,2.5
3,2,63,2.24985361099,1.25
3,2,63,2.24974012375,1.25
4,1,29,2.86893177032,3.0
4,1,29,2.86871027946,3.0
4,1,58,5.26933097839,2.25
4,1,58,5.26955413818,2.25
4,1,85,3.84580492973,2.5
4,1,85,3.84646892548,2.5
4,1,114,1.66157543659,1.5
4,1,114,1.66188573837,1.5
4,1,31,3.95943975449,2.25
4,1,31,3.95903301239,2.25
4,1,36,3.40167951584,0.875
4,1,36,3.40175509453,0.875
4,1,87,3.29595112801,3.25
4,1,87,3.29630351067,3.25
4,1,25,4.38643312454,1.5
4,1,25,4.38529014587,1.5
4,1,38,3.31407809258,2.5
4,1,38,3.31409549713,2.5
4,1,81,4.21655845642,3.0
4,1,81,4.21882200241,3.0
4,1,27,2.49487352371,2.75
4,1,27,2.52239465714,2.75
4,1,32,3.52500605583,1.5
4,1,32,3.52732181549,1.5
4,1,83,2.5617210865,3.25
4,1,83,2.53336167336,3.25
4,1,5,1.95404875278,1.0
4,1,5,1.95351946354,1.0
4,1,34,3.41271805763,1.5
4,1,34,3.4129421711,1.5
4,1,93,3.84505224228,3.0
4,1,93,3.84482145309,3.0
4,1,7,3.17519068718,1.75
4,1,7,3.07431912422,1.75
4,1,95,2.81356930733,3.5
4,1,95,2.81597471237,3.5
4,1,100,3.16701459885,0.75
4,1,100,3.16441392899,0.75
4,1,46,2.86583542824,3.75
4,1,46,2.86576247215,3.75
4,1,89,2.77619457245,1.75
4,1,89,2.77062940598,1.75
4,1,102,2.01624536514,1.5
4,1,102,2.02565336227,1.5
4,1,3,2.28114628792,3.5
4,1,3,2.28047418594,3.5
4,1,40,3.77354383469,4.0
4,1,40,3.77365064621,4.0
4,1,91,3.87082266808,2.25
4,1,91,3.87103533745,2.25
4,1,96,2.10517263412,2.75
4,1,96,2.10497713089,2.75
4,1,13,1.91378128529,1.5
4,1,13,1.91393828392,1.5
4,1,42,3.35830235481,1.75
4,1,42,3.35828995705,1.75
4,1,69,6.03294944763,5.5
4,1,69,6.03296279907,5.5
4,1,98,3.31718540192,3.25
4,1,98,3.36365628242,3.25
4,1,15,1.72768652439,0.75
4,1,15,1.72795963287,0.75
4,1,71,2.97111463547,2.125
4,1,71,2.97113323212,2.125
4,1,108,3.2880461216,3.25
4,1,108,3.28800582886,3.25
4,1,9,2.13153910637,1.0
4,1,9,2.16720271111,1.0
4,1,65,4.61436128616,4.75
4,1,65,4.61487579346,4.75
4,1,110,4.09206819534,4.0
4,1,110,4.09202623367,4.0
4,1,11,2.28074526787,1.0
4,1,11,2.28088998795,1.0
4,1,67,4.64715242386,1.75
4,1,67,4.6476225853,1.75
4,1,104,2.3816576004,1.25
4,1,104,2.38097763062,1.25
4,1,53,4.70383214951,2.5
4,1,53,4.70364141464,2.5
4,1,77,5.14805412292,2.625
4,1,77,5.14890956879,2.625
4,1,106,2.99193882942,2.125
4,1,106,2.99189543724,2.125
4,1,55,4.48715591431,2.5
4,1,55,4.48695898056,2.5
4,1,79,4.68636989594,6.75
4,1,79,4.68665027618,6.75
4,1,49,5.2175526619,4.25
4,1,49,5.21853113174,4.25
4,1,73,5.27117681503,4.25
4,1,73,5.27089881897,4.25
4,1,22,2.2675280571,1.25
4,1,22,2.26717042923,1.25
4,1,51,4.25661706924,2.75
4,1,51,4.25666952133,2.75
4,1,75,3.57017087936,4.75
4,1,75,3.57122564316,4.75
4,1,16,1.81573140621,1.0
4,1,16,1.79121410847,1.0
4,1,117,3.55159711838,1.25
4,1,117,3.55442023277,1.25
4,1,63,2.58192491531,1.0
4,1,63,2.58275127411,1.0
4,1,28,3.69660377502,2.625
4,1,28,3.69781756401,2.625
4,1,57,3.81316971779,2.75
4,1,57,3.81292629242,2.75
4,1,84,2.64549469948,2.5
4,1,84,2.65016150475,2.5
4,1,113,3.3924510479,3.25
4,1,113,3.39441609383,3.25
4,1,30,3.47786831856,1.125
4,1,30,3.47681450844,1.125
4,1,59,5.30215263367,1.875
4,1,59,5.30211925507,1.875
4,1,86,1.77669513226,1.66667
4,1,86,1.77716088295,1.66667
4,1,115,2.66585421562,3.5
4,1,115,2.62706565857,3.5
4,1,24,3.28105258942,2.0
4,1,24,3.27913928032,2.0
4,1,37,3.9494664669,2.25
4,1,37,3.94962954521,2.25
4,1,80,3.37045168877,3.5
4,1,80,3.37019586563,3.5
4,1,26,4.39631319046,4.375
4,1,26,4.39785718918,4.375
4,1,39,4.31273412704,2.5
4,1,39,4.31243753433,2.5
4,1,82,3.82785177231,6.5
4,1,82,3.827906847,6.5
4,1,4,1.72409152985,1.5
4,1,4,1.73419070244,1.5
4,1,33,2.89791512489,1.5
4,1,33,2.89853215218,1.5
4,1,92,4.20932006836,2.0
4,1,92,4.21648597717,2.0
4,1,6,2.02785539627,1.5
4,1,6,2.02846288681,1.5
4,1,35,3.57674479485,1.75
4,1,35,3.57663035393,1.75
4,1,94,2.24129605293,1.5
4,1,94,2.24208188057,1.5
4,1,45,4.90769529343,2.125
4,1,45,4.90778541565,2.125
4,1,88,3.18587088585,1.5
4,1,88,3.18162369728,1.5
4,1,101,4.506503582,3.875
4,1,101,4.50695371628,3.875
4,1,47,4.47279596329,2.125
4,1,47,4.47210693359,2.125
4,1,90,4.00722789764,1.375
4,1,90,4.00719642639,1.375
4,1,103,3.41792201996,1.0
4,1,103,3.41890287399,1.0
4,1,12,1.94094824791,2.5
4,1,12,1.94109678268,2.5
4,1,41,5.27882528305,2.5
4,1,41,5.27859306335,2.5
4,1,68,3.76099252701,5.5
4,1,68,3.76116657257,5.5
4,1,97,3.61481595039,1.625
4,1,97,3.61470651627,1.625
4,1,70,5.0326461792,5.25
4,1,70,5.03242826462,5.25
4,1,99,2.77283191681,2.375
4,1,99,2.77306222916,2.375
4,1,8,2.03640389442,0.75
4,1,8,2.03672456741,0.75
4,1,64,3.54516935349,3.5
4,1,64,3.54495573044,3.5
4,1,109,4.57982063293,2.75
4,1,109,4.57749414444,2.75
4,1,10,1.87050056458,3.0
4,1,10,1.87007141113,3.0
4,1,66,1.92646217346,1.0
4,1,66,1.92635822296,1.0
4,1,111,4.01983737946,3.5
4,1,111,4.01485300064,3.5
4,1,52,3.22703099251,3.25
4,1,52,3.22556018829,3.25
4,1,105,2.93496513367,3.625
4,1,105,2.93103170395,3.625
4,1,54,4.89664793015,3.375
4,1,54,4.89662456512,3.375
4,1,78,3.76010131836,3.25
4,1,78,3.76015901566,3.25
4,1,48,5.14364671707,1.5
4,1,48,5.14359617233,1.5
4,1,72,3.36444950104,2.375
4,1,72,3.36442017555,2.375
4,1,50,3.62638092041,2.0
4,1,50,3.62326717377,2.0
4,1,74,4.00550365448,3.5
4,1,74,4.00553274155,3.5
4,1,23,1.76276063919,1.0
4,1,23,1.76966750622,1.0
4,1,116,2.27304291725,1.75
4,1,116,2.27317929268,1.75
4,1,118,5.75422048569,4.5
4,1,118,5.75425624847,4.5
4,1,56,3.14372730255,2.0
4,1,56,3.1448071003,2.0
4,1,112,2.20690822601,1.0
4,1,112,2.20562982559,1.0
7,1,40,5.22093439102,5.5
7,1,40,5.37933015823,5.5
7,1,3,4.93615007401,4.75
7,1,3,5.08143281937,4.75
7,1,102,4.84414052963,4.25
7,1,102,5.1418094635,4.25
7,1,46,4.97506046295,4.0
7,1,46,4.14105987549,4.0
7,1,1,3.53874325752,3.5
7,1,1,3.99120306969,3.5
7,1,44,4.90743017197,6.25
7,1,44,5.24436998367,6.25
7,1,7,4.96198749542,2.25
7,1,7,4.77879428864,2.25
7,1,90,5.19194126129,4.0
7,1,90,5.26586008072,4.0
7,1,34,5.17624187469,5.5
7,1,34,5.09082889557,5.5
7,1,5,5.05414628983,4.75
7,1,5,4.83578395844,4.75
7,1,88,5.06079387665,6.5
7,1,88,5.02072048187,6.5
7,1,32,4.90948057175,3.75
7,1,32,5.02164554596,3.75
7,1,94,5.13964557648,3.0
7,1,94,5.2819776535,3.0
7,1,38,4.39507055283,3.5
7,1,38,4.91820812225,3.5
7,1,92,5.48000001907,5.75
7,1,92,4.24615478516,5.75
7,1,36,5.23247861862,4.25
7,1,36,5.23529672623,4.25
7,1,82,4.89061164856,5.25
7,1,82,5.28184700012,5.25
7,1,26,4.71854639053,3.0
7,1,26,4.6478099823,3.0
7,1,80,4.89583730698,2.0
7,1,80,5.00559711456,2.0
7,1,24,4.6385383606,5.0
7,1,24,4.16615915298,5.0
7,1,86,4.51940441132,3.25
7,1,86,4.71170568466,3.25
7,1,59,4.67199039459,5.25
7,1,59,4.80447912216,5.25
7,1,30,4.92385864258,3.0
7,1,30,5.11771345139,3.0
7,1,84,4.68393087387,4.75
7,1,84,4.89245653152,4.75
7,1,57,4.74044084549,4.25
7,1,57,5.17408800125,4.25
7,1,28,4.77975988388,5.25
7,1,28,4.86225938797,5.25
7,1,74,4.97432136536,4.25
7,1,74,5.26707601547,4.25
7,1,63,4.08595752716,5.5
7,1,63,4.68465614319,5.5
7,1,18,5.2436876297,6.0
7,1,18,4.8431353569,6.0
7,1,72,4.90637207031,2.0
7,1,72,3.5490963459,2.0
7,1,61,5.3963432312,5.0
7,1,61,5.33459568024,5.0
7,1,107,4.11319684982,4.0
7,1,107,3.28227066994,4.0
7,1,78,4.81851100922,4.0
7,1,78,4.35935544968,4.0
7,1,51,3.94950580597,3.5
7,1,51,4.20333433151,3.5
7,1,22,5.24959135056,3.75
7,1,22,4.5248632431,3.75
7,1,105,5.0714931488,4.75
7,1,105,4.49503278732,4.75
7,1,76,4.14155960083,2.75
7,1,76,3.86987423897,2.75
7,1,49,4.32882976532,4.5
7,1,49,4.76171875,4.5
7,1,20,4.62257766724,5.25
7,1,20,4.21715402603,5.25
7,1,66,4.54169130325,4.25
7,1,66,5.05235242844,4.25
7,1,55,3.97479176521,2.5
7,1,55,3.26021814346,2.5
7,1,10,4.6294169426,2.75
7,1,10,3.60175561905,2.75
7,1,109,4.70661783218,6.25
7,1,109,5.28080558777,6.25
7,1,64,4.3251209259,5.0
7,1,64,3.9384803772,5.0
7,1,53,4.26463031769,5.5
7,1,53,4.01673364639,5.5
7,1,8,5.24678993225,4.5
7,1,8,4.90997743607,4.5
7,1,70,4.62122583389,5.5
7,1,70,4.14297437668,5.5
7,1,43,4.99220228195,3.5
7,1,43,5.34713983536,3.5
7,1,14,4.26579284668,1.75
7,1,14,4.26592588425,1.75
7,1,97,4.21294736862,5.5
7,1,97,4.87232923508,5.5
7,1,68,3.49527692795,4.25
7,1,68,2.95043826103,4.25
7,1,41,5.30354833603,4.75
7,1,41,4.32205438614,4.75
7,1,12,4.19886636734,5.0
7,1,12,4.3268699646,5.0
7,1,103,4.19630813599,3.25
7,1,103,3.91885709763,3.25
7,1,47,5.99225950241,4.5
7,1,47,4.92831373215,4.5
7,1,2,3.89063191414,5.5
7,1,2,4.12723207474,5.5
7,1,101,4.73898124695,4.0
7,1,101,5.28298282623,4.0
7,1,45,4.75687026978,4.5
7,1,45,4.36122941971,4.5
7,1,35,4.83221578598,6.0
7,1,35,4.81061458588,6.0
7,1,89,5.44827795029,5.25
7,1,89,5.21238470078,5.25
7,1,33,5.58551454544,4.75
7,1,33,5.0712594986,4.75
7,1,4,5.07463169098,3.25
7,1,4,5.13569450378,3.25
7,1,95,4.19771385193,4.75
7,1,95,4.7077255249,4.75
7,1,39,5.01759910583,5.5
7,1,39,4.66270446777,5.5
7,1,93,5.04979276657,4.25
7,1,93,5.30474615097,4.25
7,1,37,4.93089723587,4.25
7,1,37,5.25181865692,4.25
7,1,83,5.06056404114,4.75
7,1,83,4.64351892471,4.75
7,1,27,5.54174613953,4.25
7,1,27,4.76472711563,4.25
7,1,81,4.18347740173,4.0
7,1,81,4.49639415741,4.0
7,1,25,5.01312685013,4.5
7,1,25,5.10792207718,4.5
7,1,31,4.60008001328,4.5
7,1,31,4.81443834305,4.5
7,1,58,4.6004152298,6.0
7,1,58,4.24491214752,6.0
7,1,29,5.12950468063,4.25
7,1,29,4.47574234009,4.25
7,1,75,5.32690095901,4.75
7,1,75,5.15268278122,4.75
7,1,19,5.10051107407,4.75
7,1,19,4.64561462402,4.75
7,1,73,4.22164440155,1.0
7,1,73,3.76576113701,1.0
7,1,62,5.51502752304,4.5
7,1,62,5.20176839828,4.5
7,1,79,3.93362879753,3.0
7,1,79,3.0488846302,3.0
7,1,60,4.53828287125,3.25
7,1,60,4.32540369034,3.25
7,1,23,4.18518543243,4.0
7,1,23,4.18385028839,4.0
7,1,106,4.26136350632,4.75
7,1,106,4.48889255524,4.75
7,1,50,4.64091014862,5.0
7,1,50,4.51678133011,5.0
7,1,104,5.25732278824,4.75
7,1,104,5.16394615173,4.75
7,1,67,4.23936271667,4.75
7,1,67,4.71396875381,4.75
7,1,48,4.49923658371,1.5
7,1,48,4.35384559631,1.5
7,1,11,3.08501577377,1.75
7,1,11,3.45516419411,1.75
7,1,65,3.59034657478,5.25
7,1,65,3.16533184052,5.25
7,1,54,4.91705179214,5.5
7,1,54,5.00447511673,5.5
7,1,9,4.2035317421,2.0
7,1,9,4.71651744843,2.0
7,1,108,4.72414684296,2.75
7,1,108,3.92148756981,2.75
7,1,71,4.64868783951,4.75
7,1,71,4.78694009781,4.75
7,1,52,4.40770053864,0.75
7,1,52,4.08837604523,0.75
7,1,98,4.64610004425,3.25
7,1,98,4.57391643524,3.25
7,1,69,4.04728937149,5.5
7,1,69,4.28604412079,5.5
7,1,42,4.72760486603,3.0
7,1,42,5.26613521576,3.0
7,1,13,4.79442834854,3.0
7,1,13,5.1487865448,3.0
7,1,96,4.0964589119,5.5
7,1,96,4.6860294342,5.5
7,2,77,5.01330661774,4.25
7,2,77,5.24390888214,4.25
7,2,102,4.75500011444,5.25
7,2,102,4.7081451416,5.25
7,2,3,4.23016881943,5.75
7,2,3,3.96886444092,5.75
7,2,75,3.70623731613,3.5
7,2,75,3.41176104546,3.5
7,2,100,3.57536005974,1.75
7,2,100,3.71735143661,1.75
7,2,1,4.00292110443,4.25
7,2,1,4.16473722458,4.25
7,2,73,4.78903436661,3.25
7,2,73,4.19262981415,3.25
7,2,98,4.20569086075,3.75
7,2,98,3.79803919792,3.75
7,2,63,3.2894616127,5.25
7,2,63,3.90309333801,5.25
7,2,71,4.57432794571,4.0
7,2,71,4.37543821335,4.0
7,2,96,3.05791711807,3.5
7,2,96,2.45398402214,3.5
7,2,61,3.62092208862,5.5
7,2,61,3.12704658508,5.5
7,2,69,5.22485780716,4.25
7,2,69,6.21789455414,4.25
7,2,30,5.34397602081,3.0
7,2,30,4.66246747971,3.0
7,2,28,3.50027680397,5.75
7,2,28,3.37795472145,5.75
7,2,57,4.41821670532,1.5
7,2,57,3.52260327339,1.5
7,2,65,3.3409948349,5.0
7,2,65,3.94684743881,5.0
7,2,26,3.79477024078,4.25
7,2,26,4.43453264236,4.25
7,2,55,5.63362073898,4.0
7,2,55,5.21860408783,4.0
7,2,24,2.39744997025,3.75
7,2,24,3.13533806801,3.75
7,2,53,5.13965129852,5.0
7,2,53,4.51902580261,5.0
7,2,22,3.15695023537,3.0
7,2,22,3.15279650688,3.0
7,2,51,5.14127922058,4.75
7,2,51,4.54406261444,4.75
7,2,94,3.65318870544,3.25
7,2,94,2.54138207436,3.25
7,2,20,5.21430015564,5.5
7,2,20,5.4819984436,5.5
7,2,49,5.14978551865,4.0
7,2,49,5.53258085251,4.0
7,2,92,4.49476289749,4.66667
7,2,92,4.11433887482,4.66667
7,2,18,5.14218521118,3.5
7,2,18,4.40983963013,3.5
7,2,47,4.82875013351,4.0
7,2,47,4.49349212646,4.0
7,2,90,5.84302568436,4.0
7,2,90,5.19759368896,4.0
7,2,16,5.94731760025,5.0
7,2,16,5.09766626358,5.0
7,2,45,2.72026062012,2.5
7,2,45,2.97491884232,2.5
7,2,88,5.7323846817,5.0
7,2,88,4.21570777893,5.0
7,2,14,5.43748998642,5.5
7,2,14,5.04841089249,5.5
7,2,43,3.16969847679,2.75
7,2,43,3.8655591011,2.75
7,2,86,3.34692716599,2.5
7,2,86,3.2583758831,2.5
7,2,12,5.404692173,4.25
7,2,12,4.9224114418,4.25
7,2,84,4.35096120834,3.75
7,2,84,3.20803618431,3.75
7,2,10,4.98160409927,4.0
7,2,10,4.64592790604,4.0
7,2,39,5.23995876312,4.0
7,2,39,3.79209661484,4.0
7,2,82,5.08886480331,3.25
7,2,82,3.99879574776,3.25
7,2,8,3.01309871674,4.0
7,2,8,3.39709377289,4.0
7,2,37,4.13502788544,3.5
7,2,37,4.66512727737,3.5
7,2,80,3.82971310616,4.0
7,2,80,3.15891671181,4.0
7,2,109,4.60412931442,5.25
7,2,109,4.08533239365,5.25
7,2,6,4.57264471054,4.0
7,2,6,4.80943155289,4.0
7,2,35,3.26084017754,3.5
7,2,35,3.92297554016,3.5
7,2,78,3.81955456734,5.0
7,2,78,4.19893026352,5.0
7,2,107,5.25035238266,4.5
7,2,107,5.86887693405,4.5
7,2,4,3.5834813118,3.0
7,2,4,4.39435863495,3.0
7,2,33,4.10924530029,1.5
7,2,33,2.96990275383,1.5
7,2,76,4.55496835709,4.5
7,2,76,4.78509712219,4.5
7,2,105,5.31986856461,3.0
7,2,105,5.02420663834,3.0
7,2,2,2.37576985359,2.75
7,2,2,3.58899569511,2.75
7,2,74,3.89823436737,2.5
7,2,74,3.34273147583,2.5
7,2,103,5.02966213226,4.25
7,2,103,4.50168180466,4.25
7,2,72,6.10922813416,4.25
7,2,72,4.93371915817,4.25
7,2,70,4.45968770981,3.25
7,2,70,5.00774288177,3.25
7,2,99,4.12594223022,4.25
7,2,99,3.29370713234,4.25
7,2,60,5.59521579742,4.0
7,2,60,4.22746419907,4.0
7,2,68,5.06439399719,6.5
7,2,68,4.45434617996,6.5
7,2,97,3.61453580856,3.0
7,2,97,3.36822390556,3.0
7,2,58,3.51688361168,4.0
7,2,58,3.66877698898,4.0
7,2,66,3.98590397835,5.5
7,2,66,4.15309524536,5.5
7,2,31,5.68121194839,3.75
7,2,31,4.38668298721,3.75
7,2,56,6.08234119415,4.75
7,2,56,5.24670219421,4.75
7,2,64,3.08800935745,3.25
7,2,64,4.22454166412,3.25
7,2,29,4.31673049927,1.75
7,2,29,2.92723155022,1.75
7,2,27,5.96096658707,4.25
7,2,27,5.38893508911,4.25
7,2,52,5.4233174324,3.25
7,2,52,5.44366168976,3.25
7,2,25,4.54598426819,4.75
7,2,25,4.78039312363,4.75
7,2,50,3.34005522728,4.25
7,2,50,4.40519332886,4.25
7,2,23,3.12817716599,1.75
7,2,23,3.26086211205,1.75
7,2,48,3.19782924652,3.75
7,2,48,3.44678664207,3.75
7,2,95,3.82904100418,2.5
7,2,95,2.9588432312,2.5
7,2,21,2.81074333191,1.5
7,2,21,2.93527364731,1.5
7,2,46,4.71744251251,4.75
7,2,46,5.24923706055,4.75
7,2,93,4.43608522415,4.75
7,2,93,3.69863128662,4.75
7,2,19,3.50869059563,4.5
7,2,19,4.26404237747,4.5
7,2,44,5.2363409996,4.5
7,2,44,4.45025873184,4.5
7,2,91,3.40219259262,3.75
7,2,91,3.99557709694,3.75
7,2,17,5.47551870346,6.0
7,2,17,5.60419082642,6.0
7,2,42,3.66528463364,3.0
7,2,42,3.67399334908,3.0
7,2,89,4.7965297699,3.0
7,2,89,4.29784870148,3.0
7,2,40,4.69752073288,5.25
7,2,40,5.15777444839,5.25
7,2,87,5.06031751633,4.5
7,2,87,5.00650453568,4.5
7,2,13,5.5301156044,4.75
7,2,13,4.71560382843,4.75
7,2,38,6.03870868683,5.25
7,2,38,4.37036418915,5.25
7,2,85,4.80744123459,2.5
7,2,85,4.76796245575,2.5
7,2,110,4.55937004089,4.75
7,2,110,3.07795929909,4.75
7,2,11,3.71850609779,2.75
7,2,11,4.46703481674,2.75
7,2,36,3.93728303909,2.5
7,2,36,4.35105133057,2.5
7,2,83,5.13555002213,5.0
7,2,83,5.1516327858,5.0
7,2,108,3.67469477654,5.5
7,2,108,3.83218502998,5.5
7,2,9,4.17292881012,4.0
7,2,9,4.94411849976,4.0
7,2,34,3.94681692123,4.25
7,2,34,4.04498624802,4.25
7,2,106,4.42847919464,6.25
7,2,106,4.44820690155,6.25
7,2,7,5.70203447342,5.0
7,2,7,4.13622903824,5.0
7,2,32,4.75705242157,4.5
7,2,32,4.13292551041,4.5
7,2,104,5.40138196945,3.5
7,2,104,5.01673316956,3.5
7,2,5,4.50370121002,3.25
7,2,5,4.04462194443,3.25
8,1,34,2.79926204681,2.5
8,1,34,3.22132730484,2.5
8,1,7,2.51235151291,1.0
8,1,7,2.78067708015,1.0
8,1,94,2.20177078247,1.75
8,1,94,1.94393634796,1.75
8,1,21,3.30842423439,1.75
8,1,21,4.20042467117,1.75
8,1,35,3.69494795799,3.0
8,1,35,3.52516126633,3.0
8,1,49,2.88554501534,2.25
8,1,49,2.7001657486,2.25
8,1,8,2.4804418087,1.0
8,1,8,3.3493847847,1.0
8,1,95,2.71161532402,2.25
8,1,95,3.19982886314,2.25
8,1,22,4.38761472702,3.5
8,1,22,5.23791456223,3.5
8,1,36,2.8419380188,3.75
8,1,36,3.47148323059,3.75
8,1,50,2.77735567093,1.0
8,1,50,2.59696531296,1.0
8,1,9,3.52820944786,2.0
8,1,9,3.86034655571,2.0
8,1,64,2.23487591743,1.25
8,1,64,3.22159385681,1.25
8,1,23,4.16915845871,3.25
8,1,23,3.91604995728,3.25
8,1,37,3.13699650764,1.75
8,1,37,3.73680639267,1.75
8,1,51,1.82443094254,1.0
8,1,51,2.24322199821,1.0
8,1,10,2.46467089653,1.75
8,1,10,1.96996760368,1.75
8,1,65,2.48011755943,2.0
8,1,65,3.27371931076,2.0
8,1,24,4.15422821045,3.75
8,1,24,3.9462044239,3.75
8,1,38,2.27888798714,2.25
8,1,38,2.74166917801,2.25
8,1,52,2.74410963058,1.25
8,1,52,4.6079325676,1.25
8,1,11,1.45100200176,2.0
8,1,11,2.3086578846,2.0
8,1,66,4.13215446472,2.25
8,1,66,3.66698241234,2.25
8,1,25,2.49882435799,2.5
8,1,25,1.90333032608,2.5
8,1,80,2.35278177261,1.75
8,1,80,2.22992682457,1.75
8,1,39,2.53152418137,3.0
8,1,39,3.27438759804,3.0
8,1,53,2.60823249817,2.25
8,1,53,2.58499479294,2.25
8,1,12,2.958081007,1.0
8,1,12,2.50752162933,1.0
8,1,67,2.43595027924,2.25
8,1,67,2.87609624863,2.25
8,1,26,2.93291282654,2.75
8,1,26,3.8713490963,2.75
8,1,81,2.7862637043,2.25
8,1,81,3.53564095497,2.25
8,1,40,2.30455780029,1.75
8,1,40,2.41456389427,1.75
8,1,54,3.76515626907,3.0
8,1,54,3.12515521049,3.0
8,1,68,3.2101957798,1.5
8,1,68,2.56827449799,1.5
8,1,27,2.62593841553,2.0
8,1,27,3.10513925552,2.0
8,1,82,2.47062587738,1.75
8,1,82,3.85203719139,1.75
8,1,41,1.75562703609,1.5
8,1,41,2.14621376991,1.5
8,1,96,2.86782479286,2.5
8,1,96,3.94790554047,2.5
8,1,69,2.53297185898,2.5
8,1,69,3.15620303154,2.5
8,1,28,2.96904563904,1.0
8,1,28,2.35982608795,1.0
8,1,42,3.96242499352,3.5
8,1,42,4.0076508522,3.5
8,1,97,3.36065459251,2.25
8,1,97,3.69720768929,2.25
8,1,29,3.88528370857,3.25
8,1,29,3.59437918663,3.25
8,1,43,2.38639497757,1.75
8,1,43,2.44681096077,1.75
8,1,98,2.85614943504,0.75
8,1,98,2.90329551697,0.75
8,1,30,4.72200250626,2.5
8,1,30,4.26237154007,2.5
8,1,85,3.13883328438,2.0
8,1,85,3.44456648827,2.0
8,1,44,3.40393066406,3.25
8,1,44,2.97080779076,3.25
8,1,58,2.80764436722,1.0
8,1,58,2.76942229271,1.0
8,1,31,1.8805359602,1.25
8,1,31,2.79250764847,1.25
8,1,86,3.76973724365,1.25
8,1,86,2.8328025341,1.25
8,1,59,2.08711481094,1.5
8,1,59,2.18552565575,1.5
8,1,73,4.24015665054,2.75
8,1,73,3.58994174004,2.75
8,1,87,2.35035777092,1.0
8,1,87,3.44220471382,1.0
8,1,60,3.26550531387,2.5
8,1,60,3.05716109276,2.5
8,1,74,2.49164628983,2.5
8,1,74,2.08118462563,2.5
8,1,88,2.79884457588,2.25
8,1,88,3.47868180275,2.25
8,1,61,2.96318459511,2.75
8,1,61,3.85228633881,2.75
8,1,75,3.1664659977,3.0
8,1,75,3.30975437164,3.0
8,1,2,3.32343459129,2.75
8,1,2,3.7730383873,2.75
8,1,89,4.61479234695,3.5
8,1,89,4.69474744797,3.5
8,1,16,2.42537093163,2.75
8,1,16,3.3462061882,2.75
8,1,62,1.7927377224,1.5
8,1,62,2.21307826042,1.5
8,1,76,2.79812216759,1.0
8,1,76,2.41310048103,1.0
8,1,3,3.11995339394,2.5
8,1,3,3.20540571213,2.5
8,1,17,3.00688171387,3.25
8,1,17,4.5001578331,3.25
8,1,63,3.33190798759,1.0
8,1,63,3.13996338844,1.0
8,1,77,3.70120549202,3.25
8,1,77,4.14742279053,3.25
8,1,4,2.99705004692,1.75
8,1,4,2.58768939972,1.75
8,1,91,3.55396723747,2.75
8,1,91,3.05382847786,2.75
8,1,18,3.27098631859,3.75
8,1,18,3.8863799572,3.75
8,1,32,3.77535510063,2.75
8,1,32,3.51390314102,2.75
8,1,78,2.12279129028,2.75
8,1,78,2.20264863968,2.75
8,1,5,3.12892770767,2.0
8,1,5,3.82885193825,2.0
8,1,92,2.2827167511,1.5
8,1,92,2.92172765732,1.5
8,1,19,2.61739969254,2.25
8,1,19,2.55983805656,2.25
8,1,33,2.97472500801,1.75
8,1,33,3.24923563004,1.75
8,1,79,2.52670311928,2.0
8,1,79,2.74661517143,2.0
8,1,6,1.79721486568,1.5
8,1,6,2.0539329052,1.5
8,1,93,1.22009801865,1.75
8,1,93,1.75305342674,1.75
8,1,20,2.77860474586,2.5
8,1,20,4.12512493134,2.5
8,2,17,3.8788588047,3.5
8,2,17,3.8805809021,3.5
8,2,91,2.87832808495,2.25
8,2,91,2.87850570679,2.25
8,2,19,2.95193839073,2.0
8,2,19,2.95371079445,2.0
8,2,93,2.66125392914,4.25
8,2,93,2.66074967384,4.25
8,2,96,3.18227243423,2.0
8,2,96,3.18683552742,2.0
8,2,21,2.75358939171,2.25
8,2,21,2.75718283653,2.25
8,2,56,2.63731837273,2.0
8,2,56,2.5799665451,2.0
8,2,95,3.763266325,2.0
8,2,95,3.7619562149,2.0
8,2,98,5.12130784988,3.0
8,2,98,5.11946201324,3.0
8,2,23,3.86663627625,2.5
8,2,23,3.86682200432,2.5
8,2,58,3.02287316322,3.0
8,2,58,3.01843261719,3.0
8,2,100,3.04191708565,3.25
8,2,100,2.90303492546,3.25
8,2,25,5.14259815216,2.75
8,2,25,5.1431593895,2.75
8,2,60,3.74675321579,3.5
8,2,60,3.74763083458,3.5
8,2,67,2.27928328514,1.625
8,2,67,2.28017616272,1.625
8,2,27,2.56201672554,4.0
8,2,27,2.56234407425,4.0
8,2,62,2.74304914474,1.75
8,2,62,2.74252843857,1.75
8,2,69,2.96824193001,3.5
8,2,69,2.97240614891,3.5
8,2,29,5.62915897369,4.75
8,2,29,5.62602233887,4.75
8,2,32,4.30994939804,4.0
8,2,32,4.30800485611,4.0
8,2,71,3.09414172173,2.0
8,2,71,3.09436035156,2.0
8,2,31,3.13361310959,2.75
8,2,31,3.13693642616,2.75
8,2,34,3.32148885727,3.5
8,2,34,3.32469105721,3.5
8,2,73,2.52043318748,3.5
8,2,73,2.5196120739,3.5
8,2,36,5.58683204651,3.75
8,2,36,5.58725166321,3.75
8,2,75,2.59486317635,4.0
8,2,75,2.59346985817,4.0
8,2,38,6.10834360123,3.75
8,2,38,6.10732412338,3.75
8,2,77,3.96796035767,4.75
8,2,77,3.95472884178,4.75
8,2,5,2.62992858887,3.75
8,2,5,2.6262216568,3.75
8,2,40,3.41387844086,2.0
8,2,40,3.41431498528,2.0
8,2,79,3.51774430275,4.0
8,2,79,3.51116490364,4.0
8,2,7,2.65480303764,1.5
8,2,7,2.65894675255,1.5
8,2,42,4.34332370758,3.5
8,2,42,4.34282541275,3.5
8,2,9,3.07003426552,2.0
8,2,9,3.06598806381,2.0
8,2,44,4.21420955658,3.25
8,2,44,4.21845626831,3.25
8,2,11,4.75737667084,3.0
8,2,11,4.75913906097,3.0
8,2,46,3.69896292686,3.25
8,2,46,3.69932579994,3.25
8,2,80,2.58632993698,3.25
8,2,80,2.58553743362,3.25
8,2,15,3.65319561958,2.25
8,2,15,3.64986085892,2.25
8,2,49,4.3633518219,4.0
8,2,49,4.36319255829,4.0
8,2,84,2.74025464058,3.5
8,2,84,2.73984146118,3.5
8,2,86,2.97477078438,3.25
8,2,86,2.96920776367,3.25
8,2,88,2.95444989204,3.75
8,2,88,2.95452713966,3.75
8,2,16,4.20693969727,4.0
8,2,16,4.20691633224,4.0
8,2,55,3.11417794228,3.75
8,2,55,3.15312623978,3.75
8,2,90,2.26946401596,1.5
8,2,90,2.27572274208,1.5
8,2,97,3.10873007774,4.25
8,2,97,3.12893199921,4.25
8,2,18,5.50054359436,3.5
8,2,18,5.5005979538,3.5
8,2,57,3.78659462929,4.75
8,2,57,3.78640508652,4.75
8,2,92,2.60092496872,2.0
8,2,92,2.59925484657,2.0
8,2,99,2.69165706635,4.0
8,2,99,2.69154858589,4.0
8,2,20,4.99875593185,3.75
8,2,20,5.0016746521,3.75
8,2,59,3.39957380295,4.5
8,2,59,3.3997733593,4.5
8,2,94,2.57653021812,3.0
8,2,94,2.57423067093,3.0
8,2,101,4.13816642761,2.75
8,2,101,4.10456752777,2.75
8,2,22,3.40363574028,2.25
8,2,22,3.40458607674,2.25
8,2,61,3.51126217842,4.0
8,2,61,3.50567746162,4.0
8,2,64,4.63377428055,4.75
8,2,64,4.63031148911,4.75
8,2,24,2.76202368736,3.0
8,2,24,2.76041436195,3.0
8,2,63,3.19116163254,5.25
8,2,63,3.19112944603,5.25
8,2,26,2.83815264702,4.0
8,2,26,2.83924818039,4.0
8,2,33,2.30302381516,2.25
8,2,33,2.29948234558,2.25
8,2,68,3.00494146347,2.75
8,2,68,3.00048923492,2.75
8,2,28,4.74255990982,2.5
8,2,28,4.74240064621,2.5
8,2,35,3.50735163689,3.5
8,2,35,3.50678539276,3.5
8,2,70,2.27870297432,4.0
8,2,70,2.28257679939,4.0
8,2,30,4.64554643631,4.25
8,2,30,4.64555597305,4.25
8,2,37,3.80885004997,2.25
8,2,37,3.81030750275,2.25
8,2,72,5.0039191246,3.5
8,2,72,5.00149822235,3.5
8,2,39,4.71914196014,2.0
8,2,39,4.7194776535,2.0
8,2,74,2.4835319519,3.75
8,2,74,2.48951506615,3.75
8,2,41,4.55393409729,4.0
8,2,41,4.55752038956,4.0
8,2,76,3.00349903107,3.25
8,2,76,3.00229907036,3.25
8,2,4,2.77347636223,3.25
8,2,4,2.77378416061,3.25
8,2,43,2.59106469154,2.75
8,2,43,2.59116721153,2.75
8,2,78,4.21264219284,3.25
8,2,78,4.21269273758,3.25
8,2,6,2.42662239075,1.75
8,2,6,2.46260094643,1.75
8,2,45,3.37485575676,2.25
8,2,45,3.37474822998,2.25
8,2,8,3.90179800987,4.25
8,2,8,3.96312212944,4.25
8,2,47,2.70304179192,2.75
8,2,47,2.74843883514,2.75
8,2,10,2.66548705101,1.75
8,2,10,2.67103600502,1.75
8,2,83,2.91126132011,2.75
8,2,83,2.91219806671,2.75
8,2,85,2.78895831108,4.5
8,2,85,2.78828597069,4.5
8,2,48,5.09624433517,4.0
8,2,48,5.10155010223,4.0
8,2,87,3.25538086891,2.0
8,2,87,3.2540974617,2.0
8,2,50,3.89498281479,3.0
8,2,50,3.89474844933,3.0
8,2,89,4.01847982407,2.25
8,2,89,4.01904058456,2.25
9,1,81,4.62051296234,2.25
9,1,81,3.61117434502,2.25
9,1,27,3.91506314278,3.75
9,1,27,3.33778762817,3.75
9,1,83,5.03718280792,4.25
9,1,83,4.49168109894,4.25
9,1,29,3.57069396973,2.5
9,1,29,3.8026406765,2.5
9,1,32,4.05825948715,2.75
9,1,32,3.69916057587,2.75
9,1,85,5.98566102982,4.75
9,1,85,5.48927116394,4.75
9,1,31,4.44240427017,3.5
9,1,31,4.0051240921,3.5
9,1,34,4.48868179321,3.25
9,1,34,4.91261816025,3.25
9,1,87,3.36840033531,3.25
9,1,87,4.45057249069,3.25
9,1,36,3.64198279381,3.5
9,1,36,4.26179122925,3.5
9,1,89,5.18617963791,2.75
9,1,89,3.71208810806,2.75
9,1,3,4.19265604019,4.75
9,1,3,4.75278663635,4.75
9,1,38,4.39750623703,3.5
9,1,38,5.1462802887,3.5
9,1,91,4.53624677658,3.75
9,1,91,4.4373383522,3.75
9,1,5,4.82245159149,5.75
9,1,5,4.84403181076,5.75
9,1,40,3.55479478836,2.25
9,1,40,3.76179075241,2.25
9,1,93,3.98389554024,3.25
9,1,93,3.08833026886,3.25
9,1,96,4.1817150116,4.25
9,1,96,4.44134902954,4.25
9,1,7,4.50651025772,4.25
9,1,7,4.00965309143,4.25
9,1,42,3.68480944633,4.0
9,1,42,2.86636757851,4.0
9,1,95,3.91055941582,4.25
9,1,95,4.22594928741,4.25
9,1,98,5.19357442856,2.25
9,1,98,3.98394799232,2.25
9,1,65,4.21833610535,2.0
9,1,65,3.4947514534,2.0
9,1,100,4.77202749252,4.25
9,1,100,3.80475640297,4.25
9,1,67,5.69656419754,4.25
9,1,67,5.59473896027,4.25
9,1,102,4.99171924591,3.75
9,1,102,3.69752669334,3.75
9,1,69,4.307117939,5.5
9,1,69,4.29848146439,5.5
9,1,104,4.63921022415,3.0
9,1,104,4.47904109955,3.0
9,1,106,5.26344299316,4.0
9,1,106,5.19123983383,4.0
9,1,73,4.72139453888,3.25
9,1,73,4.76659870148,3.25
9,1,51,4.75361442566,3.5
9,1,51,5.02928066254,3.5
9,1,75,3.8703482151,2.5
9,1,75,4.33343935013,2.5
9,1,110,4.45527124405,4.25
9,1,110,4.08095312119,4.25
9,1,53,4.35632038116,3.0
9,1,53,3.36160039902,3.0
9,1,77,3.75355434418,3.25
9,1,77,3.37169265747,3.25
9,1,16,3.62110185623,1.5
9,1,16,4.68116903305,1.5
9,1,55,4.20768260956,3.5
9,1,55,4.32383584976,3.5
9,1,79,5.17874860764,4.0
9,1,79,5.01160860062,4.0
9,1,18,5.14817905426,3.5
9,1,18,4.7247710228,3.5
9,1,20,4.11525630951,4.0
9,1,20,4.65453195572,4.0
9,1,59,4.04066610336,2.75
9,1,59,3.96813726425,2.75
9,1,22,4.37287330627,3.0
9,1,22,4.62015247345,3.0
9,1,61,4.84882116318,3.5
9,1,61,4.9066567421,3.5
9,1,24,5.30150127411,3.5
9,1,24,4.09908819199,3.5
9,1,63,3.75484228134,3.25
9,1,63,3.6520318985,3.25
9,1,80,4.83909988403,3.25
9,1,80,4.78027486801,3.25
9,1,26,4.96690559387,4.5
9,1,26,4.45668172836,4.5
9,1,33,3.37968087196,3.75
9,1,33,3.24007487297,3.75
9,1,82,4.22003936768,4.0
9,1,82,4.19089508057,4.0
9,1,28,4.17278003693,2.75
9,1,28,2.58860373497,2.75
9,1,35,4.2413482666,3.5
9,1,35,4.69823789597,3.5
9,1,84,4.70860385895,3.0
9,1,84,4.5704832077,3.0
9,1,30,3.80673646927,3.0
9,1,30,2.93628954887,3.0
9,1,37,5.42104673386,4.5
9,1,37,5.58878707886,4.5
9,1,86,4.6173377037,4.0
9,1,86,5.01145505905,4.0
9,1,39,1.57907700539,2.75
9,1,39,4.05188655853,2.75
9,1,88,4.31832933426,3.25
9,1,88,3.38362360001,3.25
9,1,2,3.83804655075,5.25
9,1,2,3.37484264374,5.25
9,1,41,3.9421107769,3.0
9,1,41,3.55063676834,3.0
9,1,90,3.63271975517,2.75
9,1,90,3.33773994446,2.75
9,1,97,5.28243875504,3.5
9,1,97,4.44697713852,3.5
9,1,4,4.35909461975,5.0
9,1,4,4.64631605148,5.0
9,1,92,4.63707399368,4.0
9,1,92,4.14851284027,4.0
9,1,99,3.56778287888,3.0
9,1,99,3.82389187813,3.0
9,1,6,4.19706916809,3.5
9,1,6,5.45136880875,3.5
9,1,94,4.17345094681,3.0
9,1,94,3.08854675293,3.0
9,1,101,4.62168264389,2.25
9,1,101,3.89562273026,2.25
9,1,8,3.76061463356,4.5
9,1,8,4.57709264755,4.5
9,1,64,4.13252544403,4.25
9,1,64,4.84969472885,4.25
9,1,103,4.01893472672,2.25
9,1,103,3.77020335197,2.25
9,1,66,4.80103158951,4.75
9,1,66,4.46901845932,4.75
9,1,105,3.3360581398,3.75
9,1,105,3.40410757065,3.75
9,1,12,3.11001348495,4.75
9,1,12,3.26006269455,4.75
9,1,68,4.49992465973,3.5
9,1,68,4.98709154129,3.5
9,1,107,4.13603878021,4.25
9,1,107,4.19009113312,4.25
9,1,72,4.51934576035,3.75
9,1,72,4.06627464294,3.75
9,1,111,4.17678499222,3.0
9,1,111,3.94509148598,3.0
9,1,50,4.47434186935,3.5
9,1,50,5.05066204071,3.5
9,1,74,3.71784996986,3.0
9,1,74,3.77241396904,3.0
9,1,17,4.67766237259,4.25
9,1,17,4.40018081665,4.25
9,1,52,4.41395425797,2.75
9,1,52,4.15308237076,2.75
9,1,76,4.55700683594,4.0
9,1,76,4.87748336792,4.0
9,1,19,4.3522734642,3.25
9,1,19,5.64890289307,3.25
9,1,54,3.49387979507,2.75
9,1,54,4.66038656235,2.75
9,1,78,4.90914201736,3.5
9,1,78,5.21473026276,3.5
9,1,21,4.29376077652,4.5
9,1,21,4.54301404953,4.5
9,1,56,4.82944774628,3.75
9,1,56,4.39941596985,3.75
9,1,23,4.76574802399,4.5
9,1,23,4.67465353012,4.5
9,1,25,3.46890497208,3.5
9,1,25,3.7417652607,3.5
9,1,60,5.05118179321,4.0
9,1,60,5.0423579216,4.0
9,2,98,4.68736553192,4.5
9,2,98,4.76684999466,4.5
9,2,71,4.77709054947,5.25
9,2,71,4.89094161987,5.25
9,2,100,5.13437986374,5.75
9,2,100,5.11782503128,5.75
9,2,46,3.81700491905,4.75
9,2,46,3.87740397453,4.75
9,2,102,4.17927694321,3.75
9,2,102,4.98146677017,3.75
9,2,75,3.87737941742,3.75
9,2,75,3.74027776718,3.75
9,2,16,4.141497612,2.75
9,2,16,3.69952368736,2.75
9,2,104,4.68512964249,3.25
9,2,104,4.11653518677,3.25
9,2,77,4.16444730759,4.25
9,2,77,4.22057723999,4.25
9,2,18,5.15729379654,4.25
9,2,18,5.36863183975,4.25
9,2,106,4.70890855789,5.25
9,2,106,4.64732265472,5.25
9,2,79,5.39352846146,5.25
9,2,79,5.98089504242,5.25
9,2,20,3.6591322422,3.0
9,2,20,3.94589233398,3.0
9,2,108,4.4741024971,4.25
9,2,108,4.01111650467,4.25
9,2,49,4.7162322998,5.25
9,2,49,4.83507108688,5.25
9,2,22,3.87298727036,3.0
9,2,22,4.18786859512,3.0
9,2,110,4.19697809219,3.25
9,2,110,3.91195988655,3.25
9,2,51,3.92821741104,5.0
9,2,51,3.97694706917,5.0
9,2,24,4.7631020546,1.75
9,2,24,5.3603386879,1.75
9,2,80,4.78710269928,4.75
9,2,80,4.54856681824,4.75
9,2,53,3.32516908646,3.75
9,2,53,4.26141166687,3.75
9,2,26,5.08848285675,3.25
9,2,26,4.40204715729,3.25
9,2,82,4.6570148468,3.0
9,2,82,4.22913455963,3.0
9,2,55,4.59632253647,3.25
9,2,55,4.28049993515,3.25
9,2,28,4.1558842659,4.75
9,2,28,4.30333566666,4.75
9,2,84,4.67485237122,3.75
9,2,84,4.75783586502,3.75
9,2,30,4.77116155624,2.75
9,2,30,3.88104343414,2.75
9,2,113,5.45082187653,5.75
9,2,113,4.87971401215,5.75
9,2,86,4.33325195312,4.0
9,2,86,4.34201574326,4.0
9,2,88,5.46644926071,4.5
9,2,88,5.17352342606,4.5
9,2,2,5.47016048431,4.0
9,2,2,5.39591789246,4.0
9,2,90,4.27063512802,3.25
9,2,90,4.38942813873,3.25
9,2,63,4.72397422791,5.0
9,2,63,5.02834129333,5.0
9,2,4,4.12275409698,5.25
9,2,4,4.71520805359,5.25
9,2,92,4.88472509384,4.25
9,2,92,5.10624980927,4.25
9,2,33,3.12827444077,3.0
9,2,33,4.3308095932,3.0
9,2,6,5.37985897064,5.75
9,2,6,5.12017345428,5.75
9,2,94,4.92482995987,4.0
9,2,94,5.13337612152,4.0
9,2,35,4.0630812645,2.5
9,2,35,3.39774775505,2.5
9,2,8,4.06717920303,4.5
9,2,8,4.39157056808,4.5
9,2,64,4.63486051559,4.5
9,2,64,4.71427965164,4.5
9,2,37,2.7214422226,3.75
9,2,37,4.21120691299,3.75
9,2,10,5.25979280472,4.75
9,2,10,5.07087421417,4.75
9,2,66,5.44564723969,5.5
9,2,66,6.16129255295,5.5
9,2,39,4.57701826096,4.0
9,2,39,4.49800539017,4.0
9,2,12,4.76412057877,5.5
9,2,12,4.4249382019,5.5
9,2,68,4.00627470016,3.25
9,2,68,3.71091794968,3.25
9,2,41,4.81597471237,4.5
9,2,41,4.79077100754,4.5
9,2,97,3.60055661201,3.75
9,2,97,3.43898296356,3.75
9,2,70,4.20700216293,4.75
9,2,70,4.14696550369,4.75
9,2,99,5.20215511322,4.5
9,2,99,4.53868818283,4.5
9,2,45,4.18966579437,3.0
9,2,45,2.46251606941,3.0
9,2,101,4.66352510452,3.75
9,2,101,3.92259597778,3.75
9,2,74,4.85261583328,5.25
9,2,74,4.73803663254,5.25
9,2,47,5.50745773315,5.0
9,2,47,4.62916612625,5.0
9,2,103,5.01630306244,3.0
9,2,103,4.79935026169,3.0
9,2,76,4.86353492737,3.25
9,2,76,4.38558912277,3.25
9,2,17,4.30160093307,4.0
9,2,17,4.97060632706,4.0
9,2,105,5.46116781235,4.5
9,2,105,5.01273870468,4.5
9,2,78,4.28492259979,5.5
9,2,78,4.26222753525,5.5
9,2,19,2.84589219093,3.25
9,2,19,3.61251282692,3.25
9,2,107,4.10332727432,3.75
9,2,107,4.22170257568,3.75
9,2,48,4.67790699005,5.0
9,2,48,4.90789890289,5.0
9,2,21,3.11182355881,3.75
9,2,21,3.50085139275,3.75
9,2,109,4.35824966431,2.25
9,2,109,4.76527643204,2.25
9,2,50,4.57949542999,4.0
9,2,50,4.08718681335,4.0
9,2,23,3.75830984116,2.75
9,2,23,4.09339284897,2.75
9,2,111,4.82573604584,4.0
9,2,111,4.28149747849,4.0
9,2,52,4.17431020737,2.75
9,2,52,3.43476271629,2.75
9,2,25,4.41620969772,5.75
9,2,25,5.17143583298,5.75
9,2,81,5.08211755753,4.75
9,2,81,4.72385072708,4.75
9,2,54,4.93719005585,5.5
9,2,54,5.09800481796,5.5
9,2,27,3.92368388176,3.25
9,2,27,3.65467476845,3.25
9,2,83,3.99617934227,4.0
9,2,83,4.04312324524,4.0
9,2,56,4.92324924469,5.0
9,2,56,4.92882823944,5.0
9,2,29,4.32092761993,3.0
9,2,29,5.51128864288,3.0
9,2,112,4.63404369354,4.5
9,2,112,4.15721511841,4.5
9,2,85,4.45333003998,4.75
9,2,85,4.94152116776,4.75
9,2,31,4.23344516754,2.75
9,2,31,4.86644268036,2.75
9,2,87,5.35781002045,3.25
9,2,87,4.83575534821,3.25
9,2,89,4.30230045319,2.75
9,2,89,4.83002185822,2.75
9,2,62,4.40375137329,4.0
9,2,62,4.70184707642,4.0
9,2,3,5.40865802765,4.5
9,2,3,5.27533864975,4.5
9,2,91,4.33331203461,4.25
9,2,91,4.56846237183,4.25
9,2,32,3.84902954102,2.25
9,2,32,4.55597066879,2.25
9,2,5,4.55215406418,5.5
9,2,5,5.02261972427,5.5
9,2,93,4.73907566071,4.5
9,2,93,4.25474882126,4.5
9,2,34,4.98261880875,2.5
9,2,34,4.83318567276,2.5
9,2,7,5.92946434021,5.25
9,2,7,5.70790433884,5.25
9,2,95,4.66332864761,5.0
9,2,95,4.20563983917,5.0
9,2,36,4.55444812775,4.75
9,2,36,4.07600259781,4.75
9,2,9,5.66831636429,5.75
9,2,9,6.04059362411,5.75
9,2,65,5.52084255219,4.75
9,2,65,4.97877025604,4.75
9,2,38,3.49623417854,2.0
9,2,38,2.83295869827,2.0
9,2,11,4.91224861145,4.5
9,2,11,4.87661886215,4.5
9,2,67,4.62784004211,4.25
9,2,67,4.86591100693,4.25
9,2,40,4.1830239296,3.25
9,2,40,4.50406646729,3.25
9,2,13,3.53691744804,3.75
9,2,13,4.07617092133,3.75
9,2,96,4.07539892197,3.0
9,2,96,4.9767127037,3.0
9,2,69,5.5522108078,3.25
9,2,69,5.55645179749,3.25
9,2,42,4.09142065048,3.25
9,2,42,3.31473755836,3.25
10,1,63,5.04466485977,4.25
10,1,63,3.85986542702,4.25
10,1,24,5.26043653488,4.75
10,1,24,4.91823673248,4.75
10,1,80,5.47718000412,5.0
10,1,80,5.30621242523,5.0
10,1,61,5.00573396683,4.0
10,1,61,5.54352760315,4.0
10,1,6,3.58118700981,5.0
10,1,6,3.67949938774,5.0
10,1,94,4.49882030487,5.0
10,1,94,4.75678539276,5.0
10,1,4,4.98322582245,5.5
10,1,4,4.45851755142,5.5
10,1,92,4.67645597458,5.0
10,1,92,4.44672489166,5.0
10,1,57,3.09654307365,1.5
10,1,57,3.10857272148,1.5
10,1,90,5.2809047699,3.75
10,1,90,5.17236995697,3.75
10,1,39,5.06853961945,4.0
10,1,39,3.99445176125,4.0
10,1,88,4.91754341125,5.5
10,1,88,5.00070047379,5.5
10,1,37,4.81497526169,6.0
10,1,37,4.98502922058,6.0
10,1,14,5.23761558533,3.75
10,1,14,4.16641759872,3.75
10,1,35,4.33077812195,2.0
10,1,35,3.65426921844,2.0
10,1,12,5.26472425461,4.5
10,1,12,5.14762544632,4.5
10,1,68,5.08707141876,3.75
10,1,68,5.26368665695,3.75
10,1,33,4.524289608,4.5
10,1,33,4.37035369873,4.5
10,1,10,5.4488492012,5.0
10,1,10,5.28794574738,5.0
10,1,66,5.09916973114,6.0
10,1,66,4.26186132431,6.0
10,1,47,5.57985305786,5.25
10,1,47,4.48107719421,5.25
10,1,8,4.98585605621,6.25
10,1,8,5.57404327393,6.25
10,1,103,4.59811496735,3.75
10,1,103,3.98295903206,3.75
10,1,64,5.18346643448,5.0
10,1,64,3.49221563339,5.0
10,1,45,4.70404911041,2.875
10,1,45,4.23086166382,2.875
10,1,101,4.92065429688,5.5
10,1,101,5.18385028839,5.5
10,1,78,5.26611757278,5.5
10,1,78,4.24302244186,5.5
10,1,43,5.02549600601,4.5
10,1,43,5.04933643341,4.5
10,1,99,5.27705669403,5.25
10,1,99,5.15453672409,5.25
10,1,76,5.05686855316,4.75
10,1,76,5.3224439621,4.75
10,1,41,5.08356666565,3.25
10,1,41,4.4654045105,3.25
10,1,97,4.67474842072,3.75
10,1,97,4.23044872284,3.75
10,1,74,4.27677536011,4.75
10,1,74,3.77106523514,4.75
10,1,72,3.76687765121,3.0
10,1,72,4.94050312042,3.0
10,1,21,4.5989112854,5.25
10,1,21,5.03859615326,5.25
10,1,54,2.94148755074,3.5
10,1,54,3.70425128937,3.5
10,1,107,4.59225940704,5.0
10,1,107,4.07966136932,5.0
10,1,52,5.33574485779,5.0
10,1,52,5.19280815125,5.0
10,1,105,4.60032558441,4.0
10,1,105,4.5587348938,4.0
10,1,50,5.16716337204,5.25
10,1,50,5.3491358757,5.25
10,1,31,4.64542245865,4.75
10,1,31,4.90864562988,4.75
10,1,87,5.35128307343,4.75
10,1,87,5.03331756592,4.75
10,1,48,5.32047653198,5.0
10,1,48,5.55438327789,5.0
10,1,29,5.11646127701,4.5
10,1,29,5.4179315567,4.5
10,1,85,4.75595188141,4.75
10,1,85,4.97839069366,4.75
10,1,62,4.2593126297,3.75
10,1,62,3.35741233826,3.75
10,1,27,5.05132389069,4.25
10,1,27,4.13456201553,4.25
10,1,83,3.36674380302,3.0
10,1,83,4.9945306778,3.0
10,1,25,4.43546104431,4.5
10,1,25,5.45650482178,4.5
10,1,81,4.83177518845,4.25
10,1,81,4.2616147995,4.25
10,1,7,4.72438669205,5.5
10,1,7,5.33246278763,5.5
10,1,95,5.32230234146,4.75
10,1,95,5.36956262589,4.75
10,1,56,4.82018375397,4.5
10,1,56,4.52619552612,4.5
10,1,5,3.85546350479,5.0
10,1,5,4.50775575638,5.0
10,1,93,4.86964511871,4.0
10,1,93,4.87786817551,4.0
10,1,38,4.57537794113,3.75
10,1,38,3.9317548275,3.75
10,1,91,4.87968063354,4.5
10,1,91,5.18780708313,4.5
10,1,36,5.67120552063,4.75
10,1,36,5.44452190399,4.75
10,1,89,3.36751627922,5.25
10,1,89,5.06285619736,5.25
10,1,34,3.48978686333,4.0
10,1,34,4.02756500244,4.0
10,1,32,5.11582708359,3.75
10,1,32,4.47686433792,3.75
10,1,13,4.60935735703,4.25
10,1,13,4.58746576309,4.25
10,1,69,4.80843257904,4.5
10,1,69,5.2801027298,4.5
10,1,46,5.28060817719,5.0
10,1,46,5.23361873627,5.0
10,1,11,3.7268383503,4.0
10,1,11,4.01217603683,4.0
10,1,102,5.41362571716,5.0
10,1,102,4.82802581787,5.0
10,1,67,5.7410235405,5.25
10,1,67,4.94512081146,5.25
10,1,44,4.48595523834,4.5
10,1,44,5.21326971054,4.5
10,1,9,5.44816160202,5.5
10,1,9,5.93320941925,5.5
10,1,100,4.40913438797,4.0
10,1,100,4.48330068588,4.0
10,1,65,5.81561613083,5.75
10,1,65,5.00272464752,5.75
10,1,42,5.39100790024,5.25
10,1,42,5.97489261627,5.25
10,1,98,4.69212055206,4.5
10,1,98,4.650182724,4.5
10,1,79,5.04516410828,4.5
10,1,79,5.4443821907,4.5
10,1,40,4.66761302948,4.5
10,1,40,4.59972190857,4.5
10,1,96,4.37926959991,4.5
10,1,96,4.64631557465,4.5
10,1,77,5.26616048813,4.5
10,1,77,4.59736442566,4.5
10,1,22,5.36161422729,4.5
10,1,22,5.07645606995,4.5
10,1,75,4.52789402008,4.5
10,1,75,3.13993263245,4.5
10,1,20,5.24667310715,5.0
10,1,20,3.95959329605,5.0
10,1,108,5.17973852158,5.0
10,1,108,4.17911148071,5.0
10,1,73,5.19967603683,4.25
10,1,73,4.18764162064,4.25
10,1,106,4.6224565506,2.0
10,1,106,4.46191120148,2.0
10,1,55,5.09248590469,5.25
10,1,55,4.92171287537,5.25
10,1,104,4.82522392273,4.5
10,1,104,4.00671958923,4.5
10,1,53,5.44661474228,5.25
10,1,53,5.36118745804,5.25
10,1,30,4.5646481514,5.5
10,1,30,4.91665458679,5.5
10,1,86,4.32429981232,4.0
10,1,86,5.40085172653,4.0
10,1,51,5.25307559967,5.5
10,1,51,5.38143014908,5.5
10,1,28,5.20986890793,4.75
10,1,28,5.25696706772,4.75
10,1,84,3.50236225128,2.75
10,1,84,4.93476867676,2.75
10,1,49,4.46126556396,4.0
10,1,49,4.46462011337,4.0
10,1,26,3.23209667206,2.375
10,1,26,4.04560661316,2.375
10,1,82,5.46718549728,4.5
10,1,82,5.38643884659,4.5
10,2,65,4.82803821564,5.0
10,2,65,3.64617204666,5.0
10,2,26,3.44247841835,3.5
10,2,26,4.2848739624,3.5
10,2,83,3.93022465706,4.25
10,2,83,4.22712755203,4.25
10,2,15,6.24583292007,5.75
10,2,15,5.09136104584,5.75
10,2,25,4.24722719193,4.25
10,2,25,4.0662279129,4.25
10,2,82,4.78892993927,5.25
10,2,82,4.54747676849,5.25
10,2,14,6.04064035416,5.25
10,2,14,4.48536634445,5.25
10,2,71,4.02749156952,4.0
10,2,71,2.9827144146,4.0
10,2,24,3.14700746536,3.5
10,2,24,3.15246391296,3.5
10,2,81,4.1558175087,5.25
10,2,81,4.2676615715,5.25
10,2,35,1.72647535801,2.75
10,2,35,2.03696775436,2.75
10,2,13,6.41695356369,5.25
10,2,13,5.73227405548,5.25
10,2,70,4.94949245453,4.66667
10,2,70,4.70178127289,4.66667
10,2,31,2.46618509293,3.25
10,2,31,2.72586965561,3.25
10,2,80,4.21516513824,4.5
10,2,80,3.92222929001,4.5
10,2,34,5.40489625931,5.0
10,2,34,3.40202593803,5.0
10,2,12,4.5362200737,4.25
10,2,12,4.11307525635,4.25
10,2,69,3.8836388588,5.25
10,2,69,4.91876220703,5.25
10,2,30,4.60208415985,5.75
10,2,30,4.90349245071,5.75
10,2,87,5.5365819931,5.5
10,2,87,5.08289432526,5.5
10,2,33,5.09341907501,4.75
10,2,33,4.05260753632,4.75
10,2,51,5.20944213867,5.5
10,2,51,4.98535633087,5.5
10,2,68,5.20515012741,4.75
10,2,68,4.32349395752,4.75
10,2,29,4.44705057144,5.0
10,2,29,4.74460744858,5.0
10,2,86,4.49014949799,4.5
10,2,86,3.51044297218,4.5
10,2,32,2.83408904076,1.75
10,2,32,2.17300486565,1.75
10,2,50,3.34683680534,4.0
10,2,50,3.80014491081,4.0
10,2,75,5.24885082245,4.5
10,2,75,4.45015335083,4.5
10,2,28,3.91082859039,4.5
10,2,28,3.87667918205,4.5
10,2,85,4.50714111328,5.25
10,2,85,4.89644670486,5.25
10,2,39,4.38480949402,5.25
10,2,39,4.15420150757,5.25
10,2,74,4.1390337944,4.75
10,2,74,4.30198335648,4.75
10,2,3,3.93558931351,3.75
10,2,3,4.56682491302,3.75
10,2,84,4.93368244171,4.0
10,2,84,4.91455078125,4.0
10,2,38,5.5966758728,4.75
10,2,38,5.57105541229,4.75
10,2,73,6.06846237183,5.5
10,2,73,6.54811048508,5.5
10,2,91,4.30811500549,4.25
10,2,91,3.94360899925,4.25
10,2,37,4.82553434372,5.0
10,2,37,4.47657299042,5.0
10,2,55,4.22425270081,3.75
10,2,55,3.71229553223,3.75
10,2,72,5.19218969345,6.25
10,2,72,5.13333654404,6.25
10,2,90,4.77226543427,4.25
10,2,90,4.3000459671,4.25
10,2,19,4.42004060745,4.5
10,2,19,3.64641165733,4.5
10,2,36,4.56427383423,3.75
10,2,36,3.10065317154,3.75
10,2,54,4.68200731277,5.5
10,2,54,3.69963717461,5.5
10,2,79,4.13668632507,5.5
10,2,79,5.00082445145,5.5
10,2,89,5.12124443054,4.0
10,2,89,3.83846712112,4.0
10,2,43,6.08282423019,5.75
10,2,43,5.49615859985,5.75
10,2,53,6.79598617554,6.75
10,2,53,6.56236600876,6.75
10,2,78,5.40346813202,5.25
10,2,78,6.72023105621,5.25
10,2,7,3.7635743618,5.25
10,2,7,4.40076446533,5.25
10,2,88,7.15598297119,5.5
10,2,88,6.43331718445,5.5
10,2,42,6.39087200165,5.5
10,2,42,5.77670669556,5.5
10,2,52,4.31753349304,5.5
10,2,52,4.81151628494,5.5
10,2,77,4.0145816803,3.5
10,2,77,3.79806375504,3.5
10,2,6,6.03486299515,5.25
10,2,6,4.64187145233,5.25
10,2,95,4.62145996094,2.0
10,2,95,3.8068959713,2.0
10,2,41,5.14687108994,5.25
10,2,41,5.74760103226,5.25
10,2,76,4.60479259491,4.5
10,2,76,4.29544115067,4.5
10,2,5,5.09060335159,5.5
10,2,5,4.27275657654,5.5
10,2,94,4.09831905365,3.25
10,2,94,3.4905269146,3.25
10,2,23,4.00766611099,5.0
10,2,23,4.57517337799,5.0
10,2,40,3.91402792931,4.5
10,2,40,4.76523113251,4.5
10,2,97,6.00602197647,5.75
10,2,97,5.99083805084,5.75
10,2,58,5.10336303711,5.5
10,2,58,3.67678380013,5.5
10,2,4,5.70170879364,6.25
10,2,4,5.18815851212,6.25
10,2,93,3.98459887505,3.25
10,2,93,4.25672531128,3.25
10,2,22,5.18048191071,5.5
10,2,22,5.29245615005,5.5
10,2,47,5.42541313171,5.25
10,2,47,5.6924123764,5.25
10,2,96,3.7850124836,4.75
10,2,96,3.46844506264,4.75
10,2,11,4.90777921677,4.5
10,2,11,4.16844511032,4.5
10,2,92,4.49092960358,4.75
10,2,92,4.42273330688,4.75
10,2,21,4.64419603348,5.5
10,2,21,4.86680936813,5.5
10,2,46,3.46738266945,4.25
10,2,46,3.13721203804,4.25
10,2,56,6.07297801971,5.25
10,2,56,6.6943488121,5.25
10,2,10,4.6055059433,5.25
10,2,10,4.12958860397,5.25
10,2,67,4.52641201019,4.33333
10,2,67,4.92053461075,4.33333
10,2,20,3.82273721695,2.75
10,2,20,2.9082736969,2.75
10,2,45,2.69277954102,3.5
10,2,45,3.550604105,3.5
10,2,9,2.93769335747,3.25
10,2,9,2.58997511864,3.25
10,2,66,3.19166612625,3.0
10,2,66,2.86356210709,3.0
10,2,27,4.78148269653,5.0
10,2,27,4.84926128387,5.0
10,2,44,5.54999494553,5.0
10,2,44,5.62800931931,5.0
10,2,8,4.52326965332,5.75
10,2,8,3.8157889843,5.75
11,1,5,5.25830984116,4.5
11,1,5,4.66204690933,4.5
11,1,94,4.88927698135,5.75
11,1,94,4.1148018837,5.75
11,1,23,5.39923143387,5.75
11,1,23,6.06765651703,5.75
11,1,32,5.42307806015,4.25
11,1,32,5.60725927353,4.25
11,1,50,4.90197181702,3.0
11,1,50,4.6476559639,3.0
11,1,75,4.93881320953,3.5
11,1,75,4.40487766266,3.5
11,1,4,5.60324668884,5.75
11,1,4,5.96681308746,5.75
11,1,93,5.24477624893,4.25
11,1,93,4.96487092972,4.25
11,1,22,5.7499666214,6.25
11,1,22,6.83768558502,6.25
11,1,47,4.42479467392,4.0
11,1,47,4.63421630859,4.0
11,1,49,4.2568321228,4.5
11,1,49,4.36851167679,4.5
11,1,74,3.67623233795,5.0
11,1,74,4.42440319061,5.0
11,1,92,4.8994717598,4.25
11,1,92,4.39201879501,4.25
11,1,21,4.34102153778,4.25
11,1,21,5.29423332214,4.25
11,1,46,4.07401132584,1.75
11,1,46,4.35291862488,1.75
11,1,48,3.00791692734,2.25
11,1,48,2.99342703819,2.25
11,1,73,5.64599275589,5.25
11,1,73,4.43532657623,5.25
11,1,91,5.06347036362,5.5
11,1,91,4.76199626923,5.5
11,1,20,4.18061447144,5.5
11,1,20,4.30099201202,5.5
11,1,63,5.37021064758,6.25
11,1,63,4.87446117401,6.25
11,1,72,4.7835521698,4.75
11,1,72,4.9472322464,4.75
11,1,90,4.50844717026,4.25
11,1,90,4.70629358292,4.25
11,1,19,6.08764219284,6.25
11,1,19,6.45410776138,6.25
11,1,62,3.86207580566,5.0
11,1,62,4.45943784714,5.0
11,1,89,5.07924842834,5.0
11,1,89,5.16360282898,5.0
11,1,15,3.45004987717,3.5
11,1,15,2.23876786232,3.5
11,1,88,4.17834472656,3.75
11,1,88,3.17852735519,3.75
11,1,99,4.54079914093,6.25
11,1,99,6.23627233505,6.25
11,1,14,6.02686166763,4.25
11,1,14,5.74425601959,4.25
11,1,71,4.72940731049,4.75
11,1,71,5.27927923203,4.75
11,1,98,5.60492992401,4.5
11,1,98,5.42454910278,4.5
11,1,13,4.25454568863,5.25
11,1,13,4.83809185028,5.25
11,1,70,5.12289142609,5.0
11,1,70,4.57143449783,5.0
11,1,31,5.05054044724,5.5
11,1,31,5.06855106354,5.5
11,1,97,4.95943450928,3.75
11,1,97,5.30549144745,3.75
11,1,12,6.19273424149,5.5
11,1,12,5.3293261528,5.5
11,1,69,4.16132974625,4.0
11,1,69,4.71344041824,4.0
11,1,30,4.6744351387,4.25
11,1,30,5.6290268898,4.25
11,1,87,4.37733078003,2.75
11,1,87,5.22583293915,2.75
11,1,96,6.29505205154,4.75
11,1,96,5.85836601257,4.75
11,1,57,4.26586580276,2.5
11,1,57,4.19570112228,2.5
11,1,11,4.2669005394,4.5
11,1,11,5.16921758652,4.5
11,1,68,5.07035112381,4.25
11,1,68,5.42132854462,4.25
11,1,29,4.62623357773,5.5
11,1,29,4.59578847885,5.5
11,1,56,3.70455360413,2.25
11,1,56,4.29873657227,2.25
11,1,10,5.82801580429,4.66667
11,1,10,5.60028648376,4.66667
11,1,67,7.054728508,6.25
11,1,67,7.13349628448,6.25
11,1,28,6.07099485397,4.5
11,1,28,5.25910043716,4.5
11,1,39,5.85919952393,5.0
11,1,39,5.8672451973,5.0
11,1,9,4.31991624832,4.0
11,1,9,6.2418384552,4.0
11,1,66,3.84890961647,3.25
11,1,66,4.31877708435,3.25
11,1,27,6.18878030777,4.5
11,1,27,5.72826337814,4.5
11,1,84,4.721575737,3.5
11,1,84,4.28577280045,3.5
11,1,38,5.14648246765,4.5
11,1,38,4.73257398605,4.5
11,1,8,6.09645080566,4.25
11,1,8,5.24076223373,4.25
11,1,65,4.48848056793,4.25
11,1,65,3.67957663536,4.25
11,1,26,5.23616170883,4.0
11,1,26,5.53732585907,4.0
11,1,83,4.08239936829,3.5
11,1,83,5.10013484955,3.5
11,1,37,4.40879106522,3.75
11,1,37,5.16469764709,3.75
11,1,55,4.94051504135,4.0
11,1,55,5.15454816818,4.0
11,1,64,6.32141304016,5.0
11,1,64,5.67145824432,5.0
11,1,25,4.13079118729,5.0
11,1,25,4.48737668991,5.0
11,1,82,4.8108663559,4.5
11,1,82,4.65513467789,4.5
11,1,36,5.27069377899,5.0
11,1,36,4.6514673233,5.0
11,1,54,3.88860535622,2.5
11,1,54,3.7526140213,2.5
11,1,79,4.8995757103,4.5
11,1,79,4.52215003967,4.5
11,1,24,3.37592673302,3.25
11,1,24,3.84488487244,3.25
11,1,81,4.91029119492,4.5
11,1,81,4.64780902863,4.5
11,1,35,5.50460243225,4.5
11,1,35,5.17637729645,4.5
11,1,53,5.28783798218,5.25
11,1,53,5.15989732742,5.25
11,1,78,5.24204969406,5.0
11,1,78,5.01036643982,5.0
11,1,7,3.76577091217,4.25
11,1,7,4.33974504471,4.25
11,1,80,5.65277433395,6.0
11,1,80,5.54567813873,6.0
11,1,34,6.04981327057,4.5
11,1,34,5.01773357391,4.5
11,1,52,5.0940694809,4.25
11,1,52,5.15743684769,4.25
11,1,77,5.83242750168,6.0
11,1,77,5.01149940491,6.0
11,1,6,3.94386172295,5.0
11,1,6,5.70243883133,5.0
11,1,95,3.99051690102,4.25
11,1,95,5.44678449631,4.25
11,1,33,4.48720502853,5.0
11,1,33,5.33653402328,5.0
11,1,51,4.29199028015,4.75
11,1,51,4.64221477509,4.75
11,1,76,4.26355743408,4.0
11,1,76,5.38603639603,4.0
11,2,84,4.81788015366,4.75
11,2,84,5.38636350632,4.75
11,2,28,4.35167646408,4.5
11,2,28,5.18637180328,4.5
11,2,74,3.61472535133,4.25
11,2,74,5.37973976135,4.25
11,2,18,4.10565662384,4.0
11,2,18,4.43347406387,4.0
11,2,72,5.5201382637,4.25
11,2,72,4.86725521088,4.25
11,2,63,3.42687320709,2.75
11,2,63,4.30779790878,2.75
11,2,78,5.36083745956,5.5
11,2,78,5.55933189392,5.5
11,2,61,4.18177747726,3.25
11,2,61,4.32022809982,3.25
11,2,22,5.36211490631,3.75
11,2,22,4.32047128677,3.75
11,2,76,4.14512586594,5.5
11,2,76,4.68697881699,5.5
11,2,51,5.12410449982,4.5
11,2,51,5.52102375031,4.5
11,2,20,3.9283926487,4.75
11,2,20,5.93145227432,4.75
11,2,105,4.55132102966,4.5
11,2,105,5.68923187256,4.5
11,2,66,2.93226027489,1.75
11,2,66,1.56032037735,1.75
11,2,49,2.70782113075,2.75
11,2,49,4.04865837097,2.75
11,2,10,4.6505355835,4.75
11,2,10,5.8870306015,4.75
11,2,111,5.36475467682,4.5
11,2,111,5.28640842438,4.5
11,2,64,4.42807435989,4.25
11,2,64,4.63792228699,4.25
11,2,55,4.37793445587,4.5
11,2,55,5.30623960495,4.5
11,2,8,5.02154827118,5.0
11,2,8,5.42474746704,5.0
11,2,109,5.16426181793,4.75
11,2,109,5.89533042908,4.75
11,2,53,3.99191021919,4.5
11,2,53,4.8087387085,4.5
11,2,99,4.40141916275,5.5
11,2,99,4.8949007988,5.5
11,2,68,4.21454954147,4.0
11,2,68,3.8496901989,4.0
11,2,43,3.89527106285,5.25
11,2,43,5.14543628693,5.25
11,2,12,3.71683239937,2.25
11,2,12,3.78068041801,2.25
11,2,97,3.81994462013,3.75
11,2,97,3.86531877518,3.75
11,2,41,4.67978954315,4.75
11,2,41,5.17314100266,4.75
11,2,103,5.36457443237,5.25
11,2,103,6.01280784607,5.25
11,2,47,5.06900453568,4.0
11,2,47,5.48310041428,4.0
11,2,101,4.28871011734,4.75
11,2,101,4.9665722847,4.75
11,2,45,4.84874343872,4.25
11,2,45,4.81882190704,4.25
11,2,6,5.2527050972,5.5
11,2,6,4.9041390419,5.5
11,2,91,5.0711889267,4.5
11,2,91,4.94357919693,4.5
11,2,35,5.0931968689,3.75
11,2,35,4.51107501984,3.75
11,2,4,4.21005916595,4.0
11,2,4,4.71326875687,4.0
11,2,89,5.31996440887,4.75
11,2,89,5.90787220001,4.75
11,2,33,4.62691926956,4.25
11,2,33,5.07655620575,4.25
11,2,95,4.28593540192,4.0
11,2,95,5.0654759407,4.0
11,2,39,3.58397650719,4.5
11,2,39,4.52920913696,4.5
11,2,93,3.48356842995,5.0
11,2,93,4.70087051392,5.0
11,2,37,3.82557153702,5.0
11,2,37,5.16721343994,5.0
11,2,83,4.73724269867,4.0
11,2,83,5.49356365204,4.0
11,2,27,4.74346113205,5.5
11,2,27,5.38950061798,5.5
11,2,81,4.22312831879,3.0
11,2,81,4.75671386719,3.0
11,2,25,4.46712017059,5.0
11,2,25,4.68497562408,5.0
11,2,87,5.15801429749,4.25
11,2,87,5.58913421631,4.25
11,2,31,4.51304340363,5.0
11,2,31,5.41920757294,5.0
11,2,85,5.28574609756,5.0
11,2,85,4.90885210037,5.0
11,2,56,4.40421819687,4.75
11,2,56,5.10549783707,4.75
11,2,29,3.67459487915,4.75
11,2,29,4.87108182907,4.75
11,2,75,4.28818273544,2.5
11,2,75,4.66955471039,2.5
11,2,62,3.47146105766,1.75
11,2,62,4.38170719147,1.75
11,2,19,4.94041824341,5.25
11,2,19,5.03437948227,5.25
11,2,73,4.15806055069,4.25
11,2,73,4.50665044785,4.25
11,2,60,3.3564927578,2.5
11,2,60,3.61491394043,2.5
11,2,17,3.89646792412,3.75
11,2,17,4.5603723526,3.75
11,2,106,3.1922852993,3.0
11,2,106,2.95588922501,3.0
11,2,79,4.06586551666,4.25
11,2,79,4.63130474091,4.25
11,2,50,4.3170633316,4.25
11,2,50,5.11108350754,4.25
11,2,23,4.15927505493,5.75
11,2,23,5.30550432205,5.75
11,2,104,4.24131011963,6.0
11,2,104,5.66690349579,6.0
11,2,77,5.17983293533,4.5
11,2,77,5.40750598907,4.5
11,2,48,4.70874834061,6.5
11,2,48,5.96606016159,6.5
11,2,21,5.05467987061,6.25
11,2,21,5.49549484253,6.25
11,2,110,5.2750082016,4.75
11,2,110,4.98221921921,4.75
11,2,67,5.17273139954,4.75
11,2,67,4.98328971863,4.75
11,2,54,4.44673728943,3.75
11,2,54,4.66190814972,3.75
11,2,11,3.45065569878,2.5
11,2,11,4.50999927521,2.5
11,2,65,4.3318810463,2.5
11,2,65,3.89229559898,2.5
11,2,52,3.89513158798,5.0
11,2,52,4.5961432457,5.0
11,2,9,5.36196947098,3.5
11,2,9,4.60543775558,3.5
11,2,98,4.27727413177,5.0
11,2,98,5.22050666809,5.0
11,2,42,4.23900365829,4.75
11,2,42,4.86104631424,4.75
11,2,96,5.37444448471,5.0
11,2,96,6.06121253967,5.0
11,2,69,4.1970911026,3.25
11,2,69,4.88903522491,3.25
11,2,40,4.1083984375,4.25
11,2,40,5.53121614456,4.25
11,2,102,3.87246656418,3.75
11,2,102,4.45480155945,3.75
11,2,46,4.13075351715,4.25
11,2,46,4.73576593399,4.25
11,2,3,5.01220035553,5.0
11,2,3,5.07023334503,5.0
11,2,100,3.6311674118,4.5
11,2,100,3.51426887512,4.5
11,2,44,4.9852232933,5.5
11,2,44,5.34590196609,5.5
11,2,90,4.33083534241,3.25
11,2,90,3.98125481606,3.25
11,2,34,5.18203020096,6.5
11,2,34,5.27460241318,6.5
11,2,7,3.37376284599,0.75
11,2,7,4.14063501358,0.75
11,2,88,4.17048931122,5.0
11,2,88,4.83330011368,5.0
11,2,32,5.48448085785,5.25
11,2,32,6.00650978088,5.25
11,2,5,3.91958594322,2.25
11,2,5,4.47286939621,2.25
11,2,94,5.10526561737,4.25
11,2,94,4.06094884872,4.25
11,2,38,3.92359757423,4.25
11,2,38,4.22888183594,4.25
11,2,92,4.59972810745,5.5
11,2,92,5.67190074921,5.5
11,2,36,4.85973644257,4.25
11,2,36,4.80362987518,4.25
11,2,82,5.2174987793,4.75
11,2,82,3.98049020767,4.75
11,2,26,5.32037734985,3.5
11,2,26,4.85713100433,3.5
11,2,80,4.14593505859,3.75
11,2,80,4.26772165298,3.75
11,2,24,5.36852884293,5.0
11,2,24,5.9642996788,5.0
11,2,86,3.96139025688,5.75
11,2,86,4.79757452011,5.75
11,2,30,4.90814304352,4.0
11,2,30,4.69934940338,4.0
12,1,60,4.51291656494,3.75
12,1,60,3.52634930611,3.75
12,1,25,4.04164123535,5.75
12,1,25,3.79060554504,5.75
12,1,83,4.65270996094,5.5
12,1,83,4.05616140366,5.5
12,1,62,2.95374751091,2.5
12,1,62,3.14085745811,2.5
12,1,27,4.29527187347,4.5
12,1,27,3.68789339066,4.5
12,1,77,4.66758537292,4.75
12,1,77,4.06312942505,4.75
12,1,21,4.3399515152,4.5
12,1,21,3.53693580627,4.5
12,1,79,4.68468093872,4.25
12,1,79,3.95981574059,4.25
12,1,23,3.8920276165,3.5
12,1,23,3.84329485893,3.5
12,1,108,4.196185112,3.25
12,1,108,3.58161616325,3.25
12,1,73,4.56830501556,4.25
12,1,73,3.77158355713,4.25
12,1,17,4.57294082642,5.0
12,1,17,3.75306510925,5.0
12,1,110,3.96107363701,5.0
12,1,110,4.46181106567,5.0
12,1,75,4.55755329132,5.25
12,1,75,3.93448448181,5.25
12,1,54,4.99056053162,4.75
12,1,54,4.62664318085,4.75
12,1,19,4.24179077148,3.75
12,1,19,3.87867879868,3.75
12,1,104,3.86294698715,2.5
12,1,104,3.43356895447,2.5
12,1,69,3.674731493,3.75
12,1,69,4.1882648468,3.75
12,1,48,4.61329746246,4.5
12,1,48,4.00801181793,4.5
12,1,106,3.17019581795,1.25
12,1,106,3.46994280815,1.25
12,1,100,4.49750137329,2.75
12,1,100,3.57856488228,2.75
12,1,65,3.2584271431,4.5
12,1,65,4.00585174561,4.5
12,1,44,4.60099315643,5.5
12,1,44,3.71162414551,5.5
12,1,9,4.62832355499,4.75
12,1,9,3.9246339798,4.75
12,1,102,4.68645763397,4.5
12,1,102,4.06642055511,4.5
12,1,67,2.81915831566,2.75
12,1,67,3.49713230133,2.75
12,1,46,4.14738845825,3.5
12,1,46,3.64076375961,3.5
12,1,11,4.16359615326,5.0
12,1,11,3.83502149582,5.0
12,1,96,4.30100917816,3.25
12,1,96,3.72561812401,3.25
12,1,40,4.48240756989,4.25
12,1,40,3.72654914856,4.25
12,1,5,4.56224632263,6.0
12,1,5,3.77023601532,6.0
12,1,98,4.57713699341,3.75
12,1,98,3.98395371437,3.75
12,1,42,4.57726669312,4.25
12,1,42,3.7714817524,4.25
12,1,7,4.70079994202,6.25
12,1,7,4.14235496521,6.25
12,1,92,4.15447473526,3.25
12,1,92,3.55514478683,3.25
12,1,36,4.1435508728,5.0
12,1,36,3.68874263763,5.0
12,1,38,4.39818763733,5.5
12,1,38,3.70771431923,5.5
12,1,3,4.82670688629,6.0
12,1,3,4.47209835052,6.0
12,1,88,4.59738063812,4.5
12,1,88,3.59217190742,4.5
12,1,32,4.18822479248,5.25
12,1,32,3.61602044106,5.25
12,1,90,4.98693466187,4.0
12,1,90,4.06980037689,4.0
12,1,34,4.18774223328,5.5
12,1,34,3.40263199806,5.5
12,1,84,4.62707901001,4.5
12,1,84,4.08040523529,4.5
12,1,28,3.97384095192,5.0
12,1,28,3.40983176231,5.0
12,1,86,4.6760892868,3.0
12,1,86,3.95543599129,3.0
12,1,30,3.6029856205,4.0
12,1,30,3.66565561295,4.0
12,1,80,4.0116558075,4.0
12,1,80,3.2706823349,4.0
12,1,24,3.18108916283,5.25
12,1,24,2.93973302841,5.25
12,1,82,4.94294929504,4.0
12,1,82,4.33794403076,4.0
12,1,61,4.38061904907,4.0
12,1,61,3.62991929054,4.0
12,1,26,4.76444911957,5.0
12,1,26,3.6082444191,5.0
12,1,76,4.66918563843,4.0
12,1,76,4.24692726135,4.0
12,1,63,4.08932876587,3.0
12,1,63,3.49380254745,3.0
12,1,20,4.05375003815,4.75
12,1,20,3.78269290924,4.75
12,1,78,4.63896560669,6.0
12,1,78,4.06642055511,6.0
12,1,22,4.383644104,4.5
12,1,22,3.69536662102,4.5
12,1,72,4.61800003052,3.25
12,1,72,4.52676868439,3.25
12,1,16,4.23563194275,5.25
12,1,16,3.80982470512,5.25
12,1,109,4.62070941925,3.5
12,1,109,3.29780030251,3.5
12,1,74,4.59367656708,5.0
12,1,74,4.14188194275,5.0
12,1,53,4.26259422302,4.5
12,1,53,3.52869963646,4.5
12,1,18,3.89843940735,4.25
12,1,18,3.90098881721,4.25
12,1,111,4.64414596558,2.75
12,1,111,4.05816936493,2.75
12,1,68,4.60244178772,4.25
12,1,68,4.02773094177,4.25
12,1,55,3.86700510979,5.0
12,1,55,3.89163327217,5.0
12,1,12,4.85876178741,5.75
12,1,12,4.21935653687,5.75
12,1,105,4.10580015182,3.25
12,1,105,3.55681705475,3.25
12,1,49,4.58082866669,4.75
12,1,49,4.00952625275,4.75
12,1,107,4.6218919754,4.5
12,1,107,3.7036383152,4.5
12,1,64,3.5178155899,4.0
12,1,64,3.42703318596,4.0
12,1,8,4.62165546417,5.25
12,1,8,4.25462627411,5.25
12,1,101,4.60891723633,3.25
12,1,101,3.86607241631,3.25
12,1,66,3.5018248558,3.0
12,1,66,3.90831112862,3.0
12,1,45,4.15972995758,5.0
12,1,45,3.5013718605,5.0
12,1,10,4.77577400208,5.25
12,1,10,4.00415611267,5.25
12,1,103,4.56593227386,4.5
12,1,103,3.68220067024,4.5
12,1,47,4.64691162109,5.5
12,1,47,4.12608098984,5.5
12,1,4,4.61976051331,6.25
12,1,4,4.03690958023,6.25
12,1,97,3.48661732674,4.25
12,1,97,3.72783637047,4.25
12,1,41,4.59067630768,3.75
12,1,41,3.70573472977,3.75
12,1,6,4.69641971588,5.0
12,1,6,4.19077634811,5.0
12,1,99,4.06230163574,1.75
12,1,99,3.3736410141,1.75
12,1,43,3.88872027397,4.75
12,1,43,3.71606302261,4.75
12,1,93,4.54852390289,3.75
12,1,93,3.68888807297,3.75
12,1,37,5.1439332962,4.5
12,1,37,4.12893295288,4.5
12,1,2,5.03519058228,6.5
12,1,2,4.12196731567,6.5
12,1,39,4.56098175049,5.75
12,1,39,3.69308638573,5.75
12,1,89,4.24130249023,3.5
12,1,89,3.54030513763,3.5
12,1,33,3.84039092064,4.25
12,1,33,3.67645668983,4.25
12,1,91,4.18063163757,4.5
12,1,91,3.56303215027,4.5
12,1,35,3.84271669388,4.0
12,1,35,3.79517245293,4.0
12,1,85,4.59771060944,4.75
12,1,85,3.7784614563,4.75
12,1,29,4.45134162903,2.75
12,1,29,3.73095273972,2.75
12,1,87,4.54310131073,5.0
12,1,87,3.61833190918,5.0
12,1,31,4.22299575806,5.0
12,1,31,3.54875445366,5.0
12,1,81,4.57463741302,4.0
12,1,81,4.00197649002,4.0
12,2,14,2.69860315323,4.25
12,2,14,3.08357858658,4.25
12,2,37,3.70940589905,3.5
12,2,37,3.92087554932,3.5
12,2,64,2.10099101067,1.5
12,2,64,1.28010511398,1.5
12,2,8,3.6247792244,4.0
12,2,8,3.6315305233,4.0
12,2,39,2.83348178864,2.0
12,2,39,3.52419257164,2.0
12,2,66,1.19509649277,1.0
12,2,66,1.43841946125,1.0
12,2,10,3.75289201736,4.25
12,2,10,4.35618877411,4.25
12,2,33,3.09181427956,3.75
12,2,33,4.08549594879,3.75
12,2,4,2.90142011642,4.0
12,2,4,3.43564581871,4.0
12,2,35,3.43769001961,3.0
12,2,35,3.03579950333,3.0
12,2,6,2.82745838165,3.5
12,2,6,3.23200845718,3.5
12,2,93,3.74996542931,5.0
12,2,93,3.55023479462,5.0
12,2,95,3.32442975044,4.75
12,2,95,4.36910820007,4.75
12,2,89,2.37244534492,3.75
12,2,89,3.33631849289,3.75
12,2,116,3.3121099472,3.0
12,2,116,3.58948969841,3.0
12,2,91,2.3452963829,4.5
12,2,91,2.68289637566,4.5
12,2,62,2.96059513092,1.75
12,2,62,1.90198135376,1.75
12,2,85,3.21653223038,4.75
12,2,85,2.57877850533,4.75
12,2,112,3.4505572319,3.75
12,2,112,4.27277851105,3.75
12,2,29,3.78467583656,3.0
12,2,29,4.24743843079,3.0
12,2,56,3.24180603027,5.0
12,2,56,4.23430728912,5.0
12,2,87,4.42019748688,4.75
12,2,87,4.6350812912,4.75
12,2,114,3.61685085297,3.5
12,2,114,2.98956131935,3.5
12,2,31,3.62654399872,4.75
12,2,31,4.78067779541,4.75
12,2,58,3.42913532257,3.75
12,2,58,4.01967716217,3.75
12,2,81,3.55833959579,5.5
12,2,81,3.79228854179,5.5
12,2,108,3.32399177551,2.0
12,2,108,2.72785687447,2.0
12,2,25,2.73429465294,4.75
12,2,25,3.29451608658,4.75
12,2,52,3.93805122375,4.75
12,2,52,3.66466641426,4.75
12,2,83,3.00386285782,3.75
12,2,83,3.2308204174,3.75
12,2,110,2.08226013184,2.25
12,2,110,2.18210792542,2.25
12,2,27,3.57405757904,4.5
12,2,27,4.03552722931,4.5
12,2,54,4.13046503067,4.5
12,2,54,4.63338184357,4.5
12,2,77,3.37908792496,5.0
12,2,77,3.36572003365,5.0
12,2,104,2.42488861084,2.0
12,2,104,3.62334895134,2.0
12,2,21,3.20611834526,3.75
12,2,21,3.75866270065,3.75
12,2,48,3.29740023613,4.5
12,2,48,2.79262948036,4.5
12,2,79,2.63319444656,3.75
12,2,79,1.95789957047,3.75
12,2,106,3.72865986824,3.5
12,2,106,2.36397743225,3.5
12,2,23,3.31637954712,5.25
12,2,23,4.2910194397,5.25
12,2,50,3.12437415123,4.75
12,2,50,2.73653459549,4.75
12,2,73,0.73539608717,2.0
12,2,73,1.43981468678,2.0
12,2,100,2.63027358055,2.5
12,2,100,3.13582277298,2.5
12,2,44,3.13562750816,3.75
12,2,44,4.63156414032,3.75
12,2,102,2.53670454025,1.75
12,2,102,1.88906896114,1.75
12,2,19,4.123960495,4.5
12,2,19,4.05320644379,4.5
12,2,46,3.33631896973,4.25
12,2,46,4.85017585754,4.25
12,2,69,2.08097410202,2.25
12,2,69,1.59609305859,2.25
12,2,96,3.33221888542,4.75
12,2,96,4.65311431885,4.75
12,2,13,1.80598640442,3.5
12,2,13,2.43408036232,3.5
12,2,40,4.18321275711,3.5
12,2,40,3.11766576767,3.5
12,2,71,2.38654088974,1.5
12,2,71,2.15767025948,1.5
12,2,98,3.30549955368,2.75
12,2,98,4.11733913422,2.75
12,2,42,4.09012651443,3.5
12,2,42,3.57224106789,3.5
12,2,65,2.63388490677,2.25
12,2,65,2.41222524643,2.25
12,2,9,2.87932419777,4.0
12,2,9,3.12377882004,4.0
12,2,36,4.76399326324,5.75
12,2,36,3.50524258614,5.75
12,2,67,3.12267661095,3.0
12,2,67,2.71404004097,3.0
12,2,11,2.39165139198,5.0
12,2,11,2.62495517731,5.0
12,2,5,4.39273262024,5.25
12,2,5,4.20201683044,5.25
12,2,32,2.93878293037,3.25
12,2,32,4.95421695709,3.25
12,2,7,3.67771530151,5.0
12,2,7,3.25603199005,5.0
12,2,34,3.83530664444,4.25
12,2,34,4.42648696899,4.25
12,2,92,3.2963616848,3.5
12,2,92,3.50633430481,3.5
12,2,3,3.3831512928,3.75
12,2,3,2.67845535278,3.75
12,2,94,2.93565154076,2.5
12,2,94,2.47672438622,2.5
12,2,88,3.76362204552,5.0
12,2,88,3.8018476963,5.0
12,2,90,3.98154115677,3.25
12,2,90,2.60447597504,3.25
12,2,113,1.7414239645,3.25
12,2,113,2.78102445602,3.25
12,2,57,3.85229539871,4.75
12,2,57,5.04015254974,4.75
12,2,84,1.97610735893,4.25
12,2,84,3.31886959076,4.25
12,2,115,0.896070361137,2.75
12,2,115,2.36698412895,2.75
12,2,28,4.24013900757,4.75
12,2,28,4.87443733215,4.75
12,2,59,3.75831842422,5.0
12,2,59,2.97879385948,5.0
12,2,86,3.30356788635,4.0
12,2,86,3.5886695385,4.0
12,2,109,2.26010203362,3.25
12,2,109,2.89438152313,3.25
12,2,30,3.01573491096,4.5
12,2,30,3.60944914818,4.5
12,2,53,3.17728495598,3.75
12,2,53,4.10783815384,3.75
12,2,80,3.69002866745,5.25
12,2,80,4.06222629547,5.25
12,2,111,3.47574567795,4.0
12,2,111,4.69919109344,4.0
12,2,24,4.09229373932,4.25
12,2,24,4.89953804016,4.25
12,2,55,4.49722003937,4.5
12,2,55,4.44587516785,4.5
12,2,82,2.35600686073,2.5
12,2,82,3.25977897644,2.5
12,2,105,3.47125482559,4.0
12,2,105,4.37536907196,4.0
12,2,26,1.57268190384,2.75
12,2,26,2.60233879089,2.75
12,2,49,3.43933200836,5.25
12,2,49,3.89261198044,5.25
12,2,107,1.52100586891,2.25
12,2,107,2.34481072426,2.25
12,2,20,2.60934638977,4.0
12,2,20,2.79454278946,4.0
12,2,51,3.58282518387,3.0
12,2,51,2.37466454506,3.0
12,2,78,3.00271487236,4.0
12,2,78,3.39033746719,4.0
12,2,101,3.60644364357,3.0
12,2,101,3.7907576561,3.0
12,2,22,2.40120482445,5.0
12,2,22,3.44463229179,5.0
12,2,45,3.67735671997,4.0
12,2,45,3.95685791969,4.0
12,2,103,2.79567480087,2.5
12,2,103,3.08215212822,2.5
12,2,47,3.7361035347,4.75
12,2,47,3.41852712631,4.75
12,2,97,3.13499450684,1.5
12,2,97,3.34466958046,1.5
12,2,41,4.21854686737,5.25
12,2,41,2.88644933701,5.25
12,2,68,0.16631372273,2.0
12,2,68,1.6233921051,2.0
12,2,99,3.71470355988,3.25
12,2,99,3.41238474846,3.25
12,2,12,3.38243317604,5.25
12,2,12,3.63795685768,5.25
12,2,43,4.25996208191,4.5
12,2,43,3.00209665298,4.5
12,2,70,1.84712910652,1.25
12,2,70,1.9465470314,1.25
16,2,107,4.41864442825,3.25
16,2,107,3.68979072571,3.25
16,2,78,4.56806659698,4.25
16,2,78,3.54750442505,4.25
16,2,37,3.83916091919,4.5
16,2,37,4.92233228683,4.5
16,2,109,4.32286643982,4.5
16,2,109,4.57615613937,4.5
16,2,39,4.39855909348,2.25
16,2,39,2.81093740463,2.25
16,2,111,3.77461862564,3.5
16,2,111,2.37836790085,3.5
16,2,66,4.40640497208,5.75
16,2,66,4.7438492775,5.75
16,2,25,3.09218597412,3.0
16,2,25,4.60904121399,3.0
16,2,97,4.04713010788,2.75
16,2,97,3.6955742836,2.75
16,2,68,2.63912630081,1.25
16,2,68,1.77162754536,1.25
16,2,27,3.65385341644,4.25
16,2,27,4.5952334404,4.25
16,2,99,3.88893222809,3.25
16,2,99,4.65888929367,3.25
16,2,70,2.69805574417,1.75
16,2,70,2.15592193604,1.75
16,2,29,2.88689041138,2.0
16,2,29,3.43631744385,2.0
16,2,101,3.71773004532,5.0
16,2,101,3.71217155457,5.0
16,2,56,3.16807222366,4.75
16,2,56,2.43354034424,4.75
16,2,31,2.5463385582,2.0
16,2,31,1.61651015282,2.0
16,2,103,3.29721689224,3.25
16,2,103,2.44729709625,3.25
16,2,58,4.30875205994,2.25
16,2,58,2.18818593025,2.25
16,2,89,2.39307928085,1.75
16,2,89,2.38315105438,1.75
16,2,60,3.84488582611,3.0
16,2,60,3.66993808746,3.0
16,2,91,2.42859125137,3.25
16,2,91,2.98864603043,3.25
16,2,21,4.68350791931,3.75
16,2,21,4.98974132538,3.75
16,2,93,2.97990274429,4.0
16,2,93,4.0551404953,4.0
16,2,48,3.37922477722,3.25
16,2,48,4.16348981857,3.25
16,2,23,2.46084165573,2.5
16,2,23,2.71768331528,2.5
16,2,95,2.73661375046,3.5
16,2,95,3.79755592346,3.5
16,2,50,3.08717012405,2.25
16,2,50,2.14439272881,2.25
16,2,9,3.21861124039,3.5
16,2,9,5.19291782379,3.5
16,2,81,2.31466579437,2.5
16,2,81,3.00982284546,2.5
16,2,52,2.22739887238,2.25
16,2,52,2.53227043152,2.25
16,2,11,6.21156692505,4.5
16,2,11,5.15308427811,4.5
16,2,83,5.68908405304,4.5
16,2,83,5.98646593094,4.5
16,2,54,1.60871171951,1.25
16,2,54,2.98111343384,1.25
16,2,13,5.45491838455,4.5
16,2,13,4.3564863205,4.5
16,2,85,3.45313215256,3.5
16,2,85,3.16926383972,3.5
16,2,40,3.22924613953,2.0
16,2,40,2.8653755188,2.0
16,2,15,4.89873981476,4.25
16,2,15,5.27940177917,4.25
16,2,112,2.50830793381,1.5
16,2,112,2.34446501732,1.5
16,2,87,2.92505455017,3.5
16,2,87,2.64733171463,3.5
16,2,42,2.50274562836,2.5
16,2,42,2.30600357056,2.5
16,2,114,5.82796573639,3.5
16,2,114,5.07448339462,3.5
16,2,73,2.71181869507,4.0
16,2,73,3.18477249146,4.0
16,2,44,3.02031898499,2.75
16,2,44,2.37966775894,2.75
16,2,116,3.41488742828,4.0
16,2,116,4.05965995789,4.0
16,2,46,2.30548548698,2.5
16,2,46,1.46054112911,2.5
16,2,5,2.24070763588,4.0
16,2,5,3.01222419739,4.0
16,2,77,3.85709428787,5.5
16,2,77,4.0711479187,5.5
16,2,32,3.97140645981,2.75
16,2,32,3.82066297531,2.75
16,2,7,5.2932305336,5.0
16,2,7,4.47971963882,5.0
16,2,104,4.5471868515,1.75
16,2,104,3.98100042343,1.75
16,2,79,5.00116968155,5.0
16,2,79,5.8674864769,5.0
16,2,34,3.86121273041,2.25
16,2,34,3.95081043243,2.25
16,2,106,3.98578691483,2.75
16,2,106,3.52107906342,2.75
16,2,65,5.82080078125,5.0
16,2,65,5.31086969376,5.0
16,2,36,3.8391828537,3.75
16,2,36,5.36931610107,3.75
16,2,108,2.29939174652,2.75
16,2,108,2.56494092941,2.75
16,2,67,3.020008564,3.5
16,2,67,2.38655138016,3.5
16,2,38,3.50989103317,4.0
16,2,38,4.04065847397,4.0
16,2,110,4.40322446823,2.25
16,2,110,3.61229705811,2.25
16,2,69,2.34361743927,1.75
16,2,69,3.64197921753,1.75
16,2,24,4.07969760895,3.5
16,2,24,4.90433835983,3.5
16,2,96,2.82461547852,3.5
16,2,96,3.56475019455,3.5
16,2,71,4.07044458389,4.0
16,2,71,4.55172729492,4.0
16,2,26,3.77620458603,3.25
16,2,26,2.73209810257,3.25
16,2,98,3.96652698517,4.5
16,2,98,3.69092226028,4.5
16,2,57,2.51625108719,3.0
16,2,57,1.83021306992,3.0
16,2,28,3.83467006683,3.25
16,2,28,3.59310102463,3.25
16,2,100,3.61492300034,3.25
16,2,100,2.29422235489,3.25
16,2,59,2.64695596695,3.0
16,2,59,2.63433694839,3.0
16,2,30,3.47260141373,3.0
16,2,30,2.97909736633,3.0
16,2,102,2.52830696106,1.75
16,2,102,2.65793180466,1.75
16,2,61,4.19874429703,2.5
16,2,61,4.49442911148,2.5
16,2,88,4.4654211998,3.75
16,2,88,4.29908704758,3.75
16,2,90,1.85882425308,1.75
16,2,90,1.2418012619,1.75
16,2,49,2.43586683273,2.75
16,2,49,2.04157328606,2.75
16,2,92,3.55231571198,2.5
16,2,92,4.6057715416,2.5
16,2,51,3.55986166,3.5
16,2,51,1.71362304688,3.5
16,2,22,1.51292526722,1.75
16,2,22,1.16988551617,1.75
16,2,94,3.23056221008,4.0
16,2,94,2.93725395203,4.0
16,2,53,2.6311249733,4.0
16,2,53,3.46756982803,4.0
16,2,8,3.39007425308,3.25
16,2,8,3.03329181671,3.25
16,2,80,4.1212053299,4.0
16,2,80,3.71858453751,4.0
16,2,55,3.28451967239,4.0
16,2,55,3.59319639206,4.0
16,2,10,5.27134466171,5.5
16,2,10,5.46431112289,5.5
16,2,82,3.80620384216,2.25
16,2,82,3.38247251511,2.25
16,2,41,3.49896430969,1.75
16,2,41,2.34108304977,1.75
16,2,12,3.35732889175,5.5
16,2,12,4.59483146667,5.5
16,2,113,3.83335447311,2.5
16,2,113,2.3434472084,2.5
16,2,84,3.92307138443,3.75
16,2,84,3.57792711258,3.75
16,2,43,2.44026279449,2.25
16,2,43,1.96087169647,2.25
16,2,14,4.224796772,4.0
16,2,14,3.28430986404,4.0
16,2,115,3.17775535583,2.75
16,2,115,3.59220695496,2.75
16,2,86,4.71457195282,4.5
16,2,86,5.66456270218,4.5
16,2,45,3.80013370514,3.0
16,2,45,5.31993818283,3.0
16,2,72,2.66023015976,2.25
16,2,72,1.59559583664,2.25
16,2,47,1.83860099316,1.75
16,2,47,1.0816231966,1.75
16,2,33,2.08588933945,1.5
16,2,33,2.57097434998,1.5
16,2,105,3.68080091476,3.75
16,2,105,2.02054834366,3.75
16,2,76,4.11553430557,3.0
16,2,76,4.29287528992,3.0
16,2,35,3.17701673508,2.5
16,2,35,3.07785415649,2.5
16,2,6,5.22214794159,4.5
16,2,6,5.76392602921,4.5
17,1,87,4.69320106506,2.5
17,1,87,4.97339916229,2.5
17,1,56,4.64001369476,3.25
17,1,56,4.98049211502,3.25
17,1,31,3.84082746506,4.0
17,1,31,4.06571388245,4.0
17,1,73,4.53378772736,4.25
17,1,73,4.93683719635,4.25
17,1,17,4.67297363281,3.0
17,1,17,4.76560783386,3.0
17,1,75,3.47031807899,1.75
17,1,75,3.73790764809,1.75
17,1,60,3.91803145409,3.0
17,1,60,3.78812479973,3.0
17,1,19,4.53619241714,4.0
17,1,19,4.70382261276,4.0
17,1,77,3.33186244965,3.5
17,1,77,3.73617911339,3.5
17,1,62,3.91910195351,1.75
17,1,62,3.84588837624,1.75
17,1,21,3.23194527626,2.5
17,1,21,4.11708450317,2.5
17,1,104,4.19160699844,3.25
17,1,104,4.60251426697,3.25
17,1,79,4.37845468521,3.25
17,1,79,4.41738700867,3.25
17,1,23,4.53730678558,2.5
17,1,23,4.65048885345,2.5
17,1,106,4.31175231934,2.75
17,1,106,5.00095176697,2.75
17,1,65,3.04971122742,1.25
17,1,65,3.68262267113,1.25
17,1,50,2.47632956505,3.75
17,1,50,3.14864706993,3.75
17,1,9,4.00393819809,1.5
17,1,9,3.97409653664,1.5
17,1,108,2.57157564163,2.5
17,1,108,3.33940649033,2.5
17,1,67,3.39890575409,3.0
17,1,67,3.71199202538,3.0
17,1,52,3.9517018795,2.75
17,1,52,3.60234618187,2.75
17,1,11,3.69640135765,1.5
17,1,11,4.06239175797,1.5
17,1,110,2.90398311615,3.5
17,1,110,3.71450138092,3.5
17,1,69,3.61415505409,2.5
17,1,69,4.62396287918,2.5
17,1,54,3.91485524178,3.25
17,1,54,4.06844091415,3.25
17,1,96,3.92861938477,1.5
17,1,96,4.92062950134,1.5
17,1,40,4.04779195786,3.0
17,1,40,4.12645721436,3.0
17,1,98,4.06153869629,3.5
17,1,98,4.10328578949,3.5
17,1,42,2.90039634705,3.75
17,1,42,3.14829897881,3.75
17,1,100,4.49225759506,2.75
17,1,100,4.91704702377,2.75
17,1,44,4.62871313095,3.5
17,1,44,4.95019865036,3.5
17,1,102,3.89894890785,3.75
17,1,102,3.4909799099,3.75
17,1,46,2.41280055046,4.0
17,1,46,3.53722000122,4.0
17,1,5,4.5488524437,2.75
17,1,5,4.86292600632,2.75
17,1,88,4.32632684708,4.25
17,1,88,4.64175033569,4.25
17,1,32,3.71778273582,4.5
17,1,32,3.81327223778,4.5
17,1,7,3.01848888397,2.75
17,1,7,4.14726686478,2.75
17,1,90,2.88837862015,5.5
17,1,90,4.55510139465,5.5
17,1,34,3.50880074501,3.25
17,1,34,3.81934523582,3.25
17,1,92,4.12397813797,5.25
17,1,92,4.68825817108,5.25
17,1,36,4.52358675003,2.75
17,1,36,4.87002325058,2.75
17,1,94,4.4667596817,3.5
17,1,94,4.94736289978,3.5
17,1,38,3.60021877289,2.25
17,1,38,3.95865797997,2.25
17,1,80,4.0237030983,4.25
17,1,80,4.6897354126,4.25
17,1,24,4.45350122452,3.25
17,1,24,4.82202386856,3.25
17,1,82,3.19210672379,5.0
17,1,82,3.81511473656,5.0
17,1,26,3.79114723206,3.0
17,1,26,3.77546286583,3.0
17,1,84,4.31774711609,4.25
17,1,84,4.6997961998,4.25
17,1,28,4.53473138809,4.25
17,1,28,4.51303911209,4.25
17,1,86,3.88276672363,4.0
17,1,86,3.74588489532,4.0
17,1,59,2.47874450684,2.5
17,1,59,2.98262929916,2.5
17,1,30,3.65829896927,5.25
17,1,30,3.86528849602,5.25
17,1,72,3.75755167007,5.25
17,1,72,4.67628383636,5.25
17,1,61,4.70554494858,2.25
17,1,61,4.86513090134,2.25
17,1,74,3.00296497345,3.25
17,1,74,3.92529964447,3.25
17,1,63,4.12104463577,1.75
17,1,63,4.70771980286,1.75
17,1,18,3.67507529259,2.75
17,1,18,4.12420272827,2.75
17,1,105,3.66979384422,3.75
17,1,105,4.5690908432,3.75
17,1,76,3.13121891022,4.5
17,1,76,3.94164919853,4.5
17,1,20,2.76864600182,3.5
17,1,20,3.22833251953,3.5
17,1,107,3.9416205883,3.25
17,1,107,4.68551254272,3.25
17,1,78,3.31648135185,4.25
17,1,78,3.76938939095,4.25
17,1,51,4.77598714828,3.0
17,1,51,4.67523622513,3.0
17,1,22,4.12121152878,3.0
17,1,22,4.42404556274,3.0
17,1,109,3.55472540855,2.5
17,1,109,4.46924591064,2.5
17,1,64,4.72518730164,1.0
17,1,64,4.80101108551,1.0
17,1,53,4.7802324295,2.75
17,1,53,5.06316947937,2.75
17,1,8,4.78273868561,2.75
17,1,8,4.83568143845,2.75
17,1,111,2.51298570633,2.0
17,1,111,3.31466293335,2.0
17,1,66,2.8900206089,0.75
17,1,66,4.25112199783,0.75
17,1,55,4.1847243309,2.5
17,1,55,5.05139684677,2.5
17,1,10,3.98790645599,1.5
17,1,10,4.02139282227,1.5
17,1,97,2.8585960865,2.5
17,1,97,4.18027210236,2.5
17,1,68,2.30394458771,3.75
17,1,68,2.6929192543,3.75
17,1,41,3.88362503052,3.25
17,1,41,4.1384100914,3.25
17,1,12,4.44887590408,2.25
17,1,12,4.66499710083,2.25
17,1,99,4.53312683105,3.5
17,1,99,4.71813583374,3.5
17,1,43,3.78540039062,4.25
17,1,43,4.2739315033,4.25
17,1,14,3.86032605171,1.5
17,1,14,4.58793210983,1.5
17,1,101,3.275182724,3.0
17,1,101,4.40762710571,3.0
17,1,45,3.3527674675,3.0
17,1,45,3.77990961075,3.0
17,1,103,3.90492296219,3.0
17,1,103,4.07542848587,3.0
17,1,89,4.03333425522,3.25
17,1,89,4.23773241043,3.25
17,1,33,3.92104244232,3.75
17,1,33,3.58173513412,3.75
17,1,4,3.30478477478,2.75
17,1,4,3.81462097168,2.75
17,1,91,4.63202381134,3.5
17,1,91,4.93392848969,3.5
17,1,35,3.4071791172,2.5
17,1,35,4.68244409561,2.5
17,1,6,3.72423243523,2.75
17,1,6,3.49186062813,2.75
17,1,93,2.39857554436,3.5
17,1,93,3.10074901581,3.5
17,1,37,4.82001686096,2.5
17,1,37,4.87055301666,2.5
17,1,95,4.25822353363,5.25
17,1,95,4.93018436432,5.25
17,1,39,2.98727798462,4.5
17,1,39,3.66789531708,4.5
17,1,81,3.8661365509,4.5
17,1,81,3.45126223564,4.5
17,1,25,4.14507961273,3.75
17,1,25,4.61216449738,3.75
17,1,83,3.56604647636,3.5
17,1,83,4.06450891495,3.5
17,1,27,3.77794218063,4.5
17,1,27,3.81050181389,4.5
17,1,85,2.42486834526,4.75
17,1,85,3.20938110352,4.75
17,1,29,4.33066034317,4.0
17,1,29,4.39107370377,4.0
18,1,94,2.86714291573,2.5
18,1,94,2.91415762901,2.5
18,1,20,2.00727319717,2.75
18,1,20,2.99035835266,2.75
18,1,49,2.91566753387,1.5
18,1,49,3.04466748238,1.5
18,1,92,3.22848582268,2.25
18,1,92,2.91578555107,2.25
18,1,18,2.1845729351,2.75
18,1,18,1.99063134193,2.75
18,1,47,2.97231888771,1.75
18,1,47,2.71830701828,1.75
18,1,90,3.47137069702,2.5
18,1,90,3.30936288834,2.5
18,1,16,3.22512173653,2.33333
18,1,16,1.26868736744,2.33333
18,1,45,6.0308637619,4.75
18,1,45,5.37569522858,4.75
18,1,88,3.17211127281,2.75
18,1,88,2.25845766068,2.75
18,1,43,3.33759284019,4.25
18,1,43,1.74857103825,4.25
18,1,86,3.35742211342,2.5
18,1,86,3.36404109001,2.5
18,1,12,3.93458366394,6.0
18,1,12,2.16401815414,6.0
18,1,41,4.03310966492,4.0
18,1,41,4.25356340408,4.0
18,1,84,3.55961871147,4.5
18,1,84,1.93744075298,4.5
18,1,10,2.20524382591,1.75
18,1,10,3.0920112133,1.75
18,1,39,3.1876718998,4.0
18,1,39,3.33069849014,4.0
18,1,82,2.73173332214,3.25
18,1,82,2.00523805618,3.25
18,1,111,2.43282365799,2.75
18,1,111,1.15936040878,2.75
18,1,8,2.61377811432,2.25
18,1,8,1.42751514912,2.25
18,1,37,3.23462605476,2.75
18,1,37,3.29495239258,2.75
18,1,80,2.07266426086,3.5
18,1,80,1.53921377659,3.5
18,1,109,3.98069429398,3.0
18,1,109,3.26283478737,3.0
18,1,6,2.65362548828,3.5
18,1,6,3.24865412712,3.5
18,1,35,2.28433179855,2.25
18,1,35,1.15648531914,2.25
18,1,78,1.56438791752,2.0
18,1,78,1.18543279171,2.0
18,1,107,3.07607197762,3.0
18,1,107,3.11731004715,3.0
18,1,4,3.04085087776,3.0
18,1,4,3.36220240593,3.0
18,1,33,2.60902428627,1.0
18,1,33,1.23856389523,1.0
18,1,76,1.57664978504,2.0
18,1,76,1.19647479057,2.0
18,1,105,3.23643398285,1.75
18,1,105,3.25113582611,1.75
18,1,2,4.87584066391,4.25
18,1,2,4.81859636307,4.25
18,1,74,2.74722361565,1.5
18,1,74,1.02359199524,1.5
18,1,103,3.33038830757,2.0
18,1,103,2.40313267708,2.0
18,1,101,1.87627112865,2.25
18,1,101,1.39362704754,2.25
18,1,62,3.1009478569,1.5
18,1,62,3.76050806046,1.5
18,1,99,2.75180721283,2.5
18,1,99,2.76163578033,2.5
18,1,60,2.18612122536,1.0
18,1,60,1.03547692299,1.0
18,1,68,2.32591986656,2.5
18,1,68,1.2526922226,2.5
18,1,97,4.8006401062,3.25
18,1,97,3.51366305351,3.25
18,1,66,2.09787321091,1.75
18,1,66,1.7548815012,1.75
18,1,31,4.00696277618,3.75
18,1,31,4.20915317535,3.75
18,1,56,3.57226538658,3.25
18,1,56,2.77721071243,3.25
18,1,64,0.377041310072,2.25
18,1,64,0.914509057999,2.25
18,1,29,3.93258976936,3.75
18,1,29,3.06825065613,3.75
18,1,54,1.96616315842,1.25
18,1,54,3.6129591465,1.25
18,1,27,3.06337714195,3.75
18,1,27,3.54421472549,3.75
18,1,25,3.30909228325,3.0
18,1,25,3.71617865562,3.0
18,1,50,2.76873922348,2.25
18,1,50,1.72017395496,2.25
18,1,23,2.95917081833,2.5
18,1,23,3.27571940422,2.5
18,1,48,1.43117725849,1.75
18,1,48,2.5016143322,1.75
18,1,95,4.02024793625,4.25
18,1,95,2.84883189201,4.25
18,1,21,4.96440124512,2.5
18,1,21,4.68785190582,2.5
18,1,46,2.52662348747,2.25
18,1,46,2.90249848366,2.25
18,1,93,3.41553401947,2.0
18,1,93,3.05534768105,2.0
18,1,19,3.09229016304,2.75
18,1,19,1.04607534409,2.75
18,1,44,3.7244644165,2.5
18,1,44,3.3826816082,2.5
18,1,91,2.54382228851,2.5
18,1,91,3.17925524712,2.5
18,1,17,3.26257443428,3.0
18,1,17,4.20704507828,3.0
18,1,42,3.84024310112,2.5
18,1,42,3.34561061859,2.5
18,1,89,3.29174518585,2.25
18,1,89,1.13004469872,2.25
18,1,40,3.3355884552,4.0
18,1,40,2.01318836212,4.0
18,1,87,2.47036027908,3.25
18,1,87,3.11152815819,3.25
18,1,112,3.83935284615,1.25
18,1,112,3.23878097534,1.25
18,1,38,3.6842751503,3.5
18,1,38,3.4076423645,3.5
18,1,85,6.32395362854,4.0
18,1,85,6.51684427261,4.0
18,1,110,2.96638727188,1.75
18,1,110,1.53957509995,1.75
18,1,11,6.43525743484,5.75
18,1,11,4.30748653412,5.75
18,1,36,2.68818426132,2.25
18,1,36,1.51950418949,2.25
18,1,83,3.4443936348,3.75
18,1,83,1.74098491669,3.75
18,1,108,2.73252987862,2.5
18,1,108,1.08297252655,2.5
18,1,9,3.00286960602,2.0
18,1,9,1.97420608997,2.0
18,1,34,2.80380964279,2.25
18,1,34,1.53233122826,2.25
18,1,81,2.89675068855,3.75
18,1,81,1.90248441696,3.75
18,1,106,3.09991574287,1.25
18,1,106,2.85767889023,1.25
18,1,7,3.08926677704,2.5
18,1,7,3.31485509872,2.5
18,1,32,2.8195142746,1.25
18,1,32,3.40290594101,1.25
18,1,79,3.09664201736,2.25
18,1,79,1.62208592892,2.25
18,1,104,3.33181762695,3.25
18,1,104,3.20993947983,3.25
18,1,5,2.75985741615,1.5
18,1,5,3.17502188683,1.5
18,1,77,2.58886003494,1.0
18,1,77,1.80182683468,1.0
18,1,102,3.3265247345,2.25
18,1,102,3.30313467979,2.25
18,1,3,2.41315174103,2.25
18,1,3,1.54354286194,2.25
18,1,75,1.55279970169,1.0
18,1,75,1.18479931355,1.0
18,1,100,3.06301951408,3.75
18,1,100,1.61949765682,3.75
18,1,73,1.75883173943,2.0
18,1,73,1.04285025597,2.0
18,1,98,2.22695827484,2.25
18,1,98,1.37675523758,2.25
18,1,96,3.13123130798,2.5
18,1,96,3.2407848835,2.5
18,1,61,3.31891989708,3.25
18,1,61,3.16670203209,3.25
18,1,69,2.86730289459,1.0
18,1,69,1.14543318748,1.0
18,1,30,2.95540380478,2.75
18,1,30,3.43880558014,2.75
18,1,59,3.38173556328,1.66667
18,1,59,3.36384534836,1.66667
18,1,67,2.46510577202,1.0
18,1,67,2.70629405975,1.0
18,1,28,3.96293783188,3.25
18,1,28,2.1642370224,3.25
18,1,65,2.40130162239,1.0
18,1,65,1.86134183407,1.0
18,1,26,2.97912979126,2.75
18,1,26,3.71884632111,2.75
18,1,55,3.68141579628,1.75
18,1,55,1.58985245228,1.75
18,1,24,3.31125545502,3.25
18,1,24,3.79279756546,3.25
18,1,53,3.18824124336,3.25
18,1,53,3.34248661995,3.25
18,1,22,3.51579976082,3.75
18,1,22,3.71364331245,3.75
18,1,51,2.0313873291,1.25
18,1,51,1.33497262001,1.25
