3,1,47,5.34474277496,4.25
3,1,10,5.29482841492,2.875
3,1,101,5.23248958588,4.375
3,1,64,5.33903646469,5.75
3,1,45,5.32317876816,4.25
3,1,8,5.30174350739,3.5
3,1,99,4.8828663826,1.5
3,1,94,4.84238910675,3.25
3,1,43,5.28922319412,4.0
3,1,6,5.35965633392,4.5
3,1,97,5.04803180695,1.25
3,1,92,5.29463338852,3.5
3,1,41,4.91318893433,3.25
3,1,4,5.39495229721,3.25
3,1,90,5.11174440384,3.75
3,1,39,5.26147890091,5.75
3,1,2,4.43764829636,4.5
3,1,88,4.90827894211,4.0
3,1,37,5.36929702759,3.125
3,1,86,5.23091888428,4.25
3,1,35,5.29146766663,4.375
3,1,30,4.11225605011,4.5
3,1,84,5.16026878357,3.75
3,1,33,5.25736904144,3.0
3,1,28,5.34616184235,4.75
3,1,82,5.15845060349,3.0
3,1,63,5.33618688583,4.75
3,1,26,5.3456401825,4.0
3,1,80,5.09538841248,2.75
3,1,61,5.24661540985,5.5
3,1,24,5.29357624054,4.5
3,1,59,5.34529399872,5.5
3,1,22,5.39161872864,4.83333
3,1,57,5.30923128128,4.875
3,1,20,5.08183956146,2.5
3,1,79,5.13651132584,5.25
3,1,55,5.08127737045,3.25
3,1,18,5.24295854568,3.75
3,1,77,5.23201179504,4.5
3,1,16,5.25769710541,4.75
3,1,75,5.17226028442,4.0
3,1,51,5.21201658249,4.5
3,1,73,5.16422748566,3.0
3,1,49,5.30839395523,5.0
3,1,108,5.17533159256,2.25
3,1,71,4.88656568527,2.0
3,1,15,5.24310350418,5.0
3,1,106,4.48367071152,2.75
3,1,104,5.15935134888,3.5
3,1,102,5.15382146835,5.25
3,1,65,5.20963001251,6.25
3,1,46,5.1225938797,5.0
3,1,9,5.19459533691,2.75
3,1,100,5.22129154205,2.375
3,1,95,5.22065401077,3.75
3,1,44,4.69364500046,3.0
3,1,7,5.40788125992,4.75
3,1,98,4.1980714798,1.75
3,1,93,5.08162593842,3.25
3,1,5,5.35762691498,6.0
3,1,96,5.28927993774,3.875
3,1,91,5.30830669403,4.0
3,1,40,5.19040155411,5.0
3,1,3,5.36998939514,3.0
3,1,89,5.21456003189,4.25
3,1,38,5.27391052246,4.5
3,1,1,4.93735027313,3.875
3,1,87,5.24552536011,4.25
3,1,36,5.28583335876,3.5
3,1,31,5.07739067078,3.66667
3,1,85,5.18354225159,2.0
3,1,34,5.39162540436,4.125
3,1,29,5.34627389908,1.25
3,1,83,5.31048774719,4.5
3,1,32,4.60751438141,4.5
3,1,27,5.22191381454,5.25
3,1,81,5.31074094772,2.75
3,1,62,5.33490037918,4.375
3,1,25,5.39588069916,5.5
3,1,60,5.3401427269,5.5
3,1,23,5.22690725327,3.875
3,1,58,5.23326301575,4.5
3,1,21,5.3898434639,4.5
3,1,56,4.91755962372,4.0
3,1,19,5.27629852295,4.125
3,1,78,5.20443487167,5.25
3,1,17,5.32570695877,5.0
3,1,76,5.28341579437,4.0
3,1,52,5.33423185349,3.5
3,1,74,5.27633857727,4.0
3,1,50,5.27912807465,4.66667
3,1,48,5.37219429016,2.5
3,1,107,5.0471663475,5.25
3,1,70,5.06127786636,2.75
3,1,14,5.05320835114,3.75
3,1,105,4.67440700531,1.25
3,1,103,4.62683963776,1.5
3,1,66,4.98257255554,3.0
3,2,82,4.41919469833,3.25
3,2,61,5.34018707275,4.375
3,2,80,5.12989473343,4.75
3,2,30,1.1028367281,3.625
3,2,35,3.98456811905,3.875
3,2,86,3.57237243652,2.75
3,2,28,3.71480369568,4.0
3,2,33,5.18297767639,5.0
3,2,84,4.14328575134,4.0
3,2,2,4.65257358551,1.875
3,2,39,5.14985179901,4.25
3,2,90,4.96220541,4.25
3,2,37,5.00246095657,2.25
3,2,88,5.19863557816,4.0
3,2,6,5.05248641968,5.25
3,2,43,2.86968612671,4.0
3,2,94,5.18027830124,3.75
3,2,99,5.10977649689,2.625
3,2,41,5.22445440292,3.5
3,2,92,4.66256189346,3.25
3,2,97,5.02354383469,5.0
3,2,10,4.96506261826,4.0
3,2,47,4.93914365768,3.875
3,2,66,5.10705041885,3.75
3,2,103,5.21761798859,4.0
3,2,8,4.9701385498,6.0
3,2,45,4.74698019028,3.25
3,2,64,4.75309228897,2.375
3,2,101,5.14037752151,3.125
3,2,14,4.72347831726,3.75
3,2,70,4.80138206482,3.66667
3,2,107,3.66144561768,4.625
3,2,12,5.31804990768,5.25
3,2,68,5.00318288803,5.5
3,2,105,5.08319091797,3.5
3,2,50,5.31017971039,3.75
3,2,74,5.26944112778,3.25
3,2,111,5.1715464592,3.5
3,2,48,3.80675363541,4.25
3,2,109,4.48683738708,1.95833
3,2,78,5.40441322327,2.75
3,2,52,5.11411142349,1.5
3,2,56,5.11576509476,4.25
3,2,112,2.73115777969,4.0
3,2,62,5.34586524963,5.25
3,2,27,5.15017271042,4.0
3,2,60,4.59682846069,3.75
3,2,83,5.19085836411,4.25
3,2,34,4.45533370972,3.5
3,2,81,5.13687372208,4.375
3,2,31,5.10158777237,3.25
3,2,32,5.20865631104,3.25
3,2,87,4.16869544983,3.75
3,2,29,2.23342084885,4.0
3,2,38,5.38164043427,3.25
3,2,85,4.53802108765,3.25
3,2,36,5.07546281815,2.75
3,2,91,5.29784584045,4.5
3,2,42,2.02393054962,2.5
3,2,89,5.26551532745,3.25
3,2,98,5.27167797089,4.5
3,2,7,4.49588108063,6.0
3,2,40,5.13894176483,2.75
3,2,95,3.73771524429,1.5
3,2,96,4.59180498123,3.125
3,2,5,4.82349872589,3.25
3,2,46,4.35431337357,4.5
3,2,93,5.24871921539,5.0
3,2,102,5.21317815781,2.0
3,2,11,5.05316591263,4.125
3,2,44,3.06617426872,5.0
3,2,67,5.3341255188,5.25
3,2,100,4.9004907608,1.25
3,2,9,5.13090372086,4.5
3,2,65,4.32283973694,3.0
3,2,106,5.10661029816,3.875
3,2,71,5.04247903824,2.375
3,2,104,1.8835978508,3.5
3,2,13,5.3442196846,5.0
3,2,69,3.50120568275,1.25
3,2,110,5.01605033875,4.25
3,2,51,5.31170749664,4.0
3,2,108,4.88233137131,4.0
3,2,49,4.98342084885,2.75
3,2,73,5.15816402435,3.75
3,2,55,5.25301837921,3.33333
3,2,79,4.90610218048,3.75
3,2,53,5.21729564667,4.5
3,2,77,5.25237560272,2.25
3,2,59,4.96393823624,2.25
3,2,113,4.98834466934,3.0
3,2,26,3.77901172638,2.5
3,2,63,3.31687545776,1.25
4,1,29,4.09552812576,3.0
4,1,58,4.77127027512,2.25
4,1,85,4.42802762985,2.5
4,1,114,4.22836875916,1.5
4,1,31,4.20934772491,2.25
4,1,36,2.80634593964,0.875
4,1,87,4.33053255081,3.25
4,1,25,3.23000574112,1.5
4,1,38,4.39866399765,2.5
4,1,81,3.89168167114,3.0
4,1,27,0.836371183395,2.75
4,1,32,3.59996080399,1.5
4,1,83,3.9627623558,3.25
4,1,5,2.96278858185,1.0
4,1,34,3.26552319527,1.5
4,1,93,4.73281002045,3.0
4,1,7,2.51930332184,1.75
4,1,95,4.05733728409,3.5
4,1,100,4.46235466003,0.75
4,1,46,4.86371707916,3.75
4,1,89,4.26014614105,1.75
4,1,102,4.13931131363,1.5
4,1,3,3.66452288628,3.5
4,1,40,4.74743843079,4.0
4,1,91,4.14223718643,2.25
4,1,96,4.35937595367,2.75
4,1,13,3.27173233032,1.5
4,1,42,4.35303783417,1.75
4,1,69,4.98191213608,5.5
4,1,98,4.76991653442,3.25
4,1,15,3.64189553261,0.75
4,1,71,4.76734828949,2.125
4,1,108,4.63032579422,3.25
4,1,9,1.62684953213,1.0
4,1,65,4.59525060654,4.75
4,1,110,4.38554620743,4.0
4,1,11,3.3178524971,1.0
4,1,67,4.73344326019,1.75
4,1,104,4.42892074585,1.25
4,1,53,4.87556791306,2.5
4,1,77,4.61027383804,2.625
4,1,106,4.21431016922,2.125
4,1,55,4.81830024719,2.5
4,1,79,4.90488958359,6.75
4,1,49,4.90820789337,4.25
4,1,73,4.87271165848,4.25
4,1,22,3.25875449181,1.25
4,1,51,4.84879922867,2.75
4,1,75,4.69194459915,4.75
4,1,16,2.00207853317,1.0
4,1,117,4.70386219025,1.25
4,1,63,2.50508403778,1.0
4,1,28,4.23365736008,2.625
4,1,57,4.87433576584,2.75
4,1,84,4.06116294861,2.5
4,1,113,3.87689185143,3.25
4,1,30,3.65946960449,1.125
4,1,59,4.64936065674,1.875
4,1,86,3.96717000008,1.66667
4,1,115,4.61012601852,3.5
4,1,24,4.15491485596,2.0
4,1,37,4.57282686234,2.25
4,1,80,4.01771068573,3.5
4,1,26,4.73924350739,4.375
4,1,39,4.50227069855,2.5
4,1,82,4.52048826218,6.5
4,1,4,2.79545879364,1.5
4,1,33,2.61593270302,1.5
4,1,92,4.20279121399,2.0
4,1,6,3.32626032829,1.5
4,1,35,3.29196047783,1.75
4,1,94,3.9864821434,1.5
4,1,45,4.51325798035,2.125
4,1,88,4.25795507431,1.5
4,1,101,4.19110584259,3.875
4,1,47,4.71142244339,2.125
4,1,90,4.66905784607,1.375
4,1,103,4.65734863281,1.0
4,1,12,2.83767533302,2.5
4,1,41,4.84190750122,2.5
4,1,68,4.65678787231,5.5
4,1,97,4.07765769958,1.625
4,1,70,4.48853492737,5.25
4,1,99,4.78848600388,2.375
4,1,8,3.00102043152,0.75
4,1,64,4.70664262772,3.5
4,1,109,4.58682441711,2.75
4,1,10,2.26076960564,3.0
4,1,66,2.30795574188,1.0
4,1,111,4.40340280533,3.5
4,1,52,5.01451301575,3.25
4,1,105,4.71994543076,3.625
4,1,54,4.68530321121,3.375
4,1,78,3.77919530869,3.25
4,1,48,4.71242761612,1.5
4,1,72,3.52799940109,2.375
4,1,50,4.65133476257,2.0
4,1,74,4.35743665695,3.5
4,1,23,2.61966991425,1.0
4,1,116,4.827293396,1.75
4,1,118,4.4578871727,4.5
4,1,56,4.83665370941,2.0
4,1,112,4.44865512848,1.0
7,1,40,5.20767593384,5.5
7,1,3,4.43608045578,4.75
7,1,102,4.23951292038,4.25
7,1,46,5.07553625107,4.0
7,1,1,4.01154851913,3.5
7,1,44,4.74089717865,6.25
7,1,7,4.86395120621,2.25
7,1,90,4.11731863022,4.0
7,1,34,5.08733320236,5.5
7,1,5,4.43272781372,4.75
7,1,88,4.57254981995,6.5
7,1,32,4.96697473526,3.75
7,1,94,4.60467290878,3.0
7,1,38,4.27421045303,3.5
7,1,92,4.52146673203,5.75
7,1,36,3.92219901085,4.25
7,1,82,4.83509540558,5.25
7,1,26,4.97531223297,3.0
7,1,80,4.60305261612,2.0
7,1,24,4.85665607452,5.0
7,1,86,4.91568183899,3.25
7,1,59,4.08296251297,5.25
7,1,30,4.43893861771,3.0
7,1,84,4.52216339111,4.75
7,1,57,4.90738868713,4.25
7,1,28,4.89810228348,5.25
7,1,74,4.79763841629,4.25
7,1,63,4.72871398926,5.5
7,1,18,4.96702814102,6.0
7,1,72,4.49184846878,2.0
7,1,61,4.6645898819,5.0
7,1,107,4.41850614548,4.0
7,1,78,2.31678962708,4.0
7,1,51,4.97894763947,3.5
7,1,22,4.58749198914,3.75
7,1,105,4.77086830139,4.75
7,1,76,5.03206634521,2.75
7,1,49,4.93636798859,4.5
7,1,20,5.00305652618,5.25
7,1,66,3.51248860359,4.25
7,1,55,4.57724618912,2.5
7,1,10,4.42788600922,2.75
7,1,109,4.01114177704,6.25
7,1,64,4.2559299469,5.0
7,1,53,5.09837770462,5.5
7,1,8,4.90133094788,4.5
7,1,70,4.48399734497,5.5
7,1,43,4.95736312866,3.5
7,1,14,1.72570621967,1.75
7,1,97,3.60100221634,5.5
7,1,68,3.00445532799,4.25
7,1,41,5.01003503799,4.75
7,1,12,1.6538670063,5.0
7,1,103,4.28604698181,3.25
7,1,47,5.25755405426,4.5
7,1,2,4.66746616364,5.5
7,1,101,4.09260463715,4.0
7,1,45,4.96703338623,4.5
7,1,35,4.91829109192,6.0
7,1,89,3.9862742424,5.25
7,1,33,4.95718193054,4.75
7,1,4,4.84031438828,3.25
7,1,95,4.76357746124,4.75
7,1,39,4.99944400787,5.5
7,1,93,4.98198127747,4.25
7,1,37,4.62940073013,4.25
7,1,83,4.73510694504,4.75
7,1,27,5.01893043518,4.25
7,1,81,4.90519523621,4.0
7,1,25,4.49746417999,4.5
7,1,31,4.31521034241,4.5
7,1,58,4.83556461334,6.0
7,1,29,4.87675905228,4.25
7,1,75,4.96823215485,4.75
7,1,19,4.84710216522,4.75
7,1,73,4.72134399414,1.0
7,1,62,4.56662797928,4.5
7,1,79,4.50550699234,3.0
7,1,60,4.57477235794,3.25
7,1,23,4.86153030396,4.0
7,1,106,5.09172916412,4.75
7,1,50,5.02941513062,5.0
7,1,104,4.40526342392,4.75
7,1,67,3.6807513237,4.75
7,1,48,5.05939006805,1.5
7,1,11,3.0180747509,1.75
7,1,65,1.58862733841,5.25
7,1,54,4.92786836624,5.5
7,1,9,4.57784795761,2.0
7,1,108,4.43925237656,2.75
7,1,71,4.40226984024,4.75
7,1,52,5.09888410568,0.75
7,1,98,4.39603424072,3.25
7,1,69,4.5350985527,5.5
7,1,42,4.96144294739,3.0
7,1,13,2.69550657272,3.0
7,1,96,4.61793613434,5.5
7,2,77,4.49421310425,4.25
7,2,102,4.98597002029,5.25
7,2,3,4.82976722717,5.75
7,2,75,4.69619226456,3.5
7,2,100,3.76514577866,1.75
7,2,1,3.18846416473,4.25
7,2,73,4.13389635086,3.25
7,2,98,4.94498300552,3.75
7,2,63,4.95119333267,5.25
7,2,71,4.70515727997,4.0
7,2,96,5.06238460541,3.5
7,2,61,4.55043506622,5.5
7,2,69,4.67042779922,4.25
7,2,30,4.7416601181,3.0
7,2,28,5.01748514175,5.75
7,2,57,4.18974304199,1.5
7,2,65,3.53913068771,5.0
7,2,26,5.03796100616,4.25
7,2,55,4.2146282196,4.0
7,2,24,4.50096130371,3.75
7,2,53,4.73407411575,5.0
7,2,22,4.9323515892,3.0
7,2,51,4.60891580582,4.75
7,2,94,4.68754339218,3.25
7,2,20,4.89009094238,5.5
7,2,49,4.95086526871,4.0
7,2,92,4.70985078812,4.66667
7,2,18,4.79168987274,3.5
7,2,47,5.02747011185,4.0
7,2,90,5.02536964417,4.0
7,2,16,4.7322511673,5.0
7,2,45,4.80303287506,2.5
7,2,88,5.09613752365,5.0
7,2,14,5.10286426544,5.5
7,2,43,4.53924322128,2.75
7,2,86,4.8814907074,2.5
7,2,12,4.15699672699,4.25
7,2,84,4.7725610733,3.75
7,2,10,4.25345230103,4.0
7,2,39,4.61267900467,4.0
7,2,82,4.86347103119,3.25
7,2,8,4.61353492737,4.0
7,2,37,4.53869104385,3.5
7,2,80,4.91203546524,4.0
7,2,109,4.54252815247,5.25
7,2,6,5.12510681152,4.0
7,2,35,4.07617330551,3.5
7,2,78,4.03891706467,5.0
7,2,107,5.13832759857,4.5
7,2,4,4.39368057251,3.0
7,2,33,4.50586891174,1.5
7,2,76,5.07589817047,4.5
7,2,105,5.09758996964,3.0
7,2,2,3.90123438835,2.75
7,2,74,4.67852783203,2.5
7,2,103,4.94361543655,4.25
7,2,72,5.06532812119,4.25
7,2,70,4.76723337173,3.25
7,2,99,4.95745992661,4.25
7,2,60,4.30396032333,4.0
7,2,68,4.62828111649,6.5
7,2,97,4.68536186218,3.0
7,2,58,4.15609359741,4.0
7,2,66,4.59793376923,5.5
7,2,31,4.87397289276,3.75
7,2,56,4.2298951149,4.75
7,2,64,2.44286203384,3.25
7,2,29,4.84542131424,1.75
7,2,27,4.87667942047,4.25
7,2,52,4.44487810135,3.25
7,2,25,4.96849155426,4.75
7,2,50,4.98454189301,4.25
7,2,23,4.69153261185,1.75
7,2,48,4.93755483627,3.75
7,2,95,4.59703159332,2.5
7,2,21,4.52831506729,1.5
7,2,46,4.7127995491,4.75
7,2,93,4.86529874802,4.75
7,2,19,4.54187297821,4.5
7,2,44,4.23534059525,4.5
7,2,91,4.99318027496,3.75
7,2,17,4.53043556213,6.0
7,2,42,5.10110092163,3.0
7,2,89,4.76510238647,3.0
7,2,40,5.01614999771,5.25
7,2,87,5.04022789001,4.5
7,2,13,3.76908564568,4.75
7,2,38,4.93675088882,5.25
7,2,85,5.00106048584,2.5
7,2,110,3.67325687408,4.75
7,2,11,3.39959049225,2.75
7,2,36,4.47715806961,2.5
7,2,83,5.08482313156,5.0
7,2,108,4.52277326584,5.5
7,2,9,4.94025182724,4.0
7,2,34,4.52110862732,4.25
7,2,106,4.88362169266,6.25
7,2,7,5.01217269897,5.0
7,2,32,4.97070503235,4.5
7,2,104,4.50762319565,3.5
7,2,5,4.24208545685,3.25
8,1,34,0.833757460117,2.5
8,1,7,4.2347741127,1.0
8,1,94,-1.81339776516,1.75
8,1,21,-2.8324842453,1.75
8,1,35,4.36708164215,3.0
8,1,49,2.61294364929,2.25
8,1,8,0.221859976649,1.0
8,1,95,-0.371974527836,2.25
8,1,22,3.95862483978,3.5
8,1,36,1.74139356613,3.75
8,1,50,-2.10027813911,1.0
8,1,9,4.27973890305,2.0
8,1,64,-0.560415387154,1.25
8,1,23,4.54217672348,3.25
8,1,37,1.82111430168,1.75
8,1,51,0.323234707117,1.0
8,1,10,3.53329634666,1.75
8,1,65,2.34257888794,2.0
8,1,24,3.75837469101,3.75
8,1,38,4.42481470108,2.25
8,1,52,-0.182974338531,1.25
8,1,11,1.35991108418,2.0
8,1,66,2.10451459885,2.25
8,1,25,0.370051890612,2.5
8,1,80,0.208420529962,1.75
8,1,39,4.20784473419,3.0
8,1,53,1.39285111427,2.25
8,1,12,3.22970890999,1.0
8,1,67,2.23445439339,2.25
8,1,26,0.62824845314,2.75
8,1,81,-0.268381714821,2.25
8,1,40,2.42185330391,1.75
8,1,54,1.9529312849,3.0
8,1,68,2.59962058067,1.5
8,1,27,-1.4690631628,2.0
8,1,82,-2.29464769363,1.75
8,1,41,3.89213204384,1.5
8,1,96,0.418582260609,2.5
8,1,69,1.32645452023,2.5
8,1,28,0.116246119142,1.0
8,1,42,1.3714427948,3.5
8,1,97,3.41652607918,2.25
8,1,29,4.17593336105,3.25
8,1,43,-0.846637964249,1.75
8,1,98,4.23053884506,0.75
8,1,30,4.55793571472,2.5
8,1,85,0.665784716606,2.0
8,1,44,1.861587286,3.25
8,1,58,3.40836882591,1.0
8,1,31,4.23493862152,1.25
8,1,86,2.45628046989,1.25
8,1,59,2.86251235008,1.5
8,1,73,2.39819741249,2.75
8,1,87,-0.729496121407,1.0
8,1,60,0.0604907646775,2.5
8,1,74,1.23153436184,2.5
8,1,88,-0.65842539072,2.25
8,1,61,-2.02958917618,2.75
8,1,75,0.084283336997,3.0
8,1,2,4.26965808868,2.75
8,1,89,-1.29700553417,3.5
8,1,16,4.23995161057,2.75
8,1,62,2.17984485626,1.5
8,1,76,1.34935033321,1.0
8,1,3,1.91354012489,2.5
8,1,17,1.55997526646,3.25
8,1,63,3.45851206779,1.0
8,1,77,2.4683406353,3.25
8,1,4,3.68710160255,1.75
8,1,91,1.86480176449,2.75
8,1,18,4.11019134521,3.75
8,1,32,0.435436725616,2.75
8,1,78,4.04152393341,2.75
8,1,5,-0.406303912401,2.0
8,1,92,-2.29190015793,1.5
8,1,19,2.12793850899,2.25
8,1,33,1.63237321377,1.75
8,1,79,0.586371004581,2.0
8,1,6,2.95985722542,1.5
8,1,93,0.477922171354,1.75
8,1,20,-1.44932925701,2.5
8,2,17,4.27840662003,3.5
8,2,91,0.821588277817,2.25
8,2,19,2.72687673569,2.0
8,2,93,1.72090792656,4.25
8,2,96,1.06873726845,2.0
8,2,21,3.72085142136,2.25
8,2,56,1.09784567356,2.0
8,2,95,2.86433458328,2.0
8,2,98,1.37044608593,3.0
8,2,23,3.75029611588,2.5
8,2,58,3.85413146019,3.0
8,2,100,2.23727965355,3.25
8,2,25,-1.13683712482,2.75
8,2,60,0.35555228591,3.5
8,2,67,2.07633209229,1.625
8,2,27,-2.60017776489,4.0
8,2,62,0.557181060314,1.75
8,2,69,0.807624995708,3.5
8,2,29,4.3740105629,4.75
8,2,32,4.24119949341,4.0
8,2,71,0.382474809885,2.0
8,2,31,1.77499890327,2.75
8,2,34,1.38430941105,3.5
8,2,73,-0.0450187288225,3.5
8,2,36,4.40220212936,3.75
8,2,75,0.903159141541,4.0
8,2,38,4.16600513458,3.75
8,2,77,2.28263902664,4.75
8,2,5,2.11165070534,3.75
8,2,40,4.45010280609,2.0
8,2,79,3.68702912331,4.0
8,2,7,1.51584649086,1.5
8,2,42,4.34108686447,3.5
8,2,9,3.31016540527,2.0
8,2,44,3.86029911041,3.25
8,2,11,3.45601868629,3.0
8,2,46,3.8737282753,3.25
8,2,80,4.31549787521,3.25
8,2,15,3.50283074379,2.25
8,2,49,4.33191871643,4.0
8,2,84,3.48110127449,3.5
8,2,86,1.2225689888,3.25
8,2,88,2.16429138184,3.75
8,2,16,4.82384586334,4.0
8,2,55,2.17417860031,3.75
8,2,90,1.72422206402,1.5
8,2,97,4.55039405823,4.25
8,2,18,4.01696538925,3.5
8,2,57,4.0977678299,4.75
8,2,92,3.41823959351,2.0
8,2,99,2.38455104828,4.0
8,2,20,4.54946279526,3.75
8,2,59,3.67552661896,4.5
8,2,94,0.889588117599,3.0
8,2,101,1.74254989624,2.75
8,2,22,4.59375,2.25
8,2,61,3.76428723335,4.0
8,2,64,2.41276216507,4.75
8,2,24,2.00814390182,3.0
8,2,63,3.02644348145,5.25
8,2,26,-0.623681366444,4.0
8,2,33,-0.0450553260744,2.25
8,2,68,2.49440264702,2.75
8,2,28,-2.11501145363,2.5
8,2,35,3.99864244461,3.5
8,2,70,3.94125771523,4.0
8,2,30,3.61224889755,4.25
8,2,37,4.58479261398,2.25
8,2,72,0.91433429718,3.5
8,2,39,4.43682765961,2.0
8,2,74,2.37164068222,3.75
8,2,41,2.42140078545,4.0
8,2,76,4.14455699921,3.25
8,2,4,1.75111055374,3.25
8,2,43,0.87064987421,2.75
8,2,78,1.4112765789,3.25
8,2,6,-1.74689638615,1.75
8,2,45,4.4409995079,2.25
8,2,8,3.98790121078,4.25
8,2,47,0.949752032757,2.75
8,2,10,1.10143470764,1.75
8,2,83,0.0708625465631,2.75
8,2,85,1.83533036709,4.5
8,2,48,2.65303611755,4.0
8,2,87,3.85284876823,2.0
8,2,50,4.46352863312,3.0
8,2,89,4.45065784454,2.25
9,1,81,4.02897500992,2.25
9,1,27,4.27505636215,3.75
9,1,83,4.07598352432,4.25
9,1,29,3.3681037426,2.5
9,1,32,4.18418121338,2.75
9,1,85,4.55498600006,4.75
9,1,31,3.99008703232,3.5
9,1,34,3.91965222359,3.25
9,1,87,4.01667547226,3.25
9,1,36,3.3091802597,3.5
9,1,89,4.31585836411,2.75
9,1,3,4.41405391693,4.75
9,1,38,3.67606854439,3.5
9,1,91,3.84700751305,3.75
9,1,5,4.56455564499,5.75
9,1,40,4.30791950226,2.25
9,1,93,3.97760462761,3.25
9,1,96,4.00796508789,4.25
9,1,7,4.47051286697,4.25
9,1,42,3.99547672272,4.0
9,1,95,3.98051714897,4.25
9,1,98,3.73139715195,2.25
9,1,65,3.55285859108,2.0
9,1,100,3.94328904152,4.25
9,1,67,3.78214645386,4.25
9,1,102,3.51370501518,3.75
9,1,69,3.65774822235,5.5
9,1,104,4.01695728302,3.0
9,1,106,3.69831347466,4.0
9,1,73,4.28765106201,3.25
9,1,51,4.38077497482,3.5
9,1,75,4.25310516357,2.5
9,1,110,4.03025150299,4.25
9,1,53,3.69153022766,3.0
9,1,77,3.98644542694,3.25
9,1,16,3.50442242622,1.5
9,1,55,3.18261671066,3.5
9,1,79,4.04888057709,4.0
9,1,18,4.30438899994,3.5
9,1,20,3.56329298019,4.0
9,1,59,4.12086057663,2.75
9,1,22,4.05484580994,3.0
9,1,61,3.37098240852,3.5
9,1,24,4.11648416519,3.5
9,1,63,1.71600914001,3.25
9,1,80,3.69830965996,3.25
9,1,26,3.93549871445,4.5
9,1,33,3.8933904171,3.75
9,1,82,4.1422791481,4.0
9,1,28,3.57832717896,2.75
9,1,35,4.17266654968,3.5
9,1,84,4.36264276505,3.0
9,1,30,4.37409496307,3.0
9,1,37,4.4078669548,4.5
9,1,86,3.16076397896,4.0
9,1,39,3.99602627754,2.75
9,1,88,2.20678663254,3.25
9,1,2,3.70811891556,5.25
9,1,41,3.93709278107,3.0
9,1,90,3.90666770935,2.75
9,1,97,4.02335357666,3.5
9,1,4,4.20991516113,5.0
9,1,92,3.17132282257,4.0
9,1,99,3.6536564827,3.0
9,1,6,4.23320770264,3.5
9,1,94,3.61368942261,3.0
9,1,101,4.38471889496,2.25
9,1,8,4.03866672516,4.5
9,1,64,4.24128627777,4.25
9,1,103,3.81546616554,2.25
9,1,66,4.38492059708,4.75
9,1,105,4.45274114609,3.75
9,1,12,3.9146361351,4.75
9,1,68,3.77853798866,3.5
9,1,107,4.11958503723,4.25
9,1,72,3.63178467751,3.75
9,1,111,3.72572541237,3.0
9,1,50,3.24259972572,3.5
9,1,74,3.53925824165,3.0
9,1,17,4.36291265488,4.25
9,1,52,3.37211298943,2.75
9,1,76,4.15816926956,4.0
9,1,19,3.57549071312,3.25
9,1,54,3.72013020515,2.75
9,1,78,3.84194517136,3.5
9,1,21,4.0781416893,4.5
9,1,56,3.11948680878,3.75
9,1,23,4.38030719757,4.5
9,1,25,3.86197686195,3.5
9,1,60,3.61718869209,4.0
9,2,98,3.69672846794,4.5
9,2,71,4.54898405075,5.25
9,2,100,4.61323738098,5.75
9,2,46,3.69826769829,4.75
9,2,102,4.21430635452,3.75
9,2,75,4.33045911789,3.75
9,2,16,3.84259963036,2.75
9,2,104,4.06961297989,3.25
9,2,77,3.88492393494,4.25
9,2,18,4.0344414711,4.25
9,2,106,4.07768249512,5.25
9,2,79,4.51478481293,5.25
9,2,20,3.5444316864,3.0
9,2,108,4.08387231827,4.25
9,2,49,4.08919715881,5.25
9,2,22,4.2221865654,3.0
9,2,110,4.16742515564,3.25
9,2,51,4.47077560425,5.0
9,2,24,3.3048620224,1.75
9,2,80,3.64181566238,4.75
9,2,53,3.09616470337,3.75
9,2,26,2.8981461525,3.25
9,2,82,4.2268705368,3.0
9,2,55,3.29604840279,3.25
9,2,28,3.97999763489,4.75
9,2,84,4.13738441467,3.75
9,2,30,2.48039984703,2.75
9,2,113,4.19872903824,5.75
9,2,86,4.3204627037,4.0
9,2,88,4.17667579651,4.5
9,2,2,3.48872995377,4.0
9,2,90,3.67990875244,3.25
9,2,63,4.17542123795,5.0
9,2,4,3.59111070633,5.25
9,2,92,3.87515234947,4.25
9,2,33,4.4454908371,3.0
9,2,6,4.19848394394,5.75
9,2,94,3.54361319542,4.0
9,2,35,0.808370232582,2.5
9,2,8,3.93050456047,4.5
9,2,64,2.83603024483,4.5
9,2,37,4.40436697006,3.75
9,2,10,4.01544189453,4.75
9,2,66,4.6295876503,5.5
9,2,39,3.60058784485,4.0
9,2,12,4.28783130646,5.5
9,2,68,3.96298527718,3.25
9,2,41,4.37754011154,4.5
9,2,97,3.59521722794,3.75
9,2,70,4.38991880417,4.75
9,2,99,4.00099992752,4.5
9,2,45,4.20060539246,3.0
9,2,101,4.3715929985,3.75
9,2,74,4.30966663361,5.25
9,2,47,4.0276517868,5.0
9,2,103,4.20618438721,3.0
9,2,76,4.53046512604,3.25
9,2,17,4.08106660843,4.0
9,2,105,4.21003246307,4.5
9,2,78,4.16457509995,5.5
9,2,19,3.89528036118,3.25
9,2,107,4.13438558578,3.75
9,2,48,4.4790019989,5.0
9,2,21,3.32430887222,3.75
9,2,109,4.03796672821,2.25
9,2,50,4.30496931076,4.0
9,2,23,3.18936371803,2.75
9,2,111,3.03340435028,4.0
9,2,52,-1.76679027081,2.75
9,2,25,4.45016765594,5.75
9,2,81,4.27754211426,4.75
9,2,54,4.11841440201,5.5
9,2,27,1.5435655117,3.25
9,2,83,4.13815879822,4.0
9,2,56,3.79868507385,5.0
9,2,29,4.28615665436,3.0
9,2,112,4.1479883194,4.5
9,2,85,3.88547873497,4.75
9,2,31,1.09014868736,2.75
9,2,87,3.80430674553,3.25
9,2,89,4.32496023178,2.75
9,2,62,3.86073327065,4.0
9,2,3,3.97943806648,4.5
9,2,91,4.36493444443,4.25
9,2,32,2.68369722366,2.25
9,2,5,4.15740394592,5.5
9,2,93,4.13187170029,4.5
9,2,34,3.39149665833,2.5
9,2,7,1.39665174484,5.25
9,2,95,4.12665367126,5.0
9,2,36,4.32513189316,4.75
9,2,9,3.86474323273,5.75
9,2,65,4.38971853256,4.75
9,2,38,3.41569471359,2.0
9,2,11,4.31169080734,4.5
9,2,67,4.48636293411,4.25
9,2,40,4.55864667892,3.25
9,2,13,3.49389386177,3.75
9,2,96,3.47270798683,3.0
9,2,69,4.17998313904,3.25
9,2,42,3.49921035767,3.25
10,1,63,4.1383099556,4.25
10,1,24,4.72037410736,4.75
10,1,80,4.47953414917,5.0
10,1,61,4.87136936188,4.0
10,1,6,4.52540969849,5.0
10,1,94,4.35088205338,5.0
10,1,4,4.58733654022,5.5
10,1,92,4.54463911057,5.0
10,1,57,4.38651752472,1.5
10,1,90,4.59300994873,3.75
10,1,39,3.88535428047,4.0
10,1,88,4.76027774811,5.5
10,1,37,4.80410432816,6.0
10,1,14,4.66190004349,3.75
10,1,35,3.53982901573,2.0
10,1,12,4.80139112473,4.5
10,1,68,4.69137239456,3.75
10,1,33,4.12069654465,4.5
10,1,10,4.63819265366,5.0
10,1,66,4.60796976089,6.0
10,1,47,4.42987918854,5.25
10,1,8,4.75875663757,6.25
10,1,103,4.15869045258,3.75
10,1,64,3.91840291023,5.0
10,1,45,4.59218645096,2.875
10,1,101,4.4361948967,5.5
10,1,78,4.54551362991,5.5
10,1,43,4.91345596313,4.5
10,1,99,4.73593902588,5.25
10,1,76,4.64906787872,4.75
10,1,41,4.02183675766,3.25
10,1,97,4.21409511566,3.75
10,1,74,4.4481844902,4.75
10,1,72,4.67925405502,3.0
10,1,21,4.5754327774,5.25
10,1,54,2.32478737831,3.5
10,1,107,4.61893177032,5.0
10,1,52,4.67026376724,5.0
10,1,105,4.53344917297,4.0
10,1,50,4.60749530792,5.25
10,1,31,4.45518922806,4.75
10,1,87,4.84189081192,4.75
10,1,48,4.8687081337,5.0
10,1,29,4.86287355423,4.5
10,1,85,4.38694763184,4.75
10,1,62,4.31958389282,3.75
10,1,27,4.75898218155,4.25
10,1,83,4.55181264877,3.0
10,1,25,4.82287359238,4.5
10,1,81,3.97136664391,4.25
10,1,7,4.77825021744,5.5
10,1,95,4.66241645813,4.75
10,1,56,4.37656974792,4.5
10,1,5,4.04700279236,5.0
10,1,93,4.51457357407,4.0
10,1,38,4.18411779404,3.75
10,1,91,4.70193433762,4.5
10,1,36,4.82070732117,4.75
10,1,89,4.82737207413,5.25
10,1,34,3.84619045258,4.0
10,1,32,4.61584615707,3.75
10,1,13,4.72778844833,4.25
10,1,69,4.45414304733,4.5
10,1,46,4.82624101639,5.0
10,1,11,4.01934623718,4.0
10,1,102,4.09217786789,5.0
10,1,67,4.42810487747,5.25
10,1,44,4.7596077919,4.5
10,1,9,4.44059753418,5.5
10,1,100,4.35737705231,4.0
10,1,65,4.1711268425,5.75
10,1,42,4.91324090958,5.25
10,1,98,4.47134256363,4.5
10,1,79,4.13943195343,4.5
10,1,40,4.59837675095,4.5
10,1,96,4.86574554443,4.5
10,1,77,4.74837779999,4.5
10,1,22,4.59445905685,4.5
10,1,75,4.64794111252,4.5
10,1,20,4.74753665924,5.0
10,1,108,3.91885924339,5.0
10,1,73,4.65493535995,4.25
10,1,106,4.22037553787,2.0
10,1,55,4.77433252335,5.25
10,1,104,4.70825862885,4.5
10,1,53,4.70539951324,5.25
10,1,30,4.91594791412,5.5
10,1,86,4.62467384338,4.0
10,1,51,3.75192189217,5.5
10,1,28,4.69751119614,4.75
10,1,84,4.4170293808,2.75
10,1,49,3.70821142197,4.0
10,1,26,4.11724901199,2.375
10,1,82,4.42748785019,4.5
10,2,65,3.0265917778,5.0
10,2,26,4.51685094833,3.5
10,2,83,3.22198796272,4.25
10,2,15,4.6381149292,5.75
10,2,25,4.3008441925,4.25
10,2,82,3.33432793617,5.25
10,2,14,4.88689613342,5.25
10,2,71,4.09715080261,4.0
10,2,24,4.45824289322,3.5
10,2,81,4.17211008072,5.25
10,2,35,0.971024096012,2.75
10,2,13,4.60154390335,5.25
10,2,70,4.48884344101,4.66667
10,2,31,4.14818334579,3.25
10,2,80,4.25200605392,4.5
10,2,34,4.73078250885,5.0
10,2,12,4.71593618393,4.25
10,2,69,3.97281885147,5.25
10,2,30,4.39479064941,5.75
10,2,87,4.5566778183,5.5
10,2,33,4.21791887283,4.75
10,2,51,4.62582540512,5.5
10,2,68,4.47066402435,4.75
10,2,29,3.69554257393,5.0
10,2,86,4.30082798004,4.5
10,2,32,2.56837797165,1.75
10,2,50,3.80029940605,4.0
10,2,75,4.46659898758,4.5
10,2,28,4.1128487587,4.5
10,2,85,4.52672672272,5.25
10,2,39,4.81754779816,5.25
10,2,74,4.37997722626,4.75
10,2,3,4.73739767075,3.75
10,2,84,4.23296451569,4.0
10,2,38,4.30780696869,4.75
10,2,73,3.53397274017,5.5
10,2,91,4.35934495926,4.25
10,2,37,4.63158845901,5.0
10,2,55,4.81592988968,3.75
10,2,72,3.45003604889,6.25
10,2,90,4.65263032913,4.25
10,2,19,4.2952504158,4.5
10,2,36,3.82477688789,3.75
10,2,54,4.43747472763,5.5
10,2,79,3.74894762039,5.5
10,2,89,4.46595287323,4.0
10,2,43,4.31058979034,5.75
10,2,53,4.75801849365,6.75
10,2,78,4.45288133621,5.25
10,2,7,4.61532449722,5.25
10,2,88,4.5639538765,5.5
10,2,42,4.76517677307,5.5
10,2,52,4.39171552658,5.5
10,2,77,3.67371320724,3.5
10,2,6,4.71633338928,5.25
10,2,95,4.40829896927,2.0
10,2,41,4.17672395706,5.25
10,2,76,4.01246643066,4.5
10,2,5,4.29612159729,5.5
10,2,94,3.85748577118,3.25
10,2,23,4.35789346695,5.0
10,2,40,3.95269060135,4.5
10,2,97,3.21564722061,5.75
10,2,58,4.59042406082,5.5
10,2,4,4.6654047966,6.25
10,2,93,2.89020466805,3.25
10,2,22,4.41751050949,5.5
10,2,47,3.46358656883,5.25
10,2,96,4.50882148743,4.75
10,2,11,4.63906478882,4.5
10,2,92,3.45993566513,4.75
10,2,21,3.58719968796,5.5
10,2,46,3.64184856415,4.25
10,2,56,4.52287912369,5.25
10,2,10,4.19099473953,5.25
10,2,67,4.15462398529,4.33333
10,2,20,4.52000284195,2.75
10,2,45,3.89389705658,3.5
10,2,9,4.11449384689,3.25
10,2,66,2.10090231895,3.0
10,2,27,4.01338148117,5.0
10,2,44,4.32519435883,5.0
10,2,8,4.74399137497,5.75
11,1,5,4.50019216537,4.5
11,1,94,4.12475681305,5.75
11,1,23,4.68057155609,5.75
11,1,32,4.52273464203,4.25
11,1,50,3.05444669724,3.0
11,1,75,3.17286658287,3.5
11,1,4,4.65207052231,5.75
11,1,93,4.33402776718,4.25
11,1,22,4.27408695221,6.25
11,1,47,3.79190468788,4.0
11,1,49,3.01993489265,4.5
11,1,74,4.15451860428,5.0
11,1,92,4.34747982025,4.25
11,1,21,4.34131479263,4.25
11,1,46,1.79822587967,1.75
11,1,48,1.99255752563,2.25
11,1,73,4.76295566559,5.25
11,1,91,4.36219882965,5.5
11,1,20,4.45155620575,5.5
11,1,63,4.32249879837,6.25
11,1,72,4.39768409729,4.75
11,1,90,4.36920309067,4.25
11,1,19,4.41766738892,6.25
11,1,62,4.43841075897,5.0
11,1,89,4.68143987656,5.0
11,1,15,4.43451166153,3.5
11,1,88,4.38246250153,3.75
11,1,99,4.07787656784,6.25
11,1,14,4.34380054474,4.25
11,1,71,3.72922515869,4.75
11,1,98,4.0368180275,4.5
11,1,13,4.43843269348,5.25
11,1,70,3.3664431572,5.0
11,1,31,4.63245725632,5.5
11,1,97,4.11351728439,3.75
11,1,12,4.49499988556,5.5
11,1,69,4.27891683578,4.0
11,1,30,4.5103187561,4.25
11,1,87,3.91666769981,2.75
11,1,96,3.82990598679,4.75
11,1,57,1.00895047188,2.5
11,1,11,4.24336147308,4.5
11,1,68,4.19700813293,4.25
11,1,29,4.49594736099,5.5
11,1,56,0.335342168808,2.25
11,1,10,4.03366994858,4.66667
11,1,67,3.00996232033,6.25
11,1,28,4.34210777283,4.5
11,1,39,3.44029808044,5.0
11,1,9,4.16958522797,4.0
11,1,66,4.09915494919,3.25
11,1,27,4.31159830093,4.5
11,1,84,4.2362575531,3.5
11,1,38,4.65714645386,4.5
11,1,8,4.47879219055,4.25
11,1,65,4.31441879272,4.25
11,1,26,4.44997549057,4.0
11,1,83,4.05938529968,3.5
11,1,37,4.53198671341,3.75
11,1,55,2.78689861298,4.0
11,1,64,4.33319187164,5.0
11,1,25,4.54271793365,5.0
11,1,82,4.34244918823,4.5
11,1,36,4.41311264038,5.0
11,1,54,3.61402010918,2.5
11,1,79,3.85903978348,4.5
11,1,24,4.46124410629,3.25
11,1,81,4.25811481476,4.5
11,1,35,4.66340065002,4.5
11,1,53,3.89626526833,5.25
11,1,78,4.22891807556,5.0
11,1,7,4.36076974869,4.25
11,1,80,4.11022138596,6.0
11,1,34,4.79069519043,4.5
11,1,52,4.51589584351,4.25
11,1,77,4.60502004623,6.0
11,1,6,4.28355407715,5.0
11,1,95,4.24754476547,4.25
11,1,33,4.65610456467,5.0
11,1,51,4.38207387924,4.75
11,1,76,4.47613048553,4.0
11,2,84,4.37365627289,4.75
11,2,28,4.27569293976,4.5
11,2,74,4.10422849655,4.25
11,2,18,4.54436826706,4.0
11,2,72,4.37288331985,4.25
11,2,63,3.1552708149,2.75
11,2,78,4.40099620819,5.5
11,2,61,2.86911559105,3.25
11,2,22,4.46586275101,3.75
11,2,76,4.66576242447,5.5
11,2,51,4.48571491241,4.5
11,2,20,4.21213197708,4.75
11,2,105,4.57380962372,4.5
11,2,66,1.56201052666,1.75
11,2,49,4.41487121582,2.75
11,2,10,4.29513406754,4.75
11,2,111,4.42427396774,4.5
11,2,64,4.49078655243,4.25
11,2,55,4.40092039108,4.5
11,2,8,4.5483045578,5.0
11,2,109,4.43777036667,4.75
11,2,53,4.37591695786,4.5
11,2,99,4.07625102997,5.5
11,2,68,4.40236759186,4.0
11,2,43,4.43657636642,5.25
11,2,12,4.38145160675,2.25
11,2,97,4.21199512482,3.75
11,2,41,4.27249622345,4.75
11,2,103,4.55355262756,5.25
11,2,47,4.42713499069,4.0
11,2,101,4.2171163559,4.75
11,2,45,4.48280525208,4.25
11,2,6,4.59042549133,5.5
11,2,91,3.97813725471,4.5
11,2,35,4.17860174179,3.75
11,2,4,4.04727268219,4.0
11,2,89,4.69415378571,4.75
11,2,33,4.51622676849,4.25
11,2,95,4.49180746078,4.0
11,2,39,4.19175338745,4.5
11,2,93,4.36346673965,5.0
11,2,37,4.30589389801,5.0
11,2,83,4.42691421509,4.0
11,2,27,4.30980825424,5.5
11,2,81,3.19278383255,3.0
11,2,25,4.50677919388,5.0
11,2,87,4.23967170715,4.25
11,2,31,4.27469158173,5.0
11,2,85,4.30392217636,5.0
11,2,56,4.50116920471,4.75
11,2,29,4.39153718948,4.75
11,2,75,3.81084132195,2.5
11,2,62,1.58436584473,1.75
11,2,19,4.39564180374,5.25
11,2,73,4.01463222504,4.25
11,2,60,3.97174310684,2.5
11,2,17,4.15362215042,3.75
11,2,106,4.32449579239,3.0
11,2,79,4.34951448441,4.25
11,2,50,4.53120326996,4.25
11,2,23,4.62571763992,5.75
11,2,104,4.47393417358,6.0
11,2,77,4.62196540833,4.5
11,2,48,4.45235300064,6.5
11,2,21,4.61760234833,6.25
11,2,110,4.41490221024,4.75
11,2,67,4.43122529984,4.75
11,2,54,4.16906833649,3.75
11,2,11,3.8034734726,2.5
11,2,65,4.16488981247,2.5
11,2,52,4.53540420532,5.0
11,2,9,4.46444940567,3.5
11,2,98,4.32117605209,5.0
11,2,42,4.412088871,4.75
11,2,96,4.58200645447,5.0
11,2,69,4.37404346466,3.25
11,2,40,4.38117170334,4.25
11,2,102,4.21503734589,3.75
11,2,46,4.39938020706,4.25
11,2,3,4.16586208344,5.0
11,2,100,4.23813390732,4.5
11,2,44,4.46263408661,5.5
11,2,90,4.19349050522,3.25
11,2,34,4.60808134079,6.5
11,2,7,3.69535827637,0.75
11,2,88,4.09813261032,5.0
11,2,32,4.49014806747,5.25
11,2,5,4.21739625931,2.25
11,2,94,4.43791675568,4.25
11,2,38,4.37090015411,4.25
11,2,92,4.11017942429,5.5
11,2,36,4.75870132446,4.25
11,2,82,4.38889360428,4.75
11,2,26,4.70671224594,3.5
11,2,80,3.33883571625,3.75
11,2,24,4.59559631348,5.0
11,2,86,4.56915235519,5.75
11,2,30,4.52882146835,4.0
12,1,60,3.6296582222,3.75
12,1,25,4.55293226242,5.75
12,1,83,4.6823554039,5.5
12,1,62,1.65013885498,2.5
12,1,27,4.3187994957,4.5
12,1,77,4.40831851959,4.75
12,1,21,4.81664419174,4.5
12,1,79,4.30378389359,4.25
12,1,23,4.12913608551,3.5
12,1,108,3.74257493019,3.25
12,1,73,4.61049556732,4.25
12,1,17,4.88292217255,5.0
12,1,110,4.60604953766,5.0
12,1,75,4.62332105637,5.25
12,1,54,4.61109495163,4.75
12,1,19,4.53508710861,3.75
12,1,104,3.14115715027,2.5
12,1,69,4.65498018265,3.75
12,1,48,4.77925634384,4.5
12,1,106,1.92921233177,1.25
12,1,100,2.36613154411,2.75
12,1,65,3.41458368301,4.5
12,1,44,4.73827219009,5.5
12,1,9,4.81634950638,4.75
12,1,102,3.97455477715,4.5
12,1,67,2.66543102264,2.75
12,1,46,4.6084227562,3.5
12,1,11,4.7988653183,5.0
12,1,96,4.38398313522,3.25
12,1,40,3.87407517433,4.25
12,1,5,4.76723814011,6.0
12,1,98,4.58113336563,3.75
12,1,42,4.60049438477,4.25
12,1,7,4.80235242844,6.25
12,1,92,4.26393222809,3.25
12,1,36,4.13745117188,5.0
12,1,38,4.6440653801,5.5
12,1,3,4.81230449677,6.0
12,1,88,4.57672977448,4.5
12,1,32,4.28572273254,5.25
12,1,90,3.82046222687,4.0
12,1,34,4.45901966095,5.5
12,1,84,4.81118631363,4.5
12,1,28,4.24486446381,5.0
12,1,86,3.69590544701,3.0
12,1,30,4.11061429977,4.0
12,1,80,3.97800540924,4.0
12,1,24,4.33917427063,5.25
12,1,82,4.20856571198,4.0
12,1,61,4.29127025604,4.0
12,1,26,4.64782953262,5.0
12,1,76,4.55628871918,4.0
12,1,63,0.112640209496,3.0
12,1,20,4.81939601898,4.75
12,1,78,4.66078567505,6.0
12,1,22,4.35308790207,4.5
12,1,72,4.40096187592,3.25
12,1,16,4.36102294922,5.25
12,1,109,4.19882249832,3.5
12,1,74,4.54695081711,5.0
12,1,53,4.53499555588,4.5
12,1,18,4.43799829483,4.25
12,1,111,4.0705370903,2.75
12,1,68,4.42663812637,4.25
12,1,55,4.75342750549,5.0
12,1,12,4.65338993073,5.75
12,1,105,2.75890541077,3.25
12,1,49,4.10490512848,4.75
12,1,107,4.07538223267,4.5
12,1,64,4.45698595047,4.0
12,1,8,4.86479282379,5.25
12,1,101,2.9366774559,3.25
12,1,66,3.49513816833,3.0
12,1,45,4.56740188599,5.0
12,1,10,4.79740953445,5.25
12,1,103,4.51890659332,4.5
12,1,47,4.30878400803,5.5
12,1,4,4.75940084457,6.25
12,1,97,4.14969015121,4.25
12,1,41,4.31504917145,3.75
12,1,6,4.78342103958,5.0
12,1,99,2.97462892532,1.75
12,1,43,4.70076847076,4.75
12,1,93,3.10928559303,3.75
12,1,37,4.60336399078,4.5
12,1,2,4.8326177597,6.5
12,1,39,4.40475893021,5.75
12,1,89,4.0069527626,3.5
12,1,33,4.04133558273,4.25
12,1,91,4.65748405457,4.5
12,1,35,4.40262365341,4.0
12,1,85,4.83992004395,4.75
12,1,29,0.904668569565,2.75
12,1,87,4.16379117966,5.0
12,1,31,4.71000099182,5.0
12,1,81,2.93765616417,4.0
12,2,14,4.50267553329,4.25
12,2,37,4.64287185669,3.5
12,2,64,1.81495320797,1.5
12,2,8,4.36023283005,4.0
12,2,39,1.27699244022,2.0
12,2,66,2.22190976143,1.0
12,2,10,4.85852718353,4.25
12,2,33,4.73340940475,3.75
12,2,4,4.3950176239,4.0
12,2,35,4.71819257736,3.0
12,2,6,4.68376970291,3.5
12,2,93,4.43096065521,5.0
12,2,95,3.81927514076,4.75
12,2,89,3.60994434357,3.75
12,2,116,3.70914030075,3.0
12,2,91,4.14027929306,4.5
12,2,62,2.8190612793,1.75
12,2,85,4.21321964264,4.75
12,2,112,4.72989797592,3.75
12,2,29,4.34092617035,3.0
12,2,56,4.73161268234,5.0
12,2,87,4.13908672333,4.75
12,2,114,3.86632013321,3.5
12,2,31,4.47263669968,4.75
12,2,58,4.68730449677,3.75
12,2,81,4.67346572876,5.5
12,2,108,2.61471843719,2.0
12,2,25,4.77822732925,4.75
12,2,52,4.78550338745,4.75
12,2,83,2.98742628098,3.75
12,2,110,4.05712604523,2.25
12,2,27,4.57432985306,4.5
12,2,54,4.73442220688,4.5
12,2,77,4.32900047302,5.0
12,2,104,3.00919795036,2.0
12,2,21,3.90468358994,3.75
12,2,48,4.75399589539,4.5
12,2,79,4.19562625885,3.75
12,2,106,3.86735582352,3.5
12,2,23,4.55466604233,5.25
12,2,50,4.85027456284,4.75
12,2,73,0.265313208103,2.0
12,2,100,3.25747466087,2.5
12,2,44,4.44455528259,3.75
12,2,102,3.23555374146,1.75
12,2,19,4.64414978027,4.5
12,2,46,4.6823592186,4.25
12,2,69,1.89641726017,2.25
12,2,96,4.53473043442,4.75
12,2,13,4.69599342346,3.5
12,2,40,4.81859302521,3.5
12,2,71,3.39586114883,1.5
12,2,98,4.08084154129,2.75
12,2,42,4.63023805618,3.5
12,2,65,1.75176143646,2.25
12,2,9,3.31171107292,4.0
12,2,36,3.93222308159,5.75
12,2,67,3.46392822266,3.0
12,2,11,4.39476156235,5.0
12,2,5,4.291036129,5.25
12,2,32,4.35931634903,3.25
12,2,7,4.28742027283,5.0
12,2,34,4.65780544281,4.25
12,2,92,4.18202352524,3.5
12,2,3,3.01843118668,3.75
12,2,94,3.67841434479,2.5
12,2,88,3.90528893471,5.0
12,2,90,4.35068035126,3.25
12,2,113,4.44860935211,3.25
12,2,57,5.06795454025,4.75
12,2,84,3.30143666267,4.25
12,2,115,3.76975011826,2.75
12,2,28,4.30746936798,4.75
12,2,59,4.87931060791,5.0
12,2,86,4.00590896606,4.0
12,2,109,3.80843377113,3.25
12,2,30,4.62651586533,4.5
12,2,53,4.90271902084,3.75
12,2,80,4.34450531006,5.25
12,2,111,4.46445322037,4.0
12,2,24,4.70011425018,4.25
12,2,55,4.76606225967,4.5
12,2,82,2.87792229652,2.5
12,2,105,4.38145017624,4.0
12,2,26,4.60890722275,2.75
12,2,49,4.66483163834,5.25
12,2,107,3.69736003876,2.25
12,2,20,4.77765274048,4.0
12,2,51,3.7679708004,3.0
12,2,78,4.26225614548,4.0
12,2,101,4.17978906631,3.0
12,2,22,4.85763502121,5.0
12,2,45,4.76939868927,4.0
12,2,103,4.08059597015,2.5
12,2,47,4.7770857811,4.75
12,2,97,3.59207367897,1.5
12,2,41,4.6248049736,5.25
12,2,68,1.42672002316,2.0
12,2,99,4.05679178238,3.25
12,2,12,4.69012022018,5.25
12,2,43,4.92493247986,4.5
12,2,70,-0.699935019016,1.25
16,2,107,4.7459321022,3.25
16,2,78,4.33616256714,4.25
16,2,37,4.07191944122,4.5
16,2,109,1.9856505394,4.5
16,2,39,4.94176912308,2.25
16,2,111,3.9902985096,3.5
16,2,66,4.91369962692,5.75
16,2,25,4.28462362289,3.0
16,2,97,4.83909463882,2.75
16,2,68,4.14237308502,1.25
16,2,27,4.94260597229,4.25
16,2,99,4.32794809341,3.25
16,2,70,-0.32687446475,1.75
16,2,29,5.00990247726,2.0
16,2,101,5.04899168015,5.0
16,2,56,4.31739854813,4.75
16,2,31,3.82299780846,2.0
16,2,103,4.05838537216,3.25
16,2,58,4.38096141815,2.25
16,2,89,4.07491016388,1.75
16,2,60,4.93099927902,3.0
16,2,91,3.80516386032,3.25
16,2,21,4.5977268219,3.75
16,2,93,4.8621544838,4.0
16,2,48,4.9248342514,3.25
16,2,23,4.81318664551,2.5
16,2,95,4.88066482544,3.5
16,2,50,2.87183737755,2.25
16,2,9,4.92062330246,3.5
16,2,81,2.674523592,2.5
16,2,52,3.03935647011,2.25
16,2,11,4.8238158226,4.5
16,2,83,3.33888697624,4.5
16,2,54,4.45252132416,1.25
16,2,13,4.6186747551,4.5
16,2,85,2.30481672287,3.5
16,2,40,4.33830356598,2.0
16,2,15,4.25865221024,4.25
16,2,112,2.08931899071,1.5
16,2,87,2.9845688343,3.5
16,2,42,1.09875118732,2.5
16,2,114,4.71332263947,3.5
16,2,73,4.28431415558,4.0
16,2,44,4.75152635574,2.75
16,2,116,3.92149925232,4.0
16,2,46,4.12497520447,2.5
16,2,5,3.8418867588,4.0
16,2,77,4.14099693298,5.5
16,2,32,4.90282678604,2.75
16,2,7,4.65486574173,5.0
16,2,104,4.71742343903,1.75
16,2,79,4.15287780762,5.0
16,2,34,4.34791707993,2.25
16,2,106,4.13004827499,2.75
16,2,65,4.95020532608,5.0
16,2,36,4.41124200821,3.75
16,2,108,3.11732172966,2.75
16,2,67,2.65496921539,3.5
16,2,38,4.40674829483,4.0
16,2,110,3.30089092255,2.25
16,2,69,4.46003580093,1.75
16,2,24,5.0486536026,3.5
16,2,96,2.61644172668,3.5
16,2,71,4.74581289291,4.0
16,2,26,4.74656057358,3.25
16,2,98,4.84841299057,4.5
16,2,57,3.69349360466,3.0
16,2,28,5.04749536514,3.25
16,2,100,3.84535574913,3.25
16,2,59,3.59496855736,3.0
16,2,30,4.30161476135,3.0
16,2,102,4.32004117966,1.75
16,2,61,4.73361206055,2.5
16,2,88,4.08243179321,3.75
16,2,90,1.7536252737,1.75
16,2,49,4.37170505524,2.75
16,2,92,4.72037696838,2.5
16,2,51,4.94364452362,3.5
16,2,22,3.75514054298,1.75
16,2,94,3.14265823364,4.0
16,2,53,4.25570058823,4.0
16,2,8,4.23588562012,3.25
16,2,80,4.31262111664,4.0
16,2,55,4.60946846008,4.0
16,2,10,5.00285243988,5.5
16,2,82,4.02209806442,2.25
16,2,41,4.13720035553,1.75
16,2,12,4.96238613129,5.5
16,2,113,2.17691040039,2.5
16,2,84,2.43287682533,3.75
16,2,43,2.92852210999,2.25
16,2,14,4.89138317108,4.0
16,2,115,4.50582170486,2.75
16,2,86,4.75292110443,4.5
16,2,45,4.2723031044,3.0
16,2,72,3.27916908264,2.25
16,2,47,4.47109460831,1.75
16,2,33,4.77089977264,1.5
16,2,105,4.56234025955,3.75
16,2,76,4.55277347565,3.0
16,2,35,4.24123191833,2.5
16,2,6,4.39826011658,4.5
17,1,87,5.15949487686,2.5
17,1,56,5.00510168076,3.25
17,1,31,-0.28677880764,4.0
17,1,73,5.03525590897,4.25
17,1,17,5.4010181427,3.0
17,1,75,-0.0848663374782,1.75
17,1,60,0.482644557953,3.0
17,1,19,5.31910657883,4.0
17,1,77,3.46351909637,3.5
17,1,62,-1.68650126457,1.75
17,1,21,4.51538515091,2.5
17,1,104,5.05367660522,3.25
17,1,79,5.32582616806,3.25
17,1,23,5.3113899231,2.5
17,1,106,5.23858308792,2.75
17,1,65,-3.48766446114,1.25
17,1,50,4.32373809814,3.75
17,1,9,-1.96014738083,1.5
17,1,108,4.13555908203,2.5
17,1,67,-3.25663137436,3.0
17,1,52,4.82028961182,2.75
17,1,11,-0.490143358707,1.5
17,1,110,4.01114606857,3.5
17,1,69,4.61165904999,2.5
17,1,54,4.11168575287,3.25
17,1,96,5.11864376068,1.5
17,1,40,4.93102502823,3.0
17,1,98,2.10295820236,3.5
17,1,42,3.31369161606,3.75
17,1,100,5.26012134552,2.75
17,1,44,5.0557718277,3.5
17,1,102,3.62714624405,3.75
17,1,46,4.6569814682,4.0
17,1,5,4.74927806854,2.75
17,1,88,4.97806882858,4.25
17,1,32,4.46500015259,4.5
17,1,7,4.96349573135,2.75
17,1,90,5.05926609039,5.5
17,1,34,0.671083748341,3.25
17,1,92,5.22225570679,5.25
17,1,36,4.84276151657,2.75
17,1,94,5.36927175522,3.5
17,1,38,4.86042928696,2.25
17,1,80,5.10645914078,4.25
17,1,24,5.21115589142,3.25
17,1,82,4.06244802475,5.0
17,1,26,4.87005138397,3.0
17,1,84,5.15493106842,4.25
17,1,28,5.41262292862,4.25
17,1,86,3.56839776039,4.0
17,1,59,-1.87029922009,2.5
17,1,30,3.11567592621,5.25
17,1,72,5.17727422714,5.25
17,1,61,4.81928539276,2.25
17,1,74,5.07142496109,3.25
17,1,63,4.73547792435,1.75
17,1,18,1.83884561062,2.75
17,1,105,4.84719657898,3.75
17,1,76,5.07786560059,4.5
17,1,20,3.35749697685,3.5
17,1,107,4.88979578018,3.25
17,1,78,4.26328516006,4.25
17,1,51,5.15792226791,3.0
17,1,22,4.89306354523,3.0
17,1,109,4.65094089508,2.5
17,1,64,4.65032482147,1.0
17,1,53,5.30826711655,2.75
17,1,8,4.56040382385,2.75
17,1,111,2.42350292206,2.0
17,1,66,4.75845336914,0.75
17,1,55,4.6672372818,2.5
17,1,10,-2.8380355835,1.5
17,1,97,5.16139745712,2.5
17,1,68,0.864748835564,3.75
17,1,41,2.86370611191,3.25
17,1,12,4.69086027145,2.25
17,1,99,5.03918743134,3.5
17,1,43,5.23432683945,4.25
17,1,14,4.36546325684,1.5
17,1,101,5.0395154953,3.0
17,1,45,3.01955795288,3.0
17,1,103,1.74525260925,3.0
17,1,89,3.09059882164,3.25
17,1,33,-1.87584888935,3.75
17,1,4,-2.95469284058,2.75
17,1,91,5.21824502945,3.5
17,1,35,4.99879741669,2.5
17,1,6,-1.88996613026,2.75
17,1,93,2.34682250023,3.5
17,1,37,5.27798509598,2.5
17,1,95,5.21010303497,5.25
17,1,39,2.17280602455,4.5
17,1,81,3.75085473061,4.5
17,1,25,4.65719604492,3.75
17,1,83,2.5150539875,3.5
17,1,27,4.74260044098,4.5
17,1,85,3.91166782379,4.75
17,1,29,5.18652820587,4.0
18,1,94,4.44299221039,2.5
18,1,20,4.45500040054,2.75
18,1,49,4.4992852211,1.5
18,1,92,4.73044967651,2.25
18,1,18,4.39244413376,2.75
18,1,47,4.38472938538,1.75
18,1,90,4.19616556168,2.5
18,1,16,3.50735616684,2.33333
18,1,45,4.43377304077,4.75
18,1,88,4.50670146942,2.75
18,1,43,4.27116537094,4.25
18,1,86,4.98736143112,2.5
18,1,12,4.44035625458,6.0
18,1,41,5.08479595184,4.0
18,1,84,4.52406549454,4.5
18,1,10,4.77677059174,1.75
18,1,39,4.86342287064,4.0
18,1,82,3.3258728981,3.25
18,1,111,4.31703519821,2.75
18,1,8,-0.537432491779,2.25
18,1,37,4.68319511414,2.75
18,1,80,3.14482784271,3.5
18,1,109,4.79136228561,3.0
18,1,6,4.76288509369,3.5
18,1,35,3.04471254349,2.25
18,1,78,2.18650627136,2.0
18,1,107,4.71148777008,3.0
18,1,4,4.57794141769,3.0
18,1,33,2.17679071426,1.0
18,1,76,-0.591457366943,2.0
18,1,105,4.61915206909,1.75
18,1,2,4.6378865242,4.25
18,1,74,0.934576749802,1.5
18,1,103,1.92970395088,2.0
18,1,101,4.26604557037,2.25
18,1,62,3.76307606697,1.5
18,1,99,2.5249376297,2.5
18,1,60,-0.194691687822,1.0
18,1,68,1.98894000053,2.5
18,1,97,4.92349386215,3.25
18,1,66,4.49450445175,1.75
18,1,31,4.7434797287,3.75
18,1,56,4.5524353981,3.25
18,1,64,4.32842302322,2.25
18,1,29,4.69738864899,3.75
18,1,54,4.29178333282,1.25
18,1,27,4.92355155945,3.75
18,1,25,5.09442663193,3.0
18,1,50,4.55906152725,2.25
18,1,23,5.00930547714,2.5
18,1,48,4.46269035339,1.75
18,1,95,4.68516588211,4.25
18,1,21,4.44159412384,2.5
18,1,46,4.53045606613,2.25
18,1,93,4.53517627716,2.0
18,1,19,-1.49294054508,2.75
18,1,44,4.97250556946,2.5
18,1,91,4.5885682106,2.5
18,1,17,4.70131921768,3.0
18,1,42,4.66833734512,2.5
18,1,89,3.9925031662,2.25
18,1,40,3.301217556,4.0
18,1,87,4.82080888748,3.25
18,1,112,4.75713968277,1.25
18,1,38,4.83364772797,3.5
18,1,85,3.63765239716,4.0
18,1,110,4.49038743973,1.75
18,1,11,4.07140016556,5.75
18,1,36,4.11138486862,2.25
18,1,83,3.31016659737,3.75
18,1,108,3.80216288567,2.5
18,1,9,0.845490038395,2.0
18,1,34,4.2303943634,2.25
18,1,81,4.2023563385,3.75
18,1,106,4.42684650421,1.25
18,1,7,4.61924123764,2.5
18,1,32,4.49534606934,1.25
18,1,79,2.15900373459,2.25
18,1,104,4.51546096802,3.25
18,1,5,4.59651136398,1.5
18,1,77,4.30390310287,1.0
18,1,102,4.50746250153,2.25
18,1,3,1.87611556053,2.25
18,1,75,-0.888721346855,1.0
18,1,100,3.80464148521,3.75
18,1,73,2.53324460983,2.0
18,1,98,3.97500538826,2.25
18,1,96,4.63692426682,2.5
18,1,61,4.65432500839,3.25
18,1,69,3.85953855515,1.0
18,1,30,4.73611831665,2.75
18,1,59,4.63332033157,1.66667
18,1,67,4.47825098038,1.0
18,1,28,4.63221883774,3.25
18,1,65,4.46055316925,1.0
18,1,26,4.897377491,2.75
18,1,55,3.69019579887,1.75
18,1,24,4.94971704483,3.25
18,1,53,4.69145774841,3.25
18,1,22,4.9298157692,3.75
18,1,51,3.76649355888,1.25
