3,1,1,3.36721253395,3.875
3,1,1,2.82096195221,3.875
3,1,2,2.87194275856,4.5
3,1,2,2.76729035378,4.5
3,1,3,3.06647014618,3.0
3,1,3,2.72023582458,3.0
3,1,4,2.49377727509,3.25
3,1,4,2.77242684364,3.25
3,1,5,2.35638809204,6.0
3,1,5,2.55198287964,6.0
3,1,6,2.47708725929,4.5
3,1,6,2.70585179329,4.5
3,1,7,2.68000411987,4.75
3,1,7,2.88226294518,4.75
3,1,8,2.76659560204,3.5
3,1,8,2.93207597733,3.5
3,1,10,2.63698244095,2.875
3,1,10,2.8787779808,2.875
3,1,14,2.70891523361,3.75
3,1,14,3.52028250694,3.75
3,1,15,2.85878396034,5.0
3,1,15,2.91690683365,5.0
3,1,16,2.75272393227,4.75
3,1,16,2.76912999153,4.75
3,1,17,2.57000041008,5.0
3,1,17,2.65103030205,5.0
3,1,18,2.43361186981,3.75
3,1,18,2.68422150612,3.75
3,1,20,2.44109225273,2.5
3,1,20,2.58184838295,2.5
3,1,21,2.62451148033,4.5
3,1,21,2.7898671627,4.5
3,1,22,2.81760382652,4.83333
3,1,22,2.86870265007,4.83333
3,1,24,2.75479316711,4.5
3,1,24,2.60780119896,4.5
3,1,25,2.91709280014,5.5
3,1,25,3.03801178932,5.5
3,1,26,2.78834104538,4.0
3,1,26,2.90203166008,4.0
3,1,27,2.83336448669,5.25
3,1,27,2.94479060173,5.25
3,1,28,2.53608989716,4.75
3,1,28,2.75827693939,4.75
3,1,29,2.75257396698,1.25
3,1,29,2.75430297852,1.25
3,1,30,2.38834857941,4.5
3,1,30,2.64870381355,4.5
3,1,33,2.49621963501,3.0
3,1,33,2.65206384659,3.0
3,1,34,2.55355429649,4.125
3,1,34,2.71070599556,4.125
3,1,35,2.60791158676,4.375
3,1,35,2.58620166779,4.375
3,1,40,2.77564692497,5.0
3,1,40,2.97300767899,5.0
3,1,43,2.55788993835,4.0
3,1,43,2.6858894825,4.0
3,1,44,2.59902119637,3.0
3,1,44,2.97828936577,3.0
3,1,45,2.5486664772,4.25
3,1,45,2.88225078583,4.25
3,1,46,2.39983654022,5.0
3,1,46,2.82700872421,5.0
3,1,47,2.63857269287,4.25
3,1,47,2.84785747528,4.25
3,1,48,2.5352499485,2.5
3,1,48,2.69754600525,2.5
3,1,49,2.51172447205,5.0
3,1,49,2.71185469627,5.0
3,1,50,2.51187872887,4.66667
3,1,50,2.87101578712,4.66667
3,1,51,2.51022458076,4.5
3,1,51,2.73661208153,4.5
3,1,52,2.61740779877,3.5
3,1,52,2.90121769905,3.5
3,1,55,2.9961168766,3.25
3,1,55,3.16465187073,3.25
3,1,56,2.77364397049,4.0
3,1,56,3.09260129929,4.0
3,1,57,2.59446263313,4.875
3,1,57,3.20381116867,4.875
3,1,58,2.67376875877,4.5
3,1,58,3.15435004234,4.5
3,1,59,2.73525118828,5.5
3,1,59,3.37087631226,5.5
3,1,60,2.5430867672,5.5
3,1,60,3.34214448929,5.5
3,1,61,2.7457549572,5.5
3,1,61,3.48034453392,5.5
3,1,62,2.8292593956,4.375
3,1,62,3.16073131561,4.375
3,1,63,2.64345979691,4.75
3,1,63,3.26512861252,4.75
3,1,64,2.45162892342,5.75
3,1,64,3.46088957787,5.75
3,1,65,2.52139139175,6.25
3,1,65,3.37912917137,6.25
3,1,66,3.02371168137,3.0
3,1,66,2.81783080101,3.0
3,1,70,2.59589672089,2.75
3,1,70,2.95932435989,2.75
3,1,71,2.60089206696,2.0
3,1,71,2.83282494545,2.0
3,1,73,2.55671977997,3.0
3,1,73,2.79316973686,3.0
3,1,74,2.65660429001,4.0
3,1,74,2.57240462303,4.0
3,1,75,2.74966192245,4.0
3,1,75,2.54098033905,4.0
3,1,78,2.65739893913,5.25
3,1,78,2.71392059326,5.25
3,1,79,2.78728103638,5.25
3,1,79,2.79917478561,5.25
3,1,80,2.710054636,2.75
3,1,80,2.8427233696,2.75
3,1,81,2.58789682388,2.75
3,1,81,2.81212544441,2.75
3,1,82,2.60978341103,3.0
3,1,82,2.98021173477,3.0
3,1,83,2.60793471336,4.5
3,1,83,2.76422977448,4.5
3,1,84,2.46517944336,3.75
3,1,84,2.7634780407,3.75
3,1,85,2.46972060204,2.0
3,1,85,2.71959662437,2.0
3,1,86,2.61840891838,4.25
3,1,86,2.80461382866,4.25
3,1,87,2.89710187912,4.25
3,1,87,2.80316376686,4.25
3,1,88,2.71035909653,4.0
3,1,88,2.65730428696,4.0
3,1,89,2.87186646461,4.25
3,1,89,2.63480091095,4.25
3,1,90,2.79826688766,3.75
3,1,90,2.75236034393,3.75
3,1,91,2.50953149796,4.0
3,1,91,2.7578394413,4.0
3,1,92,2.57086229324,3.5
3,1,92,2.60298919678,3.5
3,1,93,2.59215497971,3.25
3,1,93,2.5613591671,3.25
3,1,94,2.62955904007,3.25
3,1,94,2.64700460434,3.25
3,1,95,2.64132642746,3.75
3,1,95,2.72105932236,3.75
3,1,96,2.64866542816,3.875
3,1,96,2.82558917999,3.875
3,1,97,2.44281816483,1.25
3,1,97,2.98478102684,1.25
3,1,98,2.56758594513,1.75
3,1,98,2.98359894753,1.75
3,1,99,2.52447891235,1.5
3,1,99,2.65141510963,1.5
3,1,100,2.53588747978,2.375
3,1,100,2.57006311417,2.375
3,1,101,2.63819146156,4.375
3,1,101,2.81229543686,4.375
3,1,102,2.704621315,5.25
3,1,102,2.46418333054,5.25
3,1,103,2.64145469666,1.5
3,1,103,2.62299323082,1.5
3,1,104,2.42670464516,3.5
3,1,104,2.48914527893,3.5
3,1,105,2.49344944954,1.25
3,1,105,2.55679440498,1.25
3,1,106,2.5914311409,2.75
3,1,106,3.09390211105,1.875
3,2,2,3.51180005074,1.875
3,2,2,3.25117278099,3.25
3,2,5,3.63195180893,3.25
3,2,5,3.23479104042,5.25
3,2,6,3.49871492386,5.25
3,2,6,3.40604925156,6.0
3,2,7,3.75393772125,6.0
3,2,7,3.3893237114,6.0
3,2,8,3.66769194603,6.0
3,2,8,3.33308148384,4.5
3,2,9,3.37039232254,4.5
3,2,9,3.407299757,4.0
3,2,10,3.49767041206,4.0
3,2,10,3.34131145477,4.125
3,2,11,3.29733896255,4.125
3,2,11,3.31194901466,5.25
3,2,12,3.40989208221,5.25
3,2,12,3.27097582817,5.0
3,2,13,3.43653249741,5.0
3,2,13,3.45168113708,3.75
3,2,14,3.24854826927,3.75
3,2,14,2.6853864193,2.5
3,2,26,3.01229596138,2.5
3,2,26,2.68967962265,4.0
3,2,27,2.88073205948,4.0
3,2,27,2.7792160511,4.0
3,2,28,2.93258881569,4.0
3,2,28,2.82854199409,4.0
3,2,29,2.90111923218,4.0
3,2,29,2.8269572258,3.625
3,2,30,2.99944853783,3.625
3,2,30,2.79953694344,3.25
3,2,31,2.87312889099,3.25
3,2,31,2.83392214775,3.25
3,2,32,3.11467623711,3.25
3,2,32,2.70709085464,3.5
3,2,34,2.82753038406,3.5
3,2,34,2.81276035309,3.875
3,2,35,2.79665994644,3.875
3,2,35,2.52060675621,2.75
3,2,36,2.80707645416,2.75
3,2,36,2.59375929832,2.25
3,2,37,3.16984343529,2.25
3,2,37,2.80742764473,3.25
3,2,38,2.84412169456,3.25
3,2,38,2.75751852989,4.25
3,2,39,2.89224362373,4.25
3,2,39,2.82087516785,2.75
3,2,40,3.15110778809,2.75
3,2,40,2.84543323517,3.5
3,2,41,2.61793065071,3.5
3,2,41,2.69427847862,2.5
3,2,42,2.85272693634,2.5
3,2,42,2.56869363785,4.0
3,2,43,2.87854194641,4.0
3,2,43,2.80364990234,5.0
3,2,44,3.13963198662,5.0
3,2,44,2.641882658,3.25
3,2,45,2.68988013268,3.25
3,2,45,2.51319789886,4.5
3,2,46,2.78286767006,4.5
3,2,46,2.50158715248,3.875
3,2,47,2.88356494904,3.875
3,2,47,2.94496488571,4.25
3,2,48,2.82456874847,4.25
3,2,48,2.65868234634,3.75
3,2,50,2.86377024651,3.75
3,2,50,2.76253557205,4.0
3,2,51,3.06964540482,4.0
3,2,51,2.78597187996,1.5
3,2,52,2.78933167458,1.5
3,2,52,2.87179017067,4.5
3,2,53,2.52777934074,4.5
3,2,53,2.86551761627,3.33333
3,2,55,3.07294797897,3.33333
3,2,55,2.88694691658,4.25
3,2,56,2.79911756516,4.25
3,2,56,2.62698078156,2.25
3,2,59,3.36880207062,2.25
3,2,59,3.34658145905,3.75
3,2,60,3.49958705902,3.75
3,2,60,3.13801240921,4.375
3,2,61,3.28314733505,4.375
3,2,61,3.22830581665,5.25
3,2,62,3.32757639885,5.25
3,2,62,3.17950344086,1.25
3,2,63,3.32837438583,1.25
3,2,63,3.27065443993,2.375
3,2,64,3.29515552521,2.375
3,2,64,3.23631930351,3.75
3,2,66,3.27922606468,3.75
3,2,66,3.19609737396,5.25
3,2,67,3.06009316444,5.25
3,2,67,3.30859780312,5.5
3,2,68,3.26472568512,5.5
3,2,68,3.33301925659,1.25
3,2,69,3.29407453537,1.25
3,2,69,3.26238322258,3.66667
3,2,70,3.24694490433,3.66667
3,2,70,3.1624083519,2.375
3,2,71,3.23682451248,2.375
3,2,71,2.94636130333,3.75
3,2,73,3.15118646622,3.75
3,2,73,2.73397326469,2.75
3,2,78,2.8303797245,2.75
3,2,78,2.83294320107,3.75
3,2,79,2.94491672516,3.75
3,2,79,3.11913466454,4.75
3,2,80,2.85726308823,4.75
3,2,80,2.87897849083,4.375
3,2,81,2.63080644608,4.375
3,2,81,2.73647642136,3.25
3,2,82,2.60026311874,3.25
3,2,82,2.90010142326,4.25
3,2,83,2.70278668404,4.25
3,2,83,2.86254096031,4.0
3,2,84,2.53672122955,4.0
3,2,84,2.76694965363,3.25
3,2,85,2.51395511627,3.25
3,2,85,2.8107779026,2.75
3,2,86,3.11929273605,2.75
3,2,86,2.89705896378,3.75
3,2,87,2.81295728683,3.75
3,2,87,2.76321029663,4.0
3,2,88,2.94849395752,4.0
3,2,88,2.7758936882,4.25
3,2,90,2.98320531845,4.25
3,2,90,2.82257413864,4.5
3,2,91,2.91043925285,4.5
3,2,91,2.90747451782,3.75
3,2,94,2.71055102348,3.75
3,2,94,2.7851805687,1.5
3,2,95,2.7973408699,1.5
3,2,95,2.66591572762,3.125
3,2,96,2.87885522842,3.125
3,2,96,2.82186412811,5.0
3,2,97,2.98873066902,5.0
3,2,97,2.83883953094,4.5
3,2,98,2.96894931793,4.5
3,2,98,2.71988940239,2.625
3,2,99,2.96288776398,2.625
3,2,99,2.81488823891,1.25
3,2,100,3.04527020454,1.25
3,2,100,2.7793006897,3.125
3,2,101,3.01727151871,3.125
3,2,101,2.75648260117,2.0
3,2,102,3.04548621178,2.0
3,2,102,2.85085368156,4.0
3,2,103,3.28461098671,4.0
3,2,103,2.78352761269,3.5
3,2,104,2.67995786667,3.5
3,2,104,2.72047638893,3.5
3,2,105,2.63186597824,3.5
3,2,105,2.79034519196,3.875
3,2,106,2.84552788734,3.875
3,2,106,2.90436935425,4.625
3,2,107,2.84973621368,4.625
3,2,107,2.82298469543,4.0
3,2,108,2.44490265846,4.0
3,2,108,2.83081483841,4.25
3,2,110,2.83417463303,4.25
3,2,110,2.64568662643,3.5
3,2,111,2.40398263931,3.5
3,2,111,2.80726099014,3.0
4,1,23,3.22507596016,1.0
4,1,23,4.07803678513,1.0
4,1,30,3.96741247177,1.125
4,1,30,3.86289596558,1.125
4,1,31,3.74195194244,2.25
4,1,31,3.81429004669,2.25
4,1,32,3.91977882385,1.5
4,1,32,3.72247314453,1.5
4,1,33,3.43819999695,1.5
4,1,33,3.74705553055,1.5
4,1,34,3.64880084991,1.5
4,1,34,3.73410391808,1.5
4,1,35,3.5950448513,1.75
4,1,35,3.72514176369,1.75
4,1,36,3.57170534134,0.875
4,1,36,3.59151339531,0.875
4,1,37,3.70740795135,2.25
4,1,37,3.62319612503,2.25
4,1,38,3.65170788765,2.5
4,1,38,3.6988503933,2.5
4,1,39,3.61913514137,2.5
4,1,39,3.71602272987,2.5
4,1,40,3.70558977127,4.0
4,1,40,3.69724416733,4.0
4,1,41,3.71181130409,2.5
4,1,41,3.83724093437,2.5
4,1,42,4.24425697327,1.75
4,1,42,3.78688621521,1.75
4,1,45,3.6445453167,2.125
4,1,45,3.53408288956,2.125
4,1,46,3.56705737114,3.75
4,1,46,3.71601819992,3.75
4,1,48,3.70951128006,1.5
4,1,48,3.64447212219,1.5
4,1,49,3.69659614563,4.25
4,1,49,3.63666200638,4.25
4,1,50,3.57963514328,2.0
4,1,50,3.54254198074,2.0
4,1,51,3.59446239471,2.75
4,1,51,3.45195746422,2.75
4,1,52,3.61065912247,3.25
4,1,52,3.59161186218,3.25
4,1,54,3.68327665329,3.375
4,1,54,3.7422375679,3.375
4,1,55,3.59145116806,2.5
4,1,55,3.62621426582,2.5
4,1,56,3.5500998497,2.0
4,1,56,3.50642299652,2.0
4,1,57,3.50479698181,2.75
4,1,57,3.63409399986,2.75
4,1,58,3.49539518356,2.25
4,1,58,3.63968920708,2.25
4,1,59,3.80970072746,1.875
4,1,59,3.63803219795,1.875
4,1,63,3.73424267769,1.0
4,1,63,3.64254879951,1.0
4,1,64,4.09696674347,3.5
4,1,64,3.88553404808,3.5
4,1,65,3.54707407951,4.75
4,1,65,3.56684684753,4.75
4,1,66,3.60559678078,1.0
4,1,66,3.68390130997,1.0
4,1,67,3.99065184593,1.75
4,1,67,3.7387638092,1.75
4,1,68,4.30516242981,5.5
4,1,68,3.81582140923,5.5
4,1,69,4.11479187012,5.5
4,1,69,3.80709266663,5.5
4,1,70,4.08421897888,5.25
4,1,70,3.73821139336,5.25
4,1,71,4.17219543457,2.125
4,1,71,3.87600827217,2.125
4,1,72,4.31602907181,2.375
4,1,72,3.9229991436,2.375
4,1,73,3.86366987228,4.25
4,1,73,3.89411592484,4.25
4,1,74,4.45178747177,3.5
4,1,74,3.88898038864,3.5
4,1,75,4.28351926804,4.75
4,1,75,3.98427700996,4.75
4,1,77,3.2658996582,2.625
4,1,77,3.91609883308,2.625
4,1,99,3.77608919144,2.375
4,1,99,3.5427877903,2.375
4,1,102,3.79011702538,1.5
4,1,102,3.62700843811,1.5
4,1,104,3.95670700073,1.25
4,1,104,3.74686527252,1.25
4,1,105,3.77648258209,3.625
4,1,105,3.63702583313,3.625
4,1,110,3.91388034821,4.0
4,1,110,3.32141542435,4.0
4,1,111,3.97993445396,3.5
4,1,111,3.3068356514,3.5
4,1,112,3.95060229301,1.0
7,1,1,3.46766877174,3.5
7,1,1,4.26707983017,3.5
7,1,2,3.89940881729,5.5
7,1,2,4.5065612793,5.5
7,1,3,3.76947784424,4.75
7,1,3,4.21415710449,4.75
7,1,4,4.44117641449,3.25
7,1,4,4.48486185074,3.25
7,1,5,4.48049259186,4.75
7,1,5,4.52191066742,4.75
7,1,7,3.58773851395,2.25
7,1,7,3.78211140633,2.25
7,1,8,3.51502203941,4.5
7,1,8,4.20247793198,4.5
7,1,9,2.95127511024,2.0
7,1,9,4.14474439621,2.0
7,1,10,2.93045115471,2.75
7,1,10,3.99507570267,2.75
7,1,11,3.34555530548,1.75
7,1,11,4.32731103897,1.75
7,1,12,2.98471522331,5.0
7,1,12,4.08255672455,5.0
7,1,13,3.34435868263,3.0
7,1,13,4.01497602463,3.0
7,1,14,3.04460334778,1.75
7,1,14,4.25043296814,1.75
7,1,18,3.73727536201,6.0
7,1,18,4.58313035965,6.0
7,1,19,4.0968298912,4.75
7,1,19,4.49404239655,4.75
7,1,20,4.14519643784,5.25
7,1,20,4.07798814774,5.25
7,1,22,3.75846004486,3.75
7,1,22,4.6296377182,3.75
7,1,23,3.66650652885,4.0
7,1,23,4.30398750305,4.0
7,1,24,3.37488889694,5.0
7,1,24,4.51856994629,5.0
7,1,25,3.581782341,4.5
7,1,25,4.3563337326,4.5
7,1,26,3.94899821281,3.0
7,1,26,4.15628099442,3.0
7,1,27,3.94882440567,4.25
7,1,27,4.46331596375,4.25
7,1,28,3.74765729904,5.25
7,1,28,4.25926780701,5.25
7,1,29,3.68784236908,4.25
7,1,29,4.18575525284,4.25
7,1,30,3.91257596016,3.0
7,1,30,4.24422836304,3.0
7,1,31,4.0161447525,4.5
7,1,31,4.18440151215,4.5
7,1,32,4.05599546432,3.75
7,1,32,4.21561050415,3.75
7,1,33,3.74450755119,4.75
7,1,33,4.27409315109,4.75
7,1,34,3.58654546738,5.5
7,1,34,4.06385707855,5.5
7,1,35,3.7590265274,6.0
7,1,35,4.13382434845,6.0
7,1,36,3.96296048164,4.25
7,1,36,4.4356508255,4.25
7,1,37,3.98319482803,4.25
7,1,37,4.40146875381,4.25
7,1,38,3.65534043312,3.5
7,1,38,3.68816709518,3.5
7,1,39,3.57405686378,5.5
7,1,39,3.94952821732,5.5
7,1,40,3.92799091339,5.5
7,1,40,4.49804019928,5.5
7,1,41,3.83985042572,4.75
7,1,41,4.02564048767,4.75
7,1,42,3.82797956467,3.0
7,1,42,4.25750589371,3.0
7,1,43,3.76702976227,3.5
7,1,43,4.26078557968,3.5
7,1,44,3.88035392761,6.25
7,1,44,3.89442658424,6.25
7,1,45,3.77764320374,4.5
7,1,45,4.02422952652,4.5
7,1,46,3.97184419632,4.0
7,1,46,4.13959312439,4.0
7,1,47,3.6206433773,4.5
7,1,47,4.13602876663,4.5
7,1,48,3.67829155922,1.5
7,1,48,4.14336252213,1.5
7,1,49,3.46119856834,4.5
7,1,49,4.14662790298,4.5
7,1,50,3.83994674683,5.0
7,1,50,4.27893686295,5.0
7,1,51,3.890396595,3.5
7,1,51,4.07741832733,3.5
7,1,52,3.78325557709,0.75
7,1,52,4.15064716339,0.75
7,1,53,4.03422117233,5.5
7,1,53,4.33472251892,5.5
7,1,55,3.35107541084,2.5
7,1,55,4.26922416687,2.5
7,1,57,4.06885242462,4.25
7,1,57,4.2084736824,4.25
7,1,58,3.6144092083,6.0
7,1,58,4.05872058868,6.0
7,1,59,3.46712207794,5.25
7,1,59,3.78817415237,5.25
7,1,60,3.32374453545,3.25
7,1,60,3.86999940872,3.25
7,1,61,3.67674517632,5.0
7,1,61,3.96377015114,5.0
7,1,62,3.83395862579,4.5
7,1,62,4.09208202362,4.5
7,1,63,3.33750152588,5.5
7,1,63,4.16737747192,5.5
7,1,64,3.12060546875,5.0
7,1,64,3.80890035629,5.0
7,1,65,3.26605033875,5.25
7,1,65,3.40468358994,5.25
7,1,66,3.68217730522,4.25
7,1,66,3.93631148338,4.25
7,1,67,2.68342757225,4.75
7,1,67,3.84264135361,4.75
7,1,68,3.49898481369,4.25
7,1,68,3.78641271591,4.25
7,1,69,3.79231286049,5.5
7,1,69,3.96977949142,5.5
7,1,70,3.67878174782,5.5
7,1,70,4.01932907104,5.5
7,1,71,3.64602279663,4.75
7,1,71,3.83569765091,4.75
7,1,72,3.49831295013,2.0
7,1,72,3.65790557861,2.0
7,1,73,3.46204161644,1.0
7,1,73,3.70827770233,1.0
7,1,74,3.27968525887,4.25
7,1,74,3.88849568367,4.25
7,1,75,3.6706571579,4.75
7,1,75,3.73323988914,4.75
7,1,76,3.60253143311,2.75
7,1,76,4.16613388062,2.75
7,1,78,3.69048666954,4.0
7,1,78,3.68885564804,4.0
7,1,79,3.47430801392,3.0
7,1,79,3.51706838608,3.0
7,1,80,3.49307489395,2.0
7,1,80,3.77389764786,2.0
7,1,81,3.78831315041,4.0
7,1,81,3.64941000938,4.0
7,1,82,3.89643573761,5.25
7,1,82,3.67837452888,5.25
7,1,83,3.85006046295,4.75
7,1,83,3.67492055893,4.75
7,1,84,3.53178906441,4.75
7,1,84,3.94590234756,4.75
7,1,86,3.46457028389,3.25
7,1,86,3.6657834053,3.25
7,1,88,3.68357229233,6.5
7,1,88,4.03685951233,6.5
7,1,90,4.37851810455,4.0
7,1,90,3.25942778587,4.0
7,1,92,3.61569952965,5.75
7,1,92,3.89924931526,5.75
7,1,93,3.97898745537,4.25
7,1,93,3.98503780365,4.25
7,1,94,4.18249511719,3.0
7,1,94,3.70070624352,3.0
7,1,95,4.3520898819,4.75
7,1,95,4.15130710602,4.75
7,1,96,4.03472518921,5.5
7,1,96,4.062312603,5.5
7,1,97,3.7168648243,5.5
7,1,97,3.40365624428,5.5
7,1,98,3.91418457031,3.25
7,1,98,3.81821608543,3.25
7,1,101,3.52878332138,4.0
7,1,101,3.6369228363,4.0
7,1,102,3.99805092812,4.25
7,1,102,3.34768509865,4.25
7,1,103,3.97175478935,3.25
7,1,103,3.44312787056,3.25
7,1,104,3.28817939758,4.75
7,1,104,3.60056233406,4.75
7,1,105,3.41241121292,4.75
7,1,105,3.71585321426,4.75
7,1,106,3.91860413551,4.75
7,1,106,4.14297103882,4.75
7,1,109,3.38275957108,6.25
7,1,109,3.47689127922,4.25
7,2,1,4.28330183029,4.25
7,2,1,3.14509081841,2.75
7,2,2,4.15796947479,2.75
7,2,2,3.55550384521,5.75
7,2,3,4.48114728928,5.75
7,2,3,3.56332588196,3.0
7,2,4,4.51422214508,3.0
7,2,4,3.54150056839,3.25
7,2,5,4.56674575806,3.25
7,2,5,4.08134841919,4.0
7,2,6,4.71387052536,4.0
7,2,6,3.74192428589,5.0
7,2,7,4.63129901886,5.0
7,2,7,3.55108356476,4.0
7,2,8,3.97156333923,4.0
7,2,8,3.52167439461,4.0
7,2,9,4.31282997131,4.0
7,2,9,3.29484009743,4.0
7,2,10,4.52079200745,4.0
7,2,10,2.89812064171,2.75
7,2,11,4.20538425446,2.75
7,2,11,3.07457184792,4.25
7,2,12,4.34321928024,4.25
7,2,12,3.75118112564,4.75
7,2,13,4.29490089417,4.75
7,2,13,3.32537102699,5.5
7,2,14,4.41753721237,5.5
7,2,14,3.73885512352,5.0
7,2,16,4.33359193802,5.0
7,2,16,3.73204708099,6.0
7,2,17,3.90625858307,6.0
7,2,17,3.74690389633,3.5
7,2,18,4.73873281479,3.5
7,2,18,3.49029040337,4.5
7,2,19,4.37179851532,4.5
7,2,19,3.54294991493,5.5
7,2,20,4.00623130798,5.5
7,2,20,3.59133720398,1.5
7,2,21,3.90320968628,1.5
7,2,21,3.51732468605,3.0
7,2,22,3.99494695663,3.0
7,2,22,3.68364286423,1.75
7,2,23,4.55522441864,1.75
7,2,23,3.64541482925,3.75
7,2,24,4.11522579193,3.75
7,2,24,3.50810623169,4.75
7,2,25,3.84145236015,4.75
7,2,25,3.768491745,4.25
7,2,26,4.61403989792,4.25
7,2,26,3.70264816284,4.25
7,2,27,4.58801651001,4.25
7,2,27,3.23517012596,5.75
7,2,28,4.00313568115,5.75
7,2,28,3.61625003815,1.75
7,2,29,4.21371412277,1.75
7,2,29,3.70113420486,3.0
7,2,30,4.15935230255,3.0
7,2,30,3.77953076363,3.75
7,2,31,4.3667678833,3.75
7,2,31,3.22820830345,4.5
7,2,32,4.0395116806,4.5
7,2,32,3.32743835449,1.5
7,2,33,4.37240839005,1.5
7,2,33,3.44295454025,4.25
7,2,34,4.28856563568,4.25
7,2,34,3.11084413528,3.5
7,2,35,4.26023626328,3.5
7,2,35,3.9103269577,2.5
7,2,36,3.82391762733,2.5
7,2,36,3.37679815292,3.5
7,2,37,4.51050424576,3.5
7,2,37,3.16726207733,5.25
7,2,38,3.74810171127,5.25
7,2,38,3.73879098892,4.0
7,2,39,3.78579473495,4.0
7,2,39,3.40982437134,5.25
7,2,40,4.25186252594,5.25
7,2,40,3.16016197205,3.0
7,2,42,3.88272500038,3.0
7,2,42,3.42027854919,2.75
7,2,43,4.13013410568,2.75
7,2,43,3.28891348839,4.5
7,2,44,3.88518643379,4.5
7,2,44,3.00109434128,2.5
7,2,45,3.83099508286,2.5
7,2,45,3.46035051346,4.75
7,2,46,3.946849823,4.75
7,2,46,3.26306056976,4.0
7,2,47,4.22911262512,4.0
7,2,47,3.13601183891,3.75
7,2,48,4.27263212204,3.75
7,2,48,3.52846264839,4.0
7,2,49,3.87092614174,4.0
7,2,49,3.09036850929,4.25
7,2,50,3.70809078217,4.25
7,2,50,3.32227158546,4.75
7,2,51,4.27401542664,4.75
7,2,51,3.69061183929,3.25
7,2,52,4.18954658508,3.25
7,2,52,3.11149215698,5.0
7,2,53,4.10264253616,5.0
7,2,53,3.66081166267,4.0
7,2,55,4.26575422287,4.0
7,2,55,3.77609062195,4.75
7,2,56,4.16420698166,4.75
7,2,56,3.52866578102,1.5
7,2,57,4.08702325821,1.5
7,2,57,3.36755394936,4.0
7,2,58,3.90454292297,4.0
7,2,58,3.53973412514,4.0
7,2,60,4.04059648514,4.0
7,2,60,3.10771107674,5.5
7,2,61,3.93756008148,5.5
7,2,61,3.71946167946,5.25
7,2,63,3.9792342186,5.25
7,2,63,3.77136135101,3.25
7,2,64,4.15672683716,3.25
7,2,64,3.44022583961,5.0
7,2,65,4.12047195435,5.0
7,2,65,2.82220196724,5.5
7,2,66,3.83823084831,5.5
7,2,66,3.42875480652,6.5
7,2,68,3.07477283478,6.5
7,2,68,3.87384986877,4.25
7,2,69,3.93254828453,4.25
7,2,69,3.59188699722,3.25
7,2,70,3.68760800362,3.25
7,2,70,3.82445168495,4.0
7,2,71,3.57231664658,4.0
7,2,71,3.88081026077,4.25
7,2,72,3.59546256065,4.25
7,2,72,3.77023911476,3.25
7,2,73,3.22003340721,3.25
7,2,73,3.77349162102,2.5
7,2,74,3.9013428688,2.5
7,2,74,3.87993431091,3.5
7,2,75,3.6578412056,3.5
7,2,75,3.79932379723,4.5
7,2,76,3.9193584919,4.5
7,2,76,3.74190306664,4.25
7,2,77,3.32091212273,4.25
7,2,77,3.47999453545,5.0
7,2,78,3.66101861,5.0
7,2,78,3.99953532219,4.0
7,2,80,4.02274608612,4.0
7,2,80,4.23020982742,3.25
7,2,82,3.69734477997,3.25
7,2,82,3.57304930687,5.0
7,2,83,3.69812464714,5.0
7,2,83,3.76939582825,3.75
7,2,84,3.88704109192,3.75
7,2,84,3.61528635025,2.5
7,2,85,3.94007444382,2.5
7,2,85,3.7637758255,2.5
7,2,86,3.90690660477,2.5
7,2,86,3.2758307457,4.5
7,2,87,3.68642401695,4.5
7,2,87,3.29080581665,5.0
7,2,88,3.78895306587,5.0
7,2,88,3.39932703972,3.0
7,2,89,4.05877017975,3.0
7,2,89,3.38593363762,4.0
7,2,90,3.90311050415,4.0
7,2,90,3.46856355667,3.75
7,2,91,4.05588912964,3.75
7,2,91,3.63347601891,4.66667
7,2,92,4.21731948853,4.66667
7,2,92,3.30929136276,4.75
7,2,93,4.05453443527,4.75
7,2,93,2.74814963341,3.25
7,2,94,3.62660551071,3.25
7,2,94,3.82882070541,2.5
7,2,95,3.82466125488,2.5
7,2,95,3.50961399078,3.5
7,2,96,3.97088003159,3.5
7,2,96,3.4969201088,3.0
7,2,97,3.80633044243,3.0
7,2,97,3.2998547554,3.75
7,2,98,3.98480272293,3.75
7,2,98,3.53894424438,4.25
7,2,99,3.79496097565,4.25
7,2,99,3.59923672676,1.75
7,2,100,3.83749294281,1.75
7,2,100,3.76409769058,5.25
7,2,102,3.80462861061,5.25
7,2,102,3.56115221977,4.25
7,2,103,4.31488323212,4.25
7,2,103,3.84055280685,3.5
7,2,104,3.93780493736,3.5
7,2,104,3.71482729912,3.0
7,2,105,4.04873037338,3.0
7,2,105,3.57978153229,6.25
7,2,106,4.30688714981,6.25
7,2,106,3.74521303177,4.5
7,2,107,3.84929299355,4.5
7,2,107,2.55344629288,5.5
7,2,108,3.95591115952,5.5
7,2,108,2.38734960556,5.25
7,2,109,3.86894178391,5.25
7,2,109,2.90497851372,4.75
8,1,9,3.28610706329,2.0
8,1,9,3.46367835999,2.0
8,1,10,3.33449316025,1.75
8,1,10,3.28831768036,1.75
8,1,16,3.41257166862,2.75
8,1,16,3.20459985733,2.75
8,1,17,3.82116580009,3.25
8,1,17,3.33038902283,3.25
8,1,18,3.40460300446,3.75
8,1,18,3.0621407032,3.75
8,1,20,3.45951318741,2.5
8,1,20,3.146879673,2.5
8,1,21,4.00033807755,1.75
8,1,21,2.59335756302,1.75
8,1,22,3.58627939224,3.5
8,1,22,3.22379660606,3.5
8,1,27,3.24766659737,2.0
8,1,27,3.27556538582,2.0
8,1,30,3.48857736588,2.5
8,1,30,3.17114663124,2.5
8,1,54,3.27505803108,3.0
8,1,54,2.7506737709,3.0
8,1,58,3.43365168571,1.0
8,1,58,3.37822461128,1.0
8,1,68,3.40938568115,1.5
8,1,68,3.4708044529,1.5
8,1,73,3.9061293602,2.75
8,1,73,2.65240240097,2.75
8,1,74,3.79776096344,2.5
8,1,74,3.24451589584,2.5
8,1,75,4.11873149872,3.0
8,1,75,3.22232818604,3.0
8,1,76,3.82403254509,1.0
8,1,76,3.11833953857,1.0
8,1,77,3.73781585693,3.25
8,1,77,3.062458992,3.25
8,1,78,3.51889443398,2.75
8,1,78,3.31938529015,2.75
8,1,79,3.61683821678,2.0
8,1,79,3.01104831696,2.0
8,1,80,3.83005094528,1.75
8,1,80,3.03259396553,1.75
8,1,81,3.59229373932,2.25
8,1,81,3.03076839447,2.25
8,1,82,3.42526006699,1.75
8,1,82,3.04949975014,1.75
8,1,85,3.81278276443,2.0
8,1,85,3.50896596909,2.0
8,1,88,3.6040251255,2.25
8,1,88,2.97085690498,2.25
8,1,89,3.69366455078,3.5
8,1,89,3.51512241364,3.25
8,2,4,3.7313849926,3.25
8,2,4,3.28103804588,3.75
8,2,5,3.47578597069,3.75
8,2,5,3.4671125412,1.5
8,2,7,3.15968704224,1.5
8,2,7,3.48017001152,4.25
8,2,8,3.30201816559,4.25
8,2,8,3.37654447556,2.0
8,2,9,3.46081876755,2.0
8,2,9,3.45483756065,3.0
8,2,11,3.37034368515,3.0
8,2,11,2.82300162315,2.25
8,2,15,3.44421482086,2.25
8,2,15,2.99054217339,4.0
8,2,16,3.80086565018,4.0
8,2,16,2.80328464508,3.5
8,2,18,3.32090806961,3.5
8,2,18,3.27216005325,3.75
8,2,20,3.54051995277,3.75
8,2,20,3.04186034203,2.25
8,2,21,3.61954092979,2.25
8,2,21,3.20017743111,2.25
8,2,22,3.67886137962,2.25
8,2,22,2.92667245865,2.5
8,2,23,3.45533776283,2.5
8,2,23,3.04082036018,3.0
8,2,24,3.63960504532,3.0
8,2,24,2.91858696938,4.0
8,2,27,3.42496657372,4.0
8,2,27,2.80454230309,2.5
8,2,28,3.0283370018,2.5
8,2,28,3.15658259392,4.75
8,2,29,3.83138680458,4.75
8,2,29,2.93779802322,4.25
8,2,30,3.53210520744,4.25
8,2,30,3.19067263603,2.75
8,2,31,3.24182510376,2.75
8,2,31,3.13063716888,4.0
8,2,32,3.43493747711,4.0
8,2,32,3.40688848495,3.5
8,2,35,3.0493273735,3.5
8,2,35,3.02068996429,3.75
8,2,36,3.5769367218,3.75
8,2,36,3.26245808601,2.25
8,2,37,3.14293789864,2.25
8,2,37,3.29519939423,3.75
8,2,38,3.09274291992,3.75
8,2,38,3.06599521637,2.0
8,2,39,2.69264507294,2.0
8,2,39,3.0813908577,2.0
8,2,40,2.96246504784,2.0
8,2,40,3.2414855957,4.0
8,2,41,3.20114254951,4.0
8,2,41,3.15040779114,3.5
8,2,42,2.96430397034,3.5
8,2,42,2.85293698311,2.25
8,2,45,3.06603622437,2.25
8,2,45,3.12035632133,4.0
8,2,48,3.35605931282,4.0
8,2,48,3.27903485298,4.0
8,2,49,3.60932970047,4.0
8,2,49,2.82295584679,3.0
8,2,50,3.23673081398,3.0
8,2,50,3.27032423019,3.75
8,2,55,3.7965362072,3.75
8,2,55,3.15988564491,4.75
8,2,57,3.54875206947,4.75
8,2,57,3.33048319817,3.0
8,2,58,3.67796945572,3.0
8,2,58,3.08076190948,1.75
8,2,62,3.69110536575,1.75
8,2,62,2.91759395599,5.25
8,2,63,3.98147916794,5.25
8,2,63,3.07320642471,1.625
8,2,67,3.42457222939,1.625
8,2,67,3.20178580284,2.75
8,2,68,3.56535148621,2.75
8,2,68,3.0976498127,3.5
8,2,69,3.25404644012,3.5
8,2,69,3.04407143593,2.0
8,2,71,3.32844543457,2.0
8,2,71,3.12933540344,3.5
8,2,72,3.27868270874,3.5
8,2,72,3.27323031425,3.75
8,2,74,3.3096280098,3.75
8,2,74,2.87784171104,4.0
9,1,2,2.81826424599,5.25
9,1,2,3.81093502045,5.25
9,1,3,3.14288496971,4.75
9,1,3,3.85312843323,4.75
9,1,4,3.29162240028,5.0
9,1,4,3.66291236877,5.0
9,1,5,3.17499017715,5.75
9,1,5,3.97166872025,5.75
9,1,6,3.08163022995,3.5
9,1,6,3.69665598869,3.5
9,1,7,3.20834326744,4.25
9,1,7,3.86936545372,4.25
9,1,8,3.40147352219,4.5
9,1,8,3.77691674232,4.5
9,1,12,2.86845088005,4.75
9,1,12,3.35223317146,4.75
9,1,16,3.04621171951,1.5
9,1,16,3.96135640144,1.5
9,1,17,2.79967164993,4.25
9,1,17,4.21113204956,4.25
9,1,18,2.75413060188,3.5
9,1,18,4.19868898392,3.5
9,1,19,2.98103356361,3.25
9,1,19,3.79427599907,3.25
9,1,20,2.96977376938,4.0
9,1,20,3.86297178268,4.0
9,1,21,2.58869385719,4.5
9,1,21,3.72667646408,4.5
9,1,22,2.64389586449,3.0
9,1,22,3.69667434692,3.0
9,1,23,2.87826800346,4.5
9,1,23,3.41167974472,4.5
9,1,24,2.774923563,3.5
9,1,24,3.46690201759,3.5
9,1,25,2.67762303352,3.5
9,1,25,3.98802232742,3.5
9,1,26,2.80802297592,4.5
9,1,26,3.62046289444,4.5
9,1,27,2.83644914627,3.75
9,1,27,3.6789700985,3.75
9,1,28,2.78447389603,2.75
9,1,28,3.49133396149,2.75
9,1,29,2.59472894669,2.5
9,1,29,3.6683037281,2.5
9,1,30,2.85961747169,3.0
9,1,30,3.58076500893,3.0
9,1,31,2.55396723747,3.5
9,1,31,3.75863456726,3.5
9,1,32,2.66347026825,2.75
9,1,32,3.70538520813,2.75
9,1,33,2.60994434357,3.75
9,1,33,3.58672904968,3.75
9,1,34,2.64866375923,3.25
9,1,34,3.62725162506,3.25
9,1,35,2.65195941925,3.5
9,1,35,3.83646535873,3.5
9,1,36,2.56050109863,3.5
9,1,36,3.65646982193,3.5
9,1,37,2.88606619835,4.5
9,1,37,3.78590297699,4.5
9,1,38,2.62515306473,3.5
9,1,38,3.68401288986,3.5
9,1,39,2.4444937706,2.75
9,1,39,3.98596954346,2.75
9,1,40,2.59617590904,2.25
9,1,40,3.70203900337,2.25
9,1,41,2.87062263489,3.0
9,1,41,3.70326638222,3.0
9,1,42,2.94549584389,4.0
9,1,42,3.83677792549,4.0
9,1,50,2.45480847359,3.5
9,1,50,3.89951562881,3.5
9,1,51,2.57186818123,3.5
9,1,51,3.6818959713,3.5
9,1,52,2.6855006218,2.75
9,1,52,3.687936306,2.75
9,1,53,2.54667329788,3.0
9,1,53,3.52168822289,3.0
9,1,54,2.40441560745,2.75
9,1,54,3.32895708084,2.75
9,1,55,2.57862067223,3.5
9,1,55,3.39118909836,3.5
9,1,56,2.80015444756,3.75
9,1,56,3.35940265656,3.75
9,1,59,2.67009425163,2.75
9,1,59,3.212225914,2.75
9,1,60,3.1111240387,4.0
9,1,60,3.47796630859,4.0
9,1,61,3.14796853065,3.5
9,1,61,3.28302407265,3.5
9,1,63,3.26045393944,3.25
9,1,63,3.3599922657,3.25
9,1,64,2.87963342667,4.25
9,1,64,3.15023517609,4.25
9,1,65,3.23348069191,2.0
9,1,65,3.14740991592,2.0
9,1,66,3.30898690224,4.75
9,1,66,3.38284897804,4.75
9,1,67,3.00070762634,4.25
9,1,67,3.2642147541,4.25
9,1,68,3.29236459732,3.5
9,1,68,3.64490413666,3.5
9,1,69,3.14643669128,5.5
9,1,69,3.73907399178,5.5
9,1,72,2.62337970734,3.75
9,1,72,3.39027619362,3.75
9,1,73,3.07272553444,3.25
9,1,73,3.34329152107,3.25
9,1,74,2.69281220436,3.0
9,1,74,3.54720139503,3.0
9,1,75,2.8787817955,2.5
9,1,75,3.12755393982,2.5
9,1,76,2.89126229286,4.0
9,1,76,3.41966795921,4.0
9,1,77,2.984821558,3.25
9,1,77,3.61048364639,3.25
9,1,78,2.67364597321,3.5
9,1,78,3.42215943336,3.5
9,1,79,2.72317409515,4.0
9,1,79,3.66576099396,4.0
9,1,81,2.5688970089,2.25
9,1,81,3.21415185928,2.25
9,1,82,3.07719874382,4.0
9,1,82,3.00977230072,4.0
9,1,83,3.20106840134,4.25
9,1,83,3.20650744438,4.25
9,1,84,3.08667373657,3.0
9,1,84,3.12201285362,3.0
9,1,85,3.28200888634,4.75
9,1,85,3.10425758362,4.75
9,1,86,2.90073418617,4.0
9,1,86,3.35284328461,4.0
9,1,87,2.59334421158,3.25
9,1,87,3.11881279945,3.25
9,1,88,2.85662555695,3.25
9,1,88,3.43943238258,3.25
9,1,89,3.03852343559,2.75
9,1,89,2.99982190132,2.75
9,1,90,2.71340179443,2.75
9,1,90,2.93822598457,2.75
9,1,91,2.65367078781,3.75
9,1,91,3.01309871674,3.75
9,1,92,2.77556061745,4.0
9,1,92,3.01770019531,4.0
9,1,93,2.97565746307,3.25
9,1,93,2.91109871864,3.25
9,1,94,2.84604763985,3.0
9,1,94,3.09634685516,3.0
9,1,95,2.83575773239,4.25
9,1,95,3.02425479889,4.25
9,1,96,2.56280303001,4.25
9,1,96,2.82955622673,4.25
9,1,97,2.64152264595,3.5
9,1,97,3.13334059715,3.5
9,1,98,2.59197998047,2.25
9,1,98,2.75444722176,2.25
9,1,99,2.79653310776,3.0
9,1,99,3.205067873,3.0
9,1,100,2.54826045036,4.25
9,1,100,3.20027112961,4.25
9,1,101,2.87048792839,2.25
9,1,101,3.21181154251,2.25
9,1,102,2.65421772003,3.75
9,1,102,2.90020632744,3.75
9,1,103,2.57101845741,2.25
9,1,103,3.25025296211,2.25
9,1,104,2.43852090836,3.0
9,1,104,3.18712115288,3.0
9,1,105,2.65940976143,3.75
9,1,105,3.40628957748,3.75
9,1,106,2.72388410568,4.0
9,1,106,3.23156738281,4.0
9,1,107,2.64276957512,4.25
9,1,107,3.30652832985,4.25
9,1,110,2.79027915001,4.25
9,1,110,3.6372358799,4.25
9,1,111,2.40128922462,3.0
9,1,111,3.23668169975,4.0
9,2,2,3.32105112076,4.0
9,2,2,3.09292578697,4.5
9,2,3,3.51832652092,4.5
9,2,3,3.1929962635,5.25
9,2,4,3.32146000862,5.25
9,2,4,2.65451526642,5.5
9,2,5,3.08467197418,5.5
9,2,5,3.03799700737,5.75
9,2,6,3.21157860756,5.75
9,2,6,3.1125600338,5.25
9,2,7,3.41655707359,5.25
9,2,7,3.32343506813,4.5
9,2,8,3.33069634438,4.5
9,2,8,3.6172773838,5.75
9,2,9,3.29286360741,5.75
9,2,9,4.15509605408,4.75
9,2,10,3.70450258255,4.75
9,2,10,3.65395283699,4.5
9,2,11,3.25559234619,4.5
9,2,11,3.64625382423,5.5
9,2,12,3.3438706398,5.5
9,2,12,2.76879739761,3.75
9,2,13,3.61949801445,3.75
9,2,13,2.40483760834,2.75
9,2,16,3.46903514862,2.75
9,2,16,2.53760576248,4.0
9,2,17,3.46163439751,4.0
9,2,17,2.44578242302,4.25
9,2,18,3.63962984085,4.25
9,2,18,2.4385638237,3.0
9,2,20,3.11110401154,3.0
9,2,20,2.7653055191,3.75
9,2,21,3.31860733032,3.75
9,2,21,2.62653112411,3.0
9,2,22,3.44336676598,3.0
9,2,22,2.5222530365,2.75
9,2,23,3.68595647812,2.75
9,2,23,2.63638305664,1.75
9,2,24,3.31609511375,1.75
9,2,24,2.76977229118,5.75
9,2,25,3.61769843102,5.75
9,2,25,2.54116678238,3.25
9,2,27,3.21142888069,3.25
9,2,27,2.82554292679,2.75
9,2,30,3.37714481354,2.75
9,2,30,2.66338586807,2.75
9,2,31,3.46402549744,2.75
9,2,31,2.5970454216,2.25
9,2,32,3.26122403145,2.25
9,2,32,2.51314544678,2.5
9,2,34,3.26520681381,2.5
9,2,34,2.73437261581,4.75
9,2,36,3.55758857727,4.75
9,2,36,2.61012125015,3.75
9,2,37,3.39113855362,3.75
9,2,37,2.39180326462,2.0
9,2,38,2.99677276611,2.0
9,2,38,2.60934615135,3.25
9,2,42,3.73663759232,3.25
9,2,42,2.87524151802,3.0
9,2,45,3.51975393295,3.0
9,2,45,2.7917163372,4.75
9,2,46,3.53359413147,4.75
9,2,46,2.69403028488,4.0
9,2,50,3.59168314934,4.0
9,2,50,2.43331742287,3.75
9,2,53,2.93985772133,3.75
9,2,53,3.10035943985,4.0
9,2,62,2.92567038536,4.0
9,2,62,2.83770155907,5.0
9,2,63,3.46821498871,5.0
9,2,63,2.7086725235,4.5
9,2,64,3.5151424408,4.5
9,2,64,3.36557722092,5.5
9,2,66,3.39967870712,5.5
9,2,66,3.3658554554,4.25
9,2,67,3.42496085167,4.25
9,2,67,2.87353396416,3.25
9,2,68,3.11837100983,3.25
9,2,68,3.49888944626,3.25
9,2,69,3.14822053909,3.25
9,2,69,3.24192690849,4.75
9,2,70,3.23982143402,4.75
9,2,70,3.53753137589,5.25
9,2,71,3.32622933388,5.25
9,2,71,2.94774317741,5.25
9,2,74,3.18009495735,5.25
9,2,74,3.13609552383,3.75
9,2,75,3.27276515961,3.75
9,2,75,2.81834340096,4.25
9,2,77,3.08147501945,4.25
9,2,77,2.94992685318,5.5
9,2,78,3.52943086624,5.5
9,2,78,2.9109556675,5.25
9,2,79,3.31639528275,5.25
9,2,79,3.0324947834,4.75
9,2,81,3.34496092796,4.75
9,2,81,2.89935231209,3.75
9,2,84,3.36554384232,3.75
9,2,84,3.38588643074,4.75
9,2,85,3.46296930313,4.75
9,2,85,3.13016605377,4.0
9,2,86,3.11712741852,4.0
9,2,86,2.92551422119,3.25
9,2,87,3.22351336479,3.25
9,2,87,2.86657524109,4.5
9,2,88,3.23393774033,4.5
9,2,88,2.88762998581,2.75
9,2,89,2.97245883942,2.75
9,2,89,3.07176709175,3.25
9,2,90,3.21194005013,3.25
9,2,90,2.94188523293,4.25
9,2,91,3.43915891647,4.25
9,2,91,3.07740736008,4.25
9,2,92,3.515802145,4.25
9,2,92,2.71595001221,5.0
9,2,95,3.01455044746,5.0
9,2,95,2.80312871933,3.0
9,2,96,3.33575391769,3.0
9,2,96,2.85337638855,4.5
9,2,98,2.92880129814,4.5
9,2,98,3.29917812347,5.75
9,2,100,3.08889842033,5.75
9,2,100,2.91212916374,3.0
9,2,103,3.34003067017,3.0
9,2,103,2.82888627052,3.25
9,2,104,3.16950631142,3.25
9,2,104,2.85455584526,4.5
9,2,105,3.81549906731,4.5
9,2,105,2.69089913368,3.75
9,2,107,3.22947692871,3.75
9,2,107,2.74517965317,4.25
9,2,108,3.5191950798,4.25
9,2,108,2.48931622505,2.25
9,2,109,3.14257287979,2.25
9,2,109,3.39104557037,4.5
10,1,4,0.016941210255,5.5
10,1,4,-0.0103337923065,5.5
10,1,5,0.019945371896,5.0
10,1,5,-0.00998710561544,5.0
10,1,6,0.0202449578792,5.0
10,1,6,-0.0121604045853,5.0
10,1,7,0.020704491064,5.5
10,1,7,-0.020649401471,5.5
10,1,8,0.0111354589462,6.25
10,1,8,-0.00266299815848,6.25
10,1,9,0.0165952444077,5.5
10,1,9,-0.0128102805465,5.5
10,1,10,0.0203266255558,5.0
10,1,10,-0.00949425064027,5.0
10,1,11,0.00749110151082,4.0
10,1,11,-0.00323659158312,4.0
10,1,12,0.0202179215848,4.5
10,1,12,-0.00647649401799,4.5
10,1,13,0.000769783742726,4.25
10,1,13,-0.00297212810256,4.25
10,1,14,-0.0193295627832,3.75
10,1,14,-0.00985505525023,3.75
10,1,20,0.00720574194565,5.0
10,1,20,0.0074691134505,5.0
10,1,21,-0.00529521005228,5.25
10,1,21,0.00851214304566,5.25
10,1,22,0.00488977553323,4.5
10,1,22,0.00974914152175,4.5
10,1,24,-0.0109206866473,4.75
10,1,24,0.00401301402599,4.75
10,1,25,0.0107521861792,4.5
10,1,25,0.0024139219895,4.5
10,1,26,-0.00901621673256,2.375
10,1,26,0.000869252195116,2.375
10,1,27,0.00781324878335,4.25
10,1,27,0.00366360205226,4.25
10,1,28,0.00470601813868,4.75
10,1,28,0.0086975954473,4.75
10,1,29,-0.00184777611867,4.5
10,1,29,0.00476621324196,4.5
10,1,30,0.00700141163543,5.5
10,1,30,-0.00947250053287,5.5
10,1,31,-0.00491501577199,4.75
10,1,31,0.00431574275717,4.75
10,1,32,-0.0104860309511,3.75
10,1,32,-0.00141124660149,3.75
10,1,33,-0.0173984859139,4.5
10,1,33,-0.00315584312193,4.5
10,1,36,-0.026095662266,4.75
10,1,36,-0.00834536273032,4.75
10,1,39,-0.0283818133175,4.0
10,1,39,-0.00287097785622,4.0
10,1,42,-0.0221857335418,5.25
10,1,42,-0.000513328355737,5.25
10,1,43,-0.0242456253618,4.5
10,1,43,-0.00128620886244,4.5
10,1,44,-0.0143284043297,4.5
10,1,44,-0.00220230966806,4.5
10,1,45,-0.0326411500573,2.875
10,1,45,-0.00373811274767,2.875
10,1,46,0.0112732714042,5.0
10,1,46,0.000345963955624,5.0
10,1,47,-0.0365413203835,5.25
10,1,47,0.00197641830891,5.25
10,1,48,-0.0177144557238,5.0
10,1,48,0.00490514142439,5.0
10,1,49,-0.00805570092052,4.0
10,1,49,0.00787655916065,4.0
10,1,50,-0.00761326076463,5.25
10,1,50,-0.004536265973,5.25
10,1,51,-0.0215443409979,5.5
10,1,51,-0.00162520108279,5.5
10,1,52,-0.00569221703336,5.0
10,1,52,-0.00502788461745,5.0
10,1,53,-0.0233872588724,5.25
10,1,53,-0.00423165410757,5.25
10,1,55,-0.0200467575341,5.25
10,1,55,-0.00884249247611,5.25
10,1,56,-0.0226603318006,4.5
10,1,56,-0.000119340489618,4.5
10,1,57,-0.0385313108563,1.5
10,1,57,-0.0112677002326,1.5
10,1,61,0.0108382077888,4.0
10,1,61,-0.00719160679728,4.0
10,1,62,0.000796502863523,3.75
10,1,62,-0.0172114521265,3.75
10,1,63,-0.00753316655755,4.25
10,1,63,-0.0106795011088,4.25
10,1,64,-0.0271500833333,5.0
10,1,64,0.00354513828643,5.0
10,1,65,-0.0236712489277,5.75
10,1,65,0.000488004210638,5.75
10,1,66,-0.008689311333,6.0
10,1,66,-0.00250011240132,6.0
10,1,67,0.00281620561145,5.25
10,1,67,0.00934075657278,5.25
10,1,68,0.00519187748432,3.75
10,1,68,-0.0049197874032,3.75
10,1,69,-0.013206133619,4.5
10,1,69,-0.00156626314856,4.5
10,1,72,-0.0187400765717,3.0
10,1,72,0.00250580883585,3.0
10,1,73,-0.0203334782273,4.25
10,1,73,-0.00102794333361,4.25
10,1,74,-0.01151936315,4.75
10,1,74,-6.86501007294e-05,4.75
10,1,75,-0.0102444197983,4.5
10,1,75,0.00189285282977,4.5
10,1,76,0.00302271568216,4.75
10,1,76,0.00533934542909,4.75
10,1,77,0.000312545336783,4.5
10,1,77,-0.00834585074335,4.5
10,1,78,-0.000176881963853,5.5
10,1,78,0.00668246485293,5.5
10,1,79,-0.0147933764383,4.5
10,1,79,0.0298915822059,4.5
10,1,80,-0.0167775060982,5.0
10,1,80,-0.00707316445187,5.0
10,1,81,-0.00906301941723,4.25
10,1,81,-0.0109352190048,4.25
10,1,82,0.00142760784365,4.5
10,1,82,-0.000792882347014,4.5
10,1,83,0.00366241624579,3.0
10,1,83,-0.00626473408192,3.0
10,1,84,0.00403145048767,2.75
10,1,84,-0.0050000147894,2.75
10,1,85,-0.00258956803009,4.75
10,1,85,-0.00859618186951,4.75
10,1,86,-0.00200908770785,4.0
10,1,86,-0.012685732916,4.0
10,1,87,-0.0150014040992,4.75
10,1,87,-0.00226512458175,4.75
10,1,88,-0.0169670507312,5.5
10,1,88,0.00151074375026,5.5
10,1,89,-0.0144945653155,5.25
10,1,89,0.00104602868669,5.25
10,1,90,0.0057840179652,3.75
10,1,90,-0.00995479151607,3.75
10,1,91,0.0178460571915,4.5
10,1,91,-0.0179827995598,4.5
10,1,92,0.00291276630014,5.0
10,1,92,-0.0150088313967,5.0
10,1,93,-0.00313962320797,4.0
10,1,93,0.0169770643115,4.0
10,1,94,-0.0146253760904,5.0
10,1,94,-0.00852644164115,5.0
10,1,95,-0.0126653313637,4.75
10,1,95,-0.00727463979274,4.75
10,1,96,-0.0252749063075,4.5
10,1,96,-0.00799990724772,4.5
10,1,97,-0.00983868073672,3.75
10,1,97,-0.0148540707305,3.75
10,1,98,-0.0312040429562,4.5
10,1,98,-0.0174197256565,4.5
10,1,99,-0.0234258119017,5.25
10,1,99,-0.00766403134912,5.25
10,1,100,-0.0153825068846,4.0
10,1,100,-0.00387612730265,4.0
10,1,101,-0.037306830287,5.5
10,1,101,0.00317135662772,5.5
10,1,102,-0.0257599707693,5.0
10,1,102,-0.0121524566785,5.0
10,1,103,-0.0305009558797,3.75
10,1,103,-0.00595445698127,3.75
10,1,104,-0.0268598850816,4.5
10,1,104,-0.00550046516582,4.5
10,1,105,-0.0176077112556,4.0
10,1,105,0.00147553894203,4.0
10,1,106,-0.0248450934887,2.0
10,1,106,-0.0158733408898,2.0
10,1,107,-0.0218188352883,5.0
10,1,107,-0.0158628243953,5.0
10,1,108,-0.0193426199257,5.0
10,1,108,-0.0331116393209,3.75
10,2,3,0.00600423663855,3.75
10,2,3,-0.0185788683593,6.25
10,2,4,-0.0024228875991,6.25
10,2,4,-0.00327026331797,5.5
10,2,5,-0.000235965737374,5.5
10,2,5,-0.00864973384887,5.25
10,2,6,0.00092745112488,5.25
10,2,6,-0.0162749476731,5.25
10,2,7,-0.0141334775835,5.25
10,2,7,-0.0174390114844,5.75
10,2,8,-0.00311279157177,5.75
10,2,8,-0.0197742171586,3.25
10,2,9,-0.00925242248923,3.25
10,2,9,-0.0102994060144,5.25
10,2,10,0.00235830503516,5.25
10,2,10,-0.0101561052725,4.5
10,2,11,0.00823227502406,4.5
10,2,11,-0.0208622962236,4.25
10,2,12,-0.00349375186488,4.25
10,2,12,-0.0165165066719,5.25
10,2,13,-0.0142110772431,5.25
10,2,13,-0.0316870957613,5.25
10,2,14,0.0161242987961,5.25
10,2,14,-0.0493728369474,5.75
10,2,15,0.000844397291075,5.75
10,2,15,-0.0381987318397,4.5
10,2,19,0.00545117398724,4.5
10,2,19,-0.0315275192261,2.75
10,2,20,-0.00434570107609,2.75
10,2,20,-0.0273075327277,5.5
10,2,21,0.00293467915617,5.5
10,2,21,-0.0285300798714,5.5
10,2,22,0.00229094806127,5.5
10,2,22,-0.0255940426141,5.0
10,2,23,-0.00588771747425,5.0
10,2,23,-0.0227476321161,3.5
10,2,26,0.00167357362807,3.5
10,2,26,-0.0348432660103,4.5
10,2,28,-0.00358514883555,4.5
10,2,28,-0.039223857224,5.0
10,2,29,-0.0103197330609,5.0
10,2,29,-0.0344606935978,5.75
10,2,30,-0.00193172344007,5.75
10,2,30,-0.0333089753985,4.75
10,2,33,0.000393566122511,4.75
10,2,33,-0.0410889983177,3.75
10,2,36,-0.0164351779968,3.75
10,2,36,-0.0245667379349,5.0
10,2,37,-0.00603605341166,5.0
10,2,37,-0.0216158498079,4.75
10,2,38,-0.0135407224298,4.75
10,2,38,-0.0242707245052,5.25
10,2,39,-0.0078897010535,5.25
10,2,39,-0.0413559004664,5.25
10,2,41,-0.0102152572945,5.25
10,2,41,-0.028599800542,5.5
10,2,42,-0.0125788152218,5.5
10,2,42,-0.0151268662885,5.75
10,2,43,-0.0144268926233,5.75
10,2,43,-0.0284967832267,5.25
10,2,47,-0.0209142901003,5.25
10,2,47,-0.00929531175643,5.5
10,2,51,-0.00456959521398,5.5
10,2,51,-0.00508847460151,5.5
10,2,52,0.0102286804467,5.5
10,2,52,0.00123627483845,6.75
10,2,53,0.0080708283931,6.75
10,2,53,-0.0145389009267,5.5
10,2,54,0.00370692345314,5.5
10,2,54,-0.0208850651979,3.75
10,2,55,0.0113418633118,3.75
10,2,55,-0.0185230914503,5.25
10,2,56,0.00876705255359,5.25
10,2,56,-0.0148262586445,5.5
10,2,58,0.00226937164553,5.5
10,2,58,-0.0273653864861,5.0
10,2,65,0.0106935082003,5.0
10,2,65,-0.0241001565009,3.0
10,2,66,0.00375359039754,3.0
10,2,66,-0.0187047161162,4.33333
10,2,67,0.0155231477693,4.33333
10,2,67,-0.0284496154636,4.75
10,2,68,-0.0025513775181,4.75
10,2,68,-0.0328098386526,5.25
10,2,69,0.0169960465282,5.25
10,2,69,-0.0266820974648,4.66667
10,2,70,0.00920438673347,4.66667
10,2,70,-0.0335761681199,4.0
10,2,71,0.0010200283723,4.0
10,2,71,-0.0269223917276,6.25
10,2,72,0.00371261965483,6.25
10,2,72,-0.0240398719907,5.5
10,2,73,0.00643564993516,5.5
10,2,73,-0.011975533329,4.75
10,2,74,-0.00541078532115,4.75
10,2,74,-0.0244002137333,4.5
10,2,75,0.00310098659247,4.5
10,2,75,-0.00838141143322,4.5
10,2,76,-0.00178470741957,4.5
10,2,76,-0.0181578379124,3.5
10,2,77,0.000827238312922,3.5
10,2,77,-0.032323397696,5.25
10,2,78,-0.00942216720432,5.25
10,2,78,-0.0179629400373,5.5
10,2,79,-0.00199886644259,5.5
10,2,79,-0.0232148822397,4.5
10,2,80,-0.00211909692734,4.5
10,2,80,-0.00196146918461,5.25
10,2,81,0.00253700604662,5.25
10,2,81,-0.0154691077769,5.25
10,2,82,0.00358237884939,5.25
10,2,82,-0.0174149852246,4.25
10,2,83,-0.0104632657021,4.25
10,2,83,-0.0207884218544,4.0
10,2,84,0.00851805042475,4.0
10,2,84,-0.0288515817374,5.25
10,2,85,0.00704413838685,5.25
10,2,85,-0.0374207794666,4.5
10,2,86,-0.0047992435284,4.5
10,2,86,-0.0375663861632,5.5
10,2,87,-0.00415436504409,5.5
10,2,87,-0.0301314052194,5.5
10,2,88,-0.00949071533978,5.5
10,2,88,-0.00445541366935,4.0
10,2,89,-0.0092932805419,4.0
10,2,89,0.0106802368537,4.25
10,2,90,-0.00463909236714,4.25
10,2,90,-0.00277996901423,4.25
10,2,91,-0.021350780502,4.25
10,2,91,-0.0123049272224,5.75
11,1,4,4.86316537857,5.75
11,1,4,3.11120319366,5.75
11,1,5,4.50804519653,4.5
11,1,5,2.94662570953,4.5
11,1,6,4.44011974335,5.0
11,1,6,2.98022341728,5.0
11,1,7,4.27378463745,4.25
11,1,7,2.75111198425,4.25
11,1,8,4.11152553558,4.25
11,1,8,2.76214170456,4.25
11,1,9,3.9469192028,4.0
11,1,9,3.06364917755,4.0
11,1,10,4.74337482452,4.66667
11,1,10,3.59548401833,4.66667
11,1,11,4.13042449951,4.5
11,1,11,3.07290410995,4.5
11,1,12,4.2329454422,5.5
11,1,12,3.16373109818,5.5
11,1,13,4.77679920197,5.25
11,1,13,3.26892066002,5.25
11,1,14,4.19770240784,4.25
11,1,14,3.52494215965,4.25
11,1,15,3.61567401886,3.5
11,1,15,3.45433282852,3.5
11,1,19,2.94633340836,6.25
11,1,19,3.97697210312,6.25
11,1,20,2.64782738686,5.5
11,1,20,3.60014557838,5.5
11,1,21,2.74378561974,4.25
11,1,21,3.426664114,4.25
11,1,22,2.59748625755,6.25
11,1,22,3.6325302124,6.25
11,1,23,2.80805492401,5.75
11,1,23,3.68307781219,5.75
11,1,24,2.39909815788,3.25
11,1,24,3.67969059944,3.25
11,1,25,2.80984926224,5.0
11,1,25,3.96030378342,5.0
11,1,26,2.54036426544,4.0
11,1,26,3.89914441109,4.0
11,1,27,2.57580041885,4.5
11,1,27,3.64051532745,4.5
11,1,28,2.41678285599,4.5
11,1,28,3.4604139328,4.5
11,1,29,2.38627052307,5.5
11,1,29,3.50363278389,5.5
11,1,30,2.5691075325,4.25
11,1,30,3.55785179138,4.25
11,1,31,2.65002012253,5.5
11,1,31,3.16457390785,5.5
11,1,32,2.46312689781,4.25
11,1,32,3.44248652458,4.25
11,1,33,2.92974019051,5.0
11,1,33,3.63492941856,5.0
11,1,34,2.8835144043,4.5
11,1,34,3.18676710129,4.5
11,1,35,2.6237912178,4.5
11,1,35,3.09291505814,4.5
11,1,36,2.52743840218,5.0
11,1,36,2.98637628555,5.0
11,1,37,2.79752707481,3.75
11,1,37,3.61330890656,3.75
11,1,38,2.86551475525,4.5
11,1,38,3.54819536209,4.5
11,1,39,3.3885986805,5.0
11,1,39,3.05728197098,5.0
11,1,48,3.39071512222,2.25
11,1,48,2.20527410507,2.25
11,1,50,4.02381515503,3.0
11,1,50,2.59468579292,3.0
11,1,51,3.69328975677,4.75
11,1,51,2.9868786335,4.75
11,1,57,2.50512218475,2.5
11,1,57,2.54330015182,2.5
11,1,62,2.82947421074,5.0
11,1,62,3.13081669807,5.0
11,1,63,2.82067346573,6.25
11,1,63,3.26420998573,6.25
11,1,64,2.94908213615,5.0
11,1,64,3.20753479004,5.0
11,1,66,2.795337677,3.25
11,1,66,3.40093207359,3.25
11,1,68,3.03598427773,4.25
11,1,68,3.33399271965,4.25
11,1,69,2.83906960487,4.0
11,1,69,3.14811730385,4.0
11,1,70,2.84668540955,5.0
11,1,70,3.36768937111,5.0
11,1,73,3.23234629631,5.25
11,1,73,2.94053411484,5.25
11,1,75,2.99447917938,3.5
11,1,75,2.89776086807,3.5
11,1,76,3.08570718765,4.0
11,1,76,3.59758377075,4.0
11,1,77,3.19272089005,6.0
11,1,77,3.60971283913,6.0
11,1,78,2.44223833084,5.0
11,1,78,3.32469010353,5.0
11,1,79,2.95900201797,4.5
11,1,79,3.04282832146,4.5
11,1,80,2.84624195099,6.0
11,1,80,3.11181998253,6.0
11,1,81,2.87432742119,4.5
11,1,81,3.61538887024,4.5
11,1,82,2.90401673317,4.5
11,1,82,3.06873607635,4.5
11,1,83,2.78618121147,3.5
11,1,83,2.77995967865,3.5
11,1,84,2.87278699875,3.5
11,1,84,2.95906662941,3.5
11,1,87,2.933781147,2.75
11,1,87,3.95441293716,2.75
11,1,88,2.59053659439,3.75
11,1,88,3.30742025375,3.75
11,1,90,2.68309116364,4.25
11,1,90,3.6791343689,4.25
11,1,91,2.80053162575,5.5
11,1,91,3.37112498283,5.5
11,1,93,2.68577098846,4.25
11,1,93,3.51289200783,4.25
11,1,94,2.70830655098,5.75
11,1,94,3.50701069832,5.75
11,1,95,2.72409009933,4.25
11,1,95,3.20500230789,4.25
11,1,96,3.22921252251,4.75
11,1,96,2.89240932465,4.75
11,1,97,2.79963898659,3.75
11,1,97,2.99110341072,3.75
11,1,98,2.94556713104,4.5
11,1,98,2.9737765789,4.5
11,1,99,3.13948702812,6.25
11,1,99,3.16368412971,5.0
11,2,3,3.00627565384,5.0
11,2,3,3.29828834534,4.0
11,2,4,2.75085377693,4.0
11,2,4,3.35846853256,2.25
11,2,5,2.98982977867,2.25
11,2,5,3.68485951424,5.5
11,2,6,2.917532444,5.5
11,2,6,2.88824224472,0.75
11,2,7,3.06672477722,0.75
11,2,7,2.71248292923,5.0
11,2,8,2.98843169212,5.0
11,2,8,3.20772218704,3.5
11,2,9,2.94037723541,3.5
11,2,9,3.356361866,4.75
11,2,10,2.89521050453,4.75
11,2,10,3.37243485451,2.25
11,2,12,3.36596083641,2.25
11,2,12,2.68815326691,3.75
11,2,17,2.88423013687,3.75
11,2,17,2.29194664955,4.0
11,2,18,2.4392645359,4.0
11,2,18,2.69301962852,5.25
11,2,19,2.80469679832,5.25
11,2,19,2.78601121902,4.75
11,2,20,2.6416285038,4.75
11,2,20,2.69203972816,6.25
11,2,21,2.86080622673,6.25
11,2,21,2.83610963821,3.75
11,2,22,2.83715629578,3.75
11,2,22,2.75949144363,5.75
11,2,23,2.64186429977,5.75
11,2,23,2.7148976326,5.0
11,2,24,2.67799806595,5.0
11,2,24,2.82714748383,5.0
11,2,25,2.47119355202,5.0
11,2,25,2.84619832039,3.5
11,2,26,2.4961771965,3.5
11,2,26,2.86105537415,5.5
11,2,27,3.18641090393,5.5
11,2,27,2.76857542992,4.5
11,2,28,2.90234088898,4.5
11,2,28,2.65205049515,4.75
11,2,29,2.74080586433,4.75
11,2,29,2.61148095131,4.0
11,2,30,3.04662513733,4.0
11,2,30,2.63378810883,5.0
11,2,31,2.88259768486,5.0
11,2,31,2.66228938103,5.25
11,2,32,3.22732877731,5.25
11,2,32,2.55373454094,4.25
11,2,33,3.04139876366,4.25
11,2,33,3.21274209023,6.5
11,2,34,2.91320204735,6.5
11,2,34,2.82455730438,3.75
11,2,35,2.97822403908,3.75
11,2,35,2.69949626923,4.25
11,2,36,2.90047860146,4.25
11,2,36,2.65750956535,5.0
11,2,37,2.78519034386,5.0
11,2,37,3.01719689369,4.25
11,2,38,3.0973200798,4.25
11,2,38,2.88197422028,4.5
11,2,39,2.96203422546,4.5
11,2,39,2.94061136246,4.25
11,2,40,3.2125647068,4.25
11,2,40,3.3860104084,4.75
11,2,41,2.72610163689,4.75
11,2,41,2.56737065315,4.75
11,2,42,2.60257720947,4.75
11,2,42,3.17206335068,5.25
11,2,43,2.6165459156,5.25
11,2,43,3.44565868378,5.5
11,2,44,2.79243516922,5.5
11,2,44,3.09263634682,4.25
11,2,45,2.66959023476,4.25
11,2,45,3.15705275536,4.25
11,2,46,2.51090097427,4.25
11,2,46,3.26024365425,4.0
11,2,47,2.59791779518,4.0
11,2,47,3.00709986687,6.5
11,2,48,2.56139779091,6.5
11,2,48,3.26401782036,2.75
11,2,49,2.79724264145,2.75
11,2,49,3.1011633873,4.25
11,2,50,2.64298439026,4.25
11,2,50,2.93271207809,4.5
11,2,51,2.66871118546,4.5
11,2,51,3.3249437809,5.0
11,2,52,3.01203894615,5.0
11,2,52,3.24350166321,4.5
11,2,53,3.47727894783,4.5
11,2,53,3.13019704819,3.75
11,2,54,3.22585368156,3.75
11,2,54,3.25215554237,4.5
11,2,55,3.17759418488,4.5
11,2,55,2.8198158741,4.75
11,2,56,3.06500840187,4.75
11,2,56,3.58518815041,2.5
11,2,60,3.03969860077,2.5
11,2,60,3.31834864616,3.25
11,2,61,3.38000941277,3.25
11,2,61,3.07764720917,1.75
11,2,62,3.68553686142,1.75
11,2,62,2.99168586731,2.75
11,2,63,3.32026720047,2.75
11,2,63,3.20201468468,4.25
11,2,64,3.89194321632,4.25
11,2,64,3.12795114517,2.5
11,2,65,3.98023152351,2.5
11,2,65,2.94889616966,1.75
11,2,66,3.91763782501,1.75
11,2,66,2.71596622467,4.75
11,2,67,3.89947462082,4.75
11,2,67,3.00818443298,4.0
11,2,68,3.77855420113,4.0
11,2,68,3.3130531311,3.25
11,2,69,3.77241158485,3.25
11,2,69,3.1878759861,4.25
11,2,72,3.19886684418,4.25
11,2,72,2.97494101524,4.25
11,2,73,3.01641321182,4.25
11,2,73,3.22541379929,4.25
11,2,74,2.97821140289,4.25
11,2,74,3.07877111435,2.5
11,2,75,2.74592351913,2.5
11,2,75,3.3770031929,5.5
11,2,76,3.11744308472,5.5
11,2,76,3.22055864334,4.5
11,2,77,3.04674196243,4.5
11,2,77,3.07896399498,5.5
11,2,78,3.38594222069,5.5
11,2,78,2.94922494888,4.25
11,2,79,3.09519600868,4.25
11,2,79,2.8259062767,3.75
11,2,80,2.78803682327,3.75
11,2,80,3.17434620857,3.0
11,2,81,3.11249136925,3.0
11,2,81,3.02059555054,4.75
11,2,82,3.31979584694,4.75
11,2,82,2.9376809597,4.0
11,2,83,3.44220948219,4.0
11,2,83,3.24584197998,4.75
11,2,84,3.26492762566,4.75
11,2,84,2.90101599693,5.0
11,2,85,3.41545271873,5.0
11,2,85,3.14686703682,5.75
11,2,86,3.40378642082,5.75
11,2,86,2.85827851295,4.25
11,2,87,3.32489347458,4.25
11,2,87,2.9114947319,5.0
11,2,88,3.12445640564,5.0
11,2,88,2.87408709526,4.75
11,2,89,3.63388681412,4.75
11,2,89,2.65515899658,3.25
11,2,90,3.20082402229,3.25
11,2,90,2.81938529015,4.5
11,2,91,2.99339818954,4.5
11,2,91,2.76088285446,5.5
11,2,92,2.87298536301,5.5
11,2,92,3.09240102768,5.0
11,2,93,3.25356316566,5.0
11,2,93,3.31026363373,4.25
11,2,94,3.55809259415,4.25
11,2,94,2.94398760796,4.0
11,2,95,3.46089553833,4.0
11,2,95,3.65382623672,5.0
11,2,96,3.43394303322,5.0
11,2,96,3.34233021736,3.75
11,2,97,3.5189948082,3.75
11,2,97,3.55600833893,5.0
11,2,98,2.83007287979,5.0
11,2,98,2.67281317711,5.5
11,2,99,3.54394054413,5.5
11,2,99,2.42480039597,4.5
11,2,100,3.19067549706,4.5
11,2,100,3.15986514091,4.75
11,2,101,3.47947359085,4.75
11,2,101,3.41882634163,3.75
11,2,102,3.34253549576,3.75
11,2,102,3.2588660717,5.25
11,2,103,3.04505133629,5.25
11,2,103,3.18963003159,6.0
11,2,104,3.16598558426,6.0
11,2,104,3.29789638519,4.5
11,2,105,3.33496999741,4.5
11,2,105,3.2461810112,3.0
11,2,106,2.96879172325,3.0
11,2,106,3.32953643799,4.75
11,2,109,2.89587068558,4.75
11,2,109,3.79276227951,4.75
11,2,110,3.08708667755,4.75
11,2,110,3.17981624603,4.5
12,1,2,0.355809271336,6.5
12,1,2,0.578238487244,6.5
12,1,3,0.484780877829,6.0
12,1,3,0.497312426567,6.0
12,1,5,0.414886116982,6.0
12,1,5,0.536023497581,6.0
12,1,6,0.461461305618,5.0
12,1,6,0.510800778866,5.0
12,1,7,0.452284246683,6.25
12,1,7,0.458415687084,6.25
12,1,8,0.472910583019,5.25
12,1,8,0.442028820515,5.25
12,1,9,0.467304348946,4.75
12,1,9,0.46982344985,4.75
12,1,10,0.528490424156,5.25
12,1,10,0.534815788269,5.25
12,1,11,0.542031526566,5.0
12,1,11,0.46118542552,5.0
12,1,12,0.436662912369,5.75
12,1,12,0.45066177845,5.75
12,1,69,0.382045090199,3.75
12,1,69,0.457038491964,4.0
12,2,4,0.219237357378,4.0
12,2,4,0.485424607992,5.25
12,2,5,0.365647137165,5.25
12,2,5,0.419230997562,5.0
12,2,11,0.323764890432,5.0
12,2,11,0.336361318827,5.25
16,2,5,3.3326048851,4.0
16,2,5,3.03621506691,4.0
16,2,6,3.28886079788,4.5
16,2,6,3.21265339851,4.5
16,2,7,3.2585644722,5.0
16,2,7,2.76075959206,5.0
16,2,8,3.34612154961,3.25
16,2,8,2.43340587616,3.25
16,2,9,3.2885286808,3.5
16,2,9,3.28254747391,3.5
16,2,10,3.32147836685,5.5
16,2,10,3.24540925026,5.5
16,2,11,3.2589635849,4.5
16,2,11,3.36526870728,4.5
16,2,12,3.35410523415,5.5
16,2,12,2.98341178894,5.5
16,2,13,3.34447860718,4.5
16,2,13,3.25908184052,4.5
16,2,14,3.42467546463,4.0
16,2,14,3.08730649948,4.0
16,2,15,3.33293676376,4.25
16,2,15,3.07962226868,4.25
16,2,21,3.20765686035,3.75
16,2,21,3.22082853317,3.75
16,2,22,3.13197660446,1.75
16,2,22,2.99814796448,1.75
16,2,23,2.86487102509,2.5
16,2,23,2.89393591881,2.5
16,2,24,2.92379260063,3.5
16,2,24,2.88938212395,3.5
16,2,25,2.75818729401,3.0
16,2,25,2.63746476173,3.0
16,2,26,2.31314325333,3.25
16,2,26,2.57728433609,3.25
16,2,27,3.03733539581,4.25
16,2,27,2.73158788681,4.25
16,2,28,3.0104033947,3.25
16,2,28,2.5931122303,3.25
16,2,29,2.98077535629,2.0
16,2,29,2.85218286514,2.0
16,2,30,3.14169716835,3.0
16,2,30,2.638463974,3.0
16,2,31,2.93875622749,2.0
16,2,31,2.92019057274,2.0
16,2,32,3.11314415932,2.75
16,2,32,2.78351473808,2.75
16,2,33,2.88669347763,1.5
16,2,33,2.9552397728,1.5
16,2,34,2.74455022812,2.25
16,2,34,3.16709423065,2.25
16,2,35,3.13380646706,2.5
16,2,35,2.59168148041,2.5
16,2,36,3.19662809372,3.75
16,2,36,2.80106735229,3.75
16,2,37,3.14723443985,4.5
16,2,37,2.56556773186,4.5
16,2,38,3.04181981087,4.0
16,2,38,2.64339375496,4.0
16,2,39,3.00478506088,2.25
16,2,39,2.87063837051,2.25
16,2,40,3.14018964767,2.0
16,2,40,2.54590058327,2.0
16,2,41,3.0529358387,1.75
16,2,41,2.71024918556,1.75
16,2,42,2.72290444374,2.5
16,2,42,2.67213749886,2.5
16,2,43,2.98884439468,2.25
16,2,43,2.721824646,2.25
16,2,44,3.18109512329,2.75
16,2,44,2.79297828674,2.75
16,2,45,2.65533804893,3.0
16,2,45,2.84102964401,3.0
16,2,46,2.82971692085,2.5
16,2,46,3.00685667992,2.5
16,2,47,2.77528166771,1.75
16,2,47,2.88478350639,1.75
16,2,48,3.33621001244,3.25
16,2,48,2.51181864738,3.25
16,2,49,3.40897607803,2.75
16,2,49,2.64590120316,2.75
16,2,50,3.15411400795,2.25
16,2,50,2.50882053375,2.25
16,2,51,3.07316637039,3.5
16,2,51,2.83840703964,3.5
16,2,52,2.96538114548,2.25
16,2,52,2.36983704567,2.25
16,2,53,3.21987485886,4.0
16,2,53,2.82122945786,4.0
16,2,54,2.61793351173,1.25
16,2,54,2.97729444504,1.25
16,2,55,3.11522126198,4.0
16,2,55,2.94562339783,4.0
16,2,56,3.31249666214,4.75
16,2,56,3.1559586525,4.75
16,2,57,2.85894870758,3.0
16,2,57,3.20984888077,3.0
16,2,58,2.66390585899,2.25
16,2,58,3.50781393051,2.25
16,2,60,2.54350423813,3.0
16,2,60,2.5077149868,3.0
16,2,61,2.59407138824,2.5
16,2,61,3.17220687866,2.5
16,2,65,3.48166131973,5.0
16,2,65,3.07495331764,5.0
16,2,66,3.53124427795,5.75
16,2,66,3.01189494133,5.75
16,2,67,3.65119409561,3.5
16,2,67,2.76545238495,3.5
16,2,68,3.38074922562,1.25
16,2,68,2.96465563774,1.25
16,2,69,3.2315466404,1.75
16,2,69,2.93960046768,1.75
16,2,70,3.16380167007,1.75
16,2,70,2.86062097549,1.75
16,2,71,3.22954440117,4.0
16,2,71,3.05024385452,4.0
16,2,72,3.21852731705,2.25
16,2,72,3.10610747337,2.25
16,2,73,2.88458251953,4.0
16,2,73,2.9415345192,4.0
16,2,76,2.8714735508,3.0
16,2,76,3.22511935234,3.0
16,2,77,3.14065670967,5.5
16,2,77,3.46773386002,5.5
16,2,78,2.88547086716,4.25
16,2,78,3.05012965202,4.25
16,2,79,3.47128176689,5.0
16,2,79,3.14341926575,5.0
16,2,80,3.07117724419,4.0
16,2,80,3.21320605278,4.0
16,2,81,3.24000787735,2.5
16,2,81,3.43242144585,2.5
16,2,82,2.59097886086,2.25
16,2,82,3.10702037811,2.25
16,2,83,3.0418214798,4.5
16,2,83,3.16530394554,4.5
16,2,84,3.21837091446,3.75
16,2,84,3.10888814926,3.75
16,2,85,3.16607618332,3.5
16,2,85,2.99185609818,3.5
16,2,86,2.61660766602,4.5
16,2,86,3.16059017181,4.5
16,2,87,3.23324918747,3.5
16,2,87,2.93943977356,3.5
16,2,88,3.19659423828,3.75
16,2,88,2.90851402283,3.75
16,2,89,3.47454333305,1.75
16,2,89,2.92499494553,1.75
16,2,90,2.37087225914,1.75
16,2,90,2.56566739082,1.75
16,2,91,2.55392456055,3.25
16,2,91,3.11325335503,3.25
16,2,92,2.54195642471,2.5
16,2,92,3.03560876846,2.5
16,2,93,2.51700186729,4.0
16,2,93,2.98797464371,4.0
16,2,94,2.42568492889,4.0
16,2,94,3.13799524307,4.0
16,2,95,2.83751988411,3.5
16,2,95,2.69548821449,3.5
16,2,96,2.81299638748,3.5
16,2,96,2.87150979042,3.5
16,2,97,2.93321251869,2.75
16,2,97,3.14930963516,2.75
16,2,98,2.57792043686,4.5
16,2,98,3.23118638992,4.5
16,2,99,2.11492586136,3.25
16,2,99,2.90184903145,3.25
16,2,100,3.27924537659,3.25
16,2,100,2.52254724503,3.25
16,2,101,3.02810692787,5.0
16,2,101,3.09726881981,5.0
16,2,102,2.86463165283,1.75
16,2,102,3.00966930389,1.75
16,2,103,3.25156331062,3.25
16,2,103,3.04391169548,3.25
16,2,104,3.36878681183,1.75
16,2,104,2.7511920929,1.75
16,2,105,3.14973664284,3.75
16,2,105,2.82371473312,3.75
16,2,106,2.90289258957,2.75
16,2,106,3.02589201927,2.75
16,2,107,2.68469905853,3.25
16,2,107,2.71048760414,3.25
16,2,108,2.1914896965,2.75
16,2,108,3.04518032074,2.75
16,2,109,3.1899805069,4.5
16,2,109,3.13819885254,4.5
16,2,110,3.16917395592,2.25
16,2,110,2.6603884697,2.25
16,2,111,3.20829153061,3.5
16,2,111,2.93457865715,3.5
16,2,112,3.24209594727,1.5
16,2,112,3.01366114616,1.5
16,2,113,3.12273454666,2.5
16,2,113,2.95536184311,2.5
16,2,114,3.52037668228,3.5
16,2,114,3.00909662247,3.5
16,2,115,3.42124176025,2.75
16,2,115,3.22566413879,2.75
16,2,116,3.0745177269,4.0
17,1,4,4.51172828674,2.75
17,1,4,3.39090037346,2.75
17,1,5,4.14902544022,2.75
17,1,5,2.70585489273,2.75
17,1,6,4.30151510239,2.75
17,1,6,2.8778231144,2.75
17,1,7,4.7242937088,2.75
17,1,7,2.74881839752,2.75
17,1,8,4.3304309845,2.75
17,1,8,3.01354575157,2.75
17,1,9,4.12056064606,1.5
17,1,9,3.20080971718,1.5
17,1,10,3.62071752548,1.5
17,1,10,3.03316187859,1.5
17,1,12,4.01035785675,2.25
17,1,12,3.84781551361,2.25
17,1,17,4.60813903809,3.0
17,1,17,2.23903632164,3.0
17,1,18,4.97660541534,2.75
17,1,18,2.33539891243,2.75
17,1,19,4.45525312424,4.0
17,1,19,2.41586828232,4.0
17,1,20,4.73955726624,3.5
17,1,20,2.70319032669,3.5
17,1,21,4.40132951736,2.5
17,1,21,2.44677114487,2.5
17,1,22,4.55225133896,3.0
17,1,22,2.35148596764,3.0
17,1,23,4.93925189972,2.5
17,1,23,2.31508016586,2.5
17,1,24,4.7502412796,3.25
17,1,24,2.78349781036,3.25
17,1,25,4.82662773132,3.75
17,1,25,2.56558704376,3.75
17,1,26,4.79963636398,3.0
17,1,26,2.29939031601,3.0
17,1,27,4.92853164673,4.5
17,1,27,2.52383136749,4.5
17,1,29,4.27542829514,4.0
17,1,29,2.43768954277,4.0
17,1,30,4.60438346863,5.25
17,1,30,2.4310464859,5.25
17,1,31,4.12227869034,4.0
17,1,31,2.49710345268,4.0
17,1,32,4.50325870514,4.5
17,1,32,2.88041043282,4.5
17,1,33,4.29678010941,3.75
17,1,33,2.1617462635,3.75
17,1,34,4.16865682602,3.25
17,1,34,2.50171208382,3.25
17,1,35,4.50315141678,2.5
17,1,35,2.43347096443,2.5
17,1,36,4.31856203079,2.75
17,1,36,2.63598799706,2.75
17,1,37,4.86445522308,2.5
17,1,37,2.73138999939,2.5
17,1,38,4.69457578659,2.25
17,1,38,2.28853917122,2.25
17,1,39,4.36459541321,4.5
17,1,39,2.5290453434,4.5
17,1,40,4.54404497147,3.0
17,1,40,2.40589785576,3.0
17,1,41,4.39230251312,3.25
17,1,41,2.72081851959,3.25
17,1,42,4.44119739532,3.75
17,1,42,2.6658616066,3.75
17,1,43,4.48935127258,4.25
17,1,43,2.32106542587,4.25
17,1,44,4.29858589172,3.5
17,1,44,2.54133248329,3.5
17,1,45,4.4686961174,3.0
17,1,45,2.83994436264,3.0
17,1,46,4.33202171326,4.0
17,1,46,2.44796943665,4.0
17,1,51,4.52083921432,3.0
17,1,51,2.55720186234,3.0
17,1,52,4.57813358307,2.75
17,1,52,2.8925216198,2.75
17,1,53,4.64341449738,2.75
17,1,53,2.56081628799,2.75
17,1,54,4.50409984589,3.25
17,1,54,2.51656198502,3.25
17,1,55,4.14737272263,2.5
17,1,55,2.82342600822,2.5
17,1,56,4.4297208786,3.25
17,1,56,2.28003835678,3.25
17,1,59,4.49343490601,2.5
17,1,59,3.26979970932,2.5
17,1,60,4.30972576141,3.0
17,1,60,3.30238342285,3.0
17,1,61,3.48214626312,2.25
17,1,61,2.55020642281,2.25
17,1,62,3.63924598694,1.75
17,1,62,3.36499357224,1.75
17,1,63,3.24221634865,1.75
17,1,63,3.53165030479,1.75
17,1,64,3.45359897614,1.0
17,1,64,3.14234685898,1.0
17,1,65,3.56649422646,1.25
17,1,65,2.65394902229,1.25
17,1,67,4.56494474411,3.0
17,1,67,3.29128050804,3.0
17,1,68,4.32904338837,3.75
17,1,68,2.8900885582,3.75
17,1,69,3.98791408539,2.5
17,1,69,3.60267591476,2.5
17,1,72,5.15780258179,5.25
17,1,72,2.76998519897,5.25
17,1,73,4.297311306,4.25
17,1,73,2.20326328278,4.25
17,1,74,4.50937843323,3.25
17,1,74,2.13010764122,3.25
17,1,75,4.15131807327,1.75
17,1,75,2.51468348503,1.75
17,1,76,4.43832159042,4.5
17,1,76,2.63602304459,4.5
17,1,77,4.46050357819,3.5
17,1,77,2.25167798996,3.5
17,1,78,4.01733827591,4.25
17,1,78,2.29279875755,4.25
17,1,79,4.28069448471,3.25
17,1,79,2.70491933823,3.25
17,1,80,4.26640510559,4.25
17,1,80,2.56829309464,4.25
17,1,81,4.56896734238,4.5
17,1,81,2.12076354027,4.5
17,1,82,4.53358650208,5.0
17,1,82,2.4470000267,5.0
17,1,83,4.6716170311,3.5
17,1,83,2.43091535568,3.5
17,1,84,4.37852525711,4.25
17,1,84,2.53013515472,4.25
17,1,85,4.29576778412,4.75
17,1,85,2.36179018021,4.75
17,1,86,4.48753261566,4.0
17,1,86,2.44968795776,4.0
17,1,87,4.54657363892,2.5
17,1,87,2.59420537949,2.5
17,1,88,4.83070611954,4.25
17,1,88,2.61922740936,4.25
17,1,89,4.47162818909,3.25
17,1,89,2.48383545876,3.25
17,1,90,4.77794265747,5.5
17,1,90,2.1440885067,5.5
17,1,91,4.61559200287,3.5
17,1,91,2.84671545029,3.5
17,1,92,4.68756723404,5.25
17,1,92,2.46485996246,5.25
17,1,93,4.09782409668,3.5
17,1,93,2.86072206497,3.5
17,1,94,4.97068357468,3.5
17,1,94,2.48619604111,3.5
17,1,95,4.67024278641,5.25
17,1,95,2.64181232452,5.25
17,1,96,3.94854879379,1.5
17,1,96,2.25577831268,1.5
17,1,97,4.11113023758,2.5
17,1,97,2.53557085991,2.5
17,1,98,5.0338344574,3.5
17,1,98,2.80059504509,3.5
17,1,99,4.3748216629,3.5
17,1,99,2.35367798805,3.5
17,1,100,4.70728683472,2.75
17,1,100,2.72880506516,2.75
17,1,101,4.3375210762,3.0
17,1,101,2.40425014496,3.0
17,1,102,4.37187862396,3.75
17,1,102,2.6994562149,3.75
17,1,104,4.39345312119,3.25
17,1,104,2.66222262383,3.25
17,1,105,4.65365219116,3.75
17,1,105,2.64031863213,3.75
17,1,106,4.60645675659,2.75
17,1,106,2.55812287331,2.75
17,1,107,4.68830299377,3.25
17,1,107,2.54540634155,3.25
17,1,108,4.64124917984,2.5
17,1,108,2.17644762993,2.5
17,1,109,4.44625854492,2.5
18,1,2,-0.00472799222916,4.25
18,1,2,0.0128591563553,4.25
18,1,3,-0.00359940598719,2.25
18,1,3,0.0172865316272,2.25
18,1,4,9.92263376247e-05,3.0
18,1,4,0.00823469646275,3.0
18,1,5,0.0102705527097,1.5
18,1,5,0.000656784046441,1.5
18,1,6,0.00724564585835,3.5
18,1,6,0.00268186000176,3.5
18,1,7,0.0158020965755,2.5
18,1,7,-0.0118607515469,2.5
18,1,8,0.0209790598601,2.25
18,1,8,-0.055116083473,2.25
18,1,9,0.00509012583643,2.0
18,1,9,-0.0409262254834,2.0
18,1,10,0.00749661820009,1.75
18,1,10,0.00999978091568,1.75
18,1,11,-0.00390407093801,5.75
18,1,11,0.00180822832044,5.75
18,1,12,-0.00275649456307,6.0
18,1,12,-0.0190379302949,6.0
18,1,16,-0.05680706352,2.33333
18,1,16,0.0269502438605,2.33333
18,1,17,-0.024493612349,3.0
18,1,17,0.0216713715345,3.0
18,1,18,-0.00797112192959,2.75
18,1,18,0.0283863898367,2.75
18,1,19,-0.000662770937197,2.75
18,1,19,0.0190809778869,2.75
18,1,20,-0.0112522393465,2.75
18,1,20,0.0357913449407,2.75
18,1,21,0.00277851871215,2.5
18,1,21,0.0217099059373,2.5
18,1,28,-0.00573758827522,3.25
18,1,28,0.0216264277697,3.25
18,1,29,-0.0111836455762,3.75
18,1,29,0.0166573598981,3.75
18,1,30,0.00430703209713,2.75
18,1,30,0.0229286029935,2.75
18,1,31,-0.0233322884887,3.75
18,1,31,0.0183600317687,3.75
18,1,32,-5.71014825255e-05,1.25
18,1,32,0.00255167717114,1.25
18,1,33,-0.00711817713454,1.0
18,1,33,0.0174177661538,1.0
18,1,34,0.00406549265608,2.25
18,1,34,0.0233448632061,2.25
18,1,35,0.010572928004,2.25
18,1,35,0.0306070353836,2.25
18,1,36,0.00267170881853,2.25
18,1,36,0.030375039205,2.25
18,1,37,0.00779401604086,2.75
18,1,37,0.0137655474246,2.75
18,1,38,-0.0291980672628,3.5
18,1,38,0.0124883372337,3.5
18,1,39,-0.00577709916979,4.0
18,1,39,0.000652726041153,4.0
18,1,40,-0.00351044628769,4.0
18,1,40,0.018635917455,4.0
18,1,41,0.000281785731204,4.0
18,1,41,-0.000688888365403,4.0
18,1,42,-0.0133367469534,2.5
18,1,42,-0.00738646229729,2.5
18,1,43,-0.0244843456894,4.25
18,1,43,0.00632205978036,4.25
18,1,44,-0.031022483483,2.5
18,1,44,0.010055847466,2.5
18,1,45,-0.0199015941471,4.75
18,1,45,-0.0100609483197,4.75
18,1,46,0.00389120308682,2.25
18,1,46,0.00890069361776,2.25
18,1,47,-0.0232986416668,1.75
18,1,47,0.0214325264096,1.75
18,1,48,-0.0233864765614,1.75
18,1,48,0.0253998748958,1.75
18,1,49,-0.0175764728338,1.5
18,1,49,0.0093729281798,1.5
18,1,50,-0.0166946519166,2.25
18,1,50,0.0261854864657,2.25
18,1,51,-0.0305404365063,1.25
18,1,51,0.0143596604466,1.25
18,1,53,-0.0109282648191,3.25
18,1,53,0.0149581590667,3.25
18,1,54,0.008699612692,1.25
18,1,54,0.0130898971111,1.25
18,1,55,0.00208891369402,1.75
18,1,55,0.0240249745548,1.75
18,1,56,-0.00148446380626,3.25
18,1,56,-0.00265257572755,3.25
18,1,59,-0.0102279465646,1.66667
18,1,59,-0.00171650142875,1.66667
18,1,60,0.000113925721962,1.0
18,1,60,-0.013666308485,1.0
18,1,61,0.00369933363982,3.25
18,1,61,0.0157285779715,3.25
18,1,62,0.00255331746303,1.5
18,1,62,0.00719996774569,1.5
18,1,64,-0.0069004339166,2.25
18,1,64,-0.00188017601613,2.25
18,1,65,-0.0161658525467,1.0
18,1,65,-0.00347645673901,1.0
18,1,66,-0.0273776631802,1.75
18,1,66,-0.033508118242,1.75
18,1,67,-0.0248385258019,1.0
18,1,67,-0.0245498660952,1.0
18,1,68,-0.0285207312554,2.5
18,1,68,-0.0179805718362,2.5
18,1,74,-0.0117210494354,1.5
18,1,74,0.00503728445619,1.5
18,1,75,-0.0175244435668,1.0
18,1,75,0.00992275308818,1.0
18,1,76,0.0115660782903,2.0
18,1,76,0.0218823570758,2.0
18,1,77,0.00750907370821,1.0
18,1,77,0.0169596616179,1.0
18,1,78,0.00130707910284,2.0
18,1,78,0.00159571808763,2.0
18,1,79,-0.011808866635,2.25
18,1,79,0.0222159381956,2.25
18,1,80,-0.0196601748466,3.5
18,1,80,0.0204534083605,3.5
18,1,81,-0.0140586951748,3.75
18,1,81,0.0134991146624,3.75
18,1,82,-0.025124983862,3.25
18,1,82,0.0230915453285,3.25
18,1,84,-0.00337739568204,4.5
18,1,84,0.0210371110588,4.5
18,1,85,-0.00613368861377,4.0
18,1,85,0.0128738284111,4.0
18,1,90,-0.0022559738718,2.5
18,1,90,0.0285325460136,2.5
18,1,91,-0.0237634871155,2.5
18,1,91,0.0024594317656,2.5
18,1,92,0.00144331448246,2.25
18,1,92,0.0270359609276,2.25
18,1,93,-0.0308820586652,2.0
18,1,93,-0.00868437532336,2.0
18,1,94,0.000778466230258,2.5
18,1,94,0.010970021598,2.5
18,1,95,-0.0388966314495,4.25
18,1,95,0.00953786447644,4.25
18,1,96,0.00434968108311,2.5
18,1,96,0.000441263488028,2.5
18,1,97,0.000981645192951,3.25
18,1,97,0.0157077275217,3.25
18,1,98,0.00670603662729,2.25
18,1,98,0.0113333649933,2.25
18,1,99,0.00709841260687,2.5
18,1,99,0.0288893058896,2.5
18,1,100,-0.000828316435218,3.75
18,1,100,0.0189819242805,3.75
18,1,101,-0.0110004162416,2.25
18,1,101,0.026787109673,2.25
18,1,102,-0.00463415822014,2.25
18,1,102,0.0165464300662,2.25
18,1,103,-0.0160303097218,2.0
18,1,103,0.0116949155927,2.0
18,1,104,-0.00652549602091,3.25
18,1,104,0.0182922501117,3.25
18,1,105,-0.0075824894011,1.75
18,1,105,0.00537015497684,1.75
18,1,109,-0.0239698514342,3.0
18,1,109,0.00438582431525,3.0
18,1,111,-0.0174431223422,2.75
18,1,111,0.00355986459181,2.75
18,1,112,-0.00460277916864,1.25
