3,1,1,4.83021259308,3.875
3,1,1,4.06497812271,3.875
3,1,2,3.75454187393,4.5
3,1,2,2.20736527443,4.5
3,1,3,3.39296197891,3.0
3,1,3,3.21462726593,3.0
3,1,4,2.73278546333,3.25
3,1,4,3.82169675827,3.25
3,1,5,3.21996307373,6.0
3,1,5,4.2777967453,6.0
3,1,6,2.04995059967,4.5
3,1,6,3.84172987938,4.5
3,1,7,3.46898055077,4.75
3,1,7,4.24690628052,4.75
3,1,8,3.63339662552,3.5
3,1,8,2.90560793877,3.5
3,1,10,2.70162773132,2.875
3,1,10,2.90548825264,2.875
3,1,14,3.27987074852,3.75
3,1,14,4.33258342743,3.75
3,1,15,3.42192912102,5.0
3,1,15,2.429074049,5.0
3,1,16,2.96683239937,4.75
3,1,16,2.85041308403,4.75
3,1,17,3.39595532417,5.0
3,1,17,3.79894328117,5.0
3,1,18,1.99506878853,3.75
3,1,18,3.46090149879,3.75
3,1,20,3.08336687088,2.5
3,1,20,2.73103737831,2.5
3,1,21,3.34589314461,4.5
3,1,21,4.10635900497,4.5
3,1,22,3.36429548264,4.83333
3,1,22,3.14883041382,4.83333
3,1,24,2.57107853889,4.5
3,1,24,3.80110692978,4.5
3,1,25,3.17124915123,5.5
3,1,25,4.08383703232,5.5
3,1,26,2.78384685516,4.0
3,1,26,3.62099671364,4.0
3,1,27,2.84893107414,5.25
3,1,27,4.52629232407,5.25
3,1,28,1.76001751423,4.75
3,1,28,2.23019218445,4.75
3,1,29,3.54506158829,1.25
3,1,29,2.39990997314,1.25
3,1,30,2.53701424599,4.5
3,1,30,3.86149525642,4.5
3,1,33,2.3892159462,3.0
3,1,33,3.34321165085,3.0
3,1,34,2.14790630341,4.125
3,1,34,2.92097353935,4.125
3,1,35,2.29007434845,4.375
3,1,35,3.8792681694,4.375
3,1,40,3.44954562187,5.0
3,1,40,2.58003950119,5.0
3,1,43,1.64771783352,4.0
3,1,43,3.40553927422,4.0
3,1,44,2.87744283676,3.0
3,1,44,3.51126074791,3.0
3,1,45,2.15826058388,4.25
3,1,45,2.92880630493,4.25
3,1,46,2.20989966393,5.0
3,1,46,3.34100222588,5.0
3,1,47,2.6713540554,4.25
3,1,47,3.06175637245,4.25
3,1,48,3.18057179451,2.5
3,1,48,3.28941583633,2.5
3,1,49,2.89099574089,5.0
3,1,49,2.78386211395,5.0
3,1,50,2.76288151741,4.66667
3,1,50,3.89165520668,4.66667
3,1,51,2.19082045555,4.5
3,1,51,2.92935442924,4.5
3,1,52,3.08373832703,3.5
3,1,52,3.59083986282,3.5
3,1,55,3.08287572861,3.25
3,1,55,3.96017932892,3.25
3,1,56,2.33597993851,4.0
3,1,56,3.4987757206,4.0
3,1,57,2.334897995,4.875
3,1,57,4.16361761093,4.875
3,1,58,3.60973024368,4.5
3,1,58,4.46240186691,4.5
3,1,59,2.74486231804,5.5
3,1,59,4.76706171036,5.5
3,1,60,3.13280367851,5.5
3,1,60,3.69338726997,5.5
3,1,61,3.03525710106,5.5
3,1,61,3.61320638657,5.5
3,1,62,2.73941326141,4.375
3,1,62,4.06678056717,4.375
3,1,63,2.50439691544,4.75
3,1,63,3.38900542259,4.75
3,1,64,2.69266271591,5.75
3,1,64,3.85539889336,5.75
3,1,65,3.32549190521,6.25
3,1,65,4.02449560165,6.25
3,1,66,3.17093849182,3.0
3,1,66,4.03096723557,3.0
3,1,70,2.78296232224,2.75
3,1,70,2.74638748169,2.75
3,1,71,2.79200530052,2.0
3,1,71,3.94392561913,2.0
3,1,73,3.47441911697,3.0
3,1,73,3.48864293098,3.0
3,1,74,3.23510408401,4.0
3,1,74,3.23794841766,4.0
3,1,75,3.70361447334,4.0
3,1,75,2.68458032608,4.0
3,1,78,3.39909100533,5.25
3,1,78,3.5065984726,5.25
3,1,79,3.64538359642,5.25
3,1,79,3.79117321968,5.25
3,1,80,2.32892346382,2.75
3,1,80,3.28905797005,2.75
3,1,81,3.10809397697,2.75
3,1,81,2.05507802963,2.75
3,1,82,2.58235263824,3.0
3,1,82,3.08634066582,3.0
3,1,83,2.63927292824,4.5
3,1,83,3.78178620338,4.5
3,1,84,2.93943452835,3.75
3,1,84,3.15558457375,3.75
3,1,85,3.00376272202,2.0
3,1,85,3.48391890526,2.0
3,1,86,3.11985135078,4.25
3,1,86,4.27838516235,4.25
3,1,87,3.4909517765,4.25
3,1,87,4.32298564911,4.25
3,1,88,2.88508439064,4.0
3,1,88,3.34873223305,4.0
3,1,89,2.68868398666,4.25
3,1,89,3.06374025345,4.25
3,1,90,3.32249736786,3.75
3,1,90,3.71952867508,3.75
3,1,91,2.88303494453,4.0
3,1,91,2.47244429588,4.0
3,1,92,2.09640145302,3.5
3,1,92,3.0300719738,3.5
3,1,93,2.95272111893,3.25
3,1,93,3.0351793766,3.25
3,1,94,2.91210889816,3.25
3,1,94,3.25459194183,3.25
3,1,95,2.77380371094,3.75
3,1,95,3.85803961754,3.75
3,1,96,2.99343132973,3.875
3,1,96,3.68210053444,3.875
3,1,97,-0.0992021113634,1.25
3,1,97,2.74576187134,1.25
3,1,98,2.42569446564,1.75
3,1,98,3.23289608955,1.75
3,1,99,2.78204011917,1.5
3,1,99,3.51556968689,1.5
3,1,100,2.96378684044,2.375
3,1,100,3.83066105843,2.375
3,1,101,3.61095333099,4.375
3,1,101,3.52717995644,4.375
3,1,102,2.53025960922,5.25
3,1,102,1.61895632744,5.25
3,1,103,2.11513185501,1.5
3,1,103,3.06151175499,1.5
3,1,104,2.1687746048,3.5
3,1,104,2.82877135277,3.5
3,1,105,2.258497715,1.25
3,1,105,2.9470911026,1.25
3,1,106,2.8424551487,2.75
3,1,106,4.16902112961,1.875
3,2,2,4.22031021118,1.875
3,2,2,3.7651693821,3.25
3,2,5,3.49247074127,3.25
3,2,5,2.91608023643,5.25
3,2,6,3.6924636364,5.25
3,2,6,3.92844009399,6.0
3,2,7,4.73605251312,6.0
3,2,7,4.09863853455,6.0
3,2,8,3.92615628242,6.0
3,2,8,3.36070084572,4.5
3,2,9,3.63704705238,4.5
3,2,9,4.16966342926,4.0
3,2,10,4.03524065018,4.0
3,2,10,3.74026918411,4.125
3,2,11,3.29921293259,4.125
3,2,11,3.81199645996,5.25
3,2,12,3.61100554466,5.25
3,2,12,4.07713365555,5.0
3,2,13,3.19468164444,5.0
3,2,13,4.15827274323,3.75
3,2,14,4.06278038025,3.75
3,2,14,3.00329208374,2.5
3,2,26,2.79120016098,2.5
3,2,26,3.1628510952,4.0
3,2,27,3.19700050354,4.0
3,2,27,3.71215724945,4.0
3,2,28,3.87355566025,4.0
3,2,28,2.94924235344,4.0
3,2,29,2.33611321449,4.0
3,2,29,3.01262259483,3.625
3,2,30,2.80640625954,3.625
3,2,30,3.61929631233,3.25
3,2,31,3.43986701965,3.25
3,2,31,3.61256837845,3.25
3,2,32,2.81927895546,3.25
3,2,32,2.85615372658,3.5
3,2,34,2.60186719894,3.5
3,2,34,2.95822548866,3.875
3,2,35,2.7218978405,3.875
3,2,35,3.24065947533,2.75
3,2,36,3.42771530151,2.75
3,2,36,2.83446669579,2.25
3,2,37,3.48989248276,2.25
3,2,37,3.28757572174,3.25
3,2,38,3.38595676422,3.25
3,2,38,2.52839493752,4.25
3,2,39,3.66016030312,4.25
3,2,39,3.01183271408,2.75
3,2,40,2.48061704636,2.75
3,2,40,3.22572016716,3.5
3,2,41,2.50443053246,3.5
3,2,41,3.13431811333,2.5
3,2,42,3.40896940231,2.5
3,2,42,3.52515268326,4.0
3,2,43,3.87256002426,4.0
3,2,43,3.08160877228,5.0
3,2,44,2.7107963562,5.0
3,2,44,3.33126544952,3.25
3,2,45,2.11766004562,3.25
3,2,45,2.84077239037,4.5
3,2,46,2.70298671722,4.5
3,2,46,2.60145425797,3.875
3,2,47,2.41527438164,3.875
3,2,47,3.64748811722,4.25
3,2,48,2.00964570045,4.25
3,2,48,3.37609624863,3.75
3,2,50,2.8047747612,3.75
3,2,50,2.50434088707,4.0
3,2,51,3.04622673988,4.0
3,2,51,3.13158488274,1.5
3,2,52,2.39379286766,1.5
3,2,52,3.7411429882,4.5
3,2,53,2.37530303001,4.5
3,2,53,3.06610608101,3.33333
3,2,55,2.5322868824,3.33333
3,2,55,3.01739859581,4.25
3,2,56,2.39743280411,4.25
3,2,56,3.04832816124,2.25
3,2,59,3.72674322128,2.25
3,2,59,3.66222882271,3.75
3,2,60,3.27301931381,3.75
3,2,60,3.77586388588,4.375
3,2,61,2.67440676689,4.375
3,2,61,3.70701336861,5.25
3,2,62,4.43281793594,5.25
3,2,62,3.68587183952,1.25
3,2,63,3.90951514244,1.25
3,2,63,4.09535694122,2.375
3,2,64,3.21688103676,2.375
3,2,64,3.64555096626,3.75
3,2,66,4.33693790436,3.75
3,2,66,4.20952653885,5.25
3,2,67,4.2277879715,5.25
3,2,67,4.53257083893,5.5
3,2,68,2.38451457024,5.5
3,2,68,4.54218149185,1.25
3,2,69,4.51249504089,1.25
3,2,69,3.7886941433,3.66667
3,2,70,3.89806127548,3.66667
3,2,70,2.89613485336,2.375
3,2,71,2.77499628067,2.375
3,2,71,3.22319436073,3.75
3,2,73,2.86628127098,3.75
3,2,73,2.43144011497,2.75
3,2,78,3.44448232651,2.75
3,2,78,2.97273755074,3.75
3,2,79,3.09256982803,3.75
3,2,79,4.40281867981,4.75
3,2,80,3.48521375656,4.75
3,2,80,2.72434902191,4.375
3,2,81,2.54191327095,4.375
3,2,81,3.22415971756,3.25
3,2,82,2.88925218582,3.25
3,2,82,3.68920135498,4.25
3,2,83,3.27052783966,4.25
3,2,83,2.9132027626,4.0
3,2,84,2.9115626812,4.0
3,2,84,3.8185198307,3.25
3,2,85,2.6175494194,3.25
3,2,85,2.88976454735,2.75
3,2,86,2.80127668381,2.75
3,2,86,3.26366710663,3.75
3,2,87,3.58401489258,3.75
3,2,87,3.37274837494,4.0
3,2,88,4.00000476837,4.0
3,2,88,3.30434083939,4.25
3,2,90,2.85804915428,4.25
3,2,90,3.67536950111,4.5
3,2,91,2.59847736359,4.5
3,2,91,3.13909626007,3.75
3,2,94,1.54106140137,3.75
3,2,94,3.46958446503,1.5
3,2,95,2.55885958672,1.5
3,2,95,3.24930953979,3.125
3,2,96,2.46995186806,3.125
3,2,96,2.74992275238,5.0
3,2,97,2.45407104492,5.0
3,2,97,3.59768605232,4.5
3,2,98,2.71560549736,4.5
3,2,98,2.90483951569,2.625
3,2,99,3.07088756561,2.625
3,2,99,3.22863125801,1.25
3,2,100,2.31561565399,1.25
3,2,100,3.57365298271,3.125
3,2,101,3.81935834885,3.125
3,2,101,3.51662516594,2.0
3,2,102,2.66850066185,2.0
3,2,102,3.27688741684,4.0
3,2,103,3.3012778759,4.0
3,2,103,3.21277713776,3.5
3,2,104,2.54943799973,3.5
3,2,104,2.59502673149,3.5
3,2,105,2.76810455322,3.5
3,2,105,3.82478761673,3.875
3,2,106,2.86804533005,3.875
3,2,106,3.30648159981,4.625
3,2,107,3.57503581047,4.625
3,2,107,2.32247900963,4.0
3,2,108,2.42618393898,4.0
3,2,108,2.75098562241,4.25
3,2,110,3.13955187798,4.25
3,2,110,3.02819633484,3.5
3,2,111,2.8667538166,3.5
3,2,111,2.82276248932,3.0
4,1,23,1.60552692413,1.0
4,1,23,3.77781391144,1.0
4,1,30,4.2802696228,1.125
4,1,30,3.74785470963,1.125
4,1,31,3.826638937,2.25
4,1,31,3.50754785538,2.25
4,1,32,4.18226289749,1.5
4,1,32,3.47660064697,1.5
4,1,33,4.11468744278,1.5
4,1,33,3.83711075783,1.5
4,1,34,4.25376796722,1.5
4,1,34,3.53671884537,1.5
4,1,35,2.80802774429,1.75
4,1,35,3.58342790604,1.75
4,1,36,3.58783721924,0.875
4,1,36,3.95195698738,0.875
4,1,37,4.00597476959,2.25
4,1,37,3.92517614365,2.25
4,1,38,4.26314401627,2.5
4,1,38,3.59114217758,2.5
4,1,39,3.94039726257,2.5
4,1,39,4.20079898834,2.5
4,1,40,3.87933397293,4.0
4,1,40,3.82960796356,4.0
4,1,41,3.86854171753,2.5
4,1,41,4.00230741501,2.5
4,1,42,4.38077545166,1.75
4,1,42,5.30069971085,1.75
4,1,45,5.81579208374,2.125
4,1,45,3.89755368233,2.125
4,1,46,3.76382684708,3.75
4,1,46,3.26056432724,3.75
4,1,48,3.9417784214,1.5
4,1,48,3.167937994,1.5
4,1,49,3.4425444603,4.25
4,1,49,3.36650800705,4.25
4,1,50,4.83445835114,2.0
4,1,50,3.17049622536,2.0
4,1,51,5.76346921921,2.75
4,1,51,3.55011439323,2.75
4,1,52,4.87073230743,3.25
4,1,52,4.52890348434,3.25
4,1,54,3.70500183105,3.375
4,1,54,3.20215892792,3.375
4,1,55,3.72328615189,2.5
4,1,55,2.45446944237,2.5
4,1,56,2.98318123817,2.0
4,1,56,3.50654816628,2.0
4,1,57,3.92028689384,2.75
4,1,57,3.64397263527,2.75
4,1,58,4.07002449036,2.25
4,1,58,3.11584949493,2.25
4,1,59,4.97298049927,1.875
4,1,59,3.43625283241,1.875
4,1,63,3.50644183159,1.0
4,1,63,2.08436155319,1.0
4,1,64,6.34424495697,3.5
4,1,64,4.70672702789,3.5
4,1,65,3.63155174255,4.75
4,1,65,1.93280625343,4.75
4,1,66,4.94550561905,1.0
4,1,66,1.89600753784,1.0
4,1,67,3.82339572906,1.75
4,1,67,2.11582303047,1.75
4,1,68,5.85719299316,5.5
4,1,68,3.28862285614,5.5
4,1,69,4.05887985229,5.5
4,1,69,2.94544768333,5.5
4,1,70,4.1241645813,5.25
4,1,70,2.2483894825,5.25
4,1,71,4.16132211685,2.125
4,1,71,4.93154859543,2.125
4,1,72,5.17882966995,2.375
4,1,72,3.87999892235,2.375
4,1,73,4.12902498245,4.25
4,1,73,3.78570699692,4.25
4,1,74,5.65215396881,3.5
4,1,74,3.43383193016,3.5
4,1,75,5.93859052658,4.75
4,1,75,3.75774621964,4.75
4,1,77,1.55354964733,2.625
4,1,77,3.856082201,2.625
4,1,99,4.13839626312,2.375
4,1,99,2.90560793877,2.375
4,1,102,2.6456360817,1.5
4,1,102,0.878223717213,1.5
4,1,104,5.5270447731,1.25
4,1,104,3.84687876701,1.25
4,1,105,3.48209643364,3.625
4,1,105,3.02608418465,3.625
4,1,110,3.83746743202,4.0
4,1,110,0.824452221394,4.0
4,1,111,4.15950965881,3.5
4,1,111,1.96542799473,3.5
4,1,112,4.18026018143,1.0
7,1,1,3.84719800949,3.5
7,1,1,4.31138563156,3.5
7,1,2,4.4066400528,5.5
7,1,2,4.7724146843,5.5
7,1,3,3.80138301849,4.75
7,1,3,4.5996131897,4.75
7,1,4,4.81061124802,3.25
7,1,4,4.65573120117,3.25
7,1,5,5.06015825272,4.75
7,1,5,4.93909072876,4.75
7,1,7,4.61732244492,2.25
7,1,7,3.9134657383,2.25
7,1,8,3.97448515892,4.5
7,1,8,4.9625005722,4.5
7,1,9,2.84408664703,2.0
7,1,9,4.1714682579,2.0
7,1,10,3.39859461784,2.75
7,1,10,3.16706299782,2.75
7,1,11,3.37848377228,1.75
7,1,11,4.05200529099,1.75
7,1,12,3.28765916824,5.0
7,1,12,3.85680675507,5.0
7,1,13,2.84559440613,3.0
7,1,13,3.49327349663,3.0
7,1,14,2.71675419807,1.75
7,1,14,4.58399057388,1.75
7,1,18,4.27412843704,6.0
7,1,18,5.26865577698,6.0
7,1,19,4.68693447113,4.75
7,1,19,4.96870326996,4.75
7,1,20,5.01191425323,5.25
7,1,20,4.68002080917,5.25
7,1,22,4.33956193924,3.75
7,1,22,5.06688070297,3.75
7,1,23,4.17521047592,4.0
7,1,23,4.78030538559,4.0
7,1,24,3.80923318863,5.0
7,1,24,4.85870456696,5.0
7,1,25,3.20836567879,4.5
7,1,25,4.14155578613,4.5
7,1,26,4.28533267975,3.0
7,1,26,3.85030937195,3.0
7,1,27,3.81403040886,4.25
7,1,27,4.64284896851,4.25
7,1,28,3.49152207375,5.25
7,1,28,4.47108793259,5.25
7,1,29,3.7439827919,4.25
7,1,29,4.78491449356,4.25
7,1,30,4.3766283989,3.0
7,1,30,4.52800035477,3.0
7,1,31,4.12772464752,4.5
7,1,31,4.10333585739,4.5
7,1,32,4.55786180496,3.75
7,1,32,4.56585454941,3.75
7,1,33,4.77959442139,4.75
7,1,33,4.57062292099,4.75
7,1,34,3.37078690529,5.5
7,1,34,4.67299127579,5.5
7,1,35,3.83383011818,6.0
7,1,35,4.2117562294,6.0
7,1,36,4.01533508301,4.25
7,1,36,4.72517108917,4.25
7,1,37,4.75189781189,4.25
7,1,37,4.76340532303,4.25
7,1,38,3.72775411606,3.5
7,1,38,4.46285390854,3.5
7,1,39,4.55864334106,5.5
7,1,39,4.20041799545,5.5
7,1,40,4.01308822632,5.5
7,1,40,4.98275136948,5.5
7,1,41,4.3396024704,4.75
7,1,41,4.17195367813,4.75
7,1,42,3.90952110291,3.0
7,1,42,4.59588766098,3.0
7,1,43,4.22675228119,3.5
7,1,43,4.90035152435,3.5
7,1,44,4.52267217636,6.25
7,1,44,4.3753862381,6.25
7,1,45,3.15360593796,4.5
7,1,45,4.28452396393,4.5
7,1,46,4.04202270508,4.0
7,1,46,4.25404024124,4.0
7,1,47,3.79648923874,4.5
7,1,47,4.6676902771,4.5
7,1,48,3.54868555069,1.5
7,1,48,4.77476978302,1.5
7,1,49,2.9903383255,4.5
7,1,49,4.1450586319,4.5
7,1,50,3.7875316143,5.0
7,1,50,4.68498420715,5.0
7,1,51,4.66753768921,3.5
7,1,51,4.12238836288,3.5
7,1,52,4.31244039536,0.75
7,1,52,4.52179479599,0.75
7,1,53,5.00613927841,5.5
7,1,53,4.60589599609,5.5
7,1,55,3.66414690018,2.5
7,1,55,4.28032255173,2.5
7,1,57,4.53575706482,4.25
7,1,57,4.76690721512,4.25
7,1,58,3.12759995461,6.0
7,1,58,3.99216341972,6.0
7,1,59,2.86276936531,5.25
7,1,59,4.19009685516,5.25
7,1,60,2.56465888023,3.25
7,1,60,4.08077526093,3.25
7,1,61,2.79731583595,5.0
7,1,61,3.43459868431,5.0
7,1,62,3.49991393089,4.5
7,1,62,3.75470280647,4.5
7,1,63,3.3818321228,5.5
7,1,63,4.33695363998,5.5
7,1,64,1.71799874306,5.0
7,1,64,3.93605184555,5.0
7,1,65,1.87630069256,5.25
7,1,65,2.64786171913,5.25
7,1,66,3.20119071007,4.25
7,1,66,3.93758320808,4.25
7,1,67,1.87085318565,4.75
7,1,67,3.07534766197,4.75
7,1,68,2.28876113892,4.25
7,1,68,1.62578904629,4.25
7,1,69,4.33400726318,5.5
7,1,69,3.51035642624,5.5
7,1,70,4.11089944839,5.5
7,1,70,4.59543514252,5.5
7,1,71,3.9061191082,4.75
7,1,71,3.85666131973,4.75
7,1,72,3.55865335464,2.0
7,1,72,3.61507177353,2.0
7,1,73,3.25579237938,1.0
7,1,73,3.82094621658,1.0
7,1,74,3.71918511391,4.25
7,1,74,3.83950471878,4.25
7,1,75,3.989839077,4.75
7,1,75,3.73250675201,4.75
7,1,76,3.70997357368,2.75
7,1,76,4.21293354034,2.75
7,1,78,4.25481891632,4.0
7,1,78,4.07412862778,4.0
7,1,79,3.70458197594,3.0
7,1,79,3.59509992599,3.0
7,1,80,3.324426651,2.0
7,1,80,3.87192749977,2.0
7,1,81,4.55589056015,4.0
7,1,81,3.56968545914,4.0
7,1,82,3.80916404724,5.25
7,1,82,3.41894507408,5.25
7,1,83,4.64818048477,4.75
7,1,83,3.93819642067,4.75
7,1,84,3.74269390106,4.75
7,1,84,4.16746330261,4.75
7,1,86,3.38975310326,3.25
7,1,86,4.19406700134,3.25
7,1,88,3.0987033844,6.5
7,1,88,4.79456090927,6.5
7,1,90,4.9520945549,4.0
7,1,90,2.50235891342,4.0
7,1,92,3.44276833534,5.75
7,1,92,4.09842777252,5.75
7,1,93,4.49943113327,4.25
7,1,93,4.32376480103,4.25
7,1,94,4.69594335556,3.0
7,1,94,3.78397035599,3.0
7,1,95,5.39646816254,4.75
7,1,95,4.81615161896,4.75
7,1,96,4.85620927811,5.5
7,1,96,4.78436946869,5.5
7,1,97,4.21954011917,5.5
7,1,97,3.6377351284,5.5
7,1,98,4.41799974442,3.25
7,1,98,3.98034453392,3.25
7,1,101,4.09493494034,4.0
7,1,101,3.68934178352,4.0
7,1,102,4.29050254822,4.25
7,1,102,3.73321080208,4.25
7,1,103,4.88946437836,3.25
7,1,103,3.89587545395,3.25
7,1,104,2.31931209564,4.75
7,1,104,3.143658638,4.75
7,1,105,3.5478541851,4.75
7,1,105,3.75984597206,4.75
7,1,106,4.47190475464,4.75
7,1,106,4.61297369003,4.75
7,1,109,4.12729692459,6.25
7,1,109,3.70849204063,4.25
7,2,1,4.48495149612,4.25
7,2,1,2.55397701263,2.75
7,2,2,4.40994262695,2.75
7,2,2,3.40076327324,5.75
7,2,3,4.91864299774,5.75
7,2,3,3.22227501869,3.0
7,2,4,4.7290520668,3.0
7,2,4,4.13992881775,3.25
7,2,5,4.46520471573,3.25
7,2,5,4.33903455734,4.0
7,2,6,5.23136425018,4.0
7,2,6,3.7608332634,5.0
7,2,7,5.00752544403,5.0
7,2,7,3.25568652153,4.0
7,2,8,3.83588552475,4.0
7,2,8,3.19932961464,4.0
7,2,9,3.77280950546,4.0
7,2,9,3.24155306816,4.0
7,2,10,4.74150133133,4.0
7,2,10,2.59073662758,2.75
7,2,11,4.14105653763,2.75
7,2,11,3.2458357811,4.25
7,2,12,4.29887628555,4.25
7,2,12,4.34839057922,4.75
7,2,13,4.87202692032,4.75
7,2,13,3.85623383522,5.5
7,2,14,4.64625358582,5.5
7,2,14,4.10817670822,5.0
7,2,16,4.73493528366,5.0
7,2,16,3.44070863724,6.0
7,2,17,3.66133594513,6.0
7,2,17,4.03325891495,3.5
7,2,18,4.49309062958,3.5
7,2,18,3.96830773354,4.5
7,2,19,4.59190988541,4.5
7,2,19,3.62429451942,5.5
7,2,20,4.02829360962,5.5
7,2,20,3.88457536697,1.5
7,2,21,4.23141050339,1.5
7,2,21,2.60381293297,3.0
7,2,22,3.90143918991,3.0
7,2,22,4.59564399719,1.75
7,2,23,4.70593357086,1.75
7,2,23,4.4304561615,3.75
7,2,24,4.66861057281,3.75
7,2,24,3.38894915581,4.75
7,2,25,3.4024643898,4.75
7,2,25,3.61283588409,4.25
7,2,26,4.79283332825,4.25
7,2,26,4.09710025787,4.25
7,2,27,4.99198436737,4.25
7,2,27,3.40699529648,5.75
7,2,28,3.98382019997,5.75
7,2,28,4.11380052567,1.75
7,2,29,4.64031839371,1.75
7,2,29,3.20881772041,3.0
7,2,30,3.83120393753,3.0
7,2,30,3.9918076992,3.75
7,2,31,4.50789165497,3.75
7,2,31,3.88785219193,4.5
7,2,32,4.27887105942,4.5
7,2,32,3.14425635338,1.5
7,2,33,4.3231883049,1.5
7,2,33,3.12875771523,4.25
7,2,34,4.1044511795,4.25
7,2,34,2.66486859322,3.5
7,2,35,4.45613288879,3.5
7,2,35,4.25004529953,2.5
7,2,36,3.72465920448,2.5
7,2,36,3.62293362617,3.5
7,2,37,4.86278963089,3.5
7,2,37,3.04667854309,5.25
7,2,38,3.49676322937,5.25
7,2,38,3.79603934288,4.0
7,2,39,4.01287269592,4.0
7,2,39,3.80780076981,5.25
7,2,40,4.58907032013,5.25
7,2,40,3.88479733467,3.0
7,2,42,4.35520410538,3.0
7,2,42,3.43626070023,2.75
7,2,43,3.85069656372,2.75
7,2,43,3.175344944,4.5
7,2,44,4.14765071869,4.5
7,2,44,2.61468720436,2.5
7,2,45,4.27400922775,2.5
7,2,45,3.47683572769,4.75
7,2,46,4.19916248322,4.75
7,2,46,3.20673012733,4.0
7,2,47,4.45235872269,4.0
7,2,47,3.22794342041,3.75
7,2,48,4.12704658508,3.75
7,2,48,2.94667410851,4.0
7,2,49,3.32494831085,4.0
7,2,49,3.68810915947,4.25
7,2,50,4.07923698425,4.25
7,2,50,2.85704088211,4.75
7,2,51,4.44185781479,4.75
7,2,51,3.63050603867,3.25
7,2,52,4.40356111526,3.25
7,2,52,3.24593019485,5.0
7,2,53,4.12922477722,5.0
7,2,53,3.05976247787,4.0
7,2,55,4.5866985321,4.0
7,2,55,3.85001015663,4.75
7,2,56,4.41046857834,4.75
7,2,56,3.6398434639,1.5
7,2,57,4.13209962845,1.5
7,2,57,3.14499258995,4.0
7,2,58,3.7900261879,4.0
7,2,58,2.41901230812,4.0
7,2,60,3.59282565117,4.0
7,2,60,1.86258530617,5.5
7,2,61,3.44156360626,5.5
7,2,61,3.23968219757,5.25
7,2,63,3.9971601963,5.25
7,2,63,3.10059118271,3.25
7,2,64,4.35839080811,3.25
7,2,64,4.0236492157,5.0
7,2,65,3.4942677021,5.0
7,2,65,2.13300490379,5.5
7,2,66,3.48610901833,5.5
7,2,66,3.25413870811,6.5
7,2,68,3.51310062408,6.5
7,2,68,4.32881641388,4.25
7,2,69,4.18286466599,4.25
7,2,69,3.33178925514,3.25
7,2,70,3.7934513092,3.25
7,2,70,3.85749197006,4.0
7,2,71,3.41680026054,4.0
7,2,71,4.23877096176,4.25
7,2,72,3.79542160034,4.25
7,2,72,3.68467593193,3.25
7,2,73,2.9792175293,3.25
7,2,73,3.44294023514,2.5
7,2,74,4.13745927811,2.5
7,2,74,3.98279476166,3.5
7,2,75,3.97249722481,3.5
7,2,75,3.6581196785,4.5
7,2,76,3.74882268906,4.5
7,2,76,3.37411689758,4.25
7,2,77,3.66222429276,4.25
7,2,77,3.0266957283,5.0
7,2,78,3.98442006111,5.0
7,2,78,4.41528844833,4.0
7,2,80,4.59273767471,4.0
7,2,80,4.87376260757,3.25
7,2,82,3.69928908348,3.25
7,2,82,2.87077879906,5.0
7,2,83,3.70340538025,5.0
7,2,83,3.60554480553,3.75
7,2,84,4.14712953568,3.75
7,2,84,2.52865433693,2.5
7,2,85,3.70590853691,2.5
7,2,85,3.31135964394,2.5
7,2,86,3.93884658813,2.5
7,2,86,2.4350399971,4.5
7,2,87,3.55672836304,4.5
7,2,87,2.84968471527,5.0
7,2,88,3.79537439346,5.0
7,2,88,2.78294539452,3.0
7,2,89,4.4180855751,3.0
7,2,89,2.8326613903,4.0
7,2,90,3.97946929932,4.0
7,2,90,3.5154531002,3.75
7,2,91,4.28305864334,3.75
7,2,91,3.74683117867,4.66667
7,2,92,4.28091859818,4.66667
7,2,92,2.60999965668,4.75
7,2,93,3.82134175301,4.75
7,2,93,2.26623463631,3.25
7,2,94,2.99743080139,3.25
7,2,94,4.04151964188,2.5
7,2,95,3.98014998436,2.5
7,2,95,3.67456436157,3.5
7,2,96,4.13015890121,3.5
7,2,96,3.37205004692,3.0
7,2,97,3.72396683693,3.0
7,2,97,3.33150196075,3.75
7,2,98,3.92090535164,3.75
7,2,98,3.0859375,4.25
7,2,99,3.61625313759,4.25
7,2,99,3.63308620453,1.75
7,2,100,3.44613146782,1.75
7,2,100,3.82256436348,5.25
7,2,102,3.25050520897,5.25
7,2,102,3.3922355175,4.25
7,2,103,4.13067626953,4.25
7,2,103,3.87634634972,3.5
7,2,104,3.71607136726,3.5
7,2,104,3.74987459183,3.0
7,2,105,3.91414213181,3.0
7,2,105,3.53828477859,6.25
7,2,106,4.39873361588,6.25
7,2,106,3.60285186768,4.5
7,2,107,4.17357444763,4.5
7,2,107,2.60419893265,5.5
7,2,108,4.00765562057,5.5
7,2,108,1.33893811703,5.25
7,2,109,3.77378988266,5.25
7,2,109,1.85371041298,4.75
8,1,9,4.5378704071,2.0
8,1,9,4.83406829834,2.0
8,1,10,4.06264591217,1.75
8,1,10,4.71118354797,1.75
8,1,16,3.29020547867,2.75
8,1,16,3.03530430794,2.75
8,1,17,4.66841220856,3.25
8,1,17,3.47518610954,3.25
8,1,18,2.8984746933,3.75
8,1,18,2.52602410316,3.75
8,1,20,4.14197587967,2.5
8,1,20,2.27976346016,2.5
8,1,21,4.52276611328,1.75
8,1,21,1.8189675808,1.75
8,1,22,4.68394899368,3.5
8,1,22,2.22871017456,3.5
8,1,27,1.79221117496,2.0
8,1,27,2.68479847908,2.0
8,1,30,4.33605909348,2.5
8,1,30,3.03374147415,2.5
8,1,54,4.12635087967,3.0
8,1,54,1.40579986572,3.0
8,1,58,2.57087182999,1.0
8,1,58,2.68134665489,1.0
8,1,68,2.87607455254,1.5
8,1,68,3.87842106819,1.5
8,1,73,2.6318590641,2.75
8,1,73,2.05934500694,2.75
8,1,74,2.95306015015,2.5
8,1,74,4.12153816223,2.5
8,1,75,4.35668849945,3.0
8,1,75,2.40376019478,3.0
8,1,76,4.34200716019,1.0
8,1,76,2.85381007195,1.0
8,1,77,4.82663631439,3.25
8,1,77,2.11243772507,3.25
8,1,78,2.94629001617,2.75
8,1,78,2.74691939354,2.75
8,1,79,2.13578248024,2.0
8,1,79,2.42926287651,2.0
8,1,80,4.31279802322,1.75
8,1,80,2.32865047455,1.75
8,1,81,4.3899230957,2.25
8,1,81,2.98535227776,2.25
8,1,82,1.73314845562,1.75
8,1,82,2.24983453751,1.75
8,1,85,4.25834560394,2.0
8,1,85,2.93310618401,2.0
8,1,88,2.64401102066,2.25
8,1,88,2.14379882812,2.25
8,1,89,4.53165435791,3.5
8,1,89,5.09382915497,3.25
8,2,4,5.06208467484,3.25
8,2,4,4.42126560211,3.75
8,2,5,2.90786385536,3.75
8,2,5,3.47048425674,1.5
8,2,7,4.38735342026,1.5
8,2,7,2.58346319199,4.25
8,2,8,3.26572084427,4.25
8,2,8,3.74151825905,2.0
8,2,9,2.20831537247,2.0
8,2,9,2.73652076721,3.0
8,2,11,4.32481336594,3.0
8,2,11,4.00968790054,2.25
8,2,15,4.32704114914,2.25
8,2,15,3.9526412487,4.0
8,2,16,4.725025177,4.0
8,2,16,2.3367099762,3.5
8,2,18,3.91925477982,3.5
8,2,18,2.48860883713,3.75
8,2,20,4.8369603157,3.75
8,2,20,2.19668459892,2.25
8,2,21,4.44776391983,2.25
8,2,21,2.51444768906,2.25
8,2,22,3.38331699371,2.25
8,2,22,2.17252707481,2.5
8,2,23,3.95411372185,2.5
8,2,23,4.22489023209,3.0
8,2,24,4.60698032379,3.0
8,2,24,2.33802962303,4.0
8,2,27,4.18431758881,4.0
8,2,27,2.14514279366,2.5
8,2,28,1.84125471115,2.5
8,2,28,3.02693390846,4.75
8,2,29,3.33373808861,4.75
8,2,29,2.035810709,4.25
8,2,30,4.28926467896,4.25
8,2,30,3.81189513206,2.75
8,2,31,1.78731584549,2.75
8,2,31,2.3431456089,4.0
8,2,32,3.75981545448,4.0
8,2,32,4.06302642822,3.5
8,2,35,1.88699805737,3.5
8,2,35,2.55976366997,3.75
8,2,36,4.74747467041,3.75
8,2,36,2.13876342773,2.25
8,2,37,1.69087207317,2.25
8,2,37,3.79869532585,3.75
8,2,38,4.15639209747,3.75
8,2,38,2.00439381599,2.0
8,2,39,1.59044003487,2.0
8,2,39,1.88589942455,2.0
8,2,40,2.05082726479,2.0
8,2,40,1.98651611805,4.0
8,2,41,4.21996116638,4.0
8,2,41,2.02476429939,3.5
8,2,42,2.27115559578,3.5
8,2,42,2.33665251732,2.25
8,2,45,2.31206655502,2.25
8,2,45,2.36051726341,4.0
8,2,48,2.07803845406,4.0
8,2,48,3.17025852203,4.0
8,2,49,4.70479869843,4.0
8,2,49,2.20583415031,3.0
8,2,50,3.09947991371,3.0
8,2,50,2.64712977409,3.75
8,2,55,4.56888389587,3.75
8,2,55,2.97357368469,4.75
8,2,57,4.79889202118,4.75
8,2,57,2.66291809082,3.0
8,2,58,3.27478384972,3.0
8,2,58,2.44811558723,1.75
8,2,62,3.3443505764,1.75
8,2,62,2.20588994026,5.25
8,2,63,4.57822084427,5.25
8,2,63,1.99386322498,1.625
8,2,67,2.07600593567,1.625
8,2,67,3.95341992378,2.75
8,2,68,4.80185317993,2.75
8,2,68,2.54963111877,3.5
8,2,69,2.10586047173,3.5
8,2,69,2.41248059273,2.0
8,2,71,3.43094301224,2.0
8,2,71,2.12992835045,3.5
8,2,72,4.14098739624,3.5
8,2,72,2.75752830505,3.75
8,2,74,1.76242005825,3.75
8,2,74,2.10722184181,4.0
9,1,2,2.90209031105,5.25
9,1,2,2.99158287048,5.25
9,1,3,3.04173636436,4.75
9,1,3,3.03304123878,4.75
9,1,4,2.91640329361,5.0
9,1,4,2.68002033234,5.0
9,1,5,3.1079788208,5.75
9,1,5,3.15623211861,5.75
9,1,6,2.76606988907,3.5
9,1,6,2.95379590988,3.5
9,1,7,2.61667108536,4.25
9,1,7,2.9812836647,4.25
9,1,8,3.31157064438,4.5
9,1,8,3.03104639053,4.5
9,1,12,2.21751928329,4.75
9,1,12,2.78696036339,4.75
9,1,16,2.70947957039,1.5
9,1,16,3.1634581089,1.5
9,1,17,2.67946100235,4.25
9,1,17,3.51526021957,4.25
9,1,18,2.5474448204,3.5
9,1,18,3.33207631111,3.5
9,1,19,2.85955834389,3.25
9,1,19,3.07232499123,3.25
9,1,20,2.9252603054,4.0
9,1,20,3.25166773796,4.0
9,1,21,2.33355951309,4.5
9,1,21,3.30527067184,4.5
9,1,22,2.56517720222,3.0
9,1,22,3.13225507736,3.0
9,1,23,2.64243483543,4.5
9,1,23,2.83007478714,4.5
9,1,24,2.52327227592,3.5
9,1,24,2.83226299286,3.5
9,1,25,2.41359138489,3.5
9,1,25,3.28484368324,3.5
9,1,26,2.75585603714,4.5
9,1,26,2.92935395241,4.5
9,1,27,2.53813910484,3.75
9,1,27,3.26249694824,3.75
9,1,28,2.61243462563,2.75
9,1,28,2.87476706505,2.75
9,1,29,2.42433977127,2.5
9,1,29,3.03776717186,2.5
9,1,30,2.71687173843,3.0
9,1,30,3.17711448669,3.0
9,1,31,2.39284539223,3.5
9,1,31,2.89047384262,3.5
9,1,32,2.32061743736,2.75
9,1,32,3.15941166878,2.75
9,1,33,2.55973863602,3.75
9,1,33,3.07406783104,3.75
9,1,34,2.53361082077,3.25
9,1,34,3.08158016205,3.25
9,1,35,2.55253458023,3.5
9,1,35,2.99581670761,3.5
9,1,36,2.57167816162,3.5
9,1,36,2.99019742012,3.5
9,1,37,2.77545714378,4.5
9,1,37,3.23444604874,4.5
9,1,38,2.4798541069,3.5
9,1,38,2.8912127018,3.5
9,1,39,-0.3945748806,2.75
9,1,39,2.96596908569,2.75
9,1,40,2.52411460876,2.25
9,1,40,3.01486635208,2.25
9,1,41,2.74363064766,3.0
9,1,41,2.98380303383,3.0
9,1,42,2.79918956757,4.0
9,1,42,3.07877612114,4.0
9,1,50,2.05094456673,3.5
9,1,50,3.04506230354,3.5
9,1,51,2.06787967682,3.5
9,1,51,2.94873476028,3.5
9,1,52,2.41041564941,2.75
9,1,52,2.98889255524,2.75
9,1,53,2.42203712463,3.0
9,1,53,2.8318066597,3.0
9,1,54,2.24463582039,2.75
9,1,54,2.73941302299,2.75
9,1,55,2.29925370216,3.5
9,1,55,2.88034653664,3.5
9,1,56,2.67168021202,3.75
9,1,56,2.91760754585,3.75
9,1,59,2.40358543396,2.75
9,1,59,2.51677823067,2.75
9,1,60,2.79026675224,4.0
9,1,60,2.80526328087,4.0
9,1,61,2.88755202293,3.5
9,1,61,2.71505022049,3.5
9,1,63,3.6647040844,3.25
9,1,63,2.57708668709,3.25
9,1,64,2.95645689964,4.25
9,1,64,2.429646492,4.25
9,1,65,2.91706967354,2.0
9,1,65,2.66752719879,2.0
9,1,66,3.01080322266,4.75
9,1,66,2.77079343796,4.75
9,1,67,2.52975606918,4.25
9,1,67,2.61392521858,4.25
9,1,68,3.08996486664,3.5
9,1,68,2.82000207901,3.5
9,1,69,2.88886284828,5.5
9,1,69,2.96721363068,5.5
9,1,72,2.57510232925,3.75
9,1,72,3.07039237022,3.75
9,1,73,2.99666237831,3.25
9,1,73,2.68412041664,3.25
9,1,74,2.66268229485,3.0
9,1,74,3.231808424,3.0
9,1,75,2.79859805107,2.5
9,1,75,2.99072265625,2.5
9,1,76,2.70288848877,4.0
9,1,76,3.06822037697,4.0
9,1,77,2.75359559059,3.25
9,1,77,3.15978503227,3.25
9,1,78,2.47012615204,3.5
9,1,78,3.06629037857,3.5
9,1,79,2.40737247467,4.0
9,1,79,3.07486367226,4.0
9,1,81,2.57909393311,2.25
9,1,81,2.79110431671,2.25
9,1,82,2.86785793304,4.0
9,1,82,2.80481266975,4.0
9,1,83,2.8210003376,4.25
9,1,83,2.91905403137,4.25
9,1,84,2.72277879715,3.0
9,1,84,2.82746887207,3.0
9,1,85,2.92818641663,4.75
9,1,85,2.97013449669,4.75
9,1,86,2.78792142868,4.0
9,1,86,2.94063162804,4.0
9,1,87,2.55655145645,3.25
9,1,87,2.78025054932,3.25
9,1,88,2.69726657867,3.25
9,1,88,2.96613645554,3.25
9,1,89,2.79895925522,2.75
9,1,89,2.87284636497,2.75
9,1,90,2.58435821533,2.75
9,1,90,2.7457909584,2.75
9,1,91,2.71706438065,3.75
9,1,91,2.46951293945,3.75
9,1,92,2.77973079681,4.0
9,1,92,2.73384046555,4.0
9,1,93,2.54518032074,3.25
9,1,93,2.68412232399,3.25
9,1,94,2.74843859673,3.0
9,1,94,2.70038676262,3.0
9,1,95,2.61095428467,4.25
9,1,95,2.79033350945,4.25
9,1,96,2.63609933853,4.25
9,1,96,2.53866910934,4.25
9,1,97,2.63275766373,3.5
9,1,97,2.89396977425,3.5
9,1,98,2.37881016731,2.25
9,1,98,2.34580636024,2.25
9,1,99,2.10318565369,3.0
9,1,99,2.91891503334,3.0
9,1,100,2.61047005653,4.25
9,1,100,2.79048204422,4.25
9,1,101,2.79015564919,2.25
9,1,101,2.90869522095,2.25
9,1,102,2.6391646862,3.75
9,1,102,2.48670482635,3.75
9,1,103,2.40772652626,2.25
9,1,103,2.81391501427,2.25
9,1,104,2.52922463417,3.0
9,1,104,2.88706970215,3.0
9,1,105,2.73100161552,3.75
9,1,105,3.1424138546,3.75
9,1,106,2.80845594406,4.0
9,1,106,2.6530520916,4.0
9,1,107,2.76037287712,4.25
9,1,107,2.57061696053,4.25
9