3,1,1,3.96302771568,3.875
3,1,2,3.97447061539,4.5
3,1,3,3.94882011414,3.0
3,1,4,3.9746837616,3.25
3,1,5,3.9476647377,6.0
3,1,6,3.95153689384,4.5
3,1,7,3.93090677261,4.75
3,1,8,3.92080783844,3.5
3,1,9,3.94380450249,2.75
3,1,10,3.96753382683,2.875
3,1,14,3.95868182182,3.75
3,1,15,3.95798683167,5.0
3,1,16,3.96876454353,4.75
3,1,17,3.92008042336,5.0
3,1,18,3.94003939629,3.75
3,1,19,3.97852444649,4.125
3,1,20,3.96104431152,2.5
3,1,21,3.96599078178,4.5
3,1,22,3.98317861557,4.83333
3,1,23,3.93035793304,3.875
3,1,24,3.98978233337,4.5
3,1,25,3.95190000534,5.5
3,1,26,3.98809218407,4.0
3,1,27,3.96798300743,5.25
3,1,28,3.98829364777,4.75
3,1,29,3.99000239372,1.25
3,1,30,4.01741170883,4.5
3,1,31,4.03873109818,3.66667
3,1,32,4.01219892502,4.5
3,1,33,4.01155281067,3.0
3,1,34,4.0060300827,4.125
3,1,35,4.01066827774,4.375
3,1,36,3.98790574074,3.5
3,1,38,3.97886395454,4.5
3,1,39,4.00777959824,5.75
3,1,40,3.91149187088,5.0
3,1,41,3.90137076378,3.25
3,1,43,3.99875688553,4.0
3,1,44,3.97043991089,3.0
3,1,45,3.98953270912,4.25
3,1,46,3.98490691185,5.0
3,1,47,4.02755641937,4.25
3,1,48,4.00032567978,2.5
3,1,49,3.98612618446,5.0
3,1,50,4.01718950272,4.66667
3,1,51,4.04664039612,4.5
3,1,52,4.05055379868,3.5
3,1,55,3.94596624374,3.25
3,1,56,3.97852468491,4.0
3,1,57,3.96906018257,4.875
3,1,58,3.91794538498,4.5
3,1,59,3.96086931229,5.5
3,1,60,3.96694755554,5.5
3,1,61,3.95480012894,5.5
3,1,62,3.91381430626,4.375
3,1,63,3.99773955345,4.75
3,1,64,3.94531106949,5.75
3,1,65,3.95385742188,6.25
3,1,66,3.94923973083,3.0
3,1,70,3.98429369926,2.75
3,1,71,3.93781399727,2.0
3,1,73,4.01455116272,3.0
3,1,74,3.98512029648,4.0
3,1,75,3.97138428688,4.0
3,1,76,3.95588374138,4.0
3,1,77,3.97821259499,4.5
3,1,78,3.96473670006,5.25
3,1,79,3.97326540947,5.25
3,1,80,3.96525788307,2.75
3,1,81,3.85232210159,2.75
3,1,82,3.93294286728,3.0
3,1,83,3.94459986687,4.5
3,1,84,3.93127775192,3.75
3,1,85,3.95359325409,2.0
3,1,86,3.94199824333,4.25
3,1,87,3.96780467033,4.25
3,1,88,3.96288895607,4.0
3,1,89,3.96951079369,4.25
3,1,90,3.94610357285,3.75
3,1,91,3.96680283546,4.0
3,1,92,3.92154479027,3.5
3,1,93,3.93762469292,3.25
3,1,94,3.91794991493,3.25
3,1,95,3.93244743347,3.75
3,1,96,3.94812607765,3.875
3,1,97,3.56460809708,1.25
3,1,98,3.93106818199,1.75
3,1,99,3.96062159538,1.5
3,1,100,3.95374441147,2.375
3,1,101,3.9450545311,4.375
3,1,102,3.94617342949,5.25
3,1,103,3.93716406822,1.5
3,1,104,3.92084050179,3.5
3,1,105,3.92187690735,1.25
3,1,106,3.88431549072,2.75
3,1,107,3.89806056023,5.25
3,1,108,3.86101841927,1.875
3,2,2,3.8637676239,3.25
3,2,5,3.86847043037,5.25
3,2,6,3.87174105644,6.0
3,2,7,3.87634944916,6.0
3,2,8,3.88749027252,4.5
3,2,9,3.85707688332,4.0
3,2,10,3.89514279366,4.125
3,2,11,3.90298318863,5.25
3,2,12,3.87771129608,5.0
3,2,13,3.860414505,3.25
3,2,14,3.95580863953,2.5
3,2,26,3.89212465286,4.0
3,2,27,3.91826367378,4.0
3,2,28,3.92378997803,5.25
3,2,29,3.91784453392,3.25
3,2,30,3.90867686272,3.25
3,2,31,3.87127590179,3.25
3,2,32,3.92718887329,5.0
3,2,33,3.94384050369,3.5
3,2,34,3.91168022156,3.875
3,2,35,3.88497138023,2.75
3,2,36,3.87053513527,2.25
3,2,37,3.86442899704,3.25
3,2,38,3.88259506226,4.25
3,2,39,3.84018611908,2.75
3,2,40,3.88189435005,3.5
3,2,41,3.91946053505,2.5
3,2,42,3.84111618996,4.0
3,2,43,3.83905768394,5.0
3,2,44,3.9172501564,3.25
3,2,45,3.86860442162,4.5
3,2,46,3.87619686127,3.875
3,2,47,3.93166279793,4.25
3,2,48,3.9152340889,2.75
3,2,49,3.85837984085,3.75
3,2,50,3.85030794144,4.0
3,2,51,3.8564260006,1.5
3,2,52,3.88550925255,4.5
3,2,53,3.88601756096,3.33333
3,2,55,3.89264249802,3.25
3,2,56,3.93224048615,0.0
3,2,59,3.83321380615,3.75
3,2,60,3.89007425308,4.25
3,2,61,3.82914710045,5.25
3,2,62,3.84543514252,1.25
3,2,63,3.82252383232,2.375
3,2,64,3.8278491497,3.0
3,2,65,3.8300485611,3.75
3,2,66,3.83603715897,5.25
3,2,67,3.77377724648,5.5
3,2,68,3.77008366585,1.25
3,2,69,3.84840607643,3.66667
3,2,70,3.80818891525,2.375
3,2,71,3.8279967308,3.75
3,2,73,3.94543194771,3.25
3,2,74,3.88905525208,2.25
3,2,77,3.82634162903,2.75
3,2,78,3.87027597427,3.75
3,2,79,3.87677454948,4.75
3,2,80,3.89542794228,4.375
3,2,81,3.92137551308,3.25
3,2,82,3.82461047173,4.25
3,2,83,3.92925214767,4.0
3,2,84,3.91037869453,3.25
3,2,85,3.94858813286,2.75
3,2,86,3.88913345337,3.75
3,2,87,3.98758244514,4.0
3,2,88,3.97230672836,3.25
3,2,89,3.91641402245,4.25
3,2,90,3.89447402954,4.5
3,2,91,3.94488668442,3.25
3,2,92,3.90343642235,5.0
3,2,93,3.92873167992,3.75
3,2,94,3.95052075386,1.5
3,2,95,3.97806811333,3.125
3,2,96,3.98436546326,5.0
3,2,97,3.95046949387,4.5
3,2,98,3.96254944801,2.625
3,2,99,3.91605043411,1.25
3,2,100,3.92446947098,3.125
3,2,101,3.93466091156,2.0
3,2,102,3.88483834267,4.0
3,2,103,3.92410778999,3.5
3,2,104,3.91595840454,3.5
3,2,105,3.85588359833,3.5
3,2,106,3.89303255081,4.625
3,2,107,3.99272370338,4.0
3,2,108,3.97390723228,1.95833
3,2,109,3.87403440475,4.25
3,2,110,3.9559674263,3.5
3,2,111,3.93671107292,4.0
4,1,3,4.08488941193,1.0
4,1,4,3.70150566101,1.5
4,1,6,3.67778611183,1.5
4,1,10,3.83608651161,3.0
4,1,11,3.99534535408,1.0
4,1,12,3.91811871529,2.5
4,1,13,3.99293804169,1.5
4,1,15,3.97285223007,0.75
4,1,16,3.88639783859,1.0
4,1,22,4.02457523346,1.25
4,1,23,3.84738683701,1.0
4,1,24,4.00720214844,2.0
4,1,26,4.06811380386,4.375
4,1,27,3.96998786926,2.75
4,1,28,4.05365228653,2.25
4,1,29,3.96036720276,3.0
4,1,30,4.00585460663,1.125
4,1,31,4.00286149979,2.25
4,1,32,4.0229010582,1.5
4,1,33,3.97802710533,1.5
4,1,34,4.06392145157,1.5
4,1,35,4.06109619141,1.75
4,1,36,4.02574872971,0.875
4,1,37,4.05933380127,2.25
4,1,38,4.00532579422,2.5
4,1,39,4.05867624283,2.5
4,1,40,4.05894327164,4.0
4,1,41,4.00956058502,2.5
4,1,42,4.03371286392,1.75
4,1,45,4.08977174759,2.125
4,1,46,4.10788106918,3.75
4,1,47,4.09609174728,4.25
4,1,48,4.09897279739,1.5
4,1,49,4.08999538422,4.25
4,1,50,4.094394207,2.0
4,1,51,4.12770557404,2.75
4,1,52,4.1249871254,3.25
4,1,53,4.10885858536,2.5
4,1,54,3.97700715065,3.375
4,1,55,4.12705993652,2.5
4,1,56,4.06627655029,2.0
4,1,57,4.05031347275,2.75
4,1,58,4.09067583084,2.25
4,1,59,4.01169204712,1.875
4,1,63,3.97082066536,1.0
4,1,64,3.8737578392,3.5
4,1,65,3.92011666298,4.75
4,1,66,3.91604542732,1.0
4,1,67,3.93973875046,1.75
4,1,68,3.93403816223,5.0
4,1,69,3.94412541389,5.5
4,1,70,3.9881169796,5.25
4,1,71,3.94451141357,2.125
4,1,72,3.95340538025,3.25
4,1,73,3.93584036827,4.25
4,1,74,3.97949647903,3.5
4,1,75,3.85381937027,4.75
4,1,77,3.88283801079,2.625
4,1,80,3.91530585289,3.5
4,1,86,3.90069437027,1.66667
4,1,87,3.9872148037,3.5
4,1,88,4.01734924316,1.5
4,1,89,4.00742959976,1.75
4,1,90,3.89745235443,1.375
4,1,91,3.88911032677,2.25
4,1,92,4.02489280701,2.0
4,1,93,4.01424884796,3.0
4,1,94,4.02472352982,1.5
4,1,95,3.95612645149,3.25
4,1,96,4.04774188995,2.75
4,1,97,3.85321784019,1.25
4,1,98,3.92522478104,3.25
4,1,99,4.00423908234,2.375
4,1,100,3.91722345352,0.75
4,1,101,4.02297973633,3.875
4,1,102,4.00498247147,1.5
4,1,103,3.88870000839,1.0
4,1,104,3.94705200195,1.25
4,1,105,4.03121328354,3.625
4,1,106,3.97990083694,2.25
4,1,109,4.0033493042,2.75
4,1,110,4.07247495651,4.0
4,1,111,3.99126696587,3.5
4,1,112,3.86841058731,1.0
4,1,113,4.00399112701,3.25
4,1,114,3.65622758865,1.5
4,1,115,4.04286718369,3.5
4,1,116,3.86055731773,1.75
4,1,117,3.97187042236,1.25
7,1,1,3.73310446739,3.5
7,1,2,3.75817418098,5.5
7,1,3,3.78430867195,4.75
7,1,4,3.73875021935,3.25
7,1,5,3.77039718628,4.75
7,1,7,3.85414505005,2.25
7,1,8,3.77589416504,4.5
7,1,9,3.85027050972,2.0
7,1,10,3.75790858269,2.75
7,1,11,3.79505181313,1.75
7,1,12,3.8249707222,5.0
7,1,13,3.8322365284,3.0
7,1,14,3.77842092514,2.25
7,1,18,3.80287766457,6.0
7,1,19,3.84169411659,4.75
7,1,20,3.90225052834,5.25
7,1,22,3.85027647018,3.75
7,1,23,3.80735349655,4.0
7,1,24,3.79303073883,5.0
7,1,25,3.8504858017,4.5
7,1,26,3.81271886826,3.0
7,1,27,3.82682752609,4.25
7,1,28,3.84103417397,5.25
7,1,29,3.81767392159,4.25
7,1,30,3.87527680397,3.0
7,1,31,3.82964110374,4.5
7,1,32,3.85513234138,3.75
7,1,33,3.91361069679,4.75
7,1,34,3.85489702225,5.5
7,1,35,3.87591838837,6.0
7,1,36,3.80905628204,4.25
7,1,37,3.84522509575,4.25
7,1,38,3.81251716614,3.5
7,1,39,3.77837371826,5.5
7,1,40,3.80205750465,5.5
7,1,41,3.82406663895,4.75
7,1,42,3.85264658928,3.0
7,1,43,3.85324811935,3.5
7,1,44,3.84934830666,6.25
7,1,45,3.79783272743,4.5
7,1,46,3.82502293587,4.0
7,1,47,3.78846263885,4.5
7,1,48,3.85929226875,1.5
7,1,49,3.84100866318,4.5
7,1,50,3.8158454895,5.0
7,1,51,3.82142996788,3.5
7,1,52,3.85752153397,0.75
7,1,53,3.85773015022,5.5
7,1,54,3.76111650467,5.5
7,1,55,3.82801365852,2.5
7,1,57,3.83236694336,4.25
7,1,58,3.91257548332,6.0
7,1,59,3.86875486374,5.25
7,1,60,3.79951739311,3.25
7,1,61,3.77318143845,5.0
7,1,62,3.80277633667,4.5
7,1,63,3.83233332634,5.5
7,1,64,3.75988268852,5.0
7,1,65,3.79363894463,5.25
7,1,66,3.83590960503,4.25
7,1,67,3.80643463135,4.75
7,1,68,3.82118630409,4.25
7,1,69,3.85905051231,5.5
7,1,70,3.76761031151,5.5
7,1,71,3.80906653404,4.75
7,1,72,3.84733295441,2.0
7,1,73,3.8823132515,1.0
7,1,74,3.74611997604,4.25
7,1,75,3.72350072861,4.75
7,1,76,3.70206999779,2.75
7,1,78,3.78026628494,4.0
7,1,79,3.78470945358,3.0
7,1,80,3.67160153389,2.0
7,1,81,3.85116553307,4.0
7,1,82,3.74831700325,5.25
7,1,83,3.79661178589,4.75
7,1,84,3.87219238281,4.75
7,1,86,3.83748173714,3.25
7,1,88,3.7948718071,6.5
7,1,89,3.65651035309,5.25
7,1,90,3.83311963081,4.0
7,1,92,3.77809357643,5.75
7,1,93,3.8850607872,4.25
7,1,94,3.8440284729,3.0
7,1,95,3.86183238029,4.75
7,1,96,3.83161664009,5.5
7,1,97,3.90057420731,5.5
7,1,98,3.8179371357,3.25
7,1,101,3.78681564331,4.0
7,1,102,3.82208800316,4.25
7,1,103,3.76768898964,3.25
7,1,104,3.77932500839,4.75
7,1,105,3.81720852852,4.75
7,1,106,3.78705143929,4.75
7,1,108,3.8751847744,2.75
7,1,109,3.7996006012,4.25
7,2,1,3.79455447197,2.75
7,2,2,3.77147698402,5.75
7,2,3,3.81951951981,3.0
7,2,4,3.79526424408,3.25
7,2,5,3.80514431,4.0
7,2,6,3.81732487679,5.0
7,2,7,3.88525319099,4.0
7,2,8,3.78906965256,4.0
7,2,9,3.82081580162,4.0
7,2,10,3.77853012085,2.75
7,2,11,3.82204961777,4.25
7,2,12,3.77422642708,4.75
7,2,13,3.83212924004,5.5
7,2,14,3.87970209122,5.0
7,2,16,3.79954910278,6.0
7,2,17,3.82094955444,3.5
7,2,18,3.79754257202,4.5
7,2,19,3.79823255539,5.5
7,2,20,3.87427926064,1.5
7,2,21,3.84175014496,3.0
7,2,22,3.8976817131,1.75
7,2,23,3.82733130455,3.75
7,2,24,3.77516627312,4.75
7,2,25,3.79895973206,4.25
7,2,26,3.8473200798,4.25
7,2,27,4.00892829895,5.75
7,2,28,3.75958704948,1.75
7,2,29,3.70192790031,3.0
7,2,30,3.81839179993,3.75
7,2,31,3.80536270142,4.5
7,2,32,3.80953836441,1.5
7,2,33,3.82649517059,4.25
7,2,34,3.76466584206,3.5
7,2,35,3.82171654701,2.5
7,2,36,3.82465362549,3.5
7,2,37,3.91695404053,5.25
7,2,38,3.75405335426,4.0
7,2,39,3.78546071053,5.25
7,2,40,3.81134271622,3.0
7,2,42,3.83888936043,2.75
7,2,43,3.80447077751,4.5
7,2,44,3.81318974495,2.5
7,2,45,3.8699400425,4.75
7,2,46,3.75733184814,4.0
7,2,47,3.79375219345,3.75
7,2,48,3.80502128601,4.0
7,2,49,3.66822385788,4.25
7,2,50,3.83750534058,4.75
7,2,51,3.83541178703,3.25
7,2,52,3.84138417244,5.0
7,2,53,3.79828166962,4.0
7,2,55,3.80055189133,4.75
7,2,56,3.78074145317,1.5
7,2,57,3.8001499176,4.0
7,2,58,3.80618596077,4.0
7,2,60,3.84426450729,5.5
7,2,61,3.77038884163,5.25
7,2,63,3.79536175728,3.25
7,2,64,3.83147072792,5.0
7,2,65,3.80899477005,5.5
7,2,66,3.79626202583,6.5
7,2,68,3.79723978043,4.25
7,2,69,3.82230901718,3.25
7,2,70,3.81428360939,4.0
7,2,71,3.8451898098,4.25
7,2,72,3.86443424225,3.25
7,2,73,3.8477127552,2.5
7,2,74,3.82651233673,3.5
7,2,75,3.84445977211,4.5
7,2,76,3.82935428619,4.25
7,2,77,3.70765590668,5.0
7,2,78,3.8332233429,4.0
7,2,80,3.71930336952,3.25
7,2,82,3.84830069542,5.0
7,2,83,3.78393387794,3.75
7,2,84,3.78903508186,2.5
7,2,85,3.77857494354,2.5
7,2,86,3.78984618187,4.5
7,2,87,3.81881165504,5.0
7,2,88,3.77102279663,3.0
7,2,89,3.7927968502,4.0
7,2,90,3.79483532906,3.75
7,2,91,3.80229711533,4.66667
7,2,92,3.74951076508,4.75
7,2,93,3.85433626175,3.25
7,2,94,3.75505924225,2.5
7,2,95,3.78599524498,3.5
7,2,96,3.76440143585,3.0
7,2,97,3.78465223312,3.75
7,2,98,3.7561545372,4.25
7,2,99,3.76070785522,1.75
7,2,100,3.7650103569,5.25
7,2,102,3.7756152153,4.25
7,2,103,3.75364565849,3.5
7,2,104,3.79675269127,3.0
7,2,105,3.74181175232,6.25
7,2,106,3.73258256912,4.5
7,2,107,3.86919951439,5.5
7,2,108,3.86818504333,5.25
8,1,2,3.87076854706,2.75
8,1,3,3.84128379822,2.5
8,1,4,3.85268163681,1.75
8,1,5,3.94877052307,2.0
8,1,6,3.90376591682,1.5
8,1,7,3.96209740639,1.0
8,1,8,3.87684607506,1.0
8,1,9,3.83341312408,2.0
8,1,10,3.91272187233,1.75
8,1,12,3.91180896759,1.0
8,1,16,3.95430135727,2.75
8,1,17,3.98378109932,3.25
8,1,18,3.97624707222,3.75
8,1,19,4.0046453476,2.25
8,1,20,4.00330305099,2.5
8,1,21,3.97789263725,1.75
8,1,22,3.97827649117,3.5
8,1,23,3.9948015213,3.25
8,1,26,4.02163743973,2.75
8,1,27,4.07509040833,2.0
8,1,28,3.87435340881,1.0
8,1,29,3.9720184803,3.25
8,1,30,3.80634140968,2.5
8,1,38,4.01980209351,2.25
8,1,50,3.84298467636,1.0
8,1,51,3.93867993355,1.0
8,1,53,3.90028786659,2.25
8,1,54,3.99869728088,3.0
8,1,58,3.97454476357,1.0
8,1,60,3.95129966736,2.5
8,1,61,3.972438097,2.75
8,1,62,3.87430715561,1.5
8,1,63,3.88993859291,1.0
8,1,64,3.94591140747,1.25
8,1,65,3.88866448402,2.0
8,1,67,3.92750597,2.25
8,1,68,3.9704310894,1.5
8,1,69,3.93041992188,2.5
8,1,73,4.11464262009,2.75
8,1,74,4.03927946091,2.5
8,1,75,4.0635509491,3.0
8,1,76,4.07894992828,1.0
8,1,77,4.00864696503,3.25
8,1,78,4.05048561096,2.75
8,1,79,4.0564250946,2.0
8,1,80,4.03719377518,1.75
8,1,81,4.09495162964,2.25
8,1,82,3.94347214699,1.75
8,1,85,3.97775197029,2.0
8,1,86,3.94458770752,1.25
8,1,87,4.02616596222,1.0
8,1,88,4.01578330994,2.25
8,1,89,3.9522600174,3.5
8,1,91,3.6590013504,3.25
8,2,4,3.72058010101,3.75
8,2,5,3.89642310143,1.75
8,2,6,3.77065849304,1.5
8,2,7,3.84939146042,4.25
8,2,8,3.73131275177,2.0
8,2,9,3.81979203224,1.75
8,2,10,3.79512858391,3.0
8,2,11,3.93832373619,2.25
8,2,15,3.91504621506,4.0
8,2,16,3.87846112251,3.5
8,2,17,3.85416460037,3.5
8,2,18,3.91231226921,2.0
8,2,19,3.90099239349,3.75
8,2,20,3.87709188461,2.25
8,2,21,3.85883927345,2.25
8,2,22,3.92668938637,2.5
8,2,23,3.68787193298,3.0
8,2,24,3.77637910843,2.75
8,2,25,3.84108161926,4.0
8,2,26,3.8517780304,4.0
8,2,27,3.93042898178,2.5
8,2,28,3.88465356827,4.75
8,2,29,3.87587451935,4.25
8,2,30,3.8415915966,2.75
8,2,31,3.95219445229,4.0
8,2,32,3.90477585793,2.25
8,2,33,3.90679860115,3.5
8,2,34,3.84536480904,3.5
8,2,35,3.93986129761,3.75
8,2,36,3.86760997772,2.25
8,2,37,3.9102897644,3.75
8,2,38,3.90219259262,2.0
8,2,39,3.84786987305,2.0
8,2,40,3.94047546387,4.0
8,2,41,3.87640500069,3.5
8,2,42,3.90191340446,2.75
8,2,43,3.87507915497,2.25
8,2,45,3.91625595093,3.25
8,2,46,3.88125944138,2.75
8,2,47,3.87144589424,4.0
8,2,48,3.82515335083,4.0
8,2,49,3.86144304276,3.0
8,2,50,3.87575507164,3.75
8,2,55,3.84452724457,2.0
8,2,56,3.80730342865,4.75
8,2,57,3.80379199982,3.0
8,2,58,3.782153368,4.5
8,2,59,3.71582698822,3.5
8,2,60,3.90449881554,4.0
8,2,61,3.95233106613,1.75
8,2,62,3.87955832481,5.25
8,2,63,3.88447761536,4.75
8,2,64,3.92090463638,3.25
8,2,67,3.88789963722,2.75
8,2,68,3.82174706459,3.5
8,2,69,3.8819425106,4.0
8,2,70,3.88162970543,2.0
8,2,71,3.74350547791,3.5
8,2,72,3.80775666237,3.5
8,2,73,3.93919682503,3.75
8,2,74,3.82894468307,4.0
8,2,75,3.85056400299,3.25
8,2,76,3.89726448059,4.75
8,2,77,3.89117503166,3.25
8,2,78,3.89627814293,4.0
8,2,79,3.80673718452,3.25
8,2,80,4.08953523636,2.75
8,2,83,3.93686032295,3.5
8,2,84,3.98316717148,4.5
8,2,85,3.86389279366,3.0
8,2,87,3.93444943428,3.75
8,2,88,4.0665397644,2.25
8,2,89,3.95076775551,1.5
8,2,90,4.05270528793,2.25
8,2,91,3.82564306259,2.0
8,2,92,3.88553404808,4.25
8,2,93,4.08582639694,3.0
8,2,94,3.59868311882,2.0
8,2,95,3.94789171219,2.0
8,2,96,3.95514798164,4.25
8,2,97,3.90554332733,3.0
8,2,98,3.81291675568,4.0
8,2,99,3.88223910332,3.25
9,1,2,3.76089668274,5.25
9,1,3,3.70290112495,4.75
9,1,4,3.74425125122,5.0
9,1,5,3.76964521408,5.75
9,1,6,3.82162284851,3.5
9,1,7,3.79862904549,4.25
9,1,8,3.82045316696,4.5
9,1,12,3.85674190521,4.75
9,1,16,3.84947252274,1.5
9,1,17,3.87325596809,4.25
9,1,18,3.828602314,3.5
9,1,19,3.84455299377,3.25
9,1,20,3.89319610596,4.0
9,1,21,3.89774847031,4.5
9,1,22,3.89082098007,3.0
9,1,23,3.85030221939,4.5
9,1,24,3.80819416046,3.5
9,1,25,3.88965988159,3.5
9,1,26,3.87888240814,4.5
9,1,27,3.87738633156,3.75
9,1,28,3.88180565834,2.75
9,1,29,3.87629127502,2.5
9,1,30,3.8772585392,3.0
9,1,31,3.83917546272,3.5
9,1,32,3.86919546127,2.75
9,1,33,3.8618144989,3.75
9,1,34,3.87133383751,3.25
9,1,35,3.86831474304,3.5
9,1,36,3.85757660866,3.5
9,1,37,3.80854892731,4.5
9,1,38,3.92546486855,3.5
9,1,39,3.90176558495,2.75
9,1,40,3.90609073639,2.25
9,1,41,3.87009191513,3.0
9,1,42,3.89701294899,4.0
9,1,50,3.8641474247,3.5
9,1,51,3.79679894447,3.5
9,1,52,3.8871216774,2.75
9,1,53,3.86695933342,3.0
9,1,54,3.86271953583,2.75
9,1,55,3.89126706123,3.5
9,1,56,3.81429028511,3.75
9,1,59,3.73320317268,2.75
9,1,60,3.69878983498,4.0
9,1,61,3.81289339066,3.5
9,1,63,3.90602302551,3.25
9,1,64,3.74845719337,4.25
9,1,65,3.76048541069,2.0
9,1,66,3.82983207703,4.75
9,1,67,3.74265980721,4.25
9,1,68,3.73290038109,3.5
9,1,69,3.76020646095,5.5
9,1,72,3.91023921967,3.75
9,1,73,3.93198251724,3.25
9,1,74,3.92054629326,3.0
9,1,75,3.93611598015,2.5
9,1,76,3.97763752937,4.0
9,1,77,3.9985973835,3.25
9,1,78,3.98201847076,3.5
9,1,79,3.88879489899,4.0
9,1,80,3.75769805908,3.25
9,1,81,3.90737938881,2.25
9,1,82,3.90871477127,4.0
9,1,83,3.872392416,4.25
9,1,84,3.93404197693,3.0
9,1,85,3.86874079704,4.75
9,1,86,3.91038560867,4.0
9,1,87,3.96149611473,3.25
9,1,88,3.88074231148,3.25
9,1,89,3.95194339752,2.75
9,1,90,3.89702129364,2.75
9,1,91,3.95159697533,3.75
9,1,92,3.93871712685,4.0
9,1,93,3.90282773972,3.25
9,1,94,3.97638583183,3.0
9,1,95,3.93076276779,4.25
9,1,96,3.98388242722,4.25
9,1,97,3.95882749557,3.5
9,1,98,3.9648835659,2.25
9,1,99,3.92479491234,3.0
9,1,100,3.94869208336,4.25
9,1,101,3.87949204445,2.25
9,1,102,3.98620414734,3.75
9,1,103,3.96349859238,2.25
9,1,104,3.96596980095,3.0
9,1,105,3.90109062195,3.75
9,1,106,3.85146856308,4.0
9,1,107,3.73236060143,4.25
9,1,110,3.97622609138,4.25
9,1,111,3.8052713871,4.0
9,2,2,3.84350514412,4.5
9,2,3,3.81145715714,5.25
9,2,4,3.84518504143,5.5
9,2,5,3.89844655991,5.75
9,2,6,3.76949214935,5.25
9,2,7,3.84566259384,4.5
9,2,8,3.60129380226,5.75
9,2,9,3.79439997673,4.75
9,2,10,3.82779669762,4.5
9,2,11,3.85933184624,5.5
9,2,12,3.78475666046,3.75
9,2,13,3.93141579628,2.75
9,2,16,3.87218999863,4.0
9,2,17,3.85442233086,4.25
9,2,18,3.7136118412,3.25
9,2,19,3.86406159401,3.0
9,2,20,3.90087389946,3.75
9,2,21,3.89479207993,3.0
9,2,22,3.89136123657,2.75
9,2,23,3.8696641922,1.75
9,2,24,3.86359000206,5.75
9,2,25,3.89499616623,3.25
9,2,26,3.91623163223,3.25
9,2,27,3.89246535301,4.75
9,2,28,3.84013223648,3.0
9,2,29,3.86356210709,2.75
9,2,30,3.88519120216,2.75
9,2,31,3.85125422478,2.25
9,2,32,3.71169281006,3.0
9,2,33,3.86480689049,2.5
9,2,34,3.86986517906,2.5
9,2,35,3.87682962418,4.75
9,2,36,3.9236702919,3.75
9,2,37,3.87192749977,2.0
9,2,38,3.88673853874,4.0
9,2,39,3.8629462719,3.25
9,2,40,3.85038495064,4.5
9,2,41,3.8943836689,3.25
9,2,42,3.87619519234,3.0
9,2,45,3.93859314919,4.75
9,2,46,3.98058485985,5.0
9,2,47,3.8730597496,5.0
9,2,48,3.79868459702,5.25
9,2,49,3.88460588455,4.0
9,2,50,3.73775482178,5.0
9,2,51,3.92011666298,2.75
9,2,52,3.849817276,3.75
9,2,53,3.90018224716,5.5
9,2,54,3.89885139465,3.25
9,2,55,3.9296131134,5.0
9,2,56,3.82781934738,4.0
9,2,62,3.776293993,5.0
9,2,63,3.89285874367,4.5
9,2,64,3.81343865395,4.75
9,2,65,3.88478565216,5.5
9,2,66,3.87916469574,4.25
9,2,67,3.74376487732,3.25
9,2,68,3.84540438652,3.25
9,2,69,3.83899593353,4.75
9,2,70,3.88855147362,5.25
9,2,71,3.91793823242,5.25
9,2,74,3.82206654549,3.75
9,2,75,3.88223624229,3.25
9,2,76,3.86920571327,4.25
9,2,77,3.83182859421,5.5
9,2,78,3.89718842506,5.25
9,2,79,3.89699459076,4.75
9,2,80,3.88775920868,4.75
9,2,81,3.88241839409,3.0
9,2,82,3.87670135498,4.0
9,2,83,3.90248966217,3.75
9,2,84,3.79714536667,4.75
9,2,85,3.81345510483,4.0
9,2,86,3.83084416389,3.25
9,2,87,3.83581256866,4.5
9,2,88,3.76051712036,2.75
9,2,89,3.88070964813,3.25
9,2,90,3.89516401291,4.25
9,2,91,3.89048624039,4.25
9,2,92,3.93710970879,4.5
9,2,93,3.9261200428,4.0
9,2,94,3.90626740456,5.0
9,2,95,3.94716358185,3.0
9,2,96,3.96193814278,3.75
9,2,97,3.89958119392,4.5
9,2,98,3.92172527313,4.5
9,2,99,3.89934635162,5.75
9,2,100,3.88502335548,3.75
9,2,101,3.89950633049,3.75
9,2,102,3.88279032707,3.0
9,2,103,3.91750192642,3.25
9,2,104,3.90907478333,4.5
9,2,105,3.80340576172,5.25
9,2,106,3.87312197685,3.75
9,2,107,3.90937161446,4.25
9,2,108,3.86480689049,2.25
9,2,109,3.84210467339,3.25
9,2,110,3.8258459568,4.0
9,2,111,3.85374164581,4.5
10,1,4,3.73496818542,5.5
10,1,5,3.74561405182,5.0
10,1,6,3.74465298653,5.0
10,1,7,3.75627207756,5.5
10,1,8,3.7527141571,6.25
10,1,9,3.76734972,5.5
10,1,10,3.77406430244,5.0
10,1,11,3.7647895813,4.0
10,1,12,3.75538086891,4.5
10,1,13,3.7683827877,4.25
10,1,14,3.72974586487,3.75
10,1,20,3.80513262749,5.0
10,1,21,3.82998514175,5.25
10,1,22,3.80101251602,4.5
10,1,24,3.86259794235,4.75
10,1,25,3.86180400848,4.5
10,1,26,3.87687373161,2.25
10,1,27,3.82226419449,4.25
10,1,28,3.88453435898,4.75
10,1,29,3.80025005341,4.75
10,1,30,3.85745882988,5.5
10,1,31,3.8905954361,4.75
10,1,32,3.8764333725,3.75
10,1,33,3.85996341705,4.5
10,1,34,3.9227976799,4.0
10,1,35,3.96201443672,2.0
10,1,36,3.8468234539,4.75
10,1,37,3.85500240326,6.0
10,1,38,3.74801397324,3.75
10,1,39,3.86248421669,4.0
10,1,40,3.88973855972,4.5
10,1,41,3.80447077751,3.25
10,1,42,3.85800766945,5.25
10,1,43,3.87410521507,4.5
10,1,44,3.86177539825,4.5
10,1,45,3.76164054871,3.25
10,1,46,3.81270885468,5.0
10,1,47,3.86720657349,5.25
10,1,48,3.82707095146,5.0
10,1,49,3.80146121979,4.0
10,1,50,3.84079384804,5.25
10,1,51,3.85906457901,5.5
10,1,52,3.77232909203,5.0
10,1,53,3.82445836067,5.25
10,1,54,3.8236489296,3.5
10,1,55,3.76375174522,5.25
10,1,56,3.78781676292,4.5
10,1,57,3.82792019844,1.5
10,1,61,3.73953413963,5.0
10,1,62,3.76355075836,3.75
10,1,63,3.71046280861,4.25
10,1,64,3.72716760635,5.0
10,1,65,3.74272823334,5.75
10,1,66,3.77495121956,6.0
10,1,67,3.77522659302,5.25
10,1,68,3.75479245186,3.75
10,1,69,3.73984932899,4.5
10,1,72,3.78910923004,3.0
10,1,73,3.80691003799,4.25
10,1,74,3.85129570961,4.75
10,1,75,3.78773093224,4.5
10,1,76,3.8274538517,4.75
10,1,77,3.82817482948,4.5
10,1,78,3.86411523819,5.5
10,1,79,3.83154129982,4.5
10,1,80,3.78223109245,5.0
10,1,81,3.85134530067,4.25
10,1,82,3.84393072128,4.5
10,1,83,3.85568642616,3.0
10,1,84,3.85721516609,2.75
10,1,85,3.82421541214,4.75
10,1,86,3.77790164948,4.0
10,1,87,3.80215215683,4.75
10,1,88,3.79805350304,5.5
10,1,89,3.76818299294,5.25
10,1,90,3.80413389206,3.75
10,1,91,3.79541397095,4.5
10,1,92,3.83841538429,5.0
10,1,93,3.83300876617,4.0
10,1,94,3.90705943108,5.0
10,1,95,3.81508469582,4.75
10,1,96,3.82622528076,4.5
10,1,97,3.81600666046,3.75
10,1,98,3.77584695816,4.5
10,1,99,3.79366564751,5.25
10,1,100,3.69307208061,4.0
10,1,101,3.76042199135,5.5
10,1,102,3.82684612274,5.0
10,1,103,3.77397108078,3.75
10,1,104,3.79361319542,4.5
10,1,105,3.82720661163,4.0
10,1,106,3.79286146164,2.0
10,1,107,3.81439352036,5.0
10,1,108,3.66237568855,3.75
10,2,3,3.59111332893,6.25
10,2,4,3.6689889431,5.5
10,2,5,3.63673043251,5.25
10,2,6,3.65988063812,5.25
10,2,7,3.71704316139,5.75
10,2,8,3.7354850769,3.25
10,2,9,3.77667212486,5.25
10,2,10,3.70951986313,4.5
10,2,11,3.62464952469,4.25
10,2,12,3.61669659615,5.25
10,2,13,3.70725703239,5.25
10,2,14,3.67188358307,5.75
10,2,15,3.7094142437,4.5
10,2,19,3.8162484169,2.75
10,2,20,3.78726506233,5.5
10,2,21,3.87238764763,5.5
10,2,22,3.74992537498,5.0
10,2,23,3.81387209892,3.5
10,2,24,3.8270509243,4.25
10,2,25,3.81866979599,3.5
10,2,26,3.77252364159,5.0
10,2,27,3.8854932785,4.5
10,2,28,3.85814642906,5.0
10,2,29,3.76891136169,5.75
10,2,30,3.87654209137,3.25
10,2,31,3.88819336891,1.75
10,2,32,3.81947565079,4.75
10,2,33,3.7681427002,5.0
10,2,34,3.81917929649,2.75
10,2,35,3.85703873634,3.75
10,2,36,3.84544801712,5.0
10,2,37,3.77669239044,4.75
10,2,38,3.775370121,5.25
10,2,39,3.67392063141,4.5
10,2,40,3.80239200592,5.25
10,2,41,3.8336930275,5.5
10,2,42,3.64809966087,5.75
10,2,43,3.77854204178,5.0
10,2,44,3.88239240646,3.5
10,2,45,3.85353660583,4.25
10,2,46,3.75607156754,5.25
10,2,47,3.6711127758,4.0
10,2,50,3.64096617699,5.5
10,2,51,3.6424241066,5.5
10,2,52,3.58470964432,6.75
10,2,53,3.68854761124,5.5
10,2,54,3.6939599514,3.75
10,2,55,3.59960269928,5.25
10,2,56,3.57433915138,5.5
10,2,58,3.73252677917,5.0
10,2,65,3.67465758324,3.0
10,2,66,3.73249554634,4.33333
10,2,67,3.70839571953,4.75
10,2,68,3.71919107437,5.25
10,2,69,3.49511122704,4.66667
10,2,70,3.70879530907,4.0
10,2,71,3.70702147484,6.25
10,2,72,3.74471569061,5.5
10,2,73,3.69004058838,4.75
10,2,74,3.72158718109,4.5
10,2,75,3.79930186272,4.5
10,2,76,3.70490098,3.5
10,2,77,3.71500563622,5.25
10,2,78,3.73264074326,5.5
10,2,79,3.70389604568,4.5
10,2,80,3.71387052536,5.25
10,2,81,3.74579763412,5.25
10,2,82,3.71581363678,4.25
10,2,83,3.77148151398,4.0
10,2,84,3.68472385406,5.25
10,2,85,3.71339964867,4.5
10,2,86,3.82091712952,5.5
10,2,87,3.72660708427,5.5
10,2,88,3.82006621361,4.0
10,2,89,3.73855757713,4.25
10,2,90,3.64372777939,4.25
10,2,91,3.67076992989,4.75
10,2,92,3.44678854942,3.25
10,2,93,3.79830479622,3.25
10,2,94,3.51995897293,2.0
10,2,95,3.62604951859,4.75
11,1,4,3.78917431831,5.75
11,1,5,3.84596824646,4.5
11,1,6,3.79662847519,5.0
11,1,7,3.84552502632,4.25
11,1,8,3.84607744217,4.25
11,1,9,3.86462283134,4.0
11,1,10,3.84062385559,4.66667
11,1,11,3.80439758301,4.5
11,1,12,3.83176088333,5.5
11,1,13,3.84144067764,5.25
11,1,14,3.77963829041,4.25
11,1,15,3.85848689079,3.5
11,1,19,3.85992527008,6.25
11,1,20,3.84024620056,5.5
11,1,21,3.81155538559,4.25
11,1,22,3.84748005867,6.25
11,1,23,3.82278609276,5.75
11,1,24,3.86354517937,3.25
11,1,25,3.85105371475,5.0
11,1,26,3.8782980442,4.0
11,1,27,3.82166481018,4.5
11,1,28,3.83168959618,4.5
11,1,29,3.82697987556,5.5
11,1,30,3.87549138069,4.25
11,1,31,3.83143544197,5.5
11,1,32,3.86651468277,4.25
11,1,33,3.85483169556,5.0
11,1,34,3.82501673698,4.5
11,1,35,3.88224697113,4.5
11,1,36,3.87220716476,5.0
11,1,37,3.846606493,3.75
11,1,38,3.8475549221,4.5
11,1,39,3.8592402935,5.0
11,1,46,3.81067323685,1.75
11,1,47,3.7819275856,4.0
11,1,48,3.80661153793,2.25
11,1,49,3.76168990135,4.5
11,1,50,3.8424808979,3.0
11,1,51,3.85122466087,4.75
11,1,53,3.88742661476,5.25
11,1,54,3.79901170731,2.5
11,1,56,3.83324146271,2.25
11,1,57,3.92718696594,2.5
11,1,62,3.87688279152,5.0
11,1,63,3.80247330666,6.25
11,1,64,3.90529179573,5.0
11,1,65,3.81364941597,4.25
11,1,66,3.92123413086,3.25
11,1,67,3.89674782753,6.25
11,1,68,3.87688493729,4.25
11,1,69,3.92527222633,4.0
11,1,70,3.90091013908,5.0
11,1,71,3.83112883568,4.75
11,1,72,3.90692424774,4.75
11,1,73,3.78304028511,5.25
11,1,74,3.80728292465,5.0
11,1,75,3.90084290504,3.5
11,1,76,3.90861487389,4.0
11,1,77,3.86049675941,6.0
11,1,78,3.87114477158,5.0
11,1,79,3.92586922646,4.5
11,1,80,3.89636087418,6.0
11,1,81,3.91233205795,4.5
11,1,82,3.84630680084,4.5
11,1,83,3.84981274605,3.5
11,1,84,3.90885162354,3.5
11,1,87,3.92722964287,2.75
11,1,88,3.89748263359,3.75
11,1,89,3.88524913788,5.0
11,1,90,3.935297966,4.25
11,1,91,3.92340302467,5.5
11,1,92,4.00090646744,4.25
11,1,93,3.93324255943,4.25
11,1,94,3.94567942619,5.75
11,1,95,3.92488193512,4.25
11,1,96,3.93855214119,4.75
11,1,97,3.898676157,3.75
11,1,98,3.91168308258,4.5
11,1,99,3.74067807198,5.0
11,2,3,3.74398469925,4.0
11,2,4,3.76284360886,2.25
11,2,5,3.73828673363,5.5
11,2,6,3.72305965424,0.75
11,2,7,3.72528219223,5.0
11,2,8,3.73515105247,3.5
11,2,9,3.68385386467,4.75
11,2,10,3.75916314125,2.5
11,2,11,3.6806447506,2.25
11,2,12,3.80712771416,3.75
11,2,17,3.81049799919,4.0
11,2,18,3.78549861908,5.25
11,2,19,3.81170392036,4.75
11,2,20,3.83915829659,6.25
11,2,21,3.78154349327,3.75
11,2,22,3.81196951866,5.75
11,2,23,3.77189469337,5.0
11,2,24,3.75518989563,5.0
11,2,25,3.77546596527,3.5
11,2,26,3.70946145058,5.5
11,2,27,3.78814172745,4.5
11,2,28,3.8169863224,4.75
11,2,29,3.74955296516,4.0
11,2,30,3.75924134254,5.0
11,2,31,3.74327421188,5.25
11,2,32,3.7581551075,4.25
11,2,33,3.77552723885,6.5
11,2,34,3.80154442787,3.75
11,2,35,3.8154706955,4.25
11,2,36,3.77253770828,5.0
11,2,37,3.76212334633,4.25
11,2,38,3.76095056534,4.5
11,2,39,3.77713942528,4.25
11,2,40,3.79913949966,4.75
11,2,41,3.73462152481,4.75
11,2,42,3.77396535873,5.25
11,2,43,3.76314616203,5.5
11,2,44,3.73588132858,4.25
11,2,45,3.77069950104,4.25
11,2,46,3.82915902138,4.0
11,2,47,3.75757598877,6.5
11,2,48,3.80806946754,2.75
11,2,49,3.74936079979,4.25
11,2,50,3.70478010178,4.5
11,2,51,3.78441381454,5.0
11,2,52,3.82341814041,4.5
11,2,53,3.79802727699,3.75
11,2,54,3.80438995361,4.5
11,2,55,3.81731820107,4.75
11,2,56,3.95563554764,2.5
11,2,60,3.79831409454,3.25
11,2,61,3.79479622841,1.75
11,2,62,3.75644159317,2.75
11,2,63,3.77504134178,4.25
11,2,64,3.74653291702,2.5
11,2,65,3.74699401855,1.75
11,2,66,3.76020336151,4.75
11,2,67,3.74656867981,4.0
11,2,68,3.78078508377,3.25
11,2,69,3.78850650787,4.25
11,2,72,3.78824520111,4.25
11,2,73,3.73306727409,4.25
11,2,74,3.75799775124,2.5
11,2,75,3.7530579567,5.5
11,2,76,3.76643228531,4.5
11,2,77,3.77782440186,5.5
11,2,78,3.81604743004,4.25
11,2,79,3.73010206223,3.75
11,2,80,3.7533864975,3.0
11,2,81,3.56548762321,4.75
11,2,82,3.73255372047,4.0
11,2,83,3.73828458786,4.75
11,2,84,3.75761985779,5.0
11,2,85,3.74348759651,5.75
11,2,86,3.69442367554,4.25
11,2,87,3.72567439079,5.0
11,2,88,3.70133566856,4.75
11,2,89,3.712433815,3.25
11,2,90,3.73231840134,4.5
11,2,91,3.80352735519,5.5
11,2,92,3.72558093071,5.0
11,2,93,3.68038105965,4.25
11,2,94,3.70769119263,4.0
11,2,95,3.69157361984,5.0
11,2,96,3.72900795937,3.75
11,2,97,3.73814582825,5.0
11,2,98,3.83101558685,5.5
11,2,99,3.73857212067,4.5
11,2,100,3.73321413994,4.75
11,2,101,3.72104620934,3.75
11,2,102,3.71319508553,5.25
11,2,103,3.72587180138,6.0
11,2,104,3.73401689529,4.5
11,2,105,3.6724524498,3.0
11,2,106,3.73571872711,4.75
11,2,109,3.70737886429,4.75
12,1,2,3.89506268501,6.5
12,1,3,3.91373562813,6.0
12,1,4,3.87542533875,6.25
12,1,5,3.8967897892,6.0
12,1,6,3.88827061653,5.0
12,1,7,3.92583942413,6.25
12,1,8,3.89785552025,5.25
12,1,9,3.88953304291,4.75
12,1,10,3.88374972343,5.25
12,1,11,3.88870930672,5.0
12,1,12,3.88075089455,5.75
12,1,19,3.90090751648,3.75
12,1,20,3.99359297752,4.75
12,1,21,3.88166904449,4.5
12,1,22,3.9202940464,4.5
12,1,26,3.94404172897,5.0
12,1,27,3.95781517029,4.5
12,1,31,3.98782229424,5.0
12,1,32,3.43851804733,5.25
12,1,38,3.9655213356,5.5
12,1,43,3.96009469032,4.75
12,1,49,3.90817642212,4.75
12,1,54,3.95103549957,4.75
12,1,61,3.88551688194,4.0
12,1,62,3.98169898987,2.5
12,1,64,3.87658762932,4.0
12,1,67,3.8397963047,2.75
12,1,68,3.85403203964,4.25
12,1,69,3.83816671371,3.75
12,1,78,3.88817572594,6.0
12,1,79,3.90911769867,4.25
12,1,84,3.89848661423,4.5
12,1,96,3.90314292908,3.25
12,1,98,3.87417387962,3.75
12,2,3,3.83429121971,4.0
12,2,4,3.84876227379,5.25
12,2,5,3.82648897171,3.5
12,2,6,3.87805104256,5.0
12,2,7,3.88779997826,4.0
12,2,8,3.84910583496,4.0
12,2,9,3.96483230591,4.25
12,2,10,3.91720557213,5.0
12,2,11,3.88919711113,5.25
12,2,12,3.85717082024,3.5
12,2,13,3.88553237915,4.25
12,2,14,3.95242714882,4.5
12,2,19,3.9559173584,3.75
12,2,21,3.90861392021,5.0
12,2,22,3.97308349609,5.25
12,2,23,3.80024123192,4.25
12,2,24,3.9832470417,2.75
12,2,26,3.90698313713,3.0
12,2,29,3.94022369385,4.5
12,2,30,3.90971946716,3.25
12,2,32,4.00259590149,3.75
12,2,33,3.9647629261,3.0
12,2,35,4.00620126724,3.5
12,2,40,4.00063562393,5.25
12,2,41,3.97210359573,3.5
12,2,42,3.89957284927,4.0
12,2,45,3.99122262001,4.25
12,2,46,3.94997310638,4.75
12,2,47,3.96397256851,4.5
12,2,48,3.98076319695,5.25
12,2,49,3.93266415596,4.75
12,2,50,3.94085526466,3.0
12,2,51,3.88363313675,3.75
12,2,53,4.04979801178,4.5
12,2,54,3.94025158882,4.5
12,2,55,3.95005893707,5.0
12,2,56,3.92221999168,4.75
12,2,57,3.98799228668,3.75
12,2,58,3.9397687912,5.0
12,2,59,3.94565987587,1.75
12,2,62,3.79567980766,2.25
12,2,65,3.89181828499,3.0
12,2,67,3.84936094284,2.0
12,2,68,3.9496421814,1.5
12,2,71,3.86555886269,2.0
12,2,73,4.14694786072,4.0
12,2,86,3.97514200211,5.0
12,2,88,3.87246203423,4.0
16,2,5,3.80933856964,4.0
16,2,6,3.90466690063,4.5
16,2,7,3.92005062103,5.0
16,2,8,3.94188785553,3.25
16,2,9,3.8635931015,3.5
16,2,10,3.89977264404,5.5
16,2,11,3.89725971222,4.5
16,2,12,3.8878595829,5.5
16,2,13,3.90207386017,4.5
16,2,14,3.92666816711,4.0
16,2,15,3.94890356064,4.25
16,2,21,3.99119281769,3.75
16,2,22,3.97605204582,1.75
16,2,23,3.99828481674,2.5
16,2,24,4.00173997879,3.5
16,2,25,3.95092916489,3.0
16,2,26,3.99477505684,3.25
16,2,27,3.97666597366,4.25
16,2,28,3.97097229958,3.25
16,2,29,4.00392007828,2.0
16,2,30,3.89828920364,3.0
16,2,31,3.95484566689,2.0
16,2,32,3.96914315224,2.75
16,2,33,3.96411848068,1.5
16,2,34,3.95953631401,2.25
16,2,35,3.92431020737,2.5
16,2,36,3.99852728844,3.75
16,2,37,3.99914169312,4.5
16,2,38,3.96460485458,4.0
16,2,39,3.98054265976,2.25
16,2,40,3.96089911461,2.0
16,2,41,3.92205047607,1.75
16,2,42,4.00328063965,2.5
16,2,43,3.97512555122,2.25
16,2,44,3.9357624054,2.75
16,2,45,3.96076416969,3.0
16,2,46,3.82796597481,2.5
16,2,47,3.91205310822,1.75
16,2,48,4.05794286728,3.25
16,2,49,3.97908210754,2.75
16,2,50,3.96972870827,2.25
16,2,51,3.95709013939,3.5
16,2,52,3.98393297195,2.25
16,2,53,3.85404157639,4.0
16,2,54,3.93914031982,1.25
16,2,55,3.92925286293,4.0
16,2,56,3.91686558723,4.75
16,2,57,3.93003892899,3.0
16,2,58,3.93737149239,2.25
16,2,59,3.98926949501,3.0
16,2,60,3.92611908913,3.0
16,2,61,3.87394285202,2.5
16,2,65,3.95310020447,5.0
16,2,66,3.95303368568,5.75
16,2,67,3.95960259438,3.5
16,2,68,3.96466827393,1.25
16,2,69,3.94179677963,1.75
16,2,70,3.97810316086,1.75
16,2,71,3.92132806778,4.0
16,2,72,3.92289376259,2.25
16,2,73,3.82665157318,4.0
16,2,76,3.93659281731,3.0
16,2,77,3.97350811958,5.5
16,2,78,3.98539710045,4.25
16,2,79,3.97841930389,5.0
16,2,80,3.97042822838,4.0
16,2,81,3.99806189537,2.5
16,2,82,3.98606038094,2.25
16,2,83,3.95143198967,4.5
16,2,84,3.97182941437,3.75
16,2,85,3.9054453373,3.5
16,2,86,3.98618102074,4.5
16,2,87,3.87392544746,3.5
16,2,88,4.00000905991,3.75
16,2,89,4.02702569962,1.75
16,2,90,3.89812541008,1.75
16,2,91,3.86596846581,3.25
16,2,92,3.85428786278,2.5
16,2,93,3.78876161575,4.0
16,2,94,3.83000707626,4.0
16,2,95,4.03676509857,3.5
16,2,96,3.92134976387,3.5
16,2,97,3.92782592773,2.75
16,2,98,3.92668390274,4.5
16,2,99,3.86802244186,3.25
16,2,100,3.94373583794,3.25
16,2,101,4.05887031555,5.0
16,2,102,4.00426244736,1.75
16,2,103,4.0678563118,3.25
16,2,104,4.07469367981,1.75
16,2,105,4.0019774437,3.75
16,2,106,3.94539833069,2.75
16,2,107,4.07468032837,3.25
16,2,108,3.92373132706,2.75
16,2,109,3.90185403824,4.5
16,2,110,3.82513189316,2.25
16,2,111,3.90543484688,3.5
16,2,112,3.92948317528,1.5
16,2,113,3.9258890152,2.5
16,2,114,3.83918118477,3.5
16,2,115,3.84765005112,2.75
17,1,4,3.91751813889,2.75
17,1,5,3.93997049332,2.75
17,1,6,3.91931200027,2.75
17,1,7,3.97555708885,2.75
17,1,8,3.96145009995,2.75
17,1,9,3.97179317474,1.5
17,1,10,3.89420628548,1.5
17,1,11,3.90001106262,1.5
17,1,12,3.92233109474,2.25
17,1,14,3.885607481,1.5
17,1,17,3.97696328163,3.0
17,1,18,3.98040628433,2.75
17,1,19,4.01580619812,4.0
17,1,20,3.99865245819,3.5
17,1,21,3.96815872192,2.5
17,1,22,4.02110433578,3.0
17,1,23,3.96636295319,2.5
17,1,24,3.96042251587,3.25
17,1,25,4.01049232483,3.75
17,1,26,4.01829242706,3.0
17,1,27,3.95497512817,4.5
17,1,28,4.02018356323,4.25
17,1,29,4.02128791809,4.0
17,1,30,4.01093578339,5.25
17,1,31,4.01204395294,4.0
17,1,32,3.91903209686,4.5
17,1,33,4.03392553329,3.75
17,1,34,4.03176784515,3.25
17,1,35,4.00799131393,2.5
17,1,36,4.02388572693,2.75
17,1,37,4.02459383011,2.5
17,1,38,3.99887442589,2.25
17,1,39,4.05651664734,4.5
17,1,40,4.00924825668,3.0
17,1,41,4.00470352173,3.25
17,1,42,4.01100826263,3.75
17,1,43,3.98781728745,4.25
17,1,44,4.00387716293,3.5
17,1,45,4.01531219482,3.0
17,1,46,4.03420829773,4.0
17,1,51,4.00713062286,3.0
17,1,52,3.98785948753,2.75
17,1,53,4.00924015045,2.75
17,1,54,4.02071809769,3.25
17,1,55,3.99421882629,2.5
17,1,56,4.0023150444,3.25
17,1,59,3.98540639877,2.5
17,1,60,3.98623228073,3.0
17,1,61,3.98870873451,2.25
17,1,62,3.88579201698,1.75
17,1,63,3.91503477097,1.75
17,1,64,4.01211309433,1.0
17,1,65,3.94419240952,1.25
17,1,66,3.91952562332,0.75
17,1,67,3.95652675629,3.0
17,1,68,3.9836499691,3.75
17,1,69,3.94483733177,2.5
17,1,72,3.96243786812,5.25
17,1,73,3.99384975433,4.25
17,1,74,3.99490308762,3.25
17,1,75,3.98021006584,1.75
17,1,76,3.99222183228,4.5
17,1,77,3.98198318481,3.5
17,1,78,3.98836112022,4.25
17,1,79,4.00732183456,3.25
17,1,80,4.03904247284,4.25
17,1,81,4.03683757782,4.5
17,1,82,4.01244497299,5.0
17,1,83,4.03805685043,3.5
17,1,84,3.99370408058,4.25
17,1,85,3.95276165009,4.75
17,1,86,4.04923582077,4.0
17,1,87,4.0468583107,2.5
17,1,88,4.01323795319,4.25
17,1,89,4.01981210709,3.25
17,1,90,4.00043582916,5.5
17,1,91,4.00154066086,3.5
17,1,92,3.98180508614,5.25
17,1,93,3.97621226311,3.5
17,1,94,3.92767167091,3.5
17,1,95,4.00805807114,5.25
17,1,96,4.0091509819,1.5
17,1,97,4.02815914154,2.5
17,1,98,4.02328920364,3.5
17,1,99,4.00256729126,3.5
17,1,100,4.05692720413,2.75
17,1,101,4.00828742981,3.0
17,1,102,4.01467132568,3.75
17,1,103,4.02513599396,3.0
17,1,104,4.03927516937,3.25
17,1,105,4.0574555397,3.75
17,1,106,4.03257656097,2.75
17,1,107,4.06665325165,3.25
17,1,108,4.02945423126,2.5
17,1,109,4.03708171844,2.5
17,1,110,4.02285718918,3.5
18,1,2,3.96584415436,4.25
18,1,3,3.94082188606,2.25
18,1,4,3.93216204643,3.0
18,1,5,3.94595623016,1.5
18,1,6,3.94303631783,3.5
18,1,7,3.97860121727,2.5
18,1,8,3.97863674164,2.25
18,1,9,3.9260699749,2.0
18,1,10,3.93777751923,1.75
18,1,11,3.98023223877,5.75
18,1,12,3.91917705536,6.0
18,1,16,3.96027946472,2.33333
18,1,17,3.99066972733,3.0
18,1,18,3.96284818649,2.75
18,1,19,3.99427723885,2.75
18,1,20,3.98678469658,2.75
18,1,21,4.00402641296,2.5
18,1,22,3.93757224083,3.75
18,1,26,3.98981952667,2.75
18,1,27,3.89176440239,3.75
18,1,28,3.9664876461,3.25
18,1,29,3.96077728271,3.75
18,1,30,3.97356677055,2.75
18,1,31,3.98611760139,3.75
18,1,32,3.98523807526,1.25
18,1,33,3.97773647308,1.0
18,1,34,4.01220941544,2.25
18,1,35,3.98984098434,2.25
18,1,36,3.98439335823,2.25
18,1,37,3.96773314476,2.75
18,1,38,4.00228071213,3.5
18,1,39,4.0179233551,4.0
18,1,40,4.00361442566,4.0
18,1,41,4.00901079178,4.0
18,1,42,4.02690267563,2.5
18,1,43,4.02741909027,4.25
18,1,44,4.04202222824,2.5
18,1,45,4.02076148987,4.75
18,1,46,4.0190987587,2.25
18,1,47,4.02018737793,1.75
18,1,48,4.02781534195,1.75
18,1,49,4.00734567642,1.5
18,1,50,4.02872180939,2.25
18,1,51,4.0100440979,1.25
18,1,53,3.99007463455,3.25
18,1,54,3.99611163139,1.25
18,1,55,4.04350137711,1.75
18,1,56,3.97902464867,3.25
18,1,59,3.91221475601,1.66667
18,1,60,3.96407628059,1.0
18,1,61,3.94970321655,3.25
18,1,62,3.96451759338,1.5
18,1,64,3.9625351429,2.25
18,1,65,3.94984459877,1.0
18,1,66,4.03337478638,1.75
18,1,67,3.98400950432,1.0
18,1,68,4.04127597809,2.5
18,1,69,4.00162506104,1.0
18,1,73,3.98645877838,2.0
18,1,74,4.0047917366,1.5
18,1,75,3.94393491745,1.0
18,1,76,3.99017834663,2.0
18,1,77,3.98496341705,1.0
18,1,78,4.0146985054,2.0
18,1,79,3.99447059631,2.25
18,1,80,3.93955373764,3.5
18,1,81,3.96783328056,3.75
18,1,82,3.9317305088,3.25
18,1,83,3.90767884254,3.75
18,1,84,3.98343467712,4.5
18,1,85,4.00149440765,4.0
18,1,86,3.91203737259,2.5
18,1,89,3.97662067413,2.25
18,1,90,3.97025156021,2.5
18,1,91,4.02477216721,2.5
18,1,92,4.01678085327,2.25
18,1,93,4.04617166519,2.0
18,1,94,4.0140414238,2.5
18,1,95,4.01466226578,4.25
18,1,96,3.96434950829,2.5
18,1,97,3.97828173637,3.25
18,1,98,3.98663926125,2.25
18,1,99,3.98301339149,2.5
18,1,100,4.01488304138,3.75
18,1,101,3.97491407394,2.25
18,1,102,3.9804983139,2.25
18,1,103,3.90319776535,2.0
18,1,104,3.99467682838,3.25
18,1,105,3.8843729496,1.75
18,1,108,3.8116915226,2.5
18,1,109,3.94051289558,3.0
18,1,110,3.83571720123,1.75
18,1,111,3.98510980606,2.75
