3,1,47,3.75753831863,4.25
3,1,47,3.75454044342,4.25
3,1,10,3.9553835392,2.875
3,1,10,3.97969388962,2.875
3,1,101,4.61798381805,4.375
3,1,101,4.61745405197,4.375
3,1,64,4.57872009277,5.75
3,1,64,4.5785074234,5.75
3,1,45,4.66721630096,4.25
3,1,45,4.66014671326,4.25
3,1,8,4.2460308075,3.5
3,1,8,4.24622678757,3.5
3,1,99,4.28641605377,1.5
3,1,99,4.28615379333,1.5
3,1,94,4.28967571259,3.25
3,1,94,4.28805398941,3.25
3,1,43,4.06872415543,4.0
3,1,43,4.07031202316,4.0
3,1,6,4.44985723495,4.5
3,1,6,4.45128202438,4.5
3,1,97,3.33760738373,1.25
3,1,97,3.3362159729,1.25
3,1,92,4.06772756577,3.5
3,1,92,4.07013225555,3.5
3,1,41,0.450272619724,3.25
3,1,41,0.473555505276,3.25
3,1,4,4.39862060547,3.25
3,1,4,4.41632270813,3.25
3,1,90,2.77999615669,3.75
3,1,90,2.77999687195,3.75
3,1,39,3.79478025436,5.75
3,1,39,3.79906177521,5.75
3,1,2,3.71931481361,4.5
3,1,2,3.71982121468,4.5
3,1,88,3.39328551292,4.0
3,1,88,3.4004945755,4.0
3,1,37,4.45858812332,3.125
3,1,37,4.45819950104,3.125
3,1,86,3.54848480225,4.25
3,1,86,3.54264307022,4.25
3,1,35,4.66422319412,4.375
3,1,35,4.66465234756,4.375
3,1,30,3.63009405136,4.5
3,1,30,3.62771058083,4.5
3,1,84,3.8113694191,3.75
3,1,84,3.80126595497,3.75
3,1,33,4.35422754288,3.0
3,1,33,4.35475254059,3.0
3,1,28,4.4335398674,4.75
3,1,28,4.43371105194,4.75
3,1,82,4.39410877228,3.0
3,1,82,4.39768218994,3.0
3,1,63,3.97546076775,4.75
3,1,63,3.97543096542,4.75
3,1,26,4.21597290039,4.0
3,1,26,4.21636152267,4.0
3,1,80,4.33271217346,2.75
3,1,80,4.33167171478,2.75
3,1,61,4.04714012146,5.5
3,1,61,4.05110359192,5.5
3,1,24,4.20316934586,4.5
3,1,24,4.20437049866,4.5
3,1,59,4.22718906403,5.5
3,1,59,4.23090744019,5.5
3,1,22,4.28578996658,4.83333
3,1,22,4.27556991577,4.83333
3,1,57,4.14736175537,4.875
3,1,57,4.14493083954,4.875
3,1,20,4.1283159256,2.5
3,1,20,4.12742376328,2.5
3,1,79,4.4387049675,5.25
3,1,79,4.43774080276,5.25
3,1,55,4.42080211639,3.25
3,1,55,4.42290258408,3.25
3,1,18,3.54568648338,3.75
3,1,18,3.54363870621,3.75
3,1,77,3.7745885849,4.5
3,1,77,3.77063655853,4.5
3,1,16,3.89727878571,4.75
3,1,16,3.89609861374,4.75
3,1,75,3.86245822906,4.0
3,1,75,3.85886049271,4.0
3,1,51,3.22564697266,4.5
3,1,51,3.22042107582,4.5
3,1,73,3.99672889709,3.0
3,1,73,3.99573135376,3.0
3,1,49,4.31368207932,5.0
3,1,49,4.31107711792,5.0
3,1,108,4.08472394943,2.25
3,1,108,4.08338403702,2.25
3,1,71,4.30383491516,2.0
3,1,71,4.30446386337,2.0
3,1,15,4.43500804901,5.0
3,1,15,4.43624734879,5.0
3,1,106,3.42102527618,2.75
3,1,106,3.40963768959,2.75
3,1,104,3.41556859016,3.5
3,1,104,3.41531133652,3.5
3,1,102,3.54253077507,5.25
3,1,102,3.54976058006,5.25
3,1,65,4.06154489517,6.25
3,1,65,4.05989122391,6.25
3,1,46,4.11532497406,5.0
3,1,46,4.11783456802,5.0
3,1,9,4.37077331543,2.75
3,1,9,4.37109994888,2.75
3,1,100,3.25561618805,2.375
3,1,100,3.25914502144,2.375
3,1,95,4.15446376801,3.75
3,1,95,4.15245008469,3.75
3,1,44,4.02439117432,3.0
3,1,44,4.01687431335,3.0
3,1,7,4.47674608231,4.75
3,1,7,4.47544288635,4.75
3,1,98,4.37257814407,1.75
3,1,98,4.37274074554,1.75
3,1,93,4.24530267715,3.25
3,1,93,4.24304485321,3.25
3,1,5,4.40331554413,6.0
3,1,5,4.40853214264,6.0
3,1,96,4.2623295784,3.875
3,1,96,4.26153707504,3.875
3,1,91,4.44462013245,4.0
3,1,91,4.43481445312,4.0
3,1,40,4.42353248596,5.0
3,1,40,4.42516803741,5.0
3,1,3,4.65526437759,3.0
3,1,3,4.65563488007,3.0
3,1,89,4.01536178589,4.25
3,1,89,4.01299190521,4.25
3,1,38,4.28663015366,4.5
3,1,38,4.28588247299,4.5
3,1,1,1.94027352333,3.875
3,1,1,1.93043553829,3.875
3,1,87,3.84249544144,4.25
3,1,87,3.84031748772,4.25
3,1,36,4.54214477539,3.5
3,1,36,4.54202032089,3.5
3,1,31,3.77130675316,3.66667
3,1,31,3.77894353867,3.66667
3,1,85,3.09010601044,2.0
3,1,85,3.03283381462,2.0
3,1,34,4.5066947937,4.125
3,1,34,4.50711154938,4.125
3,1,29,4.65253400803,1.25
3,1,29,4.65238952637,1.25
3,1,83,4.06110048294,4.5
3,1,83,4.06034660339,4.5
3,1,32,3.74245977402,4.5
3,1,32,3.73589587212,4.5
3,1,27,3.31336116791,5.25
3,1,27,3.31542825699,5.25
3,1,81,4.57549905777,2.75
3,1,81,4.57475042343,2.75
3,1,62,4.51461935043,4.375
3,1,62,4.51645755768,4.375
3,1,25,4.67620706558,5.5
3,1,25,4.67612457275,5.5
3,1,60,4.6559715271,5.5
3,1,60,4.65568733215,5.5
3,1,23,4.40893507004,3.875
3,1,23,4.4067697525,3.875
3,1,58,4.3079328537,4.5
3,1,58,4.30693721771,4.5
3,1,21,4.48242378235,4.5
3,1,21,4.48199033737,4.5
3,1,56,4.32594442368,4.0
3,1,56,4.32239484787,4.0
3,1,19,4.44706726074,4.125
3,1,19,4.45023775101,4.125
3,1,78,3.82594633102,5.25
3,1,78,3.82601594925,5.25
3,1,17,4.16672897339,5.0
3,1,17,4.16788005829,5.0
3,1,76,4.39231491089,4.0
3,1,76,4.39293670654,4.0
3,1,52,4.49436330795,3.5
3,1,52,4.49506092072,3.5
3,1,74,4.11929559708,4.0
3,1,74,4.12135601044,4.0
3,1,50,4.19474458694,4.66667
3,1,50,4.19305992126,4.66667
3,1,48,4.58756971359,2.5
3,1,48,4.58779001236,2.5
3,1,107,3.01948571205,5.25
3,1,107,3.02161931992,5.25
3,1,70,2.52403497696,2.75
3,1,70,2.51288509369,2.75
3,1,14,-0.28699234128,3.75
3,1,14,-0.358605146408,3.75
3,1,105,-1.11695194244,1.25
3,1,105,-1.11111950874,1.25
3,1,103,3.55952358246,1.5
3,1,103,3.55683660507,1.5
3,1,66,4.66282463074,3.0
3,1,66,4.66327667236,3.0
3,2,82,3.94041442871,3.25
3,2,82,3.93850326538,3.25
3,2,61,4.75269126892,4.375
3,2,61,4.75228118896,4.375
3,2,80,4.15716171265,4.75
3,2,80,4.15814447403,4.75
3,2,30,-1.29242968559,3.625
3,2,30,-1.35414612293,3.625
3,2,35,-0.409772396088,3.875
3,2,35,-0.312805354595,3.875
3,2,86,1.23791074753,2.75
3,2,86,1.25559878349,2.75
3,2,28,-1.75407958031,4.0
3,2,28,-1.78456258774,4.0
3,2,33,3.96760749817,5.0
3,2,33,3.96722316742,5.0
3,2,84,-0.853555619717,4.0
3,2,84,-0.857017755508,4.0
3,2,2,2.87376356125,1.875
3,2,2,2.89732599258,1.875
3,2,39,2.53655099869,4.25
3,2,39,2.54192638397,4.25
3,2,90,3.84220504761,4.25
3,2,90,3.84353351593,4.25
3,2,37,3.5034942627,2.25
3,2,37,3.50418305397,2.25
3,2,88,3.41376590729,4.0
3,2,88,3.4153637886,4.0
3,2,6,3.61475586891,5.25
3,2,6,3.64372968674,5.25
3,2,43,1.44888472557,4.0
3,2,43,1.43871617317,4.0
3,2,94,1.24248898029,3.75
3,2,94,1.23459851742,3.75
3,2,99,3.58591389656,2.625
3,2,99,3.55862665176,2.625
3,2,41,3.33170509338,3.5
3,2,41,3.33017110825,3.5
3,2,92,2.76290273666,3.25
3,2,92,2.71261429787,3.25
3,2,97,4.34998750687,5.0
3,2,97,4.35042190552,5.0
3,2,10,3.93963932991,4.0
3,2,10,3.93504714966,4.0
3,2,47,3.99095153809,3.875
3,2,47,3.98337650299,3.875
3,2,66,3.8222322464,3.75
3,2,66,3.82220292091,3.75
3,2,103,3.95613622665,4.0
3,2,103,3.95758104324,4.0
3,2,8,2.63489818573,6.0
3,2,8,2.61884689331,6.0
3,2,45,3.65396213531,3.25
3,2,45,3.6491625309,3.25
3,2,64,3.19800567627,2.375
3,2,64,3.20612168312,2.375
3,2,101,3.56156492233,3.125
3,2,101,3.56088161469,3.125
3,2,14,3.91279745102,3.75
3,2,14,3.91351699829,3.75
3,2,70,4.6157951355,3.66667
3,2,70,4.61675262451,3.66667
3,2,107,2.08376717567,4.625
3,2,107,2.02758336067,4.625
3,2,12,4.47638082504,5.25
3,2,12,4.47555446625,5.25
3,2,68,3.83615493774,5.5
3,2,68,3.84898042679,5.5
3,2,105,4.34530544281,3.5
3,2,105,4.36663913727,3.5
3,2,50,4.41373586655,3.75
3,2,50,4.41230726242,3.75
3,2,74,3.8348493576,3.25
3,2,74,3.83026981354,3.25
3,2,111,2.568318367,3.5
3,2,111,2.58167171478,3.5
3,2,48,-3.16550779343,4.25
3,2,48,-3.13686466217,4.25
3,2,109,3.25426626205,1.95833
3,2,109,3.21302247047,1.95833
3,2,78,4.6361951828,2.75
3,2,78,4.63609600067,2.75
3,2,52,4.03299331665,1.5
3,2,52,4.03190088272,1.5
3,2,56,3.31786179543,4.25
3,2,56,3.31714868546,4.25
3,2,112,3.69118094444,4.0
3,2,112,3.71169090271,4.0
3,2,62,4.27484226227,5.25
3,2,62,4.27539157867,5.25
3,2,27,4.19295454025,4.0
3,2,27,4.19218063354,4.0
3,2,60,3.13210105896,3.75
3,2,60,3.1277756691,3.75
3,2,83,3.42890524864,4.25
3,2,83,3.44145202637,4.25
3,2,34,4.64658927917,3.5
3,2,34,4.64632081985,3.5
3,2,81,3.86668348312,4.375
3,2,81,3.86406850815,4.375
3,2,31,2.63196563721,3.25
3,2,31,2.6319065094,3.25
3,2,32,4.00985527039,3.25
3,2,32,4.01415920258,3.25
3,2,87,0.685141086578,3.75
3,2,87,0.738606274128,3.75
3,2,29,1.28870940208,4.0
3,2,29,1.27715456486,4.0
3,2,38,4.4661488533,3.25
3,2,38,4.46532583237,3.25
3,2,85,3.9248020649,3.25
3,2,85,3.95096206665,3.25
3,2,36,2.53710365295,2.75
3,2,36,2.57081222534,2.75
3,2,91,4.30292224884,4.5
3,2,91,4.30253982544,4.5
3,2,42,-1.04326891899,2.5
3,2,42,-1.04361510277,2.5
3,2,89,3.73889708519,3.25
3,2,89,3.76720285416,3.25
3,2,98,4.57251644135,4.5
3,2,98,4.54866409302,4.5
3,2,7,3.65050315857,6.0
3,2,7,3.64769601822,6.0
3,2,40,4.25459957123,2.75
3,2,40,4.25235080719,2.75
3,2,95,-0.881984710693,1.5
3,2,95,-0.887897372246,1.5
3,2,96,3.62186765671,3.125
3,2,96,3.61507201195,3.125
3,2,5,3.43213701248,3.25
3,2,5,3.43987584114,3.25
3,2,46,2.79035162926,4.5
3,2,46,2.78578186035,4.5
3,2,93,3.95845484734,5.0
3,2,93,3.94984960556,5.0
3,2,102,4.30648899078,2.0
3,2,102,4.28921747208,2.0
3,2,11,3.59663248062,4.125
3,2,11,3.59904623032,4.125
3,2,44,-2.34316372871,5.0
3,2,44,-2.33981633186,5.0
3,2,67,4.15030813217,5.25
3,2,67,4.1519947052,5.25
3,2,100,3.77040863037,1.25
3,2,100,3.77055883408,1.25
3,2,9,3.86610746384,4.5
3,2,9,3.87772035599,4.5
3,2,65,4.29866313934,3.0
3,2,65,4.30051612854,3.0
3,2,106,3.5243139267,3.875
3,2,106,3.53001880646,3.875
3,2,71,2.89610481262,2.375
3,2,71,2.8707754612,2.375
3,2,104,-2.54235887527,3.5
3,2,104,-2.49483275414,3.5
3,2,13,3.91670465469,5.0
3,2,13,3.91645050049,5.0
3,2,69,-0.143618494272,1.25
3,2,69,-0.135534197092,1.25
3,2,110,4.23701190948,4.25
3,2,110,4.23823308945,4.25
3,2,51,4.53983592987,4.0
3,2,51,4.54000806808,4.0
3,2,108,3.35579252243,4.0
3,2,108,3.35880327225,4.0
3,2,49,1.82665777206,2.75
3,2,49,1.8178050518,2.75
3,2,73,3.53159737587,3.75
3,2,73,3.53526163101,3.75
3,2,55,4.53424406052,3.33333
3,2,55,4.53497695923,3.33333
3,2,79,3.52637600899,3.75
3,2,79,3.53893470764,3.75
3,2,53,4.36789703369,4.5
3,2,53,4.36630344391,4.5
3,2,77,3.4050412178,2.25
3,2,77,3.41091537476,2.25
3,2,59,3.79231667519,2.25
3,2,59,3.79092073441,2.25
3,2,113,3.87906885147,3.0
3,2,113,3.86740994453,3.0
3,2,26,2.50366163254,2.5
3,2,26,2.51756882668,2.5
3,2,63,0.545666217804,1.25
3,2,63,0.572827219963,1.25
4,1,29,1.75067460537,3.0
4,1,29,1.76920616627,3.0
4,1,58,1.75321519375,2.25
4,1,58,1.77662408352,2.25
4,1,85,2.41252279282,2.5
4,1,85,2.40744924545,2.5
4,1,114,1.84442961216,1.5
4,1,114,1.86355769634,1.5
4,1,31,-1.34189748764,2.25
4,1,31,-1.37154126167,2.25
4,1,36,0.727991998196,0.875
4,1,36,0.772260725498,0.875
4,1,87,1.82325291634,3.25
4,1,87,1.80350041389,3.25
4,1,25,3.43809461594,1.5
4,1,25,3.42604255676,1.5
4,1,38,2.87973403931,2.5
4,1,38,3.03468942642,2.5
4,1,81,-0.205671474338,3.0
4,1,81,-0.193575337529,3.0
4,1,27,-1.37275540829,2.75
4,1,27,-1.37261128426,2.75
4,1,32,3.36896419525,1.5
4,1,32,3.40925502777,1.5
4,1,83,-0.941562831402,3.25
4,1,83,-0.900043666363,3.25
4,1,5,-0.662955582142,1.0
4,1,5,-0.689664781094,1.0
4,1,34,2.85983085632,1.5
4,1,34,2.88050246239,1.5
4,1,93,3.47688817978,3.0
4,1,93,3.49486327171,3.0
4,1,7,0.432835847139,1.75
4,1,7,0.484726786613,1.75
4,1,95,3.99380278587,3.5
4,1,95,3.991522789,3.5
4,1,100,3.23572921753,0.75
4,1,100,3.2313773632,0.75
4,1,46,3.7175552845,3.75
4,1,46,3.71970319748,3.75
4,1,89,2.98594474792,1.75
4,1,89,2.98152256012,1.75
4,1,102,2.22873783112,1.5
4,1,102,2.23939275742,1.5
4,1,3,3.5317504406,3.5
4,1,3,3.47551345825,3.5
4,1,40,3.36700701714,4.0
4,1,40,3.36502981186,4.0
4,1,91,0.356054663658,2.25
4,1,91,0.360242754221,2.25
4,1,96,3.71440315247,2.75
4,1,96,3.71005392075,2.75
4,1,13,3.06553554535,1.5
4,1,13,3.08702802658,1.5
4,1,42,3.32618021965,1.75
4,1,42,3.28837251663,1.75
4,1,69,3.85855197906,5.5
4,1,69,3.8490819931,5.5
4,1,98,3.54594969749,3.25
4,1,98,3.51340913773,3.25
4,1,15,3.41761875153,0.75
4,1,15,3.40886688232,0.75
4,1,71,3.63189482689,2.125
4,1,71,3.62703680992,2.125
4,1,108,3.86393165588,3.25
4,1,108,3.86706209183,3.25
4,1,9,-0.685644388199,1.0
4,1,9,-0.658137142658,1.0
4,1,65,1.66301226616,4.75
4,1,65,1.6246137619,4.75
4,1,110,2.78584194183,4.0
4,1,110,2.81045389175,4.0
4,1,11,-0.781561374664,1.0
4,1,11,-0.798086464405,1.0
4,1,67,4.24712514877,1.75
4,1,67,4.24726724625,1.75
4,1,104,3.61006498337,1.25
4,1,104,3.61433887482,1.25
4,1,53,3.69206809998,2.5
4,1,53,3.69959163666,2.5
4,1,77,3.99989247322,2.625
4,1,77,3.99736905098,2.625
4,1,106,1.18672251701,2.125
4,1,106,1.09959685802,2.125
4,1,55,3.80953574181,2.5
4,1,55,3.81257772446,2.5
4,1,79,4.11007738113,6.75
4,1,79,4.11730146408,6.75
4,1,49,4.15527486801,4.25
4,1,49,4.14177036285,4.25
4,1,73,3.73537945747,4.25
4,1,73,3.72895765305,4.25
4,1,22,-1.50243091583,1.25
4,1,22,-1.3885062933,1.25
4,1,51,3.53781867027,2.75
4,1,51,3.56975984573,2.75
4,1,75,3.39344406128,4.75
4,1,75,3.37431192398,4.75
4,1,16,-0.911074697971,1.0
4,1,16,-0.935037255287,1.0
4,1,117,3.55054163933,1.25
4,1,117,3.57856369019,1.25
4,1,63,1.64770078659,1.0
4,1,63,1.64222574234,1.0
4,1,28,3.52314162254,2.625
4,1,28,3.49812555313,2.625
4,1,57,3.05892777443,2.75
4,1,57,3.06332874298,2.75
4,1,84,3.25649404526,2.5
4,1,84,3.29668855667,2.5
4,1,113,-0.0862644165754,3.25
4,1,113,-0.0993847995996,3.25
4,1,30,3.64491605759,1.125
4,1,30,3.66209888458,1.125
4,1,59,3.84570121765,1.875
4,1,59,3.84530067444,1.875
4,1,86,4.13749599457,1.66667
4,1,86,4.1370306015,1.66667
4,1,115,1.31781172752,3.5
4,1,115,1.33550429344,3.5
4,1,24,-0.460785150528,2.0
4,1,24,-0.511456012726,2.0
4,1,37,3.37679457664,2.25
4,1,37,3.39015674591,2.25
4,1,80,1.72948694229,3.5
4,1,80,1.7350332737,3.5
4,1,26,3.12694740295,4.375
4,1,26,3.1635723114,4.375
4,1,39,3.62850618362,2.5
4,1,39,3.64245700836,2.5
4,1,82,4.0553855896,6.5
4,1,82,4.0392575264,6.5
4,1,4,-0.540321230888,1.5
4,1,4,-0.43293762207,1.5
4,1,33,2.29219937325,1.5
4,1,33,2.22207164764,1.5
4,1,92,3.32099294662,2.0
4,1,92,3.33267402649,2.0
4,1,6,2.14297008514,1.5
4,1,6,2.06883120537,1.5
4,1,35,1.44233512878,1.75
4,1,35,1.43410801888,1.75
4,1,94,2.79340958595,1.5
4,1,94,2.80526256561,1.5
4,1,45,3.39706921577,2.125
4,1,45,3.39751982689,2.125
4,1,88,2.7236738205,1.5
4,1,88,2.73726630211,1.5
4,1,101,4.02736330032,3.875
4,1,101,4.06516504288,3.875
4,1,47,3.81343960762,2.125
4,1,47,3.82261490822,2.125
4,1,90,3.53263163567,1.375
4,1,90,3.54702949524,1.375
4,1,103,3.2223777771,1.0
4,1,103,3.16286230087,1.0
4,1,12,0.841651797295,2.5
4,1,12,0.872463047504,2.5
4,1,41,1.46870684624,2.5
4,1,41,2.16511631012,2.5
4,1,68,3.37435245514,5.5
4,1,68,3.3396487236,5.5
4,1,97,3.44274282455,1.625
4,1,97,3.43886017799,1.625
4,1,70,1.37249410152,5.25
4,1,70,1.36438035965,5.25
4,1,99,3.30921602249,2.375
4,1,99,3.32735586166,2.375
4,1,8,-1.64184844494,0.75
4,1,8,-1.65197777748,0.75
4,1,64,0.644710183144,3.5
4,1,64,0.649673104286,3.5
4,1,109,3.01425862312,2.75
4,1,109,3.03774452209,2.75
4,1,10,-0.989804387093,3.0
4,1,10,-0.947563052177,3.0
4,1,66,-0.0556556470692,1.0
4,1,66,-0.0902277380228,1.0
4,1,111,2.62707567215,3.5
4,1,111,2.62486028671,3.5
4,1,52,3.83381724358,3.25
4,1,52,3.87026071548,3.25
4,1,105,4.05374097824,3.625
4,1,105,4.07253265381,3.625
4,1,54,2.91735553741,3.375
4,1,54,2.86688709259,3.375
4,1,78,3.39270496368,3.25
4,1,78,3.39806771278,3.25
4,1,48,1.54351437092,1.5
4,1,48,1.48401224613,1.5
4,1,72,-0.996439218521,2.375
4,1,72,-1.12271809578,2.375
4,1,50,4.05651664734,2.0
4,1,50,4.05832433701,2.0
4,1,74,3.57735586166,3.5
4,1,74,3.59574866295,3.5
4,1,23,-1.62585353851,1.0
4,1,23,-1.5948741436,1.0
4,1,116,4.08864164352,1.75
4,1,116,4.08497428894,1.75
4,1,118,2.62946796417,4.5
4,1,118,2.7202091217,4.5
4,1,56,3.16130399704,2.0
4,1,56,3.15117645264,2.0
4,1,112,2.84583306313,1.0
4,1,112,2.85975861549,1.0
7,1,40,4.13663768768,5.5
7,1,40,4.24268579483,5.5
7,1,3,3.46838903427,4.75
7,1,3,3.89276981354,4.75
7,1,102,1.8206987381,4.25
7,1,102,2.95251011848,4.25
7,1,46,2.9516928196,4.0
7,1,46,3.68885803223,4.0
7,1,1,3.4334499836,3.5
7,1,1,3.87717962265,3.5
7,1,44,3.38119792938,6.25
7,1,44,4.07464933395,6.25
7,1,7,2.99698543549,2.25
7,1,7,3.80526709557,2.25
7,1,90,2.98036003113,4.0
7,1,90,3.94306516647,4.0
7,1,34,4.19288253784,5.5
7,1,34,3.94549441338,5.5
7,1,5,3.28361701965,4.75
7,1,5,3.67630362511,4.75
7,1,88,3.57964110374,6.5
7,1,88,3.82393932343,6.5
7,1,32,3.79017686844,3.75
7,1,32,3.99714994431,3.75
7,1,94,3.82784128189,3.0
7,1,94,3.81135988235,3.0
7,1,38,3.71298336983,3.5
7,1,38,4.0773935318,3.5
7,1,92,3.64223742485,5.75
7,1,92,2.14118671417,5.75
7,1,36,2.83317899704,4.25
7,1,36,3.00131392479,4.25
7,1,82,3.72322845459,5.25
7,1,82,3.97763156891,5.25
7,1,26,3.25018644333,3.0
7,1,26,3.87480139732,3.0
7,1,80,3.73860836029,2.0
7,1,80,3.69238567352,2.0
7,1,24,4.06436824799,5.0
7,1,24,3.95154047012,5.0
7,1,86,3.93036031723,3.25
7,1,86,3.96378183365,3.25
7,1,59,3.92021608353,5.25
7,1,59,3.77988004684,5.25
7,1,30,3.46956396103,3.0
7,1,30,3.36400175095,3.0
7,1,84,-0.484989970922,4.75
7,1,84,1.72336196899,4.75
7,1,57,4.03200435638,4.25
7,1,57,4.01436138153,4.25
7,1,28,3.56937170029,5.25
7,1,28,3.88223791122,5.25
7,1,74,3.92965269089,4.25
7,1,74,3.41165781021,4.25
7,1,63,2.36828231812,5.5
7,1,63,2.08875751495,5.5
7,1,18,3.98957109451,6.0
7,1,18,4.38689136505,6.0
7,1,72,3.81495165825,2.0
7,1,72,4.06774997711,2.0
7,1,61,3.99778652191,5.0
7,1,61,4.07143831253,5.0
7,1,107,0.961296916008,4.0
7,1,107,2.48551130295,4.0
7,1,78,2.02191781998,4.0
7,1,78,2.97457957268,4.0
7,1,51,3.92425847054,3.5
7,1,51,3.860060215,3.5
7,1,22,3.26007080078,3.75
7,1,22,3.71167707443,3.75
7,1,105,3.62403392792,4.75
7,1,105,4.19565248489,4.75
7,1,76,4.11810064316,2.75
7,1,76,4.04239940643,2.75
7,1,49,3.43633246422,4.5
7,1,49,3.78347110748,4.5
7,1,20,3.89542078972,5.25
7,1,20,4.14183521271,5.25
7,1,66,2.05254745483,4.25
7,1,66,2.71733260155,4.25
7,1,55,2.73395991325,2.5
7,1,55,3.15951251984,2.5
7,1,10,2.91050696373,2.75
7,1,10,3.82966184616,2.75
7,1,109,2.18985366821,6.25
7,1,109,2.45819544792,6.25
7,1,64,2.03775119781,5.0
7,1,64,3.02251672745,5.0
7,1,53,3.5617685318,5.5
7,1,53,3.85232806206,5.5
7,1,8,3.92972135544,4.5
7,1,8,4.03671073914,4.5
7,1,70,2.9169383049,5.5
7,1,70,3.54659748077,5.5
7,1,43,3.52014112473,3.5
7,1,43,3.91093039513,3.5
7,1,14,0.514744400978,1.75
7,1,14,-0.238703578711,1.75
7,1,97,0.836853682995,5.5
7,1,97,3.04402256012,5.5
7,1,68,3.57386732101,4.25
7,1,68,3.03725528717,4.25
7,1,41,3.77494668961,4.75
7,1,41,3.75745511055,4.75
7,1,12,-1.37777984142,5.0
7,1,12,0.582494735718,5.0
7,1,103,2.33325242996,3.25
7,1,103,3.17599081993,3.25
7,1,47,4.22394752502,4.5
7,1,47,4.14051246643,4.5
7,1,2,3.66894721985,5.5
7,1,2,4.01674222946,5.5
7,1,101,2.76826953888,4.0
7,1,101,4.00617837906,4.0
7,1,45,3.10252094269,4.5
7,1,45,3.45272779465,4.5
7,1,35,2.7177939415,6.0
7,1,35,2.97945404053,6.0
7,1,89,3.19707083702,5.25
7,1,89,3.85455513,5.25
7,1,33,2.06617164612,4.75
7,1,33,2.99402356148,4.75
7,1,4,3.80746293068,3.25
7,1,4,4.01918411255,3.25
7,1,95,3.11262917519,4.75
7,1,95,3.9440779686,4.75
7,1,39,3.85327339172,5.5
7,1,39,4.10267400742,5.5
7,1,93,3.46531629562,4.25
7,1,93,3.56836938858,4.25
7,1,37,3.69829368591,4.25
7,1,37,3.86112499237,4.25
7,1,83,4.01091861725,4.75
7,1,83,3.88218998909,4.75
7,1,27,3.3993139267,4.25
7,1,27,3.85075426102,4.25
7,1,81,3.21444129944,4.0
7,1,81,3.68352937698,4.0
7,1,25,3.9968483448,4.5
7,1,25,3.52562046051,4.5
7,1,31,2.74013400078,4.5
7,1,31,3.66438817978,4.5
7,1,58,1.9134812355,6.0
7,1,58,1.75151729584,6.0
7,1,29,4.0200252533,4.25
7,1,29,4.00671720505,4.25
7,1,75,3.94755506516,4.75
7,1,75,3.83791399002,4.75
7,1,19,3.330742836,4.75
7,1,19,3.79892110825,4.75
7,1,73,2.89343571663,1.0
7,1,73,3.4473862648,1.0
7,1,62,3.11256933212,4.5
7,1,62,2.94111061096,4.5
7,1,79,2.73162579536,3.0
7,1,79,3.4337515831,3.0
7,1,60,3.53676795959,3.25
7,1,60,3.73455715179,3.25
7,1,23,3.77480506897,4.0
7,1,23,3.8641769886,4.0
7,1,106,3.67722034454,4.75
7,1,106,3.69670772552,4.75
7,1,50,3.97387862206,5.0
7,1,50,3.57207727432,5.0
7,1,104,3.47647476196,4.75
7,1,104,4.11113071442,4.75
7,1,67,3.24206972122,4.75
7,1,67,3.26083135605,4.75
7,1,48,3.6159286499,1.5
7,1,48,3.27450561523,1.5
7,1,11,0.755181074142,1.75
7,1,11,2.66669154167,1.75
7,1,65,-1.16828334332,5.25
7,1,65,-2.15188169479,5.25
7,1,54,4.02079296112,5.5
7,1,54,3.88342094421,5.5
7,1,9,3.57771158218,2.0
7,1,9,3.58375644684,2.0
7,1,108,3.78592395782,2.75
7,1,108,3.84988021851,2.75
7,1,71,3.02425765991,4.75
7,1,71,2.62324666977,4.75
7,1,52,3.80991768837,0.75
7,1,52,3.69024085999,0.75
7,1,98,3.88651275635,3.25
7,1,98,3.85719442368,3.25
7,1,69,2.43523359299,5.5
7,1,69,3.3256354332,5.5
7,1,42,3.37810087204,3.0
7,1,42,3.78111410141,3.0
7,1,13,-2.23456096649,3.0
7,1,13,3.17191958427,3.0
7,1,96,2.49012923241,5.5
7,1,96,3.02897286415,5.5
7,2,77,3.85571956635,4.25
7,2,77,3.6565079689,4.25
7,2,102,3.73780846596,5.25
7,2,102,3.56183576584,5.25
7,2,3,3.63085770607,5.75
7,2,3,3.82088565826,5.75
7,2,75,3.46131420135,3.5
7,2,75,3.70559334755,3.5
7,2,100,3.1169295311,1.75
7,2,100,2.22070932388,1.75
7,2,1,3.07179021835,4.25
7,2,1,3.0531244278,4.25
7,2,73,3.55153369904,3.25
7,2,73,3.1988363266,3.25
7,2,98,2.56584310532,3.75
7,2,98,0.715705811977,3.75
7,2,63,3.71083045006,5.25
7,2,63,3.70158004761,5.25
7,2,71,1.63943457603,4.0
7,2,71,2.34997916222,4.0
7,2,96,3.90495443344,3.5
7,2,96,3.70525288582,3.5
7,2,61,0.978425860405,5.5
7,2,61,-1.83686220646,5.5
7,2,69,3.53427267075,4.25
7,2,69,3.49177193642,4.25
7,2,30,3.66726589203,3.0
7,2,30,3.22515535355,3.0
7,2,28,3.38965773582,5.75
7,2,28,3.68152189255,5.75
7,2,57,3.10105419159,1.5
7,2,57,-0.387910962105,1.5
7,2,65,3.90537023544,5.0
7,2,65,3.56795549393,5.0
7,2,26,3.71199655533,4.25
7,2,26,3.67090201378,4.25
7,2,55,2.88561916351,4.0
7,2,55,0.955972552299,4.0
7,2,24,3.62341117859,3.75
7,2,24,3.85279560089,3.75
7,2,53,3.84434866905,5.0
7,2,53,4.02245426178,5.0
7,2,22,3.89313411713,3.0
7,2,22,3.24664974213,3.0
7,2,51,2.55738067627,4.75
7,2,51,3.30739212036,4.75
7,2,94,3.86122608185,3.25
7,2,94,3.43165159225,3.25
7,2,20,4.29497814178,5.5
7,2,20,3.75714015961,5.5
7,2,49,3.71298074722,4.0
7,2,49,3.80383825302,4.0
7,2,92,3.97354984283,4.66667
7,2,92,3.8554122448,4.66667
7,2,18,2.26995658875,3.5
7,2,18,3.1538579464,3.5
7,2,47,4.1344294548,4.0
7,2,47,4.0623588562,4.0
7,2,90,3.50203227997,4.0
7,2,90,3.46347951889,4.0
7,2,16,4.30477142334,5.0
7,2,16,3.74704027176,5.0
7,2,45,3.62480974197,2.5
7,2,45,3.28922986984,2.5
7,2,88,3.44060969353,5.0
7,2,88,2.97999048233,5.0
7,2,14,3.96864008904,5.5
7,2,14,3.61874818802,5.5
7,2,43,3.44615316391,2.75
7,2,43,3.25070476532,2.75
7,2,86,3.65285587311,2.5
7,2,86,4.10465908051,2.5
7,2,12,3.86389064789,4.25
7,2,12,3.86513900757,4.25
7,2,84,3.73448705673,3.75
7,2,84,3.81506896019,3.75
7,2,10,3.77825832367,4.0
7,2,10,4.30212783813,4.0
7,2,39,3.87231492996,4.0
7,2,39,3.76623821259,4.0
7,2,82,3.33307790756,3.25
7,2,82,3.46868419647,3.25
7,2,8,3.85585856438,4.0
7,2,8,3.45015525818,4.0
7,2,37,1.77509641647,3.5
7,2,37,2.18745207787,3.5
7,2,80,3.59584760666,4.0
7,2,80,3.69285178185,4.0
7,2,109,1.80766963959,5.25
7,2,109,3.00052452087,5.25
7,2,6,3.60218167305,4.0
7,2,6,3.66918325424,4.0
7,2,35,2.33151769638,3.5
7,2,35,1.61513972282,3.5
7,2,78,3.3049826622,5.0
7,2,78,3.76460933685,5.0
7,2,107,4.12456798553,4.5
7,2,107,3.9268746376,4.5
7,2,4,4.10369443893,3.0
7,2,4,3.35712075233,3.0
7,2,33,0.0261244922876,1.5
7,2,33,1.26451253891,1.5
7,2,76,3.77498722076,4.5
7,2,76,3.83478736877,4.5
7,2,105,4.00432109833,3.0
7,2,105,3.89668107033,3.0
7,2,2,3.46092700958,2.75
7,2,2,3.33035135269,2.75
7,2,74,3.5675675869,2.5
7,2,74,3.333091259,2.5
7,2,103,4.11649608612,4.25
7,2,103,3.61001253128,4.25
7,2,72,3.87665224075,4.25
7,2,72,4.01451206207,4.25
7,2,70,3.39591503143,3.25
7,2,70,2.17832517624,3.25
7,2,99,3.32429885864,4.25
7,2,99,3.18186998367,4.25
7,2,60,3.47436547279,4.0
7,2,60,0.681163787842,4.0
7,2,68,3.25047636032,6.5
7,2,68,3.39077353477,6.5
7,2,97,3.05352592468,3.0
7,2,97,3.57656431198,3.0
7,2,58,3.01542162895,4.0
7,2,58,2.56787610054,4.0
7,2,66,2.67977404594,5.5
7,2,66,3.1647040844,5.5
7,2,31,3.20994257927,3.75
7,2,31,2.96453499794,3.75
7,2,56,2.59028720856,4.75
7,2,56,2.95568609238,4.75
7,2,64,-0.855129599571,3.25
7,2,64,0.820827245712,3.25
7,2,29,3.62560558319,1.75
7,2,29,3.92958712578,1.75
7,2,27,3.98187017441,4.25
7,2,27,4.19637870789,4.25
7,2,52,3.87223148346,3.25
7,2,52,3.53794717789,3.25
7,2,25,3.89921188354,4.75
7,2,25,3.61714625359,4.75
7,2,50,3.64303135872,4.25
7,2,50,2.80052042007,4.25
7,2,23,2.99879741669,1.75
7,2,23,2.98319387436,1.75
7,2,48,3.54727888107,3.75
7,2,48,3.47723913193,3.75
7,2,95,0.929578781128,2.5
7,2,95,2.35453295708,2.5
7,2,21,3.36062192917,1.5
7,2,21,3.65494775772,1.5
7,2,46,3.11888885498,4.75
7,2,46,2.16293716431,4.75
7,2,93,3.68489313126,4.75
7,2,93,3.24074292183,4.75
7,2,19,3.65832090378,4.5
7,2,19,2.93937039375,4.5
7,2,44,3.92613458633,4.5
7,2,44,1.9467113018,4.5
7,2,91,3.83035969734,3.75
7,2,91,3.03784370422,3.75
7,2,17,2.87941145897,6.0
7,2,17,2.81734156609,6.0
7,2,42,3.31802654266,3.0
7,2,42,3.59943914413,3.0
7,2,89,-1.21229469776,3.0
7,2,89,2.12663459778,3.0
7,2,40,3.56553339958,5.25
7,2,40,3.88980293274,5.25
7,2,87,4.2025346756,4.5
7,2,87,3.97003912926,4.5
7,2,13,2.26286244392,4.75
7,2,13,3.66845369339,4.75
7,2,38,3.96934390068,5.25
7,2,38,3.63560986519,5.25
7,2,85,3.89781093597,2.5
7,2,85,3.49361014366,2.5
7,2,110,3.48120188713,4.75
7,2,110,3.24805402756,4.75
7,2,11,-0.903757095337,2.75
7,2,11,1.74514198303,2.75
7,2,36,3.82951283455,2.5
7,2,36,3.47179937363,2.5
7,2,83,3.6908621788,5.0
7,2,83,4.28342151642,5.0
7,2,108,2.98308753967,5.5
7,2,108,3.5917930603,5.5
7,2,9,4.0015463829,4.0
7,2,9,3.656478405,4.0
7,2,34,2.87780714035,4.25
7,2,34,3.47093868256,4.25
7,2,106,3.45851325989,6.25
7,2,106,2.72302889824,6.25
7,2,7,3.90743136406,5.0
7,2,7,4.01881074905,5.0
7,2,32,3.62040615082,4.5
7,2,32,3.38952970505,4.5
7,2,104,3.20956349373,3.5
7,2,104,2.90031766891,3.5
7,2,5,4.15093946457,3.25
7,2,5,3.44639897346,3.25
8,1,34,2.92582535744,2.5
8,1,34,3.47045707703,2.5
8,1,7,2.47786688805,1.0
8,1,7,-1.0671851635,1.0
8,1,94,-2.70176649094,1.75
8,1,94,-2.33632898331,1.75
8,1,21,-1.14896655083,1.75
8,1,21,-0.717914581299,1.75
8,1,35,2.14365911484,3.0
8,1,35,2.62001276016,3.0
8,1,49,1.67686700821,2.25
8,1,49,1.30430603027,2.25
8,1,8,-1.40542507172,1.0
8,1,8,-0.232510194182,1.0
8,1,95,-1.89931750298,2.25
8,1,95,-1.57311725616,2.25
8,1,22,1.97121572495,3.5
8,1,22,3.09349751472,3.5
8,1,36,0.219345152378,3.75
8,1,36,-0.843311727047,3.75
8,1,50,-1.78194189072,1.0
8,1,50,-2.82604503632,1.0
8,1,9,2.17852497101,2.0
8,1,9,3.28821992874,2.0
8,1,64,-0.910358011723,1.25
8,1,64,0.600847303867,1.25
8,1,23,4.09453296661,3.25
8,1,23,3.73640441895,3.25
8,1,37,1.22444701195,1.75
8,1,37,1.94650959969,1.75
8,1,51,-2.13923358917,1.0
8,1,51,-2.00040960312,1.0
8,1,10,-2.8768799305,1.75
8,1,10,-1.4339568615,1.75
8,1,65,-0.729149699211,2.0
8,1,65,-1.84895849228,2.0
8,1,24,0.353224635124,3.75
8,1,24,1.24789381027,3.75
8,1,38,3.91187024117,2.25
8,1,38,4.07430696487,2.25
8,1,52,-2.18302774429,1.25
8,1,52,-2.18350315094,1.25
8,1,11,-2.4273982048,2.0
8,1,11,-2.2360162735,2.0
8,1,66,0.340594828129,2.25
8,1,66,-1.52491474152,2.25
8,1,25,-1.54294145107,2.5
8,1,25,-2.071154356,2.5
8,1,80,-2.24080944061,1.75
8,1,80,-2.59332084656,1.75
8,1,39,2.98603081703,3.0
8,1,39,1.74372661114,3.0
8,1,53,3.22748661041,2.25
8,1,53,0.302140444517,2.25
8,1,12,-1.82668423653,1.0
8,1,12,-1.55793476105,1.0
8,1,67,-2.62981271744,2.25
8,1,67,-1.71939086914,2.25
8,1,26,-1.8643860817,2.75
8,1,26,-1.22093892097,2.75
8,1,81,-1.81562113762,2.25
8,1,81,-2.26634716988,2.25
8,1,40,2.36134338379,1.75
8,1,40,0.460795760155,1.75
8,1,54,-2.05853939056,3.0
8,1,54,-1.60784161091,3.0
8,1,68,-1.61377501488,1.5
8,1,68,-2.04629683495,1.5
8,1,27,-1.65389633179,2.0
8,1,27,-1.27227592468,2.0
8,1,82,-1.93604493141,1.75
8,1,82,-2.04768323898,1.75
8,1,41,2.64226508141,1.5
8,1,41,3.20592713356,1.5
8,1,96,-0.701759159565,2.5
8,1,96,-1.26590156555,2.5
8,1,69,-1.98273777962,2.5
8,1,69,-1.49556362629,2.5
8,1,28,-1.87291753292,1.0
8,1,28,-1.52594470978,1.0
8,1,42,-2.40743422508,3.5
8,1,42,2.3001229763,3.5
8,1,97,-1.73667705059,2.25
8,1,97,2.89776611328,2.25
8,1,29,3.6022772789,3.25
8,1,29,3.46948599815,3.25
8,1,43,-2.30019140244,1.75
8,1,43,-1.67183279991,1.75
8,1,98,2.03070187569,0.75
8,1,98,1.11888492107,0.75
8,1,30,3.57966184616,2.5
8,1,30,3.91142129898,2.5
8,1,85,0.321214854717,2.0
8,1,85,1.82747793198,2.0
8,1,44,-0.995265126228,3.25
8,1,44,3.04443788528,3.25
8,1,58,-0.625065386295,1.0
8,1,58,1.62337052822,1.0
8,1,31,2.38308191299,1.25
8,1,31,2.54427433014,1.25
8,1,86,-0.156988486648,1.25
8,1,86,3.38031053543,1.25
8,1,59,-1.3579158783,1.5
8,1,59,0.144012346864,1.5
8,1,73,0.740738093853,2.75
8,1,73,1.63034534454,2.75
8,1,87,-2.37471985817,1.0
8,1,87,-1.61888957024,1.0
8,1,60,-2.69777154922,2.5
8,1,60,-1.64905691147,2.5
8,1,74,3.16004037857,2.5
8,1,74,3.01473212242,2.5
8,1,88,-1.68510854244,2.25
8,1,88,-1.65402781963,2.25
8,1,61,-1.84056854248,2.75
8,1,61,-0.854324698448,2.75
8,1,75,0.452915757895,3.0
8,1,75,2.25617432594,3.0
8,1,2,3.86904239655,2.75
8,1,2,3.72500085831,2.75
8,1,89,-0.817812144756,3.5
8,1,89,-2.02768468857,3.5
8,1,16,3.69708251953,2.75
8,1,16,3.66436433792,2.75
8,1,62,-1.96243393421,1.5
8,1,62,-2.03418421745,1.5
8,1,76,-2.22966337204,1.0
8,1,76,-2.05778169632,1.0
8,1,3,-1.69034552574,2.5
8,1,3,2.28927278519,2.5
8,1,17,0.956087529659,3.25
8,1,17,3.30541849136,3.25
8,1,63,-1.50079917908,1.0
8,1,63,-2.01049518585,1.0
8,1,77,0.027859294787,3.25
8,1,77,-0.548655092716,3.25
8,1,4,2.04886245728,1.75
8,1,4,2.53831720352,1.75
8,1,91,-1.56332492828,2.75
8,1,91,-1.56081151962,2.75
8,1,18,1.85789012909,3.75
8,1,18,2.38254928589,3.75
8,1,32,2.45248746872,2.75
8,1,32,4.20090103149,2.75
8,1,78,2.39524841309,2.75
8,1,78,2.17801475525,2.75
8,1,5,-1.58562374115,2.0
8,1,5,-2.2767572403,2.0
8,1,92,-2.0591981411,1.5
8,1,92,-2.29444789886,1.5
8,1,19,-2.21504163742,2.25
8,1,19,0.643149852753,2.25
8,1,33,-2.27051973343,1.75
8,1,33,0.428438365459,1.75
8,1,79,-2.46713137627,2.0
8,1,79,-2.67613554001,2.0
8,1,6,-2.62109518051,1.5
8,1,6,-0.989718496799,1.5
8,1,93,-1.94969201088,1.75
8,1,93,2.19532561302,1.75
8,1,20,-1.94096755981,2.5
8,1,20,-1.69523024559,2.5
8,2,17,4.33755683899,3.5
8,2,17,4.34003591537,3.5
8,2,91,-1.86909794807,2.25
8,2,91,-1.83913099766,2.25
8,2,19,3.17308712006,2.0
8,2,19,3.17361307144,2.0
8,2,93,-1.4823217392,4.25
8,2,93,-1.44786429405,4.25
8,2,96,-2.89921450615,2.0
8,2,96,-2.89498734474,2.0
8,2,21,3.77346229553,2.25
8,2,21,3.79693293571,2.25
8,2,56,-1.63378822803,2.0
8,2,56,-1.67821359634,2.0
8,2,95,2.37099933624,2.0
8,2,95,2.38479948044,2.0
8,2,98,-0.613597095013,3.0
8,2,98,-0.617217838764,3.0
8,2,23,-0.652959942818,2.5
8,2,23,-0.687153100967,2.5
8,2,58,4.12021589279,3.0
8,2,58,4.11337375641,3.0
8,2,100,1.44518995285,3.25
8,2,100,1.46803450584,3.25
8,2,25,0.145918741822,2.75
8,2,25,0.103054359555,2.75
8,2,60,-1.72993147373,3.5
8,2,60,-1.69425666332,3.5
8,2,67,-1.11186683178,1.625
8,2,67,-1.08278298378,1.625
8,2,27,-2.22418737411,4.0
8,2,27,-2.23044872284,4.0
8,2,62,-0.440754234791,1.75
8,2,62,-0.430943787098,1.75
8,2,69,-1.9033203125,3.5
8,2,69,-1.90156626701,3.5
8,2,29,3.57924199104,4.75
8,2,29,3.57941007614,4.75
8,2,32,3.74881458282,4.0
8,2,32,3.75994920731,4.0
8,2,71,-3.45284628868,2.0
8,2,71,-3.45223045349,2.0
8,2,31,-2.44846343994,2.75
8,2,31,-2.44591379166,2.75
8,2,34,-1.33937096596,3.5
8,2,34,-1.31206202507,3.5
8,2,73,-1.28561544418,3.5
8,2,73,-1.29340946674,3.5
8,2,36,4.26244449615,3.75
8,2,36,4.28272104263,3.75
8,2,75,1.80708098412,4.0
8,2,75,1.80900001526,4.0
8,2,38,4.36531019211,3.75
8,2,38,4.36503124237,3.75
8,2,77,-2.46508216858,4.75
8,2,77,-2.65550208092,4.75
8,2,5,1.68798601627,3.75
8,2,5,1.71742093563,3.75
8,2,40,3.04239654541,2.0
8,2,40,3.01789855957,2.0
8,2,79,4.09781169891,4.0
8,2,79,4.10917949677,4.0
8,2,7,-2.11396169662,1.5
8,2,7,-2.09269785881,1.5
8,2,42,3.32022476196,3.5
8,2,42,3.30661869049,3.5
8,2,9,2.78547263145,2.0
8,2,9,2.78033804893,2.0
8,2,44,2.19118905067,3.25
8,2,44,2.2367978096,3.25
8,2,11,3.08436369896,3.0
8,2,11,3.10687160492,3.0
8,2,46,3.40409994125,3.25
8,2,46,3.40690135956,3.25
8,2,80,2.78740167618,3.25
8,2,80,2.78670501709,3.25
8,2,15,1.68313336372,2.25
8,2,15,1.79302763939,2.25
8,2,49,3.59582448006,4.0
8,2,49,3.59724473953,4.0
8,2,84,2.00072097778,3.5
8,2,84,2.00760436058,3.5
8,2,86,-1.01372265816,3.25
8,2,86,-1.03738975525,3.25
8,2,88,-0.382238805294,3.75
8,2,88,-0.30686879158,3.75
8,2,16,4.26752567291,4.0
8,2,16,4.26767539978,4.0
8,2,55,-1.88469982147,3.75
8,2,55,-1.84099960327,3.75
8,2,90,-0.123185545206,1.5
8,2,90,-0.133257627487,1.5
8,2,97,3.8769364357,4.25
8,2,97,3.87048625946,4.25
8,2,18,2.37319970131,3.5
8,2,18,2.34872817993,3.5
8,2,57,2.95901274681,4.75
8,2,57,2.9540207386,4.75
8,2,92,3.39553928375,2.0
8,2,92,3.37313318253,2.0
8,2,99,-2.10245776176,4.0
8,2,99,-2.1159055233,4.0
8,2,20,4.36771392822,3.75
8,2,20,4.36795663834,3.75
8,2,59,-0.671477198601,4.5
8,2,59,-0.670857191086,4.5
8,2,94,-2.73822879791,3.0
8,2,94,-2.75510525703,3.0
8,2,101,-1.23833203316,2.75
8,2,101,-1.21695065498,2.75
8,2,22,-0.768738269806,2.25
8,2,22,-0.775476157665,2.25
8,2,61,1.5116622448,4.0
8,2,61,1.61234331131,4.0
8,2,64,2.92125844955,4.75
8,2,64,3.02013111115,4.75
8,2,24,-2.42331361771,3.0
8,2,24,-2.36462211609,3.0
8,2,63,3.55761814117,5.25
8,2,63,3.55059885979,5.25
8,2,26,-2.1117670536,4.0
8,2,26,-2.13164258003,4.0
8,2,33,-1.36697673798,2.25
8,2,33,-1.34875655174,2.25
8,2,68,0.0931974351406,2.75
8,2,68,-0.0826943144202,2.75
8,2,28,-1.85951352119,2.5
8,2,28,-1.86127948761,2.5
8,2,35,4.21025276184,3.5
8,2,35,4.21082401276,3.5
8,2,70,2.18378806114,4.0
8,2,70,2.17678928375,4.0
8,2,30,2.58344602585,4.25
8,2,30,2.67787575722,4.25
8,2,37,2.14908385277,2.25
8,2,37,2.21739196777,2.25
8,2,72,-1.48935770988,3.5
8,2,72,-1.50592684746,3.5
8,2,39,4.18953943253,2.0
8,2,39,4.18711423874,2.0
8,2,74,-2.76058840752,3.75
8,2,74,-2.67496156693,3.75
8,2,41,3.20428061485,4.0
8,2,41,3.22000980377,4.0
8,2,76,4.24453020096,3.25
8,2,76,4.22979307175,3.25
8,2,4,-2.71997451782,3.25
8,2,4,-2.76797294617,3.25
8,2,43,-2.45170974731,2.75
8,2,43,-2.44645380974,2.75
8,2,78,-2.33161425591,3.25
8,2,78,-2.32898521423,3.25
8,2,6,-1.82243204117,1.75
8,2,6,-1.80463922024,1.75
8,2,45,3.4031317234,2.25
8,2,45,3.4213924408,2.25
8,2,8,3.92831230164,4.25
8,2,8,3.9236073494,4.25
8,2,47,-2.78517532349,2.75
8,2,47,-2.78535461426,2.75
8,2,10,-1.09393882751,1.75
8,2,10,-1.15117740631,1.75
8,2,83,-1.7099930048,2.75
8,2,83,-1.72207069397,2.75
8,2,85,-0.954008460045,4.5
8,2,85,-0.886118888855,4.5
8,2,48,4.02971172333,4.0
8,2,48,4.0409989357,4.0
8,2,87,3.95511102676,2.0
8,2,87,3.9904499054,2.0
8,2,50,4.08603668213,3.0
8,2,50,4.08590221405,3.0
8,2,89,3.52536201477,2.25
8,2,89,3.49810624123,2.25
9,1,81,3.23006844521,2.25
9,1,81,3.72042036057,2.25
9,1,27,3.34693574905,3.75
9,1,27,3.92575597763,3.75
9,1,83,3.40314817429,4.25
9,1,83,3.80367493629,4.25
9,1,29,-0.677255094051,2.5
9,1,29,1.24181246758,2.5
9,1,32,4.09873199463,2.75
9,1,32,4.37362003326,2.75
9,1,85,3.81654953957,4.75
9,1,85,4.10181093216,4.75
9,1,31,3.82263946533,3.5
9,1,31,3.65627193451,3.5
9,1,34,1.39775514603,3.25
9,1,34,0.288399964571,3.25
9,1,87,4.04517698288,3.25
9,1,87,4.15004014969,3.25
9,1,36,3.38549947739,3.5
9,1,36,4.50096511841,3.5
9,1,89,1.96826195717,2.75
9,1,89,2.29892873764,2.75
9,1,3,3.87231206894,4.75
9,1,3,3.74248552322,4.75
9,1,38,4.18218898773,3.5
9,1,38,3.85052061081,3.5
9,1,91,2.69396209717,3.75
9,1,91,0.90775591135,3.75
9,1,5,3.7178235054,5.75
9,1,5,4.19141197205,5.75
9,1,40,3.27850866318,2.25
9,1,40,2.90966057777,2.25
9,1,93,0.679517149925,3.25
9,1,93,2.29264450073,3.25
9,1,96,3.8166282177,4.25
9,1,96,3.25913619995,4.25
9,1,7,3.96127271652,4.25
9,1,7,3.67078638077,4.25
9,1,42,4.11305999756,4.0
9,1,42,3.57584881783,4.0
9,1,95,3.2338848114,4.25
9,1,95,4.30050230026,4.25
9,1,98,3.51487779617,2.25
9,1,98,3.61328601837,2.25
9,1,65,1.41656827927,2.0
9,1,65,3.39817476273,2.0
9,1,100,3.47848534584,4.25
9,1,100,3.86983251572,4.25
9,1,67,3.76286220551,4.25
9,1,67,3.38168334961,4.25
9,1,102,1.69193148613,3.75
9,1,102,3.70362925529,3.75
9,1,69,3.04962873459,5.5
9,1,69,4.30172109604,5.5
9,1,104,1.32196474075,3.0
9,1,104,3.07845592499,3.0
9,1,106,2.43629837036,4.0
9,1,106,1.87707102299,4.0
9,1,73,3.50826740265,3.25
9,1,73,3.81020498276,3.25
9,1,51,3.60718989372,3.5
9,1,51,4.35050678253,3.5
9,1,75,3.93680953979,2.5
9,1,75,3.80494880676,2.5
9,1,110,3.60585069656,4.25
9,1,110,2.53480100632,4.25
9,1,53,3.8903594017,3.0
9,1,53,3.68245840073,3.0
9,1,77,4.23857450485,3.25
9,1,77,3.64556407928,3.25
9,1,16,1.80861532688,1.5
9,1,16,1.4887264967,1.5
9,1,55,2.44098806381,3.5
9,1,55,2.35366368294,3.5
9,1,79,3.50249147415,4.0
9,1,79,4.31700515747,4.0
9,1,18,0.094409018755,3.5
9,1,18,1.77840280533,3.5
9,1,20,1.46265566349,4.0
9,1,20,3.62578964233,4.0
9,1,59,3.94977045059,2.75
9,1,59,3.96552658081,2.75
9,1,22,0.186956614256,3.0
9,1,22,3.77406215668,3.0
9,1,61,2.77856779099,3.5
9,1,61,3.79396176338,3.5
9,1,24,3.19536781311,3.5
9,1,24,0.365584641695,3.5
9,1,63,-0.0568644180894,3.25
9,1,63,-0.704316020012,3.25
9,1,80,2.89593648911,3.25
9,1,80,3.62203860283,3.25
9,1,26,1.00564694405,4.5
9,1,26,3.23593950272,4.5
9,1,33,3.22067737579,3.75
9,1,33,1.45715939999,3.75
9,1,82,2.98860549927,4.0
9,1,82,3.73380184174,4.0
9,1,28,1.51071846485,2.75
9,1,28,2.12148308754,2.75
9,1,35,3.93629598618,3.5
9,1,35,2.76888990402,3.5
9,1,84,3.92771315575,3.0
9,1,84,4.08452939987,3.0
9,1,30,4.04700708389,3.0
9,1,30,4.24277257919,3.0
9,1,37,3.75845527649,4.5
9,1,37,4.028819561,4.5
9,1,86,3.41839408875,4.0
9,1,86,3.24711513519,4.0
9,1,39,2.73361253738,2.75
9,1,39,3.54923248291,2.75
9,1,88,-0.0286348890513,3.25
9,1,88,3.10798692703,3.25
9,1,2,3.75233316422,5.25
9,1,2,3.98063707352,5.25
9,1,41,3.80175685883,3.0
9,1,41,3.83831739426,3.0
9,1,90,4.38639259338,2.75
9,1,90,4.42496204376,2.75
9,1,97,3.36375689507,3.5
9,1,97,3.05213832855,3.5
9,1,4,3.99688529968,5.0
9,1,4,3.99261569977,5.0
9,1,92,2.64859771729,4.0
9,1,92,4.23645019531,4.0
9,1,99,2.81124639511,3.0
9,1,99,2.91813373566,3.0
9,1,6,3.74849414825,3.5
9,1,6,3.7959690094,3.5
9,1,94,1.08979475498,3.0
9,1,94,3.07555675507,3.0
9,1,101,3.7961063385,2.25
9,1,101,1.77035570145,2.25
9,1,8,2.13970589638,4.5
9,1,8,1.42716264725,4.5
9,1,64,3.63611412048,4.25
9,1,64,3.95692634583,4.25
9,1,103,3.56857585907,2.25
9,1,103,2.90929293633,2.25
9,1,66,3.68029260635,4.75
9,1,66,3.85278463364,4.75
9,1,105,3.39283323288,3.75
9,1,105,3.54624557495,3.75
9,1,12,2.59851026535,4.75
9,1,12,2.58450508118,4.75
9,1,68,4.04611110687,3.5
9,1,68,3.61554670334,3.5
9,1,107,4.12234973907,4.25
9,1,107,3.64710760117,4.25
9,1,72,2.33197712898,3.75
9,1,72,3.8868765831,3.75
9,1,111,0.816218733788,3.0
9,1,111,3.10123729706,3.0
9,1,50,3.45358753204,3.5
9,1,50,2.22006464005,3.5
9,1,74,2.22506403923,3.0
9,1,74,3.32280397415,3.0
9,1,17,2.77153396606,4.25
9,1,17,2.691614151,4.25
9,1,52,1.13378846645,2.75
9,1,52,3.53168725967,2.75
9,1,76,2.48852300644,4.0
9,1,76,2.90878462791,4.0
9,1,19,-1.96759176254,3.25
9,1,19,2.95509767532,3.25
9,1,54,0.611971974373,2.75
9,1,54,2.62893843651,2.75
9,1,78,3.24673104286,3.5
9,1,78,3.98045539856,3.5
9,1,21,3.98474049568,4.5
9,1,21,3.83402633667,4.5
9,1,56,0.0756181180477,3.75
9,1,56,3.82237315178,3.75
9,1,23,3.99556875229,4.5
9,1,23,4.05587053299,4.5
9,1,25,2.37397432327,3.5
9,1,25,3.31793832779,3.5
9,1,60,2.2433412075,4.0
9,1,60,3.52965402603,4.0
9,2,98,2.57680225372,4.5
9,2,98,2.45025253296,4.5
9,2,71,3.67599964142,5.25
9,2,71,3.70015335083,5.25
9,2,100,4.16129302979,5.75
9,2,100,3.89838552475,5.75
9,2,46,2.54032588005,4.75
9,2,46,2.989559412,4.75
9,2,102,3.78195118904,3.75
9,2,102,3.83897638321,3.75
9,2,75,3.46291995049,3.75
9,2,75,3.53979277611,3.75
9,2,16,2.06168198586,2.75
9,2,16,2.70047616959,2.75
9,2,104,3.39504909515,3.25
9,2,104,3.90527200699,3.25
9,2,77,4.04185581207,4.25
9,2,77,4.15472078323,4.25
9,2,18,3.55151152611,4.25
9,2,18,3.1215262413,4.25
9,2,106,2.39239621162,5.25
9,2,106,3.5901389122,5.25
9,2,79,3.14755225182,5.25
9,2,79,3.48736381531,5.25
9,2,20,0.137100666761,3.0
9,2,20,2.52978825569,3.0
9,2,108,3.93373560905,4.25
9,2,108,3.65384745598,4.25
9,2,49,3.6614921093,5.25
9,2,49,3.97763872147,5.25
9,2,22,0.971124053001,3.0
9,2,22,3.8781747818,3.0
9,2,110,2.59263300896,3.25
9,2,110,2.29771947861,3.25
9,2,51,2.55403256416,5.0
9,2,51,1.79501104355,5.0
9,2,24,-1.88910746574,1.75
9,2,24,3.49611473083,1.75
9,2,80,3.57581734657,4.75
9,2,80,4.33426952362,4.75
9,2,53,-0.776408791542,3.75
9,2,53,0.315264463425,3.75
9,2,26,-0.245156988502,3.25
9,2,26,1.44173455238,3.25
9,2,82,3.94532990456,3.0
9,2,82,4.18660020828,3.0
9,2,55,3.31046390533,3.25
9,2,55,3.87223339081,3.25
9,2,28,3.55433940887,4.75
9,2,28,3.43139600754,4.75
9,2,84,3.8887360096,3.75
9,2,84,4.03749418259,3.75
9,2,30,-1.19710075855,2.75
9,2,30,2.73073649406,2.75
9,2,113,3.23918628693,5.75
9,2,113,1.97306919098,5.75
9,2,86,4.04911279678,4.0
9,2,86,3.36846256256,4.0
9,2,88,2.7949025631,4.5
9,2,88,2.15867137909,4.5
9,2,2,0.786411523819,4.0
9,2,2,2.90068697929,4.0
9,2,90,3.71309328079,3.25
9,2,90,3.69738793373,3.25
9,2,63,3.90289592743,5.0
9,2,63,3.9254117012,5.0
9,2,4,2.33315062523,5.25
9,2,4,2.79104185104,5.25
9,2,92,2.74473547935,4.25
9,2,92,3.00428342819,4.25
9,2,33,3.55789518356,3.0
9,2,33,3.90395498276,3.0
9,2,6,3.7247736454,5.75
9,2,6,4.25968503952,5.75
9,2,94,2.24538326263,4.0
9,2,94,4.0348033905,4.0
9,2,35,-2.18534898758,2.5
9,2,35,4.17674350739,2.5
9,2,8,3.69078063965,4.5
9,2,8,3.63394188881,4.5
9,2,64,2.4476044178,4.5
9,2,64,1.80452203751,4.5
9,2,37,4.23286390305,3.75
9,2,37,3.04730081558,3.75
9,2,10,3.65776705742,4.75
9,2,10,4.04075908661,4.75
9,2,66,4.38992023468,5.5
9,2,66,4.06797981262,5.5
9,2,39,2.65098118782,4.0
9,2,39,1.75994157791,4.0
9,2,12,3.94068527222,5.5
9,2,12,3.96075582504,5.5
9,2,68,3.7323679924,3.25
9,2,68,3.214427948,3.25
9,2,41,4.1406879425,4.5
9,2,41,4.07528352737,4.5
9,2,97,3.7853975296,3.75
9,2,97,3.74718952179,3.75
9,2,70,3.51445150375,4.75
9,2,70,3.77304124832,4.75
9,2,99,1.09906506538,4.5
9,2,99,1.39738917351,4.5
9,2,45,3.88526535034,3.0
9,2,45,4.02448701859,3.0
9,2,101,3.31375741959,3.75
9,2,101,2.85743117332,3.75
9,2,74,4.15709924698,5.25
9,2,74,4.33867502213,5.25
9,2,47,2.04851841927,5.0
9,2,47,1.28119456768,5.0
9,2,103,3.5079908371,3.0
9,2,103,3.70341730118,3.0
9,2,76,4.06348562241,3.25
9,2,76,4.45747280121,3.25
9,2,17,2.98818492889,4.0
9,2,17,3.31963634491,4.0
9,2,105,4.27865886688,4.5
9,2,105,4.192735672,4.5
9,2,78,3.25044870377,5.5
9,2,78,1.93336296082,5.5
9,2,19,4.24801683426,3.25
9,2,19,3.47197675705,3.25
9,2,107,-0.215494528413,3.75
9,2,107,3.82169723511,3.75
9,2,48,4.10974740982,5.0
9,2,48,3.70300626755,5.0
9,2,21,3.87258863449,3.75
9,2,21,4.05477142334,3.75
9,2,109,3.03313684464,2.25
9,2,109,4.12006378174,2.25
9,2,50,3.43249845505,4.0
9,2,50,3.83748793602,4.0
9,2,23,1.42906332016,2.75
9,2,23,4.20217657089,2.75
9,2,111,4.03569412231,4.0
9,2,111,3.98532581329,4.0
9,2,52,-1.54512226582,2.75
9,2,52,-0.991158604622,2.75
9,2,25,3.66251850128,5.75
9,2,25,3.68564486504,5.75
9,2,81,3.88592910767,4.75
9,2,81,4.32886981964,4.75
9,2,54,3.16323566437,5.5
9,2,54,3.59205627441,5.5
9,2,27,-1.30386888981,3.25
9,2,27,-2.56491327286,3.25
9,2,83,3.92725801468,4.0
9,2,83,3.7190489769,4.0
9,2,56,2.65387558937,5.0
9,2,56,2.71082401276,5.0
9,2,29,3.41284990311,3.0
9,2,29,2.1797645092,3.0
9,2,112,2.46188640594,4.5
9,2,112,2.17320966721,4.5
9,2,85,3.76410341263,4.75
9,2,85,3.7223315239,4.75
9,2,31,-0.494339436293,2.75
9,2,31,-0.364717751741,2.75
9,2,87,4.29379415512,3.25
9,2,87,4.30541229248,3.25
9,2,89,2.73250842094,2.75
9,2,89,3.29687833786,2.75
9,2,62,3.20148277283,4.0
9,2,62,1.8240827322,4.0
9,2,3,3.87020778656,4.5
9,2,3,4.06783533096,4.5
9,2,91,4.43701410294,4.25
9,2,91,4.10903072357,4.25
9,2,32,0.624866843224,2.25
9,2,32,3.07135629654,2.25
9,2,5,3.88633012772,5.5
9,2,5,4.05674362183,5.5
9,2,93,3.2555565834,4.5
9,2,93,3.2704975605,4.5
9,2,34,0.866463780403,2.5
9,2,34,1.79477477074,2.5
9,2,7,2.41797351837,5.25
9,2,7,2.39541125298,5.25
9,2,95,3.70073604584,5.0
9,2,95,3.38986730576,5.0
9,2,36,4.07279348373,4.75
9,2,36,4.26770114899,4.75
9,2,9,3.88798236847,5.75
9,2,9,3.34412765503,5.75
9,2,65,2.99693822861,4.75
9,2,65,3.36394429207,4.75
9,2,38,-1.45527493954,2.0
9,2,38,-1.3445571661,2.0
9,2,11,3.78446722031,4.5
9,2,11,3.78141355515,4.5
9,2,67,3.67860412598,4.25
9,2,67,3.95569419861,4.25
9,2,40,4.10823392868,3.25
9,2,40,4.44321775436,3.25
9,2,13,0.654877185822,3.75
9,2,13,2.48199939728,3.75
9,2,96,2.83450937271,3.0
9,2,96,3.36792802811,3.0
9,2,69,3.86743116379,3.25
9,2,69,4.29715490341,3.25
9,2,42,0.835216164589,3.25
9,2,42,4.0410618782,3.25
10,1,63,0.896755456924,4.25
10,1,63,3.15112137794,4.25
10,1,24,3.71724319458,4.75
10,1,24,3.9527220726,4.75
10,1,80,3.11443567276,5.0
10,1,80,4.06278419495,5.0
10,1,61,4.23177719116,4.0
10,1,61,4.28514957428,4.0
10,1,6,4.10581111908,5.0
10,1,6,4.07229328156,5.0
10,1,94,3.31993055344,5.0
10,1,94,1.45163202286,5.0
10,1,4,3.4794151783,5.5
10,1,4,3.29152536392,5.5
10,1,92,3.90882444382,5.0
10,1,92,3.73413085938,5.0
10,1,57,3.55261898041,1.5
10,1,57,4.00024032593,1.5
10,1,90,3.94622135162,3.75
10,1,90,4.16532421112,3.75
10,1,39,1.85264372826,4.0
10,1,39,2.96910119057,4.0
10,1,88,3.85039234161,5.5
10,1,88,3.92307400703,5.5
10,1,37,3.84822535515,6.0
10,1,37,3.51309943199,6.0
10,1,14,3.92560052872,3.75
10,1,14,3.02158260345,3.75
10,1,35,3.90058660507,2.0
10,1,35,3.68776512146,2.0
10,1,12,3.87347173691,4.5
10,1,12,3.81025600433,4.5
10,1,68,3.49087429047,3.75
10,1,68,4.1463394165,3.75
10,1,33,3.45277786255,4.5
10,1,33,3.69407463074,4.5
10,1,10,3.18517446518,5.0
10,1,10,3.03337740898,5.0
10,1,66,3.33648538589,6.0
10,1,66,3.97024393082,6.0
10,1,47,3.9826540947,5.25
10,1,47,3.74024200439,5.25
10,1,8,3.69832801819,6.25
10,1,8,3.96998882294,6.25
10,1,103,3.14975953102,3.75
10,1,103,3.38606286049,3.75
10,1,64,3.04069471359,5.0
10,1,64,2.49538731575,5.0
10,1,45,3.49088788033,2.875
10,1,45,3.22543811798,2.875
10,1,101,3.76359319687,5.5
10,1,101,3.35498094559,5.5
10,1,78,3.27791047096,5.5
10,1,78,3.69792985916,5.5
10,1,43,4.03122520447,4.5
10,1,43,3.83846902847,4.5
10,1,99,3.47419404984,5.25
10,1,99,3.6633439064,5.25
10,1,76,3.70460271835,4.75
10,1,76,4.13339042664,4.75
10,1,41,4.10662984848,3.25
10,1,41,4.10031795502,3.25
10,1,97,3.34069347382,3.75
10,1,97,2.46369576454,3.75
10,1,74,2.11443996429,4.75
10,1,74,3.48746347427,4.75
10,1,72,4.35126781464,3.0
10,1,72,4.38585329056,3.0
10,1,21,3.66441679001,5.25
10,1,21,3.81198549271,5.25
10,1,54,0.568966388702,3.5
10,1,54,-0.159092247486,3.5
10,1,107,3.98059082031,5.0
10,1,107,3.8339805603,5.0
10,1,52,3.78284215927,5.0
10,1,52,3.90455579758,5.0
10,1,105,3.78739356995,4.0
10,1,105,3.2906961441,4.0
10,1,50,3.20934724808,5.25
10,1,50,3.29042029381,5.25
10,1,31,3.10612463951,4.75
10,1,31,3.5682964325,4.75
10,1,87,4.08970546722,4.75
10,1,87,4.11528539658,4.75
10,1,48,4.253885746,5.0
10,1,48,4.24029016495,5.0
10,1,29,4.29306936264,4.5
10,1,29,4.09207630157,4.5
10,1,85,4.13881444931,4.75
10,1,85,3.54189872742,4.75
10,1,62,2.73942708969,3.75
10,1,62,3.72083282471,3.75
10,1,27,4.02908182144,4.25
10,1,27,3.76086711884,4.25
10,1,83,3.91727495193,3.0
10,1,83,4.13262271881,3.0
10,1,25,3.96260118484,4.5
10,1,25,3.39593935013,4.5
10,1,81,0.879578828812,4.25
10,1,81,2.94534826279,4.25
10,1,7,3.29611372948,5.5
10,1,7,3.47368884087,5.5
10,1,95,3.4327249527,4.75
10,1,95,3.75360155106,4.75
10,1,56,3.39177203178,4.5
10,1,56,3.57387685776,4.5
10,1,5,4.05404186249,5.0
10,1,5,4.21423912048,5.0
10,1,93,3.66276741028,4.0
10,1,93,3.70166110992,4.0
10,1,38,3.41311383247,3.75
10,1,38,2.91828584671,3.75
10,1,91,4.09580564499,4.5
10,1,91,4.09691381454,4.5
10,1,36,4.34737491608,4.75
10,1,36,4.33780860901,4.75
10,1,89,4.01101016998,5.25
10,1,89,3.69167089462,5.25
10,1,34,3.03768467903,4.0
10,1,34,3.74769115448,4.0
10,1,32,4.05886602402,3.75
10,1,32,4.29877948761,3.75
10,1,13,3.45440673828,4.25
10,1,13,2.72677612305,4.25
10,1,69,3.81335544586,4.5
10,1,69,3.5978872776,4.5
10,1,46,3.97742462158,5.0
10,1,46,3.80116295815,5.0
10,1,11,0.670354664326,4.0
10,1,11,2.66375374794,4.0
10,1,102,3.2972009182,5.0
10,1,102,4.09073543549,5.0
10,1,67,3.21769738197,5.25
10,1,67,3.30142974854,5.25
10,1,44,3.94490504265,4.5
10,1,44,3.12155818939,4.5
10,1,9,3.75310945511,5.5
10,1,9,3.19373178482,5.5
10,1,100,3.99550151825,4.0
10,1,100,4.1745724678,4.0
10,1,65,0.765748500824,5.75
10,1,65,3.58179283142,5.75
10,1,42,4.26967430115,5.25
10,1,42,4.08654260635,5.25
10,1,98,2.073823452,4.5
10,1,98,2.71263885498,4.5
10,1,79,-1.53049087524,4.5
10,1,79,4.12217998505,4.5
10,1,40,3.07497930527,4.5
10,1,40,3.61291313171,4.5
10,1,96,4.02050733566,4.5
10,1,96,3.97842359543,4.5
10,1,77,3.59073591232,4.5
10,1,77,4.20308828354,4.5
10,1,22,3.70080399513,4.5
10,1,22,3.99322509766,4.5
10,1,75,3.51074838638,4.5
10,1,75,3.63979101181,4.5
10,1,20,3.78189229965,5.0
10,1,20,3.58534884453,5.0
10,1,108,3.88566184044,5.0
10,1,108,3.8043847084,5.0
10,1,73,3.08383989334,4.25
10,1,73,3.90074634552,4.25
10,1,106,2.77215671539,2.0
10,1,106,2.76049113274,2.0
10,1,55,3.906042099,5.25
10,1,55,3.74419140816,5.25
10,1,104,3.67817306519,4.5
10,1,104,3.86745977402,4.5
10,1,53,3.45243120193,5.25
10,1,53,3.78310871124,5.25
10,1,30,4.17704963684,5.5
10,1,30,4.40370988846,5.5
10,1,86,4.16919755936,4.0
10,1,86,4.19156742096,4.0
10,1,51,4.26709270477,5.5
10,1,51,3.88348579407,5.5
10,1,28,3.69621658325,4.75
10,1,28,4.21084594727,4.75
10,1,84,3.16648960114,2.75
10,1,84,3.14378285408,2.75
10,1,49,3.90771055222,4.0
10,1,49,3.10279607773,4.0
10,1,26,3.56776952744,2.375
10,1,26,0.63899409771,2.375
10,1,82,3.36204314232,4.5
10,1,82,3.88115882874,4.5
10,2,65,0.87144613266,5.0
10,2,65,2.99360084534,5.0
10,2,26,1.85265374184,3.5
10,2,26,2.97925972939,3.5
10,2,83,3.50664615631,4.25
10,2,83,-1.24800240993,4.25
10,2,15,3.73377370834,5.75
10,2,15,3.53710794449,5.75
10,2,25,-1.111307621,4.25
10,2,25,3.18931245804,4.25
10,2,82,-0.712792634964,5.25
10,2,82,-0.381259471178,5.25
10,2,14,3.97097444534,5.25
10,2,14,4.25775623322,5.25
10,2,71,1.5882114172,4.0
10,2,71,3.13296508789,4.0
10,2,24,3.23542141914,3.5
10,2,24,3.51288747787,3.5
10,2,81,2.05020880699,5.25
10,2,81,2.96966648102,5.25
10,2,35,-0.30956736207,2.75
10,2,35,-1.26372301579,2.75
10,2,13,4.32489824295,5.25
10,2,13,3.58140921593,5.25
10,2,70,3.87126922607,4.66667
10,2,70,3.97103500366,4.66667
10,2,31,2.80669641495,3.25
10,2,31,3.41639280319,3.25
10,2,80,3.19436836243,4.5
10,2,80,3.52521848679,4.5
10,2,34,3.5549621582,5.0
10,2,34,3.66365361214,5.0
10,2,12,2.9325876236,4.25
10,2,12,3.52012896538,4.25
10,2,69,0.670680880547,5.25
10,2,69,1.74718773365,5.25
10,2,30,3.47527384758,5.75
10,2,30,3.60811400414,5.75
10,2,87,3.08618116379,5.5
10,2,87,2.4422621727,5.5
10,2,33,0.618393182755,4.75
10,2,33,2.3795876503,4.75
10,2,51,4.15399837494,5.5
10,2,51,4.31429100037,5.5
10,2,68,-1.7240678072,4.75
10,2,68,2.61763978004,4.75
10,2,29,2.09486484528,5.0
10,2,29,3.78055334091,5.0
10,2,86,1.72653329372,4.5
10,2,86,2.42608618736,4.5
10,2,32,-0.263331621885,1.75
10,2,32,1.08782100677,1.75
10,2,50,3.05110931396,4.0
10,2,50,1.50116205215,4.0
10,2,75,3.60243558884,4.5
10,2,75,4.04239988327,4.5
10,2,28,3.48640322685,4.5
10,2,28,4.34179258347,4.5
10,2,85,4.22813224792,5.25
10,2,85,3.98318696022,5.25
10,2,39,3.6832857132,5.25
10,2,39,3.52216768265,5.25
10,2,74,3.22085094452,4.75
10,2,74,3.91106462479,4.75
10,2,3,4.13805103302,3.75
10,2,3,4.03055286407,3.75
10,2,84,2.91347551346,4.0
10,2,84,3.72839641571,4.0
10,2,38,3.79399895668,4.75
10,2,38,4.03837776184,4.75
10,2,73,3.80531358719,5.5
10,2,73,3.50859832764,5.5
10,2,91,3.8504254818,4.25
10,2,91,3.44965052605,4.25
10,2,37,2.63981413841,5.0
10,2,37,3.8364610672,5.0
10,2,55,4.34993457794,3.75
10,2,55,3.7706258297,3.75
10,2,72,1.01029479504,6.25
10,2,72,-0.584077119827,6.25
10,2,90,3.60206270218,4.25
10,2,90,3.23974514008,4.25
10,2,19,1.87062525749,4.5
10,2,19,1.44580900669,4.5
10,2,36,3.68876481056,3.75
10,2,36,3.68631124496,3.75
10,2,54,3.8539147377,5.5
10,2,54,4.06035804749,5.5
10,2,79,3.58516144753,5.5
10,2,79,3.46742534637,5.5
10,2,89,3.54123067856,4.0
10,2,89,2.47157025337,4.0
10,2,43,3.32894396782,5.75
10,2,43,3.75430250168,5.75
10,2,53,3.8504948616,6.75
10,2,53,3.6197924614,6.75
10,2,78,1.6268594265,5.25
10,2,78,3.07930517197,5.25
10,2,7,4.16791725159,5.25
10,2,7,3.32440781593,5.25
10,2,88,3.56496405602,5.5
10,2,88,2.95958709717,5.5
10,2,42,-0.236464500427,5.5
10,2,42,-1.41591393948,5.5
10,2,52,3.4475274086,5.5
10,2,52,3.7282640934,5.5
10,2,77,2.15039896965,3.5
10,2,77,4.12925958633,3.5
10,2,6,3.78941583633,5.25
10,2,6,3.6574344635,5.25
10,2,95,3.46262741089,2.0
10,2,95,1.78178405762,2.0
10,2,41,4.00662517548,5.25
10,2,41,4.04452610016,5.25
10,2,76,-0.730205476284,4.5
10,2,76,2.85669946671,4.5
10,2,5,4.27165651321,5.5
10,2,5,3.64781808853,5.5
10,2,94,-0.189371600747,3.25
10,2,94,3.0168967247,3.25
10,2,23,3.91153621674,5.0
10,2,23,4.11845064163,5.0
10,2,40,3.03986334801,4.5
10,2,40,2.38356351852,4.5
10,2,97,2.50292396545,5.75
10,2,97,1.83717763424,5.75
10,2,58,3.72817468643,5.5
10,2,58,1.71655189991,5.5
10,2,4,4.03411197662,6.25
10,2,4,3.96516799927,6.25
10,2,93,-0.719138741493,3.25
10,2,93,3.27252578735,3.25
10,2,22,1.67158198357,5.5
10,2,22,3.42271757126,5.5
10,2,47,1.28704810143,5.25
10,2,47,1.35312902927,5.25
10,2,96,3.250664711,4.75
10,2,96,3.7908987999,4.75
10,2,11,3.90804862976,4.5
10,2,11,3.5472869873,4.5
10,2,92,2.28864002228,4.75
10,2,92,0.417956382036,4.75
10,2,21,4.10402965546,5.5
10,2,21,2.52369594574,5.5
10,2,46,-1.03990161419,4.25
10,2,46,-1.93348479271,4.25
10,2,56,3.94969415665,5.25
10,2,56,3.92346167564,5.25
10,2,10,3.01038980484,5.25
10,2,10,2.62616705894,5.25
10,2,67,4.24807739258,4.33333
10,2,67,4.04734611511,4.33333
10,2,20,1.69577383995,2.75
10,2,20,2.65299344063,2.75
10,2,45,-0.534790039062,3.5
10,2,45,-2.61935091019,3.5
10,2,9,-0.891971647739,3.25
10,2,9,-1.04591012001,3.25
10,2,66,1.81191492081,3.0
10,2,66,3.18222951889,3.0
10,2,27,3.797082901,5.0
10,2,27,4.08545589447,5.0
10,2,44,4.06733465195,5.0
10,2,44,3.85739564896,5.0
10,2,8,4.10395050049,5.75
10,2,8,3.77317047119,5.75
11,1,5,4.46896123886,4.5
11,1,5,4.33294200897,4.5
11,1,94,3.29956841469,5.75
11,1,94,3.86121940613,5.75
11,1,23,3.77250432968,5.75
11,1,23,3.6643974781,5.75
11,1,32,3.03678202629,4.25
11,1,32,3.72078466415,4.25
11,1,50,1.83953726292,3.0
11,1,50,2.07853078842,3.0
11,1,75,3.29916906357,3.5
11,1,75,1.94570195675,3.5
11,1,4,3.8384475708,5.75
11,1,4,3.53344869614,5.75
11,1,93,2.89814734459,4.25
11,1,93,3.70585727692,4.25
11,1,22,3.72969102859,6.25
11,1,22,3.6048746109,6.25
11,1,47,3.58736157417,4.0
11,1,47,2.57837200165,4.0
11,1,49,3.32046175003,4.5
11,1,49,2.65460968018,4.5
11,1,74,3.02270293236,5.0
11,1,74,2.95953297615,5.0
11,1,92,2.96241807938,4.25
11,1,92,3.51956176758,4.25
11,1,21,2.49090671539,4.25
11,1,21,1.73998951912,4.25
11,1,46,-0.266565859318,1.75
11,1,46,0.396553456783,1.75
11,1,48,-0.0876714810729,2.25
11,1,48,1.45654046535,2.25
11,1,73,3.21585083008,5.25
11,1,73,3.84114027023,5.25
11,1,91,2.54418849945,5.5
11,1,91,2.88229465485,5.5
11,1,20,3.57642841339,5.5
11,1,20,3.41533946991,5.5
11,1,63,2.93275284767,6.25
11,1,63,3.00700902939,6.25
11,1,72,3.54627084732,4.75
11,1,72,3.07561922073,4.75
11,1,90,1.7780315876,4.25
11,1,90,2.06627964973,4.25
11,1,19,3.55569171906,6.25
11,1,19,3.30754065514,6.25
11,1,62,3.45552706718,5.0
11,1,62,2.36556148529,5.0
11,1,89,3.39847230911,5.0
11,1,89,3.68726921082,5.0
11,1,15,4.36296224594,3.5
11,1,15,3.98160052299,3.5
11,1,88,2.95274233818,3.75
11,1,88,3.8197824955,3.75
11,1,99,0.324679583311,6.25
11,1,99,2.35583162308,6.25
11,1,14,3.5418510437,4.25
11,1,14,3.57908248901,4.25
11,1,71,1.05994522572,4.75
11,1,71,3.49626970291,4.75
11,1,98,2.1135160923,4.5
11,1,98,1.89299845695,4.5
11,1,13,3.85454368591,5.25
11,1,13,3.8594751358,5.25
11,1,70,2.86098766327,5.0
11,1,70,3.60835289955,5.0
11,1,31,3.59195637703,5.5
11,1,31,4.43332195282,5.5
11,1,97,2.06807756424,3.75
11,1,97,2.98672938347,3.75
11,1,12,4.35786104202,5.5
11,1,12,3.84847545624,5.5
11,1,69,3.70204567909,4.0
11,1,69,3.03069162369,4.0
11,1,30,3.37154459953,4.25
11,1,30,2.1727976799,4.25
11,1,87,3.51883888245,2.75
11,1,87,2.63766789436,2.75
11,1,96,3.25205039978,4.75
11,1,96,0.38732033968,4.75
11,1,57,0.479248344898,2.5
11,1,57,0.432161718607,2.5
11,1,11,3.4285159111,4.5
11,1,11,3.4739921093,4.5
11,1,68,4.21690368652,4.25
11,1,68,3.5849776268,4.25
11,1,29,4.3682050705,5.5
11,1,29,3.34692382812,5.5
11,1,56,-0.0541813522577,2.25
11,1,56,1.62230205536,2.25
11,1,10,3.60028219223,4.66667
11,1,10,3.52521133423,4.66667
11,1,67,3.27077937126,6.25
11,1,67,3.84503674507,6.25
11,1,28,3.33899497986,4.5
11,1,28,3.74056625366,4.5
11,1,39,3.04987430573,5.0
11,1,39,3.65274906158,5.0
11,1,9,3.13951778412,4.0
11,1,9,3.18896412849,4.0
11,1,66,3.00459623337,3.25
11,1,66,2.8953704834,3.25
11,1,27,4.092918396,4.5
11,1,27,2.92955207825,4.5
11,1,84,1.54526948929,3.5
11,1,84,3.98960709572,3.5
11,1,38,3.56901741028,4.5
11,1,38,3.947224617,4.5
11,1,8,4.45605373383,4.25
11,1,8,4.13750886917,4.25
11,1,65,3.77925038338,4.25
11,1,65,3.92824935913,4.25
11,1,26,3.83319568634,4.0
11,1,26,3.88704395294,4.0
11,1,83,2.60957050323,3.5
11,1,83,2.25181317329,3.5
11,1,37,4.19493103027,3.75
11,1,37,3.98077583313,3.75
11,1,55,0.430616259575,4.0
11,1,55,2.62553715706,4.0
11,1,64,3.0744342804,5.0
11,1,64,4.05919599533,5.0
11,1,25,3.88768529892,5.0
11,1,25,3.49921226501,5.0
11,1,82,3.93890857697,4.5
11,1,82,3.2516977787,4.5
11,1,36,2.16091942787,5.0
11,1,36,1.5319275856,5.0
11,1,54,-0.149197727442,2.5
11,1,54,-0.378426849842,2.5
11,1,79,3.24871253967,4.5
11,1,79,3.829433918,4.5
11,1,24,4.03414440155,3.25
11,1,24,3.49585604668,3.25
11,1,81,3.90210962296,4.5
11,1,81,2.55596041679,4.5
11,1,35,4.44208192825,4.5
11,1,35,4.25342035294,4.5
11,1,53,1.56430029869,5.25
11,1,53,3.89347815514,5.25
11,1,78,3.52813863754,5.0
11,1,78,3.12692260742,5.0
11,1,7,2.86599969864,4.25
11,1,7,3.66553401947,4.25
11,1,80,3.63125109673,6.0
11,1,80,3.51987457275,6.0
11,1,34,3.86443591118,4.5
11,1,34,3.35445451736,4.5
11,1,52,3.56634092331,4.25
11,1,52,3.72477436066,4.25
11,1,77,3.45927357674,6.0
11,1,77,4.06478881836,6.0
11,1,6,3.16757798195,5.0
11,1,6,3.87158584595,5.0
11,1,95,3.5768558979,4.25
11,1,95,4.02527427673,4.25
11,1,33,4.06672763824,5.0
11,1,33,3.96993327141,5.0
11,1,51,3.53769135475,4.75
11,1,51,3.30522346497,4.75
11,1,76,3.73079681396,4.0
11,1,76,3.42748641968,4.0
11,2,84,1.69872832298,4.75
11,2,84,-1.14441251755,4.75
11,2,28,1.31809020042,4.5
11,2,28,3.11375927925,4.5
11,2,74,0.138515934348,4.25
11,2,74,0.0809594988823,4.25
11,2,18,3.63179588318,4.0
11,2,18,0.660918593407,4.0
11,2,72,3.67495727539,4.25
11,2,72,1.10685658455,4.25
11,2,63,3.81125068665,2.75
11,2,63,-0.171034812927,2.75
11,2,78,3.18801021576,5.5
11,2,78,0.60984826088,5.5
11,2,61,2.23586845398,3.25
11,2,61,0.664728939533,3.25
11,2,22,3.35597920418,3.75
11,2,22,3.0384759903,3.75
11,2,76,3.47736883163,5.5
11,2,76,3.79934477806,5.5
11,2,51,3.42353391647,4.5
11,2,51,3.34311771393,4.5
11,2,20,3.26351547241,4.75
11,2,20,3.50056314468,4.75
11,2,105,3.75348567963,4.5
11,2,105,3.88397526741,4.5
11,2,66,1.49620831013,1.75
11,2,66,0.623478472233,1.75
11,2,49,3.12998723984,2.75
11,2,49,0.0146574284881,2.75
11,2,10,1.42626595497,4.75
11,2,10,0.375164687634,4.75
11,2,111,3.80668878555,4.5
11,2,111,0.82414150238,4.5
11,2,64,3.86959791183,4.25
11,2,64,3.33260178566,4.25
11,2,55,3.60366487503,4.5
11,2,55,2.44061994553,4.5
11,2,8,0.234896570444,5.0
11,2,8,2.64019680023,5.0
11,2,109,3.80269002914,4.75
11,2,109,3.66830015182,4.75
11,2,53,1.751562953,4.5
11,2,53,2.36286997795,4.5
11,2,99,0.291987478733,5.5
11,2,99,1.03735244274,5.5
11,2,68,4.07589673996,4.0
11,2,68,-0.619278550148,4.0
11,2,43,4.18963432312,5.25
11,2,43,0.384556412697,5.25
11,2,12,4.12019824982,2.25
11,2,12,-0.963177144527,2.25
11,2,97,3.83883142471,3.75
11,2,97,-0.730149030685,3.75
11,2,41,3.32842469215,4.75
11,2,41,2.0850186348,4.75
11,2,103,3.62680578232,5.25
11,2,103,3.77302765846,5.25
11,2,47,3.60450935364,4.0
11,2,47,3.19070506096,4.0
11,2,101,1.60465371609,4.75
11,2,101,1.08272540569,4.75
11,2,45,3.67276334763,4.25
11,2,45,1.6795873642,4.25
11,2,6,3.48469018936,5.5
11,2,6,3.74425935745,5.5
11,2,91,-1.39810621738,4.5
11,2,91,-0.00852576456964,4.5
11,2,35,3.25435256958,3.75
11,2,35,1.53760564327,3.75
11,2,4,2.1590590477,4.0
11,2,4,0.556939661503,4.0
11,2,89,3.70496535301,4.75
11,2,89,3.77128815651,4.75
11,2,33,3.64426755905,4.25
11,2,33,0.0670705512166,4.25
11,2,95,3.76166510582,4.0
11,2,95,3.04766535759,4.0
11,2,39,4.15890932083,4.5
11,2,39,0.281478583813,4.5
11,2,93,2.49012470245,5.0
11,2,93,1.29868257046,5.0
11,2,37,1.48997342587,5.0
11,2,37,-0.0157335363328,5.0
11,2,83,3.79695177078,4.0
11,2,83,2.63294243813,4.0
11,2,27,4.13076162338,5.5
11,2,27,2.58754992485,5.5
11,2,81,2.31388473511,3.0
11,2,81,1.76966333389,3.0
11,2,25,1.59929645061,5.0
11,2,25,2.77358484268,5.0
11,2,87,4.02873134613,4.25
11,2,87,3.43261885643,4.25
11,2,31,-0.102695636451,5.0
11,2,31,1.49604034424,5.0
11,2,85,2.59681797028,5.0
11,2,85,-1.76843714714,5.0
11,2,56,4.10543823242,4.75
11,2,56,3.83228945732,4.75
11,2,29,3.19643568993,4.75
11,2,29,1.74606537819,4.75
11,2,75,0.273157298565,2.5
11,2,75,0.567690491676,2.5
11,2,62,0.115811929107,1.75
11,2,62,-0.0179998744279,1.75
11,2,19,2.78378033638,5.25
11,2,19,3.43609642982,5.25
11,2,73,0.218383908272,4.25
11,2,73,-1.03102684021,4.25
11,2,60,0.546405017376,2.5
11,2,60,-0.69961565733,2.5
11,2,17,1.74684154987,3.75
11,2,17,-0.64219045639,3.75
11,2,106,2.7515668869,3.0
11,2,106,-1.42368710041,3.0
11,2,79,0.775411605835,4.25
11,2,79,0.0808561071754,4.25
11,2,50,2.4935836792,4.25
11,2,50,3.37423467636,4.25
11,2,23,3.3206911087,5.75
11,2,23,1.24174165726,5.75
11,2,104,3.93892264366,6.0
11,2,104,4.18442249298,6.0
11,2,77,2.47925424576,4.5
11,2,77,3.91689062119,4.5
11,2,48,3.16181945801,6.5
11,2,48,4.12826681137,6.5
11,2,21,3.81206202507,6.25
11,2,21,1.06196606159,6.25
11,2,110,3.2571811676,4.75
11,2,110,3.0455288887,4.75
11,2,67,2.35155248642,4.75
11,2,67,-0.488741844893,4.75
11,2,54,4.08903312683,3.75
11,2,54,1.67518043518,3.75
11,2,11,1.08796179295,2.5
11,2,11,0.202094256878,2.5
11,2,65,3.14649510384,2.5
11,2,65,-0.364182502031,2.5
11,2,52,3.47136497498,5.0
11,2,52,3.3905172348,5.0
11,2,9,4.30752897263,3.5
11,2,9,3.62325429916,3.5
11,2,98,2.80040407181,5.0
11,2,98,3.66105866432,5.0
11,2,42,4.29030275345,4.75
11,2,42,2.810536623,4.75
11,2,96,3.67754840851,5.0
11,2,96,3.4376013279,5.0
11,2,69,3.24535632133,3.25
11,2,69,-0.500191867352,3.25
11,2,40,4.07810878754,4.25
11,2,40,3.10518455505,4.25
11,2,102,3.31593704224,3.75
11,2,102,3.99247312546,3.75
11,2,46,4.31986761093,4.25
11,2,46,3.45432400703,4.25
11,2,3,3.42661809921,5.0
11,2,3,2.97847938538,5.0
11,2,100,3.38768577576,4.5
11,2,100,4.12595748901,4.5
11,2,44,4.22160577774,5.5
11,2,44,3.06375312805,5.5
11,2,90,3.67286205292,3.25
11,2,90,2.38132333755,3.25
11,2,34,3.94433069229,6.5
11,2,34,1.92125988007,6.5
11,2,7,-0.316989213228,0.75
11,2,7,-0.532663881779,0.75
11,2,88,3.87637066841,5.0
11,2,88,-0.0188596956432,5.0
11,2,32,2.8658425808,5.25
11,2,32,3.26488113403,5.25
11,2,5,3.81850719452,2.25
11,2,5,0.0979744493961,2.25
11,2,94,4.16957998276,4.25
11,2,94,2.33886909485,4.25
11,2,38,3.55924057961,4.25
11,2,38,0.176423683763,4.25
11,2,92,2.32438182831,5.5
11,2,92,2.10480284691,5.5
11,2,36,4.12324857712,4.25
11,2,36,3.85118675232,4.25
11,2,82,1.302780509,4.75
11,2,82,0.247278794646,4.75
11,2,26,3.98516106606,3.5
11,2,26,1.2867423296,3.5
11,2,80,3.2857003212,3.75
11,2,80,0.420555710793,3.75
11,2,24,4.1668586731,5.0
11,2,24,1.41728186607,5.0
11,2,86,3.42846727371,5.75
11,2,86,2.99242019653,5.75
11,2,30,3.71497488022,4.0
11,2,30,0.436471581459,4.0
12,1,60,-1.51721978188,3.75
12,1,60,1.37809228897,3.75
12,1,25,2.62327075005,5.75
12,1,25,0.983861088753,5.75
12,1,83,3.66219472885,5.5
12,1,83,4.14243602753,5.5
12,1,62,-1.86144757271,2.5
12,1,62,-1.25505161285,2.5
12,1,27,3.64353203773,4.5
12,1,27,2.24765825272,4.5
12,1,77,3.76409482956,4.75
12,1,77,3.60654258728,4.75
12,1,21,3.76913523674,4.5
12,1,21,3.75387191772,4.5
12,1,79,0.830098807812,4.25
12,1,79,1.54377174377,4.25
12,1,23,3.31879043579,3.5
12,1,23,-0.850547194481,3.5
12,1,108,1.83777880669,3.25
12,1,108,3.4148645401,3.25
12,1,73,3.66383695602,4.25
12,1,73,2.9703335762,4.25
12,1,17,3.65707206726,5.0
12,1,17,3.47443342209,5.0
12,1,110,3.69574451447,5.0
12,1,110,2.11568975449,5.0
12,1,75,3.16430854797,5.25
12,1,75,2.88721060753,5.25
12,1,54,4.24493217468,4.75
12,1,54,3.09955430031,4.75
12,1,19,2.74088048935,3.75
12,1,19,3.12242555618,3.75
12,1,104,1.27719700336,2.5
12,1,104,-1.46676898003,2.5
12,1,69,3.12703299522,3.75
12,1,69,1.9779715538,3.75
12,1,48,2.93142175674,4.5
12,1,48,3.7219786644,4.5
12,1,106,-1.33370733261,1.25
12,1,106,-1.25818252563,1.25
12,1,100,2.14973020554,2.75
12,1,100,1.66905045509,2.75
12,1,65,2.93398213387,4.5
12,1,65,2.86285853386,4.5
12,1,44,2.87472510338,5.5
12,1,44,3.27450871468,5.5
12,1,9,4.23327159882,4.75
12,1,9,3.62556266785,4.75
12,1,102,3.81507444382,4.5
12,1,102,3.79578924179,4.5
12,1,67,-2.1444542408,2.75
12,1,67,-2.17762160301,2.75
12,1,46,2.14605283737,3.5
12,1,46,3.11574077606,3.5
12,1,11,4.1797413826,5.0
12,1,11,3.95077323914,5.0
12,1,96,3.24494314194,3.25
12,1,96,3.53369283676,3.25
12,1,40,3.97087311745,4.25
12,1,40,0.708964884281,4.25
12,1,5,3.78269577026,6.0
12,1,5,3.331335783,6.0
12,1,98,3.99120497704,3.75
12,1,98,3.83168578148,3.75
12,1,42,3.91443920135,4.25
12,1,42,3.87931537628,4.25
12,1,7,4.02945613861,6.25
12,1,7,3.66686964035,6.25
12,1,92,2.87749052048,3.25
12,1,92,2.51317930222,3.25
12,1,36,3.79824900627,5.0
12,1,36,0.198301315308,5.0
12,1,38,3.24592709541,5.5
12,1,38,3.38113355637,5.5
12,1,3,3.96196842194,6.0
12,1,3,3.59302282333,6.0
12,1,88,2.96228837967,4.5
12,1,88,3.81529355049,4.5
12,1,32,0.603921771049,5.25
12,1,32,2.52059292793,5.25
12,1,90,3.57925128937,4.0
12,1,90,3.30725049973,4.0
12,1,34,-0.713865160942,5.5
12,1,34,-0.039452187717,5.5
12,1,84,4.04901218414,4.5
12,1,84,3.29525542259,4.5
12,1,28,-1.61064767838,5.0
12,1,28,-1.57755041122,5.0
12,1,86,4.24466896057,3.0
12,1,86,3.51100683212,3.0
12,1,30,3.26885128021,4.0
12,1,30,-2.00673508644,4.0
12,1,80,-0.681264519691,4.0
12,1,80,3.50770068169,4.0
12,1,24,2.94939208031,5.25
12,1,24,-1.2608448267,5.25
12,1,82,3.59511756897,4.0
12,1,82,3.59876585007,4.0
12,1,61,3.68250894547,4.0
12,1,61,0.0761940330267,4.0
12,1,26,2.90232563019,5.0
12,1,26,2.14017915726,5.0
12,1,76,3.89639282227,4.0
12,1,76,3.06284332275,4.0
12,1,63,-1.4417604208,3.0
12,1,63,-1.1024916172,3.0
12,1,20,3.58937883377,4.75
12,1,20,3.32321643829,4.75
12,1,78,3.77663707733,6.0
12,1,78,3.66009306908,6.0
12,1,22,0.941523134708,4.5
12,1,22,0.595925092697,4.5
12,1,72,3.93434500694,3.25
12,1,72,3.90773820877,3.25
12,1,16,4.02354049683,5.25
12,1,16,-0.0810993462801,5.25
12,1,109,2.71612381935,3.5
12,1,109,2.34092497826,3.5
12,1,74,2.78642201424,5.0
12,1,74,3.72644424438,5.0
12,1,53,3.10428762436,4.5
12,1,53,3.07438993454,4.5
12,1,18,2.85669231415,4.25
12,1,18,-0.740645110607,4.25
12,1,111,1.35435628891,2.75
12,1,111,3.24308466911,2.75
12,1,68,3.64858531952,4.25
12,1,68,2.9917948246,4.25
12,1,55,2.96829342842,5.0
12,1,55,2.7429151535,5.0
12,1,12,3.05374526978,5.75
12,1,12,2.98362469673,5.75
12,1,105,-0.0352612361312,3.25
12,1,105,-1.41296684742,3.25
12,1,49,1.140011549,4.75
12,1,49,0.169684201479,4.75
12,1,107,2.98152041435,4.5
12,1,107,2.27952432632,4.5
12,1,64,2.35122156143,4.0
12,1,64,2.4404604435,4.0
12,1,8,4.05971193314,5.25
12,1,8,3.94963145256,5.25
12,1,101,-0.190575644374,3.25
12,1,101,-0.943069517612,3.25
12,1,66,-1.09579014778,3.0
12,1,66,-1.65007388592,3.0
12,1,45,2.72583198547,5.0
12,1,45,1.06341028214,5.0
12,1,10,4.04820489883,5.25
12,1,10,3.96215009689,5.25
12,1,103,2.41609525681,4.5
12,1,103,0.272600769997,4.5
12,1,47,4.24110507965,5.5
12,1,47,3.66740083694,5.5
12,1,4,4.23276996613,6.25
12,1,4,3.95998048782,6.25
12,1,97,0.141061902046,4.25
12,1,97,3.54563498497,4.25
12,1,41,3.01081395149,3.75
12,1,41,2.58807945251,3.75
12,1,6,4.19742202759,5.0
12,1,6,4.18950986862,5.0
12,1,99,-2.07180905342,1.75
12,1,99,-1.86773693562,1.75
12,1,43,2.53612184525,4.75
12,1,43,1.69763207436,4.75
12,1,93,-2.47503781319,3.75
12,1,93,0.792924404144,3.75
12,1,37,3.83248257637,4.5
12,1,37,4.30958557129,4.5
12,1,2,3.95300245285,6.5
12,1,2,4.18293428421,6.5
12,1,39,3.32335519791,5.75
12,1,39,2.29047036171,5.75
12,1,89,-0.738230764866,3.5
12,1,89,1.27857482433,3.5
12,1,33,0.033445533365,4.25
12,1,33,-1.61680269241,4.25
12,1,91,3.41340303421,4.5
12,1,91,2.81962585449,4.5
12,1,35,2.72403907776,4.0
12,1,35,3.51404476166,4.0
12,1,85,3.12597894669,4.75
12,1,85,3.06226825714,4.75
12,1,29,0.28980833292,2.75
12,1,29,-1.16366159916,2.75
12,1,87,3.52690887451,5.0
12,1,87,-0.0921949148178,5.0
12,1,31,3.76786231995,5.0
12,1,31,2.95827960968,5.0
12,1,81,3.63095855713,4.0
12,1,81,-1.46618366241,4.0
12,2,14,3.51098108292,4.25
12,2,14,3.03421449661,4.25
12,2,37,3.43286418915,3.5
12,2,37,3.224807024,3.5
12,2,64,-1.43970918655,1.5
12,2,64,-1.61439156532,1.5
12,2,8,2.80951309204,4.0
12,2,8,2.88471651077,4.0
12,2,39,3.07436871529,2.0
12,2,39,0.909632325172,2.0
12,2,66,1.7921308279,1.0
12,2,66,-2.43711853027,1.0
12,2,10,4.47725820541,4.25
12,2,10,3.19592571259,4.25
12,2,33,3.14978885651,3.75
12,2,33,3.56290268898,3.75
12,2,4,3.77739048004,4.0
12,2,4,3.15522480011,4.0
12,2,35,3.98949956894,3.0
12,2,35,3.98428726196,3.0
12,2,6,3.3180205822,3.5
12,2,6,2.37314462662,3.5
12,2,93,2.7806930542,5.0
12,2,93,2.68908858299,5.0
12,2,95,2.29231119156,4.75
12,2,95,2.55017709732,4.75
12,2,89,4.16342401505,3.75
12,2,89,-1.28583574295,3.75
12,2,116,2.25987291336,3.0
12,2,116,-0.951010465622,3.0
12,2,91,3.30378484726,4.5
12,2,91,2.46641588211,4.5
12,2,62,0.92570233345,1.75
12,2,62,1.34364128113,1.75
12,2,85,1.13739919662,4.75
12,2,85,2.73393702507,4.75
12,2,112,4.01848983765,3.75
12,2,112,3.7339682579,3.75
12,2,29,2.08591151237,3.0
12,2,29,3.98875021935,3.0
12,2,56,4.20503664017,5.0
12,2,56,3.65304064751,5.0
12,2,87,0.219960048795,4.75
12,2,87,-2.11711931229,4.75
12,2,114,3.39892530441,3.5
12,2,114,-0.975016593933,3.5
12,2,31,2.90985155106,4.75
12,2,31,2.72819280624,4.75
12,2,58,4.17580127716,3.75
12,2,58,3.1552670002,3.75
12,2,81,3.54580068588,5.5
12,2,81,3.31402587891,5.5
12,2,108,-1.24962067604,2.0
12,2,108,0.115839198232,2.0
12,2,25,3.26098752022,4.75
12,2,25,2.48687314987,4.75
12,2,52,3.45380163193,4.75
12,2,52,3.53094363213,4.75
12,2,83,-1.61325478554,3.75
12,2,83,0.964289069176,3.75
12,2,110,-0.109966523945,2.25
12,2,110,-3.09252500534,2.25
12,2,27,3.40981006622,4.5
12,2,27,3.47267627716,4.5
12,2,54,3.7125184536,4.5
12,2,54,3.28585958481,4.5
12,2,77,3.76456332207,5.0
12,2,77,3.86423921585,5.0
12,2,104,1.69152712822,2.0
12,2,104,-0.289870977402,2.0
12,2,21,3.473757267,3.75
12,2,21,-0.0126450508833,3.75
12,2,48,3.38766646385,4.5
12,2,48,3.53647828102,4.5
12,2,79,3.71574020386,3.75
12,2,79,2.57439661026,3.75
12,2,106,1.14620625973,3.5
12,2,106,-0.504493713379,3.5
12,2,23,3.31774878502,5.25
12,2,23,2.30905389786,5.25
12,2,50,3.93157625198,4.75
12,2,50,3.45105743408,4.75
12,2,73,-0.743058681488,2.0
12,2,73,-1.80866193771,2.0
12,2,100,-1.77291917801,2.5
12,2,100,-1.55390489101,2.5
12,2,44,3.79377126694,3.75
12,2,44,3.94550180435,3.75
12,2,102,0.814844489098,1.75
12,2,102,-1.16408026218,1.75
12,2,19,3.81832408905,4.5
12,2,19,3.61904454231,4.5
12,2,46,2.56385016441,4.25
12,2,46,2.77847719193,4.25
12,2,69,-1.70391607285,2.25
12,2,69,-0.646334528923,2.25
12,2,96,2.01620054245,4.75
12,2,96,3.15523672104,4.75
12,2,13,3.37988090515,3.5
12,2,13,-1.03697097301,3.5
12,2,40,3.82698941231,3.5
12,2,40,2.89082527161,3.5
12,2,71,-1.17164158821,1.5
12,2,71,-1.18365931511,1.5
12,2,98,3.26495862007,2.75
12,2,98,3.21669530869,2.75
12,2,42,3.90236949921,3.5
12,2,42,3.8083691597,3.5
12,2,65,-2.0053331852,2.25
12,2,65,-2.17106771469,2.25
12,2,9,1.925801754,4.0
12,2,9,3.60379242897,4.0
12,2,36,2.6491060257,5.75
12,2,36,2.25992298126,5.75
12,2,67,4.05628967285,3.0
12,2,67,1.24442672729,3.0
12,2,11,2.8295211792,5.0
12,2,11,-0.459875375032,5.0
12,2,5,3.60642242432,5.25
12,2,5,3.57080364227,5.25
12,2,32,3.51919841766,3.25
12,2,32,3.65501642227,3.25
12,2,7,2.34600448608,5.0
12,2,7,3.48778486252,5.0
12,2,34,3.47782588005,4.25
12,2,34,3.68242931366,4.25
12,2,92,2.95151948929,3.5
12,2,92,2.45367145538,3.5
12,2,3,0.278622418642,3.75
12,2,3,0.0699352473021,3.75
12,2,94,-0.763584136963,2.5
12,2,94,-2.90950536728,2.5
12,2,88,2.93800091743,5.0
12,2,88,3.46104598045,5.0
12,2,90,-0.43720883131,3.25
12,2,90,-2.05692028999,3.25
12,2,113,3.05926990509,3.25
12,2,113,2.78476762772,3.25
12,2,57,3.9037528038,4.75
12,2,57,3.65545082092,4.75
12,2,84,-1.28094172478,4.25
12,2,84,-2.17424035072,4.25
12,2,115,0.904751420021,2.75
12,2,115,0.598323047161,2.75
12,2,28,3.13146209717,4.75
12,2,28,3.37644720078,4.75
12,2,59,1.98105120659,5.0
12,2,59,4.14980459213,5.0
12,2,86,0.93717110157,4.0
12,2,86,-0.101432442665,4.0
12,2,109,-0.307431489229,3.25
12,2,109,3.62989711761,3.25
12,2,30,3.05623698235,4.5
12,2,30,1.61491334438,4.5
12,2,53,4.21562814713,3.75
12,2,53,3.92944526672,3.75
12,2,80,3.7346534729,5.25
12,2,80,3.69090938568,5.25
12,2,111,3.72503423691,4.0
12,2,111,2.68188905716,4.0
12,2,24,3.35252904892,4.25
12,2,24,3.16325378418,4.25
12,2,55,3.88964271545,4.5
12,2,55,4.32493972778,4.5
12,2,82,-0.123391345143,2.5
12,2,82,-1.14448344707,2.5
12,2,105,3.94198322296,4.0
12,2,105,3.84630990028,4.0
12,2,26,3.19192242622,2.75
12,2,26,1.62802290916,2.75
12,2,49,3.82780981064,5.25
12,2,49,2.61265802383,5.25
12,2,107,1.53753697872,2.25
12,2,107,3.91797542572,2.25
12,2,20,3.18893623352,4.0
12,2,20,2.71757745743,4.0
12,2,51,-1.89596164227,3.0
12,2,51,-2.75503849983,3.0
12,2,78,2.83265781403,4.0
12,2,78,2.49693059921,4.0
12,2,101,-1.50026011467,3.0
12,2,101,0.0424046069384,3.0
12,2,22,3.847397089,5.0
12,2,22,3.96120119095,5.0
12,2,45,2.41813778877,4.0
12,2,45,0.944339454174,4.0
12,2,103,0.634116530418,2.5
12,2,103,0.684455275536,2.5
12,2,47,3.16315031052,4.75
12,2,47,3.5161151886,4.75
12,2,97,-1.95942640305,1.5
12,2,97,-0.161628186703,1.5
12,2,41,3.35194206238,5.25
12,2,41,3.26393127441,5.25
12,2,68,-2.66225552559,2.0
12,2,68,-1.71417582035,2.0
12,2,99,1.50965237617,3.25
12,2,99,-2.21318054199,3.25
12,2,12,3.76358222961,5.25
12,2,12,3.01684331894,5.25
12,2,43,4.13946294785,4.5
12,2,43,3.64675498009,4.5
12,2,70,-0.6610070467,1.25
12,2,70,-1.40054535866,1.25
16,2,107,3.02622485161,3.25
16,2,107,2.18121528625,3.25
16,2,78,3.04104232788,4.25
16,2,78,3.50856637955,4.25
16,2,37,4.12099123001,4.5
16,2,37,3.24553632736,4.5
16,2,109,-0.981305658817,4.5
16,2,109,1.00418531895,4.5
16,2,39,3.81261110306,2.25
16,2,39,3.90451192856,2.25
16,2,111,2.06167769432,3.5
16,2,111,1.98774182796,3.5
16,2,66,4.22868204117,5.75
16,2,66,4.28874111176,5.75
16,2,25,3.48152685165,3.0
16,2,25,3.05801105499,3.0
16,2,97,4.33377122879,2.75
16,2,97,4.12846088409,2.75
16,2,68,3.65175247192,1.25
16,2,68,2.52107381821,1.25
16,2,27,4.04123878479,4.25
16,2,27,4.02651119232,4.25
16,2,99,3.86345672607,3.25
16,2,99,3.91404247284,3.25
16,2,70,-0.264304041862,1.75
16,2,70,2.52979516983,1.75
16,2,29,4.16092205048,2.0
16,2,29,4.10220813751,2.0
16,2,101,3.81201601028,5.0
16,2,101,3.6159787178,5.0
16,2,56,3.41802215576,4.75
16,2,56,3.64222335815,4.75
16,2,31,3.41874742508,2.0
16,2,31,3.57934236526,2.0
16,2,103,3.18850708008,3.25
16,2,103,3.78081798553,3.25
16,2,58,3.12996006012,2.25
16,2,58,3.13804793358,2.25
16,2,89,-1.84110236168,1.75
16,2,89,-0.126245737076,1.75
16,2,60,3.51521515846,3.0
16,2,60,3.3798956871,3.0
16,2,91,0.924405455589,3.25
16,2,91,2.87720012665,3.25
16,2,21,3.72690081596,3.75
16,2,21,3.75702142715,3.75
16,2,93,3.19857406616,4.0
16,2,93,3.5324754715,4.0
16,2,48,4.23442602158,3.25
16,2,48,4.08981513977,3.25
16,2,23,3.59787034988,2.5
16,2,23,3.85383605957,2.5
16,2,95,3.66558456421,3.5
16,2,95,3.46415519714,3.5
16,2,50,0.526912391186,2.25
16,2,50,0.060612142086,2.25
16,2,9,4.11379146576,3.5
16,2,9,4.03080892563,3.5
16,2,81,-0.631658732891,2.5
16,2,81,-1.50211668015,2.5
16,2,52,1.87973964214,2.25
16,2,52,2.78085517883,2.25
16,2,11,3.64355134964,4.5
16,2,11,3.83768677711,4.5
16,2,83,2.08035063744,4.5
16,2,83,1.6004691124,4.5
16,2,54,2.75223302841,1.25
16,2,54,3.0523853302,1.25
16,2,13,3.78704738617,4.5
16,2,13,4.03117704391,4.5
16,2,85,0.78468644619,3.5
16,2,85,2.06192064285,3.5
16,2,40,-0.193771630526,2.0
16,2,40,2.78575539589,2.0
16,2,15,2.9932513237,4.25
16,2,15,3.82810974121,4.25
16,2,112,-0.32098454237,1.5
16,2,112,0.290055572987,1.5
16,2,87,0.408469051123,3.5
16,2,87,1.15789222717,3.5
16,2,42,1.41434979439,2.5
16,2,42,3.46942472458,2.5
16,2,114,4.28922891617,3.5
16,2,114,4.23404312134,3.5
16,2,73,2.9010515213,4.0
16,2,73,2.75635552406,4.0
16,2,44,3.94455909729,2.75
16,2,44,4.06007432938,2.75
16,2,116,2.1065967083,4.0
16,2,116,3.42535734177,4.0
16,2,46,2.45512866974,2.5
16,2,46,3.47477197647,2.5
16,2,5,1.68114960194,4.0
16,2,5,1.55280089378,4.0
16,2,77,3.56540894508,5.5
16,2,77,3.05044460297,5.5
16,2,32,4.14436721802,2.75
16,2,32,3.50654363632,2.75
16,2,7,3.81168174744,5.0
16,2,7,3.54788255692,5.0
16,2,104,2.83415532112,1.75
16,2,104,3.6394007206,1.75
16,2,79,2.0559823513,5.0
16,2,79,2.89531707764,5.0
16,2,34,3.5514857769,2.25
16,2,34,3.44802570343,2.25
16,2,106,3.88449311256,2.75
16,2,106,3.60309863091,2.75
16,2,65,4.20632076263,5.0
16,2,65,4.12388372421,5.0
16,2,36,2.16511964798,3.75
16,2,36,3.00763750076,3.75
16,2,108,-1.10278940201,2.75
16,2,108,1.56527900696,2.75
16,2,67,-1.1373090744,3.5
16,2,67,0.774703025818,3.5
16,2,38,3.08471870422,4.0
16,2,38,2.83821105957,4.0
16,2,110,3.2619342804,2.25
16,2,110,1.51647698879,2.25
16,2,69,3.16779899597,1.75
16,2,69,3.66806316376,1.75
16,2,24,4.22502994537,3.5
16,2,24,4.16921949387,3.5
16,2,96,-1.89756965637,3.5
16,2,96,1.51405513287,3.5
16,2,71,4.09748363495,4.0
16,2,71,3.95848274231,4.0
16,2,26,3.88021588326,3.25
16,2,26,4.06390237808,3.25
16,2,98,3.37525105476,4.5
16,2,98,3.4467959404,4.5
16,2,57,0.110500723124,3.0
16,2,57,2.67604994774,3.0
16,2,28,4.08882713318,3.25
16,2,28,3.98775863647,3.25
16,2,100,2.14856004715,3.25
16,2,100,-1.23798692226,3.25
16,2,59,1.50120449066,3.0
16,2,59,1.06153333187,3.0
16,2,30,3.52609395981,3.0
16,2,30,3.35272932053,3.0
16,2,102,3.6097304821,1.75
16,2,102,2.3789730072,1.75
16,2,61,3.66731858253,2.5
16,2,61,2.97955608368,2.5
16,2,88,2.945125103,3.75
16,2,88,3.09098553658,3.75
16,2,90,-0.676066279411,1.75
16,2,90,-0.344490945339,1.75
16,2,49,3.11642599106,2.75
16,2,49,2.91607308388,2.75
16,2,92,1.28472006321,2.5
16,2,92,2.3307800293,2.5
16,2,51,3.42515873909,3.5
16,2,51,3.56369686127,3.5
16,2,22,0.529613375664,1.75
16,2,22,0.798380613327,1.75
16,2,94,-0.944382071495,4.0
16,2,94,1.10663032532,4.0
16,2,53,3.47998309135,4.0
16,2,53,3.67994880676,4.0
16,2,8,1.94347679615,3.25
16,2,8,2.6547729969,3.25
16,2,80,1.9370136261,4.0
16,2,80,2.51263642311,4.0
16,2,55,3.11257767677,4.0
16,2,55,3.68745470047,4.0
16,2,10,4.20398426056,5.5
16,2,10,4.56164741516,5.5
16,2,82,4.10736513138,2.25
16,2,82,3.50715112686,2.25
16,2,41,3.58501720428,1.75
16,2,41,3.92963290215,1.75
16,2,12,3.80913519859,5.5
16,2,12,3.91731739044,5.5
16,2,113,3.23681592941,2.5
16,2,113,3.89417982101,2.5
16,2,84,-0.155550658703,3.75
16,2,84,0.316575676203,3.75
16,2,43,2.02521181107,2.25
16,2,43,3.77093935013,2.25
16,2,14,3.70067453384,4.0
16,2,14,3.81843233109,4.0
16,2,115,1.9954867363,2.75
16,2,115,2.2544131279,2.75
16,2,86,3.39090657234,4.5
16,2,86,2.88646173477,4.5
16,2,45,3.95303821564,3.0
16,2,45,4.02286338806,3.0
16,2,72,3.59981632233,2.25
16,2,72,2.57351589203,2.25
16,2,47,3.65776109695,1.75
16,2,47,3.09317445755,1.75
16,2,33,3.48652696609,1.5
16,2,33,3.41285920143,1.5
16,2,105,4.08459281921,3.75
16,2,105,2.39430952072,3.75
16,2,76,4.07587909698,3.0
16,2,76,3.86054778099,3.0
16,2,35,2.77877426147,2.5
16,2,35,3.78505277634,2.5
16,2,6,3.85264992714,4.5
16,2,6,3.61678171158,4.5
17,1,87,3.39027714729,2.5
17,1,87,3.44575071335,2.5
17,1,56,4.03935050964,3.25
17,1,56,3.53596615791,3.25
17,1,31,-0.157215565443,4.0
17,1,31,-0.0869204476476,4.0
17,1,73,4.00925636292,4.25
17,1,73,4.26665735245,4.25
17,1,17,4.32852077484,3.0
17,1,17,4.17615747452,3.0
17,1,75,-1.90469992161,1.75
17,1,75,-2.031219244,1.75
17,1,60,-0.575899839401,3.0
17,1,60,-0.509224653244,3.0
17,1,19,4.38917827606,4.0
17,1,19,4.35783052444,4.0
17,1,77,-0.857922792435,3.5
17,1,77,-0.563371956348,3.5
17,1,62,-2.26440501213,1.75
17,1,62,-1.3360363245,1.75
17,1,21,3.87180185318,2.5
17,1,21,3.31496572495,2.5
17,1,104,4.34273099899,3.25
17,1,104,4.09436607361,3.25
17,1,79,3.81155276299,3.25
17,1,79,4.18705224991,3.25
17,1,23,3.47506809235,2.5
17,1,23,3.77604055405,2.5
17,1,106,3.87908148766,2.75
17,1,106,4.0380153656,2.75
17,1,65,-0.242651045322,1.25
17,1,65,-2.20683312416,1.25
17,1,50,-2.2162976265,3.75
17,1,50,1.00790321827,3.75
17,1,9,-1.43443357944,1.5
17,1,9,-0.904625177383,1.5
17,1,108,4.25483560562,2.5
17,1,108,4.3718252182,2.5
17,1,67,-2.65952301025,3.0
17,1,67,-2.15550065041,3.0
17,1,52,3.29367637634,2.75
17,1,52,3.70417451859,2.75
17,1,11,-1.65754747391,1.5
17,1,11,-1.17985749245,1.5
17,1,110,3.56669092178,3.5
17,1,110,3.95189571381,3.5
17,1,69,3.17182731628,2.5
17,1,69,3.8280980587,2.5
17,1,54,3.87182736397,3.25
17,1,54,3.48745894432,3.25
17,1,96,3.29526042938,1.5
17,1,96,2.98342704773,1.5
17,1,40,2.17680215836,3.0
17,1,40,4.08873319626,3.0
17,1,98,-0.675387382507,3.5
17,1,98,0.977229595184,3.5
17,1,42,-1.41731715202,3.75
17,1,42,2.12524843216,3.75
17,1,100,4.38945674896,2.75
17,1,100,4.20962142944,2.75
17,1,44,3.99510717392,3.5
17,1,44,3.43536758423,3.5
17,1,102,-1.95128297806,3.75
17,1,102,2.2354156971,3.75
17,1,46,3.5594522953,4.0
17,1,46,3.54131793976,4.0
17,1,5,3.79003715515,2.75
17,1,5,3.9983792305,2.75
17,1,88,2.24793291092,4.25
17,1,88,3.32971334457,4.25
17,1,32,3.84364795685,4.5
17,1,32,3.43907046318,4.5
17,1,7,3.75347828865,2.75
17,1,7,3.63860559464,2.75
17,1,90,4.02355575562,5.5
17,1,90,3.36816310883,5.5
17,1,34,-0.696588397026,3.25
17,1,34,-0.967256307602,3.25
17,1,92,4.07313871384,5.25
17,1,92,2.96082496643,5.25
17,1,36,3.81724262238,2.75
17,1,36,3.90191030502,2.75
17,1,94,3.90460467339,3.5
17,1,94,3.38024520874,3.5
17,1,38,3.09203267097,2.25
17,1,38,1.91897571087,2.25
17,1,80,3.88093042374,4.25
17,1,80,3.4176902771,4.25
17,1,24,4.34690141678,3.25
17,1,24,4.31618833542,3.25
17,1,82,3.5928902626,5.0
17,1,82,3.94198226929,5.0
17,1,26,4.36962509155,3.0
17,1,26,1.60792171955,3.0
17,1,84,3.53459215164,4.25
17,1,84,3.72190690041,4.25
17,1,28,4.70464420319,4.25
17,1,28,4.3872833252,4.25
17,1,86,2.35586285591,4.0
17,1,86,4.28936195374,4.0
17,1,59,-1.49831175804,2.5
17,1,59,-2.34371900558,2.5
17,1,30,-1.52968645096,5.25
17,1,30,3.85857915878,5.25
17,1,72,4.11248445511,5.25
17,1,72,4.23487615585,5.25
17,1,61,3.35357904434,2.25
17,1,61,4.04645967484,2.25
17,1,74,3.63730502129,3.25
17,1,74,2.61023402214,3.25
17,1,63,3.70828771591,1.75
17,1,63,3.84270644188,1.75
17,1,18,-0.33763808012,2.75
17,1,18,3.85387325287,2.75
17,1,105,3.75969982147,3.75
17,1,105,3.91608428955,3.75
17,1,76,4.52352619171,4.5
17,1,76,4.05981588364,4.5
17,1,20,-1.10888910294,3.5
17,1,20,-1.76045560837,3.5
17,1,107,3.29437851906,3.25
17,1,107,3.93628978729,3.25
17,1,78,1.18508887291,4.25
17,1,78,3.57599306107,4.25
17,1,51,4.18817567825,3.0
17,1,51,4.20408010483,3.0
17,1,22,3.7055683136,3.0
17,1,22,3.80049204826,3.0
17,1,109,3.89441680908,2.5
17,1,109,3.83372402191,2.5
17,1,64,4.03794574738,1.0
17,1,64,3.92052340508,1.0
17,1,53,2.88905286789,2.75
17,1,53,3.3552775383,2.75
17,1,8,4.19869422913,2.75
17,1,8,3.00757217407,2.75
17,1,111,-1.99395704269,2.0
17,1,111,-1.23480451107,2.0
17,1,66,3.47036600113,0.75
17,1,66,3.3783326149,0.75
17,1,55,3.20688056946,2.5
17,1,55,3.20698571205,2.5
17,1,10,-2.34039139748,1.5
17,1,10,-1.80645561218,1.5
17,1,97,4.05567073822,2.5
17,1,97,4.05158901215,2.5
17,1,68,1.71400094032,3.75
17,1,68,-0.314634442329,3.75
17,1,41,0.92152929306,3.25
17,1,41,1.29842340946,3.25
17,1,12,3.87439012527,2.25
17,1,12,2.8917863369,2.25
17,1,99,3.26118063927,3.5
17,1,99,3.79124212265,3.5
17,1,43,4.34102249146,4.25
17,1,43,3.97809314728,4.25
17,1,14,4.16461753845,1.5
17,1,14,3.87585258484,1.5
17,1,101,4.06336784363,3.0
17,1,101,3.70603132248,3.0
17,1,45,2.23638319969,3.0
17,1,45,2.94132900238,3.0
17,1,103,0.0722484588623,3.0
17,1,103,-0.917160868645,3.0
17,1,89,-0.58842921257,3.25
17,1,89,4.03861045837,3.25
17,1,33,3.23098087311,3.75
17,1,33,1.4338914156,3.75
17,1,4,-0.741234183311,2.75
17,1,4,-0.913351356983,2.75
17,1,91,4.21764135361,3.5
17,1,91,4.00280284882,3.5
17,1,35,3.63093352318,2.5
17,1,35,3.53991794586,2.5
17,1,6,-2.02575826645,2.75
17,1,6,-2.86001324654,2.75
17,1,93,0.227021768689,3.5
17,1,93,3.44077825546,3.5
17,1,37,4.07509183884,2.5
17,1,37,3.6539850235,2.5
17,1,95,4.35899448395,5.25
17,1,95,3.79855108261,5.25
17,1,39,-2.08709144592,4.5
17,1,39,-0.870363116264,4.5
17,1,81,-1.24935996532,4.5
17,1,81,0.696698367596,4.5
17,1,25,4.14650154114,3.75
17,1,25,4.1308965683,3.75
17,1,83,0.292613148689,3.5
17,1,83,3.41362738609,3.5
17,1,27,4.5833439827,4.5
17,1,27,3.99683690071,4.5
17,1,85,-0.431079864502,4.75
17,1,85,2.29711294174,4.75
17,1,29,4.40244722366,4.0
17,1,29,4.27535963058,4.0
18,1,94,3.67487430573,2.5
18,1,94,-0.151579469442,2.5
18,1,20,0.524607300758,2.75
18,1,20,-0.858882427216,2.75
18,1,49,2.64092063904,1.5
18,1,49,1.27380347252,1.5
18,1,92,3.1257853508,2.25
18,1,92,2.96943020821,2.25
18,1,18,4.01160144806,2.75
18,1,18,3.33759355545,2.75
18,1,47,3.86823177338,1.75
18,1,47,3.84678840637,1.75
18,1,90,3.0306096077,2.5
18,1,90,-2.48280858994,2.5
18,1,16,1.78200101852,2.33333
18,1,16,2.74275660515,2.33333
18,1,45,3.04665756226,4.75
18,1,45,3.5549120903,4.75
18,1,88,3.51077628136,2.75
18,1,88,4.21820831299,2.75
18,1,43,-1.34638679028,4.25
18,1,43,-1.43320167065,4.25
18,1,86,4.04175329208,2.5
18,1,86,4.14027738571,2.5
18,1,12,3.98224425316,6.0
18,1,12,3.73649978638,6.0
18,1,41,4.57361793518,4.0
18,1,41,4.23506879807,4.0
18,1,84,2.98384737968,4.5
18,1,84,3.85660815239,4.5
18,1,10,4.06174182892,1.75
18,1,10,3.96253252029,1.75
18,1,39,4.0082192421,4.0
18,1,39,3.98559474945,4.0
18,1,82,0.715965151787,3.25
18,1,82,-0.975792825222,3.25
18,1,111,3.27045059204,2.75
18,1,111,2.25805163383,2.75
18,1,8,-2.80022573471,2.25
18,1,8,-2.68653106689,2.25
18,1,37,3.37416934967,2.75
18,1,37,3.00125074387,2.75
18,1,80,-1.47062778473,3.5
18,1,80,-1.31781196594,3.5
18,1,109,4.05769729614,3.0
18,1,109,4.02756690979,3.0
18,1,6,3.53969907761,3.5
18,1,6,3.10883522034,3.5
18,1,35,-0.949240922928,2.25
18,1,35,3.08721756935,2.25
18,1,78,-1.44611525536,2.0
18,1,78,-2.22838616371,2.0
18,1,107,3.77833366394,3.0
18,1,107,3.82162809372,3.0
18,1,4,2.65542411804,3.0
18,1,4,3.43180084229,3.0
18,1,33,-1.09401369095,1.0
18,1,33,-0.762007892132,1.0
18,1,76,-1.59577560425,2.0
18,1,76,-0.739464581013,2.0
18,1,105,3.35194087029,1.75
18,1,105,3.32680034637,1.75
18,1,2,3.22156763077,4.25
18,1,2,2.79686594009,4.25
18,1,74,-0.316915810108,1.5
18,1,74,-1.85120081902,1.5
18,1,103,-2.11670446396,2.0
18,1,103,-1.23039484024,2.0
18,1,101,1.21778273582,2.25
18,1,101,2.5781686306,2.25
18,1,62,-1.0290812254,1.5
18,1,62,-2.21902322769,1.5
18,1,99,-0.764978289604,2.5
18,1,99,-2.55138969421,2.5
18,1,60,-1.83827471733,1.0
18,1,60,-1.93777871132,1.0
18,1,68,-1.23154866695,2.5
18,1,68,-2.32489895821,2.5
18,1,97,4.00248670578,3.25
18,1,97,4.39935302734,3.25
18,1,66,3.65686869621,1.75
18,1,66,-1.34404814243,1.75
18,1,31,3.47798871994,3.75
18,1,31,3.8479180336,3.75
18,1,56,2.87155842781,3.25
18,1,56,2.47117877007,3.25
18,1,64,-2.54118537903,2.25
18,1,64,-2.37366938591,2.25
18,1,29,3.90783166885,3.75
18,1,29,3.56312012672,3.75
18,1,54,2.33726239204,1.25
18,1,54,3.01435041428,1.25
18,1,27,4.44757509232,3.75
18,1,27,4.17652797699,3.75
18,1,25,4.05036211014,3.0
18,1,25,4.23054456711,3.0
18,1,50,4.12048244476,2.25
18,1,50,0.371981024742,2.25
18,1,23,4.37620162964,2.5
18,1,23,4.43924379349,2.5
18,1,48,2.5105817318,1.75
18,1,48,1.69860827923,1.75
18,1,95,3.4572892189,4.25
18,1,95,2.99126720428,4.25
18,1,21,2.26274800301,2.5
18,1,21,3.09227466583,2.5
18,1,46,2.85578227043,2.25
18,1,46,2.56318211555,2.25
18,1,93,3.30944037437,2.0
18,1,93,3.55742883682,2.0
18,1,19,-1.93061041832,2.75
18,1,19,-1.67458057404,2.75
18,1,44,4.31852293015,2.5
18,1,44,4.18733215332,2.5
18,1,91,3.94825458527,2.5
18,1,91,3.21301388741,2.5
18,1,17,1.8944747448,3.0
18,1,17,2.7222673893,3.0
18,1,42,3.84647512436,2.5
18,1,42,3.31356477737,2.5
18,1,89,-1.24531316757,2.25
18,1,89,0.403398066759,2.25
18,1,40,-1.2288210392,4.0
18,1,40,-0.318826973438,4.0
18,1,87,4.07859516144,3.25
18,1,87,3.82388591766,3.25
18,1,112,4.0772562027,1.25
18,1,112,3.82111883163,1.25
18,1,38,4.09718322754,3.5
18,1,38,3.25420808792,3.5
18,1,85,2.22384428978,4.0
18,1,85,4.19955062866,4.0
18,1,110,3.49176025391,1.75
18,1,110,3.60100269318,1.75
18,1,11,-0.795536518097,5.75
18,1,11,-1.46165144444,5.75
18,1,36,-0.807390928268,2.25
18,1,36,-1.17928111553,2.25
18,1,83,0.986757159233,3.75
18,1,83,-1.17247629166,3.75
18,1,108,0.292212516069,2.5
18,1,108,2.77872657776,2.5
18,1,9,-1.17650485039,2.0
18,1,9,-1.41163957119,2.0
18,1,34,-1.66030812263,2.25
18,1,34,-2.37416672707,2.25
18,1,81,3.64578962326,3.75
18,1,81,-1.68018174171,3.75
18,1,106,3.60166120529,1.25
18,1,106,3.57187175751,1.25
18,1,7,4.02742671967,2.5
18,1,7,3.42766499519,2.5
18,1,32,2.91381859779,1.25
18,1,32,2.61061906815,1.25
18,1,79,-2.53355145454,2.25
18,1,79,-1.18970608711,2.25
18,1,104,3.73196268082,3.25
18,1,104,2.82900309563,3.25
18,1,5,3.32329344749,1.5
18,1,5,3.11779975891,1.5
18,1,77,-0.972890496254,1.0
18,1,77,-0.76866620779,1.0
18,1,102,3.71769547462,2.25
18,1,102,3.57356595993,2.25
18,1,3,-2.06967401505,2.25
18,1,3,-2.29523658752,2.25
18,1,75,0.536435604095,1.0
18,1,75,-0.675324380398,1.0
18,1,100,3.55080628395,3.75
18,1,100,3.75989127159,3.75
18,1,73,-1.61781549454,2.0
18,1,73,-1.54801690578,2.0
18,1,98,-2.38510155678,2.25
18,1,98,-2.62869024277,2.25
18,1,96,4.15009355545,2.5
18,1,96,4.16862869263,2.5
18,1,61,3.4521188736,3.25
18,1,61,0.223966687918,3.25
18,1,69,-0.872281193733,1.0
18,1,69,-1.01179265976,1.0
18,1,30,3.86415100098,2.75
18,1,30,3.5994811058,2.75
18,1,59,3.76095867157,1.66667
18,1,59,3.62779355049,1.66667
18,1,67,4.01574659348,1.0
18,1,67,3.33538556099,1.0
18,1,28,3.67306494713,3.25
18,1,28,4.03785991669,3.25
18,1,65,3.16087293625,1.0
18,1,65,-0.550297915936,1.0
18,1,26,4.07823514938,2.75
18,1,26,4.07958364487,2.75
18,1,55,3.54174470901,1.75
18,1,55,3.42544078827,1.75
18,1,24,4.03677415848,3.25
18,1,24,4.0214972496,3.25
18,1,53,3.91650295258,3.25
18,1,53,3.38432025909,3.25
18,1,22,4.22160720825,3.75
18,1,22,3.9468536377,3.75
18,1,51,-0.55377805233,1.25
18,1,51,-1.69380748272,1.25
