3,1,47,3.95709323883,4.25
3,1,47,3.95706582069,4.25
3,1,10,4.1693482399,2.875
3,1,10,4.16952800751,2.875
3,1,101,3.49498558044,4.375
3,1,101,3.49522614479,4.375
3,1,64,3.76240539551,5.75
3,1,64,3.7624540329,5.75
3,1,45,3.77522158623,4.25
3,1,45,3.77520179749,4.25
3,1,8,3.87966585159,3.5
3,1,8,3.87968277931,3.5
3,1,99,3.47023439407,1.5
3,1,99,3.47054052353,1.5
3,1,94,3.35510444641,3.25
3,1,94,3.35510206223,3.25
3,1,43,3.68766498566,4.0
3,1,43,3.68787288666,4.0
3,1,6,3.95372056961,4.5
3,1,6,3.95371866226,4.5
3,1,97,3.48086309433,1.25
3,1,97,3.48091578484,1.25
3,1,92,3.85181713104,3.5
3,1,92,3.85188269615,3.5
3,1,41,3.24573016167,3.25
3,1,41,3.2458524704,3.25
3,1,4,3.8962893486,3.25
3,1,4,3.89610552788,3.25
3,1,90,3.48252677917,3.75
3,1,90,3.48251605034,3.75
3,1,39,3.96390247345,5.75
3,1,39,3.96395516396,5.75
3,1,2,3.2248468399,4.5
3,1,2,3.22488808632,4.5
3,1,88,3.45426416397,4.0
3,1,88,3.45423674583,4.0
3,1,37,3.69573736191,3.125
3,1,37,3.69589233398,3.125
3,1,86,3.61515450478,4.25
3,1,86,3.61515140533,4.25
3,1,35,3.7184779644,4.375
3,1,35,3.71858811378,4.375
3,1,30,3.33311533928,4.5
3,1,30,3.33320045471,4.5
3,1,84,3.53074073792,3.75
3,1,84,3.53086090088,3.75
3,1,33,3.57714748383,3.0
3,1,33,3.57716321945,3.0
3,1,28,3.91111469269,4.75
3,1,28,3.91107845306,4.75
3,1,82,3.63794732094,3.0
3,1,82,3.63786220551,3.0
3,1,63,3.72110104561,4.75
3,1,63,3.72077679634,4.75
3,1,26,3.902572155,4.0
3,1,26,3.90254878998,4.0
3,1,80,3.46875548363,2.75
3,1,80,3.46888327599,2.75
3,1,61,3.95869636536,5.5
3,1,61,3.9587392807,5.5
3,1,24,3.78106307983,4.5
3,1,24,3.78104519844,4.5
3,1,59,3.79833507538,5.5
3,1,59,3.79800128937,5.5
3,1,22,3.8328909874,4.83333
3,1,22,3.83301973343,4.83333
3,1,57,3.88822650909,4.875
3,1,57,3.88830423355,4.875
3,1,20,3.42915296555,2.5
3,1,20,3.42914676666,2.5
3,1,79,3.52706670761,5.25
3,1,79,3.52689123154,5.25
3,1,55,3.39049243927,3.25
3,1,55,3.39057230949,3.25
3,1,18,3.65155005455,3.75
3,1,18,3.65154480934,3.75
3,1,77,3.76952505112,4.5
3,1,77,3.76963877678,4.5
3,1,16,3.78937602043,4.75
3,1,16,3.78945589066,4.75
3,1,75,3.62772941589,4.0
3,1,75,3.62788295746,4.0
3,1,51,3.67249298096,4.5
3,1,51,3.67217826843,4.5
3,1,73,3.54787540436,3.0
3,1,73,3.54768204689,3.0
3,1,49,3.82745933533,5.0
3,1,49,3.82743048668,5.0
3,1,108,3.60070228577,2.25
3,1,108,3.60087585449,2.25
3,1,71,3.32713365555,2.0
3,1,71,3.32716274261,2.0
3,1,15,3.69354629517,5.0
3,1,15,3.69362545013,5.0
3,1,106,3.32856225967,2.75
3,1,106,3.32851362228,2.75
3,1,104,3.48282599449,3.5
3,1,104,3.48286342621,3.5
3,1,102,3.66889810562,5.25
3,1,102,3.66886806488,5.25
3,1,65,3.66655254364,6.25
3,1,65,3.66669797897,6.25
3,1,46,3.51278495789,5.0
3,1,46,3.51269197464,5.0
3,1,9,3.69351863861,2.75
3,1,9,3.69370794296,2.75
3,1,100,3.60991764069,2.375
3,1,100,3.60994338989,2.375
3,1,95,3.65521335602,3.75
3,1,95,3.65520858765,3.75
3,1,44,3.35354876518,3.0
3,1,44,3.35358715057,3.0
3,1,7,4.13642215729,4.75
3,1,7,4.13647270203,4.75
3,1,98,3.27504682541,1.75
3,1,98,3.2750992775,1.75
3,1,93,3.58601856232,3.25
3,1,93,3.58592987061,3.25
3,1,5,4.15578126907,6.0
3,1,5,4.15574932098,6.0
3,1,96,3.67461633682,3.875
3,1,96,3.67455339432,3.875
3,1,91,3.60764551163,4.0
3,1,91,3.60788297653,4.0
3,1,40,3.57943797112,5.0
3,1,40,3.57932376862,5.0
3,1,3,3.71692633629,3.0
3,1,3,3.71694970131,3.0
3,1,89,3.70566105843,4.25
3,1,89,3.70585012436,4.25
3,1,38,3.70916748047,4.5
3,1,38,3.70909166336,4.5
3,1,1,3.37673187256,3.875
3,1,1,3.37663722038,3.875
3,1,87,3.66179037094,4.25
3,1,87,3.66176128387,4.25
3,1,36,3.58106470108,3.5
3,1,36,3.58117651939,3.5
3,1,31,3.50494384766,3.66667
3,1,31,3.5050201416,3.66667
3,1,85,3.56947422028,2.0
3,1,85,3.56953430176,2.0
3,1,34,3.92673110962,4.125
3,1,34,3.92679834366,4.125
3,1,29,3.9174311161,1.25
3,1,29,3.91737794876,1.25
3,1,83,3.80061101913,4.5
3,1,83,3.80061101913,4.5
3,1,32,3.36373567581,4.5
3,1,32,3.36369371414,4.5
3,1,27,3.63780069351,5.25
3,1,27,3.63790273666,5.25
3,1,81,3.72996807098,2.75
3,1,81,3.73000001907,2.75
3,1,62,3.76757764816,4.375
3,1,62,3.76735830307,4.375
3,1,25,4.24858951569,5.5
3,1,25,4.24868106842,5.5
3,1,60,3.81375455856,5.5
3,1,60,3.81384086609,5.5
3,1,23,3.64951467514,3.875
3,1,23,3.64949965477,3.875
3,1,58,3.60169363022,4.5
3,1,58,3.60157489777,4.5
3,1,21,3.88308429718,4.5
3,1,21,3.88303613663,4.5
3,1,56,3.29526901245,4.0
3,1,56,3.29517412186,4.0
3,1,19,3.61656332016,4.125
3,1,19,3.61656546593,4.125
3,1,78,3.68226194382,5.25
3,1,78,3.6821475029,5.25
3,1,17,3.92772102356,5.0
3,1,17,3.92773723602,5.0
3,1,76,3.60262537003,4.0
3,1,76,3.60255503654,4.0
3,1,52,3.83970665932,3.5
3,1,52,3.83964729309,3.5
3,1,74,3.60446429253,4.0
3,1,74,3.60432577133,4.0
3,1,50,3.77076745033,4.66667
3,1,50,3.77067255974,4.66667
3,1,48,3.83533763885,2.5
3,1,48,3.83551359177,2.5
3,1,107,3.47256088257,5.25
3,1,107,3.4725227356,5.25
3,1,70,3.38659334183,2.75
3,1,70,3.38637828827,2.75
3,1,14,3.38796901703,3.75
3,1,14,3.38802337646,3.75
3,1,105,3.25830078125,1.25
3,1,105,3.25829792023,1.25
3,1,103,3.29308056831,1.5
3,1,103,3.29291009903,1.5
3,1,66,3.37949943542,3.0
3,1,66,3.37939977646,3.0
3,2,82,3.21457099915,3.25
3,2,82,3.2145819664,3.25
3,2,61,3.62526416779,4.375
3,2,61,3.62531518936,4.375
3,2,80,3.51439023018,4.75
3,2,80,3.51450252533,4.75
3,2,30,2.88675069809,3.625
3,2,30,2.88675045967,3.625
3,2,35,3.14642381668,3.875
3,2,35,3.14635038376,3.875
3,2,86,3.24206972122,2.75
3,2,86,3.24211454391,2.75
3,2,28,3.12105560303,4.0
3,2,28,3.12093400955,4.0
3,2,33,3.68497943878,5.0
3,2,33,3.68500876427,5.0
3,2,84,3.11849117279,4.0
3,2,84,3.1185708046,4.0
3,2,2,3.24213933945,1.875
3,2,2,3.24228477478,1.875
3,2,39,3.3901424408,4.25
3,2,39,3.39019680023,4.25
3,2,90,3.39213895798,4.25
3,2,90,3.39203476906,4.25
3,2,37,3.3521270752,2.25
3,2,37,3.35216093063,2.25
3,2,88,3.66616225243,4.0
3,2,88,3.66614723206,4.0
3,2,6,3.31655025482,5.25
3,2,6,3.31662487984,5.25
3,2,43,3.15166378021,4.0
3,2,43,3.15149784088,4.0
3,2,94,3.82440686226,3.75
3,2,94,3.82445216179,3.75
3,2,99,3.62196540833,2.625
3,2,99,3.62201523781,2.625
3,2,41,3.54176998138,3.5
3,2,41,3.54179787636,3.5
3,2,92,3.30326604843,3.25
3,2,92,3.30304527283,3.25
3,2,97,3.51060533524,5.0
3,2,97,3.51068115234,5.0
3,2,10,3.30257034302,4.0
3,2,10,3.30240893364,4.0
3,2,47,3.48057413101,3.875
3,2,47,3.48061180115,3.875
3,2,66,3.47617101669,3.75
3,2,66,3.47625827789,3.75
3,2,103,3.78253698349,4.0
3,2,103,3.78277015686,4.0
3,2,8,3.38341236115,6.0
3,2,8,3.38340544701,6.0
3,2,45,3.365899086,3.25
3,2,45,3.36580109596,3.25
3,2,64,3.30492019653,2.375
3,2,64,3.30511808395,2.375
3,2,101,3.53774404526,3.125
3,2,101,3.53777647018,3.125
3,2,14,3.29623937607,3.75
3,2,14,3.29629039764,3.75
3,2,70,3.27682709694,3.66667
3,2,70,3.27693223953,3.66667
3,2,107,3.10046815872,4.625
3,2,107,3.10062837601,4.625
3,2,12,3.73133802414,5.25
3,2,12,3.73148965836,5.25
3,2,68,3.34754538536,5.5
3,2,68,3.34755110741,5.5
3,2,105,3.48170280457,3.5
3,2,105,3.48168158531,3.5
3,2,50,3.81794095039,3.75
3,2,50,3.81788539886,3.75
3,2,74,3.56048846245,3.25
3,2,74,3.56059241295,3.25
3,2,111,3.56547784805,3.5
3,2,111,3.56542730331,3.5
3,2,48,3.21699738503,4.25
3,2,48,3.21689891815,4.25
3,2,109,3.16077280045,1.95833
3,2,109,3.16070079803,1.95833
3,2,78,3.79708099365,2.75
3,2,78,3.7971804142,2.75
3,2,52,3.41153383255,1.5
3,2,52,3.41153717041,1.5
3,2,56,3.42123222351,4.25
3,2,56,3.42129826546,4.25
3,2,112,3.14386582375,4.0
3,2,112,3.14397144318,4.0
3,2,62,3.73391795158,5.25
3,2,62,3.73395943642,5.25
3,2,27,3.51184940338,4.0
3,2,27,3.51157212257,4.0
3,2,60,3.28758001328,3.75
3,2,60,3.28775501251,3.75
3,2,83,3.68099093437,4.25
3,2,83,3.68096446991,4.25
3,2,34,3.29451656342,3.5
3,2,34,3.29442429543,3.5
3,2,81,3.5284485817,4.375
3,2,81,3.52837848663,4.375
3,2,31,3.50385332108,3.25
3,2,31,3.50383520126,3.25
3,2,32,3.58358073235,3.25
3,2,32,3.58373880386,3.25
3,2,87,3.21713876724,3.75
3,2,87,3.21726512909,3.75
3,2,29,3.09727883339,4.0
3,2,29,3.09721064568,4.0
3,2,38,3.81163311005,3.25
3,2,38,3.8116080761,3.25
3,2,85,3.31750822067,3.25
3,2,85,3.31762266159,3.25
3,2,36,3.4580104351,2.75
3,2,36,3.45794963837,2.75
3,2,91,3.69489502907,4.5
3,2,91,3.69505262375,4.5
3,2,42,3.06019449234,2.5
3,2,42,3.06019878387,2.5
3,2,89,3.64386463165,3.25
3,2,89,3.64392328262,3.25
3,2,98,3.58126544952,4.5
3,2,98,3.5813627243,4.5
3,2,7,3.20782804489,6.0
3,2,7,3.20786523819,6.0
3,2,40,3.38297224045,2.75
3,2,40,3.38296699524,2.75
3,2,95,3.2576956749,1.5
3,2,95,3.25781393051,1.5
3,2,96,3.28757333755,3.125
3,2,96,3.28745031357,3.125
3,2,5,3.22371101379,3.25
3,2,5,3.22378969193,3.25
3,2,46,3.15871953964,4.5
3,2,46,3.15888476372,4.5
3,2,93,3.74733781815,5.0
3,2,93,3.7473731041,5.0
3,2,102,3.6034476757,2.0
3,2,102,3.60362815857,2.0
3,2,11,3.25377082825,4.125
3,2,11,3.25369930267,4.125
3,2,44,2.98687314987,5.0
3,2,44,2.98698973656,5.0
3,2,67,3.92328023911,5.25
3,2,67,3.92355108261,5.25
3,2,100,3.40860176086,1.25
3,2,100,3.40857696533,1.25
3,2,9,3.33454942703,4.5
3,2,9,3.33437252045,4.5
3,2,65,3.26528191566,3.0
3,2,65,3.26507616043,3.0
3,2,106,3.47007846832,3.875
3,2,106,3.47009658813,3.875
3,2,71,3.40333271027,2.375
3,2,71,3.40338683128,2.375
3,2,104,2.99803566933,3.5
3,2,104,2.99799060822,3.5
3,2,13,3.81446552277,5.0
3,2,13,3.81452894211,5.0
3,2,69,2.93619275093,1.25
3,2,69,2.93620657921,1.25
3,2,110,3.47338533401,4.25
3,2,110,3.4734351635,4.25
3,2,51,3.61397171021,4.0
3,2,51,3.61401057243,4.0
3,2,108,3.38262629509,4.0
3,2,108,3.38257884979,4.0
3,2,49,3.37520074844,2.75
3,2,49,3.37528133392,2.75
3,2,73,3.57224559784,3.75
3,2,73,3.57232189178,3.75
3,2,55,3.57308101654,3.33333
3,2,55,3.57313990593,3.33333
3,2,79,3.28995871544,3.75
3,2,79,3.28986740112,3.75
3,2,53,3.48099470139,4.5
3,2,53,3.48108816147,4.5
3,2,77,3.58737707138,2.25
3,2,77,3.58717489243,2.25
3,2,59,3.44824409485,2.25
3,2,59,3.44819426537,2.25
3,2,113,3.43938541412,3.0
3,2,113,3.43935704231,3.0
3,2,26,3.1644411087,2.5
3,2,26,3.16454029083,2.5
3,2,63,3.0170609951,1.25
3,2,63,3.01711988449,1.25
4,1,29,2.66445350647,3.0
4,1,29,2.66480493546,3.0
4,1,58,2.92990469933,2.25
4,1,58,2.92986106873,2.25
4,1,85,2.89578533173,2.5
4,1,85,2.89578771591,2.5
4,1,114,2.77513003349,1.5
4,1,114,2.77516198158,1.5
4,1,31,2.74830055237,2.25
4,1,31,2.74841833115,2.25
4,1,36,2.51172089577,0.875
4,1,36,2.51163673401,0.875
4,1,87,2.80652475357,3.25
4,1,87,2.80650162697,3.25
4,1,25,2.5635843277,1.5
4,1,25,2.56360912323,1.5
4,1,38,2.80550646782,2.5
4,1,38,2.80531573296,2.5
4,1,81,2.82739925385,3.0
4,1,81,2.82735204697,3.0
4,1,27,2.42718839645,2.75
4,1,27,2.42719697952,2.75
4,1,32,2.63064575195,1.5
4,1,32,2.63059282303,1.5
4,1,83,2.74187016487,3.25
4,1,83,2.74210119247,3.25
4,1,5,2.52160739899,1.0
4,1,5,2.5214972496,1.0
4,1,34,2.54698419571,1.5
4,1,34,2.54705119133,1.5
4,1,93,2.86187267303,3.0
4,1,93,2.86188030243,3.0
4,1,7,2.42950725555,1.75
4,1,7,2.42956256866,1.75
4,1,95,2.81529927254,3.5
4,1,95,2.81544160843,3.5
4,1,100,2.8603272438,0.75
4,1,100,2.86050844193,0.75
4,1,46,3.13176107407,3.75
4,1,46,3.13169145584,3.75
4,1,89,2.84605836868,1.75
4,1,89,2.84592056274,1.75
4,1,102,2.65358448029,1.5
4,1,102,2.65347552299,1.5
4,1,3,2.59160113335,3.5
4,1,3,2.59184145927,3.5
4,1,40,2.99772262573,4.0
4,1,40,2.99761295319,4.0
4,1,91,2.79654145241,2.25
4,1,91,2.79653811455,2.25
4,1,96,2.86405038834,2.75
4,1,96,2.86400985718,2.75
4,1,13,2.5757124424,1.5
4,1,13,2.57547473907,1.5
4,1,42,2.61564683914,1.75
4,1,42,2.61570549011,1.75
4,1,69,3.38945102692,5.5
4,1,69,3.38967871666,5.5
4,1,98,2.93757891655,3.25
4,1,98,2.93757772446,3.25
4,1,15,2.59404659271,0.75
4,1,15,2.59399604797,0.75
4,1,71,3.33919000626,2.125
4,1,71,3.33911728859,2.125
4,1,108,2.92612314224,3.25
4,1,108,2.92622089386,3.25
4,1,9,2.40132927895,1.0
4,1,9,2.40123391151,1.0
4,1,65,2.96264600754,4.75
4,1,65,2.96266460419,4.75
4,1,110,2.83411169052,4.0
4,1,110,2.83430051804,4.0
4,1,11,2.63276433945,1.0
4,1,11,2.63289690018,1.0
4,1,67,2.79272603989,1.75
4,1,67,2.79295611382,1.75
4,1,104,2.71235203743,1.25
4,1,104,2.7123837471,1.25
4,1,53,3.04865431786,2.5
4,1,53,3.04871201515,2.5
4,1,77,3.01774501801,2.625
4,1,77,3.01776599884,2.625
4,1,106,2.76383495331,2.125
4,1,106,2.76373457909,2.125
4,1,55,3.11579275131,2.5
4,1,55,3.11564683914,2.5
4,1,79,3.18628692627,6.75
4,1,79,3.18621039391,6.75
4,1,49,3.17127037048,4.25
4,1,49,3.17123270035,4.25
4,1,73,3.14319729805,4.25
4,1,73,3.14331579208,4.25
4,1,22,2.57062578201,1.25
4,1,22,2.57051920891,1.25
4,1,51,3.10927295685,2.75
4,1,51,3.1090760231,2.75
4,1,75,3.04974937439,4.75
4,1,75,3.04995298386,4.75
4,1,16,2.44869565964,1.0
4,1,16,2.44898319244,1.0
4,1,117,2.85573863983,1.25
4,1,117,2.85599136353,1.25
4,1,63,2.49497175217,1.0
4,1,63,2.49491000175,1.0
4,1,28,2.65729284286,2.625
4,1,28,2.65715765953,2.625
4,1,57,3.07502889633,2.75
4,1,57,3.07501649857,2.75
4,1,84,2.80141305923,2.5
4,1,84,2.80152750015,2.5
4,1,113,2.84624052048,3.25
4,1,113,2.84629297256,3.25
4,1,30,2.63216471672,1.125
4,1,30,2.63212537766,1.125
4,1,59,2.9849729538,1.875
4,1,59,2.98497271538,1.875
4,1,86,2.70046186447,1.66667
4,1,86,2.70030331612,1.66667
4,1,115,2.76410245895,3.5
4,1,115,2.76409578323,3.5
4,1,24,2.60070776939,2.0
4,1,24,2.60044908524,2.0
4,1,37,2.8437795639,2.25
4,1,37,2.84381151199,2.25
4,1,80,2.83559966087,3.5
4,1,80,2.83562088013,3.5
4,1,26,2.9829955101,4.375
4,1,26,2.98312950134,4.375
4,1,39,2.84560465813,2.5
4,1,39,2.84557557106,2.5
4,1,82,2.89740753174,6.5
4,1,82,2.89743542671,6.5
4,1,4,2.43623733521,1.5
4,1,4,2.43631839752,1.5
4,1,33,2.59193301201,1.5
4,1,33,2.59198689461,1.5
4,1,92,2.73793411255,2.0
4,1,92,2.7380194664,2.0
4,1,6,2.52060866356,1.5
4,1,6,2.52050161362,1.5
4,1,35,2.56507611275,1.75
4,1,35,2.56499958038,1.75
4,1,94,2.71759104729,1.5
4,1,94,2.71750044823,1.5
4,1,45,2.90965342522,2.125
4,1,45,2.90973305702,2.125
4,1,88,2.69583415985,1.5
4,1,88,2.69603323936,1.5
4,1,101,2.71094632149,3.875
4,1,101,2.71091341972,3.875
4,1,47,2.94548749924,2.125
4,1,47,2.9455280304,2.125
4,1,90,2.90402650833,1.375
4,1,90,2.90440797806,1.375
4,1,103,2.82923460007,1.0
4,1,103,2.82935619354,1.0
4,1,12,2.54440331459,2.5
4,1,12,2.54442596436,2.5
4,1,41,3.11952376366,2.5
4,1,41,3.11949110031,2.5
4,1,68,3.12841415405,5.5
4,1,68,3.12841558456,5.5
4,1,97,2.73145389557,1.625
4,1,97,2.7314555645,1.625
4,1,70,2.93302059174,5.25
4,1,70,2.93290519714,5.25
4,1,99,2.95754432678,2.375
4,1,99,2.9575650692,2.375
4,1,8,2.48535227776,0.75
4,1,8,2.48527097702,0.75
4,1,64,2.95838928223,3.5
4,1,64,2.95849490166,3.5
4,1,109,2.85004329681,2.75
4,1,109,2.85010027885,2.75
4,1,10,2.52357602119,3.0
4,1,10,2.52370643616,3.0
4,1,66,2.48074889183,1.0
4,1,66,2.48058962822,1.0
4,1,111,2.86118364334,3.5
4,1,111,2.86119556427,3.5
4,1,52,3.24564790726,3.25
4,1,52,3.24564552307,3.25
4,1,105,2.93342518806,3.625
4,1,105,2.93358397484,3.625
4,1,54,3.16483998299,3.375
4,1,54,3.16497707367,3.375
4,1,78,2.75405836105,3.25
4,1,78,2.75414443016,3.25
4,1,48,2.97966718674,1.5
4,1,48,2.97971868515,1.5
4,1,72,2.62134051323,2.375
4,1,72,2.62135601044,2.375
4,1,50,3.0477206707,2.0
4,1,50,3.0476770401,2.0
4,1,74,2.90187287331,3.5
4,1,74,2.90184020996,3.5
4,1,23,2.45169568062,1.0
4,1,23,2.45150065422,1.0
4,1,116,3.00881099701,1.75
4,1,116,3.00865936279,1.75
4,1,118,2.85920763016,4.5
4,1,118,2.85899782181,4.5
4,1,56,3.05217170715,2.0
4,1,56,3.05220842361,2.0
4,1,112,2.89106416702,1.0
4,1,112,2.8909330368,1.0
7,1,40,5.77380371094,5.5
7,1,40,5.73678541183,5.5
7,1,3,4.42771100998,4.75
7,1,3,4.40591573715,4.75
7,1,102,3.61044597626,4.25
7,1,102,3.60591983795,4.25
7,1,46,5.54603862762,4.0
7,1,46,5.49525642395,4.0
7,1,1,4.03651380539,3.5
7,1,1,4.01463222504,3.5
7,1,44,4.405356884,6.25
7,1,44,4.36207199097,6.25
7,1,7,4.6064915657,2.25
7,1,7,4.62814044952,2.25
7,1,90,4.04184436798,4.0
7,1,90,3.99767827988,4.0
7,1,34,5.32189369202,5.5
7,1,34,5.2854385376,5.5
7,1,5,4.1311621666,4.75
7,1,5,4.13619995117,4.75
7,1,88,4.1485786438,6.5
7,1,88,4.08615684509,6.5
7,1,32,5.15326595306,3.75
7,1,32,5.11764335632,3.75
7,1,94,4.43075323105,3.0
7,1,94,4.39335632324,3.0
7,1,38,4.23656654358,3.5
7,1,38,4.21670866013,3.5
7,1,92,3.92942619324,5.75
7,1,92,3.89919495583,5.75
7,1,36,3.68004131317,4.25
7,1,36,3.6423830986,4.25
7,1,82,4.55973720551,5.25
7,1,82,4.52299785614,5.25
7,1,26,5.41197729111,3.0
7,1,26,5.32398509979,3.0
7,1,80,4.34801292419,2.0
7,1,80,4.34046030045,2.0
7,1,24,4.9868927002,5.0
7,1,24,4.92824888229,5.0
7,1,86,4.7307138443,3.25
7,1,86,4.62251472473,3.25
7,1,59,4.10723638535,5.25
7,1,59,4.08903455734,5.25
7,1,30,4.28894138336,3.0
7,1,30,4.25071430206,3.0
7,1,84,3.46322751045,4.75
7,1,84,3.48888492584,4.75
7,1,57,5.1451177597,4.25
7,1,57,5.08394432068,4.25
7,1,28,4.7835521698,5.25
7,1,28,4.74970674515,5.25
7,1,74,4.60446882248,4.25
7,1,74,4.56024265289,4.25
7,1,63,4.4670715332,5.5
7,1,63,4.41797637939,5.5
7,1,18,5.0786151886,6.0
7,1,18,5.03948688507,6.0
7,1,72,4.34155845642,2.0
7,1,72,4.31012392044,2.0
7,1,61,4.46300411224,5.0
7,1,61,4.47182416916,5.0
7,1,107,3.82919955254,4.0
7,1,107,3.83704710007,4.0
7,1,78,3.10947203636,4.0
7,1,78,3.09416770935,4.0
7,1,51,5.39251708984,3.5
7,1,51,5.37161254883,3.5
7,1,22,4.43391704559,3.75
7,1,22,4.39184617996,3.75
7,1,105,4.40474700928,4.75
7,1,105,4.44649553299,4.75
7,1,76,5.17558097839,2.75
7,1,76,5.12854671478,2.75
7,1,49,4.80190992355,4.5
7,1,49,4.774995327,4.5
7,1,20,4.8693447113,5.25
7,1,20,4.79692363739,5.25
7,1,66,3.10353302956,4.25
7,1,66,3.12174987793,4.25
7,1,55,3.97084355354,2.5
7,1,55,3.95685887337,2.5
7,1,10,3.88694596291,2.75
7,1,10,3.92495799065,2.75
7,1,109,3.4604511261,6.25
7,1,109,3.49813079834,6.25
7,1,64,3.50959587097,5.0
7,1,64,3.47488927841,5.0
7,1,53,5.61906957626,5.5
7,1,53,5.57043933868,5.5
7,1,8,4.52717924118,4.5
7,1,8,4.56799554825,4.5
7,1,70,4.15769767761,5.5
7,1,70,4.15029525757,5.5
7,1,43,5.36425018311,3.5
7,1,43,5.30929851532,3.5
7,1,14,2.57553839684,1.75
7,1,14,2.64827370644,1.75
7,1,97,3.28135251999,5.5
7,1,97,3.30945539474,5.5
7,1,68,3.62308907509,4.25
7,1,68,3.59455728531,4.25
7,1,41,5.08529853821,4.75
7,1,41,5.08574962616,4.75
7,1,12,2.59866142273,5.0
7,1,12,2.64233398438,5.0
7,1,103,3.63750100136,3.25
7,1,103,3.66050958633,3.25
7,1,47,5.47555732727,4.5
7,1,47,5.51539945602,4.5
7,1,2,4.63367319107,5.5
7,1,2,4.62386322021,5.5
7,1,101,3.71457648277,4.0
7,1,101,3.72693109512,4.0
7,1,45,5.03121519089,4.5
7,1,45,5.00525808334,4.5
7,1,35,4.58531188965,6.0
7,1,35,4.58124446869,6.0
7,1,89,3.99623203278,5.25
7,1,89,3.95631313324,5.25
7,1,33,4.92369508743,4.75
7,1,33,4.89989042282,4.75
7,1,4,4.98848485947,3.25
7,1,4,4.94464874268,3.25
7,1,95,4.52659893036,4.75
7,1,95,4.54085874557,4.75
7,1,39,5.06626415253,5.5
7,1,39,5.0481338501,5.5
7,1,93,4.84921741486,4.25
7,1,93,4.8265171051,4.25
7,1,37,4.46097707748,4.25
7,1,37,4.4124341011,4.25
7,1,83,4.35601663589,4.75
7,1,83,4.34517669678,4.75
7,1,27,5.17938709259,4.25
7,1,27,5.13862991333,4.25
7,1,81,4.78210067749,4.0
7,1,81,4.74409770966,4.0
7,1,25,4.27985239029,4.5
7,1,25,4.22303009033,4.5
7,1,31,4.28019189835,4.5
7,1,31,4.28480148315,4.5
7,1,58,4.15278434753,6.0
7,1,58,4.13734436035,6.0
7,1,29,4.99324083328,4.25
7,1,29,4.98165798187,4.25
7,1,75,4.65708637238,4.75
7,1,75,4.61551237106,4.75
7,1,19,4.60213565826,4.75
7,1,19,4.54938936234,4.75
7,1,73,4.18396282196,1.0
7,1,73,4.13536643982,1.0
7,1,62,3.97239160538,4.5
7,1,62,3.93848419189,4.5
7,1,79,4.00645303726,3.0
7,1,79,3.98326683044,3.0
7,1,60,4.01013088226,3.25
7,1,60,4.00584459305,3.25
7,1,23,4.62664318085,4.0
7,1,23,4.60810756683,4.0
7,1,106,4.78330802917,4.75
7,1,106,4.77917003632,4.75
7,1,50,5.32611560822,5.0
7,1,50,5.27954006195,5.0
7,1,104,3.81323671341,4.75
7,1,104,3.8073079586,4.75
7,1,67,3.22600722313,4.75
7,1,67,3.18004465103,4.75
7,1,48,5.47253799438,1.5
7,1,48,5.45475101471,1.5
7,1,11,3.20480108261,1.75
7,1,11,3.28857159615,1.75
7,1,65,2.3394446373,5.25
7,1,65,2.37205147743,5.25
7,1,54,4.54279899597,5.5
7,1,54,4.49978160858,5.5
7,1,9,3.93829011917,2.0
7,1,9,3.93027067184,2.0
7,1,108,4.06118631363,2.75
7,1,108,4.06049776077,2.75
7,1,71,3.95050096512,4.75
7,1,71,3.91595745087,4.75
7,1,52,5.5290555954,0.75
7,1,52,5.50561618805,0.75
7,1,98,4.14907026291,3.25
7,1,98,4.11748886108,3.25
7,1,69,4.0690112114,5.5
7,1,69,4.06436634064,5.5
7,1,42,5.85124921799,3.0
7,1,42,5.80620908737,3.0
7,1,13,2.8633711338,3.0
7,1,13,2.93151593208,3.0
7,1,96,4.22125864029,5.5
7,1,96,4.25086784363,5.5
7,2,77,4.21358060837,4.25
7,2,77,4.24154567719,4.25
7,2,102,5.09477138519,5.25
7,2,102,5.09385871887,5.25
7,2,3,4.57095241547,5.75
7,2,3,4.57452583313,5.75
7,2,75,4.20374965668,3.5
7,2,75,4.24243307114,3.5
7,2,100,3.591547966,1.75
7,2,100,3.57777404785,1.75
7,2,1,3.62265586853,4.25
7,2,1,3.61393213272,4.25
7,2,73,3.87217950821,3.25
7,2,73,3.88286519051,3.25
7,2,98,5.04904031754,3.75
7,2,98,5.0543346405,3.75
7,2,63,4.65348720551,5.25
7,2,63,4.6298418045,5.25
7,2,71,4.13913249969,4.0
7,2,71,4.14991664886,4.0
7,2,96,5.26655101776,3.5
7,2,96,5.24345302582,3.5
7,2,61,4.04365825653,5.5
7,2,61,4.01669025421,5.5
7,2,69,4.52537155151,4.25
7,2,69,4.48707675934,4.25
7,2,30,4.69663906097,3.0
7,2,30,4.72142982483,3.0
7,2,28,5.26143598557,5.75
7,2,28,5.26661968231,5.75
7,2,57,3.90191936493,1.5
7,2,57,3.90663194656,1.5
7,2,65,4.04157400131,5.0
7,2,65,3.99541831017,5.0
7,2,26,5.10429668427,4.25
7,2,26,5.08220052719,4.25
7,2,55,4.14674711227,4.0
7,2,55,4.10944652557,4.0
7,2,24,4.78462362289,3.75
7,2,24,4.79514694214,3.75
7,2,53,4.77121353149,5.0
7,2,53,4.74884176254,5.0
7,2,22,5.04242372513,3.0
7,2,22,4.98724794388,3.0
7,2,51,4.37378787994,4.75
7,2,51,4.35385227203,4.75
7,2,94,4.72691965103,3.25
7,2,94,4.74214839935,3.25
7,2,20,4.88911437988,5.5
7,2,20,4.85838699341,5.5
7,2,49,5.44039440155,4.0
7,2,49,5.4248085022,4.0
7,2,92,4.55177783966,4.66667
7,2,92,4.57903575897,4.66667
7,2,18,4.7019701004,3.5
7,2,18,4.69706392288,3.5
7,2,47,5.17326641083,4.0
7,2,47,5.16583776474,4.0
7,2,90,5.30371761322,4.0
7,2,90,5.3959736824,4.0
7,2,16,4.57604122162,5.0
7,2,16,4.59911441803,5.0
7,2,45,4.66656589508,2.5
7,2,45,4.65513324738,2.5
7,2,88,5.56831455231,5.0
7,2,88,5.56297206879,5.0
7,2,14,5.31958627701,5.5
7,2,14,5.31267929077,5.5
7,2,43,4.46489238739,2.75
7,2,43,4.46957015991,2.75
7,2,86,4.97599601746,2.5
7,2,86,4.97370624542,2.5
7,2,12,4.45273542404,4.25
7,2,12,4.4815788269,4.25
7,2,84,4.73573875427,3.75
7,2,84,4.71375703812,3.75
7,2,10,4.27098321915,4.0
7,2,10,4.28738164902,4.0
7,2,39,4.44891500473,4.0
7,2,39,4.43945074081,4.0
7,2,82,5.00106334686,3.25
7,2,82,5.05215454102,3.25
7,2,8,4.35305213928,4.0
7,2,8,4.37949180603,4.0
7,2,37,4.32663202286,3.5
7,2,37,4.30000305176,3.5
7,2,80,5.07786846161,4.0
7,2,80,5.08667898178,4.0
7,2,109,4.05681180954,5.25
7,2,109,4.10219478607,5.25
7,2,6,5.56772041321,4.0
7,2,6,5.55533218384,4.0
7,2,35,3.82736897469,3.5
7,2,35,3.82712459564,3.5
7,2,78,4.01483726501,5.0
7,2,78,4.01210212708,5.0
7,2,107,5.85707092285,4.5
7,2,107,5.88906574249,4.5
7,2,4,4.02153110504,3.0
7,2,4,4.00947475433,3.0
7,2,33,4.08762121201,1.5
7,2,33,4.10092973709,1.5
7,2,76,5.53090810776,4.5
7,2,76,5.54163265228,4.5
7,2,105,5.74853992462,3.0
7,2,105,5.7941865921,3.0
7,2,2,3.7771229744,2.75
7,2,2,3.81078839302,2.75
7,2,74,4.5397605896,2.5
7,2,74,4.57647657394,2.5
7,2,103,5.00415039062,4.25
7,2,103,5.05708217621,4.25
7,2,72,5.32751655579,4.25
7,2,72,5.29192590714,4.25
7,2,70,4.14512491226,3.25
7,2,70,4.19129419327,3.25
7,2,99,4.98521184921,4.25
7,2,99,5.0390996933,4.25
7,2,60,3.85014557838,4.0
7,2,60,3.83749580383,4.0
7,2,68,4.0397977829,6.5
7,2,68,3.99710655212,6.5
7,2,97,4.38448619843,3.0
7,2,97,4.39912986755,3.0
7,2,58,3.7428817749,4.0
7,2,58,3.70675444603,4.0
7,2,66,4.52966403961,5.5
7,2,66,4.53493356705,5.5
7,2,31,5.0550069809,3.75
7,2,31,5.06525421143,3.75
7,2,56,3.74850654602,4.75
7,2,56,3.71594285965,4.75
7,2,64,3.11548542976,3.25
7,2,64,3.08508300781,3.25
7,2,29,4.90738630295,1.75
7,2,29,4.90945863724,1.75
7,2,27,4.94875717163,4.25
7,2,27,4.95359373093,4.25
7,2,52,4.46370744705,3.25
7,2,52,4.44495201111,3.25
7,2,25,5.09146881104,4.75
7,2,25,5.09584522247,4.75
7,2,50,5.07580280304,4.25
7,2,50,5.03119468689,4.25
7,2,23,4.43263483047,1.75
7,2,23,4.44922494888,1.75
7,2,48,4.89043331146,3.75
7,2,48,4.85088157654,3.75
7,2,95,4.43893814087,2.5
7,2,95,4.47349071503,2.5
7,2,21,4.60682535172,1.5
7,2,21,4.572742939,1.5
7,2,46,4.34166765213,4.75
7,2,46,4.34423446655,4.75
7,2,93,4.68976593018,4.75
7,2,93,4.68114566803,4.75
7,2,19,4.6476354599,4.5
7,2,19,4.64647006989,4.5
7,2,44,4.32606601715,4.5
7,2,44,4.30635881424,4.5
7,2,91,5.0076713562,3.75
7,2,91,5.03169775009,3.75
7,2,17,4.44127035141,6.0
7,2,17,4.40219974518,6.0
7,2,42,5.68273544312,3.0
7,2,42,5.69338989258,3.0
7,2,89,4.67541408539,3.0
7,2,89,4.67274093628,3.0
7,2,40,5.05038881302,5.25
7,2,40,5.0771818161,5.25
7,2,87,5.63431549072,4.5
7,2,87,5.68431663513,4.5
7,2,13,4.12615633011,4.75
7,2,13,4.14411640167,4.75
7,2,38,4.90128421783,5.25
7,2,38,4.88928318024,5.25
7,2,85,5.14656352997,2.5
7,2,85,5.17950344086,2.5
7,2,110,3.7278470993,4.75
7,2,110,3.73311924934,4.75
7,2,11,3.11797261238,2.75
7,2,11,3.151065588,2.75
7,2,36,4.6539106369,2.5
7,2,36,4.60654497147,2.5
7,2,83,5.51725387573,5.0
7,2,83,5.51099872589,5.0
7,2,108,4.39227485657,5.5
7,2,108,4.41657829285,5.5
7,2,9,4.93718910217,4.0
7,2,9,4.98033428192,4.0
7,2,34,4.17535400391,4.25
7,2,34,4.18330764771,4.25
7,2,106,5.1316037178,6.25
7,2,106,5.16966676712,6.25
7,2,7,4.90372753143,5.0
7,2,7,4.86225891113,5.0
7,2,32,5.15989875793,4.5
7,2,32,5.17788076401,4.5
7,2,104,4.17174625397,3.5
7,2,104,4.13735485077,3.5
7,2,5,4.09824895859,3.25
7,2,5,4.09910869598,3.25
8,1,34,2.90461111069,2.5
8,1,34,2.94091629982,2.5
8,1,7,2.84712290764,1.0
8,1,7,2.84293365479,1.0
8,1,94,2.70623636246,1.75
8,1,94,2.75518870354,1.75
8,1,21,2.85499930382,1.75
8,1,21,2.87243032455,1.75
8,1,35,3.07915401459,3.0
8,1,35,3.11908435822,3.0
8,1,49,2.905854702,2.25
8,1,49,2.95881509781,2.25
8,1,8,2.79645442963,1.0
8,1,8,2.83244276047,1.0
8,1,95,2.77030825615,2.25
8,1,95,2.8446419239,2.25
8,1,22,2.96902298927,3.5
8,1,22,3.00139784813,3.5
8,1,36,2.84605336189,3.75
8,1,36,2.91100788116,3.75
8,1,50,2.70545196533,1.0
8,1,50,2.76361036301,1.0
8,1,9,3.05877447128,2.0
8,1,9,3.03068900108,2.0
8,1,64,2.81516218185,1.25
8,1,64,2.86589360237,1.25
8,1,23,3.1815097332,3.25
8,1,23,3.19910955429,3.25
8,1,37,2.80440473557,1.75
8,1,37,2.8840110302,1.75
8,1,51,2.60999727249,1.0
8,1,51,2.64509105682,1.0
8,1,10,2.77962517738,1.75
8,1,10,2.77797245979,1.75
8,1,65,2.83442807198,2.0
8,1,65,2.86424136162,2.0
8,1,24,2.94591164589,3.75
8,1,24,2.9453754425,3.75
8,1,38,3.08691310883,2.25
8,1,38,3.11662340164,2.25
8,1,52,2.68530225754,1.25
8,1,52,2.71430015564,1.25
8,1,11,2.70676255226,2.0
8,1,11,2.6865272522,2.0
8,1,66,2.8026137352,2.25
8,1,66,2.85632896423,2.25
8,1,25,2.82583808899,2.5
8,1,25,2.82204604149,2.5
8,1,80,2.74850034714,1.75
8,1,80,2.73921537399,1.75
8,1,39,3.06048345566,3.0
8,1,39,3.13144731522,3.0
8,1,53,2.86499142647,2.25
8,1,53,2.92074489594,2.25
8,1,12,2.77795100212,1.0
8,1,12,2.81119465828,1.0
8,1,67,2.8294737339,2.25
8,1,67,2.82633876801,2.25
8,1,26,2.78990602493,2.75
8,1,26,2.85166454315,2.75
8,1,81,2.7801527977,2.25
8,1,81,2.77290964127,2.25
8,1,40,2.94699144363,1.75
8,1,40,2.99577307701,1.75
8,1,54,2.81151843071,3.0
8,1,54,2.87177920341,3.0
8,1,68,2.81733393669,1.5
8,1,68,2.86565375328,1.5
8,1,27,2.67340350151,2.0
8,1,27,2.73586130142,2.0
8,1,82,2.7632381916,1.75
8,1,82,2.84155535698,1.75
8,1,41,3.00632071495,1.5
8,1,41,3.12106704712,1.5
8,1,96,2.80258798599,2.5
8,1,96,2.85221719742,2.5
8,1,69,2.81115198135,2.5
8,1,69,2.85139536858,2.5
8,1,28,2.7196187973,1.0
8,1,28,2.75845122337,1.0
8,1,42,2.81572294235,3.5
8,1,42,2.83123707771,3.5
8,1,97,2.89332032204,2.25
8,1,97,2.97301435471,2.25
8,1,29,3.02202582359,3.25
8,1,29,3.09662103653,3.25
8,1,43,2.74023246765,1.75
8,1,43,2.7905125618,1.75
8,1,98,2.9640352726,0.75
8,1,98,2.96117639542,0.75
8,1,30,3.08214473724,2.5
8,1,30,3.12453842163,2.5
8,1,85,2.84708929062,2.0
8,1,85,2.88246703148,2.0
8,1,44,2.89182138443,3.25
8,1,44,2.92707562447,3.25
8,1,58,2.80273199081,1.0
8,1,58,2.85232686996,1.0
8,1,31,3.06720018387,1.25
8,1,31,3.16401314735,1.25
8,1,86,2.86056923866,1.25
8,1,86,2.90591192245,1.25
8,1,59,2.89240527153,1.5
8,1,59,2.87293052673,1.5
8,1,73,2.82104825974,2.75
8,1,73,2.85409998894,2.75
8,1,87,2.7102997303,1.0
8,1,87,2.72224760056,1.0
8,1,60,2.79612803459,2.5
8,1,60,2.80878305435,2.5
8,1,74,2.89914798737,2.5
8,1,74,2.95368099213,2.5
8,1,88,2.79226851463,2.25
8,1,88,2.83677196503,2.25
8,1,61,2.77299642563,2.75
8,1,61,2.76243638992,2.75
8,1,75,2.89730477333,3.0
8,1,75,2.92792153358,3.0
8,1,2,3.09240722656,2.75
8,1,2,3.13253879547,2.75
8,1,89,2.69594335556,3.5
8,1,89,2.77843999863,3.5
8,1,16,3.02543210983,2.75
8,1,16,3.15624141693,2.75
8,1,62,2.7479968071,1.5
8,1,62,2.77740430832,1.5
8,1,76,2.79735660553,1.0
8,1,76,2.81823420525,1.0
8,1,3,2.85437059402,2.5
8,1,3,2.89530491829,2.5
8,1,17,3.03462314606,3.25
8,1,17,3.08266401291,3.25
8,1,63,2.89766001701,1.0
8,1,63,2.9218416214,1.0
8,1,77,2.80843925476,3.25
8,1,77,2.85633730888,3.25
8,1,4,2.90184879303,1.75
8,1,4,2.94875144958,1.75
8,1,91,2.84443545341,2.75
8,1,91,2.87814640999,2.75
8,1,18,2.99124860764,3.75
8,1,18,3.01007199287,3.75
8,1,32,2.9338388443,2.75
8,1,32,3.02646636963,2.75
8,1,78,2.85942983627,2.75
8,1,78,2.92466640472,2.75
8,1,5,2.79771018028,2.0
8,1,5,2.80950546265,2.0
8,1,92,2.66707897186,1.5
8,1,92,2.68812274933,1.5
8,1,19,2.87226343155,2.25
8,1,19,2.88070559502,2.25
8,1,33,2.67539310455,1.75
8,1,33,2.76040291786,1.75
8,1,79,2.76923012733,2.0
8,1,79,2.81060838699,2.0
8,1,6,2.78424453735,1.5
8,1,6,2.8183529377,1.5
8,1,93,2.85141825676,1.75
8,1,93,2.81073236465,1.75
8,1,20,2.82019090652,2.5
8,1,20,2.84747624397,2.5
8,2,17,3.17231965065,3.5
8,2,17,3.17229986191,3.5
8,2,91,2.71339988708,2.25
8,2,91,2.71347427368,2.25
8,2,19,2.88768625259,2.0
8,2,19,2.88775348663,2.0
8,2,93,2.82452869415,4.25
8,2,93,2.8246421814,4.25
8,2,96,2.67533135414,2.0
8,2,96,2.67534685135,2.0
8,2,21,3.03036212921,2.25
8,2,21,3.03021144867,2.25
8,2,56,2.83123135567,2.0
8,2,56,2.83108520508,2.0
8,2,95,2.8985953331,2.0
8,2,95,2.89855289459,2.0
8,2,98,2.67382383347,3.0
8,2,98,2.67375135422,3.0
8,2,23,2.98015117645,2.5
8,2,23,2.98030304909,2.5
8,2,58,3.02291679382,3.0
8,2,58,3.02292943001,3.0
8,2,100,2.93824315071,3.25
8,2,100,2.938154459,3.25
8,2,25,2.89672708511,2.75
8,2,25,2.89673185349,2.75
8,2,60,2.74401569366,3.5
8,2,60,2.74404907227,3.5
8,2,67,2.85524511337,1.625
8,2,67,2.85528278351,1.625
8,2,27,2.65044546127,4.0
8,2,27,2.65034675598,4.0
8,2,62,2.81777310371,1.75
8,2,62,2.81802105904,1.75
8,2,69,2.71650838852,3.5
8,2,69,2.71644043922,3.5
8,2,29,3.1380572319,4.75
8,2,29,3.13798093796,4.75
8,2,32,3.08299160004,4.0
8,2,32,3.08287382126,4.0
8,2,71,2.75654888153,2.0
8,2,71,2.75675988197,2.0
8,2,31,2.85109758377,2.75
8,2,31,2.85117077827,2.75
8,2,34,2.90917682648,3.5
8,2,34,2.90934038162,3.5
8,2,73,2.72986030579,3.5
8,2,73,2.72974562645,3.5
8,2,36,3.05572748184,3.75
8,2,36,3.05566072464,3.75
8,2,75,2.76860785484,4.0
8,2,75,2.76860332489,4.0
8,2,38,3.09221887589,3.75
8,2,38,3.09222984314,3.75
8,2,77,2.88343882561,4.75
8,2,77,2.88362240791,4.75
8,2,5,2.86216664314,3.75
8,2,5,2.86203885078,3.75
8,2,40,3.14934659004,2.0
8,2,40,3.14938664436,2.0
8,2,79,3.01714324951,4.0
8,2,79,3.01730728149,4.0
8,2,7,2.73728847504,1.5
8,2,7,2.73721957207,1.5
8,2,42,2.99628782272,3.5
8,2,42,2.99623823166,3.5
8,2,9,2.93028211594,2.0
8,2,9,2.93023777008,2.0
8,2,44,2.97188997269,3.25
8,2,44,2.97191309929,3.25
8,2,11,2.86063671112,3.0
8,2,11,2.86071896553,3.0
8,2,46,2.93247652054,3.25
8,2,46,2.9324798584,3.25
8,2,80,3.06447100639,3.25
8,2,80,3.06457853317,3.25
8,2,15,2.93914365768,2.25
8,2,15,2.93927621841,2.25
8,2,49,3.12869715691,4.0
8,2,49,3.12879776955,4.0
8,2,84,3.01198506355,3.5
8,2,84,3.01212120056,3.5
8,2,86,2.7522456646,3.25
8,2,86,2.75238132477,3.25
8,2,88,2.94205999374,3.75
8,2,88,2.94213366508,3.75
8,2,16,3.26000285149,4.0
8,2,16,3.26001501083,4.0
8,2,55,2.8438243866,3.75
8,2,55,2.84404492378,3.75
8,2,90,2.65550994873,1.5
8,2,90,2.65543699265,1.5
8,2,97,3.11853075027,4.25
8,2,97,3.11855983734,4.25
8,2,18,3.00928020477,3.5
8,2,18,3.00917339325,3.5
8,2,57,3.01233959198,4.75
8,2,57,3.0122961998,4.75
8,2,92,2.96676588058,2.0
8,2,92,2.96668243408,2.0
8,2,99,2.84318828583,4.0
8,2,99,2.84307670593,4.0
8,2,20,3.12630605698,3.75
8,2,20,3.12631607056,3.75
8,2,59,2.92732739449,4.5
8,2,59,2.92734193802,4.5
8,2,94,2.71957468987,3.0
8,2,94,2.71959400177,3.0
8,2,101,2.95915555954,2.75
8,2,101,2.95912837982,2.75
8,2,22,3.03057599068,2.25
8,2,22,3.03057026863,2.25
8,2,61,2.94625091553,4.0
8,2,61,2.94637870789,4.0
8,2,64,2.94837093353,4.75
8,2,64,2.94836616516,4.75
8,2,24,2.71501326561,3.0
8,2,24,2.71495890617,3.0
8,2,63,3.07942605019,5.25
8,2,63,3.07941484451,5.25
8,2,26,2.73013901711,4.0
8,2,26,2.73013448715,4.0
8,2,33,2.63290119171,2.25
8,2,33,2.63294816017,2.25
8,2,68,2.81917953491,2.75
8,2,68,2.81918478012,2.75
8,2,28,2.71304702759,2.5
8,2,28,2.7130215168,2.5
8,2,35,3.09309649467,3.5
8,2,35,3.09318780899,3.5
8,2,70,3.05956172943,4.0
8,2,70,3.05966711044,4.0
8,2,30,3.0445792675,4.25
8,2,30,3.04451751709,4.25
8,2,37,3.09344029427,2.25
8,2,37,3.0934920311,2.25
8,2,72,2.76907324791,3.5
8,2,72,2.76901483536,3.5
8,2,39,3.12162518501,2.0
8,2,39,3.1216199398,2.0
8,2,74,2.8642821312,3.75
8,2,74,2.86439490318,3.75
8,2,41,2.83867669106,4.0
8,2,41,2.83870077133,4.0
8,2,76,3.06204795837,3.25
8,2,76,3.06196928024,3.25
8,2,4,2.76194000244,3.25
8,2,4,2.7619972229,3.25
8,2,43,2.7003235817,2.75
8,2,43,2.70010447502,2.75
8,2,78,2.82316207886,3.25
8,2,78,2.82308149338,3.25
8,2,6,2.72989225388,1.75
8,2,6,2.72976326942,1.75
8,2,45,3.13029122353,2.25
8,2,45,3.13036632538,2.25
8,2,8,3.01118803024,4.25
8,2,8,3.01127696037,4.25
8,2,47,2.78327846527,2.75
8,2,47,2.78326773643,2.75
8,2,10,2.69904661179,1.75
8,2,10,2.69927692413,1.75
8,2,83,2.66616749763,2.75
8,2,83,2.66618347168,2.75
8,2,85,2.84787940979,4.5
8,2,85,2.84770727158,4.5
8,2,48,3.00212883949,4.0
8,2,48,3.0022342205,4.0
8,2,87,2.98827052116,2.0
8,2,87,2.98824310303,2.0
8,2,50,3.146089077,3.0
8,2,50,3.14605259895,3.0
8,2,89,3.07230710983,2.25
8,2,89,3.07218623161,2.25
9,1,81,2.92736315727,2.25
9,1,81,2.97190022469,2.25
9,1,27,4.67359161377,3.75
9,1,27,4.71473741531,3.75
9,1,83,4.08987522125,4.25
9,1,83,4.13994789124,4.25
9,1,29,2.75071454048,2.5
9,1,29,2.70129489899,2.5
9,1,32,3.32428908348,2.75
9,1,32,3.25253987312,2.75
9,1,85,4.93546009064,4.75
9,1,85,4.93797969818,4.75
9,1,31,4.38640928268,3.5
9,1,31,4.36963748932,3.5
9,1,34,3.09881353378,3.25
9,1,34,3.09176206589,3.25
9,1,87,3.61387681961,3.25
9,1,87,3.66825842857,3.25
9,1,36,3.69849777222,3.5
9,1,36,3.67105817795,3.5
9,1,89,3.83422064781,2.75
9,1,89,3.89245271683,2.75
9,1,3,5.00035762787,4.75
9,1,3,5.07134628296,4.75
9,1,38,3.29963922501,3.5
9,1,38,3.31676244736,3.5
9,1,91,3.10362577438,3.75
9,1,91,3.16663122177,3.75
9,1,5,4.30029058456,5.75
9,1,5,4.31537342072,5.75
9,1,40,3.22219610214,2.25
9,1,40,3.20410871506,2.25
9,1,93,4.00305080414,3.25
9,1,93,3.99664616585,3.25
9,1,96,3.61934661865,4.25
9,1,96,3.68736076355,4.25
9,1,7,4.90767383575,4.25
9,1,7,4.94758033752,4.25
9,1,42,3.9864783287,4.0
9,1,42,3.9675219059,4.0
9,1,95,3.60069227219,4.25
9,1,95,3.6626200676,4.25
9,1,98,3.30453467369,2.25
9,1,98,3.34979200363,2.25
9,1,65,3.34459781647,2.0
9,1,65,3.38330984116,2.0
9,1,100,4.23374128342,4.25
9,1,100,4.30380964279,4.25
9,1,67,3.69288015366,4.25
9,1,67,3.69806408882,4.25
9,1,102,3.23621869087,3.75
9,1,102,3.29473423958,3.75
9,1,69,4.03192234039,5.5
9,1,69,4.09379434586,5.5
9,1,104,3.22912096977,3.0
9,1,104,3.27626943588,3.0
9,1,106,3.2135014534,4.0
9,1,106,3.25558376312,4.0
9,1,73,4.09147024155,3.25
9,1,73,4.16733360291,3.25
9,1,51,3.48524928093,3.5
9,1,51,3.49458837509,3.5
9,1,75,3.71374249458,2.5
9,1,75,3.76143527031,2.5
9,1,110,3.63721942902,4.25
9,1,110,3.69464945793,4.25
9,1,53,3.27813625336,3.0
9,1,53,3.30613660812,3.0
9,1,77,3.6892015934,3.25
9,1,77,3.75140929222,3.25
9,1,16,2.98730230331,1.5
9,1,16,3.00703382492,1.5
9,1,55,3.34530806541,3.5
9,1,55,3.3702287674,3.5
9,1,79,3.71383333206,4.0
9,1,79,3.79150009155,4.0
9,1,18,4.01835203171,3.5
9,1,18,4.00635910034,3.5
9,1,20,3.70268249512,4.0
9,1,20,3.67950844765,4.0
9,1,59,3.33208727837,2.75
9,1,59,3.37563276291,2.75
9,1,22,3.10236024857,3.0
9,1,22,3.09750461578,3.0
9,1,61,3.21396780014,3.5
9,1,61,3.22188615799,3.5
9,1,24,3.37811732292,3.5
9,1,24,3.33172273636,3.5
9,1,63,2.67664241791,3.25
9,1,63,2.71415138245,3.25
9,1,80,3.51642680168,3.25
9,1,80,3.55239653587,3.25
9,1,26,3.71099066734,4.5
9,1,26,3.67591953278,4.5
9,1,33,4.01826095581,3.75
9,1,33,3.98418092728,3.75
9,1,82,3.97471237183,4.0
9,1,82,4.01988315582,4.0
9,1,28,3.77022457123,2.75
9,1,28,3.74707055092,2.75
9,1,35,3.7341902256,3.5
9,1,35,3.71086239815,3.5
9,1,84,4.31450223923,3.0
9,1,84,4.35010290146,3.0
9,1,30,3.45890688896,3.0
9,1,30,3.44778490067,3.0
9,1,37,3.7971868515,4.5
9,1,37,3.78259563446,4.5
9,1,86,3.98084068298,4.0
9,1,86,4.04555225372,4.0
9,1,39,3.48751711845,2.75
9,1,39,3.4546186924,2.75
9,1,88,3.04035305977,3.25
9,1,88,3.09113121033,3.25
9,1,2,4.68687152863,5.25
9,1,2,4.73285675049,5.25
9,1,41,3.89179372787,3.0
9,1,41,3.85605049133,3.0
9,1,90,3.14134550095,2.75
9,1,90,3.19880008698,2.75
9,1,97,4.1372385025,3.5
9,1,97,4.17404985428,3.5
9,1,4,5.03318881989,5.0
9,1,4,5.07345819473,5.0
9,1,92,3.270403862,4.0
9,1,92,3.36323142052,4.0
9,1,99,3.23915553093,3.0
9,1,99,3.27984905243,3.0
9,1,6,3.61351799965,3.5
9,1,6,3.65422344208,3.5
9,1,94,3.84143018723,3.0
9,1,94,3.85640954971,3.0
9,1,101,2.82176661491,2.25
9,1,101,2.84581136703,2.25
9,1,8,4.42119789124,4.5
9,1,8,4.45931529999,4.5
9,1,64,3.98620009422,4.25
9,1,64,4.06993961334,4.25
9,1,103,3.62045812607,2.25
9,1,103,3.63367390633,2.25
9,1,66,4.30601024628,4.75
9,1,66,4.33254146576,4.75
9,1,105,3.63487148285,3.75
9,1,105,3.70959544182,3.75
9,1,12,2.96452379227,4.75
9,1,12,3.01861047745,4.75
9,1,68,3.55714273453,3.5
9,1,68,3.58854269981,3.5
9,1,107,3.08657193184,4.25
9,1,107,3.10737872124,4.25
9,1,72,3.47704815865,3.75
9,1,72,3.55990433693,3.75
9,1,111,3.79442620277,3.0
9,1,111,3.79737877846,3.0
9,1,50,3.96941041946,3.5
9,1,50,3.98167943954,3.5
9,1,74,3.88792705536,3.0
9,1,74,3.9858288765,3.0
9,1,17,3.60028791428,4.25
9,1,17,3.59775853157,4.25
9,1,52,3.35808801651,2.75
9,1,52,3.32648396492,2.75
9,1,76,3.80882692337,4.0
9,1,76,3.87077474594,4.0
9,1,19,3.49740743637,3.25
9,1,19,3.48815870285,3.25
9,1,54,2.60872721672,2.75
9,1,54,2.61098670959,2.75
9,1,78,3.68455934525,3.5
9,1,78,3.77920222282,3.5
9,1,21,3.22572112083,4.5
9,1,21,3.20963263512,4.5
9,1,56,3.53364276886,3.75
9,1,56,3.54299163818,3.75
9,1,23,3.96241569519,4.5
9,1,23,3.95875549316,4.5
9,1,25,3.53414964676,3.5
9,1,25,3.49064397812,3.5
9,1,60,3.45112991333,4.0
9,1,60,3.48732495308,4.0
9,2,98,3.17413568497,4.5
9,2,98,3.22698998451,4.5
9,2,71,5.16318130493,5.25
9,2,71,5.1105928421,5.25
9,2,100,3.84900665283,5.75
9,2,100,3.85519123077,5.75
9,2,46,3.95137786865,4.75
9,2,46,3.96786308289,4.75
9,2,102,4.78292655945,3.75
9,2,102,4.79262542725,3.75
9,2,75,4.35863018036,3.75
9,2,75,4.36714076996,3.75
9,2,16,2.9793908596,2.75
9,2,16,2.98020243645,2.75
9,2,104,3.79866838455,3.25
9,2,104,3.82000303268,3.25
9,2,77,3.33235549927,4.25
9,2,77,3.32554793358,4.25
9,2,18,3.24984478951,4.25
9,2,18,3.23199248314,4.25
9,2,106,4.53332710266,5.25
9,2,106,4.53919029236,5.25
9,2,79,4.83922195435,5.25
9,2,79,4.87920093536,5.25
9,2,20,2.94338035583,3.0
9,2,20,2.97412419319,3.0
9,2,108,4.1704864502,4.25
9,2,108,4.15544605255,4.25
9,2,49,4.8012342453,5.25
9,2,49,4.82436466217,5.25
9,2,22,3.14512109756,3.0
9,2,22,3.13761615753,3.0
9,2,110,3.40274071693,3.25
9,2,110,3.36338210106,3.25
9,2,51,4.83873558044,5.0
9,2,51,4.86425638199,5.0
9,2,24,2.45163917542,1.75
9,2,24,2.44771909714,1.75
9,2,80,4.14493703842,4.75
9,2,80,4.17524671555,4.75
9,2,53,1.91774451733,3.75
9,2,53,1.85486364365,3.75
9,2,26,2.39370274544,3.25
9,2,26,2.41032314301,3.25
9,2,82,3.37961196899,3.0
9,2,82,3.39802789688,3.0
9,2,55,3.30951786041,3.25
9,2,55,3.2936706543,3.25
9,2,28,3.3594520092,4.75
9,2,28,3.35646414757,4.75
9,2,84,3.44667363167,3.75
9,2,84,3.50564885139,3.75
9,2,30,3.462454319,2.75
9,2,30,3.45049715042,2.75
9,2,113,3.56332731247,5.75
9,2,113,3.55034685135,5.75
9,2,86,4.03255224228,4.0
9,2,86,4.0220580101,4.0
9,2,88,3.75779366493,4.5
9,2,88,3.77262735367,4.5
9,2,2,3.82934331894,4.0
9,2,2,3.84106636047,4.0
9,2,90,3.4401049614,3.25
9,2,90,3.47743177414,3.25
9,2,63,3.64802885056,5.0
9,2,63,3.61026549339,5.0
9,2,4,3.63089346886,5.25
9,2,4,3.66539335251,5.25
9,2,92,4.02616453171,4.25
9,2,92,4.07065582275,4.25
9,2,33,3.54024457932,3.0
9,2,33,3.58215546608,3.0
9,2,6,4.86301803589,5.75
9,2,6,4.89914131165,5.75
9,2,94,3.22643733025,4.0
9,2,94,3.26216435432,4.0
9,2,35,2.64325666428,2.5
9,2,35,2.62542128563,2.5
9,2,8,3.63715457916,4.5
9,2,8,3.61602187157,4.5
9,2,64,2.80192089081,4.5
9,2,64,2.81000089645,4.5
9,2,37,3.25351023674,3.75
9,2,37,3.21282291412,3.75
9,2,10,4.45326519012,4.75
9,2,10,4.46634101868,4.75
9,2,66,3.84490013123,5.5
9,2,66,3.79974651337,5.5
9,2,39,3.31080389023,4.0
9,2,39,3.31175017357,4.0
9,2,12,4.59436607361,5.5
9,2,12,4.59507513046,5.5
9,2,68,3.66517281532,3.25
9,2,68,3.64453125,3.25
9,2,41,4.03076601028,4.5
9,2,41,4.00321149826,4.5
9,2,97,3.31019330025,3.75
9,2,97,3.31032204628,3.75
9,2,70,4.05513334274,4.75
9,2,70,4.03201436996,4.75
9,2,99,3.83905363083,4.5
9,2,99,3.85931515694,4.5
9,2,45,3.40469694138,3.0
9,2,45,3.38002824783,3.0
9,2,101,3.90775585175,3.75
9,2,101,3.98959159851,3.75
9,2,74,4.20210886002,5.25
9,2,74,4.21642398834,5.25
9,2,47,3.88000798225,5.0
9,2,47,3.8512544632,5.0
9,2,103,3.65065526962,3.0
9,2,103,3.72116422653,3.0
9,2,76,3.80025720596,3.25
9,2,76,3.82833385468,3.25
9,2,17,3.45348191261,4.0
9,2,17,3.4580411911,4.0
9,2,105,4.58200120926,4.5
9,2,105,4.61851215363,4.5
9,2,78,4.15829372406,5.5
9,2,78,4.1457490921,5.5
9,2,19,3.30277633667,3.25
9,2,19,3.32580447197,3.25
9,2,107,3.05200338364,3.75
9,2,107,3.04261779785,3.75
9,2,48,4.69958782196,5.0
9,2,48,4.70737981796,5.0
9,2,21,2.84767651558,3.75
9,2,21,2.83829236031,3.75
9,2,109,3.14623498917,2.25
9,2,109,3.11728572845,2.25
9,2,50,3.79967784882,4.0
9,2,50,3.79527258873,4.0
9,2,23,2.71603655815,2.75
9,2,23,2.73130488396,2.75
9,2,111,3.52639603615,4.0
9,2,111,3.5200047493,4.0
9,2,52,1.54935717583,2.75
9,2,52,1.54487466812,2.75
9,2,25,3.77016448975,5.75
9,2,25,3.76917672157,5.75
9,2,81,4.32759189606,4.75
9,2,81,4.34598684311,4.75
9,2,54,4.03188896179,5.5
9,2,54,3.99483919144,5.5
9,2,27,2.21983790398,3.25
9,2,27,2.21136045456,3.25
9,2,83,4.07589530945,4.0
9,2,83,4.10538864136,4.0
9,2,56,3.77387094498,5.0
9,2,56,3.71203756332,5.0
9,2,29,3.2521340847,3.0
9,2,29,3.2828412056,3.0
9,2,112,3.52576303482,4.5
9,2,112,3.53964686394,4.5
9,2,85,3.11637830734,4.75
9,2,85,3.08119153976,4.75
9,2,31,2.60087966919,2.75
9,2,31,2.59547138214,2.75
9,2,87,3.30562376976,3.25
9,2,87,3.34828901291,3.25
9,2,89,2.70197582245,2.75
9,2,89,2.69601583481,2.75
9,2,62,4.13985824585,4.0
9,2,62,4.13674354553,4.0
9,2,3,3.97124481201,4.5
9,2,3,4.00077629089,4.5
9,2,91,4.32659339905,4.25
9,2,91,4.36560106277,4.25
9,2,32,2.49281430244,2.25
9,2,32,2.52506566048,2.25
9,2,5,3.63551235199,5.5
9,2,5,3.66198039055,5.5
9,2,93,3.58261680603,4.5
9,2,93,3.59033870697,4.5
9,2,34,2.96882390976,2.5
9,2,34,2.96692085266,2.5
9,2,7,2.77243232727,5.25
9,2,7,2.80373692513,5.25
9,2,95,3.98827219009,5.0
9,2,95,3.99629116058,5.0
9,2,36,3.53752470016,4.75
9,2,36,3.52031731606,4.75
9,2,9,4.31657361984,5.75
9,2,9,4.26346683502,5.75
9,2,65,4.2763543129,4.75
9,2,65,4.24405479431,4.75
9,2,38,2.534491539,2.0
9,2,38,2.53377723694,2.0
9,2,11,3.70361328125,4.5
9,2,11,3.67528104782,4.5
9,2,67,4.83482551575,4.25
9,2,67,4.79332733154,4.25
9,2,40,4.13313579559,3.25
9,2,40,4.07197809219,3.25
9,2,13,3.43654966354,3.75
9,2,13,3.43001127243,3.75
9,2,96,3.82421731949,3.0
9,2,96,3.83493518829,3.0
9,2,69,3.5551571846,3.25
9,2,69,3.56732106209,3.25
9,2,42,3.5474023819,3.25
9,2,42,3.53634500504,3.25
10,1,63,3.66918516159,4.25
10,1,63,3.65109586716,4.25
10,1,24,4.71710777283,4.75
10,1,24,4.7059469223,4.75
10,1,80,4.35588026047,5.0
10,1,80,4.36253023148,5.0
10,1,61,6.10293865204,4.0
10,1,61,6.17500591278,4.0
10,1,6,4.55437898636,5.0
10,1,6,4.58731555939,5.0
10,1,94,3.81646132469,5.0
10,1,94,3.8025932312,5.0
10,1,4,5.12949419022,5.5
10,1,4,5.12495803833,5.5
10,1,92,4.59026575089,5.0
10,1,92,4.61510658264,5.0
10,1,57,3.80183506012,1.5
10,1,57,3.78215551376,1.5
10,1,90,4.41633367538,3.75
10,1,90,4.42303991318,3.75
10,1,39,3.36376047134,4.0
10,1,39,3.37744140625,4.0
10,1,88,5.20678424835,5.5
10,1,88,5.2363319397,5.5
10,1,37,5.65539216995,6.0
10,1,37,5.67025470734,6.0
10,1,14,4.40990924835,3.75
10,1,14,4.41235876083,3.75
10,1,35,2.94145750999,2.0
10,1,35,2.91963863373,2.0
10,1,12,5.33463096619,4.5
10,1,12,5.34012031555,4.5
10,1,68,5.02625513077,3.75
10,1,68,5.01223278046,3.75
10,1,33,4.18708181381,4.5
10,1,33,4.18043136597,4.5
10,1,10,4.62684440613,5.0
10,1,10,4.65140342712,5.0
10,1,66,5.05905056,6.0
10,1,66,5.08028507233,6.0
10,1,47,4.05755710602,5.25
10,1,47,4.07503318787,5.25
10,1,8,5.15846300125,6.25
10,1,8,5.16664218903,6.25
10,1,103,3.51237726212,3.75
10,1,103,3.48306512833,3.75
10,1,64,3.62746238708,5.0
10,1,64,3.61493587494,5.0
10,1,45,3.81129097939,2.875
10,1,45,3.87326622009,2.875
10,1,101,4.28226184845,5.5
10,1,101,4.22930431366,5.5
10,1,78,4.6319565773,5.5
10,1,78,4.60388422012,5.5
10,1,43,4.91915130615,4.5
10,1,43,4.93064022064,4.5
10,1,99,4.99341964722,5.25
10,1,99,4.99371528625,5.25
10,1,76,4.76079750061,4.75
10,1,76,4.76876735687,4.75
10,1,41,4.05439138412,3.25
10,1,41,4.05762958527,3.25
10,1,97,4.21662998199,3.75
10,1,97,4.18964672089,3.75
10,1,74,4.25668239594,4.75
10,1,74,4.23986005783,4.75
10,1,72,5.05501461029,3.0
10,1,72,5.09241676331,3.0
10,1,21,4.49363231659,5.25
10,1,21,4.47090435028,5.25
10,1,54,2.55047154427,3.5
10,1,54,2.53027629852,3.5
10,1,107,4.96869277954,5.0
10,1,107,4.95441198349,5.0
10,1,52,4.60350704193,5.0
10,1,52,4.62777805328,5.0
10,1,105,4.14126300812,4.0
10,1,105,4.08630084991,4.0
10,1,50,5.0884513855,5.25
10,1,50,5.05689048767,5.25
10,1,31,4.81001853943,4.75
10,1,31,4.81488800049,4.75
10,1,87,4.94614982605,4.75
10,1,87,4.92654418945,4.75
10,1,48,5.30256652832,5.0
10,1,48,5.30401611328,5.0
10,1,29,4.92901039124,4.5
10,1,29,4.92541694641,4.5
10,1,85,3.8556060791,4.75
10,1,85,3.82198905945,4.75
10,1,62,4.13648605347,3.75
10,1,62,4.14977931976,3.75
10,1,27,4.25121212006,4.25
10,1,27,4.2166686058,4.25
10,1,83,4.37308692932,3.0
10,1,83,4.4070019722,3.0
10,1,25,5.01669883728,4.5
10,1,25,5.02114486694,4.5
10,1,81,3.49517345428,4.25
10,1,81,3.49097180367,4.25
10,1,7,5.3519449234,5.5
10,1,7,5.37918949127,5.5
10,1,95,5.43956565857,4.75
10,1,95,5.46578454971,4.75
10,1,56,4.24895572662,4.5
10,1,56,4.2666387558,4.5
10,1,5,4.52515697479,5.0
10,1,5,4.53563976288,5.0
10,1,93,4.57064962387,4.0
10,1,93,4.59039115906,4.0
10,1,38,3.76499176025,3.75
10,1,38,3.73370575905,3.75
10,1,91,5.0223274231,4.5
10,1,91,5.0398235321,4.5
10,1,36,5.0676908493,4.75
10,1,36,5.03416061401,4.75
10,1,89,5.05071401596,5.25
10,1,89,5.07500267029,5.25
10,1,34,3.0663216114,4.0
10,1,34,3.03716111183,4.0
10,1,32,4.45699357986,3.75
10,1,32,4.36420249939,3.75
10,1,13,4.64518213272,4.25
10,1,13,4.67219161987,4.25
10,1,69,4.39089298248,4.5
10,1,69,4.39228105545,4.5
10,1,46,5.17858314514,5.0
10,1,46,5.18782234192,5.0
10,1,11,3.51000380516,4.0
10,1,11,3.49827551842,4.0
10,1,102,3.41359353065,5.0
10,1,102,3.3910036087,5.0
10,1,67,4.87939167023,5.25
10,1,67,4.90134572983,5.25
10,1,44,4.58784484863,4.5
10,1,44,4.62110185623,4.5
10,1,9,4.10315656662,5.5
10,1,9,4.10202407837,5.5
10,1,100,3.73878145218,4.0
10,1,100,3.71111059189,4.0
10,1,65,3.68382692337,5.75
10,1,65,3.69031047821,5.75
10,1,42,5.21192502975,5.25
10,1,42,5.18569660187,5.25
10,1,98,4.99964046478,4.5
10,1,98,4.93841409683,4.5
10,1,79,3.65283370018,4.5
10,1,79,3.64534783363,4.5
10,1,40,4.66864776611,4.5
10,1,40,4.71446371078,4.5
10,1,96,5.16098165512,4.5
10,1,96,5.16737318039,4.5
10,1,77,5.10725069046,4.5
10,1,77,5.08427715302,4.5
10,1,22,4.78361797333,4.5
10,1,22,4.79928970337,4.5
10,1,75,4.85657215118,4.5
10,1,75,4.83049488068,4.5
10,1,20,4.77730178833,5.0
10,1,20,4.7763376236,5.0
10,1,108,3.94863510132,5.0
10,1,108,3.91000747681,5.0
10,1,73,5.2343044281,4.25
10,1,73,5.2428689003,4.25
10,1,106,3.93268251419,2.0
10,1,106,3.92347621918,2.0
10,1,55,4.87499523163,5.25
10,1,55,4.87972259521,5.25
10,1,104,5.05452775955,4.5
10,1,104,5.00958442688,4.5
10,1,53,5.47391986847,5.25
10,1,53,5.48187351227,5.25
10,1,30,5.58773899078,5.5
10,1,30,5.54545307159,5.5
10,1,86,4.64520359039,4.0
10,1,86,4.65800571442,4.0
10,1,51,3.97724032402,5.5
10,1,51,3.99272346497,5.5
10,1,28,4.72205257416,4.75
10,1,28,4.73135280609,4.75
10,1,84,3.65949201584,2.75
10,1,84,3.6489276886,2.75
10,1,49,3.5219707489,4.0
10,1,49,3.50886154175,4.0
10,1,26,3.22125124931,2.375
10,1,26,3.19817352295,2.375
10,1,82,4.67426395416,4.5
10,1,82,4.69300031662,4.5
10,2,65,2.76549267769,5.0
10,2,65,2.72332024574,5.0
10,2,26,3.95664930344,3.5
10,2,26,3.9337348938,3.5
10,2,83,3.46808099747,4.25
10,2,83,3.45708656311,4.25
10,2,15,3.7003993988,5.75
10,2,15,3.64708900452,5.75
10,2,25,3.39804959297,4.25
10,2,25,3.36959671974,4.25
10,2,82,3.09269762039,5.25
10,2,82,3.09722113609,5.25
10,2,14,4.6093506813,5.25
10,2,14,4.56323385239,5.25
10,2,71,3.44742393494,4.0
10,2,71,3.42987728119,4.0
10,2,24,3.62657976151,3.5
10,2,24,3.62617111206,3.5
10,2,81,3.94811868668,5.25
10,2,81,3.92859792709,5.25
10,2,35,2.35629820824,2.75
10,2,35,2.36463332176,2.75
10,2,13,4.3925409317,5.25
10,2,13,4.36500883102,5.25
10,2,70,4.31408834457,4.66667
10,2,70,4.30425357819,4.66667
10,2,31,3.48038959503,3.25
10,2,31,3.45373630524,3.25
10,2,80,3.79856920242,4.5
10,2,80,3.73883056641,4.5
10,2,34,3.87608098984,5.0
10,2,34,3.84574651718,5.0
10,2,12,4.03906679153,4.25
10,2,12,4.03576087952,4.25
10,2,69,3.64467215538,5.25
10,2,69,3.60112524033,5.25
10,2,30,3.82261586189,5.75
10,2,30,3.78862714767,5.75
10,2,87,4.14396572113,5.5
10,2,87,4.12369823456,5.5
10,2,33,3.20701551437,4.75
10,2,33,3.19712209702,4.75
10,2,51,4.42215013504,5.5
10,2,51,4.38762331009,5.5
10,2,68,3.64949417114,4.75
10,2,68,3.62454366684,4.75
10,2,29,3.41012763977,5.0
10,2,29,3.39042544365,5.0
10,2,86,3.93279623985,4.5
10,2,86,3.92613744736,4.5
10,2,32,3.08458781242,1.75
10,2,32,3.06838274002,1.75
10,2,50,2.83209609985,4.0
10,2,50,2.84557056427,4.0
10,2,75,3.86203813553,4.5
10,2,75,3.81301021576,4.5
10,2,28,3.74304962158,4.5
10,2,28,3.7062869072,4.5
10,2,85,4.06598043442,5.25
10,2,85,4.01730680466,5.25
10,2,39,4.68973493576,5.25
10,2,39,4.65661048889,5.25
10,2,74,4.18280601501,4.75
10,2,74,4.15288734436,4.75
10,2,3,4.34621524811,3.75
10,2,3,4.323595047,3.75
10,2,84,3.50773119926,4.0
10,2,84,3.48506116867,4.0
10,2,38,4.16450214386,4.75
10,2,38,4.13969898224,4.75
10,2,73,3.56059360504,5.5
10,2,73,3.5598320961,5.5
10,2,91,3.7305316925,4.25
10,2,91,3.6791305542,4.25
10,2,37,4.27321052551,5.0
10,2,37,4.22643280029,5.0
10,2,55,4.40798807144,3.75
10,2,55,4.38691186905,3.75
10,2,72,3.29216814041,6.25
10,2,72,3.26075291634,6.25
10,2,90,4.33910036087,4.25
10,2,90,4.30063247681,4.25
10,2,19,3.39832353592,4.5
10,2,19,3.35646986961,4.5
10,2,36,3.69425678253,3.75
10,2,36,3.68416023254,3.75
10,2,54,3.99757599831,5.5
10,2,54,3.95845174789,5.5
10,2,79,3.71821212769,5.5
10,2,79,3.70426702499,5.5
10,2,89,3.9905090332,4.0
10,2,89,3.94992685318,4.0
10,2,43,4.00468301773,5.75
10,2,43,3.98910284042,5.75
10,2,53,4.48317861557,6.75
10,2,53,4.45173883438,6.75
10,2,78,3.87761545181,5.25
10,2,78,3.8930978775,5.25
10,2,7,4.26800203323,5.25
10,2,7,4.26853942871,5.25
10,2,88,4.52341604233,5.5
10,2,88,4.48739862442,5.5
10,2,42,4.12479686737,5.5
10,2,42,4.09274291992,5.5
10,2,52,4.13891363144,5.5
10,2,52,4.09856271744,5.5
10,2,77,3.14951777458,3.5
10,2,77,3.18277001381,3.5
10,2,6,3.92764806747,5.25
10,2,6,3.92767596245,5.25
10,2,95,3.33803081512,2.0
10,2,95,3.31521463394,2.0
10,2,41,4.39496898651,5.25
10,2,41,4.39385986328,5.25
10,2,76,3.57660412788,4.5
10,2,76,3.58531236649,4.5
10,2,5,3.92740106583,5.5
10,2,5,3.92107343674,5.5
10,2,94,3.06570124626,3.25
10,2,94,3.06975054741,3.25
10,2,23,4.33100414276,5.0
10,2,23,4.35212421417,5.0
10,2,40,3.54103302956,4.5
10,2,40,3.53698015213,4.5
10,2,97,3.15450882912,5.75
10,2,97,3.16365623474,5.75
10,2,58,3.84740161896,5.5
10,2,58,3.8197491169,5.5
10,2,4,4.09658908844,6.25
10,2,4,4.0816655159,6.25
10,2,93,3.11478614807,3.25
10,2,93,3.13649487495,3.25
10,2,22,3.95006275177,5.5
10,2,22,3.96062040329,5.5
10,2,47,3.82304668427,5.25
10,2,47,3.82905888557,5.25
10,2,96,4.04289054871,4.75
10,2,96,4.03763198853,4.75
10,2,11,3.88182091713,4.5
10,2,11,3.87557578087,4.5
10,2,92,3.28959465027,4.75
10,2,92,3.29782128334,4.75
10,2,21,3.85723233223,5.5
10,2,21,3.78758406639,5.5
10,2,46,3.27299928665,4.25
10,2,46,3.26607656479,4.25
10,2,56,4.22291851044,5.25
10,2,56,4.21800994873,5.25
10,2,10,3.20841026306,5.25
10,2,10,3.21463251114,5.25
10,2,67,3.84619808197,4.33333
10,2,67,3.83115768433,4.33333
10,2,20,3.83223104477,2.75
10,2,20,3.82327270508,2.75
10,2,45,3.02331495285,3.5
10,2,45,3.01674437523,3.5
10,2,9,3.23419547081,3.25
10,2,9,3.26914715767,3.25
10,2,66,2.66538715363,3.0
10,2,66,2.67083311081,3.0
10,2,27,3.68778657913,5.0
10,2,27,3.64995145798,5.0
10,2,44,3.88695764542,5.0
10,2,44,3.88491082191,5.0
10,2,8,4.7003993988,5.75
10,2,8,4.67094039917,5.75
11,1,5,4.11931610107,4.5
11,1,5,4.14016151428,4.5
11,1,94,4.23306369781,5.75
11,1,94,4.27020645142,5.75
11,1,23,5.17719078064,5.75
11,1,23,5.17277956009,5.75
11,1,32,4.38981199265,4.25
11,1,32,4.39728927612,4.25
11,1,50,2.62871146202,3.0
11,1,50,2.64072728157,3.0
11,1,75,2.87525177002,3.5
11,1,75,2.87260651588,3.5
11,1,4,3.89420986176,5.75
11,1,4,3.89702820778,5.75
11,1,93,4.00449371338,4.25
11,1,93,3.98763632774,4.25
11,1,22,4.31452608109,6.25
11,1,22,4.27365159988,6.25
11,1,47,2.92740440369,4.0
11,1,47,2.93572902679,4.0
11,1,49,2.94725608826,4.5
11,1,49,2.98660063744,4.5
11,1,74,3.81588745117,5.0
11,1,74,3.80426383018,5.0
11,1,92,3.64905405045,4.25
11,1,92,3.64971160889,4.25
11,1,21,4.08220720291,4.25
11,1,21,4.07168960571,4.25
11,1,46,2.68991160393,1.75
11,1,46,2.68257331848,1.75
11,1,48,2.49321341515,2.25
11,1,48,2.52296686172,2.25
11,1,73,4.7938709259,5.25
11,1,73,4.78993701935,5.25
11,1,91,4.40512943268,5.5
11,1,91,4.40679597855,5.5
11,1,20,4.59648656845,5.5
11,1,20,4.58117389679,5.5
11,1,63,3.79123449326,6.25
11,1,63,3.79263043404,6.25
11,1,72,4.46666812897,4.75
11,1,72,4.47777271271,4.75
11,1,90,4.03670883179,4.25
11,1,90,3.99278497696,4.25
11,1,19,4.72900295258,6.25
11,1,19,4.71582794189,6.25
11,1,62,3.74790000916,5.0
11,1,62,3.75487828255,5.0
11,1,89,4.8683013916,5.0
11,1,89,4.85121631622,5.0
11,1,15,3.78760552406,3.5
11,1,15,3.76916909218,3.5
11,1,88,4.11925268173,3.75
11,1,88,4.07566452026,3.75
11,1,99,4.39701843262,6.25
11,1,99,4.38071155548,6.25
11,1,14,4.03089332581,4.25
11,1,14,4.03977584839,4.25
11,1,71,4.17385196686,4.75
11,1,71,4.14286518097,4.75
11,1,98,3.49839949608,4.5
11,1,98,3.47209453583,4.5
11,1,13,4.15018844604,5.25
11,1,13,4.14711856842,5.25
11,1,70,3.3600461483,5.0
11,1,70,3.35485553741,5.0
11,1,31,4.69096040726,5.5
11,1,31,4.67464876175,5.5
11,1,97,3.31370568275,3.75
11,1,97,3.29704284668,3.75
11,1,12,4.45858287811,5.5
11,1,12,4.44966983795,5.5
11,1,69,3.50652241707,4.0
11,1,69,3.49182057381,4.0
11,1,30,4.5464887619,4.25
11,1,30,4.53386688232,4.25
11,1,87,3.60886693001,2.75
11,1,87,3.58362007141,2.75
11,1,96,3.31628847122,4.75
11,1,96,3.31872272491,4.75
11,1,57,2.32709884644,2.5
11,1,57,2.33433866501,2.5
11,1,11,3.50274276733,4.5
11,1,11,3.4946641922,4.5
11,1,68,3.2210855484,4.25
11,1,68,3.22509527206,4.25
11,1,29,4.15146827698,5.5
11,1,29,4.15128183365,5.5
11,1,56,2.32000160217,2.25
11,1,56,2.34453582764,2.25
11,1,10,3.3660633564,4.66667
11,1,10,3.38407158852,4.66667
11,1,67,3.10647940636,6.25
11,1,67,3.13622117043,6.25
11,1,28,4.39646959305,4.5
11,1,28,4.38579416275,4.5
11,1,39,3.41512823105,5.0
11,1,39,3.40960121155,5.0
11,1,9,4.0050740242,4.0
11,1,9,3.97449398041,4.0
11,1,66,3.51776599884,3.25
11,1,66,3.5419883728,3.25
11,1,27,3.74329781532,4.5
11,1,27,3.76127076149,4.5
11,1,84,3.64679908752,3.5
11,1,84,3.65580010414,3.5
11,1,38,5.18193531036,4.5
11,1,38,5.19023752213,4.5
11,1,8,3.83609223366,4.25
11,1,8,3.87408399582,4.25
11,1,65,3.70036745071,4.25
11,1,65,3.68955636024,4.25
11,1,26,4.68150854111,4.0
11,1,26,4.66825723648,4.0
11,1,83,3.74711084366,3.5
11,1,83,3.75972628593,3.5
11,1,37,4.37738704681,3.75
11,1,37,4.35816860199,3.75
11,1,55,2.73756814003,4.0
11,1,55,2.74930882454,4.0
11,1,64,3.88328886032,5.0
11,1,64,3.89849686623,5.0
11,1,25,4.63302516937,5.0
11,1,25,4.65443992615,5.0
11,1,82,4.25729846954,4.5
11,1,82,4.23736429214,4.5
11,1,36,4.11602687836,5.0
11,1,36,4.11819458008,5.0
11,1,54,2.9283246994,2.5
11,1,54,2.9595386982,2.5
11,1,79,3.35622668266,4.5
11,1,79,3.37758088112,4.5
11,1,24,4.64559364319,3.25
11,1,24,4.62725925446,3.25
11,1,81,3.79813766479,4.5
11,1,81,3.79713964462,4.5
11,1,35,4.39690303802,4.5
11,1,35,4.36753416061,4.5
11,1,53,3.16257333755,5.25
11,1,53,3.19242572784,5.25
11,1,78,3.6212720871,5.0
11,1,78,3.62381196022,5.0
11,1,7,4.06174468994,4.25
11,1,7,4.07643556595,4.25
11,1,80,3.87426161766,6.0
11,1,80,3.83820533752,6.0
11,1,34,4.80385637283,4.5
11,1,34,4.7545042038,4.5
11,1,52,4.04644155502,4.25
11,1,52,4.05327129364,4.25
11,1,77,4.42535400391,6.0
11,1,77,4.42373466492,6.0
11,1,6,4.02282094955,5.0
11,1,6,4.04526376724,5.0
11,1,95,3.61755204201,4.25
11,1,95,3.57214021683,4.25
11,1,33,4.54979896545,5.0
11,1,33,4.52172613144,5.0
11,1,51,3.62583732605,4.75
11,1,51,3.6405620575,4.75
11,1,76,4.12748765945,4.0
11,1,76,4.12036800385,4.0
11,2,84,2.81879496574,4.75
11,2,84,2.78379225731,4.75
11,2,28,3.27372193336,4.5
11,2,28,3.27552509308,4.5
11,2,74,2.39643359184,4.25
11,2,74,2.38635587692,4.25
11,2,18,3.40149736404,4.0
11,2,18,3.40593647957,4.0
11,2,72,2.55875372887,4.25
11,2,72,2.54069447517,4.25
11,2,63,2.06450152397,2.75
11,2,63,2.0682516098,2.75
11,2,78,3.68857049942,5.5
11,2,78,3.67253136635,5.5
11,2,61,2.44604849815,3.25
11,2,61,2.46004319191,3.25
11,2,22,3.15485143661,3.75
11,2,22,3.14714479446,3.75
11,2,76,3.35825276375,5.5
11,2,76,3.39092969894,5.5
11,2,51,4.36375379562,4.5
11,2,51,4.3912358284,4.5
11,2,20,3.74711179733,4.75
11,2,20,3.77745342255,4.75
11,2,105,4.01820659637,4.5
11,2,105,4.01973104477,4.5
11,2,66,1.73819172382,1.75
11,2,66,1.68669378757,1.75
11,2,49,3.09201860428,2.75
11,2,49,3.09074115753,2.75
11,2,10,3.05108809471,4.75
11,2,10,3.05862569809,4.75
11,2,111,3.23703837395,4.5
11,2,111,3.23698782921,4.5
11,2,64,3.09760141373,4.25
11,2,64,3.08598470688,4.25
11,2,55,3.69869089127,4.5
11,2,55,3.74598455429,4.5
11,2,8,3.67407274246,5.0
11,2,8,3.68235301971,5.0
11,2,109,3.97435283661,4.75
11,2,109,3.99583292007,4.75
11,2,53,3.63116574287,4.5
11,2,53,3.64337158203,4.5
11,2,99,4.09498500824,5.5
11,2,99,4.07362508774,5.5
11,2,68,3.04763293266,4.0
11,2,68,3.04812145233,4.0
11,2,43,3.48162889481,5.25
11,2,43,3.47041583061,5.25
11,2,12,2.36558532715,2.25
11,2,12,2.37876200676,2.25
11,2,97,2.84573125839,3.75
11,2,97,2.8282263279,3.75
11,2,41,3.07347917557,4.75
11,2,41,3.08325600624,4.75
11,2,103,3.98267745972,5.25
11,2,103,3.96639299393,5.25
11,2,47,3.57800078392,4.0
11,2,47,3.61491274834,4.0
11,2,101,3.11065530777,4.75
11,2,101,3.11156702042,4.75
11,2,45,2.51514983177,4.25
11,2,45,2.50030779839,4.25
11,2,6,3.66219997406,5.5
11,2,6,3.66028380394,5.5
11,2,91,2.76621675491,4.5
11,2,91,2.72162246704,4.5
11,2,35,3.32469463348,3.75
11,2,35,3.32395648956,3.75
11,2,4,2.72001981735,4.0
11,2,4,2.70374155045,4.0
11,2,89,3.45244598389,4.75
11,2,89,3.44690608978,4.75
11,2,33,3.11783337593,4.25
11,2,33,3.13494348526,4.25
11,2,95,3.43288469315,4.0
11,2,95,3.44295549393,4.0
11,2,39,2.76704406738,4.5
11,2,39,2.77404284477,4.5
11,2,93,3.23541903496,5.0
11,2,93,3.2190656662,5.0
11,2,37,3.55495882034,5.0
11,2,37,3.56122970581,5.0
11,2,83,3.03832101822,4.0
11,2,83,3.05414485931,4.0
11,2,27,3.50981283188,5.5
11,2,27,3.54080462456,5.5
11,2,81,1.94150424004,3.0
11,2,81,1.90963494778,3.0
11,2,25,3.47637367249,5.0
11,2,25,3.48081040382,5.0
11,2,87,4.13210344315,4.25
11,2,87,4.14674043655,4.25
11,2,31,4.10473203659,5.0
11,2,31,4.17996120453,5.0
11,2,85,2.71694564819,5.0
11,2,85,2.70752263069,5.0
11,2,56,3.23008418083,4.75
11,2,56,3.2353014946,4.75
11,2,29,3.1663506031,4.75
11,2,29,3.17834115028,4.75
11,2,75,2.24790716171,2.5
11,2,75,2.20974946022,2.5
11,2,62,1.7336575985,1.75
11,2,62,1.67777693272,1.75
11,2,19,3.05708885193,5.25
11,2,19,3.03595328331,5.25
11,2,73,2.57158517838,4.25
11,2,73,2.54525566101,4.25
11,2,60,2.2796933651,2.5
11,2,60,2.24872565269,2.5
11,2,17,2.99498653412,3.75
11,2,17,2.99267578125,3.75
11,2,106,3.39505028725,3.0
11,2,106,3.37749147415,3.0
11,2,79,2.78380489349,4.25
11,2,79,2.76512289047,4.25
11,2,50,3.93092727661,4.25
11,2,50,3.94340753555,4.25
11,2,23,3.10217046738,5.75
11,2,23,3.10213804245,5.75
11,2,104,3.8007581234,6.0
11,2,104,3.785800457,6.0
11,2,77,3.01774048805,4.5
11,2,77,3.03234410286,4.5
11,2,48,3.60863089561,6.5
11,2,48,3.62757015228,6.5
11,2,21,4.23372030258,6.25
11,2,21,4.23249816895,6.25
11,2,110,4.36115407944,4.75
11,2,110,4.36331748962,4.75
11,2,67,2.68751072884,4.75
11,2,67,2.71486639977,4.75
11,2,54,2.70737218857,3.75
11,2,54,2.71066045761,3.75
11,2,11,2.14768958092,2.5
11,2,11,2.17412686348,2.5
11,2,65,2.70452570915,2.5
11,2,65,2.66792178154,2.5
11,2,52,4.1743144989,5.0
11,2,52,4.19960689545,5.0
11,2,9,3.66357731819,3.5
11,2,9,3.68320989609,3.5
11,2,98,2.92097330093,5.0
11,2,98,2.91600680351,5.0
11,2,42,3.24460434914,4.75
11,2,42,3.26859354973,4.75
11,2,96,3.16073584557,5.0
11,2,96,3.15538787842,5.0
11,2,69,2.80686712265,3.25
11,2,69,2.81762742996,3.25
11,2,40,3.47061729431,4.25
11,2,40,3.52700519562,4.25
11,2,102,3.64916801453,3.75
11,2,102,3.66805267334,3.75
11,2,46,3.27194619179,4.25
11,2,46,3.269957304,4.25
11,2,3,2.88724756241,5.0
11,2,3,2.87736320496,5.0
11,2,100,3.59713721275,4.5
11,2,100,3.61028885841,4.5
11,2,44,4.41675949097,5.5
11,2,44,4.45682668686,5.5
11,2,90,3.29178714752,3.25
11,2,90,3.26972150803,3.25
11,2,34,3.6280362606,6.5
11,2,34,3.66030955315,6.5
11,2,7,2.28098773956,0.75
11,2,7,2.24777388573,0.75
11,2,88,2.86620855331,5.0
11,2,88,2.86490774155,5.0
11,2,32,3.17607331276,5.25
11,2,32,3.20710849762,5.25
11,2,5,2.34793496132,2.25
11,2,5,2.31360030174,2.25
11,2,94,2.84978151321,4.25
11,2,94,2.86989283562,4.25
11,2,38,2.60545706749,4.25
11,2,38,2.59330654144,4.25
11,2,92,3.19715738297,5.5
11,2,92,3.19942998886,5.5
11,2,36,3.84894895554,4.25
11,2,36,3.84280753136,4.25
11,2,82,2.29267168045,4.75
11,2,82,2.2518863678,4.75
11,2,26,2.91142725945,3.5
11,2,26,2.93320989609,3.5
11,2,80,2.2016313076,3.75
11,2,80,2.20782852173,3.75
11,2,24,3.50876522064,5.0
11,2,24,3.54002904892,5.0
11,2,86,3.35325598717,5.75
11,2,86,3.33588719368,5.75
11,2,30,3.24868321419,4.0
11,2,30,3.25165128708,4.0
12,1,60,2.68937516212,3.75
12,1,60,2.69496941566,3.75
12,1,25,2.78838443756,5.75
12,1,25,2.77735924721,5.75
12,1,83,2.89076328278,5.5
12,1,83,2.87995123863,5.5
12,1,62,2.48933815956,2.5
12,1,62,2.50887775421,2.5
12,1,27,2.81970596313,4.5
12,1,27,2.80000185966,4.5
12,1,77,2.81315231323,4.75
12,1,77,2.7888584137,4.75
12,1,21,2.94309568405,4.5
12,1,21,2.94198608398,4.5
12,1,79,2.75684499741,4.25
12,1,79,2.75805616379,4.25
12,1,23,2.63172650337,3.5
12,1,23,2.64805078506,3.5
12,1,108,2.78841233253,3.25
12,1,108,2.76567554474,3.25
12,1,73,2.80619668961,4.25
12,1,73,2.79125618935,4.25
12,1,17,2.90372395515,5.0
12,1,17,2.90954494476,5.0
12,1,110,2.77467513084,5.0
12,1,110,2.7941327095,5.0
12,1,75,2.89903593063,5.25
12,1,75,2.90527009964,5.25
12,1,54,2.88180351257,4.75
12,1,54,2.89382743835,4.75
12,1,19,2.77847242355,3.75
12,1,19,2.78266501427,3.75
12,1,104,2.52894473076,2.5
12,1,104,2.55162739754,2.5
12,1,69,2.82254314423,3.75
12,1,69,2.83471822739,3.75
12,1,48,2.88405251503,4.5
12,1,48,2.89318704605,4.5
12,1,106,2.49042725563,1.25
12,1,106,2.48916864395,1.25
12,1,100,2.64612483978,2.75
12,1,100,2.61027503014,2.75
12,1,65,2.55846309662,4.5
12,1,65,2.60332727432,4.5
12,1,44,2.94241380692,5.5
12,1,44,2.96188306808,5.5
12,1,9,2.96997690201,4.75
12,1,9,2.96197509766,4.75
12,1,102,2.82597947121,4.5
12,1,102,2.80962896347,4.5
12,1,67,2.47242665291,2.75
12,1,67,2.48885440826,2.75
12,1,46,2.71380209923,3.5
12,1,46,2.72749423981,3.5
12,1,11,2.93249607086,5.0
12,1,11,2.95990490913,5.0
12,1,96,2.79111599922,3.25
12,1,96,2.79561114311,3.25
12,1,40,2.71126794815,4.25
12,1,40,2.68466424942,4.25
12,1,5,2.91161346436,6.0
12,1,5,2.90799307823,6.0
12,1,98,2.81342220306,3.75
12,1,98,2.82040071487,3.75
12,1,42,2.84288597107,4.25
12,1,42,2.85605430603,4.25
12,1,7,2.9587264061,6.25
12,1,7,2.96815299988,6.25
12,1,92,2.78077459335,3.25
12,1,92,2.78669548035,3.25
12,1,36,2.72385954857,5.0
12,1,36,2.6979393959,5.0
12,1,38,2.89325284958,5.5
12,1,38,2.8829741478,5.5
12,1,3,2.93026852608,6.0
12,1,3,2.96252131462,6.0
12,1,88,2.81502962112,4.5
12,1,88,2.79463100433,4.5
12,1,32,2.72324371338,5.25
12,1,32,2.76719093323,5.25
12,1,90,2.71818876266,4.0
12,1,90,2.71846652031,4.0
12,1,34,2.78359913826,5.5
12,1,34,2.80118846893,5.5
12,1,84,2.89500522614,4.5
12,1,84,2.8815112114,4.5
12,1,28,2.67280435562,5.0
12,1,28,2.68728351593,5.0
12,1,86,2.70919656754,3.0
12,1,86,2.72622179985,3.0
12,1,30,2.73468375206,4.0
12,1,30,2.75747203827,4.0
12,1,80,2.71371102333,4.0
12,1,80,2.68621015549,4.0
12,1,24,2.66133332253,5.25
12,1,24,2.63627791405,5.25
12,1,82,2.86613750458,4.0
12,1,82,2.85416698456,4.0
12,1,61,2.66250324249,4.0
12,1,61,2.68447041512,4.0
12,1,26,2.81676149368,5.0
12,1,26,2.79697227478,5.0
12,1,76,2.8602309227,4.0
12,1,76,2.86882209778,4.0
12,1,63,2.41943049431,3.0
12,1,63,2.42328190804,3.0
12,1,20,2.83705425262,4.75
12,1,20,2.87500739098,4.75
12,1,78,2.88477516174,6.0
12,1,78,2.85783529282,6.0
12,1,22,2.75310540199,4.5
12,1,22,2.74576187134,4.5
12,1,72,2.73906683922,3.25
12,1,72,2.74668097496,3.25
12,1,16,2.68068099022,5.25
12,1,16,2.69657611847,5.25
12,1,109,2.7742061615,3.5
12,1,109,2.77615785599,3.5
12,1,74,2.83485984802,5.0
12,1,74,2.83896970749,5.0
12,1,53,2.82443189621,4.5
12,1,53,2.86819648743,4.5
12,1,18,2.73936581612,4.25
12,1,18,2.7107963562,4.25
12,1,111,2.75666594505,2.75
12,1,111,2.74674224854,2.75
12,1,68,2.81303977966,4.25
12,1,68,2.80563116074,4.25
12,1,55,2.93131875992,5.0
12,1,55,2.97001171112,5.0
12,1,12,2.948782444,5.75
12,1,12,3.00294589996,5.75
12,1,105,2.57950949669,3.25
12,1,105,2.56998157501,3.25
12,1,49,2.67894124985,4.75
12,1,49,2.67953276634,4.75
12,1,107,2.71618151665,4.5
12,1,107,2.76723432541,4.5
12,1,64,2.81068778038,4.0
12,1,64,2.85245943069,4.0
12,1,8,3.086840868,5.25
12,1,8,3.11933422089,5.25
12,1,101,2.65132236481,3.25
12,1,101,2.63425922394,3.25
12,1,66,2.54835271835,3.0
12,1,66,2.55904555321,3.0
12,1,45,2.74662566185,5.0
12,1,45,2.77187585831,5.0
12,1,10,2.96927595139,5.25
12,1,10,2.97402191162,5.25
12,1,103,2.87668633461,4.5
12,1,103,2.90844202042,4.5
12,1,47,2.73863220215,5.5
12,1,47,2.76046252251,5.5
12,1,4,2.93662881851,6.25
12,1,4,2.93347501755,6.25
12,1,97,2.76800727844,4.25
12,1,97,2.7549238205,4.25
12,1,41,2.75276374817,3.75
12,1,41,2.75579357147,3.75
12,1,6,2.94827270508,5.0
12,1,6,2.97228336334,5.0
12,1,99,2.58629703522,1.75
12,1,99,2.59388828278,1.75
12,1,43,2.86347603798,4.75
12,1,43,2.87905240059,4.75
12,1,93,2.66655635834,3.75
12,1,93,2.68423819542,3.75
12,1,37,2.85219955444,4.5
12,1,37,2.88264584541,4.5
12,1,2,2.95348882675,6.5
12,1,2,2.96123123169,6.5
12,1,39,2.78461527824,5.75
12,1,39,2.8138923645,5.75
12,1,89,2.72643709183,3.5
12,1,89,2.72728061676,3.5
12,1,33,2.68911027908,4.25
12,1,33,2.66401100159,4.25
12,1,91,2.90462875366,4.5
12,1,91,2.917781353,4.5
12,1,35,2.79606986046,4.0
12,1,35,2.84236717224,4.0
12,1,85,2.95338869095,4.75
12,1,85,2.97584104538,4.75
12,1,29,2.56718540192,2.75
12,1,29,2.52961349487,2.75
12,1,87,2.77922558784,5.0
12,1,87,2.80814743042,5.0
12,1,31,2.86653590202,5.0
12,1,31,2.88384246826,5.0
12,1,81,2.66833305359,4.0
12,1,81,2.69094586372,4.0
12,2,14,2.73875904083,4.25
12,2,14,2.74222898483,4.25
12,2,37,2.78735589981,3.5
12,2,37,2.79935979843,3.5
12,2,64,2.34665083885,1.5
12,2,64,2.38429903984,1.5
12,2,8,2.68374061584,4.0
12,2,8,2.71105074883,4.0
12,2,39,2.44426846504,2.0
12,2,39,2.46780729294,2.0
12,2,66,2.32501506805,1.0
12,2,66,2.34814453125,1.0
12,2,10,2.80995368958,4.25
12,2,10,2.81468915939,4.25
12,2,33,2.77531456947,3.75
12,2,33,2.78908228874,3.75
12,2,4,2.68751072884,4.0
12,2,4,2.71950435638,4.0
12,2,35,2.80488467216,3.0
12,2,35,2.80214548111,3.0
12,2,6,2.65214943886,3.5
12,2,6,2.70174574852,3.5
12,2,93,2.70587897301,5.0
12,2,93,2.73672699928,5.0
12,2,95,2.6460981369,4.75
12,2,95,2.66896367073,4.75
12,2,89,2.57265973091,3.75
12,2,89,2.63451242447,3.75
12,2,116,2.6423573494,3.0
12,2,116,2.65968465805,3.0
12,2,91,2.67995977402,4.5
12,2,91,2.68945837021,4.5
12,2,62,2.47409319878,1.75
12,2,62,2.48880910873,1.75
12,2,85,2.70945286751,4.75
12,2,85,2.73657226562,4.75
12,2,112,2.74524593353,3.75
12,2,112,2.7795779705,3.75
12,2,29,2.76939105988,3.0
12,2,29,2.77430891991,3.0
12,2,56,2.80104351044,5.0
12,2,56,2.80864167213,5.0
12,2,87,2.64814662933,4.75
12,2,87,2.67134952545,4.75
12,2,114,2.60858774185,3.5
12,2,114,2.60843420029,3.5
12,2,31,2.76049733162,4.75
12,2,31,2.78604698181,4.75
12,2,58,2.78375029564,3.75
12,2,58,2.79049038887,3.75
12,2,81,2.79674959183,5.5
12,2,81,2.84273195267,5.5
12,2,108,2.48385715485,2.0
12,2,108,2.47540307045,2.0
12,2,25,2.84971761703,4.75
12,2,25,2.85823631287,4.75
12,2,52,2.81118106842,4.75
12,2,52,2.86536574364,4.75
12,2,83,2.51064777374,3.75
12,2,83,2.53537726402,3.75
12,2,110,2.56188249588,2.25
12,2,110,2.53325247765,2.25
12,2,27,2.80815958977,4.5
12,2,27,2.79361152649,4.5
12,2,54,2.79620885849,4.5
12,2,54,2.82416272163,4.5
12,2,77,2.71204161644,5.0
12,2,77,2.75281357765,5.0
12,2,104,2.55541706085,2.0
12,2,104,2.55190467834,2.0
12,2,21,2.62351226807,3.75
12,2,21,2.63158965111,3.75
12,2,48,2.89076566696,4.5
12,2,48,2.90970563889,4.5
12,2,79,2.72117853165,3.75
12,2,79,2.73958778381,3.75
12,2,106,2.61714696884,3.5
12,2,106,2.62584257126,3.5
12,2,23,2.80893445015,5.25
12,2,23,2.81486320496,5.25
12,2,50,2.90579199791,4.75
12,2,50,2.95018863678,4.75
12,2,73,2.35567998886,2.0
12,2,73,2.45069503784,2.0
12,2,100,2.56983184814,2.5
12,2,100,2.58053970337,2.5
12,2,44,2.70390939713,3.75
12,2,44,2.74733877182,3.75
12,2,102,2.49748277664,1.75
12,2,102,2.50059509277,1.75
12,2,19,2.86019134521,4.5
12,2,19,2.90118837357,4.5
12,2,46,2.85678386688,4.25
12,2,46,2.90621423721,4.25
12,2,69,2.36321616173,2.25
12,2,69,2.37806582451,2.25
12,2,96,2.70611643791,4.75
12,2,96,2.75553894043,4.75
12,2,13,2.64236736298,3.5
12,2,13,2.68955016136,3.5
12,2,40,2.86055350304,3.5
12,2,40,2.91551542282,3.5
12,2,71,2.35064196587,1.5
12,2,71,2.37275528908,1.5
12,2,98,2.65310692787,2.75
12,2,98,2.67970585823,2.75
12,2,42,2.76749014854,3.5
12,2,42,2.82833337784,3.5
12,2,65,2.40907049179,2.25
12,2,65,2.40084385872,2.25
12,2,9,2.62554430962,4.0
12,2,9,2.62539720535,4.0
12,2,36,2.64736700058,5.75
12,2,36,2.67058992386,5.75
12,2,67,2.5158572197,3.0
12,2,67,2.56037092209,3.0
12,2,11,2.62110114098,5.0
12,2,11,2.66388177872,5.0
12,2,5,2.68661546707,5.25
12,2,5,2.67704963684,5.25
12,2,32,2.742415905,3.25
12,2,32,2.78250980377,3.25
12,2,7,2.71971035004,5.0
12,2,7,2.66914057732,5.0
12,2,34,2.80924606323,4.25
12,2,34,2.82800793648,4.25
12,2,92,2.64665675163,3.5
12,2,92,2.65834879875,3.5
12,2,3,2.54249811172,3.75
12,2,3,2.57271051407,3.75
12,2,94,2.46300196648,2.5
12,2,94,2.52400779724,2.5
12,2,88,2.66904878616,5.0
12,2,88,2.6863360405,5.0
12,2,90,2.63083553314,3.25
12,2,90,2.65675473213,3.25
12,2,113,2.73739862442,3.25
12,2,113,2.74735546112,3.25
12,2,57,3.00224351883,4.75
12,2,57,3.01795101166,4.75
12,2,84,2.61068582535,4.25
12,2,84,2.60850310326,4.25
12,2,115,2.6071536541,2.75
12,2,115,2.59293937683,2.75
12,2,28,2.68219733238,4.75
12,2,28,2.70297288895,4.75
12,2,59,2.9105026722,5.0
12,2,59,2.94378900528,5.0
12,2,86,2.61171793938,4.0
12,2,86,2.63762950897,4.0
12,2,109,2.59955525398,3.25
12,2,109,2.60423445702,3.25
12,2,30,2.78753590584,4.5
12,2,30,2.8083794117,4.5
12,2,53,2.88740062714,3.75
12,2,53,2.92534208298,3.75
12,2,80,2.67688632011,5.25
12,2,80,2.69422578812,5.25
12,2,111,2.69613242149,4.0
12,2,111,2.71770858765,4.0
12,2,24,2.85240268707,4.25
12,2,24,2.87483692169,4.25
12,2,55,2.9301199913,4.5
12,2,55,2.93182253838,4.5
12,2,82,2.5360827446,2.5
12,2,82,2.5429122448,2.5
12,2,105,2.74596977234,4.0
12,2,105,2.76676702499,4.0
12,2,26,2.76027059555,2.75
12,2,26,2.77683496475,2.75
12,2,49,2.82244968414,5.25
12,2,49,2.82008600235,5.25
12,2,107,2.62036514282,2.25
12,2,107,2.59692144394,2.25
12,2,20,2.84623813629,4.0
12,2,20,2.84953856468,4.0
12,2,51,2.56381678581,3.0
12,2,51,2.54715037346,3.0
12,2,78,2.69233798981,4.0
12,2,78,2.73819518089,4.0
12,2,101,2.69641923904,3.0
12,2,101,2.7125658989,3.0
12,2,22,2.89189171791,5.0
12,2,22,2.91500592232,5.0
12,2,45,2.81981563568,4.0
12,2,45,2.86836409569,4.0
12,2,103,2.59344935417,2.5
12,2,103,2.59126210213,2.5
12,2,47,2.86079382896,4.75
12,2,47,2.91990661621,4.75
12,2,97,2.57829189301,1.5
12,2,97,2.56418991089,1.5
12,2,41,2.81693696976,5.25
12,2,41,2.87055063248,5.25
12,2,68,2.34031486511,2.0
12,2,68,2.38836288452,2.0
12,2,99,2.62124347687,3.25
12,2,99,2.607817173,3.25
12,2,12,2.83038949966,5.25
12,2,12,2.80502748489,5.25
12,2,43,2.86864185333,4.5
12,2,43,2.89767932892,4.5
12,2,70,2.25179195404,1.25
12,2,70,2.26850581169,1.25
16,2,107,2.75357341766,3.25
16,2,107,2.73619413376,3.25
16,2,78,2.59704756737,4.25
16,2,78,2.60520458221,4.25
16,2,37,2.61820793152,4.5
16,2,37,2.63205766678,4.5
16,2,109,2.54621386528,4.5
16,2,109,2.52693200111,4.5
16,2,39,2.82451891899,2.25
16,2,39,2.8520655632,2.25
16,2,111,2.56202077866,3.5
16,2,111,2.60074520111,3.5
16,2,66,2.83564019203,5.75
16,2,66,2.83678174019,5.75
16,2,25,2.7156496048,3.0
16,2,25,2.73272657394,3.0
16,2,97,2.81662845612,2.75
16,2,97,2.84808063507,2.75
16,2,68,2.70021533966,1.25
16,2,68,2.70632553101,1.25
16,2,27,2.89639043808,4.25
16,2,27,2.91049146652,4.25
16,2,99,2.80318117142,3.25
16,2,99,2.81159734726,3.25
16,2,70,2.50695753098,1.75
16,2,70,2.5501601696,1.75
16,2,29,2.97054195404,2.0
16,2,29,2.98500752449,2.0
16,2,101,3.05342769623,5.0
16,2,101,3.04583001137,5.0
16,2,56,2.59361314774,4.75
16,2,56,2.65660381317,4.75
16,2,31,2.6824631691,2.0
16,2,31,2.72736001015,2.0
16,2,103,2.67820501328,3.25
16,2,103,2.72769021988,3.25
16,2,58,2.65537428856,2.25
16,2,58,2.67283439636,2.25
16,2,89,2.58647060394,1.75
16,2,89,2.55232334137,1.75
16,2,60,2.87349271774,3.0
16,2,60,2.88031387329,3.0
16,2,91,2.6390709877,3.25
16,2,91,2.68195986748,3.25
16,2,21,2.73939967155,3.75
16,2,21,2.68897438049,3.75
16,2,93,2.88049483299,4.0
16,2,93,2.89651489258,4.0
16,2,48,2.88273358345,3.25
16,2,48,2.90801525116,3.25
16,2,23,2.84417104721,2.5
16,2,23,2.84231042862,2.5
16,2,95,2.88602542877,3.5
16,2,95,2.87024283409,3.5
16,2,50,2.40889000893,2.25
16,2,50,2.43463134766,2.25
16,2,9,2.84534192085,3.5
16,2,9,2.83705091476,3.5
16,2,81,2.51557159424,2.5
16,2,81,2.53904104233,2.5
16,2,52,2.54861307144,2.25
16,2,52,2.56450128555,2.25
16,2,11,2.85825443268,4.5
16,2,11,2.83427333832,4.5
16,2,83,2.58030080795,4.5
16,2,83,2.58990335464,4.5
16,2,54,2.74275898933,1.25
16,2,54,2.78670406342,1.25
16,2,13,2.78938961029,4.5
16,2,13,2.79655623436,4.5
16,2,85,2.55663633347,3.5
16,2,85,2.59315061569,3.5
16,2,40,2.68876242638,2.0
16,2,40,2.74352550507,2.0
16,2,15,2.68440461159,4.25
16,2,15,2.70767498016,4.25
16,2,112,2.48493862152,1.5
16,2,112,2.4692466259,1.5
16,2,87,2.60714578629,3.5
16,2,87,2.64485025406,3.5
16,2,42,2.61168956757,2.5
16,2,42,2.63407468796,2.5
16,2,114,2.7460873127,3.5
16,2,114,2.78287696838,3.5
16,2,73,2.59161877632,4.0
16,2,73,2.60058546066,4.0
16,2,44,2.7933921814,2.75
16,2,44,2.81864404678,2.75
16,2,116,2.72963619232,4.0
16,2,116,2.7696814537,4.0
16,2,46,2.72807526588,2.5
16,2,46,2.75338339806,2.5
16,2,5,2.6152048111,4.0
16,2,5,2.63959741592,4.0
16,2,77,2.58131504059,5.5
16,2,77,2.60838580132,5.5
16,2,32,2.80726408958,2.75
16,2,32,2.82596278191,2.75
16,2,7,2.81153535843,5.0
16,2,7,2.79180216789,5.0
16,2,104,2.79656887054,1.75
16,2,104,2.81612586975,1.75
16,2,79,2.59414482117,5.0
16,2,79,2.54929113388,5.0
16,2,34,2.64778375626,2.25
16,2,34,2.65239930153,2.25
16,2,106,2.63032865524,2.75
16,2,106,2.64898657799,2.75
16,2,65,2.90397381783,5.0
16,2,65,2.88064432144,5.0
16,2,36,2.74004483223,3.75
16,2,36,2.77425551414,3.75
16,2,108,2.44540262222,2.75
16,2,108,2.42441749573,2.75
16,2,67,2.42416000366,3.5
16,2,67,2.48216557503,3.5
16,2,38,2.64398193359,4.0
16,2,38,2.65133857727,4.0
16,2,110,2.55892729759,2.25
16,2,110,2.60427474976,2.25
16,2,69,2.72064828873,1.75
16,2,69,2.72958087921,1.75
16,2,24,2.9538834095,3.5
16,2,24,2.96415328979,3.5
16,2,96,2.55025482178,3.5
16,2,96,2.54867529869,3.5
16,2,71,2.77402210236,4.0
16,2,71,2.80773973465,4.0
16,2,26,2.77409625053,3.25
16,2,26,2.81158971786,3.25
16,2,98,2.88551998138,4.5
16,2,98,2.92777967453,4.5
16,2,57,2.63560461998,3.0
16,2,57,2.69554138184,3.0
16,2,28,2.90435409546,3.25
16,2,28,2.906208992,3.25
16,2,100,2.58103609085,3.25
16,2,100,2.57667398453,3.25
16,2,59,2.63806891441,3.0
16,2,59,2.68541288376,3.0
16,2,30,2.70953893661,3.0
16,2,30,2.74585795403,3.0
16,2,102,2.64670276642,1.75
16,2,102,2.64629125595,1.75
16,2,61,2.78572416306,2.5
16,2,61,2.77411937714,2.5
16,2,88,2.69502735138,3.75
16,2,88,2.69176387787,3.75
16,2,90,2.47949504852,1.75
16,2,90,2.48721694946,1.75
16,2,49,2.68570685387,2.75
16,2,49,2.74139618874,2.75
16,2,92,2.78679323196,2.5
16,2,92,2.80267286301,2.5
16,2,51,2.84391069412,3.5
16,2,51,2.85180783272,3.5
16,2,22,2.57513856888,1.75
16,2,22,2.63203167915,1.75
16,2,94,2.53096318245,4.0
16,2,94,2.49957323074,4.0
16,2,53,2.71176958084,4.0
16,2,53,2.72650766373,4.0
16,2,8,2.70120334625,3.25
16,2,8,2.76291799545,3.25
16,2,80,2.60075807571,4.0
16,2,80,2.59365606308,4.0
16,2,55,2.78602981567,4.0
16,2,55,2.79878997803,4.0
16,2,10,2.81020641327,5.5
16,2,10,2.81420612335,5.5
16,2,82,2.66329479218,2.25
16,2,82,2.70469045639,2.25
16,2,41,2.75684762001,1.75
16,2,41,2.80724596977,1.75
16,2,12,2.9102294445,5.5
16,2,12,2.91014862061,5.5
16,2,113,2.5869603157,2.5
16,2,113,2.61253666878,2.5
16,2,84,2.56026148796,3.75
16,2,84,2.49287223816,3.75
16,2,43,2.64086341858,2.25
16,2,43,2.64374136925,2.25
16,2,14,2.81872272491,4.0
16,2,14,2.89720344543,4.0
16,2,115,2.6987991333,2.75
16,2,115,2.71292829514,2.75
16,2,86,2.82673382759,4.5
16,2,86,2.80828714371,4.5
16,2,45,2.75629425049,3.0
16,2,45,2.78842735291,3.0
16,2,72,2.62028264999,2.25
16,2,72,2.65585303307,2.25
16,2,47,2.75951480865,1.75
16,2,47,2.81461596489,1.75
16,2,33,2.81204748154,1.5
16,2,33,2.82345867157,1.5
16,2,105,2.73783397675,3.75
16,2,105,2.74441552162,3.75
16,2,76,2.81055235863,3.0
16,2,76,2.7827270031,3.0
16,2,35,2.75949549675,2.5
16,2,35,2.80525827408,2.5
16,2,6,2.73304200172,4.5
16,2,6,2.70627355576,4.5
17,1,87,5.08542013168,2.5
17,1,87,5.05505895615,2.5
17,1,56,4.75594139099,3.25
17,1,56,4.71054124832,3.25
17,1,31,2.55639886856,4.0
17,1,31,2.5487408638,4.0
17,1,73,4.91725683212,4.25
17,1,73,4.87395334244,4.25
17,1,17,6.43090486526,3.0
17,1,17,6.39114761353,3.0
17,1,75,2.72295808792,1.75
17,1,75,2.7212843895,1.75
17,1,60,1.98112285137,3.0
17,1,60,1.9422826767,3.0
17,1,19,5.88142061234,4.0
17,1,19,5.83646202087,4.0
17,1,77,2.83525729179,3.5
17,1,77,2.78889250755,3.5
17,1,62,1.54252278805,1.75
17,1,62,1.55508959293,1.75
17,1,21,4.27249145508,2.5
17,1,21,4.21378993988,2.5
17,1,104,4.83039188385,3.25
17,1,104,4.82139348984,3.25
17,1,79,5.54975652695,3.25
17,1,79,5.53108882904,3.25
17,1,23,6.32406187057,2.5
17,1,23,6.25032329559,2.5
17,1,106,5.26819181442,2.75
17,1,106,5.21054935455,2.75
17,1,65,0.820634365082,1.25
17,1,65,0.84240591526,1.25
17,1,50,3.80075263977,3.75
17,1,50,3.74261808395,3.75
17,1,9,1.85696184635,1.5
17,1,9,1.85243582726,1.5
17,1,108,3.92638921738,2.5
17,1,108,3.93694829941,2.5
17,1,67,2.47723484039,3.0
17,1,67,2.4896030426,3.0
17,1,52,4.55755138397,2.75
17,1,52,4.52644109726,2.75
17,1,11,1.82935607433,1.5
17,1,11,1.80774748325,1.5
17,1,110,3.77278375626,3.5
17,1,110,3.75363612175,3.5
17,1,69,3.71375751495,2.5
17,1,69,3.69595909119,2.5
17,1,54,4.32909822464,3.25
17,1,54,4.32332801819,3.25
17,1,96,4.56338119507,1.5
17,1,96,4.57690382004,1.5
17,1,40,4.74276161194,3.0
17,1,40,4.70334100723,3.0
17,1,98,3.24397158623,3.5
17,1,98,3.20939254761,3.5
17,1,42,3.00305318832,3.75
17,1,42,2.98055315018,3.75
17,1,100,5.65808725357,2.75
17,1,100,5.61552333832,2.75
17,1,44,4.53108453751,3.5
17,1,44,4.50459194183,3.5
17,1,102,3.55479192734,3.75
17,1,102,3.51887893677,3.75
17,1,46,3.79722213745,4.0
17,1,46,3.73816585541,4.0
17,1,5,4.14024877548,2.75
17,1,5,4.12857532501,2.75
17,1,88,4.45756816864,4.25
17,1,88,4.44778394699,4.25
17,1,32,4.86406755447,4.5
17,1,32,4.87445020676,4.5
17,1,7,4.45200967789,2.75
17,1,7,4.35755348206,2.75
17,1,90,4.37787389755,5.5
17,1,90,4.33616161346,5.5
17,1,34,2.57689833641,3.25
17,1,34,2.53118062019,3.25
17,1,92,5.28436374664,5.25
17,1,92,5.25991296768,5.25
17,1,36,4.34194231033,2.75
17,1,36,4.30058479309,2.75
17,1,94,5.72165679932,3.5
17,1,94,5.75048160553,3.5
17,1,38,4.7264995575,2.25
17,1,38,4.69304275513,2.25
17,1,80,5.09105014801,4.25
17,1,80,5.03800725937,4.25
17,1,24,5.0850186348,3.25
17,1,24,5.0359711647,3.25
17,1,82,3.89138793945,5.0
17,1,82,3.84154295921,5.0
17,1,26,4.62067604065,3.0
17,1,26,4.58428096771,3.0
17,1,84,5.29252672195,4.25
17,1,84,5.26322031021,4.25
17,1,28,5.51806545258,4.25
17,1,28,5.47060012817,4.25
17,1,86,3.8078751564,4.0
17,1,86,3.78287005424,4.0
17,1,59,1.65940415859,2.5
17,1,59,1.62306177616,2.5
17,1,30,3.27194404602,5.25
17,1,30,3.20423793793,5.25
17,1,72,5.19706535339,5.25
17,1,72,5.13715648651,5.25
17,1,61,3.71233820915,2.25
17,1,61,3.67573809624,2.25
17,1,74,4.97029256821,3.25
17,1,74,4.94584798813,3.25
17,1,63,3.97958707809,1.75
17,1,63,3.97781038284,1.75
17,1,18,3.77890539169,2.75
17,1,18,3.72497367859,2.75
17,1,105,4.84892606735,3.75
17,1,105,4.82086420059,3.75
17,1,76,4.73604297638,4.5
17,1,76,4.69392871857,4.5
17,1,20,3.15421676636,3.5
17,1,20,3.13528513908,3.5
17,1,107,4.55657625198,3.25
17,1,107,4.55371379852,3.25
17,1,78,3.63339519501,4.25
17,1,78,3.59529471397,4.25
17,1,51,5.09255409241,3.0
17,1,51,5.05744886398,3.0
17,1,22,3.96229028702,3.0
17,1,22,3.91126871109,3.0
17,1,109,3.84305381775,2.5
17,1,109,3.873254776,2.5
17,1,64,3.82781362534,1.0
17,1,64,3.83805298805,1.0
17,1,53,5.61326026917,2.75
17,1,53,5.58435153961,2.75
17,1,8,3.56591892242,2.75
17,1,8,3.52161598206,2.75
17,1,111,2.84703207016,2.0
17,1,111,2.82312178612,2.0
17,1,66,3.62767004967,0.75
17,1,66,3.64546704292,0.75
17,1,55,3.72730302811,2.5
17,1,55,3.70858049393,2.5
17,1,10,1.65418887138,1.5
17,1,10,1.66066360474,1.5
17,1,97,4.88381814957,2.5
17,1,97,4.89603281021,2.5
17,1,68,2.96879482269,3.75
17,1,68,2.9402179718,3.75
17,1,41,3.39004182816,3.25
17,1,41,3.38220357895,3.25
17,1,12,3.81299686432,2.25
17,1,12,3.75810527802,2.25
17,1,99,4.8504357338,3.5
17,1,99,4.78667068481,3.5
17,1,43,5.44436597824,4.25
17,1,43,5.38644123077,4.25
17,1,14,3.65161061287,1.5
17,1,14,3.63185548782,1.5
17,1,101,4.83759832382,3.0
17,1,101,4.80483341217,3.0
17,1,45,3.94749689102,3.0
17,1,45,3.92429208755,3.0
17,1,103,3.11164736748,3.0
17,1,103,3.09328174591,3.0
17,1,89,3.86166954041,3.25
17,1,89,3.822930336,3.25
17,1,33,3.00562095642,3.75
17,1,33,2.97957229614,3.75
17,1,4,1.89662289619,2.75
17,1,4,1.89080810547,2.75
17,1,91,5.06294965744,3.5
17,1,91,5.03476905823,3.5
17,1,35,4.78266048431,2.5
17,1,35,4.75645208359,2.5
17,1,6,2.14782500267,2.75
17,1,6,2.1333296299,2.75
17,1,93,3.23270845413,3.5
17,1,93,3.21250581741,3.5
17,1,37,5.91386365891,2.5
17,1,37,5.8879942894,2.5
17,1,95,5.36518287659,5.25
17,1,95,5.33202695847,5.25
17,1,39,2.46848392487,4.5
17,1,39,2.41604661942,4.5
17,1,81,3.58888101578,4.5
17,1,81,3.54066705704,4.5
17,1,25,4.20621109009,3.75
17,1,25,4.16589689255,3.75
17,1,83,3.75451922417,3.5
17,1,83,3.72371912003,3.5
17,1,27,5.07551574707,4.5
17,1,27,5.00604438782,4.5
17,1,85,3.42935848236,4.75
17,1,85,3.36202287674,4.75
17,1,29,5.4309425354,4.0
17,1,29,5.37098884583,4.0
18,1,94,3.37420129776,2.5
18,1,94,3.35635948181,2.5
18,1,20,3.55326747894,2.75
18,1,20,3.50483989716,2.75
18,1,49,4.00040245056,1.5
18,1,49,3.98200941086,1.5
18,1,92,4.5274643898,2.25
18,1,92,4.54417705536,2.25
18,1,18,3.60141420364,2.75
18,1,18,3.55621528625,2.75
18,1,47,3.74966907501,1.75
18,1,47,3.76377105713,1.75
18,1,90,2.95613408089,2.5
18,1,90,2.97810006142,2.5
18,1,16,3.45694208145,2.33333
18,1,16,3.45508718491,2.33333
18,1,45,4.61968564987,4.75
18,1,45,4.64521455765,4.75
18,1,88,4.36277198792,2.75
18,1,88,4.40785264969,2.75
18,1,43,3.48392438889,4.25
18,1,43,3.47045731544,4.25
18,1,86,5.48641109467,2.5
18,1,86,5.52006626129,2.5
18,1,12,4.24386167526,6.0
18,1,12,4.23866891861,6.0
18,1,41,5.85651063919,4.0
18,1,41,5.88334274292,4.0
18,1,84,4.02096509933,4.5
18,1,84,4.06347990036,4.5
18,1,10,4.32400894165,1.75
18,1,10,4.29108953476,1.75
18,1,39,5.15171957016,4.0
18,1,39,5.19791889191,4.0
18,1,82,2.82087731361,3.25
18,1,82,2.82264709473,3.25
18,1,111,3.71996545792,2.75
18,1,111,3.75073456764,2.75
18,1,8,2.27177381516,2.25
18,1,8,2.24817609787,2.25
18,1,37,4.07843399048,2.75
18,1,37,4.09420585632,2.75
18,1,80,2.65203118324,3.5
18,1,80,2.69259119034,3.5
18,1,109,4.74096488953,3.0
18,1,109,4.7633895874,3.0
18,1,6,4.51613998413,3.5
18,1,6,4.50505924225,3.5
18,1,35,3.07881069183,2.25
18,1,35,3.13549757004,2.25
18,1,78,2.47355318069,2.0
18,1,78,2.48808169365,2.0
18,1,107,4.49922370911,3.0
18,1,107,4.49408149719,3.0
18,1,4,3.89465618134,3.0
18,1,4,3.82738399506,3.0
18,1,33,2.74339222908,1.0
18,1,33,2.72429823875,1.0
18,1,76,2.1789791584,2.0
18,1,76,2.17906188965,2.0
18,1,105,4.1094379425,1.75
18,1,105,4.13859176636,1.75
18,1,2,4.47305870056,4.25
18,1,2,4.46352481842,4.25
18,1,74,2.45206880569,1.5
18,1,74,2.4522652626,1.5
18,1,103,3.22902274132,2.0
18,1,103,3.2602455616,2.0
18,1,101,4.06139087677,2.25
18,1,101,4.06994533539,2.25
18,1,62,3.00120592117,1.5
18,1,62,3.08911108971,1.5
18,1,99,2.59636044502,2.5
18,1,99,2.62089896202,2.5
18,1,60,1.97699713707,1.0
18,1,60,2.01925134659,1.0
18,1,68,2.60643029213,2.5
18,1,68,2.61162853241,2.5
18,1,97,5.19201660156,3.25
18,1,97,5.24287414551,3.25
18,1,66,3.34885239601,1.75
18,1,66,3.36324810982,1.75
18,1,31,4.21209907532,3.75
18,1,31,4.19707536697,3.75
18,1,56,4.41106271744,3.25
18,1,56,4.46830892563,3.25
18,1,64,3.34261250496,2.25
18,1,64,3.35299301147,2.25
18,1,29,4.99350452423,3.75
18,1,29,5.05453491211,3.75
18,1,54,3.62096571922,1.25
18,1,54,3.63673353195,1.25
18,1,27,5.24655485153,3.75
18,1,27,5.23085784912,3.75
18,1,25,6.24100875854,3.0
18,1,25,6.27630805969,3.0
18,1,50,4.09516763687,2.25
18,1,50,4.06855297089,2.25
18,1,23,5.72616004944,2.5
18,1,23,5.75637817383,2.5
18,1,48,3.60494709015,1.75
18,1,48,3.59809541702,1.75
18,1,95,4.57416057587,4.25
18,1,95,4.58696460724,4.25
18,1,21,3.80279541016,2.5
18,1,21,3.78139710426,2.5
18,1,46,4.10449981689,2.25
18,1,46,4.10331821442,2.25
18,1,93,3.61880970001,2.0
18,1,93,3.62217903137,2.0
18,1,19,2.50646781921,2.75
18,1,19,2.49714589119,2.75
18,1,44,5.82004070282,2.5
18,1,44,5.84973859787,2.5
18,1,91,3.7704782486,2.5
18,1,91,3.78521203995,2.5
18,1,17,4.34086418152,3.0
18,1,17,4.35952281952,3.0
18,1,42,4.12778329849,2.5
18,1,42,4.14405059814,2.5
18,1,89,3.50807070732,2.25
18,1,89,3.5333044529,2.25
18,1,40,3.02251195908,4.0
18,1,40,3.03051328659,4.0
18,1,87,5.05769062042,3.25
18,1,87,5.05760478973,3.25
18,1,112,4.58302783966,1.25
18,1,112,4.60093688965,1.25
18,1,38,5.11300849915,3.5
18,1,38,5.12141609192,3.5
18,1,85,3.85222911835,4.0
18,1,85,3.85361933708,4.0
18,1,110,4.24375295639,1.75
18,1,110,4.32002449036,1.75
18,1,11,3.25602984428,5.75
18,1,11,3.30465149879,5.75
18,1,36,3.50448989868,2.25
18,1,36,3.56352114677,2.25
18,1,83,3.04869031906,3.75
18,1,83,3.10153031349,3.75
18,1,108,3.77690696716,2.5
18,1,108,3.81849813461,2.5
18,1,9,2.72853660583,2.0
18,1,9,2.74187612534,2.0
18,1,34,3.63303732872,2.25
18,1,34,3.62352538109,2.25
18,1,81,3.54118037224,3.75
18,1,81,3.64065551758,3.75
18,1,106,4.12981796265,1.25
18,1,106,4.16389799118,1.25
18,1,7,3.55922937393,2.5
18,1,7,3.52435064316,2.5
18,1,32,3.50108194351,1.25
18,1,32,3.46433258057,1.25
18,1,79,2.90951108932,2.25
18,1,79,2.92642831802,2.25
18,1,104,4.0615644455,3.25
18,1,104,4.06657886505,3.25
18,1,5,3.85329246521,1.5
18,1,5,3.82971048355,1.5
18,1,77,3.00866556168,1.0
18,1,77,2.98256969452,1.0
18,1,102,4.27870082855,2.25
18,1,102,4.29623222351,2.25
18,1,3,2.45761442184,2.25
18,1,3,2.45534110069,2.25
18,1,75,1.87301719189,1.0
18,1,75,1.82122898102,1.0
18,1,100,4.11999797821,3.75
18,1,100,4.17219543457,3.75
18,1,73,2.97839021683,2.0
18,1,73,2.94863414764,2.0
18,1,98,3.57420396805,2.25
18,1,98,3.6350414753,2.25
18,1,96,4.06841278076,2.5
18,1,96,4.04936790466,2.5
18,1,61,3.89672660828,3.25
18,1,61,3.89344072342,3.25
18,1,69,2.82916164398,1.0
18,1,69,2.84650158882,1.0
18,1,30,4.35000038147,2.75
18,1,30,4.32912826538,2.75
18,1,59,4.01126050949,1.66667
18,1,59,3.99434280396,1.66667
18,1,67,3.65298175812,1.0
18,1,67,3.69725513458,1.0
18,1,28,4.83615112305,3.25
18,1,28,4.88524580002,3.25
18,1,65,3.36627101898,1.0
18,1,65,3.41812634468,1.0
18,1,26,5.44492959976,2.75
18,1,26,5.48864507675,2.75
18,1,55,4.25042057037,1.75
18,1,55,4.27382278442,1.75
18,1,24,5.53298711777,3.25
18,1,24,5.49858760834,3.25
18,1,53,4.56001758575,3.25
18,1,53,4.58987808228,3.25
18,1,22,5.10670661926,3.75
18,1,22,5.1033744812,3.75
18,1,51,3.35703253746,1.25
18,1,51,3.40087985992,1.25
