3,1,1,2.5766,3.875
3,1,1,3.0173,3.875
3,1,2,1.7849,4.5
3,1,2,3.0051,4.5
3,1,3,2.0493,3.0
3,1,3,2.5886,3.0
3,1,4,1.6423,3.25
3,1,4,2.5910,3.25
3,1,5,1.4712,6.0
3,1,5,2.2397,6.0
3,1,6,1.4429,4.5
3,1,6,2.2529,4.5
3,1,7,1.7339,4.75
3,1,7,2.5235,4.75
3,1,8,1.7373,3.5
3,1,8,2.5016,3.5
3,1,10,1.5696,2.875
3,1,10,2.6307,2.875
3,1,14,1.6106,3.75
3,1,14,3.5013,3.75
3,1,15,1.6462,5.0
3,1,15,2.6575,5.0
3,1,16,1.6037,4.75
3,1,16,2.5503,4.75
3,1,17,1.5546,5.0
3,1,17,2.3805,5.0
3,1,18,1.3291,3.75
3,1,18,2.3341,3.75
3,1,20,1.3310,2.5
3,1,20,2.2032,2.5
3,1,21,1.5562,4.5
3,1,21,2.6163,4.5
3,1,22,1.8836,4.83333
3,1,22,2.4815,4.83333
3,1,24,1.6813,4.5
3,1,24,2.0325,4.5
3,1,25,1.6797,5.5
3,1,25,2.8610,5.5
3,1,26,1.6616,4.0
3,1,26,2.7449,4.0
3,1,27,1.8002,5.25
3,1,27,2.9820,5.25
3,1,28,1.3748,4.75
3,1,28,2.6422,4.75
3,1,29,1.7754,1.25
3,1,29,3.0598,1.25
3,1,30,1.2496,4.5
3,1,30,3.1308,4.5
3,1,33,1.4008,3.0
3,1,33,2.6314,3.0
3,1,34,1.4555,4.125
3,1,34,2.4177,4.125
3,1,35,1.5740,4.375
3,1,35,2.5007,4.375
3,1,40,1.5621,5.0
3,1,40,3.1890,5.0
3,1,43,1.3334,4.0
3,1,43,2.8689,4.0
3,1,44,1.3050,3.0
3,1,44,3.0538,3.0
3,1,45,1.3997,4.25
3,1,45,3.2058,4.25
3,1,46,1.1914,5.0
3,1,46,3.0624,5.0
3,1,47,1.3630,4.25
3,1,47,2.9801,4.25
3,1,48,1.4898,2.5
3,1,48,2.7359,2.5
3,1,49,1.4157,5.0
3,1,49,2.9119,5.0
3,1,50,1.4129,4.66667
3,1,50,3.2374,4.66667
3,1,51,1.2540,4.5
3,1,51,2.7038,4.5
3,1,52,1.3821,3.5
3,1,52,3.2715,3.5
3,1,55,1.8943,3.25
3,1,55,3.2276,3.25
3,1,56,1.5323,4.0
3,1,56,3.0675,4.0
3,1,57,1.4482,4.875
3,1,57,3.3720,4.875
3,1,58,1.5059,4.5
3,1,58,3.3481,4.5
3,1,59,1.6293,5.5
3,1,59,3.4504,5.5
3,1,60,1.3716,5.5
3,1,60,3.6210,5.5
3,1,61,1.6183,5.5
3,1,61,3.7538,5.5
3,1,62,1.7011,4.375
3,1,62,3.0336,4.375
3,1,63,1.4385,4.75
3,1,63,2.9155,4.75
3,1,64,1.3485,5.75
3,1,64,3.4329,5.75
3,1,65,1.3832,6.25
3,1,65,3.5372,6.25
3,1,66,1.7925,3.0
3,1,66,2.8669,3.0
3,1,70,1.4134,2.75
3,1,70,3.1862,2.75
3,1,71,1.5271,2.0
3,1,71,3.0006,2.0
3,1,73,1.4609,3.0
3,1,73,2.8751,3.0
3,1,74,1.6224,4.0
3,1,74,2.4492,4.0
3,1,75,1.5554,4.0
3,1,75,2.0972,4.0
3,1,78,1.4918,5.25
3,1,78,2.6137,5.25
3,1,79,1.5479,5.25
3,1,79,3.3157,5.25
3,1,80,1.5247,2.75
3,1,80,3.4246,2.75
3,1,81,1.4397,2.75
3,1,81,2.3298,2.75
3,1,82,1.3251,3.0
3,1,82,3.5383,3.0
3,1,83,1.2939,4.5
3,1,83,3.1829,4.5
3,1,84,1.1717,3.75
3,1,84,3.0635,3.75
3,1,85,1.2536,2.0
3,1,85,3.0650,2.0
3,1,86,1.3250,4.25
3,1,86,2.9088,4.25
3,1,87,1.6345,4.25
3,1,87,2.8154,4.25
3,1,88,1.5295,4.0
3,1,88,2.9837,4.0
3,1,89,1.7214,4.25
3,1,89,2.7226,4.25
3,1,90,1.6389,3.75
3,1,90,2.6513,3.75
3,1,91,1.2720,4.0
3,1,91,2.7507,4.0
3,1,92,1.2102,3.5
3,1,92,2.1376,3.5
3,1,93,1.3022,3.25
3,1,93,2.5168,3.25
3,1,94,1.3822,3.25
3,1,94,2.8394,3.25
3,1,95,1.3195,3.75
3,1,95,3.1039,3.75
3,1,96,1.4561,3.875
3,1,96,3.0100,3.875
3,1,97,1.2873,1.25
3,1,97,2.5735,1.25
3,1,98,1.3584,1.75
3,1,98,2.8675,1.75
3,1,99,1.4402,1.5
3,1,99,2.9060,1.5
3,1,100,1.3393,2.375
3,1,100,2.3064,2.375
3,1,101,1.4251,4.375
3,1,101,2.4793,4.375
3,1,102,1.5357,5.25
3,1,102,1.7228,5.25
3,1,103,1.2726,1.5
3,1,103,2.8974,1.5
3,1,104,1.2978,3.5
3,1,104,2.2815,3.5
3,1,105,1.2505,1.25
3,1,105,2.4475,1.25
3,1,106,1.3758,2.75
3,1,106,2.4783,1.875
3,2,2,3.2541,1.875
3,2,2,3.5137,3.25
3,2,5,3.4698,3.25
3,2,5,3.3361,5.25
3,2,6,3.3182,5.25
3,2,6,3.6642,6.0
3,2,7,3.8093,6.0
3,2,7,3.7210,6.0
3,2,8,3.6169,6.0
3,2,8,3.5854,4.5
3,2,9,2.8744,4.5
3,2,9,3.4726,4.0
3,2,10,3.1227,4.0
3,2,10,3.5262,4.125
3,2,11,2.8714,4.125
3,2,11,3.5661,5.25
3,2,12,3.0853,5.25
3,2,12,3.4636,5.0
3,2,13,3.1620,5.0
3,2,13,3.6595,3.75
3,2,14,2.8018,3.75
3,2,14,2.3885,2.5
3,2,26,2.5192,2.5
3,2,26,2.4470,4.0
3,2,27,2.3872,4.0
3,2,27,2.6129,4.0
3,2,28,2.3670,4.0
3,2,28,2.6965,4.0
3,2,29,2.3592,4.0
3,2,29,2.7391,3.625
3,2,30,2.6673,3.625
3,2,30,2.6966,3.25
3,2,31,2.5124,3.25
3,2,31,2.6919,3.25
3,2,32,2.5414,3.25
3,2,32,2.2223,3.5
3,2,34,2.3981,3.5
3,2,34,2.4725,3.875
3,2,35,2.2136,3.875
3,2,35,2.0353,2.75
3,2,36,2.3291,2.75
3,2,36,2.3095,2.25
3,2,37,2.8113,2.25
3,2,37,2.5782,3.25
3,2,38,2.3588,3.25
3,2,38,2.2712,4.25
3,2,39,2.3106,4.25
3,2,39,2.2530,2.75
3,2,40,2.4586,2.75
3,2,40,2.5451,3.5
3,2,41,2.0437,3.5
3,2,41,2.4383,2.5
3,2,42,2.4671,2.5
3,2,42,2.2172,4.0
3,2,43,2.3314,4.0
3,2,43,2.6150,5.0
3,2,44,2.6218,5.0
3,2,44,2.5801,3.25
3,2,45,2.0273,3.25
3,2,45,2.1349,4.5
3,2,46,2.3125,4.5
3,2,46,2.0663,3.875
3,2,47,2.4346,3.875
3,2,47,3.4610,4.25
3,2,48,2.4209,4.25
3,2,48,2.3843,3.75
3,2,50,2.4284,3.75
3,2,50,2.6238,4.0
3,2,51,2.8841,4.0
3,2,51,2.6042,1.5
3,2,52,2.1677,1.5
3,2,52,2.7088,4.5
3,2,53,1.9038,4.5
3,2,53,2.4014,3.33333
3,2,55,2.7867,3.33333
3,2,55,2.3088,4.25
3,2,56,2.0739,4.25
3,2,56,1.9537,2.25
3,2,59,2.8517,2.25
3,2,59,3.1441,3.75
3,2,60,3.2103,3.75
3,2,60,2.9150,4.375
3,2,61,2.5757,4.375
3,2,61,3.2655,5.25
3,2,62,2.6977,5.25
3,2,62,2.6506,1.25
3,2,63,2.6514,1.25
3,2,63,2.8103,2.375
3,2,64,2.5793,2.375
3,2,64,3.3913,3.75
3,2,66,2.4922,3.75
3,2,66,2.9873,5.25
3,2,67,2.3170,5.25
3,2,67,3.3001,5.5
3,2,68,2.5520,5.5
3,2,68,2.8044,1.25
3,2,69,2.5993,1.25
3,2,69,2.7986,3.66667
3,2,70,2.4477,3.66667
3,2,70,2.8996,2.375
3,2,71,2.3735,2.375
3,2,71,3.0140,3.75
3,2,73,2.5637,3.75
3,2,73,2.5384,2.75
3,2,78,2.3073,2.75
3,2,78,3.0547,3.75
3,2,79,2.2042,3.75
3,2,79,3.0958,4.75
3,2,80,2.4812,4.75
3,2,80,2.8206,4.375
3,2,81,2.1096,4.375
3,2,81,2.5316,3.25
3,2,82,1.9317,3.25
3,2,82,2.9411,4.25
3,2,83,2.2851,4.25
3,2,83,2.9702,4.0
3,2,84,2.0078,4.0
3,2,84,2.7453,3.25
3,2,85,1.7651,3.25
3,2,85,2.6716,2.75
3,2,86,2.5056,2.75
3,2,86,2.9931,3.75
3,2,87,2.3014,3.75
3,2,87,2.5552,4.0
3,2,88,2.3731,4.0
3,2,88,2.7248,4.25
3,2,90,2.5377,4.25
3,2,90,2.6153,4.5
3,2,91,2.4966,4.5
3,2,91,2.7598,3.75
3,2,94,2.1648,3.75
3,2,94,2.5416,1.5
3,2,95,2.2560,1.5
3,2,95,2.2259,3.125
3,2,96,2.1438,3.125
3,2,96,2.7566,5.0
3,2,97,2.4162,5.0
3,2,97,2.9158,4.5
3,2,98,2.4027,4.5
3,2,98,2.3794,2.625
3,2,99,2.3738,2.625
3,2,99,3.0612,1.25
3,2,100,2.5125,1.25
3,2,100,2.7498,3.125
3,2,101,2.9139,3.125
3,2,101,2.7650,2.0
3,2,102,2.5753,2.0
3,2,102,2.7968,4.0
3,2,103,2.8402,4.0
3,2,103,2.4983,3.5
3,2,104,2.0793,3.5
3,2,104,2.6110,3.5
3,2,105,1.9914,3.5
3,2,105,2.6664,3.875
3,2,106,2.3139,3.875
3,2,106,2.9820,4.625
3,2,107,2.2323,4.625
3,2,107,2.9892,4.0
3,2,108,1.8255,4.0
3,2,108,2.7793,4.25
3,2,110,2.3803,4.25
3,2,110,2.2485,3.5
3,2,111,1.6266,3.5
3,2,111,2.5988,3.0
4,1,23,1.7780,1.0
4,1,23,4.2788,1.0
4,1,30,2.0964,1.125
4,1,30,3.1482,1.125
4,1,31,1.5611,2.25
4,1,31,3.1272,2.25
4,1,32,2.4262,1.5
4,1,32,2.8516,1.5
4,1,33,1.8562,1.5
4,1,33,2.8888,1.5
4,1,34,1.8758,1.5
4,1,34,2.5244,1.5
4,1,35,1.5944,1.75
4,1,35,2.9136,1.75
4,1,36,1.3411,0.875
4,1,36,2.3121,0.875
4,1,37,1.2568,2.25
4,1,37,2.6982,2.25
4,1,38,2.0071,2.5
4,1,38,2.9846,2.5
4,1,39,1.8613,2.5
4,1,39,3.0611,2.5
4,1,40,1.6979,4.0
4,1,40,2.7960,4.0
4,1,41,1.5715,2.5
4,1,41,3.2679,2.5
4,1,42,2.8583,1.75
4,1,42,2.9572,1.75
4,1,45,1.9389,2.125
4,1,45,2.4146,2.125
4,1,46,1.5064,3.75
4,1,46,2.5717,3.75
4,1,48,1.9984,1.5
4,1,48,2.2171,1.5
4,1,49,1.4306,4.25
4,1,49,2.3980,4.25
4,1,50,1.7827,2.0
4,1,50,2.4475,2.0
4,1,51,1.5856,2.75
4,1,51,2.4170,2.75
4,1,52,1.8132,3.25
4,1,52,2.4383,3.25
4,1,54,1.9381,3.375
4,1,54,2.8599,3.375
4,1,55,1.4759,2.5
4,1,55,2.4752,2.5
4,1,56,1.8152,2.0
4,1,56,2.6047,2.0
4,1,57,1.0205,2.75
4,1,57,3.0124,2.75
4,1,58,1.6821,2.25
4,1,58,2.7290,2.25
4,1,59,2.2783,1.875
4,1,59,2.5925,1.875
4,1,63,1.7903,1.0
4,1,63,1.9221,1.0
4,1,64,2.9199,3.5
4,1,64,2.7959,3.5
4,1,65,1.5818,4.75
4,1,65,2.0103,4.75
4,1,66,1.4343,1.0
4,1,66,2.0738,1.0
4,1,67,1.4271,1.75
4,1,67,2.3520,1.75
4,1,68,2.5692,5.5
4,1,68,2.7642,5.5
4,1,69,1.7380,5.5
4,1,69,2.7892,5.5
4,1,70,2.9423,5.25
4,1,70,2.5647,5.25
4,1,71,2.2967,2.125
4,1,71,3.0292,2.125
4,1,72,2.9278,2.375
4,1,72,3.2424,2.375
4,1,73,1.8830,4.25
4,1,73,3.1213,4.25
4,1,74,3.3067,3.5
4,1,74,3.1139,3.5
4,1,75,3.1939,4.75
4,1,75,3.3778,4.75
4,1,77,1.5901,2.625
4,1,77,3.0972,2.625
4,1,99,2.6681,2.375
4,1,99,2.0983,2.375
4,1,102,1.5409,1.5
4,1,102,1.5814,1.5
4,1,104,2.0525,1.25
4,1,104,1.6081,1.25
4,1,105,2.8994,3.625
4,1,105,1.6539,3.625
4,1,110,2.7040,4.0
4,1,110,2.2530,4.0
4,1,111,2.8608,3.5
4,1,111,0.9667,3.5
4,1,112,2.0733,1.0
7,1,1,3.1388,3.5
7,1,1,3.4714,3.5
7,1,2,3.6425,5.5
7,1,2,4.1599,5.5
7,1,3,3.4204,4.75
7,1,3,3.6893,4.75
7,1,4,5.2975,3.25
7,1,4,4.1590,3.25
7,1,5,5.1876,4.75
7,1,5,4.1083,4.75
7,1,7,3.5113,2.25
7,1,7,2.6869,2.25
7,1,8,3.2528,4.5
7,1,8,3.2815,4.5
7,1,9,1.8102,2.0
7,1,9,3.1110,2.0
7,1,10,2.0207,2.75
7,1,10,2.5983,2.75
7,1,11,2.5244,1.75
7,1,11,3.7669,1.75
7,1,12,2.0530,5.0
7,1,12,3.0798,5.0
7,1,13,2.3727,3.0
7,1,13,2.6907,3.0
7,1,14,1.6612,1.75
7,1,14,3.3340,1.75
7,1,18,3.6086,6.0
7,1,18,4.3162,6.0
7,1,19,3.9766,4.75
7,1,19,4.5200,4.75
7,1,20,4.5172,5.25
7,1,20,3.7264,5.25
7,1,22,3.5037,3.75
7,1,22,4.8117,3.75
7,1,23,3.2242,4.0
7,1,23,3.7062,4.0
7,1,24,2.5156,5.0
7,1,24,4.3128,5.0
7,1,25,2.8085,4.5
7,1,25,4.1644,4.5
7,1,26,3.7467,3.0
7,1,26,3.4734,3.0
7,1,27,3.8278,4.25
7,1,27,4.4660,4.25
7,1,28,3.4882,5.25
7,1,28,3.8017,5.25
7,1,29,2.8200,4.25
7,1,29,4.0415,4.25
7,1,30,3.4311,3.0
7,1,30,3.8666,3.0
7,1,31,3.6842,4.5
7,1,31,3.8576,4.5
7,1,32,4.2205,3.75
7,1,32,4.2160,3.75
7,1,33,3.9974,4.75
7,1,33,4.0482,4.75
7,1,34,2.6955,5.5
7,1,34,4.0586,5.5
7,1,35,3.1747,6.0
7,1,35,3.7081,6.0
7,1,36,3.9190,4.25
7,1,36,4.2231,4.25
7,1,37,4.3522,4.25
7,1,37,4.2800,4.25
7,1,38,3.2559,3.5
7,1,38,3.0660,3.5
7,1,39,3.3914,5.5
7,1,39,3.1209,5.5
7,1,40,3.6135,5.5
7,1,40,4.4606,5.5
7,1,41,3.6702,4.75
7,1,41,3.2079,4.75
7,1,42,3.5095,3.0
7,1,42,3.9448,3.0
7,1,43,3.2832,3.5
7,1,43,4.2921,3.5
7,1,44,4.1535,6.25
7,1,44,3.0039,6.25
7,1,45,3.2995,4.5
7,1,45,3.3167,4.5
7,1,46,3.6740,4.0
7,1,46,3.5290,4.0
7,1,47,3.2226,4.5
7,1,47,3.5471,4.5
7,1,48,2.8678,1.5
7,1,48,3.7479,1.5
7,1,49,2.4951,4.5
7,1,49,3.4753,4.5
7,1,50,3.3898,5.0
7,1,50,4.0393,5.0
7,1,51,3.9715,3.5
7,1,51,3.6072,3.5
7,1,52,3.4941,0.75
7,1,52,3.6983,0.75
7,1,53,4.0249,5.5
7,1,53,3.9370,5.5
7,1,55,2.6117,2.5
7,1,55,3.2538,2.5
7,1,57,3.9662,4.25
7,1,57,3.3659,4.25
7,1,58,2.6607,6.0
7,1,58,2.9172,6.0
7,1,59,2.5263,5.25
7,1,59,2.4960,5.25
7,1,60,2.2995,3.25
7,1,60,2.6667,3.25
7,1,61,2.6567,5.0
7,1,61,2.8468,5.0
7,1,62,3.1380,4.5
7,1,62,2.9799,4.5
7,1,63,2.3300,5.5
7,1,63,3.1404,5.5
7,1,64,1.2740,5.0
7,1,64,2.3259,5.0
7,1,65,1.1988,5.25
7,1,65,1.4718,5.25
7,1,66,2.8966,4.25
7,1,66,2.6998,4.25
7,1,67,0.9022,4.75
7,1,67,2.1587,4.75
7,1,68,2.2068,4.25
7,1,68,2.2315,4.25
7,1,69,3.1946,5.5
7,1,69,2.7966,5.5
7,1,70,3.4167,5.5
7,1,70,3.2825,5.5
7,1,71,3.2999,4.75
7,1,71,3.2777,4.75
7,1,72,2.7924,2.0
7,1,72,2.5374,2.0
7,1,73,2.8573,1.0
7,1,73,2.5056,1.0
7,1,74,2.4415,4.25
7,1,74,3.3441,4.25
7,1,75,2.8711,4.75
7,1,75,2.5728,4.75
7,1,76,2.8959,2.75
7,1,76,3.3710,2.75
7,1,78,3.6370,4.0
7,1,78,2.9310,4.0
7,1,79,3.0728,3.0
7,1,79,2.1639,3.0
7,1,80,2.4333,2.0
7,1,80,2.5863,2.0
7,1,81,3.7277,4.0
7,1,81,2.6548,4.0
7,1,82,3.5373,5.25
7,1,82,2.1772,5.25
7,1,83,4.0127,4.75
7,1,83,2.6074,4.75
7,1,84,2.6783,4.75
7,1,84,3.1617,4.75
7,1,86,2.7815,3.25
7,1,86,2.5464,3.25
7,1,88,3.0657,6.5
7,1,88,3.4020,6.5
7,1,90,5.1922,4.0
7,1,90,2.1834,4.0
7,1,92,2.7343,5.75
7,1,92,3.2631,5.75
7,1,93,3.8464,4.25
7,1,93,3.2605,4.25
7,1,94,4.1309,3.0
7,1,94,2.7525,3.0
7,1,95,5.1353,4.75
7,1,95,3.7501,4.75
7,1,96,4.3475,5.5
7,1,96,3.2850,5.5
7,1,97,3.9539,5.5
7,1,97,2.6229,5.5
7,1,98,3.6269,3.25
7,1,98,2.8594,3.25
7,1,101,2.9747,4.0
7,1,101,2.6970,4.0
7,1,102,4.1283,4.25
7,1,102,2.2091,4.25
7,1,103,4.6952,3.25
7,1,103,2.4953,3.25
7,1,104,1.7359,4.75
7,1,104,2.0427,4.75
7,1,105,1.6015,4.75
7,1,105,2.5465,4.75
7,1,106,3.6206,4.75
7,1,106,3.6011,4.75
7,1,109,2.0792,6.25
7,1,109,2.7977,4.25
7,2,1,3.7204,4.25
7,2,1,2.0361,2.75
7,2,2,3.7020,2.75
7,2,2,3.0071,5.75
7,2,3,4.9224,5.75
7,2,3,2.9165,3.0
7,2,4,4.7594,3.0
7,2,4,2.8818,3.25
7,2,5,4.5825,3.25
7,2,5,4.3716,4.0
7,2,6,5.1189,4.0
7,2,6,3.1880,5.0
7,2,7,5.0939,5.0
7,2,7,2.7679,4.0
7,2,8,3.5992,4.0
7,2,8,2.7705,4.0
7,2,9,4.3389,4.0
7,2,9,2.2848,4.0
7,2,10,4.9169,4.0
7,2,10,1.0088,2.75
7,2,11,3.5938,2.75
7,2,11,1.9458,4.25
7,2,12,3.6356,4.25
7,2,12,3.3040,4.75
7,2,13,4.1132,4.75
7,2,13,2.7920,5.5
7,2,14,5.1333,5.5
7,2,14,3.3666,5.0
7,2,16,4.7614,5.0
7,2,16,2.8915,6.0
7,2,17,3.2133,6.0
7,2,17,3.2012,3.5
7,2,18,5.4517,3.5
7,2,18,2.7532,4.5
7,2,19,4.4801,4.5
7,2,19,2.9456,5.5
7,2,20,3.4753,5.5
7,2,20,3.1178,1.5
7,2,21,3.5037,1.5
7,2,21,2.5503,3.0
7,2,22,3.5269,3.0
7,2,22,3.4444,1.75
7,2,23,4.8663,1.75
7,2,23,3.0705,3.75
7,2,24,3.8761,3.75
7,2,24,2.5451,4.75
7,2,25,3.4803,4.75
7,2,25,3.1036,4.25
7,2,26,5.0603,4.25
7,2,26,3.2710,4.25
7,2,27,4.9891,4.25
7,2,27,2.1069,5.75
7,2,28,3.7164,5.75
7,2,28,2.8960,1.75
7,2,29,4.2186,1.75
7,2,29,2.8813,3.0
7,2,30,3.6641,3.0
7,2,30,3.0898,3.75
7,2,31,4.5228,3.75
7,2,31,2.3185,4.5
7,2,32,3.6794,4.5
7,2,32,2.2525,1.5
7,2,33,3.9442,1.5
7,2,33,2.2098,4.25
7,2,34,3.9777,4.25
7,2,34,1.6867,3.5
7,2,35,4.1773,3.5
7,2,35,3.3499,2.5
7,2,36,3.1801,2.5
7,2,36,2.5622,3.5
7,2,37,4.8257,3.5
7,2,37,2.2691,5.25
7,2,38,2.7769,5.25
7,2,38,2.9498,4.0
7,2,39,2.9196,4.0
7,2,39,2.5095,5.25
7,2,40,4.1793,5.25
7,2,40,2.2026,3.0
7,2,42,3.2701,3.0
7,2,42,2.6173,2.75
7,2,43,3.9854,2.75
7,2,43,2.0396,4.5
7,2,44,3.2899,4.5
7,2,44,1.5840,2.5
7,2,45,3.4583,2.5
7,2,45,2.7440,4.75
7,2,46,3.4688,4.75
7,2,46,2.4297,4.0
7,2,47,4.3086,4.0
7,2,47,2.1000,3.75
7,2,48,3.9042,3.75
7,2,48,2.0972,4.0
7,2,49,2.7859,4.0
7,2,49,2.1527,4.25
7,2,50,3.0418,4.25
7,2,50,2.2119,4.75
7,2,51,4.0005,4.75
7,2,51,2.8964,3.25
7,2,52,4.0648,3.25
7,2,52,2.1441,5.0
7,2,53,3.4312,5.0
7,2,53,2.7212,4.0
7,2,55,4.0027,4.0
7,2,55,3.0359,4.75
7,2,56,3.8818,4.75
7,2,56,2.5164,1.5
7,2,57,3.6111,1.5
7,2,57,2.1032,4.0
7,2,58,3.4013,4.0
7,2,58,2.3789,4.0
7,2,60,2.8759,4.0
7,2,60,1.5007,5.5
7,2,61,2.7714,5.5
7,2,61,2.6279,5.25
7,2,63,3.3422,5.25
7,2,63,3.0122,3.25
7,2,64,4.0572,3.25
7,2,64,2.7321,5.0
7,2,65,3.8004,5.0
7,2,65,1.1524,5.5
7,2,66,2.5622,5.5
7,2,66,2.4183,6.5
7,2,68,2.3571,6.5
7,2,68,3.4390,4.25
7,2,69,4.0160,4.25
7,2,69,2.6758,3.25
7,2,70,3.1575,3.25
7,2,70,3.1064,4.0
7,2,71,2.6425,4.0
7,2,71,3.3634,4.25
7,2,72,3.3834,4.25
7,2,72,2.9033,3.25
7,2,73,2.4375,3.25
7,2,73,3.0113,2.5
7,2,74,3.6976,2.5
7,2,74,3.3209,3.5
7,2,75,3.0983,3.5
7,2,75,3.3362,4.5
7,2,76,3.5250,4.5
7,2,76,2.8268,4.25
7,2,77,2.8825,4.25
7,2,77,2.4369,5.0
7,2,78,3.1365,5.0
7,2,78,3.7786,4.0
7,2,80,3.9161,4.0
7,2,80,4.1162,3.25
7,2,82,3.1865,3.25
7,2,82,2.2369,5.0
7,2,83,3.2845,5.0
7,2,83,2.9227,3.75
7,2,84,3.2527,3.75
7,2,84,2.5353,2.5
7,2,85,3.3401,2.5
7,2,85,2.5253,2.5
7,2,86,3.5189,2.5
7,2,86,1.8889,4.5
7,2,87,2.9001,4.5
7,2,87,2.2290,5.0
7,2,88,3.1134,5.0
7,2,88,2.4066,3.0
7,2,89,3.8197,3.0
7,2,89,2.3136,4.0
7,2,90,3.0379,4.0
7,2,90,2.6875,3.75
7,2,91,3.4744,3.75
7,2,91,3.1685,4.66667
7,2,92,3.8180,4.66667
7,2,92,2.1294,4.75
7,2,93,3.5824,4.75
7,2,93,1.1168,3.25
7,2,94,2.2050,3.25
7,2,94,3.4156,2.5
7,2,95,2.9522,2.5
7,2,95,2.8547,3.5
7,2,96,3.1801,3.5
7,2,96,2.5983,3.0
7,2,97,2.6370,3.0
7,2,97,2.3760,3.75
7,2,98,3.4027,3.75
7,2,98,2.5646,4.25
7,2,99,2.7629,4.25
7,2,99,2.3829,1.75
7,2,100,2.3949,1.75
7,2,100,3.0680,5.25
7,2,102,3.1905,5.25
7,2,102,2.7923,4.25
7,2,103,3.9989,4.25
7,2,103,3.0713,3.5
7,2,104,2.8485,3.5
7,2,104,2.8931,3.0
7,2,105,3.5585,3.0
7,2,105,2.9178,6.25
7,2,106,4.0108,6.25
7,2,106,3.1247,4.5
7,2,107,3.0768,4.5
7,2,107,1.0891,5.5
7,2,108,3.2973,5.5
7,2,108,0.5411,5.25
7,2,109,2.7582,5.25
7,2,109,1.7593,4.75
8,1,9,1.8613,2.0
8,1,9,1.9424,2.0
8,1,10,1.9301,1.75
8,1,10,1.7587,1.75
8,1,16,2.4573,2.75
8,1,16,1.7166,2.75
8,1,17,2.9455,3.25
8,1,17,1.6433,3.25
8,1,18,2.3162,3.75
8,1,18,0.9987,3.75
8,1,20,2.6006,2.5
8,1,20,1.9149,2.5
8,1,21,3.3102,1.75
8,1,21,1.5232,1.75
8,1,22,2.3027,3.5
8,1,22,1.8175,3.5
8,1,27,2.0226,2.0
8,1,27,1.4893,2.0
8,1,30,2.5041,2.5
8,1,30,1.6443,2.5
8,1,54,1.6387,3.0
8,1,54,0.5950,3.0
8,1,58,2.1423,1.0
8,1,58,1.8046,1.0
8,1,68,2.1934,1.5
8,1,68,2.6029,1.5
8,1,73,3.1691,2.75
8,1,73,2.6985,2.75
8,1,74,3.1029,2.5
8,1,74,2.1434,2.5
8,1,75,3.4232,3.0
8,1,75,1.6654,3.0
8,1,76,3.2908,1.0
8,1,76,1.6217,1.0
8,1,77,3.6059,3.25
8,1,77,1.8744,3.25
8,1,78,3.2943,2.75
8,1,78,2.0612,2.75
8,1,79,3.3025,2.0
8,1,79,1.9268,2.0
8,1,80,3.3682,1.75
8,1,80,1.7237,1.75
8,1,81,3.1308,2.25
8,1,81,1.4339,2.25
8,1,82,2.3727,1.75
8,1,82,2.0136,1.75
8,1,85,3.4363,2.0
8,1,85,1.7722,2.0
8,1,88,3.3497,2.25
8,1,88,1.6675,2.25
8,1,89,3.5087,3.5
8,1,89,2.7635,3.25
8,2,4,2.2831,3.25
8,2,4,1.6206,3.75
8,2,5,1.9504,3.75
8,2,5,2.2491,1.5
8,2,7,1.6019,1.5
8,2,7,2.1590,4.25
8,2,8,2.2965,4.25
8,2,8,1.9216,2.0
8,2,9,1.1841,2.0
8,2,9,2.5818,3.0
8,2,11,2.1894,3.0
8,2,11,1.6647,2.25
8,2,15,1.8241,2.25
8,2,15,1.7000,4.0
8,2,16,2.7830,4.0
8,2,16,1.9798,3.5
8,2,18,1.7674,3.5
8,2,18,2.4735,3.75
8,2,20,2.1396,3.75
8,2,20,2.5715,2.25
8,2,21,1.8324,2.25
8,2,21,1.5580,2.25
8,2,22,1.8768,2.25
8,2,22,1.3578,2.5
8,2,23,1.6026,2.5
8,2,23,2.4538,3.0
8,2,24,2.2807,3.0
8,2,24,1.3662,4.0
8,2,27,1.8067,4.0
8,2,27,1.3066,2.5
8,2,28,1.3499,2.5
8,2,28,1.9145,4.75
8,2,29,3.0567,4.75
8,2,29,2.2730,4.25
8,2,30,2.2160,4.25
8,2,30,1.9415,2.75
8,2,31,1.3276,2.75
8,2,31,1.3698,4.0
8,2,32,2.7509,4.0
8,2,32,1.3449,3.5
8,2,35,2.0431,3.5
8,2,35,1.0749,3.75
8,2,36,2.6979,3.75
8,2,36,1.0696,2.25
8,2,37,1.3721,2.25
8,2,37,1.7667,3.75
8,2,38,2.0421,3.75
8,2,38,1.2865,2.0
8,2,39,1.9662,2.0
8,2,39,1.2963,2.0
8,2,40,2.1426,2.0
8,2,40,1.5131,4.0
8,2,41,1.6235,4.0
8,2,41,0.9099,3.5
8,2,42,1.4086,3.5
8,2,42,1.3473,2.25
8,2,45,2.2140,2.25
8,2,45,1.9818,4.0
8,2,48,2.0746,4.0
8,2,48,2.1145,4.0
8,2,49,2.4088,4.0
8,2,49,1.2448,3.0
8,2,50,1.6958,3.0
8,2,50,2.1478,3.75
8,2,55,2.8344,3.75
8,2,55,1.6798,4.75
8,2,57,1.9750,4.75
8,2,57,2.4335,3.0
8,2,58,2.7980,3.0
8,2,58,1.6691,1.75
8,2,62,2.8606,1.75
8,2,62,1.0770,5.25
8,2,63,2.5856,5.25
8,2,63,1.6419,1.625
8,2,67,2.7316,1.625
8,2,67,1.9301,2.75
8,2,68,3.1766,2.75
8,2,68,1.8527,3.5
8,2,69,2.8328,3.5
8,2,69,1.8298,2.0
8,2,71,2.3520,2.0
8,2,71,2.1438,3.5
8,2,72,1.9661,3.5
8,2,72,1.7104,3.75
8,2,74,2.2333,3.75
8,2,74,2.0361,4.0
9,1,2,1.0363,5.25
9,1,2,1.5298,5.25
9,1,3,2.0854,4.75
9,1,3,2.0551,4.75
9,1,4,3.0588,5.0
9,1,4,1.4399,5.0
9,1,5,2.8822,5.75
9,1,5,2.4399,5.75
9,1,6,2.5383,3.5
9,1,6,1.4587,3.5
9,1,7,1.7731,4.25
9,1,7,2.3376,4.25
9,1,8,2.4355,4.5
9,1,8,1.7181,4.5
9,1,12,1.4263,4.75
9,1,12,1.6185,4.75
9,1,16,2.4733,1.5
9,1,16,2.4855,1.5
9,1,17,1.9886,4.25
9,1,17,3.8595,4.25
9,1,18,0.9677,3.5
9,1,18,3.4564,3.5
9,1,19,0.7151,3.25
9,1,19,1.4568,3.25
9,1,20,0.7363,4.0
9,1,20,2.5810,4.0
9,1,21,0.9701,4.5
9,1,21,3.5318,4.5
9,1,22,1.1462,3.0
9,1,22,2.6107,3.0
9,1,23,1.2678,4.5
9,1,23,2.3355,4.5
9,1,24,1.3809,3.5
9,1,24,1.3290,3.5
9,1,25,1.5014,3.5
9,1,25,2.4427,3.5
9,1,26,1.7503,4.5
9,1,26,1.5584,4.5
9,1,27,1.4365,3.75
9,1,27,3.2942,3.75
9,1,28,1.0334,2.75
9,1,28,1.4085,2.75
9,1,29,1.6933,2.5
9,1,29,1.1232,2.5
9,1,30,0.9401,3.0
9,1,30,2.0578,3.0
9,1,31,1.0810,3.5
9,1,31,1.1629,3.5
9,1,32,0.8251,2.75
9,1,32,1.6515,2.75
9,1,33,0.9766,3.75
9,1,33,2.0508,3.75
9,1,34,1.0314,3.25
9,1,34,1.4527,3.25
9,1,35,0.8212,3.5
9,1,35,1.0215,3.5
9,1,36,1.8178,3.5
9,1,36,2.5969,3.5
9,1,37,1.3955,4.5
9,1,37,2.1995,4.5
9,1,38,0.5566,3.5
9,1,38,1.3099,3.5
9,1,39,0.7726,2.75
9,1,39,2.0130,2.75
9,1,40,1.4912,2.25
9,1,40,0.4788,2.25
9,1,41,1.2671,3.0
9,1,41,0.1300,3.0
9,1,42,2.7106,4.0
9,1,42,0.7723,4.0
9,1,50,1.6122,3.5
9,1,50,0.9907,3.5
9,1,51,1.0093,3.5
9,1,51,0.8007,3.5
9,1,52,1.3167,2.75
9,1,52,0.1736,2.75
9,1,53,1.6763,3.0
9,1,53,1.3737,3.0
9,1,54,1.6008,2.75
9,1,54,0.3085,2.75
9,1,55,1.6154,3.5
9,1,55,0.6524,3.5
9,1,56,0.4702,3.75
9,1,56,1.2603,3.75
9,1,59,3.0252,2.75
9,1,59,0.3025,2.75
9,1,60,2.9884,4.0
9,1,60,1.0621,4.0
9,1,61,1.8692,3.5
9,1,61,2.2559,3.5
9,1,63,3.6767,3.25
9,1,63,0.8935,3.25
9,1,64,3.6211,4.25
9,1,64,0.7341,4.25
9,1,65,3.1376,2.0
9,1,65,1.4167,2.0
9,1,66,1.9808,4.75
9,1,66,1.7981,4.75
9,1,67,0.3299,4.25
9,1,67,0.1827,4.25
9,1,68,2.5117,3.5
9,1,68,1.1648,3.5
9,1,69,2.2229,5.5
9,1,69,1.1186,5.5
9,1,72,1.4790,3.75
9,1,72,3.3203,3.75
9,1,73,2.5764,3.25
9,1,73,3.0671,3.25
9,1,74,1.9277,3.0
9,1,74,4.2977,3.0
9,1,75,2.1693,2.5
9,1,75,4.4720,2.5
9,1,76,2.6801,4.0
9,1,76,4.0393,4.0
9,1,77,2.2854,3.25
9,1,77,3.2701,3.25
9,1,78,1.3941,3.5
9,1,78,3.5049,3.5
9,1,79,1.4201,4.0
9,1,79,2.1735,4.0
9,1,81,3.4604,2.25
9,1,81,0.8813,2.25
9,1,82,1.4180,4.0
9,1,82,3.8756,4.0
9,1,83,1.7163,4.25
9,1,83,3.6604,4.25
9,1,84,0.8111,3.0
9,1,84,2.6745,3.0
9,1,85,1.8800,4.75
9,1,85,3.0894,4.75
9,1,86,1.7199,4.0
9,1,86,2.5139,4.0
9,1,87,1.5161,3.25
9,1,87,3.2803,3.25
9,1,88,0.4423,3.25
9,1,88,1.6504,3.25
9,1,89,1.8304,2.75
9,1,89,3.2524,2.75
9,1,90,0.3910,2.75
9,1,90,3.2143,2.75
9,1,91,2.0673,3.75
9,1,91,2.8941,3.75
9,1,92,0.7057,4.0
9,1,92,2.2315,4.0
9,1,93,1.8663,3.25
9,1,93,3.8184,3.25
9,1,94,3.2008,3.0
9,1,94,2.9301,3.0
9,1,95,1.5438,4.25
9,1,95,3.3441,4.25
9,1,96,2.0405,4.25
9,1,96,3.2843,4.25
9,1,97,2.4981,3.5
9,1,97,3.5423,3.5
9,1,98,1.7648,2.25
9,1,98,2.7149,2.25
9,1,99,1.5430,3.0
9,1,99,2.4198,3.0
9,1,100,2.1418,4.25
9,1,100,4.0596,4.25
9,1,101,1.6773,2.25
9,1,101,2.6712,2.25
9,1,102,1.7876,3.75
9,1,102,1.9926,3.75
9,1,103,1.5757,2.25
9,1,103,2.8814,2.25
9,1,104,2.2250,3.0
9,1,104,2.4310,3.0
9,1,105,1.5555,3.75
9,1,105,2.2349,3.75
9,1,106,2.2661,4.0
9,1,106,1.4745,4.0
9,1,107,1.9900,4.25
9,1,107,0.6294,4.25
9,1,110,0.8443,4.25
9,1,110,2.4337,4.25
9,1,111,2.3250,3.0
9,1,111,2.2344,4.0
9,2,2,4.2178,4.0
9,2,2,2.8664,4.5
9,2,3,3.4567,4.5
9,2,3,2.8020,5.25
9,2,4,2.1105,5.25
9,2,4,2.5671,5.5
9,2,5,2.1819,5.5
9,2,5,2.8616,5.75
9,2,6,2.5596,5.75
9,2,6,3.2291,5.25
9,2,7,2.7099,5.25
9,2,7,3.7934,4.5
9,2,8,2.3027,4.5
9,2,8,4.8335,5.75
9,2,9,2.0868,5.75
9,2,9,5.0690,4.75
9,2,10,4.1606,4.75
9,2,10,4.8197,4.5
9,2,11,2.9671,4.5
9,2,11,3.8871,5.5
9,2,12,3.1968,5.5
9,2,12,3.1610,3.75
9,2,13,3.2159,3.75
9,2,13,2.6076,2.75
9,2,16,4.0661,2.75
9,2,16,2.3307,4.0
9,2,17,5.2036,4.0
9,2,17,1.5664,4.25
9,2,18,4.7123,4.25
9,2,18,2.5493,3.0
9,2,20,3.3329,3.0
9,2,20,2.7069,3.75
9,2,21,4.0397,3.75
9,2,21,2.9484,3.0
9,2,22,4.0883,3.0
9,2,22,2.5603,2.75
9,2,23,4.7921,2.75
9,2,23,2.6054,1.75
9,2,24,4.1168,1.75
9,2,24,2.4064,5.75
9,2,25,3.8289,5.75
9,2,25,2.9116,3.25
9,2,27,4.9241,3.25
9,2,27,2.7905,2.75
9,2,30,2.8725,2.75
9,2,30,1.2681,2.75
9,2,31,3.0355,2.75
9,2,31,2.9826,2.25
9,2,32,2.2060,2.25
9,2,32,2.5841,2.5
9,2,34,2.7224,2.5
9,2,34,2.0498,4.75
9,2,36,3.8170,4.75
9,2,36,1.8209,3.75
9,2,37,4.6255,3.75
9,2,37,2.2556,2.0
9,2,38,4.3646,2.0
9,2,38,3.4765,3.25
9,2,42,4.3828,3.25
9,2,42,1.5805,3.0
9,2,45,2.3406,3.0
9,2,45,3.3839,4.75
9,2,46,4.5638,4.75
9,2,46,2.5026,4.0
9,2,50,4.3146,4.0
9,2,50,2.5071,3.75
9,2,53,3.2869,3.75
9,2,53,2.1952,4.0
9,2,62,0.8400,4.0
9,2,62,2.7849,5.0
9,2,63,2.5958,5.0
9,2,63,2.9420,4.5
9,2,64,3.4124,4.5
9,2,64,2.5547,5.5
9,2,66,2.5808,5.5
9,2,66,1.7962,4.25
9,2,67,2.8603,4.25
9,2,67,3.3645,3.25
9,2,68,1.6943,3.25
9,2,68,2.5126,3.25
9,2,69,2.8482,3.25
9,2,69,1.8178,4.75
9,2,70,2.4332,4.75
9,2,70,3.2655,5.25
9,2,71,2.5016,5.25
9,2,71,1.7357,5.25
9,2,74,3.3884,5.25
9,2,74,4.1643,3.75
9,2,75,4.0210,3.75
9,2,75,3.1727,4.25
9,2,77,3.4290,4.25
9,2,77,4.4943,5.5
9,2,78,5.3287,5.5
9,2,78,2.4236,5.25
9,2,79,4.6090,5.25
9,2,79,3.1050,4.75
9,2,81,3.8851,4.75
9,2,81,2.4051,3.75
9,2,84,2.6713,3.75
9,2,84,2.5560,4.75
9,2,85,2.9081,4.75
9,2,85,2.1713,4.0
9,2,86,-0.0367,4.0
9,2,86,3.1777,3.25
9,2,87,3.8101,3.25
9,2,87,3.9552,4.5
9,2,88,3.5772,4.5
9,2,88,3.1993,2.75
9,2,89,0.2039,2.75
9,2,89,2.9110,3.25
9,2,90,3.3297,3.25
9,2,90,1.6269,4.25
9,2,91,4.3388,4.25
9,2,91,3.1732,4.25
9,2,92,3.7276,4.25
9,2,92,2.0366,5.0
9,2,95,3.4172,5.0
9,2,95,1.0279,3.0
9,2,96,2.3179,3.0
9,2,96,1.7880,4.5
9,2,98,4.6104,4.5
9,2,98,4.1424,5.75
9,2,100,4.3736,5.75
9,2,100,2.1098,3.0
9,2,103,3.4129,3.0
9,2,103,3.0780,3.25
9,2,104,4.7554,3.25
9,2,104,3.5522,4.5
9,2,105,5.1713,4.5
9,2,105,2.5924,3.75
9,2,107,2.8751,3.75
9,2,107,2.0808,4.25
9,2,108,4.1971,4.25
9,2,108,2.6276,2.25
9,2,109,2.4791,2.25
9,2,109,2.7074,4.5
10,1,4,2.1818,5.5
10,1,4,3.1017,5.5
10,1,5,2.1289,5.0
10,1,5,3.3921,5.0
10,1,6,1.9981,5.0
10,1,6,3.3746,5.0
10,1,7,1.9861,5.5
10,1,7,3.1089,5.5
10,1,8,2.1105,6.25
10,1,8,2.9652,6.25
10,1,9,1.9343,5.5
10,1,9,3.3223,5.5
10,1,10,2.1750,5.0
10,1,10,3.6397,5.0
10,1,11,1.8519,4.0
10,1,11,2.9009,4.0
10,1,12,2.2041,4.5
10,1,12,2.8924,4.5
10,1,13,1.9088,4.25
10,1,13,3.0736,4.25
10,1,14,1.9447,3.75
10,1,14,2.4874,3.75
10,1,20,1.8464,5.0
10,1,20,3.5161,5.0
10,1,21,1.5516,5.25
10,1,21,3.0674,5.25
10,1,22,1.6766,4.5
10,1,22,2.7382,4.5
10,1,24,1.0666,4.75
10,1,24,3.2035,4.75
10,1,25,1.7472,4.5
10,1,25,3.1823,4.5
10,1,26,0.9942,2.375
10,1,26,3.0572,2.375
10,1,27,1.4329,4.25
10,1,27,2.7739,4.25
10,1,28,1.4527,4.75
10,1,28,2.7415,4.75
10,1,29,1.6313,4.5
10,1,29,2.7932,4.5
10,1,30,1.7301,5.5
10,1,30,2.8637,5.5
10,1,31,1.4156,4.75
10,1,31,2.7950,4.75
10,1,32,0.9798,3.75
10,1,32,2.9837,3.75
10,1,33,1.4387,4.5
10,1,33,2.6345,4.5
10,1,36,1.2132,4.75
10,1,36,2.7913,4.75
10,1,39,0.6808,4.0
10,1,39,3.0383,4.0
10,1,42,1.2573,5.25
10,1,42,3.2799,5.25
10,1,43,0.9451,4.5
10,1,43,3.1624,4.5
10,1,44,1.1579,4.5
10,1,44,2.9453,4.5
10,1,45,0.6257,2.875
10,1,45,2.8419,2.875
10,1,46,1.8585,5.0
10,1,46,3.1425,5.0
10,1,47,1.5604,5.25
10,1,47,2.8755,5.25
10,1,48,1.1152,5.0
10,1,48,2.5244,5.0
10,1,49,1.2353,4.0
10,1,49,3.0237,4.0
10,1,50,1.3344,5.25
10,1,50,2.7706,5.25
10,1,51,0.9747,5.5
10,1,51,2.7362,5.5
10,1,52,1.4047,5.0
10,1,52,2.8673,5.0
10,1,53,1.4978,5.25
10,1,53,2.9355,5.25
10,1,55,0.7996,5.25
10,1,55,3.0143,5.25
10,1,56,1.2045,4.5
10,1,56,3.0976,4.5
10,1,57,0.6055,1.5
10,1,57,2.6956,1.5
10,1,61,2.1769,4.0
10,1,61,2.9111,4.0
10,1,62,2.0282,3.75
10,1,62,2.8951,3.75
10,1,63,1.9014,4.25
10,1,63,2.4466,4.25
10,1,64,2.4793,5.0
10,1,64,2.7406,5.0
10,1,65,2.3098,5.75
10,1,65,2.5333,5.75
10,1,66,1.9898,6.0
10,1,66,2.7424,6.0
10,1,67,2.3621,5.25
10,1,67,2.6615,5.25
10,1,68,2.2848,3.75
10,1,68,2.6117,3.75
10,1,69,2.6472,4.5
10,1,69,2.7337,4.5
10,1,72,2.0993,3.0
10,1,72,3.1804,3.0
10,1,73,1.6421,4.25
10,1,73,3.2403,4.25
10,1,74,1.5847,4.75
10,1,74,2.8232,4.75
10,1,75,1.8529,4.5
10,1,75,2.9367,4.5
10,1,76,1.5133,4.75
10,1,76,2.7818,4.75
10,1,77,1.7011,4.5
10,1,77,2.5512,4.5
10,1,78,1.8683,5.5
10,1,78,2.7721,5.5
10,1,79,1.8512,4.5
10,1,79,2.4759,4.5
10,1,80,2.1000,5.0
10,1,80,2.9568,5.0
10,1,81,1.6103,4.25
10,1,81,3.0968,4.25
10,1,82,1.4449,4.5
10,1,82,2.8284,4.5
10,1,83,1.5396,3.0
10,1,83,3.2915,3.0
10,1,84,1.2008,2.75
10,1,84,3.1989,2.75
10,1,85,1.3920,4.75
10,1,85,3.1887,4.75
10,1,86,1.2393,4.0
10,1,86,3.2948,4.0
10,1,87,1.7592,4.75
10,1,87,3.2776,4.75
10,1,88,2.0343,5.5
10,1,88,3.2522,5.5
10,1,89,1.5925,5.25
10,1,89,3.3190,5.25
10,1,90,1.4049,3.75
10,1,90,3.2929,3.75
10,1,91,1.1589,4.5
10,1,91,3.4638,4.5
10,1,92,1.6098,5.0
10,1,92,2.9279,5.0
10,1,93,1.4980,4.0
10,1,93,2.9100,4.0
10,1,94,1.4148,5.0
10,1,94,2.9010,5.0
10,1,95,1.8266,4.75
10,1,95,2.9536,4.75
10,1,96,1.1202,4.5
10,1,96,2.6896,4.5
10,1,97,1.4850,3.75
10,1,97,1.9284,3.75
10,1,98,1.1837,4.5
10,1,98,2.9562,4.5
10,1,99,1.3380,5.25
10,1,99,3.0016,5.25
10,1,100,1.7666,4.0
10,1,100,2.5153,4.0
10,1,101,1.6347,5.5
10,1,101,2.7621,5.5
10,1,102,1.3413,5.0
10,1,102,2.8869,5.0
10,1,103,1.6823,3.75
10,1,103,2.9385,3.75
10,1,104,1.6564,4.5
10,1,104,2.9813,4.5
10,1,105,1.3231,4.0
10,1,105,2.4595,4.0
10,1,106,1.1749,2.0
10,1,106,2.2321,2.0
10,1,107,1.2136,5.0
10,1,107,2.7880,5.0
10,1,108,1.9529,5.0
10,1,108,1.6310,3.75
10,2,3,3.0481,3.75
10,2,3,1.7886,6.25
10,2,4,3.2282,6.25
10,2,4,2.1803,5.5
10,2,5,3.2894,5.5
10,2,5,2.0907,5.25
10,2,6,3.1346,5.25
10,2,6,2.0816,5.25
10,2,7,3.3589,5.25
10,2,7,2.1455,5.75
10,2,8,2.9086,5.75
10,2,8,2.0357,3.25
10,2,9,2.6067,3.25
10,2,9,2.0871,5.25
10,2,10,3.2322,5.25
10,2,10,2.1859,4.5
10,2,11,2.8407,4.5
10,2,11,2.1655,4.25
10,2,12,2.9329,4.25
10,2,12,2.2070,5.25
10,2,13,3.1877,5.25
10,2,13,2.2409,5.25
10,2,14,3.0369,5.25
10,2,14,2.2440,5.75
10,2,15,2.8343,5.75
10,2,15,1.3259,4.5
10,2,19,3.2555,4.5
10,2,19,1.1645,2.75
10,2,20,2.8080,2.75
10,2,20,1.7966,5.5
10,2,21,2.5533,5.5
10,2,21,1.2766,5.5
10,2,22,3.1084,5.5
10,2,22,1.0944,5.0
10,2,23,3.0702,5.0
10,2,23,1.0493,3.5
10,2,26,3.2369,3.5
10,2,26,0.9195,4.5
10,2,28,3.0793,4.5
10,2,28,0.8754,5.0
10,2,29,2.9206,5.0
10,2,29,1.2885,5.75
10,2,30,2.9992,5.75
10,2,30,0.6820,4.75
10,2,33,3.2438,4.75
10,2,33,0.6423,3.75
10,2,36,3.3368,3.75
10,2,36,1.1429,5.0
10,2,37,3.3204,5.0
10,2,37,1.6831,4.75
10,2,38,3.4639,4.75
10,2,38,2.2032,5.25
10,2,39,3.2754,5.25
10,2,39,0.9720,5.25
10,2,41,2.9213,5.25
10,2,41,1.5177,5.5
10,2,42,2.7928,5.5
10,2,42,1.7832,5.75
10,2,43,1.8991,5.75
10,2,43,1.0349,5.25
10,2,47,2.9279,5.25
10,2,47,2.4318,5.5
10,2,51,2.7272,5.5
10,2,51,2.3913,5.5
10,2,52,2.7418,5.5
10,2,52,2.2920,6.75
10,2,53,2.8279,6.75
10,2,53,2.5844,5.5
10,2,54,2.5499,5.5
10,2,54,2.0580,3.75
10,2,55,2.3800,3.75
10,2,55,2.2922,5.25
10,2,56,2.3884,5.25
10,2,56,2.3153,5.5
10,2,58,2.6438,5.5
10,2,58,1.7673,5.0
10,2,65,2.5368,5.0
10,2,65,1.7144,3.0
10,2,66,2.5745,3.0
10,2,66,1.3073,4.33333
10,2,67,2.5297,4.33333
10,2,67,1.1622,4.75
10,2,68,2.8190,4.75
10,2,68,1.5504,5.25
10,2,69,2.8097,5.25
10,2,69,1.6304,4.66667
10,2,70,2.9299,4.66667
10,2,70,1.2328,4.0
10,2,71,2.6540,4.0
10,2,71,1.4447,6.25
10,2,72,2.8395,6.25
10,2,72,1.2901,5.5
10,2,73,2.6106,5.5
10,2,73,1.5535,4.75
10,2,74,2.7639,4.75
10,2,74,1.7933,4.5
10,2,75,2.6065,4.5
10,2,75,0.8643,4.5
10,2,76,2.8486,4.5
10,2,76,1.1759,3.5
10,2,77,2.5043,3.5
10,2,77,1.7587,5.25
10,2,78,2.8098,5.25
10,2,78,1.3256,5.5
10,2,79,2.5474,5.5
10,2,79,1.4105,4.5
10,2,80,2.3296,4.5
10,2,80,1.3643,5.25
10,2,81,3.1969,5.25
10,2,81,1.6481,5.25
10,2,82,2.6196,5.25
10,2,82,1.5680,4.25
10,2,83,3.4046,4.25
10,2,83,1.7679,4.0
10,2,84,2.6917,4.0
10,2,84,1.4024,5.25
10,2,85,2.1423,5.25
10,2,85,1.5107,4.5
10,2,86,2.5280,4.5
10,2,86,1.3132,5.5
10,2,87,2.8588,5.5
10,2,87,1.3545,5.5
10,2,88,3.1831,5.5
10,2,88,1.3666,4.0
10,2,89,2.3410,4.0
10,2,89,1.7129,4.25
10,2,90,2.6948,4.25
10,2,90,1.6933,4.25
10,2,91,2.4423,4.25
10,2,91,1.8730,5.75
11,1,4,4.4995,5.75
11,1,4,3.5295,5.75
11,1,5,3.6526,4.5
11,1,5,3.0030,4.5
11,1,6,3.3215,5.0
11,1,6,2.6402,5.0
11,1,7,3.3841,4.25
11,1,7,3.1387,4.25
11,1,8,2.9578,4.25
11,1,8,3.4186,4.25
11,1,9,2.9005,4.0
11,1,9,3.7193,4.0
11,1,10,4.7032,4.66667
11,1,10,3.6199,4.66667
11,1,11,4.0977,4.5
11,1,11,3.5135,4.5
11,1,12,3.7240,5.5
11,1,12,3.2323,5.5
11,1,13,4.9931,5.25
11,1,13,3.8475,5.25
11,1,14,4.2333,4.25
11,1,14,2.9330,4.25
11,1,15,3.2899,3.5
11,1,15,2.6905,3.5
11,1,19,2.4588,6.25
11,1,19,3.7660,6.25
11,1,20,2.3327,5.5
11,1,20,3.5095,5.5
11,1,21,2.1433,4.25
11,1,21,3.7232,4.25
11,1,22,2.1996,6.25
11,1,22,3.5519,6.25
11,1,23,2.2549,5.75
11,1,23,3.6434,5.75
11,1,24,1.3453,3.25
11,1,24,3.7788,3.25
11,1,25,2.5703,5.0
11,1,25,3.9097,5.0
11,1,26,1.7379,4.0
11,1,26,4.0408,4.0
11,1,27,2.4334,4.5
11,1,27,3.6360,4.5
11,1,28,1.9450,4.5
11,1,28,3.8248,4.5
11,1,29,2.1104,5.5
11,1,29,3.7923,5.5
11,1,30,2.1925,4.25
11,1,30,4.0692,4.25
11,1,31,1.9135,5.5
11,1,31,3.7569,5.5
11,1,32,2.4726,4.25
11,1,32,3.6570,4.25
11,1,33,2.3351,5.0
11,1,33,3.6880,5.0
11,1,34,2.4437,4.5
11,1,34,3.8615,4.5
11,1,35,2.1153,4.5
11,1,35,3.7838,4.5
11,1,36,1.8638,5.0
11,1,36,3.4057,5.0
11,1,37,2.4146,3.75
11,1,37,3.6284,3.75
11,1,38,2.4885,4.5
11,1,38,3.5229,4.5
11,1,39,3.0425,5.0
11,1,39,2.9401,5.0
11,1,48,2.6799,2.25
11,1,48,2.6475,2.25
11,1,50,4.0017,3.0
11,1,50,3.2209,3.0
11,1,51,2.7816,4.75
11,1,51,3.3523,4.75
11,1,57,2.1837,2.5
11,1,57,2.5811,2.5
11,1,62,2.5027,5.0
11,1,62,3.4542,5.0
11,1,63,2.6942,6.25
11,1,63,3.0193,6.25
11,1,64,2.6219,5.0
11,1,64,2.6133,5.0
11,1,66,2.5533,3.25
11,1,66,3.0047,3.25
11,1,68,2.7701,4.25
11,1,68,2.9159,4.25
11,1,69,2.7476,4.0
11,1,69,2.1637,4.0
11,1,70,2.6830,5.0
11,1,70,2.7933,5.0
11,1,73,3.0696,5.25
11,1,73,2.8027,5.25
11,1,75,2.8953,3.5
11,1,75,1.8906,3.5
11,1,76,3.0762,4.0
11,1,76,2.3187,4.0
11,1,77,3.0037,6.0
11,1,77,3.1517,6.0
11,1,78,2.0239,5.0
11,1,78,3.1219,5.0
11,1,79,2.7398,4.5
11,1,79,2.2900,4.5
11,1,80,2.1408,6.0
11,1,80,2.0852,6.0
11,1,81,2.6506,4.5
11,1,81,3.4552,4.5
11,1,82,2.4532,4.5
11,1,82,2.8072,4.5
11,1,83,2.1986,3.5
11,1,83,2.0992,3.5
11,1,84,2.2575,3.5
11,1,84,2.3769,3.5
11,1,87,2.4828,2.75
11,1,87,3.2833,2.75
11,1,88,2.1139,3.75
11,1,88,2.6104,3.75
11,1,90,2.0947,4.25
11,1,90,2.9211,4.25
11,1,91,2.6210,5.5
11,1,91,3.4896,5.5
11,1,93,2.6367,4.25
11,1,93,2.8374,4.25
11,1,94,2.5487,5.75
11,1,94,2.7600,5.75
11,1,95,2.4669,4.25
11,1,95,2.2221,4.25
11,1,96,2.7861,4.75
11,1,96,2.1057,4.75
11,1,97,2.1404,3.75
11,1,97,2.3940,3.75
11,1,98,2.6584,4.5
11,1,98,2.4096,4.5
11,1,99,2.4672,6.25
11,1,99,2.9485,5.0
11,2,3,1.9529,5.0
11,2,3,2.8652,4.0
11,2,4,2.8655,4.0
11,2,4,2.9191,2.25
11,2,5,2.0187,2.25
11,2,5,3.5952,5.5
11,2,6,2.1542,5.5
11,2,6,2.1219,0.75
11,2,7,2.4582,0.75
11,2,7,2.7496,5.0
11,2,8,2.5382,5.0
11,2,8,3.0647,3.5
11,2,9,2.4507,3.5
11,2,9,2.8050,4.75
11,2,10,2.2203,4.75
11,2,10,2.5575,2.25
11,2,12,2.4771,2.25
11,2,12,2.1332,3.75
11,2,17,2.5556,3.75
11,2,17,1.9132,4.0
11,2,18,2.3159,4.0
11,2,18,2.8341,5.25
11,2,19,3.2653,5.25
11,2,19,2.9465,4.75
11,2,20,2.4166,4.75
11,2,20,2.4531,6.25
11,2,21,2.6094,6.25
11,2,21,2.9025,3.75
11,2,22,2.6588,3.75
11,2,22,2.8801,5.75
11,2,23,2.6334,5.75
11,2,23,2.4456,5.0
11,2,24,2.5411,5.0
11,2,24,2.9885,5.0
11,2,25,2.0064,5.0
11,2,25,2.4530,3.5
11,2,26,2.5912,3.5
11,2,26,2.1701,5.5
11,2,27,3.2509,5.5
11,2,27,2.0121,4.5
11,2,28,3.0556,4.5
11,2,28,1.6887,4.75
11,2,29,2.9790,4.75
11,2,29,1.5722,4.0
11,2,30,2.7562,4.0
11,2,30,2.8103,5.0
11,2,31,2.5530,5.0
11,2,31,2.7320,5.25
11,2,32,3.4658,5.25
11,2,32,2.4368,4.25
11,2,33,3.4035,4.25
11,2,33,3.5035,6.5
11,2,34,3.0506,6.5
11,2,34,2.6372,3.75
11,2,35,3.0998,3.75
11,2,35,2.5996,4.25
11,2,36,3.3036,4.25
11,2,36,2.1082,5.0
11,2,37,2.9249,5.0
11,2,37,2.8681,4.25
11,2,38,2.6566,4.25
11,2,38,2.0288,4.5
11,2,39,2.7775,4.5
11,2,39,2.5843,4.25
11,2,40,3.1297,4.25
11,2,40,3.2231,4.75
11,2,41,2.5883,4.75
11,2,41,2.0231,4.75
11,2,42,2.4556,4.75
11,2,42,2.8731,5.25
11,2,43,2.2129,5.25
11,2,43,2.8950,5.5
11,2,44,2.4879,5.5
11,2,44,2.7410,4.25
11,2,45,2.9139,4.25
11,2,45,2.8507,4.25
11,2,46,2.5798,4.25
11,2,46,2.9776,4.0
11,2,47,2.6755,4.0
11,2,47,2.9803,6.5
11,2,48,2.6704,6.5
11,2,48,3.0225,2.75
11,2,49,2.7624,2.75
11,2,49,2.9480,4.25
11,2,50,2.6920,4.25
11,2,50,2.6425,4.5
11,2,51,2.6210,4.5
11,2,51,3.1737,5.0
11,2,52,2.6621,5.0
11,2,52,3.1105,4.5
11,2,53,2.9106,4.5
11,2,53,2.8751,3.75
11,2,54,3.0387,3.75
11,2,54,2.5971,4.5
11,2,55,3.4348,4.5
11,2,55,2.6102,4.75
11,2,56,2.9945,4.75
11,2,56,3.1939,2.5
11,2,60,2.2842,2.5
11,2,60,2.5774,3.25
11,2,61,2.5820,3.25
11,2,61,3.0452,1.75
11,2,62,3.1413,1.75
11,2,62,2.2375,2.75
11,2,63,1.8366,2.75
11,2,63,2.8911,4.25
11,2,64,2.9135,4.25
11,2,64,2.6579,2.5
11,2,65,3.3631,2.5
11,2,65,2.4905,1.75
11,2,66,3.4618,1.75
11,2,66,2.0608,4.75
11,2,67,3.2069,4.75
11,2,67,2.2142,4.0
11,2,68,3.3119,4.0
11,2,68,2.9661,3.25
11,2,69,2.9341,3.25
11,2,69,3.3427,4.25
11,2,72,2.4203,4.25
11,2,72,3.2404,4.25
11,2,73,1.8583,4.25
11,2,73,3.1552,4.25
11,2,74,1.6799,4.25
11,2,74,2.8938,2.5
11,2,75,1.7006,2.5
11,2,75,3.5725,5.5
11,2,76,1.9145,5.5
11,2,76,3.1539,4.5
11,2,77,1.6493,4.5
11,2,77,3.4435,5.5
11,2,78,2.0950,5.5
11,2,78,3.2612,4.25
11,2,79,2.3012,4.25
11,2,79,3.0203,3.75
11,2,80,2.0271,3.75
11,2,80,2.9636,3.0
11,2,81,1.9642,3.0
11,2,81,2.8722,4.75
11,2,82,1.9431,4.75
11,2,82,3.1497,4.0
11,2,83,2.3354,4.0
11,2,83,3.5394,4.75
11,2,84,1.8605,4.75
11,2,84,2.8239,5.0
11,2,85,2.3988,5.0
11,2,85,3.1074,5.75
11,2,86,2.2311,5.75
11,2,86,3.1166,4.25
11,2,87,2.2891,4.25
11,2,87,3.1793,5.0
11,2,88,2.5230,5.0
11,2,88,2.9477,4.75
11,2,89,2.7464,4.75
11,2,89,2.5921,3.25
11,2,90,1.9680,3.25
11,2,90,2.9827,4.5
11,2,91,1.7706,4.5
11,2,91,2.6466,5.5
11,2,92,1.0847,5.5
11,2,92,3.2263,5.0
11,2,93,2.6033,5.0
11,2,93,2.7968,4.25
11,2,94,3.3382,4.25
11,2,94,2.1647,4.0
11,2,95,2.3422,4.0
11,2,95,3.3499,5.0
11,2,96,2.0337,5.0
11,2,96,2.8819,3.75
11,2,97,2.0540,3.75
11,2,97,3.2948,5.0
11,2,98,1.8568,5.0
11,2,98,2.9790,5.5
11,2,99,2.8190,5.5
11,2,99,2.1109,4.5
11,2,100,2.4037,4.5
11,2,100,2.2548,4.75
11,2,101,2.8050,4.75
11,2,101,3.1776,3.75
11,2,102,2.6817,3.75
11,2,102,3.1212,5.25
11,2,103,1.6971,5.25
11,2,103,2.0480,6.0
11,2,104,1.6601,6.0
11,2,104,2.8927,4.5
11,2,105,2.5453,4.5
11,2,105,2.5135,3.0
11,2,106,1.9315,3.0
11,2,106,2.9989,4.75
11,2,109,2.1552,4.75
11,2,109,3.6179,4.75
11,2,110,2.3115,4.75
11,2,110,3.0490,4.5
12,1,2,0.1253,6.5
12,1,2,0.3806,6.5
12,1,3,0.3498,6.0
12,1,3,0.2868,6.0
12,1,5,0.2190,6.0
12,1,5,0.3026,6.0
12,1,6,0.3036,5.0
12,1,6,0.3019,5.0
12,1,7,0.2602,6.25
12,1,7,0.2445,6.25
12,1,8,0.3440,5.25
12,1,8,0.2575,5.25
12,1,9,0.3109,4.75
12,1,9,0.2709,4.75
12,1,10,0.3698,5.25
12,1,10,0.3103,5.25
12,1,11,0.3686,5.0
12,1,11,0.2394,5.0
12,1,12,0.1857,5.75
12,1,12,0.2504,5.75
12,1,69,0.1768,3.75
12,1,69,0.3603,4.0
12,2,4,0.0487,4.0
12,2,4,0.3691,5.25
12,2,5,0.1699,5.25
12,2,5,0.2978,5.0
12,2,11,0.1423,5.0
12,2,11,0.1688,5.25
16,2,5,3.4318,4.0
16,2,5,4.0085,4.0
16,2,6,3.5285,4.5
16,2,6,5.5015,4.5
16,2,7,3.1394,5.0
16,2,7,3.8113,5.0
16,2,8,2.8133,3.25
16,2,8,3.5294,3.25
16,2,9,3.4922,3.5
16,2,9,4.3935,3.5
16,2,10,3.7579,5.5
16,2,10,4.4059,5.5
16,2,11,2.6532,4.5
16,2,11,5.2608,4.5
16,2,12,2.4923,5.5
16,2,12,3.2486,5.5
16,2,13,2.9476,4.5
16,2,13,3.6866,4.5
16,2,14,3.2882,4.0
16,2,14,3.2309,4.0
16,2,15,3.7839,4.25
16,2,15,3.1269,4.25
16,2,21,3.0392,3.75
16,2,21,5.6797,3.75
16,2,22,3.3706,1.75
16,2,22,6.0090,1.75
16,2,23,2.5786,2.5
16,2,23,5.1198,2.5
16,2,24,2.2314,3.5
16,2,24,3.9252,3.5
16,2,25,2.1522,3.0
16,2,25,3.0361,3.0
16,2,26,2.2400,3.25
16,2,26,4.0381,3.25
16,2,27,2.5071,4.25
16,2,27,2.9965,4.25
16,2,28,2.0972,3.25
16,2,28,2.3101,3.25
16,2,29,2.4163,2.0
16,2,29,3.0281,2.0
16,2,30,3.2958,3.0
16,2,30,2.6603,3.0
16,2,31,2.1271,2.0
16,2,31,4.7715,2.0
16,2,32,1.5252,2.75
16,2,32,4.6480,2.75
16,2,33,2.2821,1.5
16,2,33,5.0182,1.5
16,2,34,1.4919,2.25
16,2,34,4.7432,2.25
16,2,35,1.6610,2.5
16,2,35,3.3541,2.5
16,2,36,2.6917,3.75
16,2,36,2.9066,3.75
16,2,37,1.5685,4.5
16,2,37,4.8521,4.5
16,2,38,3.1161,4.0
16,2,38,4.5619,4.0
16,2,39,2.8067,2.25
16,2,39,4.0079,2.25
16,2,40,2.5367,2.0
16,2,40,2.4760,2.0
16,2,41,2.4875,1.75
16,2,41,2.5773,1.75
16,2,42,2.5037,2.5
16,2,42,2.7333,2.5
16,2,43,1.9819,2.25
16,2,43,3.5891,2.25
16,2,44,2.6044,2.75
16,2,44,3.1178,2.75
16,2,45,1.4913,3.0
16,2,45,3.1594,3.0
16,2,46,2.4618,2.5
16,2,46,4.4603,2.5
16,2,47,2.3196,1.75
16,2,47,3.2378,1.75
16,2,48,1.8567,3.25
16,2,48,2.7715,3.25
16,2,49,2.5363,2.75
16,2,49,2.1303,2.75
16,2,50,1.6940,2.25
16,2,50,3.9139,2.25
16,2,51,1.5541,3.5
16,2,51,4.6645,3.5
16,2,52,1.5946,2.25
16,2,52,4.0475,2.25
16,2,53,2.9503,4.0
16,2,53,4.8500,4.0
16,2,54,2.4674,1.25
16,2,54,3.1327,1.25
16,2,55,3.3459,4.0
16,2,55,2.9346,4.0
16,2,56,3.7781,4.75
16,2,56,4.6030,4.75
16,2,57,2.9589,3.0
16,2,57,5.4000,3.0
16,2,58,3.1105,2.25
16,2,58,4.8744,2.25
16,2,60,2.8383,3.0
16,2,60,3.4832,3.0
16,2,61,3.4509,2.5
16,2,61,3.7968,2.5
16,2,65,3.8246,5.0
16,2,65,4.1367,5.0
16,2,66,4.0039,5.75
16,2,66,4.4631,5.75
16,2,67,3.5965,3.5
16,2,67,2.8814,3.5
16,2,68,2.5981,1.25
16,2,68,3.6521,1.25
16,2,69,2.7233,1.75
16,2,69,3.8391,1.75
16,2,70,2.2626,1.75
16,2,70,3.7765,1.75
16,2,71,3.8705,4.0
16,2,71,4.0892,4.0
16,2,72,3.4719,2.25
16,2,72,3.7450,2.25
16,2,73,3.0275,4.0
16,2,73,3.3565,4.0
16,2,76,2.5192,3.0
16,2,76,4.3319,3.0
16,2,77,2.1622,5.5
16,2,77,4.0575,5.5
16,2,78,2.6632,4.25
16,2,78,5.4063,4.25
16,2,79,3.9223,5.0
16,2,79,5.3915,5.0
16,2,80,2.4687,4.0
16,2,80,6.0031,4.0
16,2,81,1.8543,2.5
16,2,81,4.3314,2.5
16,2,82,2.2764,2.25
16,2,82,5.7063,2.25
16,2,83,2.1320,4.5
16,2,83,5.2377,4.5
16,2,84,2.1165,3.75
16,2,84,4.9252,3.75
16,2,85,2.1145,3.5
16,2,85,5.3261,3.5
16,2,86,2.6074,4.5
16,2,86,5.2707,4.5
16,2,87,2.2776,3.5
16,2,87,5.3353,3.5
16,2,88,1.9448,3.75
16,2,88,4.9577,3.75
16,2,89,1.9797,1.75
16,2,89,5.4922,1.75
16,2,90,2.2276,1.75
16,2,90,2.4547,1.75
16,2,91,1.8812,3.25
16,2,91,4.1678,3.25
16,2,92,2.8407,2.5
16,2,92,5.2737,2.5
16,2,93,3.3139,4.0
16,2,93,4.0595,4.0
16,2,94,2.4766,4.0
16,2,94,5.0183,4.0
16,2,95,2.7717,3.5
16,2,95,3.8805,3.5
16,2,96,2.8011,3.5
16,2,96,4.7948,3.5
16,2,97,1.7812,2.75
16,2,97,5.8241,2.75
16,2,98,0.9073,4.5
16,2,98,5.0611,4.5
16,2,99,1.4031,3.25
16,2,99,4.7690,3.25
16,2,100,2.2342,3.25
16,2,100,3.3622,3.25
16,2,101,2.9418,5.0
16,2,101,5.0002,5.0
16,2,102,2.9421,1.75
16,2,102,5.3550,1.75
16,2,103,1.9942,3.25
16,2,103,5.3341,3.25
16,2,104,2.1814,1.75
16,2,104,4.8434,1.75
16,2,105,2.3762,3.75
16,2,105,4.6413,3.75
16,2,106,2.8544,2.75
16,2,106,4.7422,2.75
16,2,107,2.4303,3.25
16,2,107,5.0787,3.25
16,2,108,2.5120,2.75
16,2,108,5.1549,2.75
16,2,109,3.2712,4.5
16,2,109,4.8273,4.5
16,2,110,2.6272,2.25
16,2,110,3.0608,2.25
16,2,111,2.9641,3.5
16,2,111,4.5373,3.5
16,2,112,1.5672,1.5
16,2,112,5.5995,1.5
16,2,113,1.7057,2.5
16,2,113,5.6386,2.5
16,2,114,2.9834,3.5
16,2,114,4.3739,3.5
16,2,115,3.1868,2.75
16,2,115,4.0631,2.75
16,2,116,2.5895,4.0
17,1,4,3.7155,2.75
17,1,4,2.0101,2.75
17,1,5,3.4913,2.75
17,1,5,0.8462,2.75
17,1,6,3.4359,2.75
17,1,6,0.7800,2.75
17,1,7,3.8405,2.75
17,1,7,0.7666,2.75
17,1,8,3.0915,2.75
17,1,8,0.9640,2.75
17,1,9,3.2655,1.5
17,1,9,1.2927,1.5
17,1,10,3.0024,1.5
17,1,10,1.2629,1.5
17,1,12,2.8883,2.25
17,1,12,2.5705,2.25
17,1,17,3.8431,3.0
17,1,17,-0.5905,3.0
17,1,18,4.0307,2.75
17,1,18,-0.4359,2.75
17,1,19,3.6091,4.0
17,1,19,-0.4992,4.0
17,1,20,3.9568,3.5
17,1,20,-0.2291,3.5
17,1,21,3.7609,2.5
17,1,21,-0.5238,2.5
17,1,22,4.0256,3.0
17,1,22,-0.6429,3.0
17,1,23,4.3102,2.5
17,1,23,-0.5608,2.5
17,1,24,3.9138,3.25
17,1,24,0.2412,3.25
17,1,25,4.3700,3.75
17,1,25,-0.1214,3.75
17,1,26,4.3699,3.0
17,1,26,-1.2105,3.0
17,1,27,4.3430,4.5
17,1,27,-0.2232,4.5
17,1,29,3.7750,4.0
17,1,29,-0.7250,4.0
17,1,30,4.5114,5.25
17,1,30,-0.4728,5.25
17,1,31,3.9923,4.0
17,1,31,-0.5975,4.0
17,1,32,4.0109,4.5
17,1,32,0.4449,4.5
17,1,33,3.7447,3.75
17,1,33,-0.8759,3.75
17,1,34,3.3025,3.25
17,1,34,-0.4525,3.25
17,1,35,3.8669,2.5
17,1,35,-0.7180,2.5
17,1,36,3.2837,2.75
17,1,36,-0.3036,2.75
17,1,37,4.4204,2.5
17,1,37,0.1958,2.5
17,1,38,4.0996,2.25
17,1,38,-0.9119,2.25
17,1,39,3.3670,4.5
17,1,39,-0.4535,4.5
17,1,40,3.8515,3.0
17,1,40,-0.9010,3.0
17,1,41,3.1331,3.25
17,1,41,-0.0275,3.25
17,1,42,3.5182,3.75
17,1,42,-0.0331,3.75
17,1,43,3.8818,4.25
17,1,43,-0.6052,4.25
17,1,44,3.5135,3.5
17,1,44,-0.6711,3.5
17,1,45,3.4803,3.0
17,1,45,0.4436,3.0
17,1,46,3.3400,4.0
17,1,46,-0.2382,4.0
17,1,51,3.5250,3.0
17,1,51,-0.2877,3.0
17,1,52,4.2338,2.75
17,1,52,0.5532,2.75
17,1,53,3.9369,2.75
17,1,53,-0.1098,2.75
17,1,54,3.8650,3.25
17,1,54,-0.2771,3.25
17,1,55,3.0441,2.5
17,1,55,0.7096,2.5
17,1,56,3.6294,3.25
17,1,56,-0.7104,3.25
17,1,59,3.7398,2.5
17,1,59,1.7120,2.5
17,1,60,3.7059,3.0
17,1,60,1.5981,3.0
17,1,61,2.7031,2.25
17,1,61,0.7416,2.25
17,1,62,2.6215,1.75
17,1,62,1.2312,1.75
17,1,63,2.6295,1.75
17,1,63,1.5835,1.75
17,1,64,2.8557,1.0
17,1,64,0.9001,1.0
17,1,65,2.2611,1.25
17,1,65,0.8309,1.25
17,1,67,4.3974,3.0
17,1,67,1.6356,3.0
17,1,68,4.0811,3.75
17,1,68,1.0325,3.75
17,1,69,3.1364,2.5
17,1,69,1.6500,2.5
17,1,72,5.0706,5.25
17,1,72,0.9180,5.25
17,1,73,3.5597,4.25
17,1,73,-0.5320,4.25
17,1,74,3.8429,3.25
17,1,74,0.0725,3.25
17,1,75,3.2692,1.75
17,1,75,0.2873,1.75
17,1,76,3.9264,4.5
17,1,76,0.6229,4.5
17,1,77,4.4376,3.5
17,1,77,-0.0840,3.5
17,1,78,3.5909,4.25
17,1,78,0.1645,4.25
17,1,79,4.0134,3.25
17,1,79,0.6855,3.25
17,1,80,4.0060,4.25
17,1,80,-0.0030,4.25
17,1,81,4.3533,4.5
17,1,81,-1.0258,4.5
17,1,82,4.3896,5.0
17,1,82,-0.4617,5.0
17,1,83,4.6927,3.5
17,1,83,-0.2102,3.5
17,1,84,4.0792,4.25
17,1,84,0.2812,4.25
17,1,85,3.7189,4.75
17,1,85,0.2760,4.75
17,1,86,4.1627,4.0
17,1,86,0.0407,4.0
17,1,87,4.4333,2.5
17,1,87,0.0253,2.5
17,1,88,4.9165,4.25
17,1,88,-0.1336,4.25
17,1,89,4.2983,3.25
17,1,89,0.1736,3.25
17,1,90,4.7048,5.5
17,1,90,-0.5653,5.5
17,1,91,4.4110,3.5
17,1,91,0.5509,3.5
17,1,92,4.4809,5.25
17,1,92,-0.0737,5.25
17,1,93,3.6018,3.5
17,1,93,0.5916,3.5
17,1,94,5.1121,3.5
17,1,94,-0.1960,3.5
17,1,95,4.7694,5.25
17,1,95,0.6123,5.25
17,1,96,3.5136,1.5
17,1,96,-0.2800,1.5
17,1,97,3.6630,2.5
17,1,97,0.1543,2.5
17,1,98,5.0533,3.5
17,1,98,0.7403,3.5
17,1,99,4.0286,3.5
17,1,99,-0.3368,3.5
17,1,100,4.1253,2.75
17,1,100,0.4958,2.75
17,1,101,4.0059,3.0
17,1,101,0.0740,3.0
17,1,102,3.7533,3.75
17,1,102,0.3187,3.75
17,1,104,4.0843,3.25
17,1,104,0.6478,3.25
17,1,105,4.6802,3.75
17,1,105,0.1691,3.75
17,1,106,4.3266,2.75
17,1,106,0.6669,2.75
17,1,107,4.7931,3.25
17,1,107,0.2304,3.25
17,1,108,4.3376,2.5
17,1,108,-0.2969,2.5
17,1,109,4.2174,2.5
18,1,2,3.0054,4.25
18,1,2,3.7935,4.25
18,1,3,3.8223,2.25
18,1,3,4.4277,2.25
18,1,4,4.1999,3.0
18,1,4,3.3116,3.0
18,1,5,3.5227,1.5
18,1,5,1.2953,1.5
18,1,6,3.8224,3.5
18,1,6,2.6168,3.5
18,1,7,3.4328,2.5
18,1,7,0.6337,2.5
18,1,8,2.7607,2.25
18,1,8,2.1427,2.25
18,1,9,5.2813,2.0
18,1,9,2.5134,2.0
18,1,10,5.7268,1.75
18,1,10,2.7931,1.75
18,1,11,6.7876,5.75
18,1,11,4.1432,5.75
18,1,12,6.4172,6.0
18,1,12,3.4539,6.0
18,1,16,2.2094,2.33333
18,1,16,4.4334,2.33333
18,1,17,2.3238,3.0
18,1,17,3.7088,3.0
18,1,18,2.1232,2.75
18,1,18,5.1988,2.75
18,1,19,2.3874,2.75
18,1,19,4.9713,2.75
18,1,20,2.0931,2.75
18,1,20,6.0909,2.75
18,1,21,3.1747,2.5
18,1,21,4.7736,2.5
18,1,28,5.0023,3.25
18,1,28,5.1587,3.25
18,1,29,3.6583,3.75
18,1,29,4.4775,3.75
18,1,30,4.5891,2.75
18,1,30,4.4706,2.75
18,1,31,3.1831,3.75
18,1,31,4.5785,3.75
18,1,32,3.0141,1.25
18,1,32,3.9539,1.25
18,1,33,2.7333,1.0
18,1,33,4.8809,1.0
18,1,34,4.0809,2.25
18,1,34,4.9330,2.25
18,1,35,3.5934,2.25
18,1,35,4.7448,2.25
18,1,36,3.6674,2.25
18,1,36,4.6587,2.25
18,1,37,3.6847,2.75
18,1,37,4.4155,2.75
18,1,38,3.2291,3.5
18,1,38,3.6422,3.5
18,1,39,4.1838,4.0
18,1,39,2.3745,4.0
18,1,40,3.1533,4.0
18,1,40,3.6029,4.0
18,1,41,3.8511,4.0
18,1,41,4.5962,4.0
18,1,42,3.6263,2.5
18,1,42,3.2873,2.5
18,1,43,4.1007,4.25
18,1,43,3.6586,4.25
18,1,44,2.2459,2.5
18,1,44,1.7617,2.5
18,1,45,5.1856,4.75
18,1,45,3.5103,4.75
18,1,46,2.5552,2.25
18,1,46,4.4183,2.25
18,1,47,2.7877,1.75
18,1,47,4.3171,1.75
18,1,48,3.4609,1.75
18,1,48,4.1908,1.75
18,1,49,3.7491,1.5
18,1,49,3.9406,1.5
18,1,50,3.4630,2.25
18,1,50,5.5340,2.25
18,1,51,2.5445,1.25
18,1,51,3.0331,1.25
18,1,53,4.9703,3.25
18,1,53,4.8280,3.25
18,1,54,3.0054,1.25
18,1,54,2.0842,1.25
18,1,55,3.9425,1.75
18,1,55,2.8859,1.75
18,1,56,4.3778,3.25
18,1,56,2.9111,3.25
18,1,59,3.6659,1.66667
18,1,59,2.5745,1.66667
18,1,60,3.9740,1.0
18,1,60,3.4171,1.0
18,1,61,3.6576,3.25
18,1,61,2.3400,3.25
18,1,62,3.9519,1.5
18,1,62,2.6583,1.5
18,1,64,5.2583,2.25
18,1,64,3.1915,2.25
18,1,65,3.8816,1.0
18,1,65,2.2570,1.0
18,1,66,3.4999,1.75
18,1,66,1.5180,1.75
18,1,67,3.7260,1.0
18,1,67,1.7452,1.0
18,1,68,3.4564,2.5
18,1,68,2.1361,2.5
18,1,74,4.1985,1.5
18,1,74,3.3066,1.5
18,1,75,3.6684,1.0
18,1,75,3.9551,1.0
18,1,76,3.2617,2.0
18,1,76,4.6865,2.0
18,1,77,3.2294,1.0
18,1,77,4.5519,1.0
18,1,78,3.0284,2.0
18,1,78,4.3063,2.0
18,1,79,3.7907,2.25
18,1,79,3.6702,2.25
18,1,80,3.8767,3.5
18,1,80,4.0000,3.5
18,1,81,4.6253,3.75
18,1,81,3.7865,3.75
18,1,82,3.1940,3.25
18,1,82,2.8877,3.25
18,1,84,3.9207,4.5
18,1,84,4.8380,4.5
18,1,85,3.6654,4.0
18,1,85,4.4056,4.0
18,1,90,2.5782,2.5
18,1,90,2.6608,2.5
18,1,91,1.7333,2.5
18,1,91,5.0588,2.5
18,1,92,4.5881,2.25
18,1,92,4.5039,2.25
18,1,93,3.1851,2.0
18,1,93,3.1329,2.0
18,1,94,3.8546,2.5
18,1,94,2.7596,2.5
18,1,95,4.2468,4.25
18,1,95,4.8399,4.25
18,1,96,3.3791,2.5
18,1,96,2.8544,2.5
18,1,97,3.6240,3.25
18,1,97,3.5945,3.25
18,1,98,3.9270,2.25
18,1,98,2.5365,2.25
18,1,99,2.7640,2.5
18,1,99,2.0958,2.5
18,1,100,2.8937,3.75
18,1,100,3.7653,3.75
18,1,101,4.2611,2.25
18,1,101,3.5031,2.25
18,1,102,3.3657,2.25
18,1,102,3.1220,2.25
18,1,103,3.4206,2.0
18,1,103,3.0912,2.0
18,1,104,3.1770,3.25
18,1,104,2.1149,3.25
18,1,105,3.5411,1.75
18,1,105,3.1175,1.75
18,1,109,4.3172,3.0
18,1,109,4.4465,3.0
18,1,111,3.0204,2.75
18,1,111,4.0089,2.75
18,1,112,2.6838,1.25
