3,1,1,5.6475,3.875
3,1,1,4.6293,3.875
3,1,2,4.1410,4.5
3,1,2,2.9644,4.5
3,1,3,4.0098,3.0
3,1,3,4.4656,3.0
3,1,4,3.5051,3.25
3,1,4,4.9261,3.25
3,1,5,3.2240,6.0
3,1,5,4.6982,6.0
3,1,6,3.1980,4.5
3,1,6,3.6184,4.5
3,1,7,3.8895,4.75
3,1,7,4.9074,4.75
3,1,8,3.2429,3.5
3,1,8,3.7066,3.5
3,1,10,3.7425,2.875
3,1,10,3.7613,2.875
3,1,14,3.6999,3.75
3,1,14,4.7117,3.75
3,1,15,3.7637,5.0
3,1,15,3.0630,5.0
3,1,16,3.5754,4.75
3,1,16,3.8446,4.75
3,1,17,3.8875,5.0
3,1,17,4.0281,5.0
3,1,18,3.1553,3.75
3,1,18,4.1273,3.75
3,1,20,3.2006,2.5
3,1,20,4.0277,2.5
3,1,21,3.6405,4.5
3,1,21,4.5072,4.5
3,1,22,4.2694,4.83333
3,1,22,3.6111,4.83333
3,1,24,3.6417,4.5
3,1,24,3.5991,4.5
3,1,25,4.3545,5.5
3,1,25,5.2864,5.5
3,1,26,3.7598,4.0
3,1,26,4.3102,4.0
3,1,27,3.9457,5.25
3,1,27,5.3749,5.25
3,1,28,3.5589,4.75
3,1,28,3.9359,4.75
3,1,29,4.0841,1.25
3,1,29,5.3854,1.25
3,1,30,3.4258,4.5
3,1,30,4.8607,4.5
3,1,33,3.5475,3.0
3,1,33,4.1975,3.0
3,1,34,3.2740,4.125
3,1,34,3.3919,4.125
3,1,35,3.3258,4.375
3,1,35,4.0978,4.375
3,1,40,3.4690,5.0
3,1,40,3.7429,5.0
3,1,43,3.3542,4.0
3,1,43,4.0147,4.0
3,1,44,3.3603,3.0
3,1,44,3.8689,3.0
3,1,45,3.3253,4.25
3,1,45,4.4121,4.25
3,1,46,3.3322,5.0
3,1,46,3.7806,5.0
3,1,47,3.4128,4.25
3,1,47,3.8082,4.25
3,1,48,3.7312,2.5
3,1,48,3.4636,2.5
3,1,49,3.6642,5.0
3,1,49,4.8462,5.0
3,1,50,3.3101,4.66667
3,1,50,3.9827,4.66667
3,1,51,3.4247,4.5
3,1,51,3.7220,4.5
3,1,52,3.1182,3.5
3,1,52,3.9584,3.5
3,1,55,3.4123,3.25
3,1,55,5.1880,3.25
3,1,56,3.1987,4.0
3,1,56,3.8968,4.0
3,1,57,3.1989,4.875
3,1,57,4.9298,4.875
3,1,58,4.1441,4.5
3,1,58,4.9565,4.5
3,1,59,3.4564,5.5
3,1,59,4.1580,5.5
3,1,60,2.8240,5.5
3,1,60,4.4588,5.5
3,1,61,3.1407,5.5
3,1,61,3.8896,5.5
3,1,62,3.7556,4.375
3,1,62,3.7896,4.375
3,1,63,4.0639,4.75
3,1,63,3.6790,4.75
3,1,64,3.4229,5.75
3,1,64,4.2078,5.75
3,1,65,3.5831,6.25
3,1,65,4.0734,6.25
3,1,66,3.8091,3.0
3,1,66,3.6141,3.0
3,1,70,3.4045,2.75
3,1,70,3.7560,2.75
3,1,71,3.0551,2.0
3,1,71,4.0502,2.0
3,1,73,1.8479,3.0
3,1,73,4.4628,3.0
3,1,74,3.0755,4.0
3,1,74,3.8000,4.0
3,1,75,3.6754,4.0
3,1,75,2.8699,4.0
3,1,78,3.9150,5.25
3,1,78,4.3641,5.25
3,1,79,4.3886,5.25
3,1,79,4.6771,5.25
3,1,80,3.7306,2.75
3,1,80,4.7544,2.75
3,1,81,3.6898,2.75
3,1,81,3.4350,2.75
3,1,82,3.8390,3.0
3,1,82,4.2944,3.0
3,1,83,3.2999,4.5
3,1,83,4.2058,4.5
3,1,84,3.3189,3.75
3,1,84,3.7526,3.75
3,1,85,3.5410,2.0
3,1,85,3.6038,2.0
3,1,86,3.7102,4.25
3,1,86,4.0400,4.25
3,1,87,3.6080,4.25
3,1,87,4.3125,4.25
3,1,88,3.9208,4.0
3,1,88,4.0220,4.0
3,1,89,4.2847,4.25
3,1,89,3.9170,4.25
3,1,90,4.1447,3.75
3,1,90,3.6743,3.75
3,1,91,3.4072,4.0
3,1,91,3.3538,4.0
3,1,92,3.2712,3.5
3,1,92,2.8738,3.5
3,1,93,4.1326,3.25
3,1,93,3.6710,3.25
3,1,94,3.8724,3.25
3,1,94,3.6069,3.25
3,1,95,3.3850,3.75
3,1,95,4.3393,3.75
3,1,96,3.3200,3.875
3,1,96,3.7303,3.875
3,1,97,2.4000,1.25
3,1,97,3.5698,1.25
3,1,98,2.4873,1.75
3,1,98,3.6552,1.75
3,1,99,3.4102,1.5
3,1,99,3.4938,1.5
3,1,100,3.6445,2.375
3,1,100,3.3603,2.375
3,1,101,3.7821,4.375
3,1,101,4.7762,4.375
3,1,102,3.6947,5.25
3,1,102,3.1272,5.25
3,1,103,3.5446,1.5
3,1,103,4.3439,1.5
3,1,104,3.1125,3.5
3,1,104,3.8592,3.5
3,1,105,3.4855,1.25
3,1,105,3.9821,1.25
3,1,106,3.5471,2.75
3,1,106,4.0977,1.875
3,2,2,4.7923,1.875
3,2,2,4.0423,3.25
3,2,5,5.2740,3.25
3,2,5,3.4968,5.25
3,2,6,4.6564,5.25
3,2,6,4.3859,6.0
3,2,7,5.2238,6.0
3,2,7,4.3302,6.0
3,2,8,4.8872,6.0
3,2,8,4.3652,4.5
3,2,9,4.5129,4.5
3,2,9,4.2096,4.0
3,2,10,4.8343,4.0
3,2,10,4.3371,4.125
3,2,11,4.3931,4.125
3,2,11,4.3804,5.25
3,2,12,4.7986,5.25
3,2,12,4.5414,5.0
3,2,13,4.5858,5.0
3,2,13,4.1602,3.75
3,2,14,4.9563,3.75
3,2,14,3.2564,2.5
3,2,26,3.7754,2.5
3,2,26,3.5256,4.0
3,2,27,4.5193,4.0
3,2,27,3.4845,4.0
3,2,28,3.7573,4.0
3,2,28,4.0119,4.0
3,2,29,3.5290,4.0
3,2,29,4.0099,3.625
3,2,30,3.8067,3.625
3,2,30,3.6270,3.25
3,2,31,3.9747,3.25
3,2,31,3.5677,3.25
3,2,32,4.2599,3.25
3,2,32,3.1268,3.5
3,2,34,3.7579,3.5
3,2,34,3.2992,3.875
3,2,35,3.7478,3.875
3,2,35,3.1920,2.75
3,2,36,4.0614,2.75
3,2,36,3.5787,2.25
3,2,37,4.1748,2.25
3,2,37,2.9021,3.25
3,2,38,3.9101,3.25
3,2,38,3.0201,4.25
3,2,39,3.7730,4.25
3,2,39,3.2482,2.75
3,2,40,4.2258,2.75
3,2,40,3.0838,3.5
3,2,41,3.3714,3.5
3,2,41,3.4204,2.5
3,2,42,3.3767,2.5
3,2,42,3.6520,4.0
3,2,43,3.8340,4.0
3,2,43,3.4661,5.0
3,2,44,3.8786,5.0
3,2,44,2.3748,3.25
3,2,45,3.6930,3.25
3,2,45,2.8557,4.5
3,2,46,3.6931,4.5
3,2,46,2.7407,3.875
3,2,47,4.1023,3.875
3,2,47,3.5283,4.25
3,2,48,4.2384,4.25
3,2,48,3.3906,3.75
3,2,50,4.4494,3.75
3,2,50,3.3276,4.0
3,2,51,3.8273,4.0
3,2,51,3.3273,1.5
3,2,52,3.1616,1.5
3,2,52,3.4777,4.5
3,2,53,3.5977,4.5
3,2,53,3.5422,3.33333
3,2,55,3.4516,3.33333
3,2,55,3.3917,4.25
3,2,56,4.0464,4.25
3,2,56,3.5683,2.25
3,2,59,4.9973,2.25
3,2,59,4.4310,3.75
3,2,60,4.7723,3.75
3,2,60,3.8432,4.375
3,2,61,4.6244,4.375
3,2,61,3.7031,5.25
3,2,62,5.0751,5.25
3,2,62,3.7842,1.25
3,2,63,5.1657,1.25
3,2,63,4.4286,2.375
3,2,64,4.4439,2.375
3,2,64,4.3361,3.75
3,2,66,4.9649,3.75
3,2,66,4.0557,5.25
3,2,67,4.8694,5.25
3,2,67,5.2780,5.5
3,2,68,3.8185,5.5
3,2,68,5.0327,1.25
3,2,69,5.2503,1.25
3,2,69,4.4018,3.66667
3,2,70,4.8290,3.66667
3,2,70,4.3548,2.375
3,2,71,4.8828,2.375
3,2,71,3.6199,3.75
3,2,73,4.3054,3.75
3,2,73,3.4831,2.75
3,2,78,4.1784,2.75
3,2,78,3.7993,3.75
3,2,79,3.9040,3.75
3,2,79,3.8716,4.75
3,2,80,4.0650,4.75
3,2,80,4.1067,4.375
3,2,81,3.3010,4.375
3,2,81,4.0255,3.25
3,2,82,3.1879,3.25
3,2,82,4.0574,4.25
3,2,83,3.1578,4.25
3,2,83,3.0425,4.0
3,2,84,4.1336,4.0
3,2,84,4.4725,3.25
3,2,85,3.9096,3.25
3,2,85,3.5552,2.75
3,2,86,4.4238,2.75
3,2,86,4.3097,3.75
3,2,87,3.1564,3.75
3,2,87,3.3400,4.0
3,2,88,3.7449,4.0
3,2,88,4.3921,4.25
3,2,90,3.4924,4.25
3,2,90,3.2525,4.5
3,2,91,3.5249,4.5
3,2,91,4.0392,3.75
3,2,94,2.9594,3.75
3,2,94,3.5163,1.5
3,2,95,4.4549,1.5
3,2,95,3.6898,3.125
3,2,96,3.6928,3.125
3,2,96,3.7396,5.0
3,2,97,3.8578,5.0
3,2,97,3.7433,4.5
3,2,98,3.6429,4.5
3,2,98,3.6641,2.625
3,2,99,3.9001,2.625
3,2,99,3.2477,1.25
3,2,100,3.7831,1.25
3,2,100,3.5584,3.125
3,2,101,4.2470,3.125
3,2,101,3.7130,2.0
3,2,102,4.6307,2.0
3,2,102,3.9999,4.0
3,2,103,4.3356,4.0
3,2,103,3.3746,3.5
3,2,104,3.4247,3.5
3,2,104,3.0875,3.5
3,2,105,3.6751,3.5
3,2,105,3.9887,3.875
3,2,106,3.9308,3.875
3,2,106,3.8254,4.625
3,2,107,3.5258,4.625
3,2,107,4.1522,4.0
3,2,108,3.2439,4.0
3,2,108,4.2123,4.25
3,2,110,3.8845,4.25
3,2,110,3.7949,3.5
3,2,111,2.7677,3.5
3,2,111,3.2122,3.0
4,1,23,3.3841,1.0
4,1,23,4.5254,1.0
4,1,30,2.8107,1.125
4,1,30,3.5607,1.125
4,1,31,1.9545,2.25
4,1,31,3.8858,2.25
4,1,32,2.3324,1.5
4,1,32,3.7967,1.5
4,1,33,2.6527,1.5
4,1,33,3.4651,1.5
4,1,34,2.6018,1.5
4,1,34,3.2532,1.5
4,1,35,1.8701,1.75
4,1,35,3.9095,1.75
4,1,36,2.4129,0.875
4,1,36,3.3288,0.875
4,1,37,1.9695,2.25
4,1,37,3.3549,2.25
4,1,38,2.3576,2.5
4,1,38,3.4647,2.5
4,1,39,2.0039,2.5
4,1,39,3.4409,2.5
4,1,40,2.0445,4.0
4,1,40,3.2011,4.0
4,1,41,2.6003,2.5
4,1,41,3.3986,2.5
4,1,42,2.5694,1.75
4,1,42,3.7486,1.75
4,1,45,3.2903,2.125
4,1,45,3.2017,2.125
4,1,46,2.2418,3.75
4,1,46,3.4534,3.75
4,1,48,2.1764,1.5
4,1,48,3.2146,1.5
4,1,49,2.5055,4.25
4,1,49,3.4375,4.25
4,1,50,2.6959,2.0
4,1,50,3.3369,2.0
4,1,51,3.4184,2.75
4,1,51,3.2995,2.75
4,1,52,3.3324,3.25
4,1,52,3.4795,3.25
4,1,54,2.9854,3.375
4,1,54,2.8358,3.375
4,1,55,2.8230,2.5
4,1,55,3.2610,2.5
4,1,56,2.5851,2.0
4,1,56,3.4715,2.0
4,1,57,2.2486,2.75
4,1,57,3.1668,2.75
4,1,58,2.3201,2.25
4,1,58,3.3741,2.25
4,1,59,3.1078,1.875
4,1,59,3.3768,1.875
4,1,63,2.6106,1.0
4,1,63,2.7121,1.0
4,1,64,3.4082,3.5
4,1,64,3.7079,3.5
4,1,65,2.9228,4.75
4,1,65,2.3565,4.75
4,1,66,2.7398,1.0
4,1,66,2.9715,1.0
4,1,67,2.4685,1.75
4,1,67,3.1703,1.75
4,1,68,3.0409,5.5
4,1,68,3.2453,5.5
4,1,69,2.2804,5.5
4,1,69,3.2002,5.5
4,1,70,3.0839,5.25
4,1,70,2.8303,5.25
4,1,71,2.8612,2.125
4,1,71,3.4285,2.125
4,1,72,2.8745,2.375
4,1,72,3.5650,2.375
4,1,73,2.3616,4.25
4,1,73,3.5048,4.25
4,1,74,3.4638,3.5
4,1,74,3.7442,3.5
4,1,75,3.3391,4.75
4,1,75,3.3039,4.75
4,1,77,2.7735,2.625
4,1,77,2.8659,2.625
4,1,99,3.2281,2.375
4,1,99,2.4734,2.375
4,1,102,2.6994,1.5
4,1,102,1.8430,1.5
4,1,104,2.5608,1.25
4,1,104,1.9600,1.25
4,1,105,3.0661,3.625
4,1,105,2.6350,3.625
4,1,110,2.6599,4.0
4,1,110,2.4110,4.0
4,1,111,2.6230,3.5
4,1,111,2.4452,3.5
4,1,112,2.9004,1.0
7,1,1,3.1260,3.5
7,1,1,3.7335,3.5
7,1,2,4.0306,5.5
7,1,2,4.9189,5.5
7,1,3,3.5288,4.75
7,1,3,4.1662,4.75
7,1,4,3.8253,3.25
7,1,4,3.9480,3.25
7,1,5,4.1260,4.75
7,1,5,5.5632,4.75
7,1,7,4.4705,2.25
7,1,7,4.0055,2.25
7,1,8,4.2771,4.5
7,1,8,4.0481,4.5
7,1,9,2.9390,2.0
7,1,9,3.1693,2.0
7,1,10,3.0519,2.75
7,1,10,2.8869,2.75
7,1,11,3.5209,1.75
7,1,11,3.6970,1.75
7,1,12,2.6643,5.0
7,1,12,2.7823,5.0
7,1,13,3.3111,3.0
7,1,13,3.0112,3.0
7,1,14,3.1710,1.75
7,1,14,4.6851,1.75
7,1,18,3.8348,6.0
7,1,18,4.2761,6.0
7,1,19,3.5798,4.75
7,1,19,4.8436,4.75
7,1,20,4.0390,5.25
7,1,20,4.7932,5.25
7,1,22,3.6337,3.75
7,1,22,4.9380,3.75
7,1,23,3.3171,4.0
7,1,23,3.7577,4.0
7,1,24,3.2723,5.0
7,1,24,4.6508,5.0
7,1,25,3.2627,4.5
7,1,25,4.6510,4.5
7,1,26,3.8267,3.0
7,1,26,3.2556,3.0
7,1,27,3.9562,4.25
7,1,27,4.0713,4.25
7,1,28,3.9124,5.25
7,1,28,4.5398,5.25
7,1,29,3.3399,4.25
7,1,29,4.6741,4.25
7,1,30,3.5929,3.0
7,1,30,3.2881,3.0
7,1,31,3.4731,4.5
7,1,31,4.5102,4.5
7,1,32,3.7399,3.75
7,1,32,4.1126,3.75
7,1,33,4.6330,4.75
7,1,33,4.5120,4.75
7,1,34,4.3449,5.5
7,1,34,4.4394,5.5
7,1,35,3.9527,6.0
7,1,35,3.9495,6.0
7,1,36,3.9716,4.25
7,1,36,4.6438,4.25
7,1,37,3.9154,4.25
7,1,37,4.2106,4.25
7,1,38,3.6546,3.5
7,1,38,3.8556,3.5
7,1,39,4.1070,5.5
7,1,39,4.0203,5.5
7,1,40,2.8823,5.5
7,1,40,4.6122,5.5
7,1,41,4.1905,4.75
7,1,41,3.1566,4.75
7,1,42,3.4077,3.0
7,1,42,4.2241,3.0
7,1,43,4.2407,3.5
7,1,43,4.5011,3.5
7,1,44,3.5292,6.25
7,1,44,4.2702,6.25
7,1,45,3.3598,4.5
7,1,45,3.3645,4.5
7,1,46,2.8782,4.0
7,1,46,5.1228,4.0
7,1,47,4.0818,4.5
7,1,47,4.8647,4.5
7,1,48,3.8932,1.5
7,1,48,4.3571,1.5
7,1,49,2.9358,4.5
7,1,49,3.2144,4.5
7,1,50,4.6736,5.0
7,1,50,3.8282,5.0
7,1,51,3.9004,3.5
7,1,51,4.1836,3.5
7,1,52,4.5773,0.75
7,1,52,3.4631,0.75
7,1,53,3.8876,5.5
7,1,53,4.8691,5.5
7,1,55,4.7500,2.5
7,1,55,2.7263,2.5
7,1,57,3.7286,4.25
7,1,57,3.6534,4.25
7,1,58,2.4983,6.0
7,1,58,3.3414,6.0
7,1,59,3.3707,5.25
7,1,59,3.1556,5.25
7,1,60,3.0577,3.25
7,1,60,3.4392,3.25
7,1,61,2.8501,5.0
7,1,61,3.2628,5.0
7,1,62,3.1735,4.5
7,1,62,2.9501,4.5
7,1,63,3.2440,5.5
7,1,63,3.7477,5.5
7,1,64,2.3739,5.0
7,1,64,3.1527,5.0
7,1,65,2.5357,5.25
7,1,65,2.3470,5.25
7,1,66,3.4012,4.25
7,1,66,2.9093,4.25
7,1,67,2.2901,4.75
7,1,67,3.1209,4.75
7,1,68,2.7553,4.25
7,1,68,3.3156,4.25
7,1,69,3.5463,5.5
7,1,69,3.4768,5.5
7,1,70,3.4582,5.5
7,1,70,3.6704,5.5
7,1,71,3.1898,4.75
7,1,71,4.2846,4.75
7,1,72,3.7315,2.0
7,1,72,3.7391,2.0
7,1,73,3.4629,1.0
7,1,73,4.0587,1.0
7,1,74,2.9487,4.25
7,1,74,3.5020,4.25
7,1,75,3.5714,4.75
7,1,75,4.3155,4.75
7,1,76,3.2446,2.75
7,1,76,3.4008,2.75
7,1,78,3.2978,4.0
7,1,78,3.3797,4.0
7,1,79,3.1639,3.0
7,1,79,3.5745,3.0
7,1,80,4.6096,2.0
7,1,80,2.9635,2.0
7,1,81,4.6771,4.0
7,1,81,3.6169,4.0
7,1,82,3.8683,5.25
7,1,82,4.4486,5.25
7,1,83,4.4951,4.75
7,1,83,3.3445,4.75
7,1,84,3.0537,4.75
7,1,84,3.8770,4.75
7,1,86,3.6136,3.25
7,1,86,3.5966,3.25
7,1,88,3.1918,6.5
7,1,88,3.7739,6.5
7,1,90,4.5140,4.0
7,1,90,2.2595,4.0
7,1,92,3.3017,5.75
7,1,92,4.3604,5.75
7,1,93,4.1018,4.25
7,1,93,2.4803,4.25
7,1,94,4.0872,3.0
7,1,94,3.5373,3.0
7,1,95,4.5904,4.75
7,1,95,4.3048,4.75
7,1,96,4.6588,5.5
7,1,96,3.9150,5.5
7,1,97,4.3113,5.5
7,1,97,3.0622,5.5
7,1,98,3.6177,3.25
7,1,98,3.3186,3.25
7,1,101,4.2169,4.0
7,1,101,3.4134,4.0
7,1,102,4.0773,4.25
7,1,102,3.6618,4.25
7,1,103,4.8330,3.25
7,1,103,3.5887,3.25
7,1,104,2.6851,4.75
7,1,104,2.5020,4.75
7,1,105,4.3362,4.75
7,1,105,3.5768,4.75
7,1,106,3.4822,4.75
7,1,106,3.6562,4.75
7,1,109,3.1835,6.25
7,1,109,3.9304,4.25
7,2,1,4.0290,4.25
7,2,1,3.7086,2.75
7,2,2,4.2108,2.75
7,2,2,3.7510,5.75
7,2,3,4.8014,5.75
7,2,3,3.4882,3.0
7,2,4,4.3541,3.0
7,2,4,2.8655,3.25
7,2,5,3.6377,3.25
7,2,5,4.1470,4.0
7,2,6,4.5574,4.0
7,2,6,4.2124,5.0
7,2,7,4.7690,5.0
7,2,7,5.9832,4.0
7,2,8,4.0282,4.0
7,2,8,3.5527,4.0
7,2,9,4.3683,4.0
7,2,9,3.1165,4.0
7,2,10,4.2858,4.0
7,2,10,1.9307,2.75
7,2,11,3.9230,2.75
7,2,11,3.3865,4.25
7,2,12,4.3295,4.25
7,2,12,2.8331,4.75
7,2,13,4.3017,4.75
7,2,13,4.0397,5.5
7,2,14,4.6187,5.5
7,2,14,4.5909,5.0
7,2,16,4.2456,5.0
7,2,16,2.7397,6.0
7,2,17,2.3163,6.0
7,2,17,4.0808,3.5
7,2,18,4.7160,3.5
7,2,18,3.1698,4.5
7,2,19,2.7079,4.5
7,2,19,2.8169,5.5
7,2,20,3.4515,5.5
7,2,20,3.3773,1.5
7,2,21,2.8957,1.5
7,2,21,2.4390,3.0
7,2,22,2.6395,3.0
7,2,22,3.7492,1.75
7,2,23,5.0323,1.75
7,2,23,4.3099,3.75
7,2,24,4.0803,3.75
7,2,24,3.7291,4.75
7,2,25,3.3691,4.75
7,2,25,3.5116,4.25
7,2,26,4.4110,4.25
7,2,26,3.0502,4.25
7,2,27,4.7131,4.25
7,2,27,3.6586,5.75
7,2,28,4.1156,5.75
7,2,28,3.3389,1.75
7,2,29,4.6203,1.75
7,2,29,3.6738,3.0
7,2,30,2.7298,3.0
7,2,30,3.3646,3.75
7,2,31,5.5677,3.75
7,2,31,4.0495,4.5
7,2,32,4.9408,4.5
7,2,32,3.1307,1.5
7,2,33,2.8760,1.5
7,2,33,3.2824,4.25
7,2,34,3.9572,4.25
7,2,34,2.2264,3.5
7,2,35,3.8955,3.5
7,2,35,3.5221,2.5
7,2,36,3.7502,2.5
7,2,36,3.0000,3.5
7,2,37,4.7394,3.5
7,2,37,3.9284,5.25
7,2,38,3.1178,5.25
7,2,38,3.6396,4.0
7,2,39,4.3578,4.0
7,2,39,4.1550,5.25
7,2,40,4.3678,5.25
7,2,40,3.8175,3.0
7,2,42,4.1866,3.0
7,2,42,2.6513,2.75
7,2,43,4.4386,2.75
7,2,43,3.0628,4.5
7,2,44,3.1346,4.5
7,2,44,3.2518,2.5
7,2,45,5.3725,2.5
7,2,45,3.6661,4.75
7,2,46,3.5397,4.75
7,2,46,3.7697,4.0
7,2,47,3.9691,4.0
7,2,47,4.0561,3.75
7,2,48,3.0081,3.75
7,2,48,2.9452,4.0
7,2,49,3.5898,4.0
7,2,49,4.0228,4.25
7,2,50,3.8355,4.25
7,2,50,2.9350,4.75
7,2,51,3.8404,4.75
7,2,51,4.2872,3.25
7,2,52,3.8452,3.25
7,2,52,3.7759,5.0
7,2,53,3.7107,5.0
7,2,53,2.7160,4.0
7,2,55,4.1715,4.0
7,2,55,3.6244,4.75
7,2,56,3.7819,4.75
7,2,56,3.2564,1.5
7,2,57,3.4959,1.5
7,2,57,2.8569,4.0
7,2,58,3.7670,4.0
7,2,58,1.5911,4.0
7,2,60,3.8710,4.0
7,2,60,1.1816,5.5
7,2,61,2.7364,5.5
7,2,61,3.2976,5.25
7,2,63,3.1297,5.25
7,2,63,3.5892,3.25
7,2,64,3.5411,3.25
7,2,64,4.0502,5.0
7,2,65,3.1935,5.0
7,2,65,2.9620,5.5
7,2,66,4.2053,5.5
7,2,66,3.3661,6.5
7,2,68,4.2790,6.5
7,2,68,3.0054,4.25
7,2,69,3.4272,4.25
7,2,69,2.9047,3.25
7,2,70,3.5996,3.25
7,2,70,3.3105,4.0
7,2,71,2.4821,4.0
7,2,71,3.9073,4.25
7,2,72,3.6303,4.25
7,2,72,3.2105,3.25
7,2,73,2.3482,3.25
7,2,73,2.9125,2.5
7,2,74,3.8066,2.5
7,2,74,3.5543,3.5
7,2,75,2.9241,3.5
7,2,75,4.0366,4.5
7,2,76,3.5462,4.5
7,2,76,3.0702,4.25
7,2,77,2.9923,4.25
7,2,77,2.6976,5.0
7,2,78,2.2705,5.0
7,2,78,3.2611,4.0
7,2,80,3.1324,4.0
7,2,80,4.4467,3.25
7,2,82,3.7987,3.25
7,2,82,3.4651,5.0
7,2,83,5.2423,5.0
7,2,83,3.2507,3.75
7,2,84,2.4021,3.75
7,2,84,2.7548,2.5
7,2,85,3.6309,2.5
7,2,85,3.3185,2.5
7,2,86,3.1734,2.5
7,2,86,2.0702,4.5
7,2,87,3.0984,4.5
7,2,87,3.0822,5.0
7,2,88,4.2640,5.0
7,2,88,4.0409,3.0
7,2,89,3.0986,3.0
7,2,89,2.9239,4.0
7,2,90,2.9703,4.0
7,2,90,3.2605,3.75
7,2,91,3.9727,3.75
7,2,91,3.7035,4.66667
7,2,92,3.6554,4.66667
7,2,92,3.9626,4.75
7,2,93,2.0192,4.75
7,2,93,1.5410,3.25
7,2,94,3.2331,3.25
7,2,94,4.1696,2.5
7,2,95,2.5691,2.5
7,2,95,3.6590,3.5
7,2,96,3.6075,3.5
7,2,96,3.3792,3.0
7,2,97,2.8129,3.0
7,2,97,2.6484,3.75
7,2,98,3.3163,3.75
7,2,98,3.4912,4.25
7,2,99,3.5409,4.25
7,2,99,3.0726,1.75
7,2,100,3.4171,1.75
7,2,100,2.8520,5.25
7,2,102,2.8450,5.25
7,2,102,3.1120,4.25
7,2,103,3.7914,4.25
7,2,103,2.3484,3.5
7,2,104,1.9828,3.5
7,2,104,3.5579,3.0
7,2,105,3.4027,3.0
7,2,105,3.3685,6.25
7,2,106,3.9964,6.25
7,2,106,3.2338,4.5
7,2,107,3.3481,4.5
7,2,107,2.5936,5.5
7,2,108,3.9988,5.5
7,2,108,1.8605,5.25
7,2,109,3.4066,5.25
7,2,109,2.8478,4.75
8,1,9,2.3325,2.0
8,1,9,2.7428,2.0
8,1,10,3.2518,1.75
8,1,10,2.3196,1.75
8,1,16,4.2702,2.75
8,1,16,3.1808,2.75
8,1,17,3.9552,3.25
8,1,17,3.0268,3.25
8,1,18,3.9523,3.75
8,1,18,2.0962,3.75
8,1,20,3.9072,2.5
8,1,20,2.8995,2.5
8,1,21,4.5376,1.75
8,1,21,3.3858,1.75
8,1,22,4.4295,3.5
8,1,22,2.0166,3.5
8,1,27,3.1975,2.0
8,1,27,1.9894,2.0
8,1,30,3.9589,2.5
8,1,30,2.2055,2.5
8,1,54,3.3062,3.0
8,1,54,0.8372,3.0
8,1,58,3.7104,1.0
8,1,58,2.4845,1.0
8,1,68,3.5240,1.5
8,1,68,3.7709,1.5
8,1,73,4.1522,2.75
8,1,73,3.6583,2.75
8,1,74,3.8790,2.5
8,1,74,2.3862,2.5
8,1,75,4.2364,3.0
8,1,75,1.9618,3.0
8,1,76,4.3390,1.0
8,1,76,1.8064,1.0
8,1,77,4.2772,3.25
8,1,77,2.5298,3.25
8,1,78,4.2706,2.75
8,1,78,2.9150,2.75
8,1,79,4.3689,2.0
8,1,79,2.6723,2.0
8,1,80,4.2160,1.75
8,1,80,2.3389,1.75
8,1,81,4.0369,2.25
8,1,81,2.8653,2.25
8,1,82,4.1682,1.75
8,1,82,2.5876,1.75
8,1,85,4.6226,2.0
8,1,85,2.5606,2.0
8,1,88,4.4783,2.25
8,1,88,2.7403,2.25
8,1,89,4.3008,3.5
8,1,89,3.7095,3.25
8,2,4,3.7576,3.25
8,2,4,2.1081,3.75
8,2,5,3.7297,3.75
8,2,5,2.4772,1.5
8,2,7,2.9259,1.5
8,2,7,2.5409,4.25
8,2,8,4.3653,4.25
8,2,8,2.0745,2.0
8,2,9,2.4430,2.0
8,2,9,2.9390,3.0
8,2,11,3.6138,3.0
8,2,11,2.5669,2.25
8,2,15,2.6302,2.25
8,2,15,2.1160,4.0
8,2,16,4.1752,4.0
8,2,16,2.9906,3.5
8,2,18,3.0341,3.5
8,2,18,2.4133,3.75
8,2,20,3.8178,3.75
8,2,20,2.4760,2.25
8,2,21,3.1629,2.25
8,2,21,2.3598,2.25
8,2,22,2.9456,2.25
8,2,22,2.5308,2.5
8,2,23,2.9079,2.5
8,2,23,3.8577,3.0
8,2,24,3.9539,3.0
8,2,24,1.0796,4.0
8,2,27,3.2400,4.0
8,2,27,2.0939,2.5
8,2,28,2.7091,2.5
8,2,28,2.9801,4.75
8,2,29,3.6163,4.75
8,2,29,2.2761,4.25
8,2,30,3.2974,4.25
8,2,30,1.9493,2.75
8,2,31,2.8723,2.75
8,2,31,1.9405,4.0
8,2,32,3.4866,4.0
8,2,32,1.0737,3.5
8,2,35,2.7509,3.5
8,2,35,0.5875,3.75
8,2,36,3.5981,3.75
8,2,36,0.9403,2.25
8,2,37,3.1312,2.25
8,2,37,1.5361,3.75
8,2,38,3.4500,3.75
8,2,38,0.6529,2.0
8,2,39,3.2788,2.0
8,2,39,1.0330,2.0
8,2,40,2.7615,2.0
8,2,40,1.3854,4.0
8,2,41,2.7303,4.0
8,2,41,1.3192,3.5
8,2,42,2.7237,3.5
8,2,42,1.9969,2.25
8,2,45,3.5662,2.25
8,2,45,2.6043,4.0
8,2,48,3.4304,4.0
8,2,48,2.0283,4.0
8,2,49,3.4234,4.0
8,2,49,2.5011,3.0
8,2,50,3.1848,3.0
8,2,50,1.7153,3.75
8,2,55,4.1936,3.75
8,2,55,1.3346,4.75
8,2,57,3.6104,4.75
8,2,57,1.8859,3.0
8,2,58,3.6910,3.0
8,2,58,2.0782,1.75
8,2,62,3.8362,1.75
8,2,62,0.9555,5.25
8,2,63,3.0187,5.25
8,2,63,0.8641,1.625
8,2,67,3.6759,1.625
8,2,67,1.9126,2.75
8,2,68,4.1952,2.75
8,2,68,1.2758,3.5
8,2,69,4.7098,3.5
8,2,69,0.9922,2.0
8,2,71,3.0614,2.0
8,2,71,0.9691,3.5
8,2,72,2.9910,3.5
8,2,72,1.0836,3.75
8,2,74,3.3543,3.75
8,2,74,1.2747,4.0
9,1,2,2.8021,5.25
9,1,2,3.6695,5.25
9,1,3,1.6209,4.75
9,1,3,3.7019,4.75
9,1,4,2.9148,5.0
9,1,4,3.5764,5.0
9,1,5,1.8587,5.75
9,1,5,3.5861,5.75
9,1,6,2.7337,3.5
9,1,6,2.9568,3.5
9,1,7,1.4563,4.25
9,1,7,2.6148,4.25
9,1,8,2.7413,4.5
9,1,8,2.8942,4.5
9,1,12,2.1764,4.75
9,1,12,2.6314,4.75
9,1,16,3.8486,1.5
9,1,16,3.0812,1.5
9,1,17,2.4659,4.25
9,1,17,3.5834,4.25
9,1,18,1.8837,3.5
9,1,18,3.1447,3.5
9,1,19,2.9825,3.25
9,1,19,2.5344,3.25
9,1,20,1.9103,4.0
9,1,20,2.8119,4.0
9,1,21,1.7093,4.5
9,1,21,2.8841,4.5
9,1,22,2.5077,3.0
9,1,22,2.6473,3.0
9,1,23,2.0629,4.5
9,1,23,3.5804,4.5
9,1,24,1.9373,3.5
9,1,24,2.1693,3.5
9,1,25,3.3252,3.5
9,1,25,2.0746,3.5
9,1,26,1.8602,4.5
9,1,26,1.7629,4.5
9,1,27,1.9637,3.75
9,1,27,2.8024,3.75
9,1,28,2.5562,2.75
9,1,28,2.3839,2.75
9,1,29,2.3117,2.5
9,1,29,3.0213,2.5
9,1,30,2.7245,3.0
9,1,30,3.0430,3.0
9,1,31,2.2233,3.5
9,1,31,2.6826,3.5
9,1,32,2.4794,2.75
9,1,32,2.4360,2.75
9,1,33,2.3069,3.75
9,1,33,3.2459,3.75
9,1,34,2.8524,3.25
9,1,34,2.7101,3.25
9,1,35,2.8177,3.5
9,1,35,2.9611,3.5
9,1,36,2.4845,3.5
9,1,36,3.1357,3.5
9,1,37,3.1453,4.5
9,1,37,2.8823,4.5
9,1,38,2.2504,3.5
9,1,38,2.8794,3.5
9,1,39,2.2115,2.75
9,1,39,2.4083,2.75
9,1,40,2.9808,2.25
9,1,40,3.4043,2.25
9,1,41,2.2653,3.0
9,1,41,1.9797,3.0
9,1,42,3.2399,4.0
9,1,42,2.7920,4.0
9,1,50,1.8734,3.5
9,1,50,2.8563,3.5
9,1,51,1.4694,3.5
9,1,51,2.1510,3.5
9,1,52,1.8883,2.75
9,1,52,2.7155,2.75
9,1,53,2.6332,3.0
9,1,53,2.2393,3.0
9,1,54,2.2444,2.75
9,1,54,2.0327,2.75
9,1,55,1.2081,3.5
9,1,55,2.5454,3.5
9,1,56,3.3655,3.75
9,1,56,2.7154,3.75
9,1,59,2.8512,2.75
9,1,59,1.9922,2.75
9,1,60,3.0600,4.0
9,1,60,3.4254,4.0
9,1,61,1.8918,3.5
9,1,61,2.7148,3.5
9,1,63,2.4508,3.25
9,1,63,3.1524,3.25
9,1,64,3.1237,4.25
9,1,64,1.6973,4.25
9,1,65,1.9966,2.0
9,1,65,2.5510,2.0
9,1,66,3.1689,4.75
9,1,66,1.6935,4.75
9,1,67,1.7193,4.25
9,1,67,2.5640,4.25
9,1,68,2.8882,3.5
9,1,68,3.0715,3.5
9,1,69,1.8516,5.5
9,1,69,1.9437,5.5
9,1,72,3.1958,3.75
9,1,72,2.6784,3.75
9,1,73,5.2117,3.25
9,1,73,2.6289,3.25
9,1,74,2.3388,3.0
9,1,74,2.7157,3.0
9,1,75,2.2580,2.5
9,1,75,4.0264,2.5
9,1,76,2.2578,4.0
9,1,76,3.2546,4.0
9,1,77,2.5134,3.25
9,1,77,2.9344,3.25
9,1,78,3.0877,3.5
9,1,78,3.4467,3.5
9,1,79,2.8448,4.0
9,1,79,1.9539,4.0
9,1,81,2.3423,2.25
9,1,81,2.8958,2.25
9,1,82,2.2018,4.0
9,1,82,3.5698,4.0
9,1,83,2.7911,4.25
9,1,83,2.4680,4.25
9,1,84,2.5926,3.0
9,1,84,4.0470,3.0
9,1,85,1.8733,4.75
9,1,85,3.0285,4.75
9,1,86,2.4915,4.0
9,1,86,3.2025,4.0
9,1,87,2.5757,3.25
9,1,87,3.5057,3.25
9,1,88,1.2026,3.25
9,1,88,2.5677,3.25
9,1,89,1.8093,2.75
9,1,89,3.0934,2.75
9,1,90,1.4442,2.75
9,1,90,2.7497,2.75
9,1,91,1.4099,3.75
9,1,91,2.6589,3.75
9,1,92,1.9828,4.0
9,1,92,2.2978,4.0
9,1,93,2.5011,3.25
9,1,93,3.3290,3.25
9,1,94,3.6980,3.0
9,1,94,3.2643,3.0
9,1,95,2.5451,4.25
9,1,95,2.5905,4.25
9,1,96,2.6967,4.25
9,1,96,4.3077,4.25
9,1,97,3.6299,3.5
9,1,97,3.9939,3.5
9,1,98,2.7529,2.25
9,1,98,2.2934,2.25
9,1,99,1.8359,3.0
9,1,99,3.5178,3.0
9,1,100,3.0957,4.25
9,1,100,4.0216,4.25
9,1,101,1.8014,2.25
9,1,101,2.6907,2.25
9,1,102,3.7224,3.75
9,1,102,3.6133,3.75
9,1,103,1.5573,2.25
9,1,103,2.9816,2.25
9,1,104,3.2096,3.0
9,1,104,2.7914,3.0
9,1,105,3.5583,3.75
9,1,105,2.2796,3.75
9,1,106,2.9190,4.0
9,1,106,3.1125,4.0
9,1,107,2.6939,4.25
9,1,107,3.0033,4.25
9,1,110,2.2023,4.25
9,1,110,3.7198,4.25
9,1,111,2.8959,3.0
9,1,111,4.0605,4.0
9,2,2,3.4773,4.0
9,2,2,2.0757,4.5
9,2,3,2.6912,4.5
9,2,3,1.3666,5.25
9,2,4,2.6367,5.25
9,2,4,2.0907,5.5
9,2,5,2.4709,5.5
9,2,5,2.2139,5.75
9,2,6,3.2196,5.75
9,2,6,2.0302,5.25
9,2,7,2.7658,5.25
9,2,7,4.7941,4.5
9,2,8,3.6758,4.5
9,2,8,4.6689,5.75
9,2,9,3.8337,5.75
9,2,9,4.1763,4.75
9,2,10,3.0084,4.75
9,2,10,2.7240,4.5
9,2,11,3.8542,4.5
9,2,11,2.5910,5.5
9,2,12,3.9897,5.5
9,2,12,2.5221,3.75
9,2,13,4.0873,3.75
9,2,13,2.8120,2.75
9,2,16,3.0360,2.75
9,2,16,2.8206,4.0
9,2,17,2.8801,4.0
9,2,17,1.4215,4.25
9,2,18,3.0567,4.25
9,2,18,1.6431,3.0
9,2,20,2.7473,3.0
9,2,20,2.6471,3.75
9,2,21,2.8931,3.75
9,2,21,3.5582,3.0
9,2,22,2.5996,3.0
9,2,22,2.6658,2.75
9,2,23,3.4100,2.75
9,2,23,2.1132,1.75
9,2,24,3.6805,1.75
9,2,24,2.7699,5.75
9,2,25,2.1046,5.75
9,2,25,2.3851,3.25
9,2,27,3.5101,3.25
9,2,27,1.5268,2.75
9,2,30,2.5451,2.75
9,2,30,2.2366,2.75
9,2,31,3.1283,2.75
9,2,31,2.7363,2.25
9,2,32,3.4150,2.25
9,2,32,3.1471,2.5
9,2,34,2.6891,2.5
9,2,34,3.3546,4.75
9,2,36,2.9997,4.75
9,2,36,2.4832,3.75
9,2,37,2.9813,3.75
9,2,37,1.4572,2.0
9,2,38,2.1801,2.0
9,2,38,1.5402,3.25
9,2,42,3.9482,3.25
9,2,42,2.5831,3.0
9,2,45,4.3564,3.0
9,2,45,2.9749,4.75
9,2,46,3.2480,4.75
9,2,46,2.6404,4.0
9,2,50,3.2184,4.0
9,2,50,1.8299,3.75
9,2,53,1.7713,3.75
9,2,53,3.2197,4.0
9,2,62,2.6302,4.0
9,2,62,2.7009,5.0
9,2,63,2.0893,5.0
9,2,63,1.9382,4.5
9,2,64,3.1658,4.5
9,2,64,2.9916,5.5
9,2,66,1.1944,5.5
9,2,66,3.3904,4.25
9,2,67,3.1773,4.25
9,2,67,3.3374,3.25
9,2,68,2.4188,3.25
9,2,68,2.0618,3.25
9,2,69,2.3024,3.25
9,2,69,1.3447,4.75
9,2,70,1.9511,4.75
9,2,70,1.4838,5.25
9,2,71,2.7994,5.25
9,2,71,1.8870,5.25
9,2,74,2.5786,5.25
9,2,74,2.3517,3.75
9,2,75,2.8135,3.75
9,2,75,2.8676,4.25
9,2,77,3.6394,4.25
9,2,77,3.0903,5.5
9,2,78,3.4675,5.5
9,2,78,0.7259,5.25
9,2,79,3.3287,5.25
9,2,79,3.1472,4.75
9,2,81,2.6144,4.75
9,2,81,2.6804,3.75
9,2,84,4.4577,3.75
9,2,84,2.2318,4.75
9,2,85,3.1454,4.75
9,2,85,2.5013,4.0
9,2,86,1.5698,4.0
9,2,86,2.4246,3.25
9,2,87,3.6945,3.25
9,2,87,3.8244,4.5
9,2,88,2.5259,4.5
9,2,88,3.0436,2.75
9,2,89,1.5667,2.75
9,2,89,2.5866,3.25
9,2,90,2.8066,3.25
9,2,90,1.9081,4.25
9,2,91,4.2233,4.25
9,2,91,3.5380,4.25
9,2,92,3.0494,4.25
9,2,92,2.6425,5.0
9,2,95,2.8687,5.0
9,2,95,2.7511,3.0
9,2,96,3.0944,3.0
9,2,96,1.0543,4.5
9,2,98,2.7644,4.5
9,2,98,3.6952,5.75
9,2,100,3.9016,5.75
9,2,100,1.4891,3.0
9,2,103,3.4178,3.0
9,2,103,2.7134,3.25
9,2,104,3.6576,3.25
9,2,104,3.2911,4.5
9,2,105,3.4707,4.5
9,2,105,2.4567,3.75
9,2,107,2.4930,3.75
9,2,107,1.3457,4.25
9,2,108,2.9632,4.25
9,2,108,2.9957,2.25
9,2,109,2.1045,2.25
9,2,109,2.7279,4.5
10,1,4,2.8693,5.5
10,1,4,5.0095,5.5
10,1,5,2.1266,5.0
10,1,5,4.4443,5.0
10,1,6,3.5361,5.0
10,1,6,5.1233,5.0
10,1,7,2.9444,5.5
10,1,7,4.4090,5.5
10,1,8,3.3131,6.25
10,1,8,4.7848,6.25
10,1,9,2.4195,5.5
10,1,9,5.9207,5.5
10,1,10,2.6741,5.0
10,1,10,5.8422,5.0
10,1,11,2.4670,4.0
10,1,11,4.4064,4.0
10,1,12,2.9008,4.5
10,1,12,4.5020,4.5
10,1,13,1.6610,4.25
10,1,13,5.8928,4.25
10,1,14,2.1788,3.75
10,1,14,5.3673,3.75
10,1,20,2.8116,5.0
10,1,20,4.4016,5.0
10,1,21,3.2073,5.25
10,1,21,4.4157,5.25
10,1,22,3.4054,4.5
10,1,22,5.0026,4.5
10,1,24,1.8391,4.75
10,1,24,5.0908,4.75
10,1,25,2.8525,4.5
10,1,25,4.2723,4.5
10,1,26,3.0419,2.375
10,1,26,4.8545,2.375
10,1,27,2.9607,4.25
10,1,27,3.7456,4.25
10,1,28,2.8809,4.75
10,1,28,5.2459,4.75
10,1,29,2.2124,4.5
10,1,29,5.1254,4.5
10,1,30,2.2748,5.5
10,1,30,4.1056,5.5
10,1,31,1.9625,4.75
10,1,31,5.1406,4.75
10,1,32,2.7132,3.75
10,1,32,5.2097,3.75
10,1,33,2.7245,4.5
10,1,33,4.8831,4.5
10,1,36,3.0789,4.75
10,1,36,4.1030,4.75
10,1,39,2.5536,4.0
10,1,39,3.6832,4.0
10,1,42,2.6653,5.25
10,1,42,4.3785,5.25
10,1,43,2.4291,4.5
10,1,43,5.0240,4.5
10,1,44,2.1891,4.5
10,1,44,3.0827,4.5
10,1,45,2.6439,2.875
10,1,45,4.5586,2.875
10,1,46,3.6725,5.0
10,1,46,3.9803,5.0
10,1,47,2.6057,5.25
10,1,47,3.5305,5.25
10,1,48,2.1987,5.0
10,1,48,4.9038,5.0
10,1,49,1.3278,4.0
10,1,49,4.6502,4.0
10,1,50,2.2422,5.25
10,1,50,4.6661,5.25
10,1,51,2.8828,5.5
10,1,51,4.5095,5.5
10,1,52,2.3752,5.0
10,1,52,3.0673,5.0
10,1,53,2.3766,5.25
10,1,53,5.8757,5.25
10,1,55,3.2178,5.25
10,1,55,4.7817,5.25
10,1,56,2.4852,4.5
10,1,56,6.2858,4.5
10,1,57,2.9299,1.5
10,1,57,5.0024,1.5
10,1,61,3.0003,4.0
10,1,61,5.1211,4.0
10,1,62,2.9304,3.75
10,1,62,4.3104,3.75
10,1,63,3.7147,4.25
10,1,63,4.2121,4.25
10,1,64,2.4718,5.0
10,1,64,4.2398,5.0
10,1,65,4.0164,5.75
10,1,65,3.4567,5.75
10,1,66,3.5389,6.0
10,1,66,5.4919,6.0
10,1,67,3.1365,5.25
10,1,67,5.1025,5.25
10,1,68,2.8572,3.75
10,1,68,4.5617,3.75
10,1,69,3.3470,4.5
10,1,69,4.9354,4.5
10,1,72,3.0136,3.0
10,1,72,4.5111,3.0
10,1,73,2.8040,4.25
10,1,73,4.2833,4.25
10,1,74,1.9688,4.75
10,1,74,4.9987,4.75
10,1,75,2.4248,4.5
10,1,75,5.4675,4.5
10,1,76,2.3942,4.75
10,1,76,4.7856,4.75
10,1,77,1.8173,4.5
10,1,77,4.0304,4.5
10,1,78,3.7006,5.5
10,1,78,2.8138,5.5
10,1,79,2.5566,4.5
10,1,79,5.1062,4.5
10,1,80,2.6029,5.0
10,1,80,4.9656,5.0
10,1,81,3.6358,4.25
10,1,81,3.5980,4.25
10,1,82,2.0833,4.5
10,1,82,4.9101,4.5
10,1,83,1.8248,3.0
10,1,83,4.1037,3.0
10,1,84,2.0711,2.75
10,1,84,3.7687,2.75
10,1,85,1.9093,4.75
10,1,85,3.7404,4.75
10,1,86,0.7941,4.0
10,1,86,4.2496,4.0
10,1,87,3.6327,4.75
10,1,87,4.3680,4.75
10,1,88,5.0089,5.5
10,1,88,4.7010,5.5
10,1,89,1.0250,5.25
10,1,89,5.2163,5.25
10,1,90,1.5470,3.75
10,1,90,4.7134,3.75
10,1,91,1.2973,4.5
10,1,91,4.0961,4.5
10,1,92,2.5622,5.0
10,1,92,3.2985,5.0
10,1,93,2.1894,4.0
10,1,93,4.6511,4.0
10,1,94,2.1628,5.0
10,1,94,4.9794,5.0
10,1,95,2.8613,4.75
10,1,95,3.6339,4.75
10,1,96,1.6622,4.5
10,1,96,4.6162,4.5
10,1,97,1.9703,3.75
10,1,97,3.2531,3.75
10,1,98,3.9731,4.5
10,1,98,3.3564,4.5
10,1,99,2.0292,5.25
10,1,99,4.4121,5.25
10,1,100,3.0978,4.0
10,1,100,4.6507,4.0
10,1,101,2.1081,5.5
10,1,101,4.9740,5.5
10,1,102,3.1950,5.0
10,1,102,3.9204,5.0
10,1,103,3.3020,3.75
10,1,103,4.6996,3.75
10,1,104,3.0967,4.5
10,1,104,4.1042,4.5
10,1,105,1.8755,4.0
10,1,105,3.2958,4.0
10,1,106,2.5109,2.0
10,1,106,3.3422,2.0
10,1,107,2.0667,5.0
10,1,107,4.4573,5.0
10,1,108,2.5446,5.0
10,1,108,1.4352,3.75
10,2,3,6.0254,3.75
10,2,3,2.3019,6.25
10,2,4,5.7492,6.25
10,2,4,1.8342,5.5
10,2,5,4.8492,5.5
10,2,5,4.5851,5.25
10,2,6,4.2332,5.25
10,2,6,3.1066,5.25
10,2,7,4.7783,5.25
10,2,7,2.2630,5.75
10,2,8,3.8311,5.75
10,2,8,2.9714,3.25
10,2,9,5.1630,3.25
10,2,9,2.6521,5.25
10,2,10,4.3394,5.25
10,2,10,2.7314,4.5
10,2,11,5.3749,4.5
10,2,11,1.4498,4.25
10,2,12,3.6925,4.25
10,2,12,1.2409,5.25
10,2,13,3.9935,5.25
10,2,13,1.6228,5.25
10,2,14,4.8882,5.25
10,2,14,2.1634,5.75
10,2,15,4.4528,5.75
10,2,15,0.9537,4.5
10,2,19,5.3103,4.5
10,2,19,1.1378,2.75
10,2,20,3.7271,2.75
10,2,20,1.6941,5.5
10,2,21,4.5200,5.5
10,2,21,2.2480,5.5
10,2,22,4.4948,5.5
10,2,22,0.8377,5.0
10,2,23,3.4770,5.0
10,2,23,1.4799,3.5
10,2,26,4.4363,3.5
10,2,26,3.7843,4.5
10,2,28,4.1180,4.5
10,2,28,3.9357,5.0
10,2,29,4.1272,5.0
10,2,29,3.9658,5.75
10,2,30,3.3264,5.75
10,2,30,2.2106,4.75
10,2,33,4.3544,4.75
10,2,33,3.0274,3.75
10,2,36,4.8401,3.75
10,2,36,1.8381,5.0
10,2,37,4.1736,5.0
10,2,37,2.2270,4.75
10,2,38,4.5310,4.75
10,2,38,1.9550,5.25
10,2,39,3.8667,5.25
10,2,39,2.9446,5.25
10,2,41,3.4000,5.25
10,2,41,3.4158,5.5
10,2,42,4.1788,5.5
10,2,42,1.6533,5.75
10,2,43,3.5591,5.75
10,2,43,1.4373,5.25
10,2,47,4.0058,5.25
10,2,47,3.2206,5.5
10,2,51,4.4774,5.5
10,2,51,4.5612,5.5
10,2,52,5.4441,5.5
10,2,52,2.5458,6.75
10,2,53,5.8305,6.75
10,2,53,3.7150,5.5
10,2,54,4.2446,5.5
10,2,54,2.7579,3.75
10,2,55,4.2535,3.75
10,2,55,2.9453,5.25
10,2,56,3.8942,5.25
10,2,56,2.2180,5.5
10,2,58,4.4845,5.5
10,2,58,0.8835,5.0
10,2,65,4.4881,5.0
10,2,65,1.5104,3.0
10,2,66,2.9885,3.0
10,2,66,3.4532,4.33333
10,2,67,4.3813,4.33333
10,2,67,2.0623,4.75
10,2,68,4.4523,4.75
10,2,68,4.3370,5.25
10,2,69,4.7952,5.25
10,2,69,1.9320,4.66667
10,2,70,4.3882,4.66667
10,2,70,1.7476,4.0
10,2,71,4.5832,4.0
10,2,71,0.5636,6.25
10,2,72,5.9471,6.25
10,2,72,1.8952,5.5
10,2,73,3.5126,5.5
10,2,73,3.0894,4.75
10,2,74,3.8781,4.75
10,2,74,4.4788,4.5
10,2,75,4.2081,4.5
10,2,75,2.1913,4.5
10,2,76,3.4234,4.5
10,2,76,1.2641,3.5
10,2,77,4.2130,3.5
10,2,77,2.8882,5.25
10,2,78,4.3686,5.25
10,2,78,1.8293,5.5
10,2,79,4.0691,5.5
10,2,79,1.4112,4.5
10,2,80,3.3314,4.5
10,2,80,0.7865,5.25
10,2,81,3.7922,5.25
10,2,81,2.4140,5.25
10,2,82,3.2267,5.25
10,2,82,1.6880,4.25
10,2,83,4.5852,4.25
10,2,83,2.6444,4.0
10,2,84,4.7464,4.0
10,2,84,1.4822,5.25
10,2,85,4.1271,5.25
10,2,85,2.5084,4.5
10,2,86,3.1615,4.5
10,2,86,1.6590,5.5
10,2,87,4.3170,5.5
10,2,87,1.7099,5.5
10,2,88,4.4416,5.5
10,2,88,2.1484,4.0
10,2,89,3.6796,4.0
10,2,89,3.0746,4.25
10,2,90,4.4056,4.25
10,2,90,4.0110,4.25
10,2,91,4.3361,4.25
10,2,91,2.5406,5.75
11,1,4,4.5917,5.75
11,1,4,2.1907,5.75
11,1,5,3.8753,4.5
11,1,5,2.4475,4.5
11,1,6,3.7071,5.0
11,1,6,2.0566,5.0
11,1,7,4.2924,4.25
11,1,7,2.4570,4.25
11,1,8,3.5424,4.25
11,1,8,2.7387,4.25
11,1,9,3.6267,4.0
11,1,9,2.8696,4.0
11,1,10,5.2154,4.66667
11,1,10,2.4940,4.66667
11,1,11,4.4163,4.5
11,1,11,2.0806,4.5
11,1,12,3.7280,5.5
11,1,12,2.5083,5.5
11,1,13,5.4092,5.25
11,1,13,2.2947,5.25
11,1,14,4.0862,4.25
11,1,14,1.3670,4.25
11,1,15,4.8229,3.5
11,1,15,2.0344,3.5
11,1,19,3.3960,6.25
11,1,19,2.6184,6.25
11,1,20,3.5041,5.5
11,1,20,3.0067,5.5
11,1,21,3.2390,4.25
11,1,21,2.9222,4.25
11,1,22,3.2409,6.25
11,1,22,2.5449,6.25
11,1,23,3.2249,5.75
11,1,23,2.5443,5.75
11,1,24,3.1481,3.25
11,1,24,2.7371,3.25
11,1,25,3.8707,5.0
11,1,25,2.5958,5.0
11,1,26,3.2939,4.0
11,1,26,2.8416,4.0
11,1,27,3.6877,4.5
11,1,27,2.4653,4.5
11,1,28,3.0198,4.5
11,1,28,2.5111,4.5
11,1,29,3.0592,5.5
11,1,29,2.6827,5.5
11,1,30,3.9807,4.25
11,1,30,2.9234,4.25
11,1,31,3.2871,5.5
11,1,31,3.0943,5.5
11,1,32,3.7442,4.25
11,1,32,2.6556,4.25
11,1,33,3.7799,5.0
11,1,33,2.8160,5.0
11,1,34,3.2369,4.5
11,1,34,2.8289,4.5
11,1,35,3.6321,4.5
11,1,35,2.5891,4.5
11,1,36,3.3312,5.0
11,1,36,2.5346,5.0
11,1,37,3.8088,3.75
11,1,37,2.1672,3.75
11,1,38,3.8978,4.5
11,1,38,2.2664,4.5
11,1,39,4.2922,5.0
11,1,39,2.0864,5.0
11,1,48,1.6885,2.25
11,1,48,2.4899,2.25
11,1,50,3.6079,3.0
11,1,50,3.4286,3.0
11,1,51,4.4790,4.75
11,1,51,3.4876,4.75
11,1,57,2.8560,2.5
11,1,57,2.5690,2.5
11,1,62,3.0826,5.0
11,1,62,3.1708,5.0
11,1,63,3.8847,6.25
11,1,63,2.6117,6.25
11,1,64,3.8636,5.0
11,1,64,2.5581,5.0
11,1,66,3.9307,3.25
11,1,66,3.1933,3.25
11,1,68,3.9607,4.25
11,1,68,2.5433,4.25
11,1,69,3.5678,4.0
11,1,69,1.8053,4.0
11,1,70,3.5045,5.0
11,1,70,2.6468,5.0
11,1,73,3.7667,5.25
11,1,73,2.4582,5.25
11,1,75,3.7296,3.5
11,1,75,3.0764,3.5
11,1,76,3.5864,4.0
11,1,76,1.8204,4.0
11,1,77,3.2051,6.0
11,1,77,2.3710,6.0
11,1,78,3.3858,5.0
11,1,78,2.5644,5.0
11,1,79,3.5935,4.5
11,1,79,0.9264,4.5
11,1,80,3.7371,6.0
11,1,80,2.1357,6.0
11,1,81,3.6560,4.5
11,1,81,2.6762,4.5
11,1,82,3.7970,4.5
11,1,82,2.0597,4.5
11,1,83,3.3431,3.5
11,1,83,2.2286,3.5
11,1,84,3.4967,3.5
11,1,84,2.5312,3.5
11,1,87,3.2803,2.75
11,1,87,2.5570,2.75
11,1,88,3.2826,3.75
11,1,88,2.1189,3.75
11,1,90,3.0951,4.25
11,1,90,2.2991,4.25
11,1,91,3.8750,5.5
11,1,91,2.8994,5.5
11,1,93,3.7650,4.25
11,1,93,1.9303,4.25
11,1,94,3.4662,5.75
11,1,94,2.3788,5.75
11,1,95,3.8967,4.25
11,1,95,1.7848,4.25
11,1,96,3.0583,4.75
11,1,96,2.4734,4.75
11,1,97,3.0337,3.75
11,1,97,2.2889,3.75
11,1,98,3.6116,4.5
11,1,98,2.1670,4.5
11,1,99,3.2807,6.25
11,1,99,4.2279,5.0
11,2,3,2.0321,5.0
11,2,3,3.9948,4.0
11,2,4,2.7935,4.0
11,2,4,4.0762,2.25
11,2,5,1.8436,2.25
11,2,5,4.2927,5.5
11,2,6,1.8841,5.5
11,2,6,3.3992,0.75
11,2,7,1.9934,0.75
11,2,7,3.2916,5.0
11,2,8,1.9234,5.0
11,2,8,4.0537,3.5
11,2,9,2.1788,3.5
11,2,9,3.8768,4.75
11,2,10,1.5447,4.75
11,2,10,2.8094,2.25
11,2,12,2.9503,2.25
11,2,12,3.3021,3.75
11,2,17,2.6655,3.75
11,2,17,3.2395,4.0
11,2,18,2.4908,4.0
11,2,18,3.7726,5.25
11,2,19,3.6334,5.25
11,2,19,3.7964,4.75
11,2,20,2.9068,4.75
11,2,20,3.5632,6.25
11,2,21,2.8727,6.25
11,2,21,3.6528,3.75
11,2,22,2.4872,3.75
11,2,22,4.1684,5.75
11,2,23,3.0412,5.75
11,2,23,3.9822,5.0
11,2,24,2.8939,5.0
11,2,24,3.8094,5.0
11,2,25,2.8054,5.0
11,2,25,2.8126,3.5
11,2,26,3.0400,3.5
11,2,26,2.4298,5.5
11,2,27,2.9598,5.5
11,2,27,3.4493,4.5
11,2,28,3.2540,4.5
11,2,28,1.3410,4.75
11,2,29,3.6456,4.75
11,2,29,2.8989,4.0
11,2,30,2.7255,4.0
11,2,30,4.1085,5.0
11,2,31,2.8376,5.0
11,2,31,3.7898,5.25
11,2,32,3.4677,5.25
11,2,32,3.2591,4.25
11,2,33,3.2162,4.25
11,2,33,4.5344,6.5
11,2,34,3.0032,6.5
11,2,34,3.6535,3.75
11,2,35,3.0939,3.75
11,2,35,4.2826,4.25
11,2,36,3.0850,4.25
11,2,36,1.9662,5.0
11,2,37,2.4554,5.0
11,2,37,3.2793,4.25
11,2,38,2.3861,4.25
11,2,38,2.0178,4.5
11,2,39,2.0343,4.5
11,2,39,3.2744,4.25
11,2,40,2.5711,4.25
11,2,40,3.8740,4.75
11,2,41,2.2092,4.75
11,2,41,3.3566,4.75
11,2,42,2.3951,4.75
11,2,42,3.4522,5.25
11,2,43,2.2833,5.25
11,2,43,3.6992,5.5
11,2,44,2.6375,5.5
11,2,44,3.8439,4.25
11,2,45,2.7238,4.25
11,2,45,3.6593,4.25
11,2,46,2.4890,4.25
11,2,46,3.6673,4.0
11,2,47,3.7586,4.0
11,2,47,3.7095,6.5
11,2,48,2.9324,6.5
11,2,48,3.4283,2.75
11,2,49,3.3082,2.75
11,2,49,3.4891,4.25
11,2,50,3.2506,4.25
11,2,50,3.4062,4.5
11,2,51,2.6399,4.5
11,2,51,4.0943,5.0
11,2,52,3.5000,5.0
11,2,52,3.4426,4.5
11,2,53,3.3072,4.5
11,2,53,3.4178,3.75
11,2,54,3.6006,3.75
11,2,54,3.1051,4.5
11,2,55,3.6449,4.5
11,2,55,4.1160,4.75
11,2,56,4.1138,4.75
11,2,56,3.2704,2.5
11,2,60,2.6328,2.5
11,2,60,1.7380,3.25
11,2,61,3.3628,3.25
11,2,61,2.7622,1.75
11,2,62,2.9100,1.75
11,2,62,3.6383,2.75
11,2,63,1.9719,2.75
11,2,63,3.3755,4.25
11,2,64,4.0111,4.25
11,2,64,3.8452,2.5
11,2,65,3.6864,2.5
11,2,65,3.7542,1.75
11,2,66,3.5594,1.75
11,2,66,2.5157,4.75
11,2,67,3.3109,4.75
11,2,67,3.6947,4.0
11,2,68,3.0332,4.0
11,2,68,4.3240,3.25
11,2,69,3.1113,3.25
11,2,69,4.2720,4.25
11,2,72,2.4462,4.25
11,2,72,4.2761,4.25
11,2,73,2.2898,4.25
11,2,73,4.0489,4.25
11,2,74,2.6342,4.25
11,2,74,4.2969,2.5
11,2,75,2.7101,2.5
11,2,75,4.6238,5.5
11,2,76,1.9542,5.5
11,2,76,3.7911,4.5
11,2,77,1.5144,4.5
11,2,77,4.4033,5.5
11,2,78,2.3566,5.5
11,2,78,3.8448,4.25
11,2,79,2.0575,4.25
11,2,79,4.0739,3.75
11,2,80,2.5647,3.75
11,2,80,3.4099,3.0
11,2,81,2.0804,3.0
11,2,81,3.2189,4.75
11,2,82,1.5419,4.75
11,2,82,3.8261,4.0
11,2,83,2.5434,4.0
11,2,83,4.3301,4.75
11,2,84,2.3406,4.75
11,2,84,4.2746,5.0
11,2,85,2.0828,5.0
11,2,85,3.8711,5.75
11,2,86,2.6799,5.75
11,2,86,3.3693,4.25
11,2,87,1.9300,4.25
11,2,87,3.6341,5.0
11,2,88,2.7679,5.0
11,2,88,3.2800,4.75
11,2,89,2.3766,4.75
11,2,89,3.6486,3.25
11,2,90,2.3234,3.25
11,2,90,3.8503,4.5
11,2,91,2.1322,4.5
11,2,91,2.8480,5.5
11,2,92,1.6547,5.5
11,2,92,3.6028,5.0
11,2,93,3.0093,5.0
11,2,93,3.3109,4.25
11,2,94,3.0620,4.25
11,2,94,3.4845,4.0
11,2,95,2.1156,4.0
11,2,95,3.6101,5.0
11,2,96,1.3229,5.0
11,2,96,4.1252,3.75
11,2,97,1.7053,3.75
11,2,97,3.9368,5.0
11,2,98,2.8853,5.0
11,2,98,4.0273,5.5
11,2,99,2.6132,5.5
11,2,99,3.3727,4.5
11,2,100,2.7196,4.5
11,2,100,3.0700,4.75
11,2,101,2.5319,4.75
11,2,101,3.7416,3.75
11,2,102,1.9000,3.75
11,2,102,3.6348,5.25
11,2,103,2.1131,5.25
11,2,103,3.2209,6.0
11,2,104,2.5208,6.0
11,2,104,3.5560,4.5
11,2,105,2.2473,4.5
11,2,105,3.5290,3.0
11,2,106,2.5118,3.0
11,2,106,3.8007,4.75
11,2,109,2.7060,4.75
11,2,109,3.8962,4.75
11,2,110,2.5301,4.75
11,2,110,3.3629,4.5
12,1,2,5.3508,6.5
12,1,2,3.5882,6.5
12,1,3,5.1739,6.0
12,1,3,3.4956,6.0
12,1,5,5.0652,6.0
12,1,5,3.8242,6.0
12,1,6,4.7461,5.0
12,1,6,3.2897,5.0
12,1,7,5.7769,6.25
12,1,7,2.9767,6.25
12,1,8,4.2919,5.25
12,1,8,2.8836,5.25
12,1,9,4.4244,4.75
12,1,9,4.0947,4.75
12,1,10,4.2633,5.25
12,1,10,3.8973,5.25
12,1,11,4.8687,5.0
12,1,11,3.6177,5.0
12,1,12,4.0001,5.75
12,1,12,3.8663,5.75
12,1,69,4.5431,3.75
12,1,69,4.7311,4.0
12,2,4,3.1389,4.0
12,2,4,6.8789,5.25
12,2,5,4.0035,5.25
12,2,5,3.5445,5.0
12,2,11,3.7871,5.0
12,2,11,5.0367,5.25
16,2,5,3.9883,4.0
16,2,5,2.9434,4.0
16,2,6,3.9639,4.5
16,2,6,4.4711,4.5
16,2,7,3.4774,5.0
16,2,7,3.6886,5.0
16,2,8,4.6586,3.25
16,2,8,3.3284,3.25
16,2,9,3.6183,3.5
16,2,9,4.3491,3.5
16,2,10,3.0554,5.5
16,2,10,3.5104,5.5
16,2,11,2.8489,4.5
16,2,11,3.7709,4.5
16,2,12,3.0756,5.5
16,2,12,3.0487,5.5
16,2,13,3.3947,4.5
16,2,13,3.0530,4.5
16,2,14,3.3621,4.0
16,2,14,3.0826,4.0
16,2,15,3.5274,4.25
16,2,15,2.9826,4.25
16,2,21,3.9368,3.75
16,2,21,4.4162,3.75
16,2,22,3.0510,1.75
16,2,22,5.4528,1.75
16,2,23,3.5343,2.5
16,2,23,4.6558,2.5
16,2,24,2.6256,3.5
16,2,24,4.1810,3.5
16,2,25,3.0243,3.0
16,2,25,3.7241,3.0
16,2,26,3.5751,3.25
16,2,26,3.2317,3.25
16,2,27,2.5057,4.25
16,2,27,4.0502,4.25
16,2,28,2.6845,3.25
16,2,28,2.1572,3.25
16,2,29,2.6199,2.0
16,2,29,4.8907,2.0
16,2,30,3.1738,3.0
16,2,30,4.0160,3.0
16,2,31,2.3420,2.0
16,2,31,4.5834,2.0
16,2,32,1.9356,2.75
16,2,32,4.5564,2.75
16,2,33,4.1256,1.5
16,2,33,3.9087,1.5
16,2,34,2.4426,2.25
16,2,34,3.9457,2.25
16,2,35,2.9510,2.5
16,2,35,2.6627,2.5
16,2,36,3.7281,3.75
16,2,36,3.9232,3.75
16,2,37,3.0922,4.5
16,2,37,4.6339,4.5
16,2,38,4.2976,4.0
16,2,38,3.2835,4.0
16,2,39,3.3105,2.25
16,2,39,3.6511,2.25
16,2,40,3.3404,2.0
16,2,40,2.6718,2.0
16,2,41,3.7419,1.75
16,2,41,3.3399,1.75
16,2,42,4.1374,2.5
16,2,42,2.3240,2.5
16,2,43,2.4912,2.25
16,2,43,3.7493,2.25
16,2,44,3.0249,2.75
16,2,44,2.8018,2.75
16,2,45,2.3210,3.0
16,2,45,3.4183,3.0
16,2,46,3.3761,2.5
16,2,46,4.1540,2.5
16,2,47,2.1536,1.75
16,2,47,3.2645,1.75
16,2,48,1.8586,3.25
16,2,48,2.5078,3.25
16,2,49,2.6040,2.75
16,2,49,3.4397,2.75
16,2,50,2.3594,2.25
16,2,50,4.1780,2.25
16,2,51,2.4260,3.5
16,2,51,4.2867,3.5
16,2,52,3.2865,2.25
16,2,52,4.5546,2.25
16,2,53,3.3516,4.0
16,2,53,4.6195,4.0
16,2,54,3.4936,1.25
16,2,54,3.3321,1.25
16,2,55,3.9857,4.0
16,2,55,2.9479,4.0
16,2,56,3.2076,4.75
16,2,56,4.7390,4.75
16,2,57,3.1940,3.0
16,2,57,4.2250,3.0
16,2,58,3.3044,2.25
16,2,58,3.6503,2.25
16,2,60,2.6103,3.0
16,2,60,3.5341,3.0
16,2,61,3.9198,2.5
16,2,61,4.1326,2.5
16,2,65,3.7239,5.0
16,2,65,3.8496,5.0
16,2,66,3.6383,5.75
16,2,66,3.6535,5.75
16,2,67,3.1796,3.5
16,2,67,4.2390,3.5
16,2,68,2.7166,1.25
16,2,68,3.8625,1.25
16,2,69,3.3320,1.75
16,2,69,3.9059,1.75
16,2,70,2.8273,1.75
16,2,70,3.8868,1.75
16,2,71,4.4467,4.0
16,2,71,3.9999,4.0
16,2,72,3.7558,2.25
16,2,72,3.7900,2.25
16,2,73,3.8442,4.0
16,2,73,3.4820,4.0
16,2,76,2.9730,3.0
16,2,76,3.6200,3.0
16,2,77,3.7582,5.5
16,2,77,3.2983,5.5
16,2,78,3.8724,4.25
16,2,78,4.0500,4.25
16,2,79,3.7161,5.0
16,2,79,4.6369,5.0
16,2,80,2.5474,4.0
16,2,80,4.7893,4.0
16,2,81,2.0527,2.5
16,2,81,3.5932,2.5
16,2,82,3.5309,2.25
16,2,82,4.9669,2.25
16,2,83,3.5571,4.5
16,2,83,4.5981,4.5
16,2,84,2.4971,3.75
16,2,84,3.6553,3.75
16,2,85,3.1232,3.5
16,2,85,4.7582,3.5
16,2,86,3.1321,4.5
16,2,86,3.8704,4.5
16,2,87,2.4653,3.5
16,2,87,4.1485,3.5
16,2,88,2.4151,3.75
16,2,88,5.1006,3.75
16,2,89,2.7670,1.75
16,2,89,4.9097,1.75
16,2,90,2.7949,1.75
16,2,90,3.0846,1.75
16,2,91,1.9943,3.25
16,2,91,4.9758,3.25
16,2,92,3.0262,2.5
16,2,92,4.5186,2.5
16,2,93,3.6691,4.0
16,2,93,3.4380,4.0
16,2,94,3.6148,4.0
16,2,94,4.1240,4.0
16,2,95,3.5847,3.5
16,2,95,3.4612,3.5
16,2,96,3.3611,3.5
16,2,96,3.8042,3.5
16,2,97,2.3792,2.75
16,2,97,5.6494,2.75
16,2,98,2.0844,4.5
16,2,98,3.3972,4.5
16,2,99,2.4119,3.25
16,2,99,4.3308,3.25
16,2,100,2.9879,3.25
16,2,100,2.9372,3.25
16,2,101,3.9608,5.0
16,2,101,4.0662,5.0
16,2,102,4.0048,1.75
16,2,102,3.9817,1.75
16,2,103,2.4936,3.25
16,2,103,4.0538,3.25
16,2,104,3.7404,1.75
16,2,104,3.8483,1.75
16,2,105,3.5640,3.75
16,2,105,3.2134,3.75
16,2,106,3.7014,2.75
16,2,106,4.5075,2.75
16,2,107,2.9104,3.25
16,2,107,4.5018,3.25
16,2,108,3.0792,2.75
16,2,108,4.7383,2.75
16,2,109,3.4271,4.5
16,2,109,3.8828,4.5
16,2,110,3.4174,2.25
16,2,110,2.9780,2.25
16,2,111,3.7195,3.5
16,2,111,4.2630,3.5
16,2,112,2.5375,1.5
16,2,112,5.8941,1.5
16,2,113,2.9121,2.5
16,2,113,5.7271,2.5
16,2,114,3.8087,3.5
16,2,114,3.8834,3.5
16,2,115,3.8697,2.75
16,2,115,3.4619,2.75
16,2,116,3.4820,4.0
17,1,4,3.5262,2.75
17,1,4,2.8672,2.75
17,1,5,3.2408,2.75
17,1,5,1.6601,2.75
17,1,6,2.7432,2.75
17,1,6,2.9506,2.75
17,1,7,3.7019,2.75
17,1,7,-0.1464,2.75
17,1,8,4.0447,2.75
17,1,8,2.2244,2.75
17,1,9,3.1630,1.5
17,1,9,0.7699,1.5
17,1,10,3.7530,1.5
17,1,10,2.8014,1.5
17,1,12,3.0389,2.25
17,1,12,3.7291,2.25
17,1,17,3.0559,3.0
17,1,17,2.3392,3.0
17,1,18,3.6855,2.75
17,1,18,1.5004,2.75
17,1,19,3.2107,4.0
17,1,19,1.2667,4.0
17,1,20,3.3850,3.5
17,1,20,0.7080,3.5
17,1,21,3.6856,2.5
17,1,21,0.3881,2.5
17,1,22,4.2642,3.0
17,1,22,-0.0093,3.0
17,1,23,3.6725,2.5
17,1,23,-1.0045,2.5
17,1,24,3.7614,3.25
17,1,24,1.0755,3.25
17,1,25,4.5847,3.75
17,1,25,1.9076,3.75
17,1,26,3.9456,3.0
17,1,26,-1.2047,3.0
17,1,27,3.3452,4.5
17,1,27,0.9893,4.5
17,1,29,4.6927,4.0
17,1,29,0.6188,4.0
17,1,30,3.7316,5.25
17,1,30,1.2751,5.25
17,1,31,3.5742,4.0
17,1,31,0.3713,4.0
17,1,32,3.3999,4.5
17,1,32,2.7606,4.5
17,1,33,4.5899,3.75
17,1,33,1.1293,3.75
17,1,34,3.2893,3.25
17,1,34,0.2515,3.25
17,1,35,3.7233,2.5
17,1,35,0.4195,2.5
17,1,36,2.3037,2.75
17,1,36,0.9537,2.75
17,1,37,3.8157,2.5
17,1,37,-1.0755,2.5
17,1,38,3.6189,2.25
17,1,38,-0.2065,2.25
17,1,39,3.6669,4.5
17,1,39,-0.8602,4.5
17,1,40,3.5509,3.0
17,1,40,0.2830,3.0
17,1,41,2.9136,3.25
17,1,41,0.5775,3.25
17,1,42,3.2279,3.75
17,1,42,0.8309,3.75
17,1,43,3.7793,4.25
17,1,43,1.1123,4.25
17,1,44,3.3382,3.5
17,1,44,-0.0544,3.5
17,1,45,2.7524,3.0
17,1,45,2.1724,3.0
17,1,46,2.4150,4.0
17,1,46,1.4067,4.0
17,1,51,4.2172,3.0
17,1,51,1.1863,3.0
17,1,52,4.2232,2.75
17,1,52,1.6873,2.75
17,1,53,3.0593,2.75
17,1,53,1.4340,2.75
17,1,54,3.2786,3.25
17,1,54,1.3109,3.25
17,1,55,3.0927,2.5
17,1,55,2.4328,2.5
17,1,56,3.2390,3.25
17,1,56,1.2800,3.25
17,1,59,4.0089,2.5
17,1,59,1.8390,2.5
17,1,60,4.2702,3.0
17,1,60,1.0884,3.0
17,1,61,2.7417,2.25
17,1,61,1.0335,2.25
17,1,62,2.6778,1.75
17,1,62,1.7039,1.75
17,1,63,2.2741,1.75
17,1,63,2.8430,1.75
17,1,64,3.1252,1.0
17,1,64,1.0216,1.0
17,1,65,3.1513,1.25
17,1,65,1.9847,1.25
17,1,67,3.7557,3.0
17,1,67,3.4565,3.0
17,1,68,4.3963,3.75
17,1,68,0.5407,3.75
17,1,69,2.8702,2.5
17,1,69,1.5976,2.5
17,1,72,4.1428,5.25
17,1,72,2.0037,5.25
17,1,73,3.5594,4.25
17,1,73,0.3577,4.25
17,1,74,3.5402,3.25
17,1,74,0.2790,3.25
17,1,75,3.5066,1.75
17,1,75,1.2480,1.75
17,1,76,3.8059,4.5
17,1,76,1.7072,4.5
17,1,77,4.0190,3.5
17,1,77,0.0540,3.5
17,1,78,4.1660,4.25
17,1,78,0.7245,4.25
17,1,79,3.2542,3.25
17,1,79,0.6040,3.25
17,1,80,4.5631,4.25
17,1,80,1.3900,4.25
17,1,81,4.1841,4.5
17,1,81,-0.2266,4.5
17,1,82,4.3259,5.0
17,1,82,2.0785,5.0
17,1,83,4.6653,3.5
17,1,83,1.3425,3.5
17,1,84,3.9154,4.25
17,1,84,1.5148,4.25
17,1,85,3.2384,4.75
17,1,85,0.6160,4.75
17,1,86,3.5803,4.0
17,1,86,0.6478,4.0
17,1,87,4.7625,2.5
17,1,87,0.2184,2.5
17,1,88,4.4145,4.25
17,1,88,-0.2813,4.25
17,1,89,4.2950,3.25
17,1,89,0.6615,3.25
17,1,90,4.7310,5.5
17,1,90,0.6955,5.5
17,1,91,4.1822,3.5
17,1,91,0.1374,3.5
17,1,92,4.1287,5.25
17,1,92,-0.1314,5.25
17,1,93,3.5806,3.5
17,1,93,2.2048,3.5
17,1,94,4.3836,3.5
17,1,94,1.7478,3.5
17,1,95,4.5242,5.25
17,1,95,1.7026,5.25
17,1,96,3.1159,1.5
17,1,96,0.1294,1.5
17,1,97,4.1277,2.5
17,1,97,1.1081,2.5
17,1,98,4.3966,3.5
17,1,98,1.1690,3.5
17,1,99,3.7121,3.5
17,1,99,1.7896,3.5
17,1,100,3.8317,2.75
17,1,100,1.0522,2.75
17,1,101,3.9441,3.0
17,1,101,1.3836,3.0
17,1,102,4.3799,3.75
17,1,102,1.0413,3.75
17,1,104,4.5860,3.25
17,1,104,1.3493,3.25
17,1,105,4.7096,3.75
17,1,105,0.5879,3.75
17,1,106,4.5961,2.75
17,1,106,1.6954,2.75
17,1,107,4.0806,3.25
17,1,107,1.5169,3.25
17,1,108,4.5042,2.5
17,1,108,1.3167,2.5
17,1,109,3.9331,2.5
18,1,2,3.1328,4.25
18,1,2,4.3472,4.25
18,1,3,3.4193,2.25
18,1,3,4.0342,2.25
18,1,4,3.8582,3.0
18,1,4,4.1647,3.0
18,1,5,3.9219,1.5
18,1,5,2.3789,1.5
18,1,6,3.5175,3.5
18,1,6,3.2657,3.5
18,1,7,3.0497,2.5
18,1,7,2.9700,2.5
18,1,8,2.7807,2.25
18,1,8,2.1601,2.25
18,1,9,3.6378,2.0
18,1,9,3.1394,2.0
18,1,10,4.2063,1.75
18,1,10,3.9262,1.75
18,1,11,4.9978,5.75
18,1,11,4.1164,5.75
18,1,12,5.5132,6.0
18,1,12,3.4801,6.0
18,1,16,3.5978,2.33333
18,1,16,4.7817,2.33333
18,1,17,3.1448,3.0
18,1,17,4.2840,3.0
18,1,18,2.8622,2.75
18,1,18,4.1628,2.75
18,1,19,2.9483,2.75
18,1,19,4.5480,2.75
18,1,20,3.7867,2.75
18,1,20,5.1664,2.75
18,1,21,3.3688,2.5
18,1,21,3.9797,2.5
18,1,28,4.2903,3.25
18,1,28,4.5433,3.25
18,1,29,4.0540,3.75
18,1,29,4.0661,3.75
18,1,30,4.5686,2.75
18,1,30,3.7511,2.75
18,1,31,3.3752,3.75
18,1,31,4.1682,3.75
18,1,32,3.4579,1.25
18,1,32,4.1094,1.25
18,1,33,3.2340,1.0
18,1,33,4.5537,1.0
18,1,34,3.8491,2.25
18,1,34,4.4325,2.25
18,1,35,3.8532,2.25
18,1,35,4.2833,2.25
18,1,36,3.8023,2.25
18,1,36,4.1432,2.25
18,1,37,3.7726,2.75
18,1,37,3.9429,2.75
18,1,38,3.6789,3.5
18,1,38,3.9733,3.5
18,1,39,3.8531,4.0
18,1,39,4.1305,4.0
18,1,40,3.9299,4.0
18,1,40,4.2321,4.0
18,1,41,3.4427,4.0
18,1,41,4.0410,4.0
18,1,42,3.9043,2.5
18,1,42,3.0876,2.5
18,1,43,4.0871,4.25
18,1,43,3.3318,4.25
18,1,44,2.6173,2.5
18,1,44,3.7272,2.5
18,1,45,4.5379,4.75
18,1,45,4.1677,4.75
18,1,46,3.6153,2.25
18,1,46,3.9772,2.25
18,1,47,3.1283,1.75
18,1,47,4.5154,1.75
18,1,48,3.6294,1.75
18,1,48,3.7093,1.75
18,1,49,3.8259,1.5
18,1,49,5.3174,1.5
18,1,50,3.9136,2.25
18,1,50,5.0740,2.25
18,1,51,3.8284,1.25
18,1,51,4.1382,1.25
18,1,53,4.1583,3.25
18,1,53,4.5324,3.25
18,1,54,3.9219,1.25
18,1,54,2.9218,1.25
18,1,55,3.8054,1.75
18,1,55,4.2680,1.75
18,1,56,3.4468,3.25
18,1,56,3.5172,3.25
18,1,59,3.2840,1.66667
18,1,59,2.9795,1.66667
18,1,60,3.0923,1.0
18,1,60,4.4077,1.0
18,1,61,3.9027,3.25
18,1,61,3.6413,3.25
18,1,62,3.9256,1.5
18,1,62,2.9903,1.5
18,1,64,4.5659,2.25
18,1,64,3.0845,2.25
18,1,65,4.2209,1.0
18,1,65,3.3149,1.0
18,1,66,3.6715,1.75
18,1,66,2.8377,1.75
18,1,67,4.3329,1.0
18,1,67,3.1777,1.0
18,1,68,3.6427,2.5
18,1,68,2.3786,2.5
18,1,74,4.6062,1.5
18,1,74,4.3585,1.5
18,1,75,3.6252,1.0
18,1,75,3.5534,1.0
18,1,76,3.7578,2.0
18,1,76,3.9360,2.0
18,1,77,4.0420,1.0
18,1,77,4.4805,1.0
18,1,78,3.7664,2.0
18,1,78,4.1321,2.0
18,1,79,3.8415,2.25
18,1,79,4.2501,2.25
18,1,80,3.1318,3.5
18,1,80,3.7999,3.5
18,1,81,4.1598,3.75
18,1,81,4.3970,3.75
18,1,82,3.3297,3.25
18,1,82,4.0328,3.25
18,1,84,4.0720,4.5
18,1,84,3.8948,4.5
18,1,85,4.1340,4.0
18,1,85,5.4547,4.0
18,1,90,3.4246,2.5
18,1,90,3.0870,2.5
18,1,91,2.4624,2.5
18,1,91,5.9546,2.5
18,1,92,4.2565,2.25
18,1,92,4.1789,2.25
18,1,93,2.6390,2.0
18,1,93,3.6142,2.0
18,1,94,4.1375,2.5
18,1,94,3.4102,2.5
18,1,95,3.0067,4.25
18,1,95,4.2025,4.25
18,1,96,4.3581,2.5
18,1,96,3.4271,2.5
18,1,97,3.6337,3.25
18,1,97,3.8835,3.25
18,1,98,3.8449,2.25
18,1,98,3.5736,2.25
18,1,99,3.8500,2.5
18,1,99,4.2465,2.5
18,1,100,3.0824,3.75
18,1,100,4.0100,3.75
18,1,101,3.8549,2.25
18,1,101,4.3793,2.25
18,1,102,3.8930,2.25
18,1,102,3.4639,2.25
18,1,103,3.3872,2.0
18,1,103,2.8738,2.0
18,1,104,2.9998,3.25
18,1,104,4.2633,3.25
18,1,105,3.6550,1.75
18,1,105,3.8873,1.75
18,1,109,4.0184,3.0
18,1,109,3.8652,3.0
18,1,111,3.3030,2.75
18,1,111,4.2679,2.75
18,1,112,3.4165,1.25
