3,1,1,3.3850,3.875
3,1,1,3.9909,3.875
3,1,2,2.7715,4.5
3,1,2,3.8800,4.5
3,1,3,2.9135,3.0
3,1,3,3.2411,3.0
3,1,4,2.2701,3.25
3,1,4,4.0663,3.25
3,1,5,2.1997,6.0
3,1,5,5.1822,6.0
3,1,6,1.9007,4.5
3,1,6,3.8687,4.5
3,1,7,2.9109,4.75
3,1,7,4.8461,4.75
3,1,8,3.6656,3.5
3,1,8,4.8220,3.5
3,1,10,2.6541,2.875
3,1,10,5.8521,2.875
3,1,14,3.7911,3.75
3,1,14,4.0477,3.75
3,1,15,2.7663,5.0
3,1,15,3.2022,5.0
3,1,16,2.4081,4.75
3,1,16,4.1990,4.75
3,1,17,2.9120,5.0
3,1,17,4.4369,5.0
3,1,18,2.5903,3.75
3,1,18,4.1091,3.75
3,1,20,2.8047,2.5
3,1,20,4.4760,2.5
3,1,21,3.2866,4.5
3,1,21,4.1102,4.5
3,1,22,3.7032,4.83333
3,1,22,5.0587,4.83333
3,1,24,3.0862,4.5
3,1,24,4.2910,4.5
3,1,25,3.8364,5.5
3,1,25,4.8931,5.5
3,1,26,2.6620,4.0
3,1,26,4.7603,4.0
3,1,27,2.8967,5.25
3,1,27,3.8887,5.25
3,1,28,2.7533,4.75
3,1,28,4.8179,4.75
3,1,29,3.5085,1.25
3,1,29,4.3306,1.25
3,1,30,2.7253,4.5
3,1,30,3.1573,4.5
3,1,33,1.8831,3.0
3,1,33,3.6449,3.0
3,1,34,2.4004,4.125
3,1,34,4.1654,4.125
3,1,35,2.6991,4.375
3,1,35,4.7712,4.375
3,1,40,2.4275,5.0
3,1,40,3.6921,5.0
3,1,43,2.5609,4.0
3,1,43,6.3200,4.0
3,1,44,2.0336,3.0
3,1,44,4.2156,3.0
3,1,45,2.7976,4.25
3,1,45,3.3493,4.25
3,1,46,2.4315,5.0
3,1,46,2.9327,5.0
3,1,47,2.9283,4.25
3,1,47,3.4139,4.25
3,1,48,3.6599,2.5
3,1,48,3.7383,2.5
3,1,49,3.0946,5.0
3,1,49,3.6143,5.0
3,1,50,2.2599,4.66667
3,1,50,3.2921,4.66667
3,1,51,2.3452,4.5
3,1,51,3.6028,4.5
3,1,52,2.8242,3.5
3,1,52,3.3720,3.5
3,1,55,3.4514,3.25
3,1,55,5.4939,3.25
3,1,56,3.4279,4.0
3,1,56,5.6781,4.0
3,1,57,3.3551,4.875
3,1,57,5.3297,4.875
3,1,58,3.1017,4.5
3,1,58,5.8285,4.5
3,1,59,4.0423,5.5
3,1,59,4.9118,5.5
3,1,60,3.3305,5.5
3,1,60,5.1020,5.5
3,1,61,3.4523,5.5
3,1,61,4.9048,5.5
3,1,62,3.3013,4.375
3,1,62,4.9869,4.375
3,1,63,3.0773,4.75
3,1,63,4.4524,4.75
3,1,64,3.4480,5.75
3,1,64,4.5335,5.75
3,1,65,3.6673,6.25
3,1,65,4.4252,6.25
3,1,66,3.2134,3.0
3,1,66,3.9699,3.0
3,1,70,2.2636,2.75
3,1,70,1.9434,2.75
3,1,71,1.7245,2.0
3,1,71,2.7431,2.0
3,1,73,2.7039,3.0
3,1,73,3.9228,3.0
3,1,74,3.3253,4.0
3,1,74,3.5989,4.0
3,1,75,3.5014,4.0
3,1,75,4.0431,4.0
3,1,78,3.1448,5.25
3,1,78,4.1321,5.25
3,1,79,3.7979,5.25
3,1,79,3.3788,5.25
3,1,80,3.1035,2.75
3,1,80,3.2948,2.75
3,1,81,3.3332,2.75
3,1,81,1.7504,2.75
3,1,82,2.2344,3.0
3,1,82,2.8584,3.0
3,1,83,2.3569,4.5
3,1,83,3.5944,4.5
3,1,84,2.2863,3.75
3,1,84,2.8311,3.75
3,1,85,1.6732,2.0
3,1,85,3.2007,2.0
3,1,86,2.1344,4.25
3,1,86,3.7778,4.25
3,1,87,2.6216,4.25
3,1,87,3.5648,4.25
3,1,88,2.2502,4.0
3,1,88,3.4077,4.0
3,1,89,2.8769,4.25
3,1,89,3.7121,4.25
3,1,90,2.3497,3.75
3,1,90,3.3097,3.75
3,1,91,2.0179,4.0
3,1,91,3.6556,4.0
3,1,92,1.2191,3.5
3,1,92,4.1932,3.5
3,1,93,2.3130,3.25
3,1,93,3.2628,3.25
3,1,94,1.9095,3.25
3,1,94,3.6771,3.25
3,1,95,1.4792,3.75
3,1,95,3.7020,3.75
3,1,96,2.2372,3.875
3,1,96,5.3098,3.875
3,1,97,1.0422,1.25
3,1,97,4.6314,1.25
3,1,98,3.5991,1.75
3,1,98,3.9122,1.75
3,1,99,2.2377,1.5
3,1,99,3.3259,1.5
3,1,100,2.2756,2.375
3,1,100,5.0532,2.375
3,1,101,2.7214,4.375
3,1,101,5.6324,4.375
3,1,102,3.5031,5.25
3,1,102,3.5155,5.25
3,1,103,2.6663,1.5
3,1,103,2.9019,1.5
3,1,104,2.4550,3.5
3,1,104,3.4164,3.5
3,1,105,1.9932,1.25
3,1,105,3.7375,1.25
3,1,106,2.2057,2.75
3,1,106,3.7124,1.875
3,2,2,2.9744,1.875
3,2,2,4.4843,3.25
3,2,5,3.9686,3.25
3,2,5,4.2611,5.25
3,2,6,2.8920,5.25
3,2,6,4.1435,6.0
3,2,7,3.1450,6.0
3,2,7,4.7411,6.0
3,2,8,3.6276,6.0
3,2,8,4.7861,4.5
3,2,9,3.1286,4.5
3,2,9,4.6271,4.0
3,2,10,3.0261,4.0
3,2,10,4.0199,4.125
3,2,11,3.7624,4.125
3,2,11,4.1089,5.25
3,2,12,2.8966,5.25
3,2,12,4.6241,5.0
3,2,13,3.3120,5.0
3,2,13,3.9068,3.75
3,2,14,3.3321,3.75
3,2,14,3.7931,2.5
3,2,26,2.5926,2.5
3,2,26,4.1514,4.0
3,2,27,2.9138,4.0
3,2,27,4.3430,4.0
3,2,28,2.3784,4.0
3,2,28,3.2760,4.0
3,2,29,1.9106,4.0
3,2,29,3.2269,3.625
3,2,30,1.3782,3.625
3,2,30,3.7824,3.25
3,2,31,1.9150,3.25
3,2,31,4.1280,3.25
3,2,32,0.8253,3.25
3,2,32,3.4511,3.5
3,2,34,2.5868,3.5
3,2,34,3.8340,3.875
3,2,35,2.6047,3.875
3,2,35,3.1938,2.75
3,2,36,1.8835,2.75
3,2,36,3.8584,2.25
3,2,37,1.8262,2.25
3,2,37,3.7288,3.25
3,2,38,2.4873,3.25
3,2,38,4.5154,4.25
3,2,39,1.7486,4.25
3,2,39,3.8224,2.75
3,2,40,0.8734,2.75
3,2,40,3.6338,3.5
3,2,41,2.9614,3.5
3,2,41,3.9192,2.5
3,2,42,0.7648,2.5
3,2,42,4.4811,4.0
3,2,43,2.5654,4.0
3,2,43,4.5247,5.0
3,2,44,2.0109,5.0
3,2,44,4.2076,3.25
3,2,45,2.8019,3.25
3,2,45,4.3889,4.5
3,2,46,1.8886,4.5
3,2,46,4.0597,3.875
3,2,47,2.3782,3.875
3,2,47,5.2557,4.25
3,2,48,3.3635,4.25
3,2,48,4.5895,3.75
3,2,50,0.8935,3.75
3,2,50,4.4439,4.0
3,2,51,1.9549,4.0
3,2,51,4.2280,1.5
3,2,52,1.4383,1.5
3,2,52,4.2152,4.5
3,2,53,1.4963,4.5
3,2,53,3.6692,3.33333
3,2,55,1.4873,3.33333
3,2,55,3.6288,4.25
3,2,56,1.3599,4.25
3,2,56,3.9470,2.25
3,2,59,3.2265,2.25
3,2,59,4.8104,3.75
3,2,60,4.0868,3.75
3,2,60,4.8562,4.375
3,2,61,4.1432,4.375
3,2,61,5.3237,5.25
3,2,62,3.8138,5.25
3,2,62,4.2735,1.25
3,2,63,3.9847,1.25
3,2,63,4.4266,2.375
3,2,64,3.3682,2.375
3,2,64,5.3748,3.75
3,2,66,3.3562,3.75
3,2,66,5.1192,5.25
3,2,67,3.8484,5.25
3,2,67,5.5547,5.5
3,2,68,3.1425,5.5
3,2,68,3.5278,1.25
3,2,69,4.0195,1.25
3,2,69,4.3298,3.66667
3,2,70,3.9464,3.66667
3,2,70,4.9150,2.375
3,2,71,3.6409,2.375
3,2,71,4.2199,3.75
3,2,73,3.1307,3.75
3,2,73,3.6016,2.75
3,2,78,4.2284,2.75
3,2,78,4.2374,3.75
3,2,79,3.7929,3.75
3,2,79,4.4834,4.75
3,2,80,3.7782,4.75
3,2,80,4.5959,4.375
3,2,81,2.2966,4.375
3,2,81,4.7367,3.25
3,2,82,2.7481,3.25
3,2,82,5.0478,4.25
3,2,83,2.8518,4.25
3,2,83,4.2498,4.0
3,2,84,3.0361,4.0
3,2,84,4.5648,3.25
3,2,85,2.8338,3.25
3,2,85,4.6719,2.75
3,2,86,1.9657,2.75
3,2,86,4.5385,3.75
3,2,87,1.8821,3.75
3,2,87,3.6190,4.0
3,2,88,2.8808,4.0
3,2,88,4.1062,4.25
3,2,90,2.4382,4.25
3,2,90,4.6928,4.5
3,2,91,2.8220,4.5
3,2,91,3.7289,3.75
3,2,94,2.4260,3.75
3,2,94,4.1982,1.5
3,2,95,3.5380,1.5
3,2,95,3.9523,3.125
3,2,96,2.9882,3.125
3,2,96,3.9123,5.0
3,2,97,2.0564,5.0
3,2,97,3.4328,4.5
3,2,98,2.4505,4.5
3,2,98,3.3082,2.625
3,2,99,2.7541,2.625
3,2,99,4.4043,1.25
3,2,100,1.9944,1.25
3,2,100,3.8517,3.125
3,2,101,3.2422,3.125
3,2,101,3.8127,2.0
3,2,102,2.5565,2.0
3,2,102,3.8873,4.0
3,2,103,2.6269,4.0
3,2,103,3.2881,3.5
3,2,104,3.7144,3.5
3,2,104,3.4534,3.5
3,2,105,2.8545,3.5
3,2,105,4.0993,3.875
3,2,106,2.3039,3.875
3,2,106,4.3119,4.625
3,2,107,2.8712,4.625
3,2,107,4.4883,4.0
3,2,108,3.2398,4.0
3,2,108,4.9209,4.25
3,2,110,2.9336,4.25
3,2,110,3.8276,3.5
3,2,111,1.8311,3.5
3,2,111,3.5075,3.0
4,1,23,2.6794,1.0
4,1,23,3.2095,1.0
4,1,30,2.2134,1.125
4,1,30,3.1989,1.125
4,1,31,1.4766,2.25
4,1,31,2.9360,2.25
4,1,32,1.8907,1.5
4,1,32,3.0150,1.5
4,1,33,1.6259,1.5
4,1,33,2.8950,1.5
4,1,34,1.7978,1.5
4,1,34,2.7438,1.5
4,1,35,1.9859,1.75
4,1,35,3.0438,1.75
4,1,36,1.7855,0.875
4,1,36,2.7746,0.875
4,1,37,1.7290,2.25
4,1,37,3.0796,2.25
4,1,38,2.4601,2.5
4,1,38,3.3179,2.5
4,1,39,1.7437,2.5
4,1,39,3.5119,2.5
4,1,40,1.7269,4.0
4,1,40,3.7814,4.0
4,1,41,2.2542,2.5
4,1,41,3.6306,2.5
4,1,42,3.2147,1.75
4,1,42,3.4138,1.75
4,1,45,2.5989,2.125
4,1,45,3.4876,2.125
4,1,46,2.7398,3.75
4,1,46,3.4244,3.75
4,1,48,2.0144,1.5
4,1,48,3.4254,1.5
4,1,49,2.1697,4.25
4,1,49,3.0940,4.25
4,1,50,2.1838,2.0
4,1,50,2.8046,2.0
4,1,51,2.9033,2.75
4,1,51,2.5593,2.75
4,1,52,2.4018,3.25
4,1,52,2.9268,3.25
4,1,54,2.9404,3.375
4,1,54,3.6476,3.375
4,1,55,2.5324,2.5
4,1,55,2.9135,2.5
4,1,56,2.4160,2.0
4,1,56,2.7737,2.0
4,1,57,1.4133,2.75
4,1,57,3.4166,2.75
4,1,58,1.5172,2.25
4,1,58,3.2783,2.25
4,1,59,2.4022,1.875
4,1,59,2.8698,1.875
4,1,63,1.8966,1.0
4,1,63,2.7527,1.0
4,1,64,3.3883,3.5
4,1,64,3.6820,3.5
4,1,65,2.7233,4.75
4,1,65,2.3192,4.75
4,1,66,3.2694,1.0
4,1,66,2.9271,1.0
4,1,67,3.4892,1.75
4,1,67,2.6653,1.75
4,1,68,3.5698,5.5
4,1,68,3.5816,5.5
4,1,69,3.5015,5.5
4,1,69,3.4288,5.5
4,1,70,3.8657,5.25
4,1,70,2.9102,5.25
4,1,71,3.3985,2.125
4,1,71,3.9135,2.125
4,1,72,3.6961,2.375
4,1,72,3.7366,2.375
4,1,73,3.9524,4.25
4,1,73,4.0555,4.25
4,1,74,3.6429,3.5
4,1,74,3.4433,3.5
4,1,75,4.0730,4.75
4,1,75,3.9303,4.75
4,1,77,2.8044,2.625
4,1,77,3.4241,2.625
4,1,99,2.0815,2.375
4,1,99,3.3906,2.375
4,1,102,2.1425,1.5
4,1,102,2.6746,1.5
4,1,104,2.8220,1.25
4,1,104,3.9692,1.25
4,1,105,3.2312,3.625
4,1,105,3.8780,3.625
4,1,110,2.1984,4.0
4,1,110,1.9987,4.0
4,1,111,1.9038,3.5
4,1,111,1.6727,3.5
4,1,112,2.3847,1.0
7,1,1,4.2561,3.5
7,1,1,4.3869,3.5
7,1,2,4.4993,5.5
7,1,2,4.6134,5.5
7,1,3,4.3841,4.75
7,1,3,4.5851,4.75
7,1,4,4.7095,3.25
7,1,4,4.6270,3.25
7,1,5,4.3609,4.75
7,1,5,4.6413,4.75
7,1,7,3.7137,2.25
7,1,7,3.8909,2.25
7,1,8,3.9930,4.5
7,1,8,3.8887,4.5
7,1,9,3.4822,2.0
7,1,9,3.8795,2.0
7,1,10,3.2964,2.75
7,1,10,3.4248,2.75
7,1,11,3.6195,1.75
7,1,11,4.6155,1.75
7,1,12,3.7485,5.0
7,1,12,3.8803,5.0
7,1,13,4.0178,3.0
7,1,13,3.1868,3.0
7,1,14,3.4063,1.75
7,1,14,4.0306,1.75
7,1,18,4.9816,6.0
7,1,18,5.0446,6.0
7,1,19,3.9892,4.75
7,1,19,5.3649,4.75
7,1,20,4.9556,5.25
7,1,20,4.5716,5.25
7,1,22,4.3321,3.75
7,1,22,5.4497,3.75
7,1,23,4.2758,4.0
7,1,23,4.3042,4.0
7,1,24,3.9345,5.0
7,1,24,4.7836,5.0
7,1,25,3.8375,4.5
7,1,25,5.0528,4.5
7,1,26,4.0034,3.0
7,1,26,4.2646,3.0
7,1,27,4.2944,4.25
7,1,27,5.0213,4.25
7,1,28,4.1573,5.25
7,1,28,4.9372,5.25
7,1,29,3.3321,4.25
7,1,29,4.8232,4.25
7,1,30,3.2236,3.0
7,1,30,4.9362,3.0
7,1,31,3.9575,4.5
7,1,31,4.8512,4.5
7,1,32,4.6164,3.75
7,1,32,4.9068,3.75
7,1,33,5.0671,4.75
7,1,33,4.7383,4.75
7,1,34,3.5888,5.5
7,1,34,4.4361,5.5
7,1,35,4.3130,6.0
7,1,35,4.3667,6.0
7,1,36,4.3924,4.25
7,1,36,4.8628,4.25
7,1,37,4.8345,4.25
7,1,37,5.2062,4.25
7,1,38,4.2767,3.5
7,1,38,4.2701,3.5
7,1,39,4.1983,5.5
7,1,39,4.1108,5.5
7,1,40,3.9703,5.5
7,1,40,4.9615,5.5
7,1,41,3.9077,4.75
7,1,41,4.2557,4.75
7,1,42,3.7991,3.0
7,1,42,4.5378,3.0
7,1,43,3.8218,3.5
7,1,43,5.1804,3.5
7,1,44,4.5292,6.25
7,1,44,4.1451,6.25
7,1,45,3.5116,4.5
7,1,45,4.4471,4.5
7,1,46,3.6245,4.0
7,1,46,4.3445,4.0
7,1,47,3.8426,4.5
7,1,47,4.3414,4.5
7,1,48,3.2441,1.5
7,1,48,4.6460,1.5
7,1,49,2.8951,4.5
7,1,49,4.1712,4.5
7,1,50,3.1374,5.0
7,1,50,4.7602,5.0
7,1,51,4.0355,3.5
7,1,51,4.4955,3.5
7,1,52,3.8194,0.75
7,1,52,4.6333,0.75
7,1,53,4.3795,5.5
7,1,53,4.7263,5.5
7,1,55,4.0197,2.5
7,1,55,3.9106,2.5
7,1,57,3.7817,4.25
7,1,57,4.3508,4.25
7,1,58,2.8888,6.0
7,1,58,3.9014,6.0
7,1,59,3.1079,5.25
7,1,59,3.9149,5.25
7,1,60,2.9139,3.25
7,1,60,3.7563,3.25
7,1,61,2.4848,5.0
7,1,61,3.6795,5.0
7,1,62,2.8150,4.5
7,1,62,3.6338,4.5
7,1,63,2.9110,5.5
7,1,63,4.1092,5.5
7,1,64,1.9740,5.0
7,1,64,3.3241,5.0
7,1,65,2.2902,5.25
7,1,65,2.3504,5.25
7,1,66,2.8454,4.25
7,1,66,3.9411,4.25
7,1,67,2.1595,4.75
7,1,67,3.0178,4.75
7,1,68,2.7937,4.25
7,1,68,3.2379,4.25
7,1,69,3.7184,5.5
7,1,69,3.6734,5.5
7,1,70,4.5435,5.5
7,1,70,4.3130,5.5
7,1,71,4.0121,4.75
7,1,71,4.3098,4.75
7,1,72,3.5851,2.0
7,1,72,3.7087,2.0
7,1,73,3.7965,1.0
7,1,73,3.6952,1.0
7,1,74,4.0197,4.25
7,1,74,4.5177,4.25
7,1,75,3.6495,4.75
7,1,75,4.0854,4.75
7,1,76,3.9663,2.75
7,1,76,4.0731,2.75
7,1,78,4.4345,4.0
7,1,78,4.1261,4.0
7,1,79,3.9931,3.0
7,1,79,3.5695,3.0
7,1,80,3.6351,2.0
7,1,80,3.9337,2.0
7,1,81,4.7062,4.0
7,1,81,3.8847,4.0
7,1,82,4.3867,5.25
7,1,82,3.1630,5.25
7,1,83,4.7316,4.75
7,1,83,3.6240,4.75
7,1,84,3.9826,4.75
7,1,84,3.9415,4.75
7,1,86,4.2816,3.25
7,1,86,3.8285,3.25
7,1,88,3.9239,6.5
7,1,88,4.4619,6.5
7,1,90,5.3137,4.0
7,1,90,3.8387,4.0
7,1,92,3.8616,5.75
7,1,92,4.2535,5.75
7,1,93,4.2852,4.25
7,1,93,4.0335,4.25
7,1,94,3.9458,3.0
7,1,94,4.1163,3.0
7,1,95,4.8400,4.75
7,1,95,4.2293,4.75
7,1,96,4.5343,5.5
7,1,96,4.3319,5.5
7,1,97,4.8560,5.5
7,1,97,3.9154,5.5
7,1,98,4.1329,3.25
7,1,98,3.9890,3.25
7,1,101,4.1266,4.0
7,1,101,3.9779,4.0
7,1,102,4.0591,4.25
7,1,102,3.6657,4.25
7,1,103,4.9658,3.25
7,1,103,3.8887,3.25
7,1,104,2.5006,4.75
7,1,104,3.0034,4.75
7,1,105,2.3473,4.75
7,1,105,3.6484,4.75
7,1,106,3.7543,4.75
7,1,106,4.5547,4.75
7,1,109,3.4895,6.25
7,1,109,3.7618,4.25
7,2,1,4.3426,4.25
7,2,1,3.3735,2.75
7,2,2,4.3786,2.75
7,2,2,3.8094,5.75
7,2,3,5.1248,5.75
7,2,3,3.3145,3.0
7,2,4,4.8279,3.0
7,2,4,3.6471,3.25
7,2,5,4.6234,3.25
7,2,5,4.2331,4.0
7,2,6,5.0168,4.0
7,2,6,3.3834,5.0
7,2,7,5.1718,5.0
7,2,7,3.0698,4.0
7,2,8,4.3990,4.0
7,2,8,3.2966,4.0
7,2,9,4.7495,4.0
7,2,9,3.4373,4.0
7,2,10,5.0471,4.0
7,2,10,1.3976,2.75
7,2,11,3.7891,2.75
7,2,11,3.0962,4.25
7,2,12,4.0906,4.25
7,2,12,3.7221,4.75
7,2,13,4.7939,4.75
7,2,13,3.8836,5.5
7,2,14,5.4901,5.5
7,2,14,3.6626,5.0
7,2,16,5.1034,5.0
7,2,16,3.3058,6.0
7,2,17,3.6215,6.0
7,2,17,3.2884,3.5
7,2,18,5.3851,3.5
7,2,18,3.6441,4.5
7,2,19,5.0006,4.5
7,2,19,3.4395,5.5
7,2,20,4.0055,5.5
7,2,20,3.4511,1.5
7,2,21,4.5621,1.5
7,2,21,2.8949,3.0
7,2,22,4.3172,3.0
7,2,22,3.9075,1.75
7,2,23,4.9719,1.75
7,2,23,3.9695,3.75
7,2,24,4.8300,3.75
7,2,24,3.0530,4.75
7,2,25,4.1988,4.75
7,2,25,3.6254,4.25
7,2,26,5.3547,4.25
7,2,26,3.7563,4.25
7,2,27,5.1243,4.25
7,2,27,2.5724,5.75
7,2,28,4.3867,5.75
7,2,28,3.7731,1.75
7,2,29,4.7062,1.75
7,2,29,3.3169,3.0
7,2,30,3.9632,3.0
7,2,30,3.4299,3.75
7,2,31,4.9256,3.75
7,2,31,3.3753,4.5
7,2,32,4.5091,4.5
7,2,32,3.0839,1.5
7,2,33,4.1962,1.5
7,2,33,2.5264,4.25
7,2,34,4.3400,4.25
7,2,34,2.8090,3.5
7,2,35,4.6880,3.5
7,2,35,3.4598,2.5
7,2,36,3.9786,2.5
7,2,36,3.5326,3.5
7,2,37,5.0962,3.5
7,2,37,3.5449,5.25
7,2,38,3.7684,5.25
7,2,38,3.4483,4.0
7,2,39,3.5369,4.0
7,2,39,3.5095,5.25
7,2,40,4.6029,5.25
7,2,40,3.4822,3.0
7,2,42,4.0945,3.0
7,2,42,3.4946,2.75
7,2,43,4.5296,2.75
7,2,43,3.0691,4.5
7,2,44,4.2605,4.5
7,2,44,2.9768,2.5
7,2,45,4.3211,2.5
7,2,45,3.5305,4.75
7,2,46,4.1159,4.75
7,2,46,3.5699,4.0
7,2,47,4.7275,4.0
7,2,47,3.3466,3.75
7,2,48,4.0562,3.75
7,2,48,2.3541,4.0
7,2,49,3.4895,4.0
7,2,49,3.7284,4.25
7,2,50,4.1492,4.25
7,2,50,2.8662,4.75
7,2,51,4.3253,4.75
7,2,51,3.6464,3.25
7,2,52,4.7329,3.25
7,2,52,3.1451,5.0
7,2,53,3.7298,5.0
7,2,53,3.3157,4.0
7,2,55,4.5300,4.0
7,2,55,3.4647,4.75
7,2,56,4.4047,4.75
7,2,56,3.1997,1.5
7,2,57,4.3439,1.5
7,2,57,2.7871,4.0
7,2,58,4.1696,4.0
7,2,58,1.9774,4.0
7,2,60,3.3061,4.0
7,2,60,1.9814,5.5
7,2,61,2.9469,5.5
7,2,61,2.6895,5.25
7,2,63,3.9358,5.25
7,2,63,3.4992,3.25
7,2,64,4.6398,3.25
7,2,64,3.5681,5.0
7,2,65,4.4257,5.0
7,2,65,2.3521,5.5
7,2,66,3.0143,5.5
7,2,66,3.0334,6.5
7,2,68,3.4299,6.5
7,2,68,3.6936,4.25
7,2,69,4.8134,4.25
7,2,69,2.9150,3.25
7,2,70,3.9222,3.25
7,2,70,3.2884,4.0
7,2,71,3.7045,4.0
7,2,71,3.8061,4.25
7,2,72,4.3354,4.25
7,2,72,3.2638,3.25
7,2,73,3.3077,3.25
7,2,73,3.4017,2.5
7,2,74,4.4218,2.5
7,2,74,3.5666,3.5
7,2,75,3.8844,3.5
7,2,75,3.5608,4.5
7,2,76,4.1455,4.5
7,2,76,3.1940,4.25
7,2,77,3.6972,4.25
7,2,77,2.5779,5.0
7,2,78,3.8955,5.0
7,2,78,3.9177,4.0
7,2,80,4.5532,4.0
7,2,80,4.1263,3.25
7,2,82,4.4118,3.25
7,2,82,2.9389,5.0
7,2,83,4.5849,5.0
7,2,83,2.9721,3.75
7,2,84,3.8913,3.75
7,2,84,2.5399,2.5
7,2,85,3.8138,2.5
7,2,85,2.6262,2.5
7,2,86,4.1809,2.5
7,2,86,2.6159,4.5
7,2,87,3.8556,4.5
7,2,87,3.2152,5.0
7,2,88,4.0822,5.0
7,2,88,2.5535,3.0
7,2,89,4.5315,3.0
7,2,89,2.3986,4.0
7,2,90,3.6174,4.0
7,2,90,2.9017,3.75
7,2,91,3.7892,3.75
7,2,91,2.9870,4.66667
7,2,92,4.0772,4.66667
7,2,92,2.9891,4.75
7,2,93,4.1258,4.75
7,2,93,1.9134,3.25
7,2,94,3.0779,3.25
7,2,94,3.8945,2.5
7,2,95,3.9835,2.5
7,2,95,3.0752,3.5
7,2,96,3.8231,3.5
7,2,96,2.8252,3.0
7,2,97,3.3503,3.0
7,2,97,3.2919,3.75
7,2,98,4.2618,3.75
7,2,98,3.0611,4.25
7,2,99,3.6270,4.25
7,2,99,2.6711,1.75
7,2,100,3.4202,1.75
7,2,100,3.1714,5.25
7,2,102,4.1610,5.25
7,2,102,3.3918,4.25
7,2,103,4.3749,4.25
7,2,103,2.8379,3.5
7,2,104,3.5237,3.5
7,2,104,2.8466,3.0
7,2,105,4.0826,3.0
7,2,105,3.5291,6.25
7,2,106,4.4195,6.25
7,2,106,3.4779,4.5
7,2,107,3.8041,4.5
7,2,107,2.5532,5.5
7,2,108,3.7001,5.5
7,2,108,1.4571,5.25
7,2,109,3.4510,5.25
7,2,109,2.9468,4.75
8,1,9,2.4864,2.0
8,1,9,2.2003,2.0
8,1,10,2.9362,1.75
8,1,10,1.8154,1.75
8,1,16,3.4413,2.75
8,1,16,2.0386,2.75
8,1,17,3.6365,3.25
8,1,17,2.1900,3.25
8,1,18,3.4174,3.75
8,1,18,1.8193,3.75
8,1,20,3.6024,2.5
8,1,20,1.9484,2.5
8,1,21,3.9967,1.75
8,1,21,2.5664,1.75
8,1,22,3.1618,3.5
8,1,22,1.9400,3.5
8,1,27,3.3049,2.0
8,1,27,1.8690,2.0
8,1,30,3.7983,2.5
8,1,30,2.0155,2.5
8,1,54,2.9019,3.0
8,1,54,1.4469,3.0
8,1,58,3.4091,1.0
8,1,58,2.3460,1.0
8,1,68,3.4294,1.5
8,1,68,2.7963,1.5
8,1,73,3.5499,2.75
8,1,73,3.1291,2.75
8,1,74,3.6020,2.5
8,1,74,2.5196,2.5
8,1,75,3.9253,3.0
8,1,75,2.4016,3.0
8,1,76,3.9053,1.0
8,1,76,1.9668,1.0
8,1,77,4.4232,3.25
8,1,77,2.4317,3.25
8,1,78,4.1549,2.75
8,1,78,2.8214,2.75
8,1,79,4.2845,2.0
8,1,79,2.5720,2.0
8,1,80,4.0029,1.75
8,1,80,2.2269,1.75
8,1,81,3.9829,2.25
8,1,81,2.2611,2.25
8,1,82,3.3450,1.75
8,1,82,2.6303,1.75
8,1,85,4.0393,2.0
8,1,85,2.0050,2.0
8,1,88,4.0225,2.25
8,1,88,1.9002,2.25
8,1,89,4.1362,3.5
8,1,89,2.6242,3.25
8,2,4,2.9365,3.25
8,2,4,1.8082,3.75
8,2,5,2.9995,3.75
8,2,5,2.4174,1.5
8,2,7,2.4632,1.5
8,2,7,2.2793,4.25
8,2,8,3.3005,4.25
8,2,8,2.1616,2.0
8,2,9,1.9787,2.0
8,2,9,2.5649,3.0
8,2,11,3.0654,3.0
8,2,11,1.7389,2.25
8,2,15,2.7112,2.25
8,2,15,1.6751,4.0
8,2,16,3.4098,4.0
8,2,16,1.9455,3.5
8,2,18,2.5067,3.5
8,2,18,2.2551,3.75
8,2,20,3.0328,3.75
8,2,20,2.1506,2.25
8,2,21,2.3871,2.25
8,2,21,1.8073,2.25
8,2,22,2.2784,2.25
8,2,22,1.5686,2.5
8,2,23,2.3414,2.5
8,2,23,2.6043,3.0
8,2,24,3.2249,3.0
8,2,24,1.5676,4.0
8,2,27,2.8638,4.0
8,2,27,1.7399,2.5
8,2,28,2.5826,2.5
8,2,28,2.2513,4.75
8,2,29,3.6476,4.75
8,2,29,2.3926,4.25
8,2,30,2.6671,4.25
8,2,30,1.9758,2.75
8,2,31,2.4595,2.75
8,2,31,1.3922,4.0
8,2,32,3.6668,4.0
8,2,32,1.1605,3.5
8,2,35,3.1079,3.5
8,2,35,1.1665,3.75
8,2,36,3.5845,3.75
8,2,36,1.1214,2.25
8,2,37,2.6169,2.25
8,2,37,1.3522,3.75
8,2,38,3.3091,3.75
8,2,38,1.0628,2.0
8,2,39,2.8409,2.0
8,2,39,1.1564,2.0
8,2,40,2.7779,2.0
8,2,40,1.2598,4.0
8,2,41,2.6724,4.0
8,2,41,1.1931,3.5
8,2,42,2.6584,3.5
8,2,42,1.7824,2.25
8,2,45,3.1458,2.25
8,2,45,2.2487,4.0
8,2,48,3.0792,4.0
8,2,48,2.2508,4.0
8,2,49,2.9157,4.0
8,2,49,1.3198,3.0
8,2,50,2.5533,3.0
8,2,50,2.0609,3.75
8,2,55,3.3258,3.75
8,2,55,1.5573,4.75
8,2,57,2.9008,4.75
8,2,57,2.1708,3.0
8,2,58,3.6170,3.0
8,2,58,2.0567,1.75
8,2,62,3.3313,1.75
8,2,62,1.4732,5.25
8,2,63,3.2316,5.25
8,2,63,1.4750,1.625
8,2,67,3.5036,1.625
8,2,67,1.9072,2.75
8,2,68,4.0772,2.75
8,2,68,1.7246,3.5
8,2,69,3.8738,3.5
8,2,69,1.6752,2.0
8,2,71,3.1831,2.0
8,2,71,1.6362,3.5
8,2,72,2.9085,3.5
8,2,72,1.4470,3.75
8,2,74,3.4747,3.75
8,2,74,1.6869,4.0
9,1,2,0.9973,5.25
9,1,2,3.0614,5.25
9,1,3,1.4011,4.75
9,1,3,3.3671,4.75
9,1,4,1.5851,5.0
9,1,4,2.8670,5.0
9,1,5,2.4261,5.75
9,1,5,3.7249,5.75
9,1,6,1.6408,3.5
9,1,6,3.0092,3.5
9,1,7,1.7283,4.25
9,1,7,3.3799,4.25
9,1,8,2.2173,4.5
9,1,8,3.2478,4.5
9,1,12,2.4270,4.75
9,1,12,2.9568,4.75
9,1,16,2.6599,1.5
9,1,16,3.6282,1.5
9,1,17,2.2321,4.25
9,1,17,3.8398,4.25
9,1,18,1.5900,3.5
9,1,18,3.8484,3.5
9,1,19,1.9257,3.25
9,1,19,3.0061,3.25
9,1,20,1.6577,4.0
9,1,20,3.4936,4.0
9,1,21,0.9751,4.5
9,1,21,3.6905,4.5
9,1,22,1.4171,3.0
9,1,22,3.3107,3.0
9,1,23,1.8898,4.5
9,1,23,3.5883,4.5
9,1,24,1.6122,3.5
9,1,24,2.8832,3.5
9,1,25,1.6560,3.5
9,1,25,3.5445,3.5
9,1,26,1.6911,4.5
9,1,26,2.8522,4.5
9,1,27,2.1397,3.75
9,1,27,3.2160,3.75
9,1,28,1.7508,2.75
9,1,28,3.2332,2.75
9,1,29,1.8575,2.5
9,1,29,2.8203,2.5
9,1,30,1.6836,3.0
9,1,30,3.2169,3.0
9,1,31,1.0182,3.5
9,1,31,2.3189,3.5
9,1,32,1.2974,2.75
9,1,32,2.9815,2.75
9,1,33,1.6282,3.75
9,1,33,2.7400,3.75
9,1,34,1.4837,3.25
9,1,34,2.5627,3.25
9,1,35,1.5223,3.5
9,1,35,2.5737,3.5
9,1,36,1.4814,3.5
9,1,36,3.3598,3.5
9,1,37,1.9363,4.5
9,1,37,3.0074,4.5
9,1,38,1.2957,3.5
9,1,38,2.7858,3.5
9,1,39,0.9199,2.75
9,1,39,3.2367,2.75
9,1,40,1.8178,2.25
9,1,40,2.2428,2.25
9,1,41,1.8249,3.0
9,1,41,1.9261,3.0
9,1,42,2.3991,4.0
9,1,42,2.7058,4.0
9,1,50,1.6005,3.5
9,1,50,2.6809,3.5
9,1,51,1.4223,3.5
9,1,51,2.5879,3.5
9,1,52,1.2797,2.75
9,1,52,2.3652,2.75
9,1,53,1.8954,3.0
9,1,53,2.5980,3.0
9,1,54,1.2699,2.75
9,1,54,1.8970,2.75
9,1,55,1.9233,3.5
9,1,55,2.4896,3.5
9,1,56,1.5423,3.75
9,1,56,2.4670,3.75
9,1,59,2.2928,2.75
9,1,59,1.9735,2.75
9,1,60,2.9507,4.0
9,1,60,2.4946,4.0
9,1,61,2.1770,3.5
9,1,61,2.8990,3.5
9,1,63,3.3456,3.25
9,1,63,2.1782,3.25
9,1,64,2.7979,4.25
9,1,64,2.3018,4.25
9,1,65,2.9258,2.0
9,1,65,2.6206,2.0
9,1,66,2.5514,4.75
9,1,66,3.2298,4.75
9,1,67,1.3080,4.25
9,1,67,1.9450,4.25
9,1,68,2.7858,3.5
9,1,68,3.1703,3.5
9,1,69,1.9626,5.5
9,1,69,3.2288,5.5
9,1,72,1.9303,3.75
9,1,72,3.4671,3.75
9,1,73,2.3552,3.25
9,1,73,3.1428,3.25
9,1,74,1.7911,3.0
9,1,74,3.7397,3.0
9,1,75,2.2793,2.5
9,1,75,3.5463,2.5
9,1,76,2.1712,4.0
9,1,76,3.6067,4.0
9,1,77,2.0333,3.25
9,1,77,3.5663,3.25
9,1,78,1.6212,3.5
9,1,78,3.3956,3.5
9,1,79,1.8238,4.0
9,1,79,3.3115,4.0
9,1,81,2.4677,2.25
9,1,81,2.7486,2.25
9,1,82,2.3543,4.0
9,1,82,3.2138,4.0
9,1,83,2.1619,4.25
9,1,83,3.2863,4.25
9,1,84,1.7629,3.0
9,1,84,2.8234,3.0
9,1,85,2.3762,4.75
9,1,85,3.4110,4.75
9,1,86,2.6215,4.0
9,1,86,3.3456,4.0
9,1,87,1.9158,3.25
9,1,87,3.1169,3.25
9,1,88,1.4124,3.25
9,1,88,2.6339,3.25
9,1,89,2.1441,2.75
9,1,89,2.6809,2.75
9,1,90,1.2737,2.75
9,1,90,2.7101,2.75
9,1,91,2.2333,3.75
9,1,91,2.6977,3.75
9,1,92,1.5570,4.0
9,1,92,2.4086,4.0
9,1,93,2.0592,3.25
9,1,93,3.1346,3.25
9,1,94,2.7952,3.0
9,1,94,3.1835,3.0
9,1,95,2.2605,4.25
9,1,95,3.1036,4.25
9,1,96,2.5659,4.25
9,1,96,2.9456,4.25
9,1,97,2.4673,3.5
9,1,97,3.5954,3.5
9,1,98,1.4786,2.25
9,1,98,2.1124,2.25
9,1,99,2.3197,3.0
9,1,99,2.6151,3.0
9,1,100,2.3311,4.25
9,1,100,3.4499,4.25
9,1,101,2.4955,2.25
9,1,101,2.8197,2.25
9,1,102,2.2036,3.75
9,1,102,2.1056,3.75
9,1,103,1.8705,2.25
9,1,103,3.2688,2.25
9,1,104,2.1881,3.0
9,1,104,3.3937,3.0
9,1,105,2.1961,3.75
9,1,105,3.4732,3.75
9,1,106,2.0887,4.0
9,1,106,2.6610,4.0
9,1,107,2.2444,4.25
9,1,107,2.5638,4.25
9,1,110,1.6092,4.25
9,1,110,3.0401,4.25
9,1,111,1.9230,3.0
9,1,111,2.5096,4.0
9,2,2,4.2561,4.0
9,2,2,2.3603,4.5
9,2,3,4.0979,4.5
9,2,3,2.5867,5.25
9,2,4,3.4043,5.25
9,2,4,1.9911,5.5
9,2,5,2.8333,5.5
9,2,5,1.2989,5.75
9,2,6,3.7909,5.75
9,2,6,2.7699,5.25
9,2,7,3.7875,5.25
9,2,7,2.9212,4.5
9,2,8,3.5936,4.5
9,2,8,3.5999,5.75
9,2,9,3.3578,5.75
9,2,9,3.7469,4.75
9,2,10,4.7314,4.75
9,2,10,3.8910,4.5
9,2,11,3.7992,4.5
9,2,11,3.3615,5.5
9,2,12,3.4087,5.5
9,2,12,2.4362,3.75
9,2,13,3.8897,3.75
9,2,13,1.9635,2.75
9,2,16,3.8396,2.75
9,2,16,1.9224,4.0
9,2,17,3.6718,4.0
9,2,17,1.4586,4.25
9,2,18,4.1878,4.25
9,2,18,2.1382,3.0
9,2,20,3.8143,3.0
9,2,20,2.7634,3.75
9,2,21,3.3781,3.75
9,2,21,2.5014,3.0
9,2,22,3.1501,3.0
9,2,22,2.4799,2.75
9,2,23,4.0581,2.75
9,2,23,1.9696,1.75
9,2,24,3.5657,1.75
9,2,24,2.7146,5.75
9,2,25,3.9592,5.75
9,2,25,2.4211,3.25
9,2,27,3.6158,3.25
9,2,27,2.6439,2.75
9,2,30,3.8909,2.75
9,2,30,1.5462,2.75
9,2,31,3.4896,2.75
9,2,31,2.4892,2.25
9,2,32,3.0622,2.25
9,2,32,2.2508,2.5
9,2,34,3.1484,2.5
9,2,34,2.2523,4.75
9,2,36,3.8165,4.75
9,2,36,1.6803,3.75
9,2,37,3.9720,3.75
9,2,37,2.5643,2.0
9,2,38,3.5360,2.0
9,2,38,2.8467,3.25
9,2,42,4.4489,3.25
9,2,42,2.0210,3.0
9,2,45,3.8937,3.0
9,2,45,3.1242,4.75
9,2,46,3.9115,4.75
9,2,46,2.3820,4.0
9,2,50,4.6508,4.0
9,2,50,2.6523,3.75
9,2,53,3.3184,3.75
9,2,53,2.4549,4.0
9,2,62,2.3913,4.0
9,2,62,2.3944,5.0
9,2,63,3.8893,5.0
9,2,63,2.3319,4.5
9,2,64,4.6828,4.5
9,2,64,2.5581,5.5
9,2,66,3.8305,5.5
9,2,66,2.4596,4.25
9,2,67,4.0640,4.25
9,2,67,2.7798,3.25
9,2,68,3.3066,3.25
9,2,68,3.2392,3.25
9,2,69,3.8270,3.25
9,2,69,2.3379,4.75
9,2,70,3.5857,4.75
9,2,70,3.3275,5.25
9,2,71,3.8994,5.25
9,2,71,1.8175,5.25
9,2,74,3.3174,5.25
9,2,74,3.3879,3.75
9,2,75,3.7275,3.75
9,2,75,3.1536,4.25
9,2,77,3.2716,4.25
9,2,77,3.8314,5.5
9,2,78,4.4310,5.5
9,2,78,2.2808,5.25
9,2,79,4.1392,5.25
9,2,79,2.8749,4.75
9,2,81,3.8989,4.75
9,2,81,2.7546,3.75
9,2,84,3.6618,3.75
9,2,84,2.6757,4.75
9,2,85,3.4255,4.75
9,2,85,2.3777,4.0
9,2,86,1.6225,4.0
9,2,86,3.2108,3.25
9,2,87,3.6070,3.25
9,2,87,3.0954,4.5
9,2,88,3.4240,4.5
9,2,88,3.2418,2.75
9,2,89,1.4341,2.75
9,2,89,2.8637,3.25
9,2,90,3.8258,3.25
9,2,90,2.1052,4.25
9,2,91,3.9861,4.25
9,2,91,3.1661,4.25
9,2,92,3.5963,4.25
9,2,92,2.2566,5.0
9,2,95,3.8098,5.0
9,2,95,1.8257,3.0
9,2,96,3.3402,3.0
9,2,96,2.4197,4.5
9,2,98,4.1800,4.5
9,2,98,3.6266,5.75
9,2,100,3.9792,5.75
9,2,100,2.3285,3.0
9,2,103,3.6373,3.0
9,2,103,2.9327,3.25
9,2,104,4.1838,3.25
9,2,104,3.1871,4.5
9,2,105,4.5499,4.5
9,2,105,2.5927,3.75
9,2,107,3.0964,3.75
9,2,107,2.2555,4.25
9,2,108,3.8479,4.25
9,2,108,2.4759,2.25
9,2,109,2.8808,2.25
9,2,109,3.0338,4.5
10,1,4,0.0151,5.5
10,1,4,4.3685,5.5
10,1,5,0.2851,5.0
10,1,5,3.6878,5.0
10,1,6,0.3325,5.0
10,1,6,3.8409,5.0
10,1,7,0.3606,5.5
10,1,7,3.9524,5.5
10,1,8,-0.1040,6.25
10,1,8,4.1025,6.25
10,1,9,0.1397,5.5
10,1,9,3.8340,5.5
10,1,10,0.4205,5.0
10,1,10,4.6157,5.0
10,1,11,0.0597,4.0
10,1,11,4.2906,4.0
10,1,12,0.7934,4.5
10,1,12,4.9368,4.5
10,1,13,0.4228,4.25
10,1,13,4.6507,4.25
10,1,14,1.0393,3.75
10,1,14,3.1060,3.75
10,1,20,0.8116,5.0
10,1,20,4.6161,5.0
10,1,21,0.8250,5.25
10,1,21,5.0031,5.25
10,1,22,0.1123,4.5
10,1,22,4.9115,4.5
10,1,24,1.0397,4.75
10,1,24,4.5109,4.75
10,1,25,1.0229,4.5
10,1,25,4.9072,4.5
10,1,26,0.8208,2.375
10,1,26,5.1342,2.375
10,1,27,0.8928,4.25
10,1,27,4.8231,4.25
10,1,28,0.6165,4.75
10,1,28,5.2586,4.75
10,1,29,0.7723,4.5
10,1,29,5.4891,4.5
10,1,30,0.9217,5.5
10,1,30,5.0123,5.5
10,1,31,1.1191,4.75
10,1,31,4.9724,4.75
10,1,32,0.4961,3.75
10,1,32,4.8376,3.75
10,1,33,1.1132,4.5
10,1,33,5.0260,4.5
10,1,36,1.6905,4.75
10,1,36,4.8001,4.75
10,1,39,2.3903,4.0
10,1,39,4.3609,4.0
10,1,42,1.4388,5.25
10,1,42,4.3696,5.25
10,1,43,1.5767,4.5
10,1,43,5.1040,4.5
10,1,44,1.8265,4.5
10,1,44,4.7941,4.5
10,1,45,0.9183,2.875
10,1,45,4.5569,2.875
10,1,46,2.3241,5.0
10,1,46,4.1274,5.0
10,1,47,1.9216,5.25
10,1,47,4.1421,5.25
10,1,48,2.0974,5.0
10,1,48,4.7772,5.0
10,1,49,1.3321,4.0
10,1,49,4.7365,4.0
10,1,50,1.7938,5.25
10,1,50,4.0691,5.25
10,1,51,0.6140,5.5
10,1,51,4.9368,5.5
10,1,52,1.7350,5.0
10,1,52,4.4711,5.0
10,1,53,2.0743,5.25
10,1,53,5.1646,5.25
10,1,55,1.5216,5.25
10,1,55,4.9752,5.25
10,1,56,1.9846,4.5
10,1,56,4.4265,4.5
10,1,57,1.3853,1.5
10,1,57,4.1663,1.5
10,1,61,1.4011,4.0
10,1,61,4.3844,4.0
10,1,62,2.2118,3.75
10,1,62,4.5717,3.75
10,1,63,2.3123,4.25
10,1,63,4.1643,4.25
10,1,64,2.6635,5.0
10,1,64,3.9082,5.0
10,1,65,3.3276,5.75
10,1,65,3.7918,5.75
10,1,66,2.4994,6.0
10,1,66,4.8027,6.0
10,1,67,1.7028,5.25
10,1,67,4.4177,5.25
10,1,68,2.0675,3.75
10,1,68,4.3360,3.75
10,1,69,2.8387,4.5
10,1,69,4.1948,4.5
10,1,72,3.5577,3.0
10,1,72,4.7483,3.0
10,1,73,1.2584,4.25
10,1,73,3.9981,4.25
10,1,74,1.2001,4.75
10,1,74,4.1254,4.75
10,1,75,2.2551,4.5
10,1,75,4.0836,4.5
10,1,76,1.0841,4.75
10,1,76,4.4889,4.75
10,1,77,2.4892,4.5
10,1,77,4.5858,4.5
10,1,78,3.7609,5.5
10,1,78,3.8637,5.5
10,1,79,1.8800,4.5
10,1,79,3.7377,4.5
10,1,80,1.7423,5.0
10,1,80,4.7799,5.0
10,1,81,1.6976,4.25
10,1,81,4.4036,4.25
10,1,82,0.7465,4.5
10,1,82,4.5640,4.5
10,1,83,0.1206,3.0
10,1,83,4.7261,3.0
10,1,84,0.6049,2.75
10,1,84,4.7492,2.75
10,1,85,0.4667,4.75
10,1,85,3.6141,4.75
10,1,86,-0.2272,4.0
10,1,86,4.0118,4.0
10,1,87,1.9979,4.75
10,1,87,4.4816,4.75
10,1,88,1.9494,5.5
10,1,88,4.6531,5.5
10,1,89,1.1202,5.25
10,1,89,3.9758,5.25
10,1,90,0.2271,3.75
10,1,90,3.8310,3.75
10,1,91,-0.0633,4.5
10,1,91,3.8214,4.5
10,1,92,2.4816,5.0
10,1,92,4.2429,5.0
10,1,93,1.9681,4.0
10,1,93,4.2375,4.0
10,1,94,0.0799,5.0
10,1,94,4.8585,5.0
10,1,95,1.8752,4.75
10,1,95,4.0613,4.75
10,1,96,1.2800,4.5
10,1,96,3.9938,4.5
10,1,97,1.4797,3.75
10,1,97,2.8806,3.75
10,1,98,1.9090,4.5
10,1,98,3.9686,4.5
10,1,99,1.9098,5.25
10,1,99,4.4910,5.25
10,1,100,2.1630,4.0
10,1,100,3.8797,4.0
10,1,101,2.7131,5.5
10,1,101,4.2857,5.5
10,1,102,2.5321,5.0
10,1,102,4.3942,5.0
10,1,103,3.2590,3.75
10,1,103,4.0354,3.75
10,1,104,3.0123,4.5
10,1,104,4.4204,4.5
10,1,105,1.6080,4.0
10,1,105,3.6012,4.0
10,1,106,2.1408,2.0
10,1,106,2.8589,2.0
10,1,107,1.0171,5.0
10,1,107,4.7418,5.0
10,1,108,2.7788,5.0
10,1,108,0.5342,3.75
10,2,3,4.4260,3.75
10,2,3,-0.2364,6.25
10,2,4,4.7112,6.25
10,2,4,1.0356,5.5
10,2,5,4.4728,5.5
10,2,5,1.1843,5.25
10,2,6,4.3976,5.25
10,2,6,0.9459,5.25
10,2,7,4.1064,5.25
10,2,7,1.0260,5.75
10,2,8,3.9989,5.75
10,2,8,1.9150,3.25
10,2,9,4.9520,3.25
10,2,9,1.1284,5.25
10,2,10,4.6502,5.25
10,2,10,1.3757,4.5
10,2,11,4.9674,4.5
10,2,11,0.5910,4.25
10,2,12,5.0390,4.25
10,2,12,0.4102,5.25
10,2,13,4.6452,5.25
10,2,13,0.4188,5.25
10,2,14,4.7114,5.25
10,2,14,1.2067,5.75
10,2,15,4.1075,5.75
10,2,15,-0.2159,4.5
10,2,19,4.9655,4.5
10,2,19,1.3084,2.75
10,2,20,4.5530,2.75
10,2,20,0.9758,5.5
10,2,21,4.7232,5.5
10,2,21,2.1551,5.5
10,2,22,4.8139,5.5
10,2,22,1.0909,5.0
10,2,23,4.7818,5.0
10,2,23,1.4217,3.5
10,2,26,4.4460,3.5
10,2,26,1.1805,4.5
10,2,28,4.5620,4.5
10,2,28,1.0304,5.0
10,2,29,4.7391,5.0
10,2,29,1.4430,5.75
10,2,30,5.0960,5.75
10,2,30,2.9876,4.75
10,2,33,4.5940,4.75
10,2,33,1.7397,3.75
10,2,36,3.5658,3.75
10,2,36,0.7314,5.0
10,2,37,4.3367,5.0
10,2,37,0.2541,4.75
10,2,38,4.9885,4.75
10,2,38,1.4626,5.25
10,2,39,4.9584,5.25
10,2,39,2.6461,5.25
10,2,41,4.1302,5.25
10,2,41,2.3370,5.5
10,2,42,5.0092,5.5
10,2,42,2.1658,5.75
10,2,43,3.6325,5.75
10,2,43,2.4102,5.25
10,2,47,4.5708,5.25
10,2,47,3.1041,5.5
10,2,51,4.0886,5.5
10,2,51,3.0763,5.5
10,2,52,4.5226,5.5
10,2,52,2.8422,6.75
10,2,53,4.3225,6.75
10,2,53,2.4104,5.5
10,2,54,3.8440,5.5
10,2,54,1.4657,3.75
10,2,55,4.6408,3.75
10,2,55,2.2073,5.25
10,2,56,4.0370,5.25
10,2,56,1.7993,5.5
10,2,58,4.3038,5.5
10,2,58,2.0848,5.0
10,2,65,4.2087,5.0
10,2,65,1.3988,3.0
10,2,66,4.1490,3.0
10,2,66,2.4858,4.33333
10,2,67,4.2896,4.33333
10,2,67,2.5971,4.75
10,2,68,4.1673,4.75
10,2,68,2.9414,5.25
10,2,69,4.5768,5.25
10,2,69,1.9120,4.66667
10,2,70,4.4627,4.66667
10,2,70,1.1471,4.0
10,2,71,3.7664,4.0
10,2,71,1.1943,6.25
10,2,72,3.6163,6.25
10,2,72,0.4230,5.5
10,2,73,4.0605,5.5
10,2,73,1.9892,4.75
10,2,74,4.2612,4.75
10,2,74,2.5511,4.5
10,2,75,4.3235,4.5
10,2,75,2.1223,4.5
10,2,76,3.7347,4.5
10,2,76,1.7600,3.5
10,2,77,4.4225,3.5
10,2,77,1.8630,5.25
10,2,78,4.0173,5.25
10,2,78,2.7269,5.5
10,2,79,3.5110,5.5
10,2,79,0.7129,4.5
10,2,80,3.9919,4.5
10,2,80,1.8741,5.25
10,2,81,5.0283,5.25
10,2,81,2.3265,5.25
10,2,82,4.0533,5.25
10,2,82,1.5602,4.25
10,2,83,2.4962,4.25
10,2,83,2.2956,4.0
10,2,84,4.2554,4.0
10,2,84,1.7710,5.25
10,2,85,4.6731,5.25
10,2,85,2.0706,4.5
10,2,86,4.2317,4.5
10,2,86,2.0879,5.5
10,2,87,4.2302,5.5
10,2,87,1.4813,5.5
10,2,88,4.6110,5.5
10,2,88,0.5688,4.0
10,2,89,4.7431,4.0
10,2,89,0.5748,4.25
10,2,90,5.2131,4.25
10,2,90,0.8785,4.25
10,2,91,4.8857,4.25
10,2,91,2.3900,5.75
11,1,4,4.6338,5.75
11,1,4,2.9160,5.75
11,1,5,3.8511,4.5
11,1,5,2.5306,4.5
11,1,6,3.4540,5.0
11,1,6,2.1039,5.0
11,1,7,4.1620,4.25
11,1,7,2.5946,4.25
11,1,8,3.4831,4.25
11,1,8,2.7668,4.25
11,1,9,3.6971,4.0
11,1,9,2.9688,4.0
11,1,10,5.0317,4.66667
11,1,10,3.0529,4.66667
11,1,11,4.5020,4.5
11,1,11,2.8780,4.5
11,1,12,4.1952,5.5
11,1,12,2.7140,5.5
11,1,13,5.1675,5.25
11,1,13,3.1698,5.25
11,1,14,4.6758,4.25
11,1,14,2.7312,4.25
11,1,15,4.0066,3.5
11,1,15,2.6749,3.5
11,1,19,2.8323,6.25
11,1,19,3.2119,6.25
11,1,20,2.7510,5.5
11,1,20,2.9442,5.5
11,1,21,2.4093,4.25
11,1,21,2.9355,4.25
11,1,22,2.6636,6.25
11,1,22,2.9463,6.25
11,1,23,2.6919,5.75
11,1,23,2.9564,5.75
11,1,24,1.9231,3.25
11,1,24,3.0154,3.25
11,1,25,3.2058,5.0
11,1,25,3.2952,5.0
11,1,26,2.2043,4.0
11,1,26,3.3330,4.0
11,1,27,2.8151,4.5
11,1,27,3.0435,4.5
11,1,28,2.3281,4.5
11,1,28,2.9780,4.5
11,1,29,2.4608,5.5
11,1,29,2.9767,5.5
11,1,30,2.6593,4.25
11,1,30,3.3188,4.25
11,1,31,2.5720,5.5
11,1,31,3.1160,5.5
11,1,32,3.0106,4.25
11,1,32,2.9937,4.25
11,1,33,2.9282,5.0
11,1,33,3.4585,5.0
11,1,34,2.9608,4.5
11,1,34,2.9407,4.5
11,1,35,2.6202,4.5
11,1,35,2.8752,4.5
11,1,36,2.3193,5.0
11,1,36,2.6456,5.0
11,1,37,2.9342,3.75
11,1,37,3.0961,3.75
11,1,38,2.9410,4.5
11,1,38,2.8643,4.5
11,1,39,3.4288,5.0
11,1,39,2.2516,5.0
11,1,48,2.6356,2.25
11,1,48,1.5152,2.25
11,1,50,4.1986,3.0
11,1,50,3.3001,3.0
11,1,51,2.9381,4.75
11,1,51,3.2219,4.75
11,1,57,2.4757,2.5
11,1,57,2.6805,2.5
11,1,62,3.1417,5.0
11,1,62,3.8802,5.0
11,1,63,3.3632,6.25
11,1,63,3.1197,6.25
11,1,64,3.0729,5.0
11,1,64,2.4779,5.0
11,1,66,3.1054,3.25
11,1,66,2.9849,3.25
11,1,68,3.3004,4.25
11,1,68,3.2039,4.25
11,1,69,3.3377,4.0
11,1,69,2.0122,4.0
11,1,70,3.2464,5.0
11,1,70,2.8465,5.0
11,1,73,3.6706,5.25
11,1,73,2.9205,5.25
11,1,75,3.2898,3.5
11,1,75,2.1469,3.5
11,1,76,3.4922,4.0
11,1,76,2.4490,4.0
11,1,77,3.4132,6.0
11,1,77,3.1327,6.0
11,1,78,2.6229,5.0
11,1,78,3.1351,5.0
11,1,79,3.1681,4.5
11,1,79,1.9015,4.5
11,1,80,2.7098,6.0
11,1,80,2.0915,6.0
11,1,81,3.0891,4.5
11,1,81,3.2579,4.5
11,1,82,2.8102,4.5
11,1,82,2.5220,4.5
11,1,83,2.7205,3.5
11,1,83,2.3916,3.5
11,1,84,2.8743,3.5
11,1,84,2.4342,3.5
11,1,87,2.8871,2.75
11,1,87,3.0675,2.75
11,1,88,2.8771,3.75
11,1,88,2.8299,3.75
11,1,90,2.7646,4.25
11,1,90,3.0065,4.25
11,1,91,3.1584,5.5
11,1,91,3.4777,5.5
11,1,93,3.2532,4.25
11,1,93,2.6397,4.25
11,1,94,3.1611,5.75
11,1,94,2.9834,5.75
11,1,95,2.8970,4.25
11,1,95,2.5617,4.25
11,1,96,3.0272,4.75
11,1,96,2.1375,4.75
11,1,97,2.4618,3.75
11,1,97,2.3825,3.75
11,1,98,3.2909,4.5
11,1,98,2.5330,4.5
11,1,99,3.0875,6.25
11,1,99,3.6590,5.0
11,2,3,2.4417,5.0
11,2,3,3.3144,4.0
11,2,4,3.2751,4.0
11,2,4,3.5130,2.25
11,2,5,2.5533,2.25
11,2,5,4.1879,5.5
11,2,6,2.5093,5.5
11,2,6,2.5546,0.75
11,2,7,2.8379,0.75
11,2,7,3.4235,5.0
11,2,8,2.7027,5.0
11,2,8,3.5569,3.5
11,2,9,2.9226,3.5
11,2,9,3.4436,4.75
11,2,10,2.6308,4.75
11,2,10,2.9405,2.25
11,2,12,2.9621,2.25
11,2,12,2.8084,3.75
11,2,17,2.9675,3.75
11,2,17,2.1985,4.0
11,2,18,2.7165,4.0
11,2,18,3.3266,5.25
11,2,19,3.7898,5.25
11,2,19,3.4873,4.75
11,2,20,3.1125,4.75
11,2,20,3.2536,6.25
11,2,21,3.3123,6.25
11,2,21,3.4601,3.75
11,2,22,3.3446,3.75
11,2,22,3.3506,5.75
11,2,23,3.2512,5.75
11,2,23,3.1998,5.0
11,2,24,3.1658,5.0
11,2,24,3.6092,5.0
11,2,25,2.7464,5.0
11,2,25,3.1719,3.5
11,2,26,3.0278,3.5
11,2,26,2.8540,5.5
11,2,27,3.8080,5.5
11,2,27,2.5220,4.5
11,2,28,3.4599,4.5
11,2,28,2.0571,4.75
11,2,29,3.4529,4.75
11,2,29,1.9140,4.0
11,2,30,3.2723,4.0
11,2,30,3.3423,5.0
11,2,31,3.3256,5.0
11,2,31,3.1908,5.25
11,2,32,3.9377,5.25
11,2,32,2.6653,4.25
11,2,33,3.9502,4.25
11,2,33,3.8406,6.5
11,2,34,3.7155,6.5
11,2,34,3.0989,3.75
11,2,35,3.4810,3.75
11,2,35,3.3085,4.25
11,2,36,3.5703,4.25
11,2,36,2.7430,5.0
11,2,37,3.4648,5.0
11,2,37,3.1706,4.25
11,2,38,3.0497,4.25
11,2,38,2.3420,4.5
11,2,39,3.0760,4.5
11,2,39,3.0891,4.25
11,2,40,3.3799,4.25
11,2,40,3.6617,4.75
11,2,41,2.9188,4.75
11,2,41,2.5119,4.75
11,2,42,3.1635,4.75
11,2,42,3.1659,5.25
11,2,43,2.8140,5.25
11,2,43,3.1924,5.5
11,2,44,3.1270,5.5
11,2,44,3.1082,4.25
11,2,45,3.3148,4.25
11,2,45,3.2672,4.25
11,2,46,3.1795,4.25
11,2,46,3.4039,4.0
11,2,47,3.4743,4.0
11,2,47,3.3557,6.5
11,2,48,3.5033,6.5
11,2,48,3.5193,2.75
11,2,49,3.4977,2.75
11,2,49,3.6265,4.25
11,2,50,3.7060,4.25
11,2,50,3.2698,4.5
11,2,51,3.4996,4.5
11,2,51,3.7495,5.0
11,2,52,3.4149,5.0
11,2,52,3.5704,4.5
11,2,53,3.5053,4.5
11,2,53,3.2458,3.75
11,2,54,3.6370,3.75
11,2,54,2.8880,4.5
11,2,55,3.8614,4.5
11,2,55,3.1085,4.75
11,2,56,3.7176,4.75
11,2,56,2.4715,2.5
11,2,60,2.8300,2.5
11,2,60,2.2125,3.25
11,2,61,3.3070,3.25
11,2,61,3.1834,1.75
11,2,62,3.8493,1.75
11,2,62,2.6887,2.75
11,2,63,2.7943,2.75
11,2,63,3.2771,4.25
11,2,64,3.9551,4.25
11,2,64,3.0425,2.5
11,2,65,4.2144,2.5
11,2,65,2.6267,1.75
11,2,66,4.0047,1.75
11,2,66,2.5994,4.75
11,2,67,4.2384,4.75
11,2,67,2.8029,4.0
11,2,68,3.9212,4.0
11,2,68,3.4159,3.25
11,2,69,3.7505,3.25
11,2,69,3.7695,4.25
11,2,72,3.2693,4.25
11,2,72,3.7068,4.25
11,2,73,2.8554,4.25
11,2,73,3.5296,4.25
11,2,74,2.7391,4.25
11,2,74,3.3358,2.5
11,2,75,2.8821,2.5
11,2,75,4.0376,5.5
11,2,76,2.7756,5.5
11,2,76,3.7894,4.5
11,2,77,2.6039,4.5
11,2,77,3.8282,5.5
11,2,78,2.9146,5.5
11,2,78,3.8279,4.25
11,2,79,2.9197,4.25
11,2,79,3.5467,3.75
11,2,80,2.9788,3.75
11,2,80,3.5750,3.0
11,2,81,2.5864,3.0
11,2,81,3.3908,4.75
11,2,82,2.7001,4.75
11,2,82,3.4863,4.0
11,2,83,2.8717,4.0
11,2,83,3.9082,4.75
11,2,84,2.8869,4.75
11,2,84,3.3934,5.0
11,2,85,3.2072,5.0
11,2,85,3.3905,5.75
11,2,86,3.2106,5.75
11,2,86,3.7449,4.25
11,2,87,3.3445,4.25
11,2,87,3.7697,5.0
11,2,88,3.0795,5.0
11,2,88,3.3278,4.75
11,2,89,3.5337,4.75
11,2,89,3.4581,3.25
11,2,90,3.0213,3.25
11,2,90,3.5257,4.5
11,2,91,2.9187,4.5
11,2,91,3.2270,5.5
11,2,92,2.2581,5.5
11,2,92,3.6727,5.0
11,2,93,3.3872,5.0
11,2,93,3.3391,4.25
11,2,94,3.7141,4.25
11,2,94,2.7286,4.0
11,2,95,3.1636,4.0
11,2,95,3.7872,5.0
11,2,96,2.9277,5.0
11,2,96,3.5381,3.75
11,2,97,2.8915,3.75
11,2,97,3.7428,5.0
11,2,98,2.8226,5.0
11,2,98,3.8169,5.5
11,2,99,3.5236,5.5
11,2,99,2.1798,4.5
11,2,100,3.1948,4.5
11,2,100,3.0416,4.75
11,2,101,3.6585,4.75
11,2,101,3.6911,3.75
11,2,102,3.3441,3.75
11,2,102,3.6124,5.25
11,2,103,2.4585,5.25
11,2,103,2.7411,6.0
11,2,104,2.8534,6.0
11,2,104,3.5326,4.5
11,2,105,3.3946,4.5
11,2,105,3.1343,3.0
11,2,106,2.7092,3.0
11,2,106,3.5705,4.75
11,2,109,2.9831,4.75
11,2,109,3.6668,4.75
11,2,110,2.6818,4.75
11,2,110,3.5267,4.5
12,1,2,5.2564,6.5
12,1,2,5.6613,6.5
12,1,3,5.3415,6.0
12,1,3,4.6173,6.0
12,1,5,5.0460,6.0
12,1,5,4.5983,6.0
12,1,6,6.3135,5.0
12,1,6,4.3000,5.0
12,1,7,5.4229,6.25
12,1,7,4.6594,6.25
12,1,8,5.6917,5.25
12,1,8,4.8032,5.25
12,1,9,5.4945,4.75
12,1,9,5.1270,4.75
12,1,10,4.9978,5.25
12,1,10,4.4681,5.25
12,1,11,4.9952,5.0
12,1,11,4.3146,5.0
12,1,12,3.7865,5.75
12,1,12,4.8674,5.75
12,1,69,5.1119,3.75
12,1,69,7.8339,4.0
12,2,4,5.3370,4.0
12,2,4,6.6061,5.25
12,2,5,5.0055,5.25
12,2,5,6.0289,5.0
12,2,11,3.7618,5.0
12,2,11,6.3062,5.25
16,2,5,3.8398,4.0
16,2,5,3.3168,4.0
16,2,6,4.3488,4.5
16,2,6,4.3863,4.5
16,2,7,4.0660,5.0
16,2,7,2.7804,5.0
16,2,8,3.1548,3.25
16,2,8,3.3194,3.25
16,2,9,3.3905,3.5
16,2,9,3.3833,3.5
16,2,10,4.4801,5.5
16,2,10,3.6327,5.5
16,2,11,3.0765,4.5
16,2,11,3.5259,4.5
16,2,12,2.9599,5.5
16,2,12,2.1940,5.5
16,2,13,3.7394,4.5
16,2,13,2.9721,4.5
16,2,14,3.6497,4.0
16,2,14,2.9817,4.0
16,2,15,4.4729,4.25
16,2,15,2.1677,4.25
16,2,21,3.2468,3.75
16,2,21,4.8584,3.75
16,2,22,4.4498,1.75
16,2,22,5.6012,1.75
16,2,23,3.3833,2.5
16,2,23,4.7869,2.5
16,2,24,2.6759,3.5
16,2,24,3.9158,3.5
16,2,25,2.0470,3.0
16,2,25,3.2684,3.0
16,2,26,3.5827,3.25
16,2,26,3.7270,3.25
16,2,27,3.5687,4.25
16,2,27,2.6748,4.25
16,2,28,3.1752,3.25
16,2,28,1.8900,3.25
16,2,29,3.4097,2.0
16,2,29,2.4352,2.0
16,2,30,4.5890,3.0
16,2,30,3.4890,3.0
16,2,31,3.4093,2.0
16,2,31,4.3516,2.0
16,2,32,1.9705,2.75
16,2,32,4.1020,2.75
16,2,33,3.6523,1.5
16,2,33,4.6276,1.5
16,2,34,2.8697,2.25
16,2,34,3.4269,2.25
16,2,35,2.5374,2.5
16,2,35,3.8281,2.5
16,2,36,3.5621,3.75
16,2,36,3.2664,3.75
16,2,37,2.4417,4.5
16,2,37,4.8287,4.5
16,2,38,4.2169,4.0
16,2,38,4.2997,4.0
16,2,39,4.2759,2.25
16,2,39,3.7113,2.25
16,2,40,3.3513,2.0
16,2,40,3.1539,2.0
16,2,41,4.3953,1.75
16,2,41,3.9203,1.75
16,2,42,3.8454,2.5
16,2,42,2.9558,2.5
16,2,43,2.3823,2.25
16,2,43,3.7119,2.25
16,2,44,2.9107,2.75
16,2,44,3.0942,2.75
16,2,45,2.6131,3.0
16,2,45,3.3671,3.0
16,2,46,3.1179,2.5
16,2,46,3.8394,2.5
16,2,47,3.3822,1.75
16,2,47,3.7531,1.75
16,2,48,2.1796,3.25
16,2,48,2.9172,3.25
16,2,49,3.1113,2.75
16,2,49,2.1936,2.75
16,2,50,2.7498,2.25
16,2,50,3.5704,2.25
16,2,51,2.7168,3.5
16,2,51,3.7879,3.5
16,2,52,3.1430,2.25
16,2,52,3.4687,2.25
16,2,53,3.4888,4.0
16,2,53,4.3064,4.0
16,2,54,2.8834,1.25
16,2,54,2.6534,1.25
16,2,55,3.4790,4.0
16,2,55,3.0370,4.0
16,2,56,3.4877,4.75
16,2,56,3.7456,4.75
16,2,57,2.2049,3.0
16,2,57,3.9426,3.0
16,2,58,3.9236,2.25
16,2,58,3.2410,2.25
16,2,60,3.7714,3.0
16,2,60,3.0855,3.0
16,2,61,3.8636,2.5
16,2,61,3.5895,2.5
16,2,65,3.8096,5.0
16,2,65,3.4145,5.0
16,2,66,3.9175,5.75
16,2,66,4.0403,5.75
16,2,67,3.5072,3.5
16,2,67,3.0016,3.5
16,2,68,2.5461,1.25
16,2,68,3.3509,1.25
16,2,69,3.0078,1.75
16,2,69,3.4314,1.75
16,2,70,2.9236,1.75
16,2,70,3.6229,1.75
16,2,71,4.3059,4.0
16,2,71,3.5160,4.0
16,2,72,4.0810,2.25
16,2,72,3.2446,2.25
16,2,73,3.2754,4.0
16,2,73,2.7961,4.0
16,2,76,3.2035,3.0
16,2,76,3.7478,3.0
16,2,77,3.2723,5.5
16,2,77,3.0430,5.5
16,2,78,3.4780,4.25
16,2,78,4.7674,4.25
16,2,79,3.7600,5.0
16,2,79,4.6282,5.0
16,2,80,3.0784,4.0
16,2,80,4.9070,4.0
16,2,81,2.2532,2.5
16,2,81,3.1887,2.5
16,2,82,2.7548,2.25
16,2,82,4.7679,2.25
16,2,83,2.9143,4.5
16,2,83,4.3519,4.5
16,2,84,2.7518,3.75
16,2,84,4.4325,3.75
16,2,85,2.5265,3.5
16,2,85,4.7152,3.5
16,2,86,3.6273,4.5
16,2,86,4.6472,4.5
16,2,87,2.5776,3.5
16,2,87,4.7200,3.5
16,2,88,2.3230,3.75
16,2,88,4.3539,3.75
16,2,89,2.1358,1.75
16,2,89,4.9906,1.75
16,2,90,2.9287,1.75
16,2,90,2.1728,1.75
16,2,91,2.8008,3.25
16,2,91,3.7971,3.25
16,2,92,3.0802,2.5
16,2,92,4.2298,2.5
16,2,93,3.7928,4.0
16,2,93,3.2521,4.0
16,2,94,3.3479,4.0
16,2,94,3.9555,4.0
16,2,95,3.8045,3.5
16,2,95,3.4179,3.5
16,2,96,4.0513,3.5
16,2,96,3.8523,3.5
16,2,97,2.0901,2.75
16,2,97,4.9695,2.75
16,2,98,1.5463,4.5
16,2,98,4.3187,4.5
16,2,99,1.2750,3.25
16,2,99,4.0576,3.25
16,2,100,2.5676,3.25
16,2,100,3.4151,3.25
16,2,101,3.4834,5.0
16,2,101,4.3798,5.0
16,2,102,2.9703,1.75
16,2,102,4.4244,1.75
16,2,103,2.5493,3.25
16,2,103,4.4336,3.25
16,2,104,2.5117,1.75
16,2,104,3.9365,1.75
16,2,105,3.4822,3.75
16,2,105,4.0931,3.75
16,2,106,3.6134,2.75
16,2,106,4.1662,2.75
16,2,107,2.8578,3.25
16,2,107,4.2911,3.25
16,2,108,3.0268,2.75
16,2,108,4.4397,2.75
16,2,109,3.5353,4.5
16,2,109,4.0079,4.5
16,2,110,3.1647,2.25
16,2,110,3.2055,2.25
16,2,111,4.0599,3.5
16,2,111,3.9058,3.5
16,2,112,2.4890,1.5
16,2,112,4.6500,1.5
16,2,113,2.4431,2.5
16,2,113,4.7596,2.5
16,2,114,3.7294,3.5
16,2,114,3.7883,3.5
16,2,115,3.7593,2.75
16,2,115,3.5720,2.75
16,2,116,3.4779,4.0
17,1,4,3.9646,2.75
17,1,4,1.7239,2.75
17,1,5,3.8322,2.75
17,1,5,2.4457,2.75
17,1,6,3.3235,2.75
17,1,6,2.5686,2.75
17,1,7,3.4499,2.75
17,1,7,1.6393,2.75
17,1,8,2.9306,2.75
17,1,8,0.7572,2.75
17,1,9,3.5780,1.5
17,1,9,0.1992,1.5
17,1,10,3.3125,1.5
17,1,10,1.2996,1.5
17,1,12,3.0212,2.25
17,1,12,1.5891,2.25
17,1,17,2.9624,3.0
17,1,17,1.1811,3.0
17,1,18,2.5739,2.75
17,1,18,0.8591,2.75
17,1,19,2.8245,4.0
17,1,19,1.6091,4.0
17,1,20,2.6485,3.5
17,1,20,0.4366,3.5
17,1,21,2.5324,2.5
17,1,21,-0.1225,2.5
17,1,22,2.7225,3.0
17,1,22,-0.1217,3.0
17,1,23,3.1266,2.5
17,1,23,0.8812,2.5
17,1,24,2.7271,3.25
17,1,24,2.3045,3.25
17,1,25,3.5600,3.75
17,1,25,1.3062,3.75
17,1,26,3.9727,3.0
17,1,26,-1.1788,3.0
17,1,27,3.0393,4.5
17,1,27,0.7239,4.5
17,1,29,3.6519,4.0
17,1,29,0.3320,4.0
17,1,30,4.0484,5.25
17,1,30,0.7290,5.25
17,1,31,3.2886,4.0
17,1,31,0.3877,4.0
17,1,32,3.2832,4.5
17,1,32,1.4077,4.5
17,1,33,3.4929,3.75
17,1,33,-0.3411,3.75
17,1,34,2.3492,3.25
17,1,34,0.3668,3.25
17,1,35,2.7640,2.5
17,1,35,0.5145,2.5
17,1,36,2.1654,2.75
17,1,36,0.4542,2.75
17,1,37,2.8186,2.5
17,1,37,0.7724,2.5
17,1,38,2.3860,2.25
17,1,38,-0.4453,2.25
17,1,39,1.5635,4.5
17,1,39,0.5625,4.5
17,1,40,2.1409,3.0
17,1,40,-0.5538,3.0
17,1,41,1.5231,3.25
17,1,41,0.7099,3.25
17,1,42,2.1646,3.75
17,1,42,1.0681,3.75
17,1,43,2.8683,4.25
17,1,43,0.6138,4.25
17,1,44,2.2284,3.5
17,1,44,0.3463,3.5
17,1,45,1.4543,3.0
17,1,45,0.3985,3.0
17,1,46,1.8394,4.0
17,1,46,3.0202,4.0
17,1,51,2.1243,3.0
17,1,51,-1.0022,3.0
17,1,52,3.0695,2.75
17,1,52,1.0976,2.75
17,1,53,2.2501,2.75
17,1,53,1.5336,2.75
17,1,54,2.8289,3.25
17,1,54,1.2326,3.25
17,1,55,1.9463,2.5
17,1,55,4.8300,2.5
17,1,56,1.9897,3.25
17,1,56,-0.2397,3.25
17,1,59,5.0473,2.5
17,1,59,2.3118,2.5
17,1,60,4.8727,3.0
17,1,60,1.8944,3.0
17,1,61,3.0315,2.25
17,1,61,0.6738,2.25
17,1,62,3.8368,1.75
17,1,62,0.5230,1.75
17,1,63,2.0038,1.75
17,1,63,-0.3957,1.75
17,1,64,3.1536,1.0
17,1,64,0.9583,1.0
17,1,65,3.6413,1.25
17,1,65,1.0428,1.25
17,1,67,5.1776,3.0
17,1,67,2.2490,3.0
17,1,68,5.1105,3.75
17,1,68,1.4192,3.75
17,1,69,4.2490,2.5
17,1,69,0.2132,2.5
17,1,72,4.3004,5.25
17,1,72,2.7211,5.25
17,1,73,2.6122,4.25
17,1,73,1.2663,4.25
17,1,74,2.8898,3.25
17,1,74,1.0601,3.25
17,1,75,2.7168,1.75
17,1,75,1.3614,1.75
17,1,76,4.4255,4.5
17,1,76,1.6948,4.5
17,1,77,3.9333,3.5
17,1,77,1.6939,3.5
17,1,78,3.4091,4.25
17,1,78,1.7276,4.25
17,1,79,3.7583,3.25
17,1,79,1.6862,3.25
17,1,80,3.1863,4.25
17,1,80,0.2853,4.25
17,1,81,3.6828,4.5
17,1,81,-0.9037,4.5
17,1,82,3.9691,5.0
17,1,82,-0.5156,5.0
17,1,83,4.1832,3.5
17,1,83,0.4680,3.5
17,1,84,3.9918,4.25
17,1,84,1.3052,4.25
17,1,85,3.4070,4.75
17,1,85,1.4397,4.75
17,1,86,3.8329,4.0
17,1,86,1.3416,4.0
17,1,87,3.7607,2.5
17,1,87,0.6675,2.5
17,1,88,4.2734,4.25
17,1,88,0.5716,4.25
17,1,89,4.1085,3.25
17,1,89,1.6349,3.25
17,1,90,4.2304,5.5
17,1,90,1.5550,5.5
17,1,91,3.8526,3.5
17,1,91,0.7587,3.5
17,1,92,3.6767,5.25
17,1,92,1.0873,5.25
17,1,93,2.9312,3.5
17,1,93,1.6541,3.5
17,1,94,4.3785,3.5
17,1,94,0.9064,3.5
17,1,95,3.8002,5.25
17,1,95,1.9076,5.25
17,1,96,2.9670,1.5
17,1,96,1.4101,1.5
17,1,97,2.5205,2.5
17,1,97,0.5811,2.5
17,1,98,3.8235,3.5
17,1,98,2.8555,3.5
17,1,99,2.8435,3.5
17,1,99,0.9498,3.5
17,1,100,3.3153,2.75
17,1,100,0.5365,2.75
17,1,101,2.6321,3.0
17,1,101,1.4505,3.0
17,1,102,1.7203,3.75
17,1,102,0.5691,3.75
17,1,104,3.3465,3.25
17,1,104,0.3895,3.25
17,1,105,4.0914,3.75
17,1,105,1.5232,3.75
17,1,106,3.5426,2.75
17,1,106,1.7274,2.75
17,1,107,3.4407,3.25
17,1,107,0.8401,3.25
17,1,108,3.0492,2.5
17,1,108,1.0446,2.5
17,1,109,4.2363,2.5
18,1,2,2.5091,4.25
18,1,2,3.3254,4.25
18,1,3,3.6999,2.25
18,1,3,2.7276,2.25
18,1,4,3.8466,3.0
18,1,4,2.7636,3.0
18,1,5,2.9978,1.5
18,1,5,1.6517,1.5
18,1,6,3.2504,3.5
18,1,6,2.8240,3.5
18,1,7,2.9981,2.5
18,1,7,1.3927,2.5
18,1,8,2.5359,2.25
18,1,8,2.3524,2.25
18,1,9,4.0125,2.0
18,1,9,3.2614,2.0
18,1,10,4.2673,1.75
18,1,10,2.8183,1.75
18,1,11,4.6113,5.75
18,1,11,3.6906,5.75
18,1,12,4.4163,6.0
18,1,12,2.7511,6.0
18,1,16,2.8075,2.33333
18,1,16,4.2234,2.33333
18,1,17,2.5343,3.0
18,1,17,3.5371,3.0
18,1,18,2.8843,2.75
18,1,18,4.1411,2.75
18,1,19,2.8886,2.75
18,1,19,3.5390,2.75
18,1,20,1.7663,2.75
18,1,20,4.2526,2.75
18,1,21,2.9634,2.5
18,1,21,3.3815,2.5
18,1,28,4.5753,3.25
18,1,28,4.2437,3.25
18,1,29,2.3775,3.75
18,1,29,3.5122,3.75
18,1,30,4.5768,2.75
18,1,30,4.2771,2.75
18,1,31,4.0674,3.75
18,1,31,3.9347,3.75
18,1,32,2.8455,1.25
18,1,32,3.7676,1.25
18,1,33,2.3103,1.0
18,1,33,4.2368,1.0
18,1,34,4.2970,2.25
18,1,34,4.1962,2.25
18,1,35,3.3142,2.25
18,1,35,4.2857,2.25
18,1,36,2.9989,2.25
18,1,36,4.0704,2.25
18,1,37,3.1199,2.75
18,1,37,4.0231,2.75
18,1,38,3.3551,3.5
18,1,38,3.3056,3.5
18,1,39,3.7003,4.0
18,1,39,2.7471,4.0
18,1,40,2.7700,4.0
18,1,40,3.6244,4.0
18,1,41,3.5397,4.0
18,1,41,3.0874,4.0
18,1,42,4.0327,2.5
18,1,42,2.9068,2.5
18,1,43,4.9698,4.25
18,1,43,3.0511,4.25
18,1,44,2.9907,2.5
18,1,44,1.4527,2.5
18,1,45,4.6706,4.75
18,1,45,2.4681,4.75
18,1,46,2.8300,2.25
18,1,46,4.1349,2.25
18,1,47,2.8212,1.75
18,1,47,3.6931,1.75
18,1,48,3.5780,1.75
18,1,48,3.4888,1.75
18,1,49,3.1310,1.5
18,1,49,3.8948,1.5
18,1,50,3.5952,2.25
18,1,50,4.2909,2.25
18,1,51,2.2672,1.25
18,1,51,3.1471,1.25
18,1,53,4.4125,3.25
18,1,53,4.3191,3.25
18,1,54,2.4349,1.25
18,1,54,2.9276,1.25
18,1,55,3.2493,1.75
18,1,55,2.5880,1.75
18,1,56,3.4141,3.25
18,1,56,2.2408,3.25
18,1,59,3.4897,1.66667
18,1,59,1.9479,1.66667
18,1,60,3.4263,1.0
18,1,60,2.7208,1.0
18,1,61,3.2347,3.25
18,1,61,1.7445,3.25
18,1,62,3.5770,1.5
18,1,62,3.4070,1.5
18,1,64,4.3256,2.25
18,1,64,3.5021,2.25
18,1,65,3.5863,1.0
18,1,65,2.0982,1.0
18,1,66,3.9109,1.75
18,1,66,2.7298,1.75
18,1,67,3.6690,1.0
18,1,67,2.7063,1.0
18,1,68,2.4454,2.5
18,1,68,3.3032,2.5
18,1,74,4.2899,1.5
18,1,74,2.8736,1.5
18,1,75,3.3516,1.0
18,1,75,3.8562,1.0
18,1,76,3.2426,2.0
18,1,76,4.1014,2.0
18,1,77,3.0487,1.0
18,1,77,4.4684,1.0
18,1,78,2.6930,2.0
18,1,78,3.1159,2.0
18,1,79,4.4032,2.25
18,1,79,4.1639,2.25
18,1,80,4.7939,3.5
18,1,80,4.1876,3.5
18,1,81,4.5020,3.75
18,1,81,4.0884,3.75
18,1,82,3.7009,3.25
18,1,82,4.0421,3.25
18,1,84,3.6251,4.5
18,1,84,4.4470,4.5
18,1,85,3.9467,4.0
18,1,85,4.1277,4.0
18,1,90,2.0370,2.5
18,1,90,3.1770,2.5
18,1,91,1.6009,2.5
18,1,91,4.5210,2.5
18,1,92,5.0429,2.25
18,1,92,3.6918,2.25
18,1,93,3.0381,2.0
18,1,93,2.5241,2.0
18,1,94,3.6922,2.5
18,1,94,3.0285,2.5
18,1,95,4.2980,4.25
18,1,95,3.4200,4.25
18,1,96,3.6811,2.5
18,1,96,3.7548,2.5
18,1,97,4.3944,3.25
18,1,97,4.0811,3.25
18,1,98,3.6070,2.25
18,1,98,3.6844,2.25
18,1,99,2.6129,2.5
18,1,99,3.2452,2.5
18,1,100,3.1356,3.75
18,1,100,3.4943,3.75
18,1,101,4.2562,2.25
18,1,101,4.0885,2.25
18,1,102,3.6932,2.25
18,1,102,4.0364,2.25
18,1,103,3.2372,2.0
18,1,103,3.1731,2.0
18,1,104,3.3851,3.25
18,1,104,2.5696,3.25
18,1,105,3.1327,1.75
18,1,105,3.1503,1.75
18,1,109,4.8802,3.0
18,1,109,3.8990,3.0
18,1,111,2.7959,2.75
18,1,111,3.1482,2.75
18,1,112,3.3578,1.25
