3,1,1,4.19650888443,3.875
3,1,1,4.3749423027,3.875
3,1,2,2.30838084221,4.5
3,1,2,4.41684293747,4.5
3,1,3,3.20205616951,3.0
3,1,3,3.89394330978,3.0
3,1,4,2.20788526535,3.25
3,1,4,3.66017103195,3.25
3,1,5,2.10610198975,6.0
3,1,5,3.34314155579,6.0
3,1,6,1.05707478523,4.5
3,1,6,3.23987770081,4.5
3,1,7,1.61662256718,4.75
3,1,7,3.77295398712,4.75
3,1,8,2.04175162315,3.5
3,1,8,3.66260004044,3.5
3,1,10,1.90974104404,2.875
3,1,10,3.79566788673,2.875
3,1,14,2.65484476089,3.75
3,1,14,4.37431430817,3.75
3,1,15,1.98835408688,5.0
3,1,15,3.77627038956,5.0
3,1,16,1.99003267288,4.75
3,1,16,3.58115410805,4.75
3,1,17,2.42615628242,5.0
3,1,17,3.1462123394,5.0
3,1,18,1.48104870319,3.75
3,1,18,3.18003249168,3.75
3,1,20,1.82319796085,2.5
3,1,20,2.92116641998,2.5
3,1,21,1.90410494804,4.5
3,1,21,3.69818949699,4.5
3,1,22,2.53937649727,4.83333
3,1,22,3.46407198906,4.83333
3,1,24,2.45382857323,4.5
3,1,24,2.91545200348,4.5
3,1,25,2.59009051323,5.5
3,1,25,4.35274982452,5.5
3,1,26,2.20544409752,4.0
3,1,26,3.7588865757,4.0
3,1,27,2.17008852959,5.25
3,1,27,3.8587770462,5.25
3,1,28,1.31735646725,4.75
3,1,28,3.81533408165,4.75
3,1,29,2.56293678284,1.25
3,1,29,4.23448133469,1.25
3,1,30,1.7686085701,4.5
3,1,30,3.61148428917,4.5
3,1,33,1.65639364719,3.0
3,1,33,3.36320376396,3.0
3,1,34,1.26512181759,4.125
3,1,34,3.50078821182,4.125
3,1,35,2.04414367676,4.375
3,1,35,3.57086706161,4.375
3,1,40,1.25574612617,5.0
3,1,40,4.06219053268,5.0
3,1,43,1.64769697189,4.0
3,1,43,4.02798652649,4.0
3,1,44,1.11197280884,3.0
3,1,44,4.29264879227,3.0
3,1,45,1.51811039448,4.25
3,1,45,4.43670082092,4.25
3,1,46,1.29667258263,5.0
3,1,46,3.90931105614,5.0
3,1,47,1.6840492487,4.25
3,1,47,3.96406126022,4.25
3,1,48,2.52079129219,2.5
3,1,48,3.62601613998,2.5
3,1,49,1.42818200588,5.0
3,1,49,3.37680745125,5.0
3,1,50,1.25309836864,4.66667
3,1,50,4.24067544937,4.66667
3,1,51,1.87997806072,4.5
3,1,51,3.41038680077,4.5
3,1,52,1.79319739342,3.5
3,1,52,3.89668703079,3.5
3,1,55,2.74873399734,3.25
3,1,55,4.29960298538,3.25
3,1,56,1.82438075542,4.0
3,1,56,4.01111555099,4.0
3,1,57,1.68268930912,4.875
3,1,57,4.31022787094,4.875
3,1,58,1.16809868813,4.5
3,1,58,4.35984611511,4.5
3,1,59,2.09629034996,5.5
3,1,59,4.39637565613,5.5
3,1,60,1.70795726776,5.5
3,1,60,4.79978561401,5.5
3,1,61,1.74902129173,5.5
3,1,61,4.2476568222,5.5
3,1,62,2.08828210831,4.375
3,1,62,3.65704774857,4.375
3,1,63,1.80840241909,4.75
3,1,63,3.79553723335,4.75
3,1,64,1.35918009281,5.75
3,1,64,4.13590717316,5.75
3,1,65,1.47715878487,6.25
3,1,65,4.11667060852,6.25
3,1,66,2.07138466835,3.0
3,1,66,3.52857017517,3.0
3,1,70,1.53852105141,2.75
3,1,70,4.09830141068,2.75
3,1,71,1.52656948566,2.0
3,1,71,3.73575949669,2.0
3,1,73,1.92708146572,3.0
3,1,73,4.08839511871,3.0
3,1,74,2.0036149025,4.0
3,1,74,3.20208954811,4.0
3,1,75,2.31514048576,4.0
3,1,75,2.76341056824,4.0
3,1,78,1.90601563454,5.25
3,1,78,3.30531811714,5.25
3,1,79,2.39820575714,5.25
3,1,79,4.23435640335,5.25
3,1,80,2.06037831306,2.75
3,1,80,4.33727121353,2.75
3,1,81,1.69828295708,2.75
3,1,81,2.81787276268,2.75
3,1,82,1.44357919693,3.0
3,1,82,4.51656961441,3.0
3,1,83,1.21342241764,4.5
3,1,83,4.01730775833,4.5
3,1,84,0.942063987255,3.75
3,1,84,3.6047770977,3.75
3,1,85,1.09339308739,2.0
3,1,85,3.60548233986,2.0
3,1,86,1.53396356106,4.25
3,1,86,3.78142905235,4.25
3,1,87,2.14908123016,4.25
3,1,87,3.50487947464,4.25
3,1,88,0.993563771248,4.0
3,1,88,3.56527304649,4.0
3,1,89,2.42752456665,4.25
3,1,89,3.62470507622,4.25
3,1,90,1.99318909645,3.75
3,1,90,3.54724168777,3.75
3,1,91,0.991382420063,4.0
3,1,91,3.59698462486,4.0
3,1,92,1.16707885265,3.5
3,1,92,3.4593808651,3.5
3,1,93,1.48738968372,3.25
3,1,93,3.3137087822,3.25
3,1,94,1.18111884594,3.25
3,1,94,3.54218506813,3.25
3,1,95,1.49474716187,3.75
3,1,95,4.04485988617,3.75
3,1,96,1.48388504982,3.875
3,1,96,3.78501439095,3.875
3,1,97,1.70492422581,1.25
3,1,97,3.64048266411,1.25
3,1,98,1.32850396633,1.75
3,1,98,3.64462351799,1.75
3,1,99,0.980251371861,1.5
3,1,99,3.45299506187,1.5
3,1,100,0.810803115368,2.375
3,1,100,3.2802066803,2.375
3,1,101,1.42442917824,4.375
3,1,101,3.1382329464,4.375
3,1,102,1.75927960873,5.25
3,1,102,2.55350995064,5.25
3,1,103,1.1844329834,1.5
3,1,103,3.71589875221,1.5
3,1,104,0.742373585701,3.5
3,1,104,2.99426841736,3.5
3,1,105,0.868895709515,1.25
3,1,105,2.86904072762,1.25
3,1,106,1.03493964672,2.75
3,1,106,2.7099416256,1.875
3,2,2,3.95942926407,1.875
3,2,2,4.69870901108,3.25
3,2,5,4.71863698959,3.25
3,2,5,4.40631914139,5.25
3,2,6,4.07605791092,5.25
3,2,6,4.4092001915,6.0
3,2,7,5.22264623642,6.0
3,2,7,5.28410148621,6.0
3,2,8,4.72411632538,6.0
3,2,8,4.81929111481,4.5
3,2,9,3.53420162201,4.5
3,2,9,4.52583456039,4.0
3,2,10,3.9101061821,4.0
3,2,10,4.62712907791,4.125
3,2,11,3.84872221947,4.125
3,2,11,4.84046220779,5.25
3,2,12,3.96761155128,5.25
3,2,12,4.8273639679,5.0
3,2,13,3.93996810913,5.0
3,2,13,4.34308099747,3.25
3,2,14,3.22828435898,3.25
3,2,14,3.40054225922,2.5
3,2,26,2.77321243286,2.5
3,2,26,3.52473378181,4.0
3,2,27,2.85471010208,4.0
3,2,27,3.57090187073,4.0
3,2,28,2.56879425049,4.0
3,2,28,3.38287878036,5.25
3,2,29,2.51918196678,5.25
3,2,29,3.55753064156,3.25
3,2,30,2.51161146164,3.25
3,2,30,3.72002530098,3.25
3,2,31,2.54744696617,3.25
3,2,31,3.63906860352,3.25
3,2,32,2.61474275589,3.25
3,2,32,3.1161365509,3.5
3,2,34,2.62269115448,3.5
3,2,34,3.32775521278,3.875
3,2,35,2.56738567352,3.875
3,2,35,3.42030215263,2.75
3,2,36,2.18868684769,2.75
3,2,36,3.29685592651,2.25
3,2,37,2.96533441544,2.25
3,2,37,3.3714697361,3.25
3,2,38,2.79257011414,3.25
3,2,38,3.20021033287,4.25
3,2,39,2.33565807343,4.25
3,2,39,3.46771788597,2.75
3,2,40,2.8286883831,2.75
3,2,40,3.87333846092,3.5
3,2,41,2.69524669647,3.5
3,2,41,3.40917396545,2.5
3,2,42,2.5944917202,2.5
3,2,42,2.89673304558,4.0
3,2,43,2.58477020264,4.0
3,2,43,3.52344703674,5.0
3,2,44,3.56488275528,5.0
3,2,44,3.03824543953,3.25
3,2,45,2.78558659554,3.25
3,2,45,3.03929281235,4.5
3,2,46,2.43481516838,4.5
3,2,46,2.85473632812,3.875
3,2,47,2.43921232224,3.875
3,2,47,4.66879940033,4.25
3,2,48,3.61702036858,4.25
3,2,48,3.83258080482,3.75
3,2,50,2.68243408203,3.75
3,2,50,3.44044804573,4.0
3,2,51,2.92559432983,4.0
3,2,51,3.51880192757,1.5
3,2,52,2.19285321236,1.5
3,2,52,3.70939970016,4.5
3,2,53,1.88744413853,4.5
3,2,53,3.78645181656,3.33333
3,2,55,3.05816364288,3.33333
3,2,55,4.10606908798,3.25
3,2,56,2.48767447472,3.25
3,2,56,2.3661198616,0.0
3,2,59,3.4216594696,0.0
3,2,59,4.13756275177,3.75
3,2,60,3.87542152405,3.75
3,2,60,4.24444627762,4.25
3,2,61,3.68071842194,4.25
3,2,61,4.55599594116,5.25
3,2,62,4.21223306656,5.25
3,2,62,3.79075956345,1.25
3,2,63,3.85028457642,1.25
3,2,63,4.24699354172,2.375
3,2,64,3.49672722816,2.375
3,2,64,4.68453216553,3.75
3,2,66,3.72547149658,3.75
3,2,66,3.30636072159,5.25
3,2,67,3.10286068916,5.25
3,2,67,4.80588197708,5.5
3,2,68,3.81086921692,5.5
3,2,68,4.1175775528,1.25
3,2,69,3.7933819294,1.25
3,2,69,3.84257173538,3.66667
3,2,70,3.6071062088,3.66667
3,2,70,4.3740644455,2.375
3,2,71,3.50957942009,2.375
3,2,71,3.83873391151,3.75
3,2,73,2.82687497139,3.75
3,2,73,3.49386310577,2.75
3,2,78,2.50901699066,2.75
3,2,78,3.79147791862,3.75
3,2,79,2.55958819389,3.75
3,2,79,3.8550889492,4.75
3,2,80,2.42088603973,4.75
3,2,80,3.84715199471,4.375
3,2,81,2.29880023003,4.375
3,2,81,3.84665036201,3.25
3,2,82,2.13661122322,3.25
3,2,82,4.00495910645,4.25
3,2,83,2.27109289169,4.25
3,2,83,3.81559729576,4.0
3,2,84,2.1980407238,4.0
3,2,84,3.91034030914,3.25
3,2,85,1.828535676,3.25
3,2,85,3.68607354164,2.75
3,2,86,2.67078471184,2.75
3,2,86,3.89742970467,3.75
3,2,87,2.46459579468,3.75
3,2,87,3.71916389465,4.0
3,2,88,3.10726857185,4.0
3,2,88,4.13929176331,4.25
3,2,90,2.10254669189,4.25
3,2,90,3.27216768265,4.5
3,2,91,2.69751548767,4.5
3,2,91,3.97138357162,3.75
3,2,94,2.97331380844,3.75
3,2,94,3.99438667297,1.5
3,2,95,2.65238618851,1.5
3,2,95,3.83931803703,3.125
3,2,96,1.87967538834,3.125
3,2,96,4.00870513916,5.0
3,2,97,2.57431030273,5.0
3,2,97,3.6812889576,4.5
3,2,98,2.46499180794,4.5
3,2,98,3.72333550453,2.625
3,2,99,2.26726651192,2.625
3,2,99,4.0051817894,1.25
3,2,100,2.74787211418,1.25
3,2,100,3.70305323601,3.125
3,2,101,2.86186122894,3.125
3,2,101,3.6820397377,2.0
3,2,102,3.03290128708,2.0
3,2,102,3.77196550369,4.0
3,2,103,3.34916758537,4.0
3,2,103,4.013692379,3.5
3,2,104,2.41718459129,3.5
3,2,104,3.36972975731,3.5
3,2,105,2.23504734039,3.5
3,2,105,3.67441034317,3.5
3,2,106,2.38275456429,3.5
3,2,106,3.55750751495,4.625
3,2,107,2.76700377464,4.625
3,2,107,4.05563640594,4.0
3,2,108,1.81019198895,4.0
3,2,108,3.81613254547,4.25
3,2,110,2.5186047554,4.25
3,2,110,3.79967212677,3.5
3,2,111,1.13653552532,3.5
3,2,111,3.58949565887,3.0
4,1,23,1.27852427959,1.0
4,1,23,4.35309648514,1.0
4,1,30,3.42373251915,1.125
4,1,30,3.41220784187,1.125
4,1,31,1.19676911831,2.25
4,1,31,3.48003697395,2.25
4,1,32,1.68881869316,1.5
4,1,32,2.7890651226,1.5
4,1,33,1.57042181492,1.5
4,1,33,3.01885557175,1.5
4,1,34,2.75813388824,1.5
4,1,34,2.6878247261,1.5
4,1,35,-0.341136336327,1.75
4,1,35,3.07356357574,1.75
4,1,36,1.5239585638,0.875
4,1,36,2.2926595211,0.875
4,1,37,2.17600393295,2.25
4,1,37,2.23392915726,2.25
4,1,38,2.81257033348,2.5
4,1,38,3.12138962746,2.5
4,1,39,3.59495067596,2.5
4,1,39,2.63671374321,2.5
4,1,40,0.446212381124,4.0
4,1,40,3.31376981735,4.0
4,1,41,3.64002966881,2.5
4,1,41,3.20498037338,2.5
4,1,42,1.88161170483,1.75
4,1,42,4.20959424973,1.75
4,1,45,3.23777413368,2.125
4,1,45,3.19434261322,2.125
4,1,46,2.52371191978,3.75
4,1,46,3.91394472122,3.75
4,1,48,1.55360341072,1.5
4,1,48,2.84660840034,1.5
4,1,49,2.55472159386,4.25
4,1,49,3.34724497795,4.25
4,1,50,1.45379769802,2.0
4,1,50,2.6235499382,2.0
4,1,51,2.52913928032,2.75
4,1,51,3.03292536736,2.75
4,1,52,3.85068631172,3.25
4,1,52,2.83638501167,3.25
4,1,54,2.604585886,3.375
4,1,54,3.94884514809,3.375
4,1,55,1.1665096283,2.5
4,1,55,3.61738991737,2.5
4,1,56,1.05113220215,2.0
4,1,56,3.25212788582,2.0
4,1,57,0.67138916254,2.75
4,1,57,3.58676147461,2.75
4,1,58,0.575052797794,2.25
4,1,58,3.04237413406,2.25
4,1,59,2.78501033783,1.875
4,1,59,2.55256438255,1.875
4,1,63,2.70294523239,1.0
4,1,63,3.60406351089,1.0
4,1,64,3.13905215263,3.5
4,1,64,4.81695508957,3.5
4,1,65,1.80459070206,4.75
4,1,65,3.09075880051,4.75
4,1,66,1.76436173916,1.0
4,1,66,3.40988326073,1.0
4,1,67,1.78458070755,1.75
4,1,67,3.42679667473,1.75
4,1,68,1.26592552662,5.0
4,1,68,4.04996776581,5.0
4,1,69,0.791181266308,5.5
4,1,69,4.18506860733,5.5
4,1,70,2.86571836472,5.25
4,1,70,4.58790636063,5.25
4,1,71,0.900936245918,2.125
4,1,71,5.30859661102,2.125
4,1,72,2.46073961258,3.25
4,1,72,4.94148635864,3.25
4,1,73,3.73570585251,4.25
4,1,73,5.09832143784,4.25
4,1,74,2.57508182526,3.5
4,1,74,4.57920789719,3.5
4,1,75,3.28979563713,4.75
4,1,75,4.29770421982,4.75
4,1,77,0.739120602608,2.625
4,1,77,3.90595459938,2.625
4,1,99,3.70616722107,2.375
4,1,99,2.37587594986,2.375
4,1,102,2.18291306496,1.5
4,1,102,3.12775111198,1.5
4,1,104,3.63336133957,1.25
4,1,104,1.44787979126,1.25
4,1,105,2.49099183083,3.625
4,1,105,2.58767056465,3.625
4,1,110,3.54434919357,4.0
4,1,110,1.09835612774,4.0
4,1,111,3.42153263092,3.5
4,1,111,2.13767695427,3.5
4,1,112,1.52339947224,1.0
7,1,1,3.5155749321,3.5
7,1,1,4.02177047729,3.5
7,1,2,3.53291869164,5.5
7,1,2,4.85516881943,5.5
7,1,3,3.88609957695,4.75
7,1,3,4.1027674675,4.75
7,1,4,4.82634353638,3.25
7,1,4,3.65804743767,3.25
7,1,5,4.58949995041,4.75
7,1,5,4.08291149139,4.75
7,1,7,3.7366669178,2.25
7,1,7,4.07622861862,2.25
7,1,8,4.15825414658,4.5
7,1,8,4.14293479919,4.5
7,1,9,3.32937812805,2.0
7,1,9,3.9489672184,2.0
7,1,10,3.15680837631,2.75
7,1,10,3.08206224442,2.75
7,1,11,3.04985189438,1.75
7,1,11,4.54873752594,1.75
7,1,12,2.99951314926,5.0
7,1,12,3.61192297935,5.0
7,1,13,3.03880214691,3.0
7,1,13,3.30997848511,3.0
7,1,14,2.55896544456,2.25
7,1,14,3.61560106277,2.25
7,1,18,3.20532107353,6.0
7,1,18,5.31692075729,6.0
7,1,19,3.70996117592,4.75
7,1,19,4.95875644684,4.75
7,1,20,4.18374109268,5.25
7,1,20,3.78872728348,5.25
7,1,22,3.75029993057,3.75
7,1,22,5.15489673615,3.75
7,1,23,2.76813936234,4.0
7,1,23,4.19915246964,4.0
7,1,24,3.28560233116,5.0
7,1,24,4.90378046036,5.0
7,1,25,3.22063350677,4.5
7,1,25,4.41423559189,4.5
7,1,26,3.70160317421,3.0
7,1,26,4.13719844818,3.0
7,1,27,3.99140739441,4.25
7,1,27,4.67116975784,4.25
7,1,28,3.30226492882,5.25
7,1,28,4.55157661438,5.25
7,1,29,3.31413269043,4.25
7,1,29,4.34245586395,4.25
7,1,30,2.95201444626,3.0
7,1,30,4.03528881073,3.0
7,1,31,3.7252407074,4.5
7,1,31,2.99980115891,4.5
7,1,32,4.32115411758,3.75
7,1,32,4.14174556732,3.75
7,1,33,5.10009622574,4.75
7,1,33,4.31675624847,4.75
7,1,34,2.55332159996,5.5
7,1,34,3.64750313759,5.5
7,1,35,3.41443395615,6.0
7,1,35,3.30790114403,6.0
7,1,36,3.88378310204,4.25
7,1,36,4.4226770401,4.25
7,1,37,5.09610652924,4.25
7,1,37,4.5393705368,4.25
7,1,38,2.48440527916,3.5
7,1,38,3.43578839302,3.5
7,1,39,4.32240819931,5.5
7,1,39,4.01592206955,5.5
7,1,40,3.01809310913,5.5
7,1,40,4.99499845505,5.5
7,1,41,4.20837497711,4.75
7,1,41,4.22743272781,4.75
7,1,42,3.02073764801,3.0
7,1,42,3.81413507462,3.0
7,1,43,3.69427514076,3.5
7,1,43,4.21306228638,3.5
7,1,44,4.34130048752,6.25
7,1,44,2.37065410614,6.25
7,1,45,3.25107908249,4.5
7,1,45,3.11148047447,4.5
7,1,46,2.85575056076,4.0
7,1,46,3.59197044373,4.0
7,1,47,2.35670232773,4.5
7,1,47,3.35072445869,4.5
7,1,48,3.22415041924,1.5
7,1,48,3.98503661156,1.5
7,1,49,3.32165503502,4.5
7,1,49,3.52568793297,4.5
7,1,50,3.07929110527,5.0
7,1,50,4.01250267029,5.0
7,1,51,3.47314691544,3.5
7,1,51,2.58716869354,3.5
7,1,52,3.75114512444,0.75
7,1,52,4.15401887894,0.75
7,1,53,4.50407171249,5.5
7,1,53,4.12204694748,5.5
7,1,55,4.01677799225,2.5
7,1,55,4.16072797775,2.5
7,1,57,4.08582639694,4.25
7,1,57,4.14179182053,4.25
7,1,58,2.42857646942,6.0
7,1,58,4.20386219025,6.0
7,1,59,2.80975461006,5.25
7,1,59,3.53198623657,5.25
7,1,60,2.61473679543,3.25
7,1,60,3.8234026432,3.25
7,1,61,2.13472747803,5.0
7,1,61,2.50588917732,5.0
7,1,62,3.06837153435,4.5
7,1,62,3.00453662872,4.5
7,1,63,2.86839199066,5.5
7,1,63,4.22669315338,5.5
7,1,64,1.38299846649,5.0
7,1,64,3.68084096909,5.0
7,1,65,1.87366402149,5.25
7,1,65,1.82935774326,5.25
7,1,66,3.2166454792,4.25
7,1,66,3.39466166496,4.25
7,1,67,1.17070305347,4.75
7,1,67,1.90551829338,4.75
7,1,68,1.96087706089,4.25
7,1,68,2.75357508659,4.25
7,1,69,3.40669178963,5.5
7,1,69,2.73003029823,5.5
7,1,70,3.50336647034,5.5
7,1,70,3.35647678375,5.5
7,1,71,3.23870873451,4.75
7,1,71,3.58935260773,4.75
7,1,72,2.73607444763,2.0
7,1,72,2.51576375961,2.0
7,1,73,2.95415449142,1.0
7,1,73,2.7070376873,1.0
7,1,74,2.76514148712,4.25
7,1,74,3.33280062675,4.25
7,1,75,3.43545246124,4.75
7,1,75,3.14902424812,4.75
7,1,76,2.73032736778,2.75
7,1,76,3.08912944794,2.75
7,1,78,3.97113013268,4.0
7,1,78,2.81510710716,4.0
7,1,79,3.66595721245,3.0
7,1,79,2.96423149109,3.0
7,1,80,2.43919324875,2.0
7,1,80,3.7415060997,2.0
7,1,81,4.89705324173,4.0
7,1,81,2.42967557907,4.0
7,1,82,3.07542085648,5.25
7,1,82,2.41842484474,5.25
7,1,83,4.50849723816,4.75
7,1,83,2.41655778885,4.75
7,1,84,2.38309431076,4.75
7,1,84,3.89054751396,4.75
7,1,86,3.93545150757,3.25
7,1,86,2.83634471893,3.25
7,1,88,2.8401196003,6.5
7,1,88,4.37341451645,6.5
7,1,90,5.03090715408,4.0
7,1,90,2.64983105659,4.0
7,1,92,2.97197532654,5.75
7,1,92,3.20848655701,5.75
7,1,93,4.50438451767,4.25
7,1,93,3.76728630066,4.25
7,1,94,4.32751369476,3.0
7,1,94,3.43916225433,3.0
7,1,95,5.43844127655,4.75
7,1,95,4.44802904129,4.75
7,1,96,4.65747880936,5.5
7,1,96,4.4474864006,5.5
7,1,97,4.60211086273,5.5
7,1,97,3.36828541756,5.5
7,1,98,2.86239504814,3.25
7,1,98,3.38635444641,3.25
7,1,101,4.06172323227,4.0
7,1,101,3.20646429062,4.0
7,1,102,4.03992366791,4.25
7,1,102,3.54035973549,4.25
7,1,103,4.49176740646,3.25
7,1,103,2.66723561287,3.25
7,1,104,2.24526000023,4.75
7,1,104,1.5424400568,4.75
7,1,105,1.67699444294,4.75
7,1,105,2.89238142967,4.75
7,1,106,3.79675889015,4.75
7,1,106,3.95622444153,4.75
7,1,109,3.98254680634,6.25
7,1,109,2.98313760757,4.25
7,2,1,3.94521474838,4.25
7,2,1,3.01327013969,2.75
7,2,2,3.23632502556,2.75
7,2,2,3.26459574699,5.75
7,2,3,4.62118577957,5.75
7,2,3,3.06751489639,3.0
7,2,4,3.88060331345,3.0
7,2,4,2.676820755,3.25
7,2,5,3.77912425995,3.25
7,2,5,4.38207292557,4.0
7,2,6,4.43329763412,4.0
7,2,6,3.14649486542,5.0
7,2,7,4.54764604568,5.0
7,2,7,2.74306607246,4.0
7,2,8,3.58333015442,4.0
7,2,8,2.70068049431,4.0
7,2,9,3.59652471542,4.0
7,2,9,3.37069773674,4.0
7,2,10,4.23900413513,4.0
7,2,10,1.712490201,2.75
7,2,11,3.30501794815,2.75
7,2,11,2.80632615089,4.25
7,2,12,3.94887781143,4.25
7,2,12,3.59936141968,4.75
7,2,13,2.96936392784,4.75
7,2,13,2.8805565834,5.5
7,2,14,4.83596324921,5.5
7,2,14,3.01302051544,5.0
7,2,16,4.81088209152,5.0
7,2,16,3.40988850594,6.0
7,2,17,1.79769861698,6.0
7,2,17,3.47341609001,3.5
7,2,18,4.74272871017,3.5
7,2,18,3.98344302177,4.5
7,2,19,4.20592594147,4.5
7,2,19,3.3335108757,5.5
7,2,20,2.87603902817,5.5
7,2,20,3.16079759598,1.5
7,2,21,3.72928595543,1.5
7,2,21,2.64386224747,3.0
7,2,22,2.78658103943,3.0
7,2,22,3.53381967545,1.75
7,2,23,3.8502035141,1.75
7,2,23,3.79286074638,3.75
7,2,24,4.03839921951,3.75
7,2,24,3.10256004333,4.75
7,2,25,2.74920892715,4.75
7,2,25,3.70318984985,4.25
7,2,26,4.2052359581,4.25
7,2,26,4.030189991,4.25
7,2,27,4.23040342331,4.25
7,2,27,1.9294359684,5.75
7,2,28,3.89702177048,5.75
7,2,28,3.84432864189,1.75
7,2,29,3.29523563385,1.75
7,2,29,3.2409787178,3.0
7,2,30,2.44617342949,3.0
7,2,30,3.28997802734,3.75
7,2,31,4.47771501541,3.75
7,2,31,2.19040298462,4.5
7,2,32,2.98175668716,4.5
7,2,32,3.48121643066,1.5
7,2,33,2.52375006676,1.5
7,2,33,2.17763209343,4.25
7,2,34,3.59651064873,4.25
7,2,34,2.22819185257,3.5
7,2,35,4.1703619957,3.5
7,2,35,2.09074640274,2.5
7,2,36,2.53745436668,2.5
7,2,36,3.54208111763,3.5
7,2,37,4.12015724182,3.5
7,2,37,2.37342047691,5.25
7,2,38,2.59985303879,5.25
7,2,38,2.63513803482,4.0
7,2,39,2.38342189789,4.0
7,2,39,2.39246678352,5.25
7,2,40,4.11014080048,5.25
7,2,40,2.90125155449,3.0
7,2,42,3.04715967178,3.0
7,2,42,3.06134796143,2.75
7,2,43,2.96364808083,2.75
7,2,43,2.12766194344,4.5
7,2,44,3.34645557404,4.5
7,2,44,2.4779214859,2.5
7,2,45,3.61207461357,2.5
7,2,45,2.59843611717,4.75
7,2,46,2.68196463585,4.75
7,2,46,3.67965364456,4.0
7,2,47,4.36763048172,4.0
7,2,47,2.15177464485,3.75
7,2,48,2.69182515144,3.75
7,2,48,2.76689434052,4.0
7,2,49,2.58661961555,4.0
7,2,49,3.20777916908,4.25
7,2,50,3.43251681328,4.25
7,2,50,1.79810488224,4.75
7,2,51,3.7623257637,4.75
7,2,51,3.95098733902,3.25
7,2,52,3.75924777985,3.25
7,2,52,2.49688458443,5.0
7,2,53,3.24394083023,5.0
7,2,53,2.43133687973,4.0
7,2,55,3.64230799675,4.0
7,2,55,3.27721738815,4.75
7,2,56,3.84106826782,4.75
7,2,56,3.57339143753,1.5
7,2,57,3.65330171585,1.5
7,2,57,2.34397935867,4.0
7,2,58,3.13072013855,4.0
7,2,58,2.39362978935,4.0
7,2,60,3.03975343704,4.0
7,2,60,1.43639171124,5.5
7,2,61,2.87852859497,5.5
7,2,61,2.86785078049,5.25
7,2,63,3.16022372246,5.25
7,2,63,2.7441265583,3.25
7,2,64,3.31844139099,3.25
7,2,64,3.15496659279,5.0
7,2,65,2.88010668755,5.0
7,2,65,1.98126661777,5.5
7,2,66,2.96044301987,5.5
7,2,66,1.97138226032,6.5
7,2,68,3.64356827736,6.5
7,2,68,3.65828847885,4.25
7,2,69,3.38646578789,4.25
7,2,69,3.35548830032,3.25
7,2,70,3.69981741905,3.25
7,2,70,3.3470480442,4.0
7,2,71,1.75954139233,4.0
7,2,71,3.61019134521,4.25
7,2,72,3.60988974571,4.25
7,2,72,3.15452265739,3.25
7,2,73,2.17455935478,3.25
7,2,73,3.24659442902,2.5
7,2,74,3.30666875839,2.5
7,2,74,3.10073399544,3.5
7,2,75,3.20612549782,3.5
7,2,75,3.18016576767,4.5
7,2,76,3.18540692329,4.5
7,2,76,2.40798139572,4.25
7,2,77,3.41771006584,4.25
7,2,77,1.82216453552,5.0
7,2,78,3.15121722221,5.0
7,2,78,3.62669467926,4.0
7,2,80,3.61667251587,4.0
7,2,80,4.74936723709,3.25
7,2,82,3.48463726044,3.25
7,2,82,2.24071907997,5.0
7,2,83,3.07339882851,5.0
7,2,83,2.49462962151,3.75
7,2,84,2.60928034782,3.75
7,2,84,2.67609024048,2.5
7,2,85,2.73179364204,2.5
7,2,85,1.94081842899,2.5
7,2,86,3.67198324203,2.5
7,2,86,1.57374727726,4.5
7,2,87,2.77879714966,4.5
7,2,87,1.65190732479,5.0
7,2,88,3.1993458271,5.0
7,2,88,1.81823468208,3.0
7,2,89,3.25258207321,3.0
7,2,89,2.04809498787,4.0
7,2,90,2.92047786713,4.0
7,2,90,2.89329314232,3.75
7,2,91,3.8624150753,3.75
7,2,91,3.20511245728,4.66667
7,2,92,2.8337495327,4.66667
7,2,92,2.29817962646,4.75
7,2,93,2.54450821877,4.75
7,2,93,1.04706788063,3.25
7,2,94,2.27217149734,3.25
7,2,94,2.88836526871,2.5
7,2,95,3.61146736145,2.5
7,2,95,2.61199140549,3.5
7,2,96,3.30298233032,3.5
7,2,96,2.19418978691,3.0
7,2,97,2.72501063347,3.0
7,2,97,2.77345132828,3.75
7,2,98,3.86482477188,3.75
7,2,98,2.69555473328,4.25
7,2,99,2.55613017082,4.25
7,2,99,1.88165283203,1.75
7,2,100,2.34781384468,1.75
7,2,100,3.15113973618,5.25
7,2,102,2.96270561218,5.25
7,2,102,2.8149433136,4.25
7,2,103,3.66703772545,4.25
7,2,103,3.09774851799,3.5
7,2,104,2.73026585579,3.5
7,2,104,2.58149647713,3.0
7,2,105,3.40839290619,3.0
7,2,105,3.48097848892,6.25
7,2,106,3.77499628067,6.25
7,2,106,3.13141918182,4.5
7,2,107,3.33096575737,4.5
7,2,107,2.33180975914,5.5
7,2,108,3.3103621006,5.5
7,2,108,1.27224469185,5.25
7,2,109,2.81130671501,5.25
7,2,109,0.674556493759,4.75
8,1,9,3.35611701012,2.0
8,1,9,3.09048056602,2.0
8,1,10,2.55139899254,1.75
8,1,10,2.71792960167,1.75
8,1,16,3.158608675,2.75
8,1,16,2.70467710495,2.75
8,1,17,5.30618858337,3.25
8,1,17,2.4542183876,3.25
8,1,18,4.18772935867,3.75
8,1,18,2.62529945374,3.75
8,1,20,3.78806829453,2.5
8,1,20,2.2196290493,2.5
8,1,21,3.86325788498,1.75
8,1,21,2.24400901794,1.75
8,1,22,3.45673775673,3.5
8,1,22,2.74740147591,3.5
8,1,27,3.90152072906,2.0
8,1,27,2.6005730629,2.0
8,1,30,3.28053307533,2.5
8,1,30,1.81759810448,2.5
8,1,54,2.826628685,3.0
8,1,54,1.46871042252,3.0
8,1,58,3.52043366432,1.0
8,1,58,2.24780249596,1.0
8,1,68,3.9427857399,1.5
8,1,68,3.64241242409,1.5
8,1,73,4.11750555038,2.75
8,1,73,2.95804834366,2.75
8,1,74,2.8389840126,2.5
8,1,74,2.12070870399,2.5
8,1,75,4.41088581085,3.0
8,1,75,2.79994940758,3.0
8,1,76,3.67579889297,1.0
8,1,76,2.03338718414,1.0
8,1,77,5.03161525726,3.25
8,1,77,1.62097740173,3.25
8,1,78,4.47666358948,2.75
8,1,78,1.56691503525,2.75
8,1,79,3.8826622963,2.0
8,1,79,1.08898162842,2.0
8,1,80,3.69601535797,1.75
8,1,80,1.90025579929,1.75
8,1,81,3.27241325378,2.25
8,1,81,2.585044384,2.25
8,1,82,4.63015413284,1.75
8,1,82,1.58089005947,1.75
8,1,85,4.26075839996,2.0
8,1,85,1.83850061893,2.0
8,1,88,3.65126919746,2.25
8,1,88,1.54183518887,2.25
8,1,89,4.39086723328,3.5
8,1,89,3.35649013519,3.25
8,2,4,3.81885790825,3.25
8,2,4,1.98407244682,3.75
8,2,5,3.40123128891,3.75
8,2,5,3.30692982674,1.5
8,2,7,3.39245390892,1.5
8,2,7,3.3146173954,4.25
8,2,8,3.95995402336,4.25
8,2,8,2.15258002281,2.0
8,2,9,2.53498220444,2.0
8,2,9,4.0973815918,3.0
8,2,11,3.62554001808,3.0
8,2,11,3.30006766319,2.25
8,2,15,2.30257034302,2.25
8,2,15,2.04781603813,4.0
8,2,16,4.60404729843,4.0
8,2,16,2.7102200985,3.5
8,2,18,2.05515956879,3.5
8,2,18,2.717274189,3.75
8,2,20,4.15017271042,3.75
8,2,20,2.16712808609,2.25
8,2,21,2.05703878403,2.25
8,2,21,2.13647866249,2.25
8,2,22,2.64170241356,2.25
8,2,22,2.33221364021,2.5
8,2,23,3.48356938362,2.5
8,2,23,3.40314173698,3.0
8,2,24,3.80866789818,3.0
8,2,24,2.37847661972,4.0
8,2,27,2.60477542877,4.0
8,2,27,2.50729179382,2.5
8,2,28,2.69197463989,2.5
8,2,28,2.6961710453,4.75
8,2,29,4.79025745392,4.75
8,2,29,3.2608165741,4.25
8,2,30,3.21332120895,4.25
8,2,30,2.6031832695,2.75
8,2,31,2.45813632011,2.75
8,2,31,1.73583221436,4.0
8,2,32,3.02762699127,4.0
8,2,32,1.97040498257,3.5
8,2,35,2.72284317017,3.5
8,2,35,0.998170852661,3.75
8,2,36,2.56893157959,3.75
8,2,36,2.14938473701,2.25
8,2,37,2.96328830719,2.25
8,2,37,2.2848508358,3.75
8,2,38,3.60959458351,3.75
8,2,38,1.61284554005,2.0
8,2,39,3.66293096542,2.0
8,2,39,1.98727011681,2.0
8,2,40,2.95748281479,2.0
8,2,40,2.09969496727,4.0
8,2,41,3.45909070969,4.0
8,2,41,2.21411180496,3.5
8,2,42,2.45910811424,3.5
8,2,42,1.01300382614,2.25
8,2,45,3.10794687271,2.25
8,2,45,2.84688520432,4.0
8,2,48,4.29286241531,4.0
8,2,48,3.75148749352,4.0
8,2,49,4.10031318665,4.0
8,2,49,2.21910881996,3.0
8,2,50,2.00816893578,3.0
8,2,50,3.32049703598,3.75
8,2,55,4.18780231476,3.75
8,2,55,3.51029324532,4.75
8,2,57,3.51324486732,4.75
8,2,57,3.98495459557,3.0
8,2,58,4.46706438065,3.0
8,2,58,2.85312652588,1.75
8,2,62,3.72247600555,1.75
8,2,62,1.72893691063,5.25
8,2,63,4.11528682709,5.25
8,2,63,2.04136133194,3.25
8,2,67,3.70045542717,3.25
8,2,67,3.50884532928,2.75
8,2,68,4.28678655624,2.75
8,2,68,3.17929506302,3.5
8,2,69,4.32831382751,3.5
8,2,69,3.28481793404,2.0
8,2,71,3.13065958023,2.0
8,2,71,4.10485982895,3.5
8,2,72,3.33309698105,3.5
8,2,72,2.95052528381,3.75
8,2,74,3.47180390358,3.75
8,2,74,2.69651389122,4.0
9,1,2,1.72352468967,5.25
9,1,2,4.008456707,5.25
9,1,3,2.49746847153,4.75
9,1,3,4.15532779694,4.75
9,1,4,2.87984633446,5.0
9,1,4,3.79939866066,5.0
9,1,5,2.88123774529,5.75
9,1,5,4.56450748444,5.75
9,1,6,2.88533830643,3.5
9,1,6,4.05272817612,3.5
9,1,7,2.3846681118,4.25
9,1,7,4.20346403122,4.25
9,1,8,3.57404303551,4.5
9,1,8,4.1850566864,4.5
9,1,12,2.86268281937,4.75
9,1,12,3.50473427773,4.75
9,1,16,3.24252533913,1.5
9,1,16,3.85193681717,1.5
9,1,17,2.68031644821,4.25
9,1,17,5.03281164169,4.25
9,1,18,2.11346030235,3.5
9,1,18,4.72470378876,3.5
9,1,19,2.53004789352,3.25
9,1,19,3.51871442795,3.25
9,1,20,1.95330476761,4.0
9,1,20,4.30282974243,4.0
9,1,21,1.8794811964,4.5
9,1,21,4.24479627609,4.5
9,1,22,2.20876932144,3.0
9,1,22,3.84475183487,3.0
9,1,23,2.73892855644,4.5
9,1,23,3.35427188873,4.5
9,1,24,2.44135904312,3.5
9,1,24,3.42694067955,3.5
9,1,25,2.33598423004,3.5
9,1,25,4.09339380264,3.5
9,1,26,2.48305916786,4.5
9,1,26,3.35999417305,4.5
9,1,27,2.45233464241,3.75
9,1,27,3.89428853989,3.75
9,1,28,2.57140088081,2.75
9,1,28,3.38898587227,2.75
9,1,29,2.08066272736,2.5
9,1,29,3.70128250122,2.5
9,1,30,2.47027134895,3.0
9,1,30,3.92660236359,3.0
9,1,31,2.1323299408,3.5
9,1,31,3.43615293503,3.5
9,1,32,2.15649747849,2.75
9,1,32,3.62671518326,2.75
9,1,33,2.17244672775,3.75
9,1,33,3.589802742,3.75
9,1,34,2.10122704506,3.25
9,1,34,3.45040082932,3.25
9,1,35,2.05559897423,3.5
9,1,35,3.74040937424,3.5
9,1,36,2.06338047981,3.5
9,1,36,3.95668506622,3.5
9,1,37,2.50197410583,4.5
9,1,37,3.86245346069,4.5
9,1,38,1.80000257492,3.5
9,1,38,3.38743543625,3.5
9,1,39,1.59649038315,2.75
9,1,39,4.02530527115,2.75
9,1,40,2.24370718002,2.25
9,1,40,3.44488048553,2.25
9,1,41,2.37674641609,3.0
9,1,41,3.38130068779,3.0
9,1,42,2.72798681259,4.0
9,1,42,3.60847830772,4.0
9,1,50,1.81729781628,3.5
9,1,50,3.52985692024,3.5
9,1,51,2.27205467224,3.5
9,1,51,3.45321798325,3.5
9,1,52,2.07758355141,2.75
9,1,52,3.36451935768,2.75
9,1,53,2.02035880089,3.0
9,1,53,3.13992142677,3.0
9,1,54,1.98185837269,2.75
9,1,54,2.91592931747,2.75
9,1,55,1.9874984026,3.5
9,1,55,3.46032190323,3.5
9,1,56,2.37351369858,3.75
9,1,56,3.23121976852,3.75
9,1,59,2.83162665367,2.75
9,1,59,2.84848093987,2.75
9,1,60,3.22765684128,4.0
9,1,60,3.41141843796,4.0
9,1,61,3.20054507256,3.5
9,1,61,3.64176058769,3.5
9,1,63,3.69029140472,3.25
9,1,63,3.07881045341,3.25
9,1,64,3.1173889637,4.25
9,1,64,2.71917271614,4.25
9,1,65,3.36519742012,2.0
9,1,65,3.11719465256,2.0
9,1,66,3.22513461113,4.75
9,1,66,3.57594704628,4.75
9,1,67,2.52810740471,4.25
9,1,67,2.92871379852,4.25
9,1,68,3.00416851044,3.5
9,1,68,3.57264614105,3.5
9,1,69,2.47983193398,5.5
9,1,69,3.89472651482,5.5
9,1,72,2.11348223686,3.75
9,1,72,4.01627731323,3.75
9,1,73,2.60418629646,3.25
9,1,73,3.59696364403,3.25
9,1,74,1.96196472645,3.0
9,1,74,4.20232152939,3.0
9,1,75,2.3379585743,2.5
9,1,75,3.78944301605,2.5
9,1,76,2.49520730972,4.0
9,1,76,3.89644598961,4.0
9,1,77,2.65180802345,3.25
9,1,77,4.10492372513,3.25
9,1,78,1.95672059059,3.5
9,1,78,3.76547288895,3.5
9,1,79,2.31026148796,4.0
9,1,79,3.65997743607,4.0
9,1,81,2.96573972702,2.25
9,1,81,3.27456760406,2.25
9,1,82,2.20722842216,4.0
9,1,82,3.54011559486,4.0
9,1,83,2.72461795807,4.25
9,1,83,3.5051472187,4.25
9,1,84,2.17521429062,3.0
9,1,84,3.1917860508,3.0
9,1,85,2.98209810257,4.75
9,1,85,3.59108781815,4.75
9,1,86,2.38918399811,4.0
9,1,86,3.3824570179,4.0
9,1,87,1.71638464928,3.25
9,1,87,3.18404865265,3.25
9,1,88,1.82601237297,3.25
9,1,88,3.24537348747,3.25
9,1,89,2.60279417038,2.75
9,1,89,3.47871780396,2.75
9,1,90,1.44898247719,2.75
9,1,90,3.33215594292,2.75
9,1,91,2.05500602722,3.75
9,1,91,3.15843105316,3.75
9,1,92,1.82961094379,4.0
9,1,92,2.91662287712,4.0
9,1,93,1.98139965534,3.25
9,1,93,3.3921289444,3.25
9,1,94,2.93155217171,3.0
9,1,94,3.22018003464,3.0
9,1,95,1.91780638695,4.25
9,1,95,3.19699954987,4.25
9,1,96,2.23988223076,4.25
9,1,96,2.83914089203,4.25
9,1,97,2.59792804718,3.5
9,1,97,3.27731800079,3.5
9,1,98,2.01055049896,2.25
9,1,98,2.61534500122,2.25
9,1,99,1.92765700817,3.0
9,1,99,3.2072365284,3.0
9,1,100,2.13039588928,4.25
9,1,100,3.33641219139,4.25
9,1,101,2.01997971535,2.25
9,1,101,3.3098859787,2.25
9,1,102,2.06590819359,3.75
9,1,102,3.05580186844,3.75
9,1,103,2.06411123276,2.25
9,1,103,3.31553483009,2.25
9,1,104,2.44661736488,3.0
9,1,104,2.97044491768,3.0
9,1,105,2.23480844498,3.75
9,1,105,3.70113396645,3.75
9,1,106,2.48224592209,4.0
9,1,106,3.21321129799,4.0
9,1,107,2.12425994873,4.25
9,1,107,3.34727454185,4.25
9,1,110,2.02224230766,4.25
9,1,110,3.84689974785,4.25
9,1,111,2.21507740021,3.0
9,1,111,3.54101872444,4.0
9,2,2,4.29496431351,4.0
9,2,2,2.94169473648,4.5
9,2,3,4.14300918579,4.5
9,2,3,3.12520742416,5.25
9,2,4,3.70761299133,5.25
9,2,4,2.74884581566,5.5
9,2,5,2.97227716446,5.5
9,2,5,2.20358252525,5.75
9,2,6,3.44065189362,5.75
9,2,6,3.14357876778,5.25
9,2,7,3.89670348167,5.25
9,2,7,3.54065704346,4.5
9,2,8,3.70555090904,4.5
9,2,8,4.37960958481,5.75
9,2,9,3.63523364067,5.75
9,2,9,5.10886096954,4.75
9,2,10,4.56529998779,4.75
9,2,10,4.48086309433,4.5
9,2,11,3.84895372391,4.5
9,2,11,4.13045883179,5.5
9,2,12,3.29251670837,5.5
9,2,12,2.58933448792,3.75
9,2,13,3.84785151482,3.75
9,2,13,2.17738389969,2.75
9,2,16,4.17613887787,2.75
9,2,16,2.11520910263,4.0
9,2,17,4.42373418808,4.0
9,2,17,1.48391842842,4.25
9,2,18,4.39510202408,4.25
9,2,18,1.98522460461,3.0
9,2,20,3.77811908722,3.0
9,2,20,2.41970658302,3.75
9,2,21,3.90414309502,3.75
9,2,21,2.03378558159,3.0
9,2,22,4.11683654785,3.0
9,2,22,1.89421093464,2.75
9,2,23,4.22393465042,2.75
9,2,23,2.01167178154,1.75
9,2,24,3.79904198647,1.75
9,2,24,2.53132152557,5.75
9,2,25,4.18324375153,5.75
9,2,25,1.85245192051,3.25
9,2,27,4.08396434784,3.25
9,2,27,2.83377838135,2.75
9,2,30,3.52917718887,2.75
9,2,30,1.98433113098,2.75
9,2,31,3.43565773964,2.75
9,2,31,2.13170981407,2.25
9,2,32,3.50721740723,2.25
9,2,32,1.87480282784,2.5
9,2,34,3.33044528961,2.5
9,2,34,2.34956216812,4.75
9,2,36,3.96234798431,4.75
9,2,36,1.9436044693,3.75
9,2,37,4.31980895996,3.75
9,2,37,1.63204109669,2.0
9,2,38,3.70756864548,2.0
9,2,38,2.22651600838,3.25
9,2,42,4.25830507278,3.25
9,2,42,2.38977503777,3.0
9,2,45,3.97852373123,3.0
9,2,45,2.67830181122,4.75
9,2,46,4.24044561386,4.75
9,2,46,2.51864862442,4.0
9,2,50,4.33085441589,4.0
9,2,50,2.0364587307,3.75
9,2,53,3.1091902256,3.75
9,2,53,3.16365671158,4.0
9,2,62,2.65253019333,4.0
9,2,62,2.76119923592,5.0
9,2,63,3.77677345276,5.0
9,2,63,2.36344337463,4.5
9,2,64,4.25438547134,4.5
9,2,64,3.42210578918,5.5
9,2,66,3.67565059662,5.5
9,2,66,3.55775904655,4.25
9,2,67,3.76981282234,4.25
9,2,67,3.01404309273,3.25
9,2,68,3.25799036026,3.25
9,2,68,3.69260144234,3.25
9,2,69,3.66083407402,3.25
9,2,69,3.39498233795,4.75
9,2,70,3.4141201973,4.75
9,2,70,3.61402726173,5.25
9,2,71,3.56124973297,5.25
9,2,71,2.04784989357,5.25
9,2,74,4.09051609039,5.25
9,2,74,2.91304421425,3.75
9,2,75,3.86729097366,3.75
9,2,75,2.02398014069,4.25
9,2,77,3.91699504852,4.25
9,2,77,2.89677786827,5.5
9,2,78,4.76530885696,5.5
9,2,78,2.40576791763,5.25
9,2,79,4.26456308365,5.25
9,2,79,2.71204376221,4.75
9,2,81,4.18846178055,4.75
9,2,81,2.38302063942,3.75
9,2,84,4.00646400452,3.75
9,2,84,3.20577311516,4.75
9,2,85,4.09308576584,4.75
9,2,85,2.37299704552,4.0
9,2,86,2.8523440361,4.0
9,2,86,2.62423920631,3.25
9,2,87,3.91599464417,3.25
9,2,87,2.71123695374,4.5
9,2,88,3.86529541016,4.5
9,2,88,2.14008593559,2.75
9,2,89,3.15613675117,2.75
9,2,89,2.78778529167,3.25
9,2,90,3.22784090042,3.25
9,2,90,1.9617177248,4.25
9,2,91,4.10625505447,4.25
9,2,91,3.1565592289,4.25
9,2,92,4.15708208084,4.25
9,2,92,2.02955961227,5.0
9,2,95,3.20124721527,5.0
9,2,95,2.089220047,3.0
9,2,96,3.89253687859,3.0
9,2,96,2.20793008804,4.5
9,2,98,4.53486013412,4.5
9,2,98,4.56745672226,5.75
9,2,100,4.1160774231,5.75
9,2,100,1.97404265404,3.0
9,2,103,4.25583171844,3.0
9,2,103,2.20697832108,3.25
9,2,104,4.36410331726,3.25
9,2,104,2.59469032288,4.5
9,2,105,4.39131736755,4.5
9,2,105,2.04321861267,3.75
9,2,107,3.70515632629,3.75
9,2,107,1.82429540157,4.25
9,2,108,4.11080265045,4.25
9,2,108,1.93998491764,2.25
9,2,109,3.22736573219,2.25
9,2,109,3.52614951134,4.5
10,1,4,4.21643352509,5.5
10,1,4,6.26686477661,5.5
10,1,5,4.18319225311,5.0
10,1,5,6.16909599304,5.0
10,1,6,3.90779471397,5.0
10,1,6,6.68834114075,5.0
10,1,7,3.58596634865,5.5
10,1,7,5.98823213577,5.5
10,1,8,4.50199222565,6.25
10,1,8,6.71817970276,6.25
10,1,9,4.40380811691,5.5
10,1,9,5.89812469482,5.5
10,1,10,4.28607082367,5.0
10,1,10,6.67367982864,5.0
10,1,11,4.48653459549,4.0
10,1,11,5.38625240326,4.0
10,1,12,4.27546787262,4.5
10,1,12,6.24932718277,4.5
10,1,13,4.12092685699,4.25
10,1,13,5.42689180374,4.25
10,1,14,4.89819002151,3.75
10,1,14,5.79904508591,3.75
10,1,20,4.23163127899,5.0
10,1,20,6.19514703751,5.0
10,1,21,4.26217937469,5.25
10,1,21,5.56840324402,5.25
10,1,22,3.78244400024,4.5
10,1,22,6.39422702789,4.5
10,1,24,3.23776865005,4.75
10,1,24,4.68114614487,4.75
10,1,25,3.37860107422,4.5
10,1,25,5.24800777435,4.5
10,1,26,3.48896789551,2.25
10,1,26,5.34117698669,2.25
10,1,27,3.78029298782,4.25
10,1,27,4.81756687164,4.25
10,1,28,3.52980566025,4.75
10,1,28,5.84288454056,4.75
10,1,29,3.94349360466,4.75
10,1,29,6.19285345078,4.75
10,1,30,4.16824865341,5.5
10,1,30,4.98317718506,5.5
10,1,31,3.56014108658,4.75
10,1,31,5.46353626251,4.75
10,1,32,2.72498083115,3.75
10,1,32,4.79036331177,3.75
10,1,33,4.28942298889,4.5
10,1,33,5.97284698486,4.5
10,1,36,3.43242478371,4.75
10,1,36,5.79439973831,4.75
10,1,39,3.71725988388,4.0
10,1,39,5.08118724823,4.0
10,1,42,3.64126014709,5.25
10,1,42,5.32873773575,5.25
10,1,43,3.92797112465,4.5
10,1,43,5.88006830215,4.5
10,1,44,4.32433748245,4.5
10,1,44,5.20218038559,4.5
10,1,45,2.78789710999,3.25
10,1,45,4.83859634399,3.25
10,1,46,4.47181129456,5.0
10,1,46,6.19762277603,5.0
10,1,47,3.93724370003,5.25
10,1,47,5.10600566864,5.25
10,1,48,3.74813580513,5.0
10,1,48,5.5566868782,5.0
10,1,49,3.52356338501,4.0
10,1,49,5.11475038528,4.0
10,1,50,3.7524831295,5.25
10,1,50,5.01416826248,5.25
10,1,51,3.50664925575,5.5
10,1,51,5.06156206131,5.5
10,1,52,3.49911999702,5.0
10,1,52,5.56282329559,5.0
10,1,53,4.31201410294,5.25
10,1,53,5.85319805145,5.25
10,1,55,3.44110226631,5.25
10,1,55,5.96847677231,5.25
10,1,56,2.97836565971,4.5
10,1,56,5.43666553497,4.5
10,1,57,3.05618977547,1.5
10,1,57,5.16943979263,1.5
10,1,61,4.83808469772,5.0
10,1,61,6.90695476532,5.0
10,1,62,4.87957525253,3.75
10,1,62,6.51946592331,3.75
10,1,63,5.14034938812,4.25
10,1,63,5.18749427795,4.25
10,1,64,4.70243883133,5.0
10,1,64,5.28674554825,5.0
10,1,65,5.12688350677,5.75
10,1,65,5.10528659821,5.75
10,1,66,4.9895772934,6.0
10,1,66,6.20754289627,6.0
10,1,67,5.0554151535,5.25
10,1,67,6.75853252411,5.25
10,1,68,4.99097824097,3.75
10,1,68,5.28500795364,3.75
10,1,69,5.73671722412,4.5
10,1,69,5.34779024124,4.5
10,1,72,4.3963432312,3.0
10,1,72,6.42271566391,3.0
10,1,73,3.99041891098,4.25
10,1,73,5.47099685669,4.25
10,1,74,4.10933637619,4.75
10,1,74,4.92998409271,4.75
10,1,75,4.01960611343,4.5
10,1,75,4.70487213135,4.5
10,1,76,3.63402366638,4.75
10,1,76,5.49347114563,4.75
10,1,77,4.50438833237,4.5
10,1,77,5.2758731842,4.5
10,1,78,5.50147771835,5.5
10,1,78,5.0229101181,5.5
10,1,79,3.49586033821,4.5
10,1,79,6.24179601669,4.5
10,1,80,4.42134141922,5.0
10,1,80,5.40070676804,5.0
10,1,81,3.2688024044,4.25
10,1,81,5.35015583038,4.25
10,1,82,2.85496330261,4.5
10,1,82,5.36242437363,4.5
10,1,83,2.62964773178,3.0
10,1,83,5.53576946259,3.0
10,1,84,3.04503083229,2.75
10,1,84,5.52949714661,2.75
10,1,85,3.05952906609,4.75
10,1,85,5.15606594086,4.75
10,1,86,3.05962228775,4.0
10,1,86,5.80844974518,4.0
10,1,87,4.00456571579,4.75
10,1,87,5.830327034,4.75
10,1,88,4.50910186768,5.5
10,1,88,5.77214765549,5.5
10,1,89,4.24759244919,5.25
10,1,89,6.06707286835,5.25
10,1,90,3.36180377007,3.75
10,1,90,5.21556758881,3.75
10,1,91,3.74024963379,4.5
10,1,91,5.36559534073,4.5
10,1,92,4.04815912247,5.0
10,1,92,4.95095443726,5.0
10,1,93,3.93891429901,4.0
10,1,93,5.76555871964,4.0
10,1,94,2.68221473694,5.0
10,1,94,5.2419629097,5.0
10,1,95,4.00668811798,4.75
10,1,95,5.74091386795,4.75
10,1,96,3.53470778465,4.5
10,1,96,6.03075456619,4.5
10,1,97,3.76254749298,3.75
10,1,97,5.03699827194,3.75
10,1,98,3.43486666679,4.5
10,1,98,4.17296075821,4.5
10,1,99,4.19849586487,5.25
10,1,99,5.9044752121,5.25
10,1,100,4.21742010117,4.0
10,1,100,4.31619930267,4.0
10,1,101,4.18803071976,5.5
10,1,101,5.88914966583,5.5
10,1,102,3.59080433846,5.0
10,1,102,4.35580396652,5.0
10,1,103,4.37331771851,3.75
10,1,103,5.10113811493,3.75
10,1,104,4.24455451965,4.5
10,1,104,5.477206707,4.5
10,1,105,3.88118839264,4.0
10,1,105,4.16026735306,4.0
10,1,106,3.69594931602,2.0
10,1,106,2.65564823151,2.0
10,1,107,3.58108735085,5.0
10,1,107,4.87303638458,5.0
10,1,108,4.28490209579,5.0
10,1,108,4.34086990356,3.75
10,2,3,6.61311912537,3.75
10,2,3,4.62962818146,6.25
10,2,4,7.02764511108,6.25
10,2,4,5.01134300232,5.5
10,2,5,7.04609918594,5.5
10,2,5,5.02980422974,5.25
10,2,6,6.44711971283,5.25
10,2,6,4.7290263176,5.25
10,2,7,6.72833013535,5.25
10,2,7,5.19403409958,5.75
10,2,8,6.4916229248,5.75
10,2,8,3.94527387619,3.25
10,2,9,5.16090154648,3.25
10,2,9,4.33217811584,5.25
10,2,10,6.01043844223,5.25
10,2,10,4.45686864853,4.5
10,2,11,6.30192136765,4.5
10,2,11,4.59421491623,4.25
10,2,12,6.52961492538,4.25
10,2,12,4.34541940689,5.25
10,2,13,5.69450712204,5.25
10,2,13,4.12619543076,5.25
10,2,14,6.57995843887,5.25
10,2,14,4.84563732147,5.75
10,2,15,6.19436073303,5.75
10,2,15,2.80727243423,4.5
10,2,19,6.27014875412,4.5
10,2,19,3.54578113556,2.75
10,2,20,5.7363615036,2.75
10,2,20,3.36571550369,5.5
10,2,21,5.92210149765,5.5
10,2,21,3.59549927711,5.5
10,2,22,5.35664081573,5.5
10,2,22,2.96418094635,5.0
10,2,23,4.81290864944,5.0
10,2,23,3.13738131523,3.5
10,2,26,6.03577280045,3.5
10,2,26,3.14400696754,4.5
10,2,28,4.85945463181,4.5
10,2,28,3.03131198883,5.0
10,2,29,4.41350793839,5.0
10,2,29,4.22903680801,5.75
10,2,30,5.56149148941,5.75
10,2,30,4.02267932892,4.75
10,2,33,5.4805431366,4.75
10,2,33,3.09800410271,3.75
10,2,36,5.16044187546,3.75
10,2,36,3.13166356087,5.0
10,2,37,5.48714780807,5.0
10,2,37,3.078384161,4.75
10,2,38,4.93421363831,4.75
10,2,38,3.87496781349,5.25
10,2,39,5.37575864792,5.25
10,2,39,4.39718770981,5.25
10,2,41,5.69878149033,5.25
10,2,41,3.26364207268,5.5
10,2,42,5.31562423706,5.5
10,2,42,2.95639395714,5.75
10,2,43,5.28164148331,5.75
10,2,43,3.4071161747,5.25
10,2,47,4.27331542969,5.25
10,2,47,5.84804725647,5.5
10,2,51,5.63943958282,5.5
10,2,51,5.73587369919,5.5
10,2,52,5.7154173851,5.5
10,2,52,5.42621421814,6.75
10,2,53,6.54774427414,6.75
10,2,53,5.21507692337,5.5
10,2,54,5.67956972122,5.5
10,2,54,4.51910591125,3.75
10,2,55,6.3547668457,3.75
10,2,55,4.7635884285,5.25
10,2,56,5.02137899399,5.25
10,2,56,5.38364505768,5.5
10,2,58,6.83562898636,5.5
10,2,58,4.69253587723,5.0
10,2,65,5.43162965775,5.0
10,2,65,3.84516906738,3.0
10,2,66,4.5004529953,3.0
10,2,66,4.59025144577,4.33333
10,2,67,4.98457336426,4.33333
10,2,67,4.82817792892,4.75
10,2,68,5.89893054962,4.75
10,2,68,5.08464479446,5.25
10,2,69,5.66654205322,5.25
10,2,69,4.62507534027,4.66667
10,2,70,6.19253778458,4.66667
10,2,70,3.98817634583,4.0
10,2,71,5.44723081589,4.0
10,2,71,4.3357129097,6.25
10,2,72,6.29402446747,6.25
10,2,72,3.89747834206,5.5
10,2,73,4.89883470535,5.5
10,2,73,4.66413402557,4.75
10,2,74,4.93775510788,4.75
10,2,74,4.86862039566,4.5
10,2,75,5.29206418991,4.5
10,2,75,4.37551021576,4.5
10,2,76,4.28800916672,4.5
10,2,76,3.63550209999,3.5
10,2,77,4.76906108856,3.5
10,2,77,4.63594961166,5.25
10,2,78,4.70011854172,5.25
10,2,78,4.19355344772,5.5
10,2,79,5.41444778442,5.5
10,2,79,2.9707930088,4.5
10,2,80,4.56508827209,4.5
10,2,80,3.56141161919,5.25
10,2,81,6.14580392838,5.25
10,2,81,4.81805706024,5.25
10,2,82,5.32900476456,5.25
10,2,82,3.87640452385,4.25
10,2,83,5.68387413025,4.25
10,2,83,4.0568318367,4.0
10,2,84,5.39964008331,4.0
10,2,84,3.35904932022,5.25
10,2,85,5.81578063965,5.25
10,2,85,4.85683393478,4.5
10,2,86,4.72983455658,4.5
10,2,86,4.43674135208,5.5
10,2,87,6.00413131714,5.5
10,2,87,4.48167037964,5.5
10,2,88,5.71994018555,5.5
10,2,88,3.21274089813,4.0
10,2,89,4.90501737595,4.0
10,2,89,3.43359279633,4.25
10,2,90,5.2781496048,4.25
10,2,90,3.62070298195,4.25
10,2,91,4.8209400177,4.25
10,2,91,3.9911673069,5.75
11,1,4,5.46580886841,5.75
11,1,4,6.01287031174,5.75
11,1,5,4.96799039841,4.5
11,1,5,4.84464645386,4.5
11,1,6,4.67679977417,5.0
11,1,6,4.52178764343,5.0
11,1,7,4.70463705063,4.25
11,1,7,5.41206884384,4.25
11,1,8,4.39616250992,4.25
11,1,8,5.88076066971,4.25
11,1,9,4.32180500031,4.0
11,1,9,5.67100906372,4.0
11,1,10,5.51983118057,4.66667
11,1,10,5.47789335251,4.66667
11,1,11,5.26674985886,4.5
11,1,11,5.99903917313,4.5
11,1,12,4.52136421204,5.5
11,1,12,5.46204137802,5.5
11,1,13,5.87959814072,5.25
11,1,13,5.92874622345,5.25
11,1,14,5.24213790894,4.25
11,1,14,5.17159509659,4.25
11,1,15,4.93358612061,3.5
11,1,15,5.00740480423,3.5
11,1,19,3.79309463501,6.25
11,1,19,5.84397602081,6.25
11,1,20,3.75096988678,5.5
11,1,20,5.44237279892,5.5
11,1,21,3.30237412453,4.25
11,1,21,5.56984090805,4.25
11,1,22,3.41956377029,6.25
11,1,22,5.62277030945,6.25
11,1,23,3.73902177811,5.75
11,1,23,5.67338752747,5.75
11,1,24,2.2398583889,3.25
11,1,24,6.10672140121,3.25
11,1,25,4.03748941422,5.0
11,1,25,5.93482303619,5.0
11,1,26,2.84921789169,4.0
11,1,26,5.908639431,4.0
11,1,27,3.59182596207,4.5
11,1,27,5.570271492,4.5
11,1,28,3.26979255676,4.5
11,1,28,6.26578092575,4.5
11,1,29,3.15677714348,5.5
11,1,29,6.15362119675,5.5
11,1,30,3.84930253029,4.25
11,1,30,5.92714452744,4.25
11,1,31,3.04897642136,5.5
11,1,31,5.74320363998,5.5
11,1,32,4.69481372833,4.25
11,1,32,6.00226545334,4.25
11,1,33,4.1427192688,5.0
11,1,33,5.34136819839,5.0
11,1,34,3.88236808777,4.5
11,1,34,6.27831459045,4.5
11,1,35,3.6014509201,4.5
11,1,35,5.85525465012,4.5
11,1,36,3.12512111664,5.0
11,1,36,5.53265762329,5.0
11,1,37,3.40905857086,3.75
11,1,37,5.81623983383,3.75
11,1,38,3.55109143257,4.5
11,1,38,6.23076963425,4.5
11,1,39,5.1924290657,5.0
11,1,39,5.19883489609,5.0
11,1,48,2.504758358,2.25
11,1,48,4.01742267609,2.25
11,1,50,4.92649316788,3.0
11,1,50,5.41931200027,3.0
11,1,51,3.92201137543,4.75
11,1,51,5.37630367279,4.75
11,1,57,4.5061173439,2.5
11,1,57,4.70287752151,2.5
11,1,62,3.47854208946,5.0
11,1,62,5.51514720917,5.0
11,1,63,4.64224624634,6.25
11,1,63,4.41605567932,6.25
11,1,64,4.20861530304,5.0
11,1,64,4.32691764832,5.0
11,1,66,4.17296504974,3.25
11,1,66,4.62660169601,3.25
11,1,68,4.35990571976,4.25
11,1,68,4.82402467728,4.25
11,1,69,4.04183387756,4.0
11,1,69,3.77542519569,4.0
11,1,70,4.28824949265,5.0
11,1,70,4.67290973663,5.0
11,1,73,4.91505432129,5.25
11,1,73,5.28216266632,5.25
11,1,75,4.70074796677,3.5
11,1,75,3.75883126259,3.5
11,1,76,4.41889858246,4.0
11,1,76,3.84199690819,4.0
11,1,77,4.88977336884,6.0
11,1,77,5.07833957672,6.0
11,1,78,3.08062791824,5.0
11,1,78,5.78508901596,5.0
11,1,79,4.08234930038,4.5
11,1,79,3.75124502182,4.5
11,1,80,3.29311299324,6.0
11,1,80,3.85855221748,6.0
11,1,81,4.54820489883,4.5
11,1,81,5.28926038742,4.5
11,1,82,4.18682956696,4.5
11,1,82,4.5590057373,4.5
11,1,83,3.41743087769,3.5
11,1,83,3.5858335495,3.5
11,1,84,3.88393425941,3.5
11,1,84,5.07195091248,3.5
11,1,87,3.99593806267,2.75
11,1,87,5.55105447769,2.75
11,1,88,4.69099473953,3.75
11,1,88,4.65376567841,3.75
11,1,90,3.49104142189,4.25
11,1,90,5.00336122513,4.25
11,1,91,3.92307758331,5.5
11,1,91,6.01291799545,5.5
11,1,93,4.32680892944,4.25
11,1,93,5.02241230011,4.25
11,1,94,4.52590465546,5.75
11,1,94,4.65532302856,5.75
11,1,95,3.75943398476,4.25
11,1,95,4.35907173157,4.25
11,1,96,4.64979553223,4.75
11,1,96,3.41375565529,4.75
11,1,97,3.53768277168,3.75
11,1,97,4.19734334946,3.75
11,1,98,4.38592100143,4.5
11,1,98,4.38262462616,4.5
11,1,99,3.15623855591,6.25
11,1,99,5.30450439453,5.0
11,2,3,4.42290830612,5.0
11,2,3,4.98193502426,4.0
11,2,4,5.29019784927,4.0
11,2,4,4.93790197372,2.25
11,2,5,4.27440547943,2.25
11,2,5,5.2343006134,5.5
11,2,6,4.53999900818,5.5
11,2,6,3.34107017517,0.75
11,2,7,4.77502727509,0.75
11,2,7,5.36634969711,5.0
11,2,8,4.89476585388,5.0
11,2,8,4.89256572723,3.5
11,2,9,4.96171760559,3.5
11,2,9,4.82795095444,4.75
11,2,10,4.36034440994,4.75
11,2,10,4.28946971893,2.25
11,2,12,4.68443584442,2.25
11,2,12,3.83089733124,3.75
11,2,17,5.61909151077,3.75
11,2,17,3.72382044792,4.0
11,2,18,5.26061105728,4.0
11,2,18,4.31528568268,5.25
11,2,19,6.30115365982,5.25
11,2,19,5.01041936874,4.75
11,2,20,5.37239980698,4.75
11,2,20,4.91215658188,6.25
11,2,21,5.67317676544,6.25
11,2,21,4.2712264061,3.75
11,2,22,5.7805056572,3.75
11,2,22,5.02600288391,5.75
11,2,23,5.81766605377,5.75
11,2,23,5.21866464615,5.0
11,2,24,5.65366601944,5.0
11,2,24,4.73246479034,5.0
11,2,25,4.87269926071,5.0
11,2,25,3.80821609497,3.5
11,2,26,5.20983934402,3.5
11,2,26,3.61083316803,5.5
11,2,27,6.02342700958,5.5
11,2,27,3.84775280952,4.5
11,2,28,6.06115150452,4.5
11,2,28,3.10174131393,4.75
11,2,29,5.51042938232,4.75
11,2,29,3.3073015213,4.0
11,2,30,5.79350423813,4.0
11,2,30,5.03628253937,5.0
11,2,31,5.59878873825,5.0
11,2,31,4.91160583496,5.25
11,2,32,6.27678394318,5.25
11,2,32,3.58211374283,4.25
11,2,33,6.11215353012,4.25
11,2,33,5.76207590103,6.5
11,2,34,5.38575696945,6.5
11,2,34,4.39764404297,3.75
11,2,35,5.91500759125,3.75
11,2,35,3.43892812729,4.25
11,2,36,5.84837055206,4.25
11,2,36,3.54489302635,5.0
11,2,37,5.89187669754,5.0
11,2,37,4.45823049545,4.25
11,2,38,5.87756061554,4.25
11,2,38,3.13528823853,4.5
11,2,39,5.84637308121,4.5
11,2,39,4.24734163284,4.25
11,2,40,5.71800804138,4.25
11,2,40,5.39750242233,4.75
11,2,41,5.34767007828,4.75
11,2,41,3.93928384781,4.75
11,2,42,5.34662771225,4.75
11,2,42,4.64509677887,5.25
11,2,43,5.42182159424,5.25
11,2,43,4.90456390381,5.5
11,2,44,5.73335886002,5.5
11,2,44,4.73133325577,4.25
11,2,45,5.85443401337,4.25
11,2,45,4.29505825043,4.25
11,2,46,5.60351371765,4.25
11,2,46,4.97131872177,4.0
11,2,47,5.12469387054,4.0
11,2,47,4.84803342819,6.5
11,2,48,5.40498924255,6.5
11,2,48,5.1035118103,2.75
11,2,49,5.47288608551,2.75
11,2,49,5.26955986023,4.25
11,2,50,6.07434654236,4.25
11,2,50,4.04669427872,4.5
11,2,51,5.47837734222,4.5
11,2,51,5.01167297363,5.0
11,2,52,5.55698537827,5.0
11,2,52,4.88988208771,4.5
11,2,53,5.14756441116,4.5
11,2,53,4.58212518692,3.75
11,2,54,5.40710544586,3.75
11,2,54,4.64909601212,4.5
11,2,55,5.69088506699,4.5
11,2,55,3.93654894829,4.75
11,2,56,5.32721138,4.75
11,2,56,3.73706841469,2.5
11,2,60,4.42582416534,2.5
11,2,60,3.2402639389,3.25
11,2,61,5.55375003815,3.25
11,2,61,4.34905433655,1.75
11,2,62,5.17140674591,1.75
11,2,62,4.24600124359,2.75
11,2,63,4.11697244644,2.75
11,2,63,4.86516189575,4.25
11,2,64,5.92886257172,4.25
11,2,64,4.50995779037,2.5
11,2,65,6.19708538055,2.5
11,2,65,4.67807674408,1.75
11,2,66,5.76025819778,1.75
11,2,66,4.22687387466,4.75
11,2,67,6.06237697601,4.75
11,2,67,4.41012620926,4.0
11,2,68,5.55752372742,4.0
11,2,68,4.47602367401,3.25
11,2,69,5.21525812149,3.25
11,2,69,5.46241903305,4.25
11,2,72,4.61396837234,4.25
11,2,72,5.22358751297,4.25
11,2,73,4.59742736816,4.25
11,2,73,5.2593960762,4.25
11,2,74,4.62519454956,4.25
11,2,74,4.91000652313,2.5
11,2,75,4.43404960632,2.5
11,2,75,5.40680265427,5.5
11,2,76,4.42615890503,5.5
11,2,76,5.36329078674,4.5
11,2,77,4.7928442955,4.5
11,2,77,5.29295873642,5.5
11,2,78,4.8326830864,5.5
11,2,78,5.36155605316,4.25
11,2,79,4.51184606552,4.25
11,2,79,5.09776306152,3.75
11,2,80,5.15761709213,3.75
11,2,80,4.29553556442,3.0
11,2,81,4.40385150909,3.0
11,2,81,4.96470355988,4.75
11,2,82,3.70375299454,4.75
11,2,82,5.18138885498,4.0
11,2,83,4.23328256607,4.0
11,2,83,5.47278118134,4.75
11,2,84,5.15987730026,4.75
11,2,84,4.79687738419,5.0
11,2,85,5.12454605103,5.0
11,2,85,4.91348600388,5.75
11,2,86,5.23421001434,5.75
11,2,86,5.32367753983,4.25
11,2,87,5.39603900909,4.25
11,2,87,4.68372488022,5.0
11,2,88,4.53849220276,5.0
11,2,88,4.50901508331,4.75
11,2,89,5.46471166611,4.75
11,2,89,4.83429908752,3.25
11,2,90,4.97880172729,3.25
11,2,90,4.93178939819,4.5
11,2,91,4.74556207657,4.5
11,2,91,3.47257637978,5.5
11,2,92,3.94224333763,5.5
11,2,92,4.54325056076,5.0
11,2,93,5.29173231125,5.0
11,2,93,4.48715305328,4.25
11,2,94,5.53923082352,4.25
11,2,94,3.55254673958,4.0
11,2,95,4.51842164993,4.0
11,2,95,5.0800743103,5.0
11,2,96,5.04759073257,5.0
11,2,96,4.6145825386,3.75
11,2,97,5.12125778198,3.75
11,2,97,5.08920621872,5.0
11,2,98,4.29473876953,5.0
11,2,98,5.37910509109,5.5
11,2,99,5.21194696426,5.5
11,2,99,3.35317277908,4.5
11,2,100,4.84346294403,4.5
11,2,100,4.3547577858,4.75
11,2,101,5.40160036087,4.75
11,2,101,5.30964899063,3.75
11,2,102,4.51598358154,3.75
11,2,102,5.10473012924,5.25
11,2,103,3.4413626194,5.25
11,2,103,3.41929841042,6.0
11,2,104,4.84882068634,6.0
11,2,104,4.60503149033,4.5
11,2,105,5.13012218475,4.5
11,2,105,4.16960763931,3.0
11,2,106,4.04447889328,3.0
11,2,106,4.92910861969,4.75
11,2,109,4.96058368683,4.75
11,2,109,4.77507686615,4.75
11,2,110,4.4499797821,4.75
11,2,110,4.60971355438,4.5
12,1,2,3.68861174583,6.5
12,1,2,4.06014966965,6.5
12,1,3,3.35574483871,6.0
12,1,3,2.93218278885,6.0
12,1,5,3.94675755501,6.0
12,1,5,3.07235860825,6.0
12,1,6,3.74313640594,5.0
12,1,6,2.76575231552,5.0
12,1,7,4.65538072586,6.25
12,1,7,2.71242117882,6.25
12,1,8,4.35448408127,5.25
12,1,8,3.86422324181,5.25
12,1,9,4.09180784225,4.75
12,1,9,3.69716072083,4.75
12,1,10,3.7025873661,5.25
12,1,10,4.07453680038,5.25
12,1,11,3.66439008713,5.0
12,1,11,3.76823353767,5.0
12,1,12,2.81868314743,5.75
12,1,12,4.13084030151,5.75
12,1,69,3.0704729557,3.75
12,1,69,4.12973117828,4.0
12,2,4,3.66650438309,4.0
12,2,4,3.21812725067,5.25
12,2,5,4.39293193817,5.25
12,2,5,3.22731018066,5.0
12,2,11,3.84691977501,5.0
12,2,11,3.39849829674,5.25
16,2,5,2.82594418526,4.0
16,2,5,3.41421246529,4.0
16,2,6,3.33234500885,4.5
16,2,6,4.42618179321,4.5
16,2,7,3.22188234329,5.0
16,2,7,3.78058862686,5.0
16,2,8,2.83424162865,3.25
16,2,8,2.47015285492,3.25
16,2,9,2.43389344215,3.5
16,2,9,4.70497989655,3.5
16,2,10,3.16649222374,5.5
16,2,10,3.67812895775,5.5
16,2,11,3.03565788269,4.5
16,2,11,3.96044754982,4.5
16,2,12,2.55530929565,5.5
16,2,12,3.22490215302,5.5
16,2,13,3.35063195229,4.5
16,2,13,3.32297849655,4.5
16,2,14,3.19261598587,4.0
16,2,14,2.57304859161,4.0
16,2,15,3.41807889938,4.25
16,2,15,3.50930762291,4.25
16,2,21,2.70172476768,3.75
16,2,21,4.21162748337,3.75
16,2,22,3.08222794533,1.75
16,2,22,4.52901363373,1.75
16,2,23,3.19269323349,2.5
16,2,23,4.10049247742,2.5
16,2,24,2.27688598633,3.5
16,2,24,2.98636364937,3.5
16,2,25,1.45268666744,3.0
16,2,25,2.45832133293,3.0
16,2,26,3.2748169899,3.25
16,2,26,3.69994711876,3.25
16,2,27,2.45479798317,4.25
16,2,27,3.41784334183,4.25
16,2,28,2.32270598412,3.25
16,2,28,2.36898207664,3.25
16,2,29,2.2612965107,2.0
16,2,29,3.57514882088,2.0
16,2,30,2.83797049522,3.0
16,2,30,2.38152503967,3.0
16,2,31,1.53124260902,2.0
16,2,31,3.62343478203,2.0
16,2,32,1.36032867432,2.75
16,2,32,3.27007746696,2.75
16,2,33,2.76457858086,1.5
16,2,33,3.46464276314,1.5
16,2,34,1.28312110901,2.25
16,2,34,3.75272727013,2.25
16,2,35,1.38945639133,2.5
16,2,35,2.70825529099,2.5
16,2,36,2.53278517723,3.75
16,2,36,2.98795390129,3.75
16,2,37,1.8613216877,4.5
16,2,37,4.15816497803,4.5
16,2,38,3.30236625671,4.0
16,2,38,3.15314817429,4.0
16,2,39,2.26021838188,2.25
16,2,39,3.03465127945,2.25
16,2,40,2.2505171299,2.0
16,2,40,2.25927042961,2.0
16,2,41,2.32708835602,1.75
16,2,41,3.11508798599,1.75
16,2,42,2.92469453812,2.5
16,2,42,2.26484775543,2.5
16,2,43,2.15646243095,2.25
16,2,43,3.57192754745,2.25
16,2,44,2.14759111404,2.75
16,2,44,3.09649896622,2.75
16,2,45,1.63046872616,3.0
16,2,45,2.94917464256,3.0
16,2,46,2.19735908508,2.5
16,2,46,3.96266031265,2.5
16,2,47,2.17564702034,1.75
16,2,47,2.86364912987,1.75
16,2,48,1.75251543522,3.25
16,2,48,2.20992636681,3.25
16,2,49,2.63966941833,2.75
16,2,49,2.21584320068,2.75
16,2,50,1.88307011127,2.25
16,2,50,3.35592842102,2.25
16,2,51,1.4977991581,3.5
16,2,51,4.0681681633,3.5
16,2,52,2.16737890244,2.25
16,2,52,3.40114474297,2.25
16,2,53,2.67796182632,4.0
16,2,53,4.26024055481,4.0
16,2,54,2.40474629402,1.25
16,2,54,2.71502542496,1.25
16,2,55,3.14146232605,4.0
16,2,55,2.81949400902,4.0
16,2,56,3.82308483124,4.75
16,2,56,4.0124297142,4.75
16,2,57,2.73339629173,3.0
16,2,57,3.78835105896,3.0
16,2,58,3.48786044121,2.25
16,2,58,3.23441672325,2.25
16,2,60,3.16356825829,3.0
16,2,60,1.8742698431,3.0
16,2,61,3.30334877968,2.5
16,2,61,3.48468065262,2.5
16,2,65,3.4363117218,5.0
16,2,65,3.43399977684,5.0
16,2,66,3.49391555786,5.75
16,2,66,3.8983912468,5.75
16,2,67,3.34405827522,3.5
16,2,67,3.87347817421,3.5
16,2,68,2.46273207664,1.25
16,2,68,3.54871201515,1.25
16,2,69,2.35451054573,1.75
16,2,69,3.88062787056,1.75
16,2,70,2.49376130104,1.75
16,2,70,2.9610183239,1.75
16,2,71,3.81460475922,4.0
16,2,71,3.65921282768,4.0
16,2,72,3.61200523376,2.25
16,2,72,3.17506837845,2.25
16,2,73,2.73814129829,4.0
16,2,73,2.65384507179,4.0
16,2,76,2.26828455925,3.0
16,2,76,4.09453201294,3.0
16,2,77,2.56591105461,5.5
16,2,77,3.08982372284,5.5
16,2,78,2.59488987923,4.25
16,2,78,3.68717288971,4.25
16,2,79,3.89613604546,5.0
16,2,79,4.48464584351,5.0
16,2,80,2.34148716927,4.0
16,2,80,4.17895460129,4.0
16,2,81,1.78652405739,2.5
16,2,81,4.07173347473,2.5
16,2,82,2.51102089882,2.25
16,2,82,4.31975460052,2.25
16,2,83,2.69266033173,4.5
16,2,83,4.69106674194,4.5
16,2,84,2.19118857384,3.75
16,2,84,4.09544897079,3.75
16,2,85,2.3377430439,3.5
16,2,85,4.59487962723,3.5
16,2,86,3.11144924164,4.5
16,2,86,4.61385393143,4.5
16,2,87,2.38569164276,3.5
16,2,87,4.01870059967,3.5
16,2,88,1.92985761166,3.75
16,2,88,4.4979186058,3.75
16,2,89,2.57771015167,1.75
16,2,89,4.48796367645,1.75
16,2,90,2.24115395546,1.75
16,2,90,1.67609536648,1.75
16,2,91,1.23961734772,3.25
16,2,91,4.07338476181,3.25
16,2,92,2.7548763752,2.5
16,2,92,4.13660335541,2.5
16,2,93,3.49326395988,4.0
16,2,93,3.13166880608,4.0
16,2,94,2.63704276085,4.0
16,2,94,4.65357637405,4.0
16,2,95,2.67998480797,3.5
16,2,95,3.55849409103,3.5
16,2,96,2.69121789932,3.5
16,2,96,4.54864215851,3.5
16,2,97,1.5817335844,2.75
16,2,97,4.6990609169,2.75
16,2,98,1.04421174526,4.5
16,2,98,3.72964000702,4.5
16,2,99,1.55661654472,3.25
16,2,99,4.24905633926,3.25
16,2,100,2.25888037682,3.25
16,2,100,2.62135910988,3.25
16,2,101,3.17185759544,5.0
16,2,101,3.7822675705,5.0
16,2,102,2.37670898438,1.75
16,2,102,4.36046075821,1.75
16,2,103,1.70789551735,3.25
16,2,103,4.25965547562,3.25
16,2,104,3.17696666718,1.75
16,2,104,3.9008564949,1.75
16,2,105,3.20602560043,3.75
16,2,105,3.86105537415,3.75
16,2,106,3.00557732582,2.75
16,2,106,4.559923172,2.75
16,2,107,2.36601829529,3.25
16,2,107,4.03950119019,3.25
16,2,108,2.74227285385,2.75
16,2,108,3.98870062828,2.75
16,2,109,3.49885606766,4.5
16,2,109,4.17351675034,4.5
16,2,110,2.65853953362,2.25
16,2,110,2.76606416702,2.25
16,2,111,3.09026670456,3.5
16,2,111,3.6369767189,3.5
16,2,112,1.47629511356,1.5
16,2,112,4.67138624191,1.5
16,2,113,1.64811348915,2.5
16,2,113,4.5019698143,2.5
16,2,114,3.48833537102,3.5
16,2,114,4.01908397675,3.5
16,2,115,3.38363695145,2.75
16,2,115,3.43088507652,2.75
16,2,116,2.4083006382,4.0
17,1,4,2.93551754951,2.75
17,1,4,2.76619625092,2.75
17,1,5,2.63624024391,2.75
17,1,5,1.82946908474,2.75
17,1,6,2.9531583786,2.75
17,1,6,1.83435893059,2.75
17,1,7,2.84626364708,2.75
17,1,7,1.99411797523,2.75
17,1,8,2.24202418327,2.75
17,1,8,1.84419584274,2.75
17,1,9,1.7950630188,1.5
17,1,9,1.60944128036,1.5
17,1,10,2.29804682732,1.5
17,1,10,1.64335894585,1.5
17,1,12,2.87098550797,2.25
17,1,12,3.23338484764,2.25
17,1,17,2.55747699738,3.0
17,1,17,1.05250418186,3.0
17,1,18,2.76558661461,2.75
17,1,18,1.16178941727,2.75
17,1,19,2.34019231796,4.0
17,1,19,1.36867845058,4.0
17,1,20,2.45600390434,3.5
17,1,20,1.54588675499,3.5
17,1,21,2.50538635254,2.5
17,1,21,1.08172178268,2.5
17,1,22,2.4947450161,3.0
17,1,22,0.8547565341,3.0
17,1,23,2.93166542053,2.5
17,1,23,0.472192853689,2.5
17,1,24,2.9038002491,3.25
17,1,24,2.19563627243,3.25
17,1,25,3.52496981621,3.75
17,1,25,1.59436583519,3.75
17,1,26,3.08174824715,3.0
17,1,26,0.527421534061,3.0
17,1,27,2.73367404938,4.5
17,1,27,1.01463627815,4.5
17,1,29,2.64967656136,4.0
17,1,29,0.834669172764,4.0
17,1,30,3.89296078682,5.25
17,1,30,1.28164184093,5.25
17,1,31,3.14609074593,4.0
17,1,31,1.10877621174,4.0
17,1,32,3.23080730438,4.5
17,1,32,1.71797883511,4.5
17,1,33,2.75552415848,3.75
17,1,33,0.584831237793,3.75
17,1,34,1.77776658535,3.25
17,1,34,1.29514050484,3.25
17,1,35,2.66862773895,2.5
17,1,35,0.754912078381,2.5
17,1,36,1.94158220291,2.75
17,1,36,1.3368448019,2.75
17,1,37,3.09748601913,2.5
17,1,37,1.28489005566,2.5
17,1,38,2.97282457352,2.25
17,1,38,0.46772107482,2.25
17,1,39,2.15323376656,4.5
17,1,39,1.22549569607,4.5
17,1,40,2.4528465271,3.0
17,1,40,0.67593818903,3.0
17,1,41,1.87684476376,3.25
17,1,41,1.42898130417,3.25
17,1,42,2.23351216316,3.75
17,1,42,1.41866755486,3.75
17,1,43,2.68640780449,4.25
17,1,43,0.952773034573,4.25
17,1,44,2.35722589493,3.5
17,1,44,0.944481611252,3.5
17,1,45,2.30800652504,3.0
17,1,45,1.87499213219,3.0
17,1,46,2.08938360214,4.0
17,1,46,1.6402490139,4.0
17,1,51,2.51665043831,3.0
17,1,51,0.987846791744,3.0
17,1,52,3.0743522644,2.75
17,1,52,1.90970814228,2.75
17,1,53,2.46639585495,2.75
17,1,53,1.93431448936,2.75
17,1,54,3.08059716225,3.25
17,1,54,1.63682425022,3.25
17,1,55,1.63187265396,2.5
17,1,55,2.67002773285,2.5
17,1,56,2.42472910881,3.25
17,1,56,0.512063384056,3.25
17,1,59,3.40254092216,2.5
17,1,59,3.0116724968,2.5
17,1,60,2.97914099693,3.0
17,1,60,2.56397867203,3.0
17,1,61,2.22662258148,2.25
17,1,61,1.05809187889,2.25
17,1,62,1.88347518444,1.75
17,1,62,2.34802675247,1.75
17,1,63,1.98938322067,1.75
17,1,63,2.0847735405,1.75
17,1,64,2.25617623329,1.0
17,1,64,2.19705915451,1.0
17,1,65,1.91066479683,1.25
17,1,65,0.880715668201,1.25
17,1,67,3.78755688667,3.0
17,1,67,2.40439891815,3.0
17,1,68,3.32518362999,3.75
17,1,68,1.71257948875,3.75
17,1,69,1.75168597698,2.5
17,1,69,2.22427344322,2.5
17,1,72,3.8091044426,5.25
17,1,72,2.43494868279,5.25
17,1,73,2.87360668182,4.25
17,1,73,1.20968031883,4.25
17,1,74,2.98926258087,3.25
17,1,74,1.03574562073,3.25
17,1,75,2.49429917336,1.75
17,1,75,1.52130591869,1.75
17,1,76,4.59252929688,4.5
17,1,76,2.28941178322,4.5
17,1,77,3.88423037529,3.5
17,1,77,1.32303595543,3.5
17,1,78,2.90145254135,4.25
17,1,78,1.56425499916,4.25
17,1,79,3.94435954094,3.25
17,1,79,2.26383304596,3.25
17,1,80,3.40330457687,4.25
17,1,80,1.59754192829,4.25
17,1,81,3.31298589706,4.5
17,1,81,0.190776586533,4.5
17,1,82,3.62328624725,5.0
17,1,82,0.883136034012,5.0
17,1,83,4.53268480301,3.5
17,1,83,1.15307509899,3.5
17,1,84,3.32870101929,4.25
17,1,84,1.17488873005,4.25
17,1,85,2.46309804916,4.75
17,1,85,1.46006834507,4.75
17,1,86,3.51561617851,4.0
17,1,86,1.33566510677,4.0
17,1,87,3.86926174164,2.5
17,1,87,1.22156465054,2.5
17,1,88,3.91554427147,4.25
17,1,88,1.48740971088,4.25
17,1,89,4.73026323318,3.25
17,1,89,1.50098872185,3.25
17,1,90,3.81374597549,5.5
17,1,90,0.891738176346,5.5
17,1,91,4.34995698929,3.5
17,1,91,1.54641699791,3.5
17,1,92,4.11135292053,5.25
17,1,92,1.42072880268,5.25
17,1,93,2.35832166672,3.5
17,1,93,2.37958621979,3.5
17,1,94,4.83773183823,3.5
17,1,94,0.990829646587,3.5
17,1,95,4.47881555557,5.25
17,1,95,1.86419057846,5.25
17,1,96,2.66357159615,1.5
17,1,96,0.700102031231,1.5
17,1,97,3.77840423584,2.5
17,1,97,1.6579054594,2.5
17,1,98,4.3310379982,3.5
17,1,98,1.87344789505,3.5
17,1,99,3.22236275673,3.5
17,1,99,0.823642373085,3.5
17,1,100,4.14952468872,2.75
17,1,100,1.76497733593,2.75
17,1,101,3.0638666153,3.0
17,1,101,1.24028015137,3.0
17,1,102,2.88908624649,3.75
17,1,102,1.84765851498,3.75
17,1,104,3.54722881317,3.25
17,1,104,1.72124278545,3.25
17,1,105,4.17050457001,3.75
17,1,105,1.37229931355,3.75
17,1,106,4.7667427063,2.75
17,1,106,2.15280985832,2.75
17,1,107,4.91718673706,3.25
17,1,107,1.7587813139,3.25
17,1,108,3.49711966515,2.5
17,1,108,1.30873894691,2.5
17,1,109,3.54574656487,2.5
18,1,2,2.27118825912,4.25
18,1,2,4.2380695343,4.25
18,1,3,3.28104138374,2.25
18,1,3,4.45783948898,2.25
18,1,4,3.8264746666,3.0
18,1,4,3.72666883469,3.0
18,1,5,3.026720047,1.5
18,1,5,2.75110578537,1.5
18,1,6,3.38699054718,3.5
18,1,6,3.59478068352,3.5
18,1,7,2.92601585388,2.5
18,1,7,2.17141366005,2.5
18,1,8,2.58292984962,2.25
18,1,8,1.85054433346,2.25
18,1,9,4.09146356583,2.0
18,1,9,2.5339679718,2.0
18,1,10,3.9093503952,1.75
18,1,10,3.4888420105,1.75
18,1,11,4.71814203262,5.75
18,1,11,3.71541571617,5.75
18,1,12,4.36075782776,6.0
18,1,12,3.99812483788,6.0
18,1,16,2.32090306282,2.33333
18,1,16,4.10638618469,2.33333
18,1,17,2.21066832542,3.0
18,1,17,4.1296582222,3.0
18,1,18,1.87896811962,2.75
18,1,18,4.26923751831,2.75
18,1,19,1.90542495251,2.75
18,1,19,4.53890514374,2.75
18,1,20,1.31575858593,2.75
18,1,20,4.95850563049,2.75
18,1,21,2.76820278168,2.5
18,1,21,4.428191185,2.5
18,1,28,3.61292338371,3.25
18,1,28,4.59248447418,3.25
18,1,29,2.32988381386,3.75
18,1,29,4.04628658295,3.75
18,1,30,3.08365106583,2.75
18,1,30,4.12074756622,2.75
18,1,31,2.46366095543,3.75
18,1,31,3.93465685844,3.75
18,1,32,2.24449872971,1.25
18,1,32,3.16105628014,1.25
18,1,33,2.34673428535,1.0
18,1,33,4.22287607193,1.0
18,1,34,2.73006033897,2.25
18,1,34,4.63053941727,2.25
18,1,35,2.3753786087,2.25
18,1,35,4.09306240082,2.25
18,1,36,2.90951013565,2.25
18,1,36,4.11928224564,2.25
18,1,37,2.7918715477,2.75
18,1,37,3.76271271706,2.75
18,1,38,2.50539088249,3.5
18,1,38,3.61849832535,3.5
18,1,39,3.10665798187,4.0
18,1,39,3.7550265789,4.0
18,1,40,2.29937553406,4.0
18,1,40,3.8766784668,4.0
18,1,41,2.92300605774,4.0
18,1,41,4.46119642258,4.0
18,1,42,2.51899290085,2.5
18,1,42,4.11068487167,2.5
18,1,43,2.95407295227,4.25
18,1,43,3.3048119545,4.25
18,1,44,2.13744187355,2.5
18,1,44,2.0207464695,2.5
18,1,45,3.15062189102,4.75
18,1,45,4.01778316498,4.75
18,1,46,2.28145289421,2.25
18,1,46,2.79863524437,2.25
18,1,47,2.35509324074,1.75
18,1,47,4.1618065834,1.75
18,1,48,2.67564582825,1.75
18,1,48,3.65804576874,1.75
18,1,49,2.71801352501,1.5
18,1,49,4.67308855057,1.5
18,1,50,2.26089382172,2.25
18,1,50,4.41332578659,2.25
18,1,51,2.10245060921,1.25
18,1,51,3.83894395828,1.25
18,1,53,3.3028781414,3.25
18,1,53,4.15785646439,3.25
18,1,54,2.87035942078,1.25
18,1,54,3.46383166313,1.25
18,1,55,2.74987030029,1.75
18,1,55,3.76027226448,1.75
18,1,56,3.43952393532,3.25
18,1,56,3.2977142334,3.25
18,1,59,2.66221952438,1.66667
18,1,59,2.74933671951,1.66667
18,1,60,3.49705266953,1.0
18,1,60,3.41937017441,1.0
18,1,61,2.83729624748,3.25
18,1,61,2.87479639053,3.25
18,1,62,3.30616164207,1.5
18,1,62,3.14541006088,1.5
18,1,64,3.60711407661,2.25
18,1,64,3.63440585136,2.25
18,1,65,3.37124800682,1.0
18,1,65,2.65700507164,1.0
18,1,66,2.90977191925,1.75
18,1,66,2.28703713417,1.75
18,1,67,2.89498209953,1.0
18,1,67,2.54805374146,1.0
18,1,68,2.96254014969,2.5
18,1,68,2.60678124428,2.5
18,1,74,3.5163025856,1.5
18,1,74,3.20786786079,1.5
18,1,75,2.64729738235,1.0
18,1,75,4.01578521729,1.0
18,1,76,3.00627017021,2.0
18,1,76,4.37584400177,2.0
18,1,77,2.76868391037,1.0
18,1,77,3.62331938744,1.0
18,1,78,2.75071048737,2.0
18,1,78,3.91916584969,2.0
18,1,79,2.8438501358,2.25
18,1,79,3.95474052429,2.25
18,1,80,2.75398492813,3.5
18,1,80,4.33066415787,3.5
18,1,81,3.24411273003,3.75
18,1,81,3.98112082481,3.75
18,1,82,2.5636138916,3.25
18,1,82,3.27662777901,3.25
18,1,84,3.06896090508,4.5
18,1,84,4.09899997711,4.5
18,1,85,2.45599627495,4.0
18,1,85,4.51214408875,4.0
18,1,90,2.4506778717,2.5
18,1,90,3.37387466431,2.5
18,1,91,2.21141028404,2.5
18,1,91,4.68987417221,2.5
18,1,92,3.43296217918,2.25
18,1,92,4.04927158356,2.25
18,1,93,2.09786748886,2.0
18,1,93,3.56358647346,2.0
18,1,94,2.95740151405,2.5
18,1,94,3.46314334869,2.5
18,1,95,3.00577282906,4.25
18,1,95,3.83281850815,4.25
18,1,96,3.22831559181,2.5
18,1,96,3.71607875824,2.5
18,1,97,2.92453074455,3.25
18,1,97,3.63985323906,3.25
18,1,98,2.93871021271,2.25
18,1,98,3.27167320251,2.25
18,1,99,2.76171565056,2.5
18,1,99,2.96331143379,2.5
18,1,100,1.67848277092,3.75
18,1,100,4.02377414703,3.75
18,1,101,3.05256271362,2.25
18,1,101,3.52068996429,2.25
18,1,102,3.05200600624,2.25
18,1,102,3.15336918831,2.25
18,1,103,2.96417117119,2.0
18,1,103,3.64771580696,2.0
18,1,104,2.38432908058,3.25
18,1,104,2.6052274704,3.25
18,1,105,2.51302742958,1.75
18,1,105,3.347853899,1.75
18,1,109,3.29515433311,3.0
18,1,109,3.77825641632,3.0
18,1,111,3.17784047127,2.75
18,1,111,4.56022357941,2.75
18,1,112,2.07297682762,1.25
