3,1,47,6.8007,4.25
3,1,47,6.8008,4.25
3,1,10,6.5956,2.875
3,1,10,6.5955,2.875
3,1,101,4.8753,4.375
3,1,101,4.8781,4.375
3,1,64,6.1513,5.75
3,1,64,6.1521,5.75
3,1,45,6.4666,4.25
3,1,45,6.4666,4.25
3,1,8,6.3314,3.5
3,1,8,6.3315,3.5
3,1,99,5.8771,1.5
3,1,99,5.8766,1.5
3,1,94,6.0572,3.25
3,1,94,6.0571,3.25
3,1,43,5.9120,4.0
3,1,43,5.9109,4.0
3,1,6,6.3713,4.5
3,1,6,6.3713,4.5
3,1,97,6.0422,1.25
3,1,97,6.0422,1.25
3,1,92,6.4938,3.5
3,1,92,6.4933,3.5
3,1,41,3.6848,3.25
3,1,41,3.6858,3.25
3,1,4,6.2658,3.25
3,1,4,6.2653,3.25
3,1,90,6.1760,3.75
3,1,90,6.1760,3.75
3,1,39,6.3771,5.75
3,1,39,6.3773,5.75
3,1,2,4.4254,4.5
3,1,2,4.4249,4.5
3,1,88,5.7979,4.0
3,1,88,5.7979,4.0
3,1,37,6.0620,3.125
3,1,37,6.0618,3.125
3,1,86,6.4770,4.25
3,1,86,6.4771,4.25
3,1,35,6.2350,4.375
3,1,35,6.2351,4.375
3,1,30,4.7879,4.5
3,1,30,4.7877,4.5
3,1,84,5.8910,3.75
3,1,84,5.8906,3.75
3,1,33,5.6241,3.0
3,1,33,5.6246,3.0
3,1,28,6.3683,4.75
3,1,28,6.3676,4.75
3,1,82,6.5758,3.0
3,1,82,6.5758,3.0
3,1,63,5.8781,4.75
3,1,63,5.8744,4.75
3,1,26,6.2389,4.0
3,1,26,6.2388,4.0
3,1,80,6.0443,2.75
3,1,80,6.0436,2.75
3,1,61,6.5763,5.5
3,1,61,6.5765,5.5
3,1,24,6.1415,4.5
3,1,24,6.1414,4.5
3,1,59,5.6723,5.5
3,1,59,5.6674,5.5
3,1,22,6.4040,4.83333
3,1,22,6.4049,4.83333
3,1,57,6.2567,4.875
3,1,57,6.2569,4.875
3,1,20,5.5052,2.5
3,1,20,5.5053,2.5
3,1,79,5.7811,5.25
3,1,79,5.7812,5.25
3,1,55,4.0365,3.25
3,1,55,4.0424,3.25
3,1,18,5.6068,3.75
3,1,18,5.6071,3.75
3,1,77,6.4947,4.5
3,1,77,6.4949,4.5
3,1,16,6.1164,4.75
3,1,16,6.1166,4.75
3,1,75,6.1433,4.0
3,1,75,6.1408,4.0
3,1,51,5.4351,4.5
3,1,51,5.4343,4.5
3,1,73,5.7844,3.0
3,1,73,5.7849,3.0
3,1,49,5.9799,5.0
3,1,49,5.9796,5.0
3,1,108,5.6131,2.25
3,1,108,5.6151,2.25
3,1,71,5.6997,2.0
3,1,71,5.6996,2.0
3,1,15,6.1398,5.0
3,1,15,6.1399,5.0
3,1,106,4.7415,2.75
3,1,106,4.7402,2.75
3,1,104,5.4652,3.5
3,1,104,5.4651,3.5
3,1,102,5.4880,5.25
3,1,102,5.4867,5.25
3,1,65,5.3163,6.25
3,1,65,5.3178,6.25
3,1,46,5.5191,5.0
3,1,46,5.5197,5.0
3,1,9,5.8639,2.75
3,1,9,5.8642,2.75
3,1,100,5.7051,2.375
3,1,100,5.7049,2.375
3,1,95,5.9755,3.75
3,1,95,5.9755,3.75
3,1,44,5.1371,3.0
3,1,44,5.1371,3.0
3,1,7,6.6461,4.75
3,1,7,6.6462,4.75
3,1,98,5.6696,1.75
3,1,98,5.6696,1.75
3,1,93,6.3614,3.25
3,1,93,6.3617,3.25
3,1,5,6.8356,6.0
3,1,5,6.8355,6.0
3,1,96,6.6580,3.875
3,1,96,6.6580,3.875
3,1,91,6.3723,4.0
3,1,91,6.3709,4.0
3,1,40,5.7679,5.0
3,1,40,5.7677,5.0
3,1,3,5.8304,3.0
3,1,3,5.8301,3.0
3,1,89,6.1876,4.25
3,1,89,6.1874,4.25
3,1,38,6.1580,4.5
3,1,38,6.1579,4.5
3,1,1,4.2351,3.875
3,1,1,4.2353,3.875
3,1,87,6.5171,4.25
3,1,87,6.5176,4.25
3,1,36,5.7920,3.5
3,1,36,5.7925,3.5
3,1,31,5.2300,3.66667
3,1,31,5.2308,3.66667
3,1,85,6.6247,2.0
3,1,85,6.6243,2.0
3,1,34,6.3650,4.125
3,1,34,6.3650,4.125
3,1,29,6.4195,1.25
3,1,29,6.4194,1.25
3,1,83,6.6126,4.5
3,1,83,6.6130,4.5
3,1,32,4.1887,4.5
3,1,32,4.1872,4.5
3,1,27,6.1079,5.25
3,1,27,6.1081,5.25
3,1,81,6.6393,2.75
3,1,81,6.6394,2.75
3,1,62,6.0422,4.375
3,1,62,6.0404,4.375
3,1,25,7.0009,5.5
3,1,25,7.0008,5.5
3,1,60,6.0536,5.5
3,1,60,6.0532,5.5
3,1,23,5.9605,3.875
3,1,23,5.9605,3.875
3,1,58,5.2683,4.5
3,1,58,5.2673,4.5
3,1,21,6.4178,4.5
3,1,21,6.4176,4.5
3,1,56,4.0202,4.0
3,1,56,4.0182,4.0
3,1,19,5.6658,4.125
3,1,19,5.6654,4.125
3,1,78,6.1799,5.25
3,1,78,6.1810,5.25
3,1,17,6.3054,5.0
3,1,17,6.3056,5.0
3,1,76,6.8010,4.0
3,1,76,6.8016,4.0
3,1,52,5.7887,3.5
3,1,52,5.7874,3.5
3,1,74,6.0153,4.0
3,1,74,6.0153,4.0
3,1,50,5.6369,4.66667
3,1,50,5.6359,4.66667
3,1,48,6.0130,2.5
3,1,48,6.0150,2.5
3,1,107,5.4021,5.25
3,1,107,5.4004,5.25
3,1,70,5.9272,2.75
3,1,70,5.9276,2.75
3,1,14,5.3015,3.75
3,1,14,5.3017,3.75
3,1,105,4.5003,1.25
3,1,105,4.5010,1.25
3,1,103,4.7749,1.5
3,1,103,4.7724,1.5
3,1,66,5.0176,3.0
3,1,66,5.0173,3.0
3,2,82,3.3229,3.25
3,2,82,3.3225,3.25
3,2,61,4.5704,4.375
3,2,61,4.5709,4.375
3,2,80,4.1542,4.75
3,2,80,4.1543,4.75
3,2,30,2.6675,3.625
3,2,30,2.6675,3.625
3,2,35,3.0616,3.875
3,2,35,3.0625,3.875
3,2,86,3.0410,2.75
3,2,86,3.0413,2.75
3,2,28,3.1253,4.0
3,2,28,3.1245,4.0
3,2,33,4.5268,5.0
3,2,33,4.5268,5.0
3,2,84,3.3430,4.0
3,2,84,3.3419,4.0
3,2,2,4.3207,1.875
3,2,2,4.3221,1.875
3,2,39,5.2605,4.25
3,2,39,5.2606,4.25
3,2,90,4.7334,4.25
3,2,90,4.7328,4.25
3,2,37,5.9793,2.25
3,2,37,5.9793,2.25
3,2,88,4.9248,4.0
3,2,88,4.9254,4.0
3,2,6,5.5345,5.25
3,2,6,5.5361,5.25
3,2,43,2.7088,4.0
3,2,43,2.7096,4.0
3,2,94,5.5617,3.75
3,2,94,5.5618,3.75
3,2,99,4.8972,2.625
3,2,99,4.8971,2.625
3,2,41,5.4852,3.5
3,2,41,5.4852,3.5
3,2,92,2.9669,3.25
3,2,92,2.9697,3.25
3,2,97,4.4820,5.0
3,2,97,4.4821,5.0
3,2,10,5.3094,4.0
3,2,10,5.3081,4.0
3,2,47,3.4889,3.875
3,2,47,3.4882,3.875
3,2,66,4.8296,3.75
3,2,66,4.8300,3.75
3,2,103,5.4463,4.0
3,2,103,5.4473,4.0
3,2,8,4.6511,6.0
3,2,8,4.6516,6.0
3,2,45,3.9492,3.25
3,2,45,3.9502,3.25
3,2,64,2.8102,2.375
3,2,64,2.8111,2.375
3,2,101,3.5532,3.125
3,2,101,3.5532,3.125
3,2,14,3.9642,3.75
3,2,14,3.9640,3.75
3,2,70,3.4894,3.66667
3,2,70,3.4913,3.66667
3,2,107,2.8710,4.625
3,2,107,2.8672,4.625
3,2,12,6.0436,5.25
3,2,12,6.0437,5.25
3,2,68,4.5464,5.5
3,2,68,4.5462,5.5
3,2,105,3.9479,3.5
3,2,105,3.9477,3.5
3,2,50,5.0314,3.75
3,2,50,5.0313,3.75
3,2,74,4.5722,3.25
3,2,74,4.5730,3.25
3,2,111,5.0287,3.5
3,2,111,5.0282,3.5
3,2,48,3.9074,4.25
3,2,48,3.9086,4.25
3,2,109,2.0401,1.95833
3,2,109,2.0396,1.95833
3,2,78,5.1950,2.75
3,2,78,5.1948,2.75
3,2,52,4.6937,1.5
3,2,52,4.6936,1.5
3,2,56,5.6679,4.25
3,2,56,5.6682,4.25
3,2,112,3.5982,4.0
3,2,112,3.5966,4.0
3,2,62,4.8624,5.25
3,2,62,4.8629,5.25
3,2,27,4.8057,4.0
3,2,27,4.8057,4.0
3,2,60,3.0744,3.75
3,2,60,3.0759,3.75
3,2,83,5.3500,4.25
3,2,83,5.3497,4.25
3,2,34,2.2527,3.5
3,2,34,2.2540,3.5
3,2,81,4.3019,4.375
3,2,81,4.3017,4.375
3,2,31,4.6437,3.25
3,2,31,4.6436,3.25
3,2,32,5.4247,3.25
3,2,32,5.4243,3.25
3,2,87,3.2122,3.75
3,2,87,3.2119,3.75
3,2,29,3.0468,4.0
3,2,29,3.0474,4.0
3,2,38,5.2392,3.25
3,2,38,5.2391,3.25
3,2,85,3.4827,3.25
3,2,85,3.4826,3.25
3,2,36,4.7011,2.75
3,2,36,4.7010,2.75
3,2,91,4.7187,4.5
3,2,91,4.7183,4.5
3,2,42,2.1436,2.5
3,2,42,2.1435,2.5
3,2,89,4.9865,3.25
3,2,89,4.9866,3.25
3,2,98,5.4031,4.5
3,2,98,5.4032,4.5
3,2,7,4.7320,6.0
3,2,7,4.7318,6.0
3,2,40,5.7757,2.75
3,2,40,5.7759,2.75
3,2,95,2.7655,1.5
3,2,95,2.7640,1.5
3,2,96,3.0313,3.125
3,2,96,3.0311,3.125
3,2,5,4.7418,3.25
3,2,5,4.7426,3.25
3,2,46,3.2154,4.5
3,2,46,3.2145,4.5
3,2,93,5.5422,5.0
3,2,93,5.5425,5.0
3,2,102,4.8064,2.0
3,2,102,4.8081,2.0
3,2,11,5.3489,4.125
3,2,11,5.3482,4.125
3,2,44,3.6386,5.0
3,2,44,3.6384,5.0
3,2,67,5.6669,5.25
3,2,67,5.6680,5.25
3,2,100,4.5394,1.25
3,2,100,4.5397,1.25
3,2,9,5.7188,4.5
3,2,9,5.7175,4.5
3,2,65,2.7461,3.0
3,2,65,2.7440,3.0
3,2,106,4.6534,3.875
3,2,106,4.6535,3.875
3,2,71,3.1497,2.375
3,2,71,3.1506,2.375
3,2,104,4.3468,3.5
3,2,104,4.3471,3.5
3,2,13,6.0698,5.0
3,2,13,6.0699,5.0
3,2,69,2.1039,1.25
3,2,69,2.1036,1.25
3,2,110,5.4781,4.25
3,2,110,5.4783,4.25
3,2,51,5.4773,4.0
3,2,51,5.4776,4.0
3,2,108,3.4631,4.0
3,2,108,3.4629,4.0
3,2,49,3.0789,2.75
3,2,49,3.0790,2.75
3,2,73,4.5171,3.75
3,2,73,4.5173,3.75
3,2,55,5.2107,3.33333
3,2,55,5.2105,3.33333
3,2,79,3.6856,3.75
3,2,79,3.6851,3.75
3,2,53,4.6375,4.5
3,2,53,4.6374,4.5
3,2,77,4.7188,2.25
3,2,77,4.7183,2.25
3,2,59,4.6126,2.25
3,2,59,4.6127,2.25
3,2,113,3.9435,3.0
3,2,113,3.9435,3.0
3,2,26,2.2902,2.5
3,2,26,2.2896,2.5
3,2,63,0.9940,1.25
3,2,63,0.9950,1.25
4,1,29,2.0813,3.0
4,1,29,2.1061,3.0
4,1,58,3.6166,2.25
4,1,58,3.6097,2.25
4,1,85,2.8894,2.5
4,1,85,2.8899,2.5
4,1,114,2.4282,1.5
4,1,114,2.4295,1.5
4,1,31,2.1636,2.25
4,1,31,2.1728,2.25
4,1,36,1.5901,0.875
4,1,36,1.5868,0.875
4,1,87,2.1378,3.25
4,1,87,2.1336,3.25
4,1,25,1.6992,1.5
4,1,25,1.7017,1.5
4,1,38,2.2828,2.5
4,1,38,2.2642,2.5
4,1,81,2.1171,3.0
4,1,81,2.1117,3.0
4,1,27,0.9365,2.75
4,1,27,0.9391,2.75
4,1,32,1.7699,1.5
4,1,32,1.7692,1.5
4,1,83,2.0998,3.25
4,1,83,2.1206,3.25
4,1,5,1.5189,1.0
4,1,5,1.5108,1.0
4,1,34,1.7838,1.5
4,1,34,1.7883,1.5
4,1,93,3.8030,3.0
4,1,93,3.8057,3.0
4,1,7,1.0066,1.75
4,1,7,1.0083,1.75
4,1,95,2.5076,3.5
4,1,95,2.5171,3.5
4,1,100,2.7685,0.75
4,1,100,2.7815,0.75
4,1,46,3.8214,3.75
4,1,46,3.8171,3.75
4,1,89,2.2829,1.75
4,1,89,2.2726,1.75
4,1,102,2.5198,1.5
4,1,102,2.5075,1.5
4,1,3,1.9208,3.5
4,1,3,1.9487,3.5
4,1,40,3.2201,4.0
4,1,40,3.2104,4.0
4,1,91,2.0929,2.25
4,1,91,2.0934,2.25
4,1,96,3.1790,2.75
4,1,96,3.1736,2.75
4,1,13,1.5424,1.5
4,1,13,1.5238,1.5
4,1,42,2.2531,1.75
4,1,42,2.2617,1.75
4,1,69,4.5228,5.5
4,1,69,4.5301,5.5
4,1,98,3.0841,3.25
4,1,98,3.0856,3.25
4,1,15,1.5883,0.75
4,1,15,1.5843,0.75
4,1,71,4.9075,2.125
4,1,71,4.9055,2.125
4,1,108,3.0463,3.25
4,1,108,3.0576,3.25
4,1,9,1.2384,1.0
4,1,9,1.2259,1.0
4,1,65,2.8831,4.75
4,1,65,2.8853,4.75
4,1,110,2.8538,4.0
4,1,110,2.8748,4.0
4,1,11,2.0547,1.0
4,1,11,2.0679,1.0
4,1,67,2.9075,1.75
4,1,67,2.9265,1.75
4,1,104,3.0129,1.25
4,1,104,3.0179,1.25
4,1,53,3.7414,2.5
4,1,53,3.7448,2.5
4,1,77,3.5188,2.625
4,1,77,3.5182,2.625
4,1,106,1.9052,2.125
4,1,106,1.8989,2.125
4,1,55,4.0012,2.5
4,1,55,3.9874,2.5
4,1,79,4.0629,6.75
4,1,79,4.0595,6.75
4,1,49,4.0133,4.25
4,1,49,4.0140,4.25
4,1,73,4.5606,4.25
4,1,73,4.5664,4.25
4,1,22,1.3655,1.25
4,1,22,1.3531,1.25
4,1,51,4.1209,2.75
4,1,51,4.1061,2.75
4,1,75,3.7668,4.75
4,1,75,3.7787,4.75
4,1,16,1.3581,1.0
4,1,16,1.3844,1.0
4,1,117,2.3805,1.25
4,1,117,2.3952,1.25
4,1,63,1.2058,1.0
4,1,63,1.1982,1.0
4,1,28,2.3348,2.625
4,1,28,2.3233,2.625
4,1,57,4.6950,2.75
4,1,57,4.6948,2.75
4,1,84,2.0453,2.5
4,1,84,2.0585,2.5
4,1,113,2.9092,3.25
4,1,113,2.9197,3.25
4,1,30,1.9066,1.125
4,1,30,1.9014,1.125
4,1,59,3.4674,1.875
4,1,59,3.4663,1.875
4,1,86,1.5886,1.66667
4,1,86,1.5751,1.66667
4,1,115,2.7239,3.5
4,1,115,2.7187,3.5
4,1,24,2.0387,2.0
4,1,24,2.0178,2.0
4,1,37,2.7213,2.25
4,1,37,2.7248,2.25
4,1,80,2.6256,3.5
4,1,80,2.6286,3.5
4,1,26,3.0844,4.375
4,1,26,3.0969,4.375
4,1,39,3.0756,2.5
4,1,39,3.0734,2.5
4,1,82,2.6405,6.5
4,1,82,2.6408,6.5
4,1,4,1.2912,1.5
4,1,4,1.3015,1.5
4,1,33,1.2505,1.5
4,1,33,1.2561,1.5
4,1,92,2.2856,2.0
4,1,92,2.2963,2.0
4,1,6,1.4204,1.5
4,1,6,1.4124,1.5
4,1,35,1.6882,1.75
4,1,35,1.6769,1.75
4,1,94,2.2113,1.5
4,1,94,2.2047,1.5
4,1,45,3.1310,2.125
4,1,45,3.1364,2.125
4,1,88,2.2732,1.5
4,1,88,2.2868,1.5
4,1,101,1.8626,3.875
4,1,101,1.8597,3.875
4,1,47,3.2730,2.125
4,1,47,3.2753,2.125
4,1,90,3.1162,1.375
4,1,90,3.1564,1.375
4,1,103,2.9483,1.0
4,1,103,2.9551,1.0
4,1,12,1.6725,2.5
4,1,12,1.6765,2.5
4,1,41,4.1653,2.5
4,1,41,4.1620,2.5
4,1,68,3.7900,5.5
4,1,68,3.7955,5.5
4,1,97,1.7920,1.625
4,1,97,1.7979,1.625
4,1,70,3.4457,5.25
4,1,70,3.4402,5.25
4,1,99,3.1462,2.375
4,1,99,3.1491,2.375
4,1,8,2.0277,0.75
4,1,8,2.0218,0.75
4,1,64,3.2064,3.5
4,1,64,3.2139,3.5
4,1,109,2.3059,2.75
4,1,109,2.3133,2.75
4,1,10,2.5360,3.0
4,1,10,2.5483,3.0
4,1,66,0.8598,1.0
4,1,66,0.8447,1.0
4,1,111,2.5820,3.5
4,1,111,2.5857,3.5
4,1,52,3.9263,3.25
4,1,52,3.9268,3.25
4,1,105,3.0122,3.625
4,1,105,3.0308,3.625
4,1,54,3.8029,3.375
4,1,54,3.8112,3.375
4,1,78,2.3974,3.25
4,1,78,2.4052,3.25
4,1,48,3.9034,1.5
4,1,48,3.9076,1.5
4,1,72,2.5785,2.375
4,1,72,2.5776,2.375
4,1,50,3.8428,2.0
4,1,50,3.8400,2.0
4,1,74,3.6208,3.5
4,1,74,3.6177,3.5
4,1,23,1.2218,1.0
4,1,23,1.2087,1.0
4,1,116,3.2632,1.75
4,1,116,3.2483,1.75
4,1,118,2.6576,4.5
4,1,118,2.6405,4.5
4,1,56,4.1799,2.0
4,1,56,4.1810,2.0
4,1,112,2.6701,1.0
4,1,112,2.6578,1.0
7,1,40,3.9741,5.5
7,1,40,4.7270,5.5
7,1,3,4.1200,4.75
7,1,3,4.7430,4.75
7,1,102,3.6015,4.25
7,1,102,3.9727,4.25
7,1,46,4.8837,4.0
7,1,46,4.8394,4.0
7,1,1,3.7188,3.5
7,1,1,4.0150,3.5
7,1,44,3.0935,6.25
7,1,44,3.4360,6.25
7,1,7,4.2077,2.25
7,1,7,4.2649,2.25
7,1,90,2.5669,4.0
7,1,90,2.8771,4.0
7,1,34,4.9795,5.5
7,1,34,4.3293,5.5
7,1,5,3.7128,4.75
7,1,5,3.8920,4.75
7,1,88,3.4382,6.5
7,1,88,3.4849,6.5
7,1,32,3.4894,3.75
7,1,32,3.5863,3.75
7,1,94,3.8867,3.0
7,1,94,4.4422,3.0
7,1,38,4.0163,3.5
7,1,38,4.7597,3.5
7,1,92,4.1005,5.75
7,1,92,4.2194,5.75
7,1,36,3.9468,4.25
7,1,36,4.3290,4.25
7,1,82,4.6777,5.25
7,1,82,4.2333,5.25
7,1,26,4.3404,3.0
7,1,26,4.8692,3.0
7,1,80,3.8924,2.0
7,1,80,4.5511,2.0
7,1,24,4.0566,5.0
7,1,24,4.0762,5.0
7,1,86,4.2941,3.25
7,1,86,4.5503,3.25
7,1,59,4.0178,5.25
7,1,59,4.0428,5.25
7,1,30,3.6477,3.0
7,1,30,3.7914,3.0
7,1,84,4.1736,4.75
7,1,84,3.8594,4.75
7,1,57,3.9816,4.25
7,1,57,4.5635,4.25
7,1,28,4.1299,5.25
7,1,28,3.8097,5.25
7,1,74,3.8152,4.25
7,1,74,4.0941,4.25
7,1,63,3.5555,5.5
7,1,63,3.7610,5.5
7,1,18,3.9304,6.0
7,1,18,4.4562,6.0
7,1,72,3.8348,2.0
7,1,72,4.4755,2.0
7,1,61,4.3697,5.0
7,1,61,4.1121,5.0
7,1,107,3.6689,4.0
7,1,107,3.5795,4.0
7,1,78,3.5418,4.0
7,1,78,3.8827,4.0
7,1,51,4.4667,3.5
7,1,51,4.1362,3.5
7,1,22,3.8923,3.75
7,1,22,4.4551,3.75
7,1,105,3.4335,4.75
7,1,105,3.7302,4.75
7,1,76,4.4115,2.75
7,1,76,4.4474,2.75
7,1,49,3.7173,4.5
7,1,49,3.5546,4.5
7,1,20,3.8243,5.25
7,1,20,4.2386,5.25
7,1,66,2.6629,4.25
7,1,66,2.9364,4.25
7,1,55,3.5639,2.5
7,1,55,4.1536,2.5
7,1,10,4.2454,2.75
7,1,10,4.3446,2.75
7,1,109,3.3291,6.25
7,1,109,3.5376,6.25
7,1,64,2.5417,5.0
7,1,64,2.6642,5.0
7,1,53,4.1139,5.5
7,1,53,4.8692,5.5
7,1,8,3.9497,4.5
7,1,8,3.9368,4.5
7,1,70,4.1931,5.5
7,1,70,4.4407,5.5
7,1,43,4.2140,3.5
7,1,43,4.8676,3.5
7,1,14,3.6693,1.75
7,1,14,3.7735,1.75
7,1,97,3.8957,5.5
7,1,97,3.8593,5.5
7,1,68,3.7094,4.25
7,1,68,4.0759,4.25
7,1,41,4.2967,4.75
7,1,41,4.4154,4.75
7,1,12,2.8220,5.0
7,1,12,2.8698,5.0
7,1,103,3.9544,3.25
7,1,103,3.8510,3.25
7,1,47,4.3546,4.5
7,1,47,4.9235,4.5
7,1,2,3.7656,5.5
7,1,2,4.0936,5.5
7,1,101,4.1845,4.0
7,1,101,4.0638,4.0
7,1,45,4.7506,4.5
7,1,45,4.5628,4.5
7,1,35,3.9065,6.0
7,1,35,4.3333,6.0
7,1,89,3.7078,5.25
7,1,89,3.4309,5.25
7,1,33,3.4614,4.75
7,1,33,3.4242,4.75
7,1,4,4.3555,3.25
7,1,4,4.2521,3.25
7,1,95,3.8499,4.75
7,1,95,4.0929,4.75
7,1,39,4.1145,5.5
7,1,39,3.8643,5.5
7,1,93,4.2951,4.25
7,1,93,4.4899,4.25
7,1,37,3.6198,4.25
7,1,37,4.0120,4.25
7,1,83,4.2827,4.75
7,1,83,3.9935,4.75
7,1,27,4.2418,4.25
7,1,27,4.5299,4.25
7,1,81,4.1832,4.0
7,1,81,4.6890,4.0
7,1,25,4.0300,4.5
7,1,25,4.4430,4.5
7,1,31,4.0883,4.5
7,1,31,4.4534,4.5
7,1,58,3.9238,6.0
7,1,58,4.1143,6.0
7,1,29,4.4734,4.25
7,1,29,4.6280,4.25
7,1,75,4.5492,4.75
7,1,75,4.3319,4.75
7,1,19,3.6906,4.75
7,1,19,3.5931,4.75
7,1,73,3.2774,1.0
7,1,73,3.9564,1.0
7,1,62,4.0515,4.5
7,1,62,4.1159,4.5
7,1,79,4.1124,3.0
7,1,79,4.4212,3.0
7,1,60,3.4658,3.25
7,1,60,4.0480,3.25
7,1,23,3.8282,4.0
7,1,23,3.7666,4.0
7,1,106,4.1295,4.75
7,1,106,4.0034,4.75
7,1,50,4.3722,5.0
7,1,50,4.7646,5.0
7,1,104,3.0903,4.75
7,1,104,3.6329,4.75
7,1,67,3.0963,4.75
7,1,67,3.8341,4.75
7,1,48,4.9072,1.5
7,1,48,4.4214,1.5
7,1,11,1.6279,1.75
7,1,11,1.6881,1.75
7,1,65,3.0451,5.25
7,1,65,3.0208,5.25
7,1,54,4.3572,5.5
7,1,54,3.9085,5.5
7,1,9,2.8519,2.0
7,1,9,3.0322,2.0
7,1,108,3.6459,2.75
7,1,108,4.0919,2.75
7,1,71,3.8328,4.75
7,1,71,4.0064,4.75
7,1,52,4.3982,0.75
7,1,52,5.0732,0.75
7,1,98,3.8568,3.25
7,1,98,3.8712,3.25
7,1,69,2.9114,5.5
7,1,69,3.2261,5.5
7,1,42,4.5412,3.0
7,1,42,4.9975,3.0
7,1,13,3.1208,3.0
7,1,13,2.8595,3.0
7,1,96,3.8943,5.5
7,1,96,4.1769,5.5
7,2,77,3.8200,4.25
7,2,77,4.0660,4.25
7,2,102,3.5999,5.25
7,2,102,3.3250,5.25
7,2,3,3.7275,5.75
7,2,3,3.6596,5.75
7,2,75,3.7513,3.5
7,2,75,3.8071,3.5
7,2,100,3.4573,1.75
7,2,100,3.4828,1.75
7,2,1,3.0164,4.25
7,2,1,3.5418,4.25
7,2,73,3.9685,3.25
7,2,73,4.1238,3.25
7,2,98,3.7803,3.75
7,2,98,4.2183,3.75
7,2,63,4.0107,5.25
7,2,63,4.3038,5.25
7,2,71,3.1506,4.0
7,2,71,2.8180,4.0
7,2,96,4.3562,3.5
7,2,96,4.1135,3.5
7,2,61,3.0794,5.5
7,2,61,2.9711,5.5
7,2,69,3.8350,4.25
7,2,69,4.2334,4.25
7,2,30,4.3406,3.0
7,2,30,4.3208,3.0
7,2,28,4.4515,5.75
7,2,28,4.3714,5.75
7,2,57,3.8304,1.5
7,2,57,3.9564,1.5
7,2,65,4.0559,5.0
7,2,65,4.1821,5.0
7,2,26,4.0844,4.25
7,2,26,4.1485,4.25
7,2,55,3.4726,4.0
7,2,55,3.8500,4.0
7,2,24,3.4233,3.75
7,2,24,3.7271,3.75
7,2,53,3.4446,5.0
7,2,53,3.8679,5.0
7,2,22,4.0167,3.0
7,2,22,4.6046,3.0
7,2,51,4.3402,4.75
7,2,51,4.2778,4.75
7,2,94,3.7571,3.25
7,2,94,4.1981,3.25
7,2,20,4.4881,5.5
7,2,20,4.1290,5.5
7,2,49,4.4240,4.0
7,2,49,4.3088,4.0
7,2,92,3.9026,4.66667
7,2,92,4.1119,4.66667
7,2,18,4.3824,3.5
7,2,18,4.2389,3.5
7,2,47,4.3204,4.0
7,2,47,4.7708,4.0
7,2,90,4.4639,4.0
7,2,90,4.5283,4.0
7,2,16,4.5244,5.0
7,2,16,4.3371,5.0
7,2,45,3.7933,2.5
7,2,45,3.9281,2.5
7,2,88,4.0619,5.0
7,2,88,4.0584,5.0
7,2,14,4.4748,5.5
7,2,14,4.4831,5.5
7,2,43,4.3914,2.75
7,2,43,4.2906,2.75
7,2,86,3.5739,2.5
7,2,86,3.3496,2.5
7,2,12,3.7514,4.25
7,2,12,4.2203,4.25
7,2,84,4.2814,3.75
7,2,84,4.4235,3.75
7,2,10,4.2158,4.0
7,2,10,4.0977,4.0
7,2,39,4.1140,4.0
7,2,39,4.4838,4.0
7,2,82,4.0962,3.25
7,2,82,4.2107,3.25
7,2,8,3.7430,4.0
7,2,8,4.0072,4.0
7,2,37,4.0490,3.5
7,2,37,4.1753,3.5
7,2,80,4.2080,4.0
7,2,80,4.2022,4.0
7,2,109,2.5850,5.25
7,2,109,2.3280,5.25
7,2,6,4.3123,4.0
7,2,6,4.3938,4.0
7,2,35,3.8200,3.5
7,2,35,3.9490,3.5
7,2,78,3.5178,5.0
7,2,78,4.0357,5.0
7,2,107,4.3049,4.5
7,2,107,4.1599,4.5
7,2,4,3.9267,3.0
7,2,4,4.0586,3.0
7,2,33,4.3382,1.5
7,2,33,4.2313,1.5
7,2,76,4.2181,4.5
7,2,76,4.2462,4.5
7,2,105,4.3654,3.0
7,2,105,4.7857,3.0
7,2,2,3.7530,2.75
7,2,2,4.0396,2.75
7,2,74,4.3794,2.5
7,2,74,4.2307,2.5
7,2,103,4.2105,4.25
7,2,103,4.3403,4.25
7,2,72,4.3666,4.25
7,2,72,4.0611,4.25
7,2,70,4.2568,3.25
7,2,70,4.1804,3.25
7,2,99,3.7019,4.25
7,2,99,3.7322,4.25
7,2,60,3.1534,4.0
7,2,60,3.5517,4.0
7,2,68,3.3049,6.5
7,2,68,3.7443,6.5
7,2,97,3.7573,3.0
7,2,97,4.1311,3.0
7,2,58,3.0985,4.0
7,2,58,3.4498,4.0
7,2,66,3.0179,5.5
7,2,66,3.2237,5.5
7,2,31,4.2877,3.75
7,2,31,4.3132,3.75
7,2,56,3.6324,4.75
7,2,56,4.0205,4.75
7,2,64,3.0622,3.25
7,2,64,2.9280,3.25
7,2,29,3.9498,1.75
7,2,29,4.3793,1.75
7,2,27,4.1724,4.25
7,2,27,4.3842,4.25
7,2,52,4.0029,3.25
7,2,52,4.1986,3.25
7,2,25,4.4750,4.75
7,2,25,4.7727,4.75
7,2,50,4.3788,4.25
7,2,50,4.3054,4.25
7,2,23,4.3209,1.75
7,2,23,4.1018,1.75
7,2,48,4.5747,3.75
7,2,48,4.8562,3.75
7,2,95,3.6182,2.5
7,2,95,4.0814,2.5
7,2,21,4.3184,1.5
7,2,21,4.1732,1.5
7,2,46,3.1801,4.75
7,2,46,3.5079,4.75
7,2,93,3.9871,4.75
7,2,93,4.3556,4.75
7,2,19,4.3738,4.5
7,2,19,4.3046,4.5
7,2,44,4.2665,4.5
7,2,44,4.2617,4.5
7,2,91,4.0730,3.75
7,2,91,4.1493,3.75
7,2,17,4.2237,6.0
7,2,17,4.2221,6.0
7,2,42,4.5189,3.0
7,2,42,4.6483,3.0
7,2,89,3.9535,3.0
7,2,89,4.0346,3.0
7,2,40,4.1648,5.25
7,2,40,4.6435,5.25
7,2,87,4.1982,4.5
7,2,87,4.4041,4.5
7,2,13,4.0830,4.75
7,2,13,3.9793,4.75
7,2,38,4.3972,5.25
7,2,38,4.7324,5.25
7,2,85,4.4018,2.5
7,2,85,4.4497,2.5
7,2,110,3.9435,4.75
7,2,110,3.2235,4.75
7,2,11,3.4953,2.75
7,2,11,3.8039,2.75
7,2,36,4.2065,2.5
7,2,36,4.2934,2.5
7,2,83,4.4725,5.0
7,2,83,4.5326,5.0
7,2,108,4.1701,5.5
7,2,108,4.0792,5.5
7,2,9,4.1438,4.0
7,2,9,4.3245,4.0
7,2,34,3.5594,4.25
7,2,34,3.3742,4.25
7,2,106,4.3010,6.25
7,2,106,4.1315,6.25
7,2,7,4.3724,5.0
7,2,7,4.6529,5.0
7,2,32,4.2041,4.5
7,2,32,4.2898,4.5
7,2,104,4.0266,3.5
7,2,104,4.2069,3.5
7,2,5,4.2395,3.25
7,2,5,4.1904,3.25
8,1,34,2.8377,2.5
8,1,34,2.7092,2.5
8,1,7,2.8750,1.0
8,1,7,2.7649,1.0
8,1,94,0.9472,1.75
8,1,94,0.6823,1.75
8,1,21,2.5723,1.75
8,1,21,2.2004,1.75
8,1,35,3.0413,3.0
8,1,35,2.4697,3.0
8,1,49,2.1289,2.25
8,1,49,1.8266,2.25
8,1,8,1.4851,1.0
8,1,8,1.3472,1.0
8,1,95,3.1406,2.25
8,1,95,2.6106,2.25
8,1,22,3.3513,3.5
8,1,22,2.9574,3.5
8,1,36,2.7925,3.75
8,1,36,2.4611,3.75
8,1,50,1.2125,1.0
8,1,50,0.9519,1.0
8,1,9,2.7516,2.0
8,1,9,2.7260,2.0
8,1,64,1.7058,1.25
8,1,64,1.3502,1.25
8,1,23,3.9615,3.25
8,1,23,3.7143,3.25
8,1,37,2.0797,1.75
8,1,37,1.9798,1.75
8,1,51,0.8918,1.0
8,1,51,1.1553,1.0
8,1,10,2.9248,1.75
8,1,10,2.7555,1.75
8,1,65,0.4139,2.0
8,1,65,0.3838,2.0
8,1,24,2.8622,3.75
8,1,24,2.7820,3.75
8,1,38,2.4174,2.25
8,1,38,2.2574,2.25
8,1,52,2.3175,1.25
8,1,52,1.8258,1.25
8,1,11,2.2785,2.0
8,1,11,2.3014,2.0
8,1,66,1.2303,2.25
8,1,66,1.0375,2.25
8,1,25,1.1706,2.5
8,1,25,1.1770,2.5
8,1,80,1.1888,1.75
8,1,80,0.6772,1.75
8,1,39,2.9033,3.0
8,1,39,2.2894,3.0
8,1,53,1.6248,2.25
8,1,53,1.3514,2.25
8,1,12,2.0421,1.0
8,1,12,2.0658,1.0
8,1,67,2.2173,2.25
8,1,67,2.0882,2.25
8,1,26,2.2399,2.75
8,1,26,1.9385,2.75
8,1,81,2.4138,2.25
8,1,81,1.7695,2.25
8,1,40,2.1575,1.75
8,1,40,1.7835,1.75
8,1,54,2.6894,3.0
8,1,54,2.4394,3.0
8,1,68,2.3248,1.5
8,1,68,2.2065,1.5
8,1,27,2.1549,2.0
8,1,27,1.4758,2.0
8,1,82,2.6933,1.75
8,1,82,2.2159,1.75
8,1,41,2.2900,1.5
8,1,41,1.7759,1.5
8,1,96,2.8121,2.5
8,1,96,2.8564,2.5
8,1,69,1.8438,2.5
8,1,69,1.4315,2.5
8,1,28,0.9945,1.0
8,1,28,1.2136,1.0
8,1,42,2.0430,3.5
8,1,42,1.8949,3.5
8,1,97,3.0799,2.25
8,1,97,2.8409,2.25
8,1,29,3.1411,3.25
8,1,29,3.1178,3.25
8,1,43,2.0961,1.75
8,1,43,1.4630,1.75
8,1,98,2.6991,0.75
8,1,98,2.5988,0.75
8,1,30,2.8999,2.5
8,1,30,2.6100,2.5
8,1,85,2.1476,2.0
8,1,85,1.8686,2.0
8,1,44,2.0311,3.25
8,1,44,1.6201,3.25
8,1,58,1.3602,1.0
8,1,58,1.8949,1.0
8,1,31,2.6721,1.25
8,1,31,2.4993,1.25
8,1,86,1.9963,1.25
8,1,86,1.9297,1.25
8,1,59,2.4334,1.5
8,1,59,2.3566,1.5
8,1,73,1.3810,2.75
8,1,73,1.5577,2.75
8,1,87,2.3617,1.0
8,1,87,1.7485,1.0
8,1,60,0.8629,2.5
8,1,60,0.5048,2.5
8,1,74,1.9433,2.5
8,1,74,1.5985,2.5
8,1,88,1.6569,2.25
8,1,88,1.6132,2.25
8,1,61,1.6259,2.75
8,1,61,1.2213,2.75
8,1,75,3.1990,3.0
8,1,75,3.0555,3.0
8,1,2,4.3623,2.75
8,1,2,4.4223,2.75
8,1,89,2.7001,3.5
8,1,89,2.1542,3.5
8,1,16,3.9368,2.75
8,1,16,3.7332,2.75
8,1,62,0.4258,1.5
8,1,62,0.7395,1.5
8,1,76,2.0475,1.0
8,1,76,1.6360,1.0
8,1,3,2.8653,2.5
8,1,3,2.9057,2.5
8,1,17,3.6474,3.25
8,1,17,3.4500,3.25
8,1,63,1.7736,1.0
8,1,63,1.7609,1.0
8,1,77,2.5227,3.25
8,1,77,2.0897,3.25
8,1,4,1.9464,1.75
8,1,4,1.7379,1.75
8,1,91,1.9640,2.75
8,1,91,1.3461,2.75
8,1,18,2.6425,3.75
8,1,18,2.5273,3.75
8,1,32,3.1899,2.75
8,1,32,3.0361,2.75
8,1,78,2.3061,2.75
8,1,78,2.5139,2.75
8,1,5,2.2446,2.0
8,1,5,1.5393,2.0
8,1,92,2.2206,1.5
8,1,92,1.7686,1.5
8,1,19,3.1855,2.25
8,1,19,2.7018,2.25
8,1,33,2.3713,1.75
8,1,33,1.8792,1.75
8,1,79,1.2898,2.0
8,1,79,0.8006,2.0
8,1,6,2.6004,1.5
8,1,6,2.4408,1.5
8,1,93,2.3708,1.75
8,1,93,2.3597,1.75
8,1,20,2.7306,2.5
8,1,20,2.2146,2.5
8,2,17,3.4267,3.5
8,2,17,3.4263,3.5
8,2,91,0.1186,2.25
8,2,91,0.1228,2.25
8,2,19,2.5507,2.0
8,2,19,2.5615,2.0
8,2,93,0.6003,4.25
8,2,93,0.6091,4.25
8,2,96,0.4314,2.0
8,2,96,0.4312,2.0
8,2,21,2.2150,2.25
8,2,21,2.2011,2.25
8,2,56,2.1293,2.0
8,2,56,2.1146,2.0
8,2,95,0.9129,2.0
8,2,95,0.9060,2.0
8,2,98,0.6915,3.0
8,2,98,0.6860,3.0
8,2,23,1.7080,2.5
8,2,23,1.7226,2.5
8,2,58,2.6534,3.0
8,2,58,2.6483,3.0
8,2,100,1.6664,3.25
8,2,100,1.6597,3.25
8,2,25,2.9955,2.75
8,2,25,2.9947,2.75
8,2,60,1.6071,3.5
8,2,60,1.6093,3.5
8,2,67,1.5831,1.625
8,2,67,1.5809,1.625
8,2,27,0.6541,4.0
8,2,27,0.6472,4.0
8,2,62,1.3254,1.75
8,2,62,1.3490,1.75
8,2,69,1.5887,3.5
8,2,69,1.5823,3.5
8,2,29,2.2772,4.75
8,2,29,2.2760,4.75
8,2,32,2.7144,4.0
8,2,32,2.7095,4.0
8,2,71,1.4814,2.0
8,2,71,1.5010,2.0
8,2,31,1.4172,2.75
8,2,31,1.4233,2.75
8,2,34,2.2898,3.5
8,2,34,2.3036,3.5
8,2,73,1.5300,3.5
8,2,73,1.5213,3.5
8,2,36,3.3436,3.75
8,2,36,3.3413,3.75
8,2,75,1.0304,4.0
8,2,75,1.0346,4.0
8,2,38,3.3945,3.75
8,2,38,3.3948,3.75
8,2,77,2.4746,4.75
8,2,77,2.4934,4.75
8,2,5,1.8191,3.75
8,2,5,1.8079,3.75
8,2,40,4.0965,2.0
8,2,40,4.0973,2.0
8,2,79,1.7977,4.0
8,2,79,1.8203,4.0
8,2,7,2.4858,1.5
8,2,7,2.4834,1.5
8,2,42,3.0249,3.5
8,2,42,3.0213,3.5
8,2,9,1.9210,2.0
8,2,9,1.9161,2.0
8,2,44,2.9201,3.25
8,2,44,2.9243,3.25
8,2,11,1.2577,3.0
8,2,11,1.2643,3.0
8,2,46,2.1015,3.25
8,2,46,2.1028,3.25
8,2,80,2.7593,3.25
8,2,80,2.7708,3.25
8,2,15,0.9698,2.25
8,2,15,0.9810,2.25
8,2,49,3.4285,4.0
8,2,49,3.4339,4.0
8,2,84,1.4331,3.5
8,2,84,1.4464,3.5
8,2,86,0.2551,3.25
8,2,86,0.2603,3.25
8,2,88,1.4239,3.75
8,2,88,1.4272,3.75
8,2,16,3.4641,4.0
8,2,16,3.4647,4.0
8,2,55,2.0471,3.75
8,2,55,2.0723,3.75
8,2,90,2.2063,1.5
8,2,90,2.1988,1.5
8,2,97,2.4481,4.25
8,2,97,2.4477,4.25
8,2,18,2.5765,3.5
8,2,18,2.5696,3.5
8,2,57,2.0772,4.75
8,2,57,2.0717,4.75
8,2,92,1.1730,2.0
8,2,92,1.1646,2.0
8,2,99,1.4769,4.0
8,2,99,1.4634,4.0
8,2,20,3.0975,3.75
8,2,20,3.0975,3.75
8,2,59,2.2829,4.5
8,2,59,2.2882,4.5
8,2,94,0.6449,3.0
8,2,94,0.6467,3.0
8,2,101,1.3768,2.75
8,2,101,1.3686,2.75
8,2,22,2.4407,2.25
8,2,22,2.4400,2.25
8,2,61,1.6891,4.0
8,2,61,1.7029,4.0
8,2,64,2.1712,4.75
8,2,64,2.1712,4.75
8,2,24,1.0393,3.0
8,2,24,1.0300,3.0
8,2,63,2.0883,5.25
8,2,63,2.0844,5.25
8,2,26,1.1557,4.0
8,2,26,1.1574,4.0
8,2,33,1.1942,2.25
8,2,33,1.2026,2.25
8,2,68,0.7939,2.75
8,2,68,0.7936,2.75
8,2,28,1.5837,2.5
8,2,28,1.5844,2.5
8,2,35,3.4807,3.5
8,2,35,3.4846,3.5
8,2,70,2.2244,4.0
8,2,70,2.2365,4.0
8,2,30,2.4559,4.25
8,2,30,2.4522,4.25
8,2,37,3.0081,2.25
8,2,37,3.0112,2.25
8,2,72,1.0507,3.5
8,2,72,1.0424,3.5
8,2,39,3.9092,2.0
8,2,39,3.9088,2.0
8,2,74,1.9384,3.75
8,2,74,1.9514,3.75
8,2,41,1.7017,4.0
8,2,41,1.7026,4.0
8,2,76,3.0041,3.25
8,2,76,2.9973,3.25
8,2,4,1.4516,3.25
8,2,4,1.4571,3.25
8,2,43,2.2663,2.75
8,2,43,2.2475,2.75
8,2,78,2.2711,3.25
8,2,78,2.2611,3.25
8,2,6,0.8393,1.75
8,2,6,0.8262,1.75
8,2,45,3.2177,2.25
8,2,45,3.2196,2.25
8,2,8,2.8819,4.25
8,2,8,2.8854,4.25
8,2,47,2.1155,2.75
8,2,47,2.1174,2.75
8,2,10,0.3715,1.75
8,2,10,0.3893,1.75
8,2,83,0.3750,2.75
8,2,83,0.3742,2.75
8,2,85,0.9609,4.5
8,2,85,0.9424,4.5
8,2,48,2.2287,4.0
8,2,48,2.2370,4.0
8,2,87,2.0872,2.0
8,2,87,2.0881,2.0
8,2,50,3.9156,3.0
8,2,50,3.9144,3.0
8,2,89,2.8760,2.25
8,2,89,2.8655,2.25
9,1,81,2.9211,2.25
9,1,81,3.0157,2.25
9,1,27,4.8994,3.75
9,1,27,4.3734,3.75
9,1,83,3.8102,4.25
9,1,83,3.5551,4.25
9,1,29,4.1364,2.5
9,1,29,2.7648,2.5
9,1,32,3.6432,2.75
9,1,32,3.1276,2.75
9,1,85,4.5925,4.75
9,1,85,4.6390,4.75
9,1,31,4.2405,3.5
9,1,31,4.4156,3.5
9,1,34,3.2945,3.25
9,1,34,2.6473,3.25
9,1,87,3.3810,3.25
9,1,87,3.5999,3.25
9,1,36,4.1631,3.5
9,1,36,3.8079,3.5
9,1,89,3.9873,2.75
9,1,89,3.3830,2.75
9,1,3,4.3944,4.75
9,1,3,3.9991,4.75
9,1,38,3.6131,3.5
9,1,38,3.4382,3.5
9,1,91,3.5086,3.75
9,1,91,3.2006,3.75
9,1,5,4.2511,5.75
9,1,5,4.0419,5.75
9,1,40,2.4216,2.25
9,1,40,2.6178,2.25
9,1,93,4.3295,3.25
9,1,93,4.2770,3.25
9,1,96,4.0689,4.25
9,1,96,3.3983,4.25
9,1,7,4.4209,4.25
9,1,7,4.3440,4.25
9,1,42,3.5620,4.0
9,1,42,3.7747,4.0
9,1,95,3.7528,4.25
9,1,95,3.3758,4.25
9,1,98,3.4297,2.25
9,1,98,3.6621,2.25
9,1,65,4.0530,2.0
9,1,65,3.0849,2.0
9,1,100,4.1723,4.25
9,1,100,3.8949,4.25
9,1,67,3.8746,4.25
9,1,67,3.7588,4.25
9,1,102,2.8731,3.75
9,1,102,3.1472,3.75
9,1,69,3.5439,5.5
9,1,69,3.6419,5.5
9,1,104,3.8063,3.0
9,1,104,3.2495,3.0
9,1,106,3.5196,4.0
9,1,106,3.2343,4.0
9,1,73,2.9124,3.25
9,1,73,3.3958,3.25
9,1,51,3.4886,3.5
9,1,51,3.8042,3.5
9,1,75,4.0992,2.5
9,1,75,3.3208,2.5
9,1,110,4.0438,4.25
9,1,110,3.5655,4.25
9,1,53,3.2918,3.0
9,1,53,3.7391,3.0
9,1,77,4.0114,3.25
9,1,77,3.1998,3.25
9,1,16,3.6481,1.5
9,1,16,4.0900,1.5
9,1,55,3.3828,3.5
9,1,55,3.7583,3.5
9,1,79,3.6148,4.0
9,1,79,3.5708,4.0
9,1,18,4.4370,3.5
9,1,18,4.2095,3.5
9,1,20,4.0643,4.0
9,1,20,4.1239,4.0
9,1,59,3.7983,2.75
9,1,59,3.0208,2.75
9,1,22,2.6222,3.0
9,1,22,3.3691,3.0
9,1,61,3.1679,3.5
9,1,61,3.5491,3.5
9,1,24,3.5002,3.5
9,1,24,3.5394,3.5
9,1,63,3.5434,3.25
9,1,63,2.9679,3.25
9,1,80,2.9312,3.25
9,1,80,3.0147,3.25
9,1,26,3.5759,4.5
9,1,26,3.6616,4.5
9,1,33,2.9673,3.75
9,1,33,3.2251,3.75
9,1,82,3.9731,4.0
9,1,82,4.0403,4.0
9,1,28,3.9471,2.75
9,1,28,3.6374,2.75
9,1,35,3.3395,3.5
9,1,35,3.8965,3.5
9,1,84,3.7199,3.0
9,1,84,3.8280,3.0
9,1,30,3.8883,3.0
9,1,30,3.3987,3.0
9,1,37,4.3305,4.5
9,1,37,4.0540,4.5
9,1,86,4.3148,4.0
9,1,86,3.0335,4.0
9,1,39,3.8426,2.75
9,1,39,3.7130,2.75
9,1,88,3.2734,3.25
9,1,88,2.8313,3.25
9,1,2,4.4831,5.25
9,1,2,4.4365,5.25
9,1,41,3.7000,3.0
9,1,41,4.5398,3.0
9,1,90,3.3488,2.75
9,1,90,3.2646,2.75
9,1,97,4.2075,3.5
9,1,97,4.4493,3.5
9,1,4,4.4790,5.0
9,1,4,4.3136,5.0
9,1,92,3.5337,4.0
9,1,92,3.1384,4.0
9,1,99,3.7912,3.0
9,1,99,3.0448,3.0
9,1,6,3.7495,3.5
9,1,6,3.6630,3.5
9,1,94,3.6482,3.0
9,1,94,3.7904,3.0
9,1,101,4.1366,2.25
9,1,101,3.2628,2.25
9,1,8,4.5980,4.5
9,1,8,4.4153,4.5
9,1,64,4.2938,4.25
9,1,64,4.2970,4.25
9,1,103,2.1684,2.25
9,1,103,2.4505,2.25
9,1,66,4.3090,4.75
9,1,66,3.8956,4.75
9,1,105,4.1442,3.75
9,1,105,4.0193,3.75
9,1,12,1.9471,4.75
9,1,12,2.4354,4.75
9,1,68,3.6352,3.5
9,1,68,3.5563,3.5
9,1,107,3.0665,4.25
9,1,107,3.3346,4.25
9,1,72,3.5501,3.75
9,1,72,3.3759,3.75
9,1,111,3.6939,3.0
9,1,111,4.1932,3.0
9,1,50,3.9773,3.5
9,1,50,3.9756,3.5
9,1,74,4.0140,3.0
9,1,74,3.5378,3.0
9,1,17,3.1316,4.25
9,1,17,3.8770,4.25
9,1,52,3.2751,2.75
9,1,52,3.8709,2.75
9,1,76,3.4350,4.0
9,1,76,3.6056,4.0
9,1,19,4.1740,3.25
9,1,19,3.7636,3.25
9,1,54,2.5925,2.75
9,1,54,2.9873,2.75
9,1,78,3.6423,3.5
9,1,78,3.5510,3.5
9,1,21,3.4744,4.5
9,1,21,3.2484,4.5
9,1,56,3.9619,3.75
9,1,56,3.4302,3.75
9,1,23,4.1209,4.5
9,1,23,4.0821,4.5
9,1,25,3.9523,3.5
9,1,25,4.0084,3.5
9,1,60,3.0732,4.0
9,1,60,3.7822,4.0
9,2,98,3.8349,4.5
9,2,98,3.3060,4.5
9,2,71,4.4544,5.25
9,2,71,4.9144,5.25
9,2,100,4.0535,5.75
9,2,100,3.9572,5.75
9,2,46,4.1111,4.75
9,2,46,3.9761,4.75
9,2,102,4.3459,3.75
9,2,102,4.3148,3.75
9,2,75,4.0741,3.75
9,2,75,4.5930,3.75
9,2,16,3.7497,2.75
9,2,16,2.9820,2.75
9,2,104,4.3987,3.25
9,2,104,4.0931,3.25
9,2,77,3.4642,4.25
9,2,77,3.7137,4.25
9,2,18,3.1926,4.25
9,2,18,3.4467,4.25
9,2,106,4.5385,5.25
9,2,106,4.8611,5.25
9,2,79,3.2616,5.25
9,2,79,3.8046,5.25
9,2,20,3.1806,3.0
9,2,20,3.7917,3.0
9,2,108,4.5400,4.25
9,2,108,4.3940,4.25
9,2,49,4.4698,5.25
9,2,49,4.5588,5.25
9,2,22,3.5547,3.0
9,2,22,3.4980,3.0
9,2,110,3.6217,3.25
9,2,110,4.6791,3.25
9,2,51,4.7816,5.0
9,2,51,4.9528,5.0
9,2,24,2.9491,1.75
9,2,24,3.2682,1.75
9,2,80,3.2572,4.75
9,2,80,3.7929,4.75
9,2,53,2.3086,3.75
9,2,53,2.1772,3.75
9,2,26,3.4837,3.25
9,2,26,3.2243,3.25
9,2,82,4.0678,3.0
9,2,82,3.4063,3.0
9,2,55,4.3277,3.25
9,2,55,3.7759,3.25
9,2,28,3.6625,4.75
9,2,28,3.9303,4.75
9,2,84,2.9991,3.75
9,2,84,3.5669,3.75
9,2,30,4.0213,2.75
9,2,30,4.3382,2.75
9,2,113,3.8846,5.75
9,2,113,4.1802,5.75
9,2,86,4.2210,4.0
9,2,86,3.7348,4.0
9,2,88,4.0089,4.5
9,2,88,3.8514,4.5
9,2,2,3.8456,4.0
9,2,2,3.4867,4.0
9,2,90,3.3124,3.25
9,2,90,3.3253,3.25
9,2,63,3.7211,5.0
9,2,63,4.8159,5.0
9,2,4,4.1688,5.25
9,2,4,3.8123,5.25
9,2,92,4.1957,4.25
9,2,92,3.8795,4.25
9,2,33,3.6317,3.0
9,2,33,4.2797,3.0
9,2,6,4.7647,5.75
9,2,6,4.8339,5.75
9,2,94,3.4201,4.0
9,2,94,3.7106,4.0
9,2,35,2.5001,2.5
9,2,35,3.0829,2.5
9,2,8,3.3108,4.5
9,2,8,3.3341,4.5
9,2,64,3.1939,4.5
9,2,64,2.9832,4.5
9,2,37,3.3112,3.75
9,2,37,3.0777,3.75
9,2,10,4.0559,4.75
9,2,10,3.8917,4.75
9,2,66,3.9872,5.5
9,2,66,3.6400,5.5
9,2,39,3.1435,4.0
9,2,39,4.1000,4.0
9,2,12,4.1771,5.5
9,2,12,4.2400,5.5
9,2,68,4.1049,3.25
9,2,68,3.9089,3.25
9,2,41,3.7921,4.5
9,2,41,4.7884,4.5
9,2,97,3.8434,3.75
9,2,97,3.2615,3.75
9,2,70,4.4195,4.75
9,2,70,4.3774,4.75
9,2,99,4.1853,4.5
9,2,99,4.2825,4.5
9,2,45,2.5974,3.0
9,2,45,2.9511,3.0
9,2,101,3.7576,3.75
9,2,101,3.7059,3.75
9,2,74,4.1492,5.25
9,2,74,4.5653,5.25
9,2,47,3.6789,5.0
9,2,47,4.0220,5.0
9,2,103,3.6349,3.0
9,2,103,3.5335,3.0
9,2,76,3.3794,3.25
9,2,76,3.7433,3.25
9,2,17,3.4165,4.0
9,2,17,3.9637,4.0
9,2,105,4.3745,4.5
9,2,105,4.9022,4.5
9,2,78,3.1788,5.5
9,2,78,3.5163,5.5
9,2,19,3.5150,3.25
9,2,19,3.3018,3.25
9,2,107,3.0828,3.75
9,2,107,3.2289,3.75
9,2,48,4.5669,5.0
9,2,48,4.7335,5.0
9,2,21,3.0252,3.75
9,2,21,3.6608,3.75
9,2,109,3.4754,2.25
9,2,109,3.8198,2.25
9,2,50,3.2574,4.0
9,2,50,4.4162,4.0
9,2,23,2.9570,2.75
9,2,23,3.5884,2.75
9,2,111,3.9343,4.0
9,2,111,4.2495,4.0
9,2,52,2.6069,2.75
9,2,52,2.3157,2.75
9,2,25,3.4676,5.75
9,2,25,3.8148,5.75
9,2,81,4.7946,4.75
9,2,81,4.4250,4.75
9,2,54,4.0401,5.5
9,2,54,3.9723,5.5
9,2,27,2.3609,3.25
9,2,27,3.1947,3.25
9,2,83,4.0721,4.0
9,2,83,4.2210,4.0
9,2,56,3.6702,5.0
9,2,56,4.2390,5.0
9,2,29,3.9539,3.0
9,2,29,4.3022,3.0
9,2,112,3.8562,4.5
9,2,112,4.0779,4.5
9,2,85,3.7573,4.75
9,2,85,3.6097,4.75
9,2,31,2.8621,2.75
9,2,31,3.5614,2.75
9,2,87,4.0660,3.25
9,2,87,3.4617,3.25
9,2,89,2.8304,2.75
9,2,89,2.7736,2.75
9,2,62,4.0107,4.0
9,2,62,4.3346,4.0
9,2,3,3.8153,4.5
9,2,3,3.7645,4.5
9,2,91,2.3360,4.25
9,2,91,3.0738,4.25
9,2,32,2.9876,2.25
9,2,32,4.1350,2.25
9,2,5,4.3192,5.5
9,2,5,3.9345,5.5
9,2,93,3.8128,4.5
9,2,93,3.7498,4.5
9,2,34,3.8224,2.5
9,2,34,4.2182,2.5
9,2,7,3.5728,5.25
9,2,7,3.5585,5.25
9,2,95,3.3299,5.0
9,2,95,3.8901,5.0
9,2,36,3.4919,4.75
9,2,36,3.9882,4.75
9,2,9,4.5494,5.75
9,2,9,3.9855,5.75
9,2,65,4.3806,4.75
9,2,65,4.2137,4.75
9,2,38,2.1416,2.0
9,2,38,2.6946,2.0
9,2,11,4.1023,4.5
9,2,11,3.7856,4.5
9,2,67,4.2108,4.25
9,2,67,4.2255,4.25
9,2,40,4.1941,3.25
9,2,40,4.5960,3.25
9,2,13,2.9584,3.75
9,2,13,3.1620,3.75
9,2,96,4.1360,3.0
9,2,96,4.1605,3.0
9,2,69,3.5570,3.25
9,2,69,4.2257,3.25
9,2,42,4.0014,3.25
9,2,42,3.7286,3.25
10,1,63,4.2651,4.25
10,1,63,4.5074,4.25
10,1,24,5.2439,4.75
10,1,24,5.2592,4.75
10,1,80,4.7661,5.0
10,1,80,4.6680,5.0
10,1,61,5.7341,4.0
10,1,61,5.3612,4.0
10,1,6,5.0139,5.0
10,1,6,4.9052,5.0
10,1,94,4.2877,5.0
10,1,94,4.3497,5.0
10,1,4,4.6916,5.5
10,1,4,4.9686,5.5
10,1,92,4.8125,5.0
10,1,92,4.8402,5.0
10,1,57,4.6861,1.5
10,1,57,4.6014,1.5
10,1,90,4.3818,3.75
10,1,90,5.2195,3.75
10,1,39,4.4118,4.0
10,1,39,4.6027,4.0
10,1,88,5.4886,5.5
10,1,88,5.0278,5.5
10,1,37,5.4781,6.0
10,1,37,5.5356,6.0
10,1,14,5.3740,3.75
10,1,14,5.0914,3.75
10,1,35,3.4078,2.0
10,1,35,3.7826,2.0
10,1,12,5.4134,4.5
10,1,12,4.8446,4.5
10,1,68,5.4639,3.75
10,1,68,4.9411,3.75
10,1,33,4.1999,4.5
10,1,33,4.6746,4.5
10,1,10,5.0517,5.0
10,1,10,4.8813,5.0
10,1,66,5.2540,6.0
10,1,66,5.0691,6.0
10,1,47,4.5944,5.25
10,1,47,4.8974,5.25
10,1,8,4.8775,6.25
10,1,8,5.5972,6.25
10,1,103,4.0527,3.75
10,1,103,4.6489,3.75
10,1,64,4.1502,5.0
10,1,64,4.1089,5.0
10,1,45,4.1344,2.875
10,1,45,4.6259,2.875
10,1,101,4.7100,5.5
10,1,101,4.8712,5.5
10,1,78,5.5212,5.5
10,1,78,5.0164,5.5
10,1,43,4.5861,4.5
10,1,43,4.9402,4.5
10,1,99,4.9584,5.25
10,1,99,5.2798,5.25
10,1,76,4.5523,4.75
10,1,76,5.0179,4.75
10,1,41,4.4009,3.25
10,1,41,4.6666,3.25
10,1,97,4.2815,3.75
10,1,97,4.4819,3.75
10,1,74,4.7887,4.75
10,1,74,4.6487,4.75
10,1,72,4.9104,3.0
10,1,72,5.1929,3.0
10,1,21,4.2390,5.25
10,1,21,4.2476,5.25
10,1,54,3.1380,3.5
10,1,54,3.8335,3.5
10,1,107,5.4145,5.0
10,1,107,5.2867,5.0
10,1,52,5.1119,5.0
10,1,52,4.9959,5.0
10,1,105,4.4033,4.0
10,1,105,4.8900,4.0
10,1,50,5.4048,5.25
10,1,50,5.3030,5.25
10,1,31,4.8485,4.75
10,1,31,5.1576,4.75
10,1,87,5.1718,4.75
10,1,87,5.1772,4.75
10,1,48,5.6880,5.0
10,1,48,5.4651,5.0
10,1,29,5.3338,4.5
10,1,29,5.2177,4.5
10,1,85,4.0490,4.75
10,1,85,4.3265,4.75
10,1,62,4.3989,3.75
10,1,62,4.6670,3.75
10,1,27,4.2082,4.25
10,1,27,4.6939,4.25
10,1,83,4.8756,3.0
10,1,83,4.9445,3.0
10,1,25,5.2284,4.5
10,1,25,5.3693,4.5
10,1,81,3.5609,4.25
10,1,81,3.6789,4.25
10,1,7,5.1884,5.5
10,1,7,5.7034,5.5
10,1,95,5.4058,4.75
10,1,95,5.4779,4.75
10,1,56,4.5031,4.5
10,1,56,4.6702,4.5
10,1,5,4.4345,5.0
10,1,5,4.6753,5.0
10,1,93,4.8910,4.0
10,1,93,5.0983,4.0
10,1,38,4.6719,3.75
10,1,38,4.5023,3.75
10,1,91,5.2807,4.5
10,1,91,5.1485,4.5
10,1,36,5.4171,4.75
10,1,36,5.5616,4.75
10,1,89,5.0616,5.25
10,1,89,5.2557,5.25
10,1,34,3.4606,4.0
10,1,34,4.1590,4.0
10,1,32,4.6280,3.75
10,1,32,5.0777,3.75
10,1,13,4.9807,4.25
10,1,13,4.7320,4.25
10,1,69,5.2030,4.5
10,1,69,4.8827,4.5
10,1,46,5.2002,5.0
10,1,46,5.0936,5.0
10,1,11,4.4476,4.0
10,1,11,4.8792,4.0
10,1,102,4.0199,5.0
10,1,102,4.0560,5.0
10,1,67,4.9583,5.25
10,1,67,4.6933,5.25
10,1,44,4.5368,4.5
10,1,44,5.1468,4.5
10,1,9,4.5869,5.5
10,1,9,5.1558,5.5
10,1,100,4.3768,4.0
10,1,100,4.3281,4.0
10,1,65,4.5785,5.75
10,1,65,4.8410,5.75
10,1,42,5.5363,5.25
10,1,42,5.0910,5.25
10,1,98,5.3325,4.5
10,1,98,5.1043,4.5
10,1,79,3.6065,4.5
10,1,79,3.7491,4.5
10,1,40,4.6893,4.5
10,1,40,5.1031,4.5
10,1,96,5.2531,4.5
10,1,96,5.3341,4.5
10,1,77,5.6214,4.5
10,1,77,5.3235,4.5
10,1,22,4.9171,4.5
10,1,22,5.0905,4.5
10,1,75,5.3089,4.5
10,1,75,5.1482,4.5
10,1,20,5.2899,5.0
10,1,20,5.3594,5.0
10,1,108,4.4667,5.0
10,1,108,4.3014,5.0
10,1,73,5.1306,4.25
10,1,73,5.4280,4.25
10,1,106,5.0062,2.0
10,1,106,5.0690,2.0
10,1,55,4.9399,5.25
10,1,55,5.0231,5.25
10,1,104,5.3949,4.5
10,1,104,5.3374,4.5
10,1,53,5.2325,5.25
10,1,53,5.3802,5.25
10,1,30,5.7623,5.5
10,1,30,5.6155,5.5
10,1,86,4.3278,4.0
10,1,86,4.8873,4.0
10,1,51,3.8343,5.5
10,1,51,4.5627,5.5
10,1,28,4.7890,4.75
10,1,28,5.1432,4.75
10,1,84,4.1595,2.75
10,1,84,4.5120,2.75
10,1,49,3.8663,4.0
10,1,49,4.0652,4.0
10,1,26,3.1626,2.375
10,1,26,4.2611,2.375
10,1,82,4.9198,4.5
10,1,82,4.7903,4.5
10,2,65,4.1658,5.0
10,2,65,4.3897,5.0
10,2,26,4.4434,3.5
10,2,26,3.9798,3.5
10,2,83,3.6473,4.25
10,2,83,3.6368,4.25
10,2,15,4.7633,5.75
10,2,15,4.7422,5.75
10,2,25,4.7318,4.25
10,2,25,4.7933,4.25
10,2,82,4.3359,5.25
10,2,82,4.2774,5.25
10,2,14,4.8068,5.25
10,2,14,4.9704,5.25
10,2,71,4.9764,4.0
10,2,71,5.2133,4.0
10,2,24,4.4406,3.5
10,2,24,4.1594,3.5
10,2,81,5.0545,5.25
10,2,81,4.8727,5.25
10,2,35,3.1187,2.75
10,2,35,3.3535,2.75
10,2,13,5.3420,5.25
10,2,13,5.3970,5.25
10,2,70,5.0359,4.66667
10,2,70,5.1643,4.66667
10,2,31,3.5606,3.25
10,2,31,3.3398,3.25
10,2,80,4.9156,4.5
10,2,80,5.1127,4.5
10,2,34,4.4267,5.0
10,2,34,4.2751,5.0
10,2,12,4.6812,4.25
10,2,12,4.8917,4.25
10,2,69,4.4248,5.25
10,2,69,4.5929,5.25
10,2,30,5.2072,5.75
10,2,30,5.1454,5.75
10,2,87,4.9673,5.5
10,2,87,5.3612,5.5
10,2,33,4.2545,4.75
10,2,33,4.8455,4.75
10,2,51,5.0360,5.5
10,2,51,5.1611,5.5
10,2,68,4.5471,4.75
10,2,68,5.0566,4.75
10,2,29,3.7552,5.0
10,2,29,4.0232,5.0
10,2,86,5.2545,4.5
10,2,86,5.3136,4.5
10,2,32,3.9354,1.75
10,2,32,3.3121,1.75
10,2,50,3.2778,4.0
10,2,50,3.2140,4.0
10,2,75,5.1851,4.5
10,2,75,5.6692,4.5
10,2,28,5.0442,4.5
10,2,28,4.7972,4.5
10,2,85,5.0685,5.25
10,2,85,5.5060,5.25
10,2,39,5.2874,5.25
10,2,39,5.3002,5.25
10,2,74,4.7309,4.75
10,2,74,4.9910,4.75
10,2,3,5.0832,3.75
10,2,3,5.4219,3.75
10,2,84,4.9506,4.0
10,2,84,4.8102,4.0
10,2,38,4.7116,4.75
10,2,38,4.4421,4.75
10,2,73,3.7257,5.5
10,2,73,4.1749,5.5
10,2,91,4.0651,4.25
10,2,91,4.3552,4.25
10,2,37,4.7751,5.0
10,2,37,5.0163,5.0
10,2,55,5.5082,3.75
10,2,55,5.1032,3.75
10,2,72,4.6328,6.25
10,2,72,4.8909,6.25
10,2,90,4.6635,4.25
10,2,90,4.8562,4.25
10,2,19,4.8123,4.5
10,2,19,4.8403,4.5
10,2,36,4.5802,3.75
10,2,36,4.6105,3.75
10,2,54,4.6223,5.5
10,2,54,4.5467,5.5
10,2,79,4.8540,5.5
10,2,79,5.0187,5.5
10,2,89,4.4315,4.0
10,2,89,4.4958,4.0
10,2,43,5.5607,5.75
10,2,43,5.5860,5.75
10,2,53,5.2181,6.75
10,2,53,5.7585,6.75
10,2,78,4.2545,5.25
10,2,78,4.4605,5.25
10,2,7,5.1443,5.25
10,2,7,5.4267,5.25
10,2,88,4.9948,5.5
10,2,88,4.7814,5.5
10,2,42,5.1108,5.5
10,2,42,5.4527,5.5
10,2,52,5.6637,5.5
10,2,52,5.9085,5.5
10,2,77,4.3156,3.5
10,2,77,4.4987,3.5
10,2,6,4.9812,5.25
10,2,6,5.2144,5.25
10,2,95,4.0080,2.0
10,2,95,4.1001,2.0
10,2,41,4.9332,5.25
10,2,41,5.0643,5.25
10,2,76,4.8794,4.5
10,2,76,5.3171,4.5
10,2,5,4.9787,5.5
10,2,5,4.6087,5.5
10,2,94,4.2109,3.25
10,2,94,4.2610,3.25
10,2,23,5.5105,5.0
10,2,23,5.5146,5.0
10,2,40,3.3374,4.5
10,2,40,3.4730,4.5
10,2,97,3.3700,5.75
10,2,97,3.3507,5.75
10,2,58,5.0665,5.5
10,2,58,5.6691,5.5
10,2,4,4.3193,6.25
10,2,4,4.2275,6.25
10,2,93,3.7397,3.25
10,2,93,3.6863,3.25
10,2,22,4.7736,5.5
10,2,22,4.9581,5.5
10,2,47,4.8498,5.25
10,2,47,4.5824,5.25
10,2,96,4.2017,4.75
10,2,96,4.6790,4.75
10,2,11,4.6638,4.5
10,2,11,4.6218,4.5
10,2,92,4.4693,4.75
10,2,92,4.7669,4.75
10,2,21,4.4686,5.5
10,2,21,4.4885,5.5
10,2,46,4.0826,4.25
10,2,46,3.7993,4.25
10,2,56,4.2126,5.25
10,2,56,4.3268,5.25
10,2,10,4.4762,5.25
10,2,10,4.5828,5.25
10,2,67,4.1240,4.33333
10,2,67,4.2276,4.33333
10,2,20,5.2381,2.75
10,2,20,5.1945,2.75
10,2,45,3.3531,3.5
10,2,45,3.5847,3.5
10,2,9,3.4032,3.25
10,2,9,3.5584,3.25
10,2,66,3.5067,3.0
10,2,66,3.4786,3.0
10,2,27,4.6809,5.0
10,2,27,4.5595,5.0
10,2,44,4.7788,5.0
10,2,44,5.1103,5.0
10,2,8,5.6312,5.75
10,2,8,5.6965,5.75
11,1,5,5.5973,4.5
11,1,5,5.1753,4.5
11,1,94,5.2942,5.75
11,1,94,4.6172,5.75
11,1,23,6.4357,5.75
11,1,23,5.0460,5.75
11,1,32,5.8519,4.25
11,1,32,5.3090,4.25
11,1,50,3.7888,3.0
11,1,50,3.3001,3.0
11,1,75,3.7696,3.5
11,1,75,3.3381,3.5
11,1,4,5.5483,5.75
11,1,4,4.6254,5.75
11,1,93,4.8919,4.25
11,1,93,4.6454,4.25
11,1,22,4.9160,6.25
11,1,22,4.1138,6.25
11,1,47,3.8154,4.0
11,1,47,3.5671,4.0
11,1,49,3.3652,4.5
11,1,49,3.0919,4.5
11,1,74,4.5041,5.0
11,1,74,3.9935,5.0
11,1,92,4.5987,4.25
11,1,92,3.8316,4.25
11,1,21,4.4808,4.25
11,1,21,3.8841,4.25
11,1,46,3.7058,1.75
11,1,46,2.9638,1.75
11,1,48,2.3135,2.25
11,1,48,1.8875,2.25
11,1,73,4.8439,5.25
11,1,73,4.5342,5.25
11,1,91,4.6462,5.5
11,1,91,4.2004,5.5
11,1,20,4.8030,5.5
11,1,20,4.0492,5.5
11,1,63,5.4162,6.25
11,1,63,5.0211,6.25
11,1,72,4.7670,4.75
11,1,72,4.2723,4.75
11,1,90,5.1073,4.25
11,1,90,4.7715,4.25
11,1,19,5.4137,6.25
11,1,19,5.1939,6.25
11,1,62,4.0925,5.0
11,1,62,3.3397,5.0
11,1,89,5.7294,5.0
11,1,89,5.1139,5.0
11,1,15,4.8709,3.5
11,1,15,4.4892,3.5
11,1,88,5.0859,3.75
11,1,88,4.7322,3.75
11,1,99,6.0811,6.25
11,1,99,5.4088,6.25
11,1,14,5.0967,4.25
11,1,14,4.1202,4.25
11,1,71,4.8900,4.75
11,1,71,4.4362,4.75
11,1,98,4.8176,4.5
11,1,98,4.2580,4.5
11,1,13,4.9583,5.25
11,1,13,4.4960,5.25
11,1,70,4.8668,5.0
11,1,70,4.1502,5.0
11,1,31,5.9967,5.5
11,1,31,5.3750,5.5
11,1,97,3.8315,3.75
11,1,97,3.6247,3.75
11,1,12,5.2276,5.5
11,1,12,4.9090,5.5
11,1,69,4.4650,4.0
11,1,69,3.9033,4.0
11,1,30,6.1599,4.25
11,1,30,5.3906,4.25
11,1,87,4.6619,2.75
11,1,87,3.9062,2.75
11,1,96,4.6988,4.75
11,1,96,4.0812,4.75
11,1,57,2.9108,2.5
11,1,57,2.3555,2.5
11,1,11,2.7929,4.5
11,1,11,2.3865,4.5
11,1,68,4.4946,4.25
11,1,68,4.0623,4.25
11,1,29,5.6716,5.5
11,1,29,4.8360,5.5
11,1,56,3.5175,2.25
11,1,56,2.9597,2.25
11,1,10,4.7214,4.66667
11,1,10,3.9373,4.66667
11,1,67,4.6490,6.25
11,1,67,4.3283,6.25
11,1,28,5.6402,4.5
11,1,28,4.9730,4.5
11,1,39,4.7167,5.0
11,1,39,3.7802,5.0
11,1,9,5.1242,4.0
11,1,9,4.8441,4.0
11,1,66,3.4851,3.25
11,1,66,3.1677,3.25
11,1,27,5.1853,4.5
11,1,27,4.7523,4.5
11,1,84,5.2720,3.5
11,1,84,4.6676,3.5
11,1,38,5.7039,4.5
11,1,38,4.3725,4.5
11,1,8,5.6419,4.25
11,1,8,4.5490,4.25
11,1,65,3.6205,4.25
11,1,65,3.0436,4.25
11,1,26,4.7537,4.0
11,1,26,4.9038,4.0
11,1,83,5.5344,3.5
11,1,83,4.9341,3.5
11,1,37,4.0741,3.75
11,1,37,3.8216,3.75
11,1,55,3.2580,4.0
11,1,55,2.6112,4.0
11,1,64,5.2312,5.0
11,1,64,4.3757,5.0
11,1,25,5.6545,5.0
11,1,25,4.6536,5.0
11,1,82,5.0800,4.5
11,1,82,4.5903,4.5
11,1,36,5.0985,5.0
11,1,36,4.8641,5.0
11,1,54,3.9368,2.5
11,1,54,3.3906,2.5
11,1,79,4.7416,4.5
11,1,79,4.3983,4.5
11,1,24,4.0575,3.25
11,1,24,3.9036,3.25
11,1,81,4.5540,4.5
11,1,81,4.4817,4.5
11,1,35,5.3365,4.5
11,1,35,4.7309,4.5
11,1,53,4.1730,5.25
11,1,53,3.7918,5.25
11,1,78,4.3249,5.0
11,1,78,3.8049,5.0
11,1,7,5.3795,4.25
11,1,7,4.7884,4.25
11,1,80,5.2859,6.0
11,1,80,4.8531,6.0
11,1,34,5.5118,4.5
11,1,34,5.1736,4.5
11,1,52,5.3972,4.25
11,1,52,4.8308,4.25
11,1,77,5.3170,6.0
11,1,77,4.7015,6.0
11,1,6,4.2484,5.0
11,1,6,3.4802,5.0
11,1,95,5.2776,4.25
11,1,95,4.3245,4.25
11,1,33,5.8926,5.0
11,1,33,5.0503,5.0
11,1,51,3.9976,4.75
11,1,51,3.2407,4.75
11,1,76,5.0588,4.0
11,1,76,4.6949,4.0
11,2,84,2.8492,4.75
11,2,84,3.4042,4.75
11,2,28,2.9483,4.5
11,2,28,3.1946,4.5
11,2,74,1.6069,4.25
11,2,74,1.7216,4.25
11,2,18,4.1195,4.0
11,2,18,4.2449,4.0
11,2,72,2.3044,4.25
11,2,72,2.7885,4.25
11,2,63,1.5784,2.75
11,2,63,1.7943,2.75
11,2,78,2.4131,5.5
11,2,78,2.7918,5.5
11,2,61,2.2462,3.25
11,2,61,2.0859,3.25
11,2,22,3.8319,3.75
11,2,22,4.2764,3.75
11,2,76,2.6693,5.5
11,2,76,2.9390,5.5
11,2,51,4.1032,4.5
11,2,51,4.9635,4.5
11,2,20,4.1944,4.75
11,2,20,4.7550,4.75
11,2,105,3.2986,4.5
11,2,105,3.9623,4.5
11,2,66,1.3806,1.75
11,2,66,1.4132,1.75
11,2,49,3.2071,2.75
11,2,49,3.8530,2.75
11,2,10,2.7362,4.75
11,2,10,2.9326,4.75
11,2,111,4.1747,4.5
11,2,111,5.0564,4.5
11,2,64,3.6322,4.25
11,2,64,2.9776,4.25
11,2,55,2.2719,4.5
11,2,55,2.5290,4.5
11,2,8,3.1959,5.0
11,2,8,4.1377,5.0
11,2,109,3.9566,4.75
11,2,109,4.3103,4.75
11,2,53,2.7130,4.5
11,2,53,2.4379,4.5
11,2,99,3.6860,5.5
11,2,99,4.0169,5.5
11,2,68,3.6136,4.0
11,2,68,2.8079,4.0
11,2,43,4.2108,5.25
11,2,43,4.8257,5.25
11,2,12,2.4979,2.25
11,2,12,2.9764,2.25
11,2,97,2.8943,3.75
11,2,97,3.3907,3.75
11,2,41,2.8106,4.75
11,2,41,3.0738,4.75
11,2,103,3.0630,5.25
11,2,103,4.1274,5.25
11,2,47,2.7416,4.0
11,2,47,2.9482,4.0
11,2,101,3.0168,4.75
11,2,101,2.9844,4.75
11,2,45,3.0986,4.25
11,2,45,3.3941,4.25
11,2,6,3.0835,5.5
11,2,6,3.7169,5.5
11,2,91,2.2802,4.5
11,2,91,2.9409,4.5
11,2,35,2.5996,3.75
11,2,35,2.5708,3.75
11,2,4,2.3454,4.0
11,2,4,2.8789,4.0
11,2,89,4.0465,4.75
11,2,89,4.7135,4.75
11,2,33,3.7247,4.25
11,2,33,4.3724,4.25
11,2,95,3.1458,4.0
11,2,95,3.2090,4.0
11,2,39,2.7208,4.5
11,2,39,3.0713,4.5
11,2,93,3.7480,5.0
11,2,93,4.3906,5.0
11,2,37,3.4173,5.0
11,2,37,4.0212,5.0
11,2,83,3.2146,4.0
11,2,83,3.5262,4.0
11,2,27,3.0314,5.5
11,2,27,3.2445,5.5
11,2,81,2.0707,3.0
11,2,81,2.6205,3.0
11,2,25,3.0626,5.0
11,2,25,4.2477,5.0
11,2,87,4.1822,4.25
11,2,87,4.5813,4.25
11,2,31,4.1226,5.0
11,2,31,5.0065,5.0
11,2,85,2.2405,5.0
11,2,85,2.5811,5.0
11,2,56,1.7952,4.75
11,2,56,2.1888,4.75
11,2,29,2.3779,4.75
11,2,29,2.9248,4.75
11,2,75,1.9759,2.5
11,2,75,2.1626,2.5
11,2,62,2.1921,1.75
11,2,62,2.1673,1.75
11,2,19,3.6064,5.25
11,2,19,3.9617,5.25
11,2,73,2.4051,4.25
11,2,73,3.1325,4.25
11,2,60,1.8570,2.5
11,2,60,2.4694,2.5
11,2,17,3.2578,3.75
11,2,17,3.2788,3.75
11,2,106,2.7140,3.0
11,2,106,3.6452,3.0
11,2,79,2.7095,4.25
11,2,79,3.5773,4.25
11,2,50,3.9827,4.25
11,2,50,4.4629,4.25
11,2,23,2.6930,5.75
11,2,23,3.2646,5.75
11,2,104,4.0137,6.0
11,2,104,4.7765,6.0
11,2,77,1.7243,4.5
11,2,77,2.4016,4.5
11,2,48,2.6370,6.5
11,2,48,2.8886,6.5
11,2,21,3.4792,6.25
11,2,21,3.5881,6.25
11,2,110,3.7216,4.75
11,2,110,4.6812,4.75
11,2,67,3.5533,4.75
11,2,67,2.8180,4.75
11,2,54,3.5278,3.75
11,2,54,3.7781,3.75
11,2,11,2.4111,2.5
11,2,11,1.9976,2.5
11,2,65,1.7925,2.5
11,2,65,1.9852,2.5
11,2,52,3.1946,5.0
11,2,52,3.4149,5.0
11,2,9,3.3157,3.5
11,2,9,3.8503,3.5
11,2,98,3.0202,5.0
11,2,98,3.3747,5.0
11,2,42,3.4527,4.75
11,2,42,3.9304,4.75
11,2,96,3.4881,5.0
11,2,96,4.5610,5.0
11,2,69,2.3791,3.25
11,2,69,2.7809,3.25
11,2,40,2.6895,4.25
11,2,40,3.7733,4.25
11,2,102,3.6773,3.75
11,2,102,4.2756,3.75
11,2,46,3.3993,4.25
11,2,46,3.3162,4.25
11,2,3,1.6432,5.0
11,2,3,2.0431,5.0
11,2,100,3.3760,4.5
11,2,100,4.3710,4.5
11,2,44,3.6163,5.5
11,2,44,3.7942,5.5
11,2,90,3.6004,3.25
11,2,90,4.1590,3.25
11,2,34,3.3168,6.5
11,2,34,3.3187,6.5
11,2,7,2.2904,0.75
11,2,7,2.3716,0.75
11,2,88,1.7313,5.0
11,2,88,2.3834,5.0
11,2,32,3.3653,5.25
11,2,32,3.5898,5.25
11,2,5,1.3347,2.25
11,2,5,1.5884,2.25
11,2,94,3.0409,4.25
11,2,94,3.6403,4.25
11,2,38,2.9358,4.25
11,2,38,3.0946,4.25
11,2,92,3.8066,5.5
11,2,92,4.4878,5.5
11,2,36,3.7616,4.25
11,2,36,4.0838,4.25
11,2,82,2.6113,4.75
11,2,82,2.8437,4.75
11,2,26,2.3284,3.5
11,2,26,2.8283,3.5
11,2,80,1.5476,3.75
11,2,80,2.4609,3.75
11,2,24,2.7722,5.0
11,2,24,3.0894,5.0
11,2,86,3.5129,5.75
11,2,86,3.9229,5.75
11,2,30,2.4793,4.0
11,2,30,3.0513,4.0
12,1,60,4.2028,3.75
12,1,60,3.9020,3.75
12,1,25,3.3792,5.75
12,1,25,3.4271,5.75
12,1,83,5.1397,5.5
12,1,83,5.6087,5.5
12,1,62,1.7718,2.5
12,1,62,2.3245,2.5
12,1,27,4.3083,4.5
12,1,27,4.6850,4.5
12,1,77,4.5290,4.75
12,1,77,4.8477,4.75
12,1,21,5.4877,4.5
12,1,21,5.8240,4.5
12,1,79,4.5489,4.25
12,1,79,4.5886,4.25
12,1,23,3.2930,3.5
12,1,23,3.7072,3.5
12,1,108,4.7174,3.25
12,1,108,4.7020,3.25
12,1,73,5.1383,4.25
12,1,73,5.1173,4.25
12,1,17,4.2674,5.0
12,1,17,4.7532,5.0
12,1,110,5.3274,5.0
12,1,110,4.5527,5.0
12,1,75,5.3155,5.25
12,1,75,5.1545,5.25
12,1,54,4.6737,4.75
12,1,54,4.5570,4.75
12,1,19,5.3467,3.75
12,1,19,5.7475,3.75
12,1,104,4.3439,2.5
12,1,104,3.7424,2.5
12,1,69,5.0567,3.75
12,1,69,4.9071,3.75
12,1,48,4.7169,4.5
12,1,48,5.4669,4.5
12,1,106,2.9566,1.25
12,1,106,2.4851,1.25
12,1,100,3.5477,2.75
12,1,100,3.5346,2.75
12,1,65,4.1493,4.5
12,1,65,4.0840,4.5
12,1,44,4.9411,5.5
12,1,44,5.3787,5.5
12,1,9,5.7869,4.75
12,1,9,6.0921,4.75
12,1,102,4.2293,4.5
12,1,102,4.5450,4.5
12,1,67,3.0940,2.75
12,1,67,2.5053,2.75
12,1,46,3.3121,3.5
12,1,46,3.8450,3.5
12,1,11,4.0118,5.0
12,1,11,4.6606,5.0
12,1,96,4.5283,3.25
12,1,96,4.1962,3.25
12,1,40,4.1925,4.25
12,1,40,4.5123,4.25
12,1,5,5.1118,6.0
12,1,5,5.7298,6.0
12,1,98,5.1333,3.75
12,1,98,4.6877,3.75
12,1,42,5.0427,4.25
12,1,42,5.1679,4.25
12,1,7,5.3748,6.25
12,1,7,6.0820,6.25
12,1,92,4.5808,3.25
12,1,92,4.5009,3.25
12,1,36,4.0952,5.0
12,1,36,4.5631,5.0
12,1,38,3.9857,5.5
12,1,38,4.4566,5.5
12,1,3,4.9702,6.0
12,1,3,5.8017,6.0
12,1,88,4.4022,4.5
12,1,88,5.1859,4.5
12,1,32,4.1283,5.25
12,1,32,4.3927,5.25
12,1,90,4.5651,4.0
12,1,90,4.3811,4.0
12,1,34,4.4490,5.5
12,1,34,4.7287,5.5
12,1,84,5.4348,4.5
12,1,84,5.9392,4.5
12,1,28,3.1750,5.0
12,1,28,3.5640,5.0
12,1,86,4.2468,3.0
12,1,86,4.3791,3.0
12,1,30,3.5652,4.0
12,1,30,3.9422,4.0
12,1,80,4.2882,4.0
12,1,80,4.1941,4.0
12,1,24,3.3415,5.25
12,1,24,3.5476,5.25
12,1,82,5.1913,4.0
12,1,82,5.0146,4.0
12,1,61,3.8432,4.0
12,1,61,3.3025,4.0
12,1,26,4.8575,5.0
12,1,26,5.3463,5.0
12,1,76,5.1165,4.0
12,1,76,4.8794,4.0
12,1,63,2.4247,3.0
12,1,63,2.6992,3.0
12,1,20,4.4166,4.75
12,1,20,5.4330,4.75
12,1,78,5.2211,6.0
12,1,78,5.6583,6.0
12,1,22,5.2309,4.5
12,1,22,5.2332,4.5
12,1,72,4.2999,3.25
12,1,72,4.4016,3.25
12,1,16,3.3806,5.25
12,1,16,3.8038,5.25
12,1,109,4.7801,3.5
12,1,109,4.6256,3.5
12,1,74,5.1405,5.0
12,1,74,4.7771,5.0
12,1,53,4.1013,4.5
12,1,53,4.6226,4.5
12,1,18,3.3769,4.25
12,1,18,3.8083,4.25
12,1,111,4.4335,2.75
12,1,111,4.7436,2.75
12,1,68,4.6436,4.25
12,1,68,3.9470,4.25
12,1,55,3.7460,5.0
12,1,55,4.2109,5.0
12,1,12,4.7515,5.75
12,1,12,5.5028,5.75
12,1,105,3.8129,3.25
12,1,105,3.9655,3.25
12,1,49,4.1813,4.75
12,1,49,4.6508,4.75
12,1,107,4.6418,4.5
12,1,107,4.0393,4.5
12,1,64,3.8740,4.0
12,1,64,4.2217,4.0
12,1,8,5.7391,5.25
12,1,8,5.7733,5.25
12,1,101,3.8686,3.25
12,1,101,3.8229,3.25
12,1,66,4.1079,3.0
12,1,66,3.7987,3.0
12,1,45,3.9939,5.0
12,1,45,4.3020,5.0
12,1,10,4.9711,5.25
12,1,10,5.9485,5.25
12,1,103,4.9237,4.5
12,1,103,4.8276,4.5
12,1,47,3.7340,5.5
12,1,47,4.0757,5.5
12,1,4,5.0621,6.25
12,1,4,5.8058,6.25
12,1,97,3.5870,4.25
12,1,97,3.9080,4.25
12,1,41,4.4568,3.75
12,1,41,5.0938,3.75
12,1,6,5.1409,5.0
12,1,6,5.4836,5.0
12,1,99,3.6257,1.75
12,1,99,2.7395,1.75
12,1,43,4.3695,4.75
12,1,43,4.7733,4.75
12,1,93,4.1496,3.75
12,1,93,3.8850,3.75
12,1,37,4.6742,4.5
12,1,37,4.9561,4.5
12,1,2,4.7816,6.5
12,1,2,5.8970,6.5
12,1,39,4.3539,5.75
12,1,39,4.8240,5.75
12,1,89,3.9564,3.5
12,1,89,4.7745,3.5
12,1,33,3.4297,4.25
12,1,33,3.4303,4.25
12,1,91,4.2866,4.5
12,1,91,4.9162,4.5
12,1,35,3.4008,4.0
12,1,35,3.7802,4.0
12,1,85,5.7213,4.75
12,1,85,5.2156,4.75
12,1,29,2.1653,2.75
12,1,29,2.7265,2.75
12,1,87,4.8432,5.0
12,1,87,4.8744,5.0
12,1,31,5.2527,5.0
12,1,31,4.6380,5.0
12,1,81,4.2052,4.0
12,1,81,3.7217,4.0
12,2,14,1.6060,4.25
12,2,14,2.2132,4.25
12,2,37,3.6804,3.5
12,2,37,3.8588,3.5
12,2,64,-0.2093,1.5
12,2,64,0.8571,1.5
12,2,8,3.2221,4.0
12,2,8,3.3294,4.0
12,2,39,2.8287,2.0
12,2,39,2.8909,2.0
12,2,66,0.8969,1.0
12,2,66,2.0461,1.0
12,2,10,2.4911,4.25
12,2,10,3.5146,4.25
12,2,33,4.6403,3.75
12,2,33,4.6373,3.75
12,2,4,2.5364,4.0
12,2,4,3.1016,4.0
12,2,35,3.2876,3.0
12,2,35,3.8797,3.0
12,2,6,4.1868,3.5
12,2,6,5.3519,3.5
12,2,93,2.6605,5.0
12,2,93,3.0419,5.0
12,2,95,3.2348,4.75
12,2,95,3.2771,4.75
12,2,89,1.9408,3.75
12,2,89,3.0249,3.75
12,2,116,3.4796,3.0
12,2,116,3.8668,3.0
12,2,91,4.0566,4.5
12,2,91,4.7593,4.5
12,2,62,-0.1083,1.75
12,2,62,0.7279,1.75
12,2,85,3.4329,4.75
12,2,85,3.4914,4.75
12,2,112,4.5633,3.75
12,2,112,4.4721,3.75
12,2,29,3.2914,3.0
12,2,29,3.9850,3.0
12,2,56,4.0432,5.0
12,2,56,4.4754,5.0
12,2,87,3.4718,4.75
12,2,87,3.9590,4.75
12,2,114,2.7501,3.5
12,2,114,2.9939,3.5
12,2,31,3.4802,4.75
12,2,31,4.1446,4.75
12,2,58,4.2136,3.75
12,2,58,4.2482,3.75
12,2,81,4.2684,5.5
12,2,81,4.6340,5.5
12,2,108,1.9431,2.0
12,2,108,2.1585,2.0
12,2,25,3.0410,4.75
12,2,25,3.3159,4.75
12,2,52,3.0774,4.75
12,2,52,3.5588,4.75
12,2,83,2.5280,3.75
12,2,83,3.2578,3.75
12,2,110,1.0552,2.25
12,2,110,2.1637,2.25
12,2,27,4.5443,4.5
12,2,27,4.1071,4.5
12,2,54,4.2823,4.5
12,2,54,4.2645,4.5
12,2,77,3.7116,5.0
12,2,77,4.0053,5.0
12,2,104,2.6859,2.0
12,2,104,2.5831,2.0
12,2,21,3.4500,3.75
12,2,21,3.4505,3.75
12,2,48,4.9488,4.5
12,2,48,4.1195,4.5
12,2,79,4.0813,3.75
12,2,79,3.9241,3.75
12,2,106,3.1350,3.5
12,2,106,2.8499,3.5
12,2,23,4.4342,5.25
12,2,23,4.6643,5.25
12,2,50,4.4367,4.75
12,2,50,4.4851,4.75
12,2,73,-0.0236,2.0
12,2,73,1.2678,2.0
12,2,100,1.7954,2.5
12,2,100,2.6114,2.5
12,2,44,3.9283,3.75
12,2,44,4.2583,3.75
12,2,102,3.2132,1.75
12,2,102,3.3660,1.75
12,2,19,3.8776,4.5
12,2,19,4.7604,4.5
12,2,46,5.0286,4.25
12,2,46,4.4796,4.25
12,2,69,0.1928,2.25
12,2,69,0.7247,2.25
12,2,96,4.2217,4.75
12,2,96,3.9470,4.75
12,2,13,1.1819,3.5
12,2,13,1.4735,3.5
12,2,40,4.1070,3.5
12,2,40,4.0278,3.5
12,2,71,-0.1376,1.5
12,2,71,1.8810,1.5
12,2,98,2.8582,2.75
12,2,98,2.5746,2.75
12,2,42,4.0203,3.5
12,2,42,3.9604,3.5
12,2,65,0.3286,2.25
12,2,65,0.8779,2.25
12,2,9,1.8277,4.0
12,2,9,2.4240,4.0
12,2,36,3.2605,5.75
12,2,36,3.7767,5.75
12,2,67,1.2354,3.0
12,2,67,1.5070,3.0
12,2,11,2.8518,5.0
12,2,11,3.3634,5.0
12,2,5,2.9448,5.25
12,2,5,3.3650,5.25
12,2,32,4.0724,3.25
12,2,32,4.3774,3.25
12,2,7,3.3608,5.0
12,2,7,4.3246,5.0
12,2,34,4.4062,4.25
12,2,34,4.9606,4.25
12,2,92,3.4416,3.5
12,2,92,3.4205,3.5
12,2,3,1.1756,3.75
12,2,3,2.0891,3.75
12,2,94,1.6805,2.5
12,2,94,2.5389,2.5
12,2,88,3.3221,5.0
12,2,88,3.0931,5.0
12,2,90,4.1399,3.25
12,2,90,4.2603,3.25
12,2,113,3.6343,3.25
12,2,113,4.1837,3.25
12,2,57,5.4999,4.75
12,2,57,5.4321,4.75
12,2,84,3.2958,4.25
12,2,84,3.5155,4.25
12,2,115,2.9707,2.75
12,2,115,3.5495,2.75
12,2,28,2.8828,4.75
12,2,28,3.2598,4.75
12,2,59,5.0063,5.0
12,2,59,4.6046,5.0
12,2,86,2.9526,4.0
12,2,86,3.2066,4.0
12,2,109,3.1268,3.25
12,2,109,3.3009,3.25
12,2,30,3.5371,4.5
12,2,30,4.2762,4.5
12,2,53,4.8325,3.75
12,2,53,4.5224,3.75
12,2,80,3.8834,5.25
12,2,80,3.7061,5.25
12,2,111,3.7049,4.0
12,2,111,4.1221,4.0
12,2,24,3.3472,4.25
12,2,24,3.7943,4.25
12,2,55,4.3510,4.5
12,2,55,4.8438,4.5
12,2,82,2.5657,2.5
12,2,82,2.6591,2.5
12,2,105,3.9760,4.0
12,2,105,4.1310,4.0
12,2,26,3.8735,2.75
12,2,26,3.6803,2.75
12,2,49,5.1220,5.25
12,2,49,5.3678,5.25
12,2,107,2.7136,2.25
12,2,107,2.8332,2.25
12,2,20,4.1122,4.0
12,2,20,4.6522,4.0
12,2,51,1.9253,3.0
12,2,51,2.6918,3.0
12,2,78,3.2460,4.0
12,2,78,3.1737,4.0
12,2,101,2.6227,3.0
12,2,101,3.3519,3.0
12,2,22,4.4498,5.0
12,2,22,4.8136,5.0
12,2,45,5.2820,4.0
12,2,45,4.7143,4.0
12,2,103,1.9748,2.5
12,2,103,2.5428,2.5
12,2,47,4.0201,4.75
12,2,47,4.7315,4.75
12,2,97,2.8183,1.5
12,2,97,3.2000,1.5
12,2,41,4.3190,5.25
12,2,41,3.8716,5.25
12,2,68,-0.1177,2.0
12,2,68,1.4092,2.0
12,2,99,3.1011,3.25
12,2,99,3.1234,3.25
12,2,12,1.7836,5.25
12,2,12,1.8547,5.25
12,2,43,5.4969,4.5
12,2,43,4.7118,4.5
12,2,70,-0.2355,1.25
12,2,70,0.7608,1.25
16,2,107,2.7675,3.25
16,2,107,3.3837,3.25
16,2,78,3.1142,4.25
16,2,78,3.1917,4.25
16,2,37,2.9151,4.5
16,2,37,2.1341,4.5
16,2,109,3.3920,4.5
16,2,109,3.2380,4.5
16,2,39,3.0114,2.25
16,2,39,2.9275,2.25
16,2,111,3.7265,3.5
16,2,111,3.3193,3.5
16,2,66,4.0056,5.75
16,2,66,3.2879,5.75
16,2,25,4.2948,3.0
16,2,25,4.1078,3.0
16,2,97,3.8037,2.75
16,2,97,3.2144,2.75
16,2,68,2.9701,1.25
16,2,68,2.4992,1.25
16,2,27,3.3517,4.25
16,2,27,3.7907,4.25
16,2,99,2.8279,3.25
16,2,99,3.5457,3.25
16,2,70,2.1663,1.75
16,2,70,3.2009,1.75
16,2,29,3.8379,2.0
16,2,29,3.7275,2.0
16,2,101,3.5711,5.0
16,2,101,4.1802,5.0
16,2,56,4.6535,4.75
16,2,56,3.9916,4.75
16,2,31,2.9027,2.0
16,2,31,2.3978,2.0
16,2,103,3.7618,3.25
16,2,103,3.6449,3.25
16,2,58,4.0753,2.25
16,2,58,4.2661,2.25
16,2,89,3.6097,1.75
16,2,89,3.2099,1.75
16,2,60,3.2527,3.0
16,2,60,3.6535,3.0
16,2,91,2.9526,3.25
16,2,91,2.4461,3.25
16,2,21,4.2239,3.75
16,2,21,3.5730,3.75
16,2,93,3.8302,4.0
16,2,93,4.4408,4.0
16,2,48,3.5386,3.25
16,2,48,3.6665,3.25
16,2,23,2.5484,2.5
16,2,23,2.3306,2.5
16,2,95,2.8553,3.5
16,2,95,3.3664,3.5
16,2,50,3.3895,2.25
16,2,50,2.9988,2.25
16,2,9,3.2574,3.5
16,2,9,3.3615,3.5
16,2,81,3.2172,2.5
16,2,81,3.6963,2.5
16,2,52,2.5058,2.25
16,2,52,2.4218,2.25
16,2,11,3.9922,4.5
16,2,11,4.1875,4.5
16,2,83,3.1889,4.5
16,2,83,3.0113,4.5
16,2,54,3.2864,1.25
16,2,54,3.1127,1.25
16,2,13,4.5445,4.5
16,2,13,3.8717,4.5
16,2,85,2.9603,3.5
16,2,85,2.3028,3.5
16,2,40,3.1738,2.0
16,2,40,3.3352,2.0
16,2,15,3.5692,4.25
16,2,15,3.4099,4.25
16,2,112,2.1558,1.5
16,2,112,1.5133,1.5
16,2,87,3.4129,3.5
16,2,87,3.6141,3.5
16,2,42,2.3464,2.5
16,2,42,2.9737,2.5
16,2,114,3.0514,3.5
16,2,114,2.7767,3.5
16,2,73,3.7536,4.0
16,2,73,2.6953,4.0
16,2,44,3.3809,2.75
16,2,44,3.3751,2.75
16,2,116,2.7719,4.0
16,2,116,3.0535,4.0
16,2,46,2.8795,2.5
16,2,46,3.0128,2.5
16,2,5,2.8161,4.0
16,2,5,2.2030,4.0
16,2,77,2.9400,5.5
16,2,77,2.8269,5.5
16,2,32,3.0148,2.75
16,2,32,2.2555,2.75
16,2,7,4.5654,5.0
16,2,7,3.8054,5.0
16,2,104,3.2987,1.75
16,2,104,3.7315,1.75
16,2,79,3.0328,5.0
16,2,79,3.2384,5.0
16,2,34,3.3494,2.25
16,2,34,3.1541,2.25
16,2,106,3.3634,2.75
16,2,106,3.1247,2.75
16,2,65,3.3512,5.0
16,2,65,2.3029,5.0
16,2,36,2.6553,3.75
16,2,36,3.2214,3.75
16,2,108,0.8395,2.75
16,2,108,0.7720,2.75
16,2,67,3.7227,3.5
16,2,67,2.5238,3.5
16,2,38,3.1839,4.0
16,2,38,2.9813,4.0
16,2,110,4.0774,2.25
16,2,110,3.9494,2.25
16,2,69,2.8368,1.75
16,2,69,2.9176,1.75
16,2,24,4.0361,3.5
16,2,24,3.0212,3.5
16,2,96,2.5036,3.5
16,2,96,2.8027,3.5
16,2,71,4.8029,4.0
16,2,71,3.2105,4.0
16,2,26,3.2302,3.25
16,2,26,2.4395,3.25
16,2,98,2.7528,4.5
16,2,98,2.9360,4.5
16,2,57,3.0633,3.0
16,2,57,3.0493,3.0
16,2,28,3.6835,3.25
16,2,28,3.6542,3.25
16,2,100,1.2920,3.25
16,2,100,1.3178,3.25
16,2,59,3.3739,3.0
16,2,59,3.3537,3.0
16,2,30,4.0161,3.0
16,2,30,4.4283,3.0
16,2,102,2.3242,1.75
16,2,102,2.0902,1.75
16,2,61,3.1310,2.5
16,2,61,2.8290,2.5
16,2,88,3.8380,3.75
16,2,88,3.2259,3.75
16,2,90,2.2013,1.75
16,2,90,1.4989,1.75
16,2,49,3.2075,2.75
16,2,49,2.9234,2.75
16,2,92,3.0368,2.5
16,2,92,3.7074,2.5
16,2,51,3.1140,3.5
16,2,51,2.7988,3.5
16,2,22,2.8127,1.75
16,2,22,1.2932,1.75
16,2,94,2.1575,4.0
16,2,94,2.2303,4.0
16,2,53,3.6897,4.0
16,2,53,3.9068,4.0
16,2,8,4.4256,3.25
16,2,8,4.1037,3.25
16,2,80,3.3908,4.0
16,2,80,3.7337,4.0
16,2,55,3.5084,4.0
16,2,55,3.1398,4.0
16,2,10,3.6302,5.5
16,2,10,2.7975,5.5
16,2,82,3.2496,2.25
16,2,82,3.4984,2.25
16,2,41,3.8034,1.75
16,2,41,3.8095,1.75
16,2,12,4.2898,5.5
16,2,12,4.4184,5.5
16,2,113,3.2038,2.5
16,2,113,3.0795,2.5
16,2,84,2.1862,3.75
16,2,84,2.5053,3.75
16,2,43,2.9044,2.25
16,2,43,2.3716,2.25
16,2,14,5.0962,4.0
16,2,14,4.4030,4.0
16,2,115,3.5391,2.75
16,2,115,3.1620,2.75
16,2,86,3.3119,4.5
16,2,86,2.7865,4.5
16,2,45,3.2126,3.0
16,2,45,3.1257,3.0
16,2,72,2.8336,2.25
16,2,72,2.0820,2.25
16,2,47,3.4529,1.75
16,2,47,3.5006,1.75
16,2,33,3.1575,1.5
16,2,33,2.7878,1.5
16,2,105,2.9774,3.75
16,2,105,3.4156,3.75
16,2,76,3.5992,3.0
16,2,76,3.4208,3.0
16,2,35,4.3133,2.5
16,2,35,3.6412,2.5
16,2,6,4.4580,4.5
16,2,6,3.6802,4.5
17,1,87,4.3309,2.5
17,1,87,4.7274,2.5
17,1,56,4.2598,3.25
17,1,56,4.5374,3.25
17,1,31,2.2231,4.0
17,1,31,2.0267,4.0
17,1,73,4.0101,4.25
17,1,73,4.1069,4.25
17,1,17,4.9428,3.0
17,1,17,5.6490,3.0
17,1,75,3.3289,1.75
17,1,75,2.2560,1.75
17,1,60,2.6615,3.0
17,1,60,1.8456,3.0
17,1,19,4.4902,4.0
17,1,19,4.9474,4.0
17,1,77,3.6853,3.5
17,1,77,2.9173,3.5
17,1,62,1.8982,1.75
17,1,62,0.7494,1.75
17,1,21,2.9794,2.5
17,1,21,3.2891,2.5
17,1,104,2.6756,3.25
17,1,104,3.3985,3.25
17,1,79,4.5224,3.25
17,1,79,3.9870,3.25
17,1,23,6.0508,2.5
17,1,23,4.7246,2.5
17,1,106,4.8824,2.75
17,1,106,5.6808,2.75
17,1,65,2.4854,1.25
17,1,65,1.6110,1.25
17,1,50,4.2093,3.75
17,1,50,3.8776,3.75
17,1,9,1.7088,1.5
17,1,9,0.5975,1.5
17,1,108,3.0264,2.5
17,1,108,3.0184,2.5
17,1,67,3.8942,3.0
17,1,67,2.6250,3.0
17,1,52,4.1888,2.75
17,1,52,3.9829,2.75
17,1,11,1.1806,1.5
17,1,11,0.6432,1.5
17,1,110,3.3441,3.5
17,1,110,3.2676,3.5
17,1,69,2.5757,2.5
17,1,69,3.0803,2.5
17,1,54,3.6096,3.25
17,1,54,3.7329,3.25
17,1,96,3.2740,1.5
17,1,96,3.8560,1.5
17,1,40,4.6524,3.0
17,1,40,5.5364,3.0
17,1,98,4.4674,3.5
17,1,98,3.9433,3.5
17,1,42,3.0757,3.75
17,1,42,2.4480,3.75
17,1,100,5.2668,2.75
17,1,100,5.9106,2.75
17,1,44,4.1073,3.5
17,1,44,3.9075,3.5
17,1,102,3.2182,3.75
17,1,102,3.1279,3.75
17,1,46,3.5398,4.0
17,1,46,3.3290,4.0
17,1,5,2.2550,2.75
17,1,5,2.1028,2.75
17,1,88,3.7616,4.25
17,1,88,3.4553,4.25
17,1,32,5.0561,4.5
17,1,32,4.9148,4.5
17,1,7,3.4433,2.75
17,1,7,3.6937,2.75
17,1,90,2.9717,5.5
17,1,90,2.2827,5.5
17,1,34,2.9861,3.25
17,1,34,1.8623,3.25
17,1,92,3.4938,5.25
17,1,92,3.0422,5.25
17,1,36,3.2761,2.75
17,1,36,3.6439,2.75
17,1,94,5.2354,3.5
17,1,94,5.3432,3.5
17,1,38,3.4613,2.25
17,1,38,3.2559,2.25
17,1,80,4.5808,4.25
17,1,80,4.6309,4.25
17,1,24,4.7898,3.25
17,1,24,4.6373,3.25
17,1,82,4.3222,5.0
17,1,82,3.4331,5.0
17,1,26,4.3654,3.0
17,1,26,4.6228,3.0
17,1,84,4.3893,4.25
17,1,84,4.3529,4.25
17,1,28,5.0571,4.25
17,1,28,5.8052,4.25
17,1,86,3.5120,4.0
17,1,86,3.2516,4.0
17,1,59,2.3434,2.5
17,1,59,1.5267,2.5
17,1,30,3.7434,5.25
17,1,30,2.8721,5.25
17,1,72,3.9935,5.25
17,1,72,3.4159,5.25
17,1,61,1.8071,2.25
17,1,61,1.9754,2.25
17,1,74,3.0152,3.25
17,1,74,3.4030,3.25
17,1,63,1.5246,1.75
17,1,63,1.9902,1.75
17,1,18,3.6107,2.75
17,1,18,3.3038,2.75
17,1,105,3.3844,3.75
17,1,105,3.5870,3.75
17,1,76,3.3148,4.5
17,1,76,3.3329,4.5
17,1,20,3.4252,3.5
17,1,20,2.9010,3.5
17,1,107,3.0888,3.25
17,1,107,2.9443,3.25
17,1,78,3.6510,4.25
17,1,78,3.1665,4.25
17,1,51,3.3707,3.0
17,1,51,3.8022,3.0
17,1,22,2.5446,3.0
17,1,22,2.8359,3.0
17,1,109,3.4871,2.5
17,1,109,3.3498,2.5
17,1,64,1.5030,1.0
17,1,64,1.9429,1.0
17,1,53,4.8930,2.75
17,1,53,5.4665,2.75
17,1,8,1.2552,2.75
17,1,8,1.5615,2.75
17,1,111,3.1107,2.0
17,1,111,2.1705,2.0
17,1,66,2.9099,0.75
17,1,66,3.4668,0.75
17,1,55,3.0746,2.5
17,1,55,2.9618,2.5
17,1,10,1.8762,1.5
17,1,10,0.3942,1.5
17,1,97,4.0840,2.5
17,1,97,4.2560,2.5
17,1,68,3.5722,3.75
17,1,68,3.0099,3.75
17,1,41,3.6236,3.25
17,1,41,2.8924,3.25
17,1,12,1.8984,2.25
17,1,12,2.0585,2.25
17,1,99,3.7849,3.5
17,1,99,3.5925,3.5
17,1,43,4.4347,4.25
17,1,43,4.9422,4.25
17,1,14,1.4595,1.5
17,1,14,1.4690,1.5
17,1,101,3.9967,3.0
17,1,101,4.0460,3.0
17,1,45,4.1772,3.0
17,1,45,3.7565,3.0
17,1,103,3.7305,3.0
17,1,103,3.3234,3.0
17,1,89,4.0381,3.25
17,1,89,3.3168,3.25
17,1,33,3.1908,3.75
17,1,33,3.2534,3.75
17,1,4,2.5116,2.75
17,1,4,0.5767,2.75
17,1,91,2.7174,3.5
17,1,91,3.4431,3.5
17,1,35,4.2743,2.5
17,1,35,4.5009,2.5
17,1,6,1.8898,2.75
17,1,6,1.9499,2.75
17,1,93,4.2746,3.5
17,1,93,3.4970,3.5
17,1,37,4.5785,2.5
17,1,37,4.9159,2.5
17,1,95,4.6033,5.25
17,1,95,5.1213,5.25
17,1,39,3.0511,4.5
17,1,39,2.6771,4.5
17,1,81,3.3652,4.5
17,1,81,3.7642,4.5
17,1,25,3.2205,3.75
17,1,25,3.4282,3.75
17,1,83,3.3669,3.5
17,1,83,3.4256,3.5
17,1,27,5.3275,4.5
17,1,27,6.7052,4.5
17,1,85,4.0290,4.75
17,1,85,3.9286,4.75
17,1,29,4.2489,4.0
17,1,29,4.4758,4.0
18,1,94,1.9620,2.5
18,1,94,1.7264,2.5
18,1,20,2.6660,2.75
18,1,20,2.7346,2.75
18,1,49,2.6165,1.5
18,1,49,2.2924,1.5
18,1,92,3.5367,2.25
18,1,92,3.0175,2.25
18,1,18,2.9435,2.75
18,1,18,2.3755,2.75
18,1,47,2.0893,1.75
18,1,47,2.0603,1.75
18,1,90,2.3612,2.5
18,1,90,1.9591,2.5
18,1,16,2.2812,2.33333
18,1,16,2.0130,2.33333
18,1,45,3.8869,4.75
18,1,45,2.7011,4.75
18,1,88,2.8252,2.75
18,1,88,2.2426,2.75
18,1,43,3.1935,4.25
18,1,43,2.2397,4.25
18,1,86,3.6789,2.5
18,1,86,3.5035,2.5
18,1,12,3.3186,6.0
18,1,12,3.1425,6.0
18,1,41,4.7355,4.0
18,1,41,5.3106,4.0
18,1,84,2.9945,4.5
18,1,84,2.3066,4.5
18,1,10,3.5886,1.75
18,1,10,3.3114,1.75
18,1,39,4.5797,4.0
18,1,39,4.1435,4.0
18,1,82,2.7807,3.25
18,1,82,2.0529,3.25
18,1,111,2.4268,2.75
18,1,111,1.8528,2.75
18,1,8,1.2362,2.25
18,1,8,0.9673,2.25
18,1,37,2.9496,2.75
18,1,37,3.0501,2.75
18,1,80,1.7276,3.5
18,1,80,1.0986,3.5
18,1,109,3.9062,3.0
18,1,109,3.6190,3.0
18,1,6,3.9532,3.5
18,1,6,4.5169,3.5
18,1,35,3.0280,2.25
18,1,35,2.0998,2.25
18,1,78,1.6471,2.0
18,1,78,1.2315,2.0
18,1,107,2.5421,3.0
18,1,107,2.5185,3.0
18,1,4,3.1245,3.0
18,1,4,3.9688,3.0
18,1,33,2.0409,1.0
18,1,33,1.3091,1.0
18,1,76,1.4102,2.0
18,1,76,1.1231,2.0
18,1,105,2.4325,1.75
18,1,105,2.2508,1.75
18,1,2,3.5753,4.25
18,1,2,3.4997,4.25
18,1,74,1.6724,1.5
18,1,74,1.3815,1.5
18,1,103,3.0808,2.0
18,1,103,2.0907,2.0
18,1,101,2.6504,2.25
18,1,101,2.0293,2.25
18,1,62,2.0712,1.5
18,1,62,1.4116,1.5
18,1,99,1.9848,2.5
18,1,99,1.7490,2.5
18,1,60,1.7006,1.0
18,1,60,0.8819,1.0
18,1,68,1.8375,2.5
18,1,68,2.0256,2.5
18,1,97,3.0602,3.25
18,1,97,2.9389,3.25
18,1,66,1.6595,1.75
18,1,66,1.7928,1.75
18,1,31,3.4058,3.75
18,1,31,3.1318,3.75
18,1,56,3.7975,3.25
18,1,56,2.6607,3.25
18,1,64,1.6556,2.25
18,1,64,1.4652,2.25
18,1,29,4.4164,3.75
18,1,29,4.0826,3.75
18,1,54,1.5392,1.25
18,1,54,1.2705,1.25
18,1,27,4.1607,3.75
18,1,27,4.5625,3.75
18,1,25,5.5116,3.0
18,1,25,5.0305,3.0
18,1,50,1.4241,2.25
18,1,50,1.6601,2.25
18,1,23,4.6721,2.5
18,1,23,5.1429,2.5
18,1,48,2.0988,1.75
18,1,48,1.9946,1.75
18,1,95,4.2042,4.25
18,1,95,3.2896,4.25
18,1,21,3.4323,2.5
18,1,21,3.6558,2.5
18,1,46,2.6893,2.25
18,1,46,3.0831,2.25
18,1,93,2.5918,2.0
18,1,93,2.7118,2.0
18,1,19,2.4556,2.75
18,1,19,1.3517,2.75
18,1,44,4.6053,2.5
18,1,44,5.2690,2.5
18,1,91,3.1305,2.5
18,1,91,2.8355,2.5
18,1,17,3.7082,3.0
18,1,17,3.9820,3.0
18,1,42,3.6265,2.5
18,1,42,3.3049,2.5
18,1,89,2.6777,2.25
18,1,89,2.4211,2.25
18,1,40,3.0923,4.0
18,1,40,2.1344,4.0
18,1,87,2.9303,3.25
18,1,87,2.9020,3.25
18,1,112,3.0818,1.25
18,1,112,3.2932,1.25
18,1,38,3.9969,3.5
18,1,38,4.1222,3.5
18,1,85,2.1797,4.0
18,1,85,1.6221,4.0
18,1,110,2.9184,1.75
18,1,110,2.4071,1.75
18,1,11,2.2870,5.75
18,1,11,1.7926,5.75
18,1,36,2.7988,2.25
18,1,36,1.9344,2.25
18,1,83,1.9140,3.75
18,1,83,1.5564,3.75
18,1,108,2.7938,2.5
18,1,108,2.0633,2.5
18,1,9,2.1769,2.0
18,1,9,1.1365,2.0
18,1,34,2.9957,2.25
18,1,34,2.7444,2.25
18,1,81,3.1782,3.75
18,1,81,2.2964,3.75
18,1,106,3.2576,1.25
18,1,106,2.2379,1.25
18,1,7,1.2457,2.5
18,1,7,2.0987,2.5
18,1,32,3.2878,1.25
18,1,32,2.8927,1.25
18,1,79,1.6780,2.25
18,1,79,0.9021,2.25
18,1,104,3.2492,3.25
18,1,104,2.6944,3.25
18,1,5,2.6046,1.5
18,1,5,2.5774,1.5
18,1,77,2.6260,1.0
18,1,77,2.1691,1.0
18,1,102,3.2753,2.25
18,1,102,2.8386,2.25
18,1,3,1.9083,2.25
18,1,3,1.7037,2.25
18,1,75,1.3339,1.0
18,1,75,0.7213,1.0
18,1,100,2.8799,3.75
18,1,100,1.9798,3.75
18,1,73,1.4184,2.0
18,1,73,0.8407,2.0
18,1,98,2.5446,2.25
18,1,98,1.9028,2.25
18,1,96,2.9568,2.5
18,1,96,2.2993,2.5
18,1,61,0.7063,3.25
18,1,61,0.4426,3.25
18,1,69,2.3526,1.0
18,1,69,1.8368,1.0
18,1,30,2.8547,2.75
18,1,30,2.1362,2.75
18,1,59,1.5248,1.66667
18,1,59,1.8598,1.66667
18,1,67,1.5303,1.0
18,1,67,1.4453,1.0
18,1,28,4.4395,3.25
18,1,28,4.1599,3.25
18,1,65,2.5559,1.0
18,1,65,2.4504,1.0
18,1,26,4.1087,2.75
18,1,26,3.8369,2.75
18,1,55,3.7269,1.75
18,1,55,2.5156,1.75
18,1,24,3.7538,3.25
18,1,24,3.7473,3.25
18,1,53,3.9674,3.25
18,1,53,3.9254,3.25
18,1,22,4.4340,3.75
18,1,22,5.1986,3.75
18,1,51,1.8531,1.25
18,1,51,1.7054,1.25
