3,1,47,4.6252,4.25
3,1,47,4.6252,4.25
3,1,10,4.6828,2.875
3,1,10,4.6820,2.875
3,1,101,4.9026,4.375
3,1,101,4.9029,4.375
3,1,64,5.0311,5.75
3,1,64,5.0304,5.75
3,1,45,4.5736,4.25
3,1,45,4.5744,4.25
3,1,8,4.8363,3.5
3,1,8,4.8365,3.5
3,1,99,3.7802,1.5
3,1,99,3.7797,1.5
3,1,94,3.8948,3.25
3,1,94,3.8950,3.25
3,1,43,4.0024,4.0
3,1,43,4.0024,4.0
3,1,6,5.3363,4.5
3,1,6,5.3362,4.5
3,1,97,3.2054,1.25
3,1,97,3.2069,1.25
3,1,92,4.0511,3.5
3,1,92,4.0510,3.5
3,1,41,3.1725,3.25
3,1,41,3.1725,3.25
3,1,4,4.8285,3.25
3,1,4,4.8284,3.25
3,1,90,3.6559,3.75
3,1,90,3.6560,3.75
3,1,39,4.1711,5.75
3,1,39,4.1713,5.75
3,1,2,3.0556,4.5
3,1,2,3.0552,4.5
3,1,88,3.7546,4.0
3,1,88,3.7544,4.0
3,1,37,5.1274,3.125
3,1,37,5.1271,3.125
3,1,86,3.8628,4.25
3,1,86,3.8626,4.25
3,1,35,5.0702,4.375
3,1,35,5.0701,4.375
3,1,30,3.9993,4.5
3,1,30,3.9991,4.5
3,1,84,4.1421,3.75
3,1,84,4.1425,3.75
3,1,33,4.8242,3.0
3,1,33,4.8244,3.0
3,1,28,5.0094,4.75
3,1,28,5.0096,4.75
3,1,82,3.9367,3.0
3,1,82,3.9370,3.0
3,1,63,4.0551,4.75
3,1,63,4.0548,4.75
3,1,26,4.8634,4.0
3,1,26,4.8639,4.0
3,1,80,3.8238,2.75
3,1,80,3.8238,2.75
3,1,61,4.2462,5.5
3,1,61,4.2461,5.5
3,1,24,4.7593,4.5
3,1,24,4.7602,4.5
3,1,59,4.5688,5.5
3,1,59,4.5685,5.5
3,1,22,4.6271,4.83333
3,1,22,4.6279,4.83333
3,1,57,4.8250,4.875
3,1,57,4.8251,4.875
3,1,20,3.8173,2.5
3,1,20,3.8175,2.5
3,1,79,3.8509,5.25
3,1,79,3.8513,5.25
3,1,55,4.1191,3.25
3,1,55,4.1186,3.25
3,1,18,3.8821,3.75
3,1,18,3.8822,3.75
3,1,77,3.9893,4.5
3,1,77,3.9884,4.5
3,1,16,4.4918,4.75
3,1,16,4.4913,4.75
3,1,75,4.1575,4.0
3,1,75,4.1569,4.0
3,1,51,4.0945,4.5
3,1,51,4.0944,4.5
3,1,73,3.9027,3.0
3,1,73,3.9034,3.0
3,1,49,5.0862,5.0
3,1,49,5.0862,5.0
3,1,108,4.2526,2.25
3,1,108,4.2517,2.25
3,1,71,3.9130,2.0
3,1,71,3.9126,2.0
3,1,15,4.6838,5.0
3,1,15,4.6831,5.0
3,1,106,3.5620,2.75
3,1,106,3.5623,2.75
3,1,104,4.4774,3.5
3,1,104,4.4786,3.5
3,1,102,3.7961,5.25
3,1,102,3.7959,5.25
3,1,65,4.3687,6.25
3,1,65,4.3686,6.25
3,1,46,4.2115,5.0
3,1,46,4.2115,5.0
3,1,9,4.3073,2.75
3,1,9,4.3078,2.75
3,1,100,3.7981,2.375
3,1,100,3.7980,2.375
3,1,95,4.3301,3.75
3,1,95,4.3296,3.75
3,1,44,3.6162,3.0
3,1,44,3.6169,3.0
3,1,7,5.0179,4.75
3,1,7,5.0181,4.75
3,1,98,3.9884,1.75
3,1,98,3.9886,1.75
3,1,93,4.0068,3.25
3,1,93,4.0071,3.25
3,1,5,4.7341,6.0
3,1,5,4.7334,6.0
3,1,96,4.2682,3.875
3,1,96,4.2680,3.875
3,1,91,4.5246,4.0
3,1,91,4.5248,4.0
3,1,40,4.1393,5.0
3,1,40,4.1396,5.0
3,1,3,4.6044,3.0
3,1,3,4.6041,3.0
3,1,89,4.0096,4.25
3,1,89,4.0099,4.25
3,1,38,4.9033,4.5
3,1,38,4.9032,4.5
3,1,1,3.1455,3.875
3,1,1,3.1451,3.875
3,1,87,4.1727,4.25
3,1,87,4.1727,4.25
3,1,36,4.6315,3.5
3,1,36,4.6317,3.5
3,1,31,3.8828,3.66667
3,1,31,3.8826,3.66667
3,1,85,4.1179,2.0
3,1,85,4.1173,2.0
3,1,34,4.7332,4.125
3,1,34,4.7330,4.125
3,1,29,4.9226,1.25
3,1,29,4.9231,1.25
3,1,83,4.4515,4.5
3,1,83,4.4503,4.5
3,1,32,3.7415,4.5
3,1,32,3.7420,4.5
3,1,27,4.6997,5.25
3,1,27,4.6994,5.25
3,1,81,4.4875,2.75
3,1,81,4.4873,2.75
3,1,62,4.5937,4.375
3,1,62,4.5931,4.375
3,1,25,5.6528,5.5
3,1,25,5.6528,5.5
3,1,60,4.5632,5.5
3,1,60,4.5632,5.5
3,1,23,4.6482,3.875
3,1,23,4.6482,3.875
3,1,58,4.4216,4.5
3,1,58,4.4217,4.5
3,1,21,5.3134,4.5
3,1,21,5.3128,4.5
3,1,56,3.4028,4.0
3,1,56,3.4034,4.0
3,1,19,4.5631,4.125
3,1,19,4.5628,4.125
3,1,78,4.6379,5.25
3,1,78,4.6386,5.25
3,1,17,5.0528,5.0
3,1,17,5.0532,5.0
3,1,76,3.9465,4.0
3,1,76,3.9467,4.0
3,1,52,4.4485,3.5
3,1,52,4.4477,3.5
3,1,74,4.3382,4.0
3,1,74,4.3382,4.0
3,1,50,4.0924,4.66667
3,1,50,4.0921,4.66667
3,1,48,4.8255,2.5
3,1,48,4.8257,2.5
3,1,107,3.7361,5.25
3,1,107,3.7358,5.25
3,1,70,3.1485,2.75
3,1,70,3.1498,2.75
3,1,14,3.3820,3.75
3,1,14,3.3817,3.75
3,1,105,3.0833,1.25
3,1,105,3.0822,1.25
3,1,103,3.3045,1.5
3,1,103,3.3054,1.5
3,1,66,4.3316,3.0
3,1,66,4.3319,3.0
3,2,82,3.0709,3.25
3,2,82,3.0705,3.25
3,2,61,5.8547,4.375
3,2,61,5.8551,4.375
3,2,80,3.9237,4.75
3,2,80,3.9237,4.75
3,2,30,2.5187,3.625
3,2,30,2.5192,3.625
3,2,35,3.1370,3.875
3,2,35,3.1373,3.875
3,2,86,3.3765,2.75
3,2,86,3.3766,2.75
3,2,28,2.8129,4.0
3,2,28,2.8144,4.0
3,2,33,4.0871,5.0
3,2,33,4.0874,5.0
3,2,84,2.9468,4.0
3,2,84,2.9452,4.0
3,2,2,2.9396,1.875
3,2,2,2.9391,1.875
3,2,39,3.8381,4.25
3,2,39,3.8387,4.25
3,2,90,3.2733,4.25
3,2,90,3.2741,4.25
3,2,37,3.7820,2.25
3,2,37,3.7823,2.25
3,2,88,3.9211,4.0
3,2,88,3.9212,4.0
3,2,6,3.7314,5.25
3,2,6,3.7315,5.25
3,2,43,2.8992,4.0
3,2,43,2.9003,4.0
3,2,94,4.0594,3.75
3,2,94,4.0592,3.75
3,2,99,3.6582,2.625
3,2,99,3.6579,2.625
3,2,41,3.9065,3.5
3,2,41,3.9066,3.5
3,2,92,3.2935,3.25
3,2,92,3.2937,3.25
3,2,97,3.6072,5.0
3,2,97,3.6075,5.0
3,2,10,3.4613,4.0
3,2,10,3.4626,4.0
3,2,47,3.3348,3.875
3,2,47,3.3353,3.875
3,2,66,3.7696,3.75
3,2,66,3.7699,3.75
3,2,103,3.8210,4.0
3,2,103,3.8188,4.0
3,2,8,3.5669,6.0
3,2,8,3.5681,6.0
3,2,45,3.1024,3.25
3,2,45,3.1025,3.25
3,2,64,3.2795,2.375
3,2,64,3.2788,2.375
3,2,101,3.2394,3.125
3,2,101,3.2397,3.125
3,2,14,3.9652,3.75
3,2,14,3.9657,3.75
3,2,70,4.6666,3.66667
3,2,70,4.6664,3.66667
3,2,107,2.9202,4.625
3,2,107,2.9197,4.625
3,2,12,4.5885,5.25
3,2,12,4.5883,5.25
3,2,68,3.9946,5.5
3,2,68,3.9952,5.5
3,2,105,3.0159,3.5
3,2,105,3.0156,3.5
3,2,50,4.7980,3.75
3,2,50,4.7984,3.75
3,2,74,4.6390,3.25
3,2,74,4.6381,3.25
3,2,111,3.6059,3.5
3,2,111,3.6054,3.5
3,2,48,2.8354,4.25
3,2,48,2.8362,4.25
3,2,109,3.3405,1.95833
3,2,109,3.3418,1.95833
3,2,78,5.3366,2.75
3,2,78,5.3367,2.75
3,2,52,4.0527,1.5
3,2,52,4.0515,1.5
3,2,56,3.9471,4.25
3,2,56,3.9471,4.25
3,2,112,3.2701,4.0
3,2,112,3.2695,4.0
3,2,62,4.5224,5.25
3,2,62,4.5222,5.25
3,2,27,4.1698,4.0
3,2,27,4.1708,4.0
3,2,60,3.5829,3.75
3,2,60,3.5832,3.75
3,2,83,3.7469,4.25
3,2,83,3.7473,4.25
3,2,34,3.9047,3.5
3,2,34,3.9052,3.5
3,2,81,3.4042,4.375
3,2,81,3.4042,4.375
3,2,31,3.9102,3.25
3,2,31,3.9097,3.25
3,2,32,3.6863,3.25
3,2,32,3.6864,3.25
3,2,87,3.1154,3.75
3,2,87,3.1146,3.75
3,2,29,3.1083,4.0
3,2,29,3.1085,4.0
3,2,38,4.9323,3.25
3,2,38,4.9325,3.25
3,2,85,3.9205,3.25
3,2,85,3.9213,3.25
3,2,36,3.5479,2.75
3,2,36,3.5484,2.75
3,2,91,5.0536,4.5
3,2,91,5.0535,4.5
3,2,42,2.7322,2.5
3,2,42,2.7321,2.5
3,2,89,3.6170,3.25
3,2,89,3.6159,3.25
3,2,98,5.4159,4.5
3,2,98,5.4158,4.5
3,2,7,3.3309,6.0
3,2,7,3.3316,6.0
3,2,40,3.8780,2.75
3,2,40,3.8781,2.75
3,2,95,2.9870,1.5
3,2,95,2.9869,1.5
3,2,96,3.3802,3.125
3,2,96,3.3801,3.125
3,2,5,3.4883,3.25
3,2,5,3.4880,3.25
3,2,46,3.0639,4.5
3,2,46,3.0618,4.5
3,2,93,4.0286,5.0
3,2,93,4.0291,5.0
3,2,102,4.0435,2.0
3,2,102,4.0405,2.0
3,2,11,3.5907,4.125
3,2,11,3.5905,4.125
3,2,44,2.5138,5.0
3,2,44,2.5139,5.0
3,2,67,4.6180,5.25
3,2,67,4.6179,5.25
3,2,100,3.0836,1.25
3,2,100,3.0836,1.25
3,2,9,3.6644,4.5
3,2,9,3.6653,4.5
3,2,65,3.8442,3.0
3,2,65,3.8447,3.0
3,2,106,3.5026,3.875
3,2,106,3.5031,3.875
3,2,71,3.3610,2.375
3,2,71,3.3613,2.375
3,2,104,2.5435,3.5
3,2,104,2.5439,3.5
3,2,13,4.6935,5.0
3,2,13,4.6928,5.0
3,2,69,2.7280,1.25
3,2,69,2.7279,1.25
3,2,110,4.3277,4.25
3,2,110,4.3277,4.25
3,2,51,5.0360,4.0
3,2,51,5.0360,4.0
3,2,108,3.4017,4.0
3,2,108,3.4025,4.0
3,2,49,3.4702,2.75
3,2,49,3.4702,2.75
3,2,73,4.3453,3.75
3,2,73,4.3458,3.75
3,2,55,4.6581,3.33333
3,2,55,4.6583,3.33333
3,2,79,3.3374,3.75
3,2,79,3.3379,3.75
3,2,53,4.0068,4.5
3,2,53,4.0076,4.5
3,2,77,4.0782,2.25
3,2,77,4.0780,2.25
3,2,59,3.9942,2.25
3,2,59,3.9942,2.25
3,2,113,3.5638,3.0
3,2,113,3.5639,3.0
3,2,26,3.1311,2.5
3,2,26,3.1301,2.5
3,2,63,2.9856,1.25
3,2,63,2.9882,1.25
4,1,29,2.9319,3.0
4,1,29,2.9313,3.0
4,1,58,3.3844,2.25
4,1,58,3.3846,2.25
4,1,85,3.1507,2.5
4,1,85,3.1499,2.5
4,1,114,2.9980,1.5
4,1,114,2.9980,1.5
4,1,31,2.8170,2.25
4,1,31,2.8169,2.25
4,1,36,2.8585,0.875
4,1,36,2.8580,0.875
4,1,87,2.9213,3.25
4,1,87,2.9214,3.25
4,1,25,3.0550,1.5
4,1,25,3.0551,1.5
4,1,38,3.0426,2.5
4,1,38,3.0427,2.5
4,1,81,2.9520,3.0
4,1,81,2.9511,3.0
4,1,27,2.4799,2.75
4,1,27,2.4798,2.75
4,1,32,2.9659,1.5
4,1,32,2.9667,1.5
4,1,83,2.7938,3.25
4,1,83,2.7924,3.25
4,1,5,2.4739,1.0
4,1,5,2.4740,1.0
4,1,34,2.8126,1.5
4,1,34,2.8116,1.5
4,1,93,3.0917,3.0
4,1,93,3.0916,3.0
4,1,7,2.7471,1.75
4,1,7,2.7473,1.75
4,1,95,2.9903,3.5
4,1,95,2.9904,3.5
4,1,100,3.1494,0.75
4,1,100,3.1490,0.75
4,1,46,3.7232,3.75
4,1,46,3.7236,3.75
4,1,89,3.0367,1.75
4,1,89,3.0372,1.75
4,1,102,2.7912,1.5
4,1,102,2.7921,1.5
4,1,3,2.6211,3.5
4,1,3,2.6198,3.5
4,1,40,3.5789,4.0
4,1,40,3.5795,4.0
4,1,91,2.9318,2.25
4,1,91,2.9322,2.25
4,1,96,3.1287,2.75
4,1,96,3.1292,2.75
4,1,13,2.6867,1.5
4,1,13,2.6874,1.5
4,1,42,3.1979,1.75
4,1,42,3.1977,1.75
4,1,69,3.9843,5.5
4,1,69,3.9841,5.5
4,1,98,3.3004,3.25
4,1,98,3.2994,3.25
4,1,15,2.7850,0.75
4,1,15,2.7849,0.75
4,1,71,3.7674,2.125
4,1,71,3.7672,2.125
4,1,108,3.0870,3.25
4,1,108,3.0868,3.25
4,1,9,2.5080,1.0
4,1,9,2.5093,1.0
4,1,65,3.2835,4.75
4,1,65,3.2833,4.75
4,1,110,3.1634,4.0
4,1,110,3.1626,4.0
4,1,11,2.8370,1.0
4,1,11,2.8349,1.0
4,1,67,3.8606,1.75
4,1,67,3.8598,1.75
4,1,104,3.0188,1.25
4,1,104,3.0187,1.25
4,1,53,3.6882,2.5
4,1,53,3.6879,2.5
4,1,77,3.7569,2.625
4,1,77,3.7569,2.625
4,1,106,2.9923,2.125
4,1,106,2.9923,2.125
4,1,55,3.5097,2.5
4,1,55,3.5100,2.5
4,1,79,3.8336,6.75
4,1,79,3.8335,6.75
4,1,49,3.7379,4.25
4,1,49,3.7379,4.25
4,1,73,3.6475,4.25
4,1,73,3.6472,4.25
4,1,22,2.6143,1.25
4,1,22,2.6149,1.25
4,1,51,3.3005,2.75
4,1,51,3.3009,2.75
4,1,75,3.4790,4.75
4,1,75,3.4761,4.75
4,1,16,2.4692,1.0
4,1,16,2.4684,1.0
4,1,117,3.0842,1.25
4,1,117,3.0846,1.25
4,1,63,2.8289,1.0
4,1,63,2.8299,1.0
4,1,28,2.9904,2.625
4,1,28,2.9912,2.625
4,1,57,3.6947,2.75
4,1,57,3.6945,2.75
4,1,84,2.8436,2.5
4,1,84,2.8425,2.5
4,1,113,2.9447,3.25
4,1,113,2.9431,3.25
4,1,30,2.9055,1.125
4,1,30,2.9059,1.125
4,1,59,3.5592,1.875
4,1,59,3.5597,1.875
4,1,86,2.9165,1.66667
4,1,86,2.9170,1.66667
4,1,115,2.9639,3.5
4,1,115,2.9640,3.5
4,1,24,2.8590,2.0
4,1,24,2.8594,2.0
4,1,37,3.4892,2.25
4,1,37,3.4890,2.25
4,1,80,3.0851,3.5
4,1,80,3.0852,3.5
4,1,26,3.5194,4.375
4,1,26,3.5191,4.375
4,1,39,3.3127,2.5
4,1,39,3.3132,2.5
4,1,82,3.3576,6.5
4,1,82,3.3570,6.5
4,1,4,2.5092,1.5
4,1,4,2.5095,1.5
4,1,33,2.9350,1.5
4,1,33,2.9344,1.5
4,1,92,2.7660,2.0
4,1,92,2.7657,2.0
4,1,6,2.4406,1.5
4,1,6,2.4398,1.5
4,1,35,2.9754,1.75
4,1,35,2.9756,1.75
4,1,94,2.7962,1.5
4,1,94,2.7968,1.5
4,1,45,3.0639,2.125
4,1,45,3.0635,2.125
4,1,88,2.8798,1.5
4,1,88,2.8770,1.5
4,1,101,2.9963,3.875
4,1,101,2.9960,3.875
4,1,47,3.5559,2.125
4,1,47,3.5555,2.125
4,1,90,3.0226,1.375
4,1,90,3.0206,1.375
4,1,103,2.9530,1.0
4,1,103,2.9528,1.0
4,1,12,2.7272,2.5
4,1,12,2.7279,2.5
4,1,41,3.5452,2.5
4,1,41,3.5453,2.5
4,1,68,3.3836,5.5
4,1,68,3.3825,5.5
4,1,97,2.8121,1.625
4,1,97,2.8119,1.625
4,1,70,3.2203,5.25
4,1,70,3.2203,5.25
4,1,99,3.3461,2.375
4,1,99,3.3458,2.375
4,1,8,2.5271,0.75
4,1,8,2.5278,0.75
4,1,64,3.9067,3.5
4,1,64,3.9062,3.5
4,1,109,2.9786,2.75
4,1,109,2.9785,2.75
4,1,10,2.7881,3.0
4,1,10,2.7879,3.0
4,1,66,2.7089,1.0
4,1,66,2.7098,1.0
4,1,111,2.9376,3.5
4,1,111,2.9374,3.5
4,1,52,3.8410,3.25
4,1,52,3.8412,3.25
4,1,105,3.1872,3.625
4,1,105,3.1854,3.625
4,1,54,3.3951,3.375
4,1,54,3.3954,3.375
4,1,78,2.8468,3.25
4,1,78,2.8468,3.25
4,1,48,3.2126,1.5
4,1,48,3.2129,1.5
4,1,72,2.8922,2.375
4,1,72,2.8924,2.375
4,1,50,3.3174,2.0
4,1,50,3.3178,2.0
4,1,74,3.5070,3.5
4,1,74,3.5066,3.5
4,1,23,2.5341,1.0
4,1,23,2.5338,1.0
4,1,116,3.3182,1.75
4,1,116,3.3192,1.75
4,1,118,3.0454,4.5
4,1,118,3.0459,4.5
4,1,56,3.5791,2.0
4,1,56,3.5789,2.0
4,1,112,3.1339,1.0
4,1,112,3.1342,1.0
7,1,40,3.9869,5.5
7,1,40,4.0416,5.5
7,1,3,3.6751,4.75
7,1,3,3.5762,4.75
7,1,102,3.1271,4.25
7,1,102,3.1430,4.25
7,1,46,3.8526,4.0
7,1,46,3.8504,4.0
7,1,1,3.3794,3.5
7,1,1,3.3446,3.5
7,1,44,3.4107,6.25
7,1,44,3.4693,6.25
7,1,7,3.5332,2.25
7,1,7,3.5511,2.25
7,1,90,3.5556,4.0
7,1,90,3.6198,4.0
7,1,34,3.6164,5.5
7,1,34,3.7086,5.5
7,1,5,3.2639,4.75
7,1,5,3.2507,4.75
7,1,88,3.6271,6.5
7,1,88,3.7929,6.5
7,1,32,3.7674,3.75
7,1,32,3.8590,3.75
7,1,94,3.5824,3.0
7,1,94,3.5965,3.0
7,1,38,3.3406,3.5
7,1,38,3.3837,3.5
7,1,92,3.1364,5.75
7,1,92,3.2084,5.75
7,1,36,3.2625,4.25
7,1,36,3.3583,4.25
7,1,82,3.6739,5.25
7,1,82,3.7261,5.25
7,1,26,3.8213,3.0
7,1,26,3.8915,3.0
7,1,80,3.6524,2.0
7,1,80,3.6267,2.0
7,1,24,3.6510,5.0
7,1,24,3.6900,5.0
7,1,86,3.9306,3.25
7,1,86,3.9395,3.25
7,1,59,3.6293,5.25
7,1,59,3.6787,5.25
7,1,30,3.2357,3.0
7,1,30,3.2909,3.0
7,1,84,3.0928,4.75
7,1,84,3.1451,4.75
7,1,57,3.7785,4.25
7,1,57,3.7513,4.25
7,1,28,3.7997,5.25
7,1,28,3.7066,5.25
7,1,74,3.7459,4.25
7,1,74,3.7590,4.25
7,1,63,3.4998,5.5
7,1,63,3.4771,5.5
7,1,18,4.0022,6.0
7,1,18,3.9624,6.0
7,1,72,3.4991,2.0
7,1,72,3.5782,2.0
7,1,61,3.6289,5.0
7,1,61,3.6667,5.0
7,1,107,3.0805,4.0
7,1,107,3.1133,4.0
7,1,78,3.1543,4.0
7,1,78,3.1201,4.0
7,1,51,3.5965,3.5
7,1,51,3.6545,3.5
7,1,22,3.4074,3.75
7,1,22,3.4216,3.75
7,1,105,3.4531,4.75
7,1,105,3.4729,4.75
7,1,76,3.7907,2.75
7,1,76,3.8474,2.75
7,1,49,3.7169,4.5
7,1,49,3.7288,4.5
7,1,20,3.4812,5.25
7,1,20,3.4237,5.25
7,1,66,2.9639,4.25
7,1,66,2.9998,4.25
7,1,55,3.0199,2.5
7,1,55,3.1077,2.5
7,1,10,3.3698,2.75
7,1,10,3.3464,2.75
7,1,109,3.1279,6.25
7,1,109,3.1789,6.25
7,1,64,3.0778,5.0
7,1,64,3.1394,5.0
7,1,53,3.8729,5.5
7,1,53,3.9381,5.5
7,1,8,3.5416,4.5
7,1,8,3.5695,4.5
7,1,70,3.3760,5.5
7,1,70,3.4310,5.5
7,1,43,3.8257,3.5
7,1,43,3.7900,3.5
7,1,14,2.8936,1.75
7,1,14,2.8336,1.75
7,1,97,2.9629,5.5
7,1,97,3.0084,5.5
7,1,68,3.0914,4.25
7,1,68,3.0779,4.25
7,1,41,3.7335,4.75
7,1,41,3.7218,4.75
7,1,12,2.7805,5.0
7,1,12,2.7132,5.0
7,1,103,3.1995,3.25
7,1,103,3.3092,3.25
7,1,47,4.0027,4.5
7,1,47,3.9911,4.5
7,1,2,3.5224,5.5
7,1,2,3.5145,5.5
7,1,101,3.2783,4.0
7,1,101,3.3373,4.0
7,1,45,3.7541,4.5
7,1,45,3.8567,4.5
7,1,35,3.5013,6.0
7,1,35,3.5102,6.0
7,1,89,3.4788,5.25
7,1,89,3.6048,5.25
7,1,33,3.4124,4.75
7,1,33,3.4865,4.75
7,1,4,3.6965,3.25
7,1,4,3.6646,3.25
7,1,95,3.3786,4.75
7,1,95,3.4117,4.75
7,1,39,3.7204,5.5
7,1,39,3.7550,5.5
7,1,93,3.5297,4.25
7,1,93,3.5254,4.25
7,1,37,3.5284,4.25
7,1,37,3.5666,4.25
7,1,83,3.5114,4.75
7,1,83,3.5824,4.75
7,1,27,3.7626,4.25
7,1,27,3.7707,4.25
7,1,81,3.6428,4.0
7,1,81,3.6993,4.0
7,1,25,3.4704,4.5
7,1,25,3.4782,4.5
7,1,31,3.3088,4.5
7,1,31,3.4334,4.5
7,1,58,3.2069,6.0
7,1,58,3.2789,6.0
7,1,29,3.7288,4.25
7,1,29,3.7999,4.25
7,1,75,3.5773,4.75
7,1,75,3.6631,4.75
7,1,19,3.4542,4.75
7,1,19,3.4929,4.75
7,1,73,3.4750,1.0
7,1,73,3.5154,1.0
7,1,62,3.3446,4.5
7,1,62,3.3851,4.5
7,1,79,3.2340,3.0
7,1,79,3.3257,3.0
7,1,60,3.3333,3.25
7,1,60,3.3350,3.25
7,1,23,3.6537,4.0
7,1,23,3.6988,4.0
7,1,106,3.5059,4.75
7,1,106,3.5753,4.75
7,1,50,3.8712,5.0
7,1,50,3.8808,5.0
7,1,104,3.2924,4.75
7,1,104,3.3049,4.75
7,1,67,2.8323,4.75
7,1,67,2.8692,4.75
7,1,48,3.8057,1.5
7,1,48,3.8376,1.5
7,1,11,2.8194,1.75
7,1,11,2.8350,1.75
7,1,65,2.7272,5.25
7,1,65,2.7386,5.25
7,1,54,3.5310,5.5
7,1,54,3.6086,5.5
7,1,9,3.2980,2.0
7,1,9,3.3233,2.0
7,1,108,3.3871,2.75
7,1,108,3.4271,2.75
7,1,71,3.3892,4.75
7,1,71,3.4647,4.75
7,1,52,3.9388,0.75
7,1,52,3.9366,0.75
7,1,98,3.3483,3.25
7,1,98,3.3798,3.25
7,1,69,3.4150,5.5
7,1,69,3.4155,5.5
7,1,42,3.9207,3.0
7,1,42,3.9999,3.0
7,1,13,2.9409,3.0
7,1,13,2.9005,3.0
7,1,96,3.3112,5.5
7,1,96,3.3099,5.5
7,2,77,3.5257,4.25
7,2,77,3.4604,4.25
7,2,102,3.7553,5.25
7,2,102,3.7376,5.25
7,2,3,3.6354,5.75
7,2,3,3.5975,5.75
7,2,75,3.5322,3.5
7,2,75,3.4576,3.5
7,2,100,3.1133,1.75
7,2,100,3.1214,1.75
7,2,1,3.0744,4.25
7,2,1,3.0656,4.25
7,2,73,3.3743,3.25
7,2,73,3.3099,3.25
7,2,98,3.6936,3.75
7,2,98,3.6719,3.75
7,2,63,3.7036,5.25
7,2,63,3.6229,5.25
7,2,71,3.4725,4.0
7,2,71,3.3619,4.0
7,2,96,3.8709,3.5
7,2,96,3.7841,3.5
7,2,61,3.3229,5.5
7,2,61,3.3076,5.5
7,2,69,3.5502,4.25
7,2,69,3.4957,4.25
7,2,30,3.7232,3.0
7,2,30,3.6215,3.0
7,2,28,3.9261,5.75
7,2,28,3.8726,5.75
7,2,57,3.3826,1.5
7,2,57,3.3852,1.5
7,2,65,3.3052,5.0
7,2,65,3.3887,5.0
7,2,26,3.7932,4.25
7,2,26,3.7552,4.25
7,2,55,3.3628,4.0
7,2,55,3.3085,4.0
7,2,24,3.6296,3.75
7,2,24,3.5949,3.75
7,2,53,3.8799,5.0
7,2,53,3.8289,5.0
7,2,22,3.6917,3.0
7,2,22,3.7060,3.0
7,2,51,3.6535,4.75
7,2,51,3.5760,4.75
7,2,94,3.8559,3.25
7,2,94,3.7706,3.25
7,2,20,3.4981,5.5
7,2,20,3.4246,5.5
7,2,49,3.9321,4.0
7,2,49,3.9367,4.0
7,2,92,3.6853,4.66667
7,2,92,3.5825,4.66667
7,2,18,3.4090,3.5
7,2,18,3.3081,3.5
7,2,47,3.7707,4.0
7,2,47,3.7568,4.0
7,2,90,3.9114,4.0
7,2,90,3.8583,4.0
7,2,16,3.7055,5.0
7,2,16,3.6497,5.0
7,2,45,3.7544,2.5
7,2,45,3.6638,2.5
7,2,88,4.0339,5.0
7,2,88,4.0278,5.0
7,2,14,3.6723,5.5
7,2,14,3.5640,5.5
7,2,43,3.5343,2.75
7,2,43,3.4618,2.75
7,2,86,3.7414,2.5
7,2,86,3.6356,2.5
7,2,12,3.3890,4.25
7,2,12,3.2944,4.25
7,2,84,3.9170,3.75
7,2,84,3.8145,3.75
7,2,10,3.6658,4.0
7,2,10,3.5427,4.0
7,2,39,3.6894,4.0
7,2,39,3.6417,4.0
7,2,82,3.8807,3.25
7,2,82,3.7855,3.25
7,2,8,3.4332,4.0
7,2,8,3.4121,4.0
7,2,37,3.4732,3.5
7,2,37,3.4211,3.5
7,2,80,3.8791,4.0
7,2,80,3.8218,4.0
7,2,109,3.2648,5.25
7,2,109,3.2576,5.25
7,2,6,3.8775,4.0
7,2,6,3.8374,4.0
7,2,35,3.3545,3.5
7,2,35,3.3350,3.5
7,2,78,3.4088,5.0
7,2,78,3.3170,5.0
7,2,107,4.2671,4.5
7,2,107,4.2155,4.5
7,2,4,3.3441,3.0
7,2,4,3.2789,3.0
7,2,33,3.2714,1.5
7,2,33,3.2194,1.5
7,2,76,4.2081,4.5
7,2,76,4.0257,4.5
7,2,105,4.1089,3.0
7,2,105,4.0662,3.0
7,2,2,3.3002,2.75
7,2,2,3.2027,2.75
7,2,74,3.5695,2.5
7,2,74,3.5248,2.5
7,2,103,3.9260,4.25
7,2,103,3.8512,4.25
7,2,72,3.9110,4.25
7,2,72,3.8986,4.25
7,2,70,3.4850,3.25
7,2,70,3.3979,3.25
7,2,99,3.7790,4.25
7,2,99,3.6625,4.25
7,2,60,3.1850,4.0
7,2,60,3.1492,4.0
7,2,68,3.2529,6.5
7,2,68,3.2157,6.5
7,2,97,3.5954,3.0
7,2,97,3.5133,3.0
7,2,58,3.1229,4.0
7,2,58,3.1222,4.0
7,2,66,3.4615,5.5
7,2,66,3.4484,5.5
7,2,31,3.8121,3.75
7,2,31,3.7387,3.75
7,2,56,3.3764,4.75
7,2,56,3.3171,4.75
7,2,64,2.9976,3.25
7,2,64,3.0048,3.25
7,2,29,3.5663,1.75
7,2,29,3.5222,1.75
7,2,27,3.9264,4.25
7,2,27,3.8410,4.25
7,2,52,3.6103,3.25
7,2,52,3.5360,3.25
7,2,25,3.8268,4.75
7,2,25,3.7977,4.75
7,2,50,3.7804,4.25
7,2,50,3.7379,4.25
7,2,23,3.2195,1.75
7,2,23,3.1680,1.75
7,2,48,3.7129,3.75
7,2,48,3.6936,3.75
7,2,95,3.5687,2.5
7,2,95,3.4355,2.5
7,2,21,3.4034,1.5
7,2,21,3.3811,1.5
7,2,46,3.3751,4.75
7,2,46,3.3790,4.75
7,2,93,3.6832,4.75
7,2,93,3.6547,4.75
7,2,19,3.3816,4.5
7,2,19,3.3877,4.5
7,2,44,3.5142,4.5
7,2,44,3.4643,4.5
7,2,91,3.8785,3.75
7,2,91,3.7682,3.75
7,2,17,3.2473,6.0
7,2,17,3.2082,6.0
7,2,42,4.0231,3.0
7,2,42,4.0177,3.0
7,2,89,3.4930,3.0
7,2,89,3.4358,3.0
7,2,40,3.9577,5.25
7,2,40,3.8837,5.25
7,2,87,4.1974,4.5
7,2,87,4.1087,4.5
7,2,13,3.1672,4.75
7,2,13,3.2207,4.75
7,2,38,3.7014,5.25
7,2,38,3.7254,5.25
7,2,85,3.9278,2.5
7,2,85,3.8434,2.5
7,2,110,3.3470,4.75
7,2,110,3.3086,4.75
7,2,11,2.9697,2.75
7,2,11,2.9625,2.75
7,2,36,3.5278,2.5
7,2,36,3.5437,2.5
7,2,83,3.9463,5.0
7,2,83,3.9448,5.0
7,2,108,3.5449,5.5
7,2,108,3.5231,5.5
7,2,9,3.8998,4.0
7,2,9,3.8161,4.0
7,2,34,3.4480,4.25
7,2,34,3.4353,4.25
7,2,106,3.8620,6.25
7,2,106,3.7796,6.25
7,2,7,3.5188,5.0
7,2,7,3.5304,5.0
7,2,32,3.6450,4.5
7,2,32,3.6193,4.5
7,2,104,3.5708,3.5
7,2,104,3.5225,3.5
7,2,5,3.2312,3.25
7,2,5,3.2743,3.25
8,1,34,2.8392,2.5
8,1,34,2.8532,2.5
8,1,7,2.7932,1.0
8,1,7,2.8099,1.0
8,1,94,2.5885,1.75
8,1,94,2.5510,1.75
8,1,21,2.7290,1.75
8,1,21,2.6921,1.75
8,1,35,2.7512,3.0
8,1,35,2.7346,3.0
8,1,49,2.7116,2.25
8,1,49,2.7310,2.25
8,1,8,2.8106,1.0
8,1,8,2.7848,1.0
8,1,95,2.6493,2.25
8,1,95,2.6242,2.25
8,1,22,2.8493,3.5
8,1,22,2.8407,3.5
8,1,36,2.7118,3.75
8,1,36,2.7303,3.75
8,1,50,2.6874,1.0
8,1,50,2.7004,1.0
8,1,9,2.6419,2.0
8,1,9,2.6260,2.0
8,1,64,2.6264,1.25
8,1,64,2.6463,1.25
8,1,23,2.8450,3.25
8,1,23,2.8468,3.25
8,1,37,2.5835,1.75
8,1,37,2.5449,1.75
8,1,51,2.6265,1.0
8,1,51,2.6393,1.0
8,1,10,2.5314,1.75
8,1,10,2.5603,1.75
8,1,65,2.5804,2.0
8,1,65,2.5516,2.0
8,1,24,2.7286,3.75
8,1,24,2.7048,3.75
8,1,38,2.9112,2.25
8,1,38,2.9018,2.25
8,1,52,2.7148,1.25
8,1,52,2.6901,1.25
8,1,11,2.5707,2.0
8,1,11,2.6251,2.0
8,1,66,2.5935,2.25
8,1,66,2.5638,2.25
8,1,25,2.5655,2.5
8,1,25,2.5860,2.5
8,1,80,2.6007,1.75
8,1,80,2.5646,1.75
8,1,39,2.6499,3.0
8,1,39,2.6188,3.0
8,1,53,2.6887,2.25
8,1,53,2.6698,2.25
8,1,12,2.6253,1.0
8,1,12,2.6817,1.0
8,1,67,2.4865,2.25
8,1,67,2.4982,2.25
8,1,26,2.6703,2.75
8,1,26,2.6369,2.75
8,1,81,2.6181,2.25
8,1,81,2.6134,2.25
8,1,40,2.7287,1.75
8,1,40,2.7242,1.75
8,1,54,2.6562,3.0
8,1,54,2.6781,3.0
8,1,68,2.4270,1.5
8,1,68,2.4609,1.5
8,1,27,2.6109,2.0
8,1,27,2.5822,2.0
8,1,82,2.7032,1.75
8,1,82,2.6997,1.75
8,1,41,2.7738,1.5
8,1,41,2.7615,1.5
8,1,96,2.7337,2.5
8,1,96,2.6783,2.5
8,1,69,2.8243,2.5
8,1,69,2.7897,2.5
8,1,28,2.7010,1.0
8,1,28,2.6994,1.0
8,1,42,2.6934,3.5
8,1,42,2.7018,3.5
8,1,97,2.6831,2.25
8,1,97,2.6431,2.25
8,1,29,2.8779,3.25
8,1,29,2.8878,3.25
8,1,43,2.6666,1.75
8,1,43,2.6691,1.75
8,1,98,2.8015,0.75
8,1,98,2.7372,0.75
8,1,30,2.8182,2.5
8,1,30,2.7879,2.5
8,1,85,2.8224,2.0
8,1,85,2.8366,2.0
8,1,44,2.8235,3.25
8,1,44,2.7983,3.25
8,1,58,2.7568,1.0
8,1,58,2.7525,1.0
8,1,31,2.5256,1.25
8,1,31,2.5377,1.25
8,1,86,2.7376,1.25
8,1,86,2.7438,1.25
8,1,59,2.8440,1.5
8,1,59,2.8470,1.5
8,1,73,2.6872,2.75
8,1,73,2.6956,2.75
8,1,87,2.6201,1.0
8,1,87,2.6262,1.0
8,1,60,2.6607,2.5
8,1,60,2.6544,2.5
8,1,74,2.7312,2.5
8,1,74,2.7071,2.5
8,1,88,2.6560,2.25
8,1,88,2.6829,2.25
8,1,61,2.4964,2.75
8,1,61,2.5543,2.75
8,1,75,2.8988,3.0
8,1,75,2.8153,3.0
8,1,2,3.0350,2.75
8,1,2,2.9780,2.75
8,1,89,2.7110,3.5
8,1,89,2.6611,3.5
8,1,16,2.8257,2.75
8,1,16,2.8407,2.75
8,1,62,2.6557,1.5
8,1,62,2.6938,1.5
8,1,76,2.5347,1.0
8,1,76,2.4501,1.0
8,1,3,2.6809,2.5
8,1,3,2.6697,2.5
8,1,17,2.8839,3.25
8,1,17,2.8527,3.25
8,1,63,2.6298,1.0
8,1,63,2.6142,1.0
8,1,77,2.5383,3.25
8,1,77,2.4922,3.25
8,1,4,2.7268,1.75
8,1,4,2.7252,1.75
8,1,91,2.6773,2.75
8,1,91,2.6861,2.75
8,1,18,2.7069,3.75
8,1,18,2.7183,3.75
8,1,32,2.8732,2.75
8,1,32,2.7963,2.75
8,1,78,2.7129,2.75
8,1,78,2.6835,2.75
8,1,5,2.6579,2.0
8,1,5,2.6118,2.0
8,1,92,2.5875,1.5
8,1,92,2.5690,1.5
8,1,19,2.6320,2.25
8,1,19,2.6407,2.25
8,1,33,2.5442,1.75
8,1,33,2.5432,1.75
8,1,79,2.5537,2.0
8,1,79,2.5622,2.0
8,1,6,2.6924,1.5
8,1,6,2.7202,1.5
8,1,93,2.6829,1.75
8,1,93,2.6759,1.75
8,1,20,2.6805,2.5
8,1,20,2.6066,2.5
8,2,17,2.9951,3.5
8,2,17,2.9952,3.5
8,2,91,2.0806,2.25
8,2,91,2.0805,2.25
8,2,19,2.4728,2.0
8,2,19,2.4735,2.0
8,2,93,2.2610,4.25
8,2,93,2.2622,4.25
8,2,96,2.0299,2.0
8,2,96,2.0297,2.0
8,2,21,2.6849,2.25
8,2,21,2.6845,2.25
8,2,56,2.5626,2.0
8,2,56,2.5633,2.0
8,2,95,2.4428,2.0
8,2,95,2.4430,2.0
8,2,98,2.4307,3.0
8,2,98,2.4302,3.0
8,2,23,2.9592,2.5
8,2,23,2.9581,2.5
8,2,58,2.6475,3.0
8,2,58,2.6473,3.0
8,2,100,2.3607,3.25
8,2,100,2.3616,3.25
8,2,25,3.0622,2.75
8,2,25,3.0620,2.75
8,2,60,2.3390,3.5
8,2,60,2.3392,3.5
8,2,67,2.5852,1.625
8,2,67,2.5855,1.625
8,2,27,2.3835,4.0
8,2,27,2.3838,4.0
8,2,62,2.4573,1.75
8,2,62,2.4559,1.75
8,2,69,2.2398,3.5
8,2,69,2.2397,3.5
8,2,29,3.0882,4.75
8,2,29,3.0891,4.75
8,2,32,3.0189,4.0
8,2,32,3.0189,4.0
8,2,71,2.0434,2.0
8,2,71,2.0414,2.0
8,2,31,2.5251,2.75
8,2,31,2.5244,2.75
8,2,34,2.6543,3.5
8,2,34,2.6531,3.5
8,2,73,2.3515,3.5
8,2,73,2.3515,3.5
8,2,36,2.8908,3.75
8,2,36,2.8904,3.75
8,2,75,2.2513,4.0
8,2,75,2.2511,4.0
8,2,38,2.9657,3.75
8,2,38,2.9653,3.75
8,2,77,2.0515,4.75
8,2,77,2.0503,4.75
8,2,5,2.4458,3.75
8,2,5,2.4470,3.75
8,2,40,2.5852,2.0
8,2,40,2.5854,2.0
8,2,79,2.6048,4.0
8,2,79,2.6050,4.0
8,2,7,2.1779,1.5
8,2,7,2.1790,1.5
8,2,42,2.5188,3.5
8,2,42,2.5190,3.5
8,2,9,2.2177,2.0
8,2,9,2.2181,2.0
8,2,44,2.5243,3.25
8,2,44,2.5244,3.25
8,2,11,2.6232,3.0
8,2,11,2.6235,3.0
8,2,46,2.3120,3.25
8,2,46,2.3119,3.25
8,2,80,2.3840,3.25
8,2,80,2.3831,3.25
8,2,15,2.4322,2.25
8,2,15,2.4319,2.25
8,2,49,2.7450,4.0
8,2,49,2.7446,4.0
8,2,84,2.3398,3.5
8,2,84,2.3392,3.5
8,2,86,2.6237,3.25
8,2,86,2.6235,3.25
8,2,88,2.5282,3.75
8,2,88,2.5284,3.75
8,2,16,3.2852,4.0
8,2,16,3.2852,4.0
8,2,55,2.7567,3.75
8,2,55,2.7553,3.75
8,2,90,2.2656,1.5
8,2,90,2.2657,1.5
8,2,97,2.5220,4.25
8,2,97,2.5216,4.25
8,2,18,2.4332,3.5
8,2,18,2.4348,3.5
8,2,57,2.6378,4.75
8,2,57,2.6385,4.75
8,2,92,2.6232,2.0
8,2,92,2.6230,2.0
8,2,99,2.3756,4.0
8,2,99,2.3758,4.0
8,2,20,3.1560,3.75
8,2,20,3.1560,3.75
8,2,59,2.3504,4.5
8,2,59,2.3503,4.5
8,2,94,2.0894,3.0
8,2,94,2.0895,3.0
8,2,101,2.3184,2.75
8,2,101,2.3188,2.75
8,2,22,2.3103,2.25
8,2,22,2.3102,2.25
8,2,61,2.2954,4.0
8,2,61,2.2958,4.0
8,2,64,2.4538,4.75
8,2,64,2.4543,4.75
8,2,24,2.4659,3.0
8,2,24,2.4654,3.0
8,2,63,2.6254,5.25
8,2,63,2.6254,5.25
8,2,26,2.4626,4.0
8,2,26,2.4622,4.0
8,2,33,2.4222,2.25
8,2,33,2.4216,2.25
8,2,68,2.1857,2.75
8,2,68,2.1857,2.75
8,2,28,2.4023,2.5
8,2,28,2.4021,2.5
8,2,35,3.1448,3.5
8,2,35,3.1436,3.5
8,2,70,2.7861,4.0
8,2,70,2.7861,4.0
8,2,30,2.6994,4.25
8,2,30,2.6998,4.25
8,2,37,2.3020,2.25
8,2,37,2.3014,2.25
8,2,72,2.3404,3.5
8,2,72,2.3390,3.5
8,2,39,2.8674,2.0
8,2,39,2.8670,2.0
8,2,74,2.1596,3.75
8,2,74,2.1606,3.75
8,2,41,2.6431,4.0
8,2,41,2.6427,4.0
8,2,76,2.9143,3.25
8,2,76,2.9145,3.25
8,2,4,2.1353,3.25
8,2,4,2.1354,3.25
8,2,43,2.1023,2.75
8,2,43,2.1044,2.75
8,2,78,2.1241,3.25
8,2,78,2.1252,3.25
8,2,6,2.3356,1.75
8,2,6,2.3355,1.75
8,2,45,2.6419,2.25
8,2,45,2.6416,2.25
8,2,8,2.8010,4.25
8,2,8,2.8003,4.25
8,2,47,2.1979,2.75
8,2,47,2.1975,2.75
8,2,10,2.0275,1.75
8,2,10,2.0260,1.75
8,2,83,2.2359,2.75
8,2,83,2.2360,2.75
8,2,85,2.3277,4.5
8,2,85,2.3281,4.5
8,2,48,3.0728,4.0
8,2,48,3.0718,4.0
8,2,87,2.4887,2.0
8,2,87,2.4881,2.0
8,2,50,2.8213,3.0
8,2,50,2.8215,3.0
8,2,89,2.4697,2.25
8,2,89,2.4714,2.25
9,1,81,4.5897,2.25
9,1,81,4.4738,2.25
9,1,27,4.9479,3.75
9,1,27,4.8222,3.75
9,1,83,4.9750,4.25
9,1,83,4.8005,4.25
9,1,29,3.7939,2.5
9,1,29,3.7837,2.5
9,1,32,4.2126,2.75
9,1,32,4.2680,2.75
9,1,85,5.2386,4.75
9,1,85,5.2714,4.75
9,1,31,4.5531,3.5
9,1,31,4.4205,3.5
9,1,34,3.9658,3.25
9,1,34,3.8869,3.25
9,1,87,5.0246,3.25
9,1,87,4.7246,3.25
9,1,36,4.3815,3.5
9,1,36,4.3748,3.5
9,1,89,4.7557,2.75
9,1,89,4.6503,2.75
9,1,3,4.9416,4.75
9,1,3,4.8215,4.75
9,1,38,4.1417,3.5
9,1,38,4.0112,3.5
9,1,91,4.2381,3.75
9,1,91,4.2357,3.75
9,1,5,4.8375,5.75
9,1,5,4.7011,5.75
9,1,40,3.9442,2.25
9,1,40,4.0640,2.25
9,1,93,4.7511,3.25
9,1,93,4.7047,3.25
9,1,96,4.6717,4.25
9,1,96,4.4245,4.25
9,1,7,4.8205,4.25
9,1,7,4.8988,4.25
9,1,42,4.2262,4.0
9,1,42,4.3111,4.0
9,1,95,4.5905,4.25
9,1,95,4.4158,4.25
9,1,98,4.2555,2.25
9,1,98,4.1957,2.25
9,1,65,4.3839,2.0
9,1,65,4.2940,2.0
9,1,100,4.8668,4.25
9,1,100,4.6958,4.25
9,1,67,4.3357,4.25
9,1,67,4.3172,4.25
9,1,102,4.4862,3.75
9,1,102,4.2811,3.75
9,1,69,4.6867,5.5
9,1,69,4.5223,5.5
9,1,104,4.1084,3.0
9,1,104,3.9703,3.0
9,1,106,4.2127,4.0
9,1,106,4.1008,4.0
9,1,73,4.7429,3.25
9,1,73,4.6090,3.25
9,1,51,4.5867,3.5
9,1,51,4.6981,3.5
9,1,75,5.0324,2.5
9,1,75,4.7818,2.5
9,1,110,4.5679,4.25
9,1,110,4.4497,4.25
9,1,53,4.1878,3.0
9,1,53,4.3286,3.0
9,1,77,4.6876,3.25
9,1,77,4.5077,3.25
9,1,16,4.0523,1.5
9,1,16,4.1246,1.5
9,1,55,4.0588,3.5
9,1,55,4.2084,3.5
9,1,79,4.7531,4.0
9,1,79,4.5579,4.0
9,1,18,4.9415,3.5
9,1,18,4.9053,3.5
9,1,20,4.6970,4.0
9,1,20,4.5814,4.0
9,1,59,4.4658,2.75
9,1,59,4.3673,2.75
9,1,22,4.0925,3.0
9,1,22,4.1152,3.0
9,1,61,4.1201,3.5
9,1,61,4.1447,3.5
9,1,24,4.1518,3.5
9,1,24,4.1574,3.5
9,1,63,4.0986,3.25
9,1,63,4.0462,3.25
9,1,80,4.2576,3.25
9,1,80,4.1330,3.25
9,1,26,4.5037,4.5
9,1,26,4.4670,4.5
9,1,33,4.5166,3.75
9,1,33,4.4968,3.75
9,1,82,4.7561,4.0
9,1,82,4.7641,4.0
9,1,28,4.3007,2.75
9,1,28,4.2322,2.75
9,1,35,4.0633,3.5
9,1,35,4.0988,3.5
9,1,84,4.9334,3.0
9,1,84,4.7046,3.0
9,1,30,4.5687,3.0
9,1,30,4.4757,3.0
9,1,37,4.8317,4.5
9,1,37,4.6021,4.5
9,1,86,4.3991,4.0
9,1,86,4.2740,4.0
9,1,39,4.5300,2.75
9,1,39,4.4575,2.75
9,1,88,4.2338,3.25
9,1,88,4.0251,3.25
9,1,2,4.5347,5.25
9,1,2,4.5034,5.25
9,1,41,4.0555,3.0
9,1,41,4.0004,3.0
9,1,90,4.4315,2.75
9,1,90,4.1483,2.75
9,1,97,4.8188,3.5
9,1,97,4.6745,3.5
9,1,4,4.7664,5.0
9,1,4,4.5612,5.0
9,1,92,4.5902,4.0
9,1,92,4.3159,4.0
9,1,99,4.5304,3.0
9,1,99,4.3680,3.0
9,1,6,4.2596,3.5
9,1,6,4.3110,3.5
9,1,94,5.0080,3.0
9,1,94,4.8239,3.0
9,1,101,4.3774,2.25
9,1,101,4.2780,2.25
9,1,8,4.9170,4.5
9,1,8,5.0163,4.5
9,1,64,4.4253,4.25
9,1,64,4.4399,4.25
9,1,103,4.5614,2.25
9,1,103,4.4705,2.25
9,1,66,4.7803,4.75
9,1,66,4.7794,4.75
9,1,105,4.7112,3.75
9,1,105,4.6218,3.75
9,1,12,4.3115,4.75
9,1,12,4.2416,4.75
9,1,68,4.4403,3.5
9,1,68,4.3986,3.5
9,1,107,4.3142,4.25
9,1,107,4.1680,4.25
9,1,72,4.5005,3.75
9,1,72,4.3687,3.75
9,1,111,4.6350,3.0
9,1,111,4.5407,3.0
9,1,50,4.4937,3.5
9,1,50,4.3628,3.5
9,1,74,4.6087,3.0
9,1,74,4.4547,3.0
9,1,17,4.7425,4.25
9,1,17,4.6096,4.25
9,1,52,3.7490,2.75
9,1,52,3.7958,2.75
9,1,76,4.8222,4.0
9,1,76,4.6172,4.0
9,1,19,4.1452,3.25
9,1,19,4.3225,3.25
9,1,54,3.7449,2.75
9,1,54,3.8173,2.75
9,1,78,4.5731,3.5
9,1,78,4.3016,3.5
9,1,21,4.5443,4.5
9,1,21,4.4373,4.5
9,1,56,4.3293,3.75
9,1,56,4.1527,3.75
9,1,23,4.6379,4.5
9,1,23,4.6172,4.5
9,1,25,4.3199,3.5
9,1,25,4.3852,3.5
9,1,60,4.2625,4.0
9,1,60,4.2387,4.0
9,2,98,4.4829,4.5
9,2,98,4.2642,4.5
9,2,71,4.8619,5.25
9,2,71,4.6762,5.25
9,2,100,4.9782,5.75
9,2,100,4.8590,5.75
9,2,46,4.5827,4.75
9,2,46,4.5940,4.75
9,2,102,5.2374,3.75
9,2,102,5.1778,3.75
9,2,75,5.2348,3.75
9,2,75,5.1491,3.75
9,2,16,3.8237,2.75
9,2,16,3.8650,2.75
9,2,104,4.6282,3.25
9,2,104,4.5591,3.25
9,2,77,4.2432,4.25
9,2,77,4.1576,4.25
9,2,18,4.0305,4.25
9,2,18,4.1224,4.25
9,2,106,4.8806,5.25
9,2,106,4.9116,5.25
9,2,79,4.9677,5.25
9,2,79,4.8880,5.25
9,2,20,3.9177,3.0
9,2,20,4.0432,3.0
9,2,108,4.4963,4.25
9,2,108,4.4892,4.25
9,2,49,4.8312,5.25
9,2,49,4.7685,5.25
9,2,22,3.7270,3.0
9,2,22,3.8137,3.0
9,2,110,4.2181,3.25
9,2,110,4.3559,3.25
9,2,51,4.8739,5.0
9,2,51,4.8064,5.0
9,2,24,3.5614,1.75
9,2,24,3.7385,1.75
9,2,80,4.4997,4.75
9,2,80,4.4295,4.75
9,2,53,3.3084,3.75
9,2,53,3.3129,3.75
9,2,26,3.7559,3.25
9,2,26,3.6417,3.25
9,2,82,4.4115,3.0
9,2,82,4.2921,3.0
9,2,55,3.8893,3.25
9,2,55,3.9570,3.25
9,2,28,4.2146,4.75
9,2,28,4.2844,4.75
9,2,84,4.5149,3.75
9,2,84,4.5635,3.75
9,2,30,4.3124,2.75
9,2,30,4.4789,2.75
9,2,113,4.2184,5.75
9,2,113,4.3160,5.75
9,2,86,4.8701,4.0
9,2,86,4.7440,4.0
9,2,88,4.4412,4.5
9,2,88,4.3799,4.5
9,2,2,4.7176,4.0
9,2,2,4.5398,4.0
9,2,90,4.5863,3.25
9,2,90,4.4859,3.25
9,2,63,4.2868,5.0
9,2,63,4.2479,5.0
9,2,4,4.4410,5.25
9,2,4,4.2576,5.25
9,2,92,4.6492,4.25
9,2,92,4.6021,4.25
9,2,33,4.6320,3.0
9,2,33,4.5816,3.0
9,2,6,4.9055,5.75
9,2,6,4.8597,5.75
9,2,94,4.0523,4.0
9,2,94,3.9953,4.0
9,2,35,3.5708,2.5
9,2,35,3.6931,2.5
9,2,8,4.6233,4.5
9,2,8,4.5788,4.5
9,2,64,4.1302,4.5
9,2,64,4.0305,4.5
9,2,37,3.9710,3.75
9,2,37,4.1283,3.75
9,2,10,4.6569,4.75
9,2,10,4.6382,4.75
9,2,66,4.4215,5.5
9,2,66,4.4918,5.5
9,2,39,4.2562,4.0
9,2,39,4.2322,4.0
9,2,12,4.8272,5.5
9,2,12,4.7482,5.5
9,2,68,4.6993,3.25
9,2,68,4.6244,3.25
9,2,41,4.8830,4.5
9,2,41,4.6664,4.5
9,2,97,4.4343,3.75
9,2,97,4.3490,3.75
9,2,70,4.5861,4.75
9,2,70,4.6681,4.75
9,2,99,4.6405,4.5
9,2,99,4.5023,4.5
9,2,45,4.7447,3.0
9,2,45,4.6854,3.0
9,2,101,4.7665,3.75
9,2,101,4.6807,3.75
9,2,74,4.8578,5.25
9,2,74,4.8725,5.25
9,2,47,4.3329,5.0
9,2,47,4.4118,5.0
9,2,103,4.8578,3.0
9,2,103,4.6931,3.0
9,2,76,4.8062,3.25
9,2,76,4.6380,3.25
9,2,17,4.0907,4.0
9,2,17,4.1200,4.0
9,2,105,5.1001,4.5
9,2,105,5.0358,4.5
9,2,78,4.6003,5.5
9,2,78,4.5919,5.5
9,2,19,4.5023,3.25
9,2,19,4.3315,3.25
9,2,107,4.4708,3.75
9,2,107,4.4048,3.75
9,2,48,5.0788,5.0
9,2,48,5.0454,5.0
9,2,21,3.9703,3.75
9,2,21,4.0208,3.75
9,2,109,4.1719,2.25
9,2,109,4.1961,2.25
9,2,50,4.1602,4.0
9,2,50,4.3012,4.0
9,2,23,3.6907,2.75
9,2,23,3.7104,2.75
9,2,111,4.6796,4.0
9,2,111,4.6355,4.0
9,2,52,3.0890,2.75
9,2,52,3.0611,2.75
9,2,25,4.4538,5.75
9,2,25,4.5864,5.75
9,2,81,4.7237,4.75
9,2,81,4.6514,4.75
9,2,54,4.5005,5.5
9,2,54,4.5333,5.5
9,2,27,3.4004,3.25
9,2,27,3.4351,3.25
9,2,83,4.4808,4.0
9,2,83,4.4289,4.0
9,2,56,4.2354,5.0
9,2,56,4.1947,5.0
9,2,29,4.4939,3.0
9,2,29,4.2902,3.0
9,2,112,4.4552,4.5
9,2,112,4.4482,4.5
9,2,85,4.1601,4.75
9,2,85,4.0628,4.75
9,2,31,3.5701,2.75
9,2,31,3.5030,2.75
9,2,87,4.5350,3.25
9,2,87,4.4856,3.25
9,2,89,4.1785,2.75
9,2,89,4.0292,2.75
9,2,62,4.8609,4.0
9,2,62,4.8499,4.0
9,2,3,4.4234,4.5
9,2,3,4.4111,4.5
9,2,91,4.8816,4.25
9,2,91,4.8828,4.25
9,2,32,3.6687,2.25
9,2,32,3.5817,2.25
9,2,5,4.3965,5.5
9,2,5,4.3911,5.5
9,2,93,4.6339,4.5
9,2,93,4.5313,4.5
9,2,34,3.8966,2.5
9,2,34,3.9871,2.5
9,2,7,4.1507,5.25
9,2,7,3.9833,5.25
9,2,95,4.6017,5.0
9,2,95,4.6466,5.0
9,2,36,4.4005,4.75
9,2,36,4.3784,4.75
9,2,9,4.6316,5.75
9,2,9,4.6055,5.75
9,2,65,4.9281,4.75
9,2,65,4.8239,4.75
9,2,38,3.2194,2.0
9,2,38,3.1521,2.0
9,2,11,4.6285,4.5
9,2,11,4.6494,4.5
9,2,67,4.9447,4.25
9,2,67,4.8948,4.25
9,2,40,4.8424,3.25
9,2,40,4.7524,3.25
9,2,13,4.2428,3.75
9,2,13,4.1829,3.75
9,2,96,4.4417,3.0
9,2,96,4.3262,3.0
9,2,69,4.7062,3.25
9,2,69,4.8946,3.25
9,2,42,3.9344,3.25
9,2,42,4.0205,3.25
10,1,63,2.7648,4.25
10,1,63,2.8584,4.25
10,1,24,2.9381,4.75
10,1,24,2.9820,4.75
10,1,80,2.8897,5.0
10,1,80,2.9391,5.0
10,1,61,3.2922,4.0
10,1,61,3.2224,4.0
10,1,6,3.0031,5.0
10,1,6,2.9391,5.0
10,1,94,2.7873,5.0
10,1,94,2.8179,5.0
10,1,4,3.0660,5.5
10,1,4,3.0489,5.5
10,1,92,3.0071,5.0
10,1,92,3.0501,5.0
10,1,57,2.7806,1.5
10,1,57,2.8792,1.5
10,1,90,3.1068,3.75
10,1,90,3.0757,3.75
10,1,39,2.6297,4.0
10,1,39,2.7422,4.0
10,1,88,3.1504,5.5
10,1,88,3.1284,5.5
10,1,37,3.0873,6.0
10,1,37,3.1071,6.0
10,1,14,2.9156,3.75
10,1,14,2.8817,3.75
10,1,35,2.6252,2.0
10,1,35,2.6979,2.0
10,1,12,3.1839,4.5
10,1,12,3.1518,4.5
10,1,68,2.9831,3.75
10,1,68,3.0542,3.75
10,1,33,2.8412,4.5
10,1,33,2.8187,4.5
10,1,10,2.9670,5.0
10,1,10,2.8780,5.0
10,1,66,3.0041,6.0
10,1,66,3.0558,6.0
10,1,47,2.9155,5.25
10,1,47,2.9216,5.25
10,1,8,3.0450,6.25
10,1,8,3.0273,6.25
10,1,103,2.8441,3.75
10,1,103,2.8437,3.75
10,1,64,2.7387,5.0
10,1,64,2.7681,5.0
10,1,45,2.7955,2.875
10,1,45,2.8104,2.875
10,1,101,2.9292,5.5
10,1,101,2.9366,5.5
10,1,78,2.9115,5.5
10,1,78,2.9224,5.5
10,1,43,3.1274,4.5
10,1,43,3.0612,4.5
10,1,99,3.0841,5.25
10,1,99,3.1203,5.25
10,1,76,3.0399,4.75
10,1,76,3.0365,4.75
10,1,41,2.9483,3.25
10,1,41,2.9469,3.25
10,1,97,2.8722,3.75
10,1,97,2.9054,3.75
10,1,74,2.8256,4.75
10,1,74,2.9492,4.75
10,1,72,3.1004,3.0
10,1,72,3.0330,3.0
10,1,21,2.9880,5.25
10,1,21,2.9815,5.25
10,1,54,2.7430,3.5
10,1,54,2.7113,3.5
10,1,107,3.0925,5.0
10,1,107,3.1622,5.0
10,1,52,3.0279,5.0
10,1,52,3.0516,5.0
10,1,105,2.8561,4.0
10,1,105,2.8795,4.0
10,1,50,2.9630,5.25
10,1,50,3.0317,5.25
10,1,31,2.9582,4.75
10,1,31,2.9767,4.75
10,1,87,3.1505,4.75
10,1,87,3.1685,4.75
10,1,48,3.1560,5.0
10,1,48,3.1646,5.0
10,1,29,3.0624,4.5
10,1,29,3.1453,4.5
10,1,85,2.8526,4.75
10,1,85,2.9120,4.75
10,1,62,2.9024,3.75
10,1,62,2.9293,3.75
10,1,27,2.9160,4.25
10,1,27,2.9344,4.25
10,1,83,3.0952,3.0
10,1,83,3.0273,3.0
10,1,25,2.9875,4.5
10,1,25,2.9973,4.5
10,1,81,2.8217,4.25
10,1,81,2.8400,4.25
10,1,7,3.1602,5.5
10,1,7,3.1202,5.5
10,1,95,3.1147,4.75
10,1,95,3.1159,4.75
10,1,56,2.8866,4.5
10,1,56,2.9132,4.5
10,1,5,2.9900,5.0
10,1,5,2.9555,5.0
10,1,93,3.0564,4.0
10,1,93,2.9958,4.0
10,1,38,2.7723,3.75
10,1,38,2.8278,3.75
10,1,91,3.1141,4.5
10,1,91,3.1552,4.5
10,1,36,3.0863,4.75
10,1,36,3.1379,4.75
10,1,89,3.1180,5.25
10,1,89,3.0979,5.25
10,1,34,2.6157,4.0
10,1,34,2.6418,4.0
10,1,32,2.8999,3.75
10,1,32,3.0142,3.75
10,1,13,2.9277,4.25
10,1,13,2.9190,4.25
10,1,69,3.0057,4.5
10,1,69,3.0912,4.5
10,1,46,3.1200,5.0
10,1,46,3.1355,5.0
10,1,11,2.8207,4.0
10,1,11,2.7462,4.0
10,1,102,2.7554,5.0
10,1,102,2.8016,5.0
10,1,67,2.9602,5.25
10,1,67,3.0220,5.25
10,1,44,3.0317,4.5
10,1,44,3.0195,4.5
10,1,9,2.9505,5.5
10,1,9,2.8817,5.5
10,1,100,2.8569,4.0
10,1,100,2.9171,4.0
10,1,65,2.8629,5.75
10,1,65,2.8865,5.75
10,1,42,3.1346,5.25
10,1,42,3.1506,5.25
10,1,98,2.9692,4.5
10,1,98,3.0342,4.5
10,1,79,2.8222,4.5
10,1,79,2.8060,4.5
10,1,40,2.9462,4.5
10,1,40,2.9994,4.5
10,1,96,3.1861,4.5
10,1,96,3.1485,4.5
10,1,77,2.9749,4.5
10,1,77,3.0513,4.5
10,1,22,3.0889,4.5
10,1,22,3.0965,4.5
10,1,75,2.9595,4.5
10,1,75,3.0361,4.5
10,1,20,2.9484,5.0
10,1,20,3.1340,5.0
10,1,108,2.9602,5.0
10,1,108,3.0186,5.0
10,1,73,3.0523,4.25
10,1,73,3.1357,4.25
10,1,106,2.7998,2.0
10,1,106,2.8713,2.0
10,1,55,3.0767,5.25
10,1,55,3.0832,5.25
10,1,104,3.0110,4.5
10,1,104,3.0892,4.5
10,1,53,3.0982,5.25
10,1,53,3.1416,5.25
10,1,30,3.0307,5.5
10,1,30,3.1461,5.5
10,1,86,3.0844,4.0
10,1,86,3.0773,4.0
10,1,51,2.9043,5.5
10,1,51,2.8911,5.5
10,1,28,2.9902,4.75
10,1,28,3.0838,4.75
10,1,84,2.8800,2.75
10,1,84,2.8657,2.75
10,1,49,2.8758,4.0
10,1,49,2.8212,4.0
10,1,26,2.7026,2.375
10,1,26,2.6975,2.375
10,1,82,3.0253,4.5
10,1,82,3.0075,4.5
10,2,65,2.5050,5.0
10,2,65,2.5462,5.0
10,2,26,2.6741,3.5
10,2,26,2.7614,3.5
10,2,83,2.7061,4.25
10,2,83,2.6443,4.25
10,2,15,2.6951,5.75
10,2,15,2.7338,5.75
10,2,25,2.6142,4.25
10,2,25,2.6454,4.25
10,2,82,2.6539,5.25
10,2,82,2.5763,5.25
10,2,14,2.8741,5.25
10,2,14,2.8740,5.25
10,2,71,2.6284,4.0
10,2,71,2.7229,4.0
10,2,24,2.6866,3.5
10,2,24,2.6966,3.5
10,2,81,2.7709,5.25
10,2,81,2.7405,5.25
10,2,35,2.4133,2.75
10,2,35,2.4475,2.75
10,2,13,2.8779,5.25
10,2,13,2.8363,5.25
10,2,70,2.8964,4.66667
10,2,70,2.8146,4.66667
10,2,31,2.6872,3.25
10,2,31,2.7224,3.25
10,2,80,2.7690,4.5
10,2,80,2.8007,4.5
10,2,34,2.7841,5.0
10,2,34,2.7581,5.0
10,2,12,2.7284,4.25
10,2,12,2.7779,4.25
10,2,69,2.6618,5.25
10,2,69,2.5838,5.25
10,2,30,2.7432,5.75
10,2,30,2.6935,5.75
10,2,87,2.7975,5.5
10,2,87,2.7809,5.5
10,2,33,2.6307,4.75
10,2,33,2.6196,4.75
10,2,51,2.8626,5.5
10,2,51,2.8483,5.5
10,2,68,2.6568,4.75
10,2,68,2.7031,4.75
10,2,29,2.6460,5.0
10,2,29,2.6613,5.0
10,2,86,2.6989,4.5
10,2,86,2.6721,4.5
10,2,32,2.5700,1.75
10,2,32,2.5269,1.75
10,2,50,2.5677,4.0
10,2,50,2.5629,4.0
10,2,75,2.7563,4.5
10,2,75,2.7548,4.5
10,2,28,2.7405,4.5
10,2,28,2.7257,4.5
10,2,85,2.8198,5.25
10,2,85,2.7764,5.25
10,2,39,2.9208,5.25
10,2,39,2.9085,5.25
10,2,74,2.8228,4.75
10,2,74,2.7997,4.75
10,2,3,2.7978,3.75
10,2,3,2.8025,3.75
10,2,84,2.6449,4.0
10,2,84,2.6881,4.0
10,2,38,2.8631,4.75
10,2,38,2.8560,4.75
10,2,73,2.7653,5.5
10,2,73,2.7182,5.5
10,2,91,2.7021,4.25
10,2,91,2.7546,4.25
10,2,37,2.7760,5.0
10,2,37,2.7208,5.0
10,2,55,2.7852,3.75
10,2,55,2.9304,3.75
10,2,72,2.6302,6.25
10,2,72,2.6664,6.25
10,2,90,2.8325,4.25
10,2,90,2.8831,4.25
10,2,19,2.5696,4.5
10,2,19,2.6398,4.5
10,2,36,2.7257,3.75
10,2,36,2.7666,3.75
10,2,54,2.8164,5.5
10,2,54,2.7939,5.5
10,2,79,2.7578,5.5
10,2,79,2.6750,5.5
10,2,89,2.7764,4.0
10,2,89,2.8511,4.0
10,2,43,2.7426,5.75
10,2,43,2.7063,5.75
10,2,53,2.9277,6.75
10,2,53,2.8713,6.75
10,2,78,2.7393,5.25
10,2,78,2.7638,5.25
10,2,7,2.8601,5.25
10,2,7,2.7902,5.25
10,2,88,2.8780,5.5
10,2,88,2.8421,5.5
10,2,42,2.7959,5.5
10,2,42,2.7366,5.5
10,2,52,2.8014,5.5
10,2,52,2.7259,5.5
10,2,77,2.6520,3.5
10,2,77,2.5681,3.5
10,2,6,2.7823,5.25
10,2,6,2.8113,5.25
10,2,95,2.6323,2.0
10,2,95,2.7027,2.0
10,2,41,2.9044,5.25
10,2,41,2.8297,5.25
10,2,76,2.6276,4.5
10,2,76,2.6858,4.5
10,2,5,2.8110,5.5
10,2,5,2.8281,5.5
10,2,94,2.6112,3.25
10,2,94,2.5674,3.25
10,2,23,2.8673,5.0
10,2,23,2.8256,5.0
10,2,40,2.6543,4.5
10,2,40,2.6515,4.5
10,2,97,2.3733,5.75
10,2,97,2.3719,5.75
10,2,58,2.7118,5.5
10,2,58,2.7539,5.5
10,2,4,2.8099,6.25
10,2,4,2.7897,6.25
10,2,93,2.6532,3.25
10,2,93,2.6319,3.25
10,2,22,2.7607,5.5
10,2,22,2.7227,5.5
10,2,47,2.5205,5.25
10,2,47,2.4319,5.25
10,2,96,2.8053,4.75
10,2,96,2.8159,4.75
10,2,11,2.7601,4.5
10,2,11,2.8021,4.5
10,2,92,2.5737,4.75
10,2,92,2.5578,4.75
10,2,21,2.8048,5.5
10,2,21,2.7467,5.5
10,2,46,2.5678,4.25
10,2,46,2.6198,4.25
10,2,56,2.8458,5.25
10,2,56,2.8107,5.25
10,2,10,2.5970,5.25
10,2,10,2.5932,5.25
10,2,67,2.7700,4.33333
10,2,67,2.8114,4.33333
10,2,20,2.7009,2.75
10,2,20,2.7620,2.75
10,2,45,2.5927,3.5
10,2,45,2.5850,3.5
10,2,9,2.6762,3.25
10,2,9,2.6523,3.25
10,2,66,2.5290,3.0
10,2,66,2.5912,3.0
10,2,27,2.7558,5.0
10,2,27,2.6878,5.0
10,2,44,2.8504,5.0
10,2,44,2.8136,5.0
10,2,8,2.8504,5.75
10,2,8,2.8841,5.75
11,1,5,3.1164,4.5
11,1,5,3.1837,4.5
11,1,94,3.3200,5.75
11,1,94,3.3191,5.75
11,1,23,3.7521,5.75
11,1,23,3.8482,5.75
11,1,32,3.3534,4.25
11,1,32,3.4697,4.25
11,1,50,2.2555,3.0
11,1,50,2.2001,3.0
11,1,75,2.8046,3.5
11,1,75,2.8779,3.5
11,1,4,2.9575,5.75
11,1,4,2.9898,5.75
11,1,93,3.3382,4.25
11,1,93,3.5107,4.25
11,1,22,3.2869,6.25
11,1,22,3.4015,6.25
11,1,47,2.4412,4.0
11,1,47,2.4426,4.0
11,1,49,2.3205,4.5
11,1,49,2.2856,4.5
11,1,74,2.9416,5.0
11,1,74,2.9935,5.0
11,1,92,2.8952,4.25
11,1,92,3.0670,4.25
11,1,21,2.9922,4.25
11,1,21,3.2013,4.25
11,1,46,2.6424,1.75
11,1,46,2.6447,1.75
11,1,48,2.0618,2.25
11,1,48,1.9917,2.25
11,1,73,3.8163,5.25
11,1,73,4.0562,5.25
11,1,91,3.3052,5.5
11,1,91,3.4144,5.5
11,1,20,3.3332,5.5
11,1,20,3.4310,5.5
11,1,63,3.0581,6.25
11,1,63,3.1621,6.25
11,1,72,3.4995,4.75
11,1,72,3.6070,4.75
11,1,90,3.1882,4.25
11,1,90,3.3342,4.25
11,1,19,3.6456,6.25
11,1,19,3.7589,6.25
11,1,62,3.0132,5.0
11,1,62,3.1359,5.0
11,1,89,3.9376,5.0
11,1,89,4.1001,5.0
11,1,15,2.8240,3.5
11,1,15,2.9169,3.5
11,1,88,3.0911,3.75
11,1,88,3.1998,3.75
11,1,99,3.3895,6.25
11,1,99,3.4079,6.25
11,1,14,3.1892,4.25
11,1,14,3.2887,4.25
11,1,71,3.1009,4.75
11,1,71,3.2935,4.75
11,1,98,2.9054,4.5
11,1,98,2.9476,4.5
11,1,13,3.1942,5.25
11,1,13,3.2631,5.25
11,1,70,2.9251,5.0
11,1,70,3.0000,5.0
11,1,31,3.5821,5.5
11,1,31,3.7079,5.5
11,1,97,2.7439,3.75
11,1,97,2.8490,3.75
11,1,12,3.2688,5.5
11,1,12,3.3537,5.5
11,1,69,2.7892,4.0
11,1,69,2.7856,4.0
11,1,30,3.3299,4.25
11,1,30,3.4555,4.25
11,1,87,2.8082,2.75
11,1,87,2.9900,2.75
11,1,96,2.7859,4.75
11,1,96,2.8067,4.75
11,1,57,2.3474,2.5
11,1,57,2.3484,2.5
11,1,11,2.8330,4.5
11,1,11,2.8980,4.5
11,1,68,2.8667,4.25
11,1,68,2.9339,4.25
11,1,29,3.2643,5.5
11,1,29,3.3752,5.5
11,1,56,2.4647,2.25
11,1,56,2.5319,2.25
11,1,10,2.6324,4.66667
11,1,10,2.6747,4.66667
11,1,67,2.6134,6.25
11,1,67,2.6348,6.25
11,1,28,3.2984,4.5
11,1,28,3.3471,4.5
11,1,39,2.5063,5.0
11,1,39,2.5699,5.0
11,1,9,3.0209,4.0
11,1,9,3.1856,4.0
11,1,66,2.9013,3.25
11,1,66,2.9916,3.25
11,1,27,3.0158,4.5
11,1,27,3.1394,4.5
11,1,84,3.0661,3.5
11,1,84,3.1105,3.5
11,1,38,3.8164,4.5
11,1,38,3.8786,4.5
11,1,8,2.9702,4.25
11,1,8,3.0581,4.25
11,1,65,3.0304,4.25
11,1,65,3.1942,4.25
11,1,26,3.4629,4.0
11,1,26,3.6034,4.0
11,1,83,3.1226,3.5
11,1,83,3.2130,3.5
11,1,37,3.2151,3.75
11,1,37,3.3234,3.75
11,1,55,2.5562,4.0
11,1,55,2.6808,4.0
11,1,64,3.0884,5.0
11,1,64,3.2202,5.0
11,1,25,3.3758,5.0
11,1,25,3.4931,5.0
11,1,82,3.0650,4.5
11,1,82,3.1785,4.5
11,1,36,3.5044,5.0
11,1,36,3.5894,5.0
11,1,54,2.5747,2.5
11,1,54,2.7159,2.5
11,1,79,2.8697,4.5
11,1,79,2.9877,4.5
11,1,24,3.5242,3.25
11,1,24,3.6728,3.25
11,1,81,3.0589,4.5
11,1,81,3.1731,4.5
11,1,35,3.2766,4.5
11,1,35,3.3669,4.5
11,1,53,2.7226,5.25
11,1,53,2.7900,5.25
11,1,78,3.0057,5.0
11,1,78,3.1564,5.0
11,1,7,3.1000,4.25
11,1,7,3.1973,4.25
11,1,80,3.2462,6.0
11,1,80,3.3330,6.0
11,1,34,3.7594,4.5
11,1,34,3.8719,4.5
11,1,52,3.4165,4.25
11,1,52,3.6799,4.25
11,1,77,3.6054,6.0
11,1,77,3.7188,6.0
11,1,6,3.0791,5.0
11,1,6,3.1509,5.0
11,1,95,2.9055,4.25
11,1,95,2.9286,4.25
11,1,33,3.5492,5.0
11,1,33,3.6905,5.0
11,1,51,3.0304,4.75
11,1,51,3.0863,4.75
11,1,76,3.3313,4.0
11,1,76,3.4784,4.0
11,2,84,2.1822,4.75
11,2,84,2.1279,4.75
11,2,28,2.6422,4.5
11,2,28,2.6708,4.5
11,2,74,1.9548,4.25
11,2,74,1.9667,4.25
11,2,18,2.7989,4.0
11,2,18,2.7383,4.0
11,2,72,2.3141,4.25
11,2,72,2.2446,4.25
11,2,63,1.6226,2.75
11,2,63,1.5793,2.75
11,2,78,3.0129,5.5
11,2,78,3.0695,5.5
11,2,61,2.0623,3.25
11,2,61,1.9499,3.25
11,2,22,2.7884,3.75
11,2,22,2.7774,3.75
11,2,76,2.7902,5.5
11,2,76,2.7442,5.5
11,2,51,3.2501,4.5
11,2,51,3.3316,4.5
11,2,20,2.6253,4.75
11,2,20,2.8409,4.75
11,2,105,3.1844,4.5
11,2,105,3.2394,4.5
11,2,66,1.9700,1.75
11,2,66,2.0647,1.75
11,2,49,2.6404,2.75
11,2,49,2.6868,2.75
11,2,10,2.4907,4.75
11,2,10,2.4517,4.75
11,2,111,2.7772,4.5
11,2,111,2.7788,4.5
11,2,64,2.4983,4.25
11,2,64,2.4166,4.25
11,2,55,3.0143,4.5
11,2,55,2.9885,4.5
11,2,8,2.7170,5.0
11,2,8,2.7919,5.0
11,2,109,3.1073,4.75
11,2,109,3.1213,4.75
11,2,53,3.1598,4.5
11,2,53,3.1597,4.5
11,2,99,3.2459,5.5
11,2,99,3.2884,5.5
11,2,68,2.3742,4.0
11,2,68,2.2748,4.0
11,2,43,2.7521,5.25
11,2,43,2.7589,5.25
11,2,12,1.8774,2.25
11,2,12,1.7930,2.25
11,2,97,2.5462,3.75
11,2,97,2.4817,3.75
11,2,41,2.5985,4.75
11,2,41,2.5921,4.75
11,2,103,2.8175,5.25
11,2,103,2.9778,5.25
11,2,47,2.8672,4.0
11,2,47,2.8598,4.0
11,2,101,2.3620,4.75
11,2,101,2.3514,4.75
11,2,45,2.4049,4.25
11,2,45,2.4459,4.25
11,2,6,2.8779,5.5
11,2,6,2.8914,5.5
11,2,91,2.4571,4.5
11,2,91,2.4008,4.5
11,2,35,2.5153,3.75
11,2,35,2.4523,3.75
11,2,4,2.1352,4.0
11,2,4,2.0949,4.0
11,2,89,2.6228,4.75
11,2,89,2.5760,4.75
11,2,33,2.6057,4.25
11,2,33,2.6110,4.25
11,2,95,2.9643,4.0
11,2,95,2.9534,4.0
11,2,39,2.2084,4.5
11,2,39,2.2083,4.5
11,2,93,2.5886,5.0
11,2,93,2.5399,5.0
11,2,37,2.6923,5.0
11,2,37,2.7733,5.0
11,2,83,2.2305,4.0
11,2,83,2.2793,4.0
11,2,27,2.8364,5.5
11,2,27,2.8808,5.5
11,2,81,1.6112,3.0
11,2,81,1.5703,3.0
11,2,25,3.1762,5.0
11,2,25,3.2346,5.0
11,2,87,2.8857,4.25
11,2,87,2.9898,4.25
11,2,31,3.0645,5.0
11,2,31,3.1999,5.0
11,2,85,2.4038,5.0
11,2,85,2.3554,5.0
11,2,56,2.6229,4.75
11,2,56,2.5227,4.75
11,2,29,2.6279,4.75
11,2,29,2.6892,4.75
11,2,75,1.7886,2.5
11,2,75,1.8551,2.5
11,2,62,1.6987,1.75
11,2,62,1.7064,1.75
11,2,19,2.5253,5.25
11,2,19,2.5506,5.25
11,2,73,2.0507,4.25
11,2,73,2.0705,4.25
11,2,60,1.7020,2.5
11,2,60,1.6782,2.5
11,2,17,2.6847,3.75
11,2,17,2.7138,3.75
11,2,106,2.5602,3.0
11,2,106,2.6322,3.0
11,2,79,2.1659,4.25
11,2,79,2.2184,4.25
11,2,50,2.9428,4.25
11,2,50,3.0107,4.25
11,2,23,2.4506,5.75
11,2,23,2.4608,5.75
11,2,104,2.9446,6.0
11,2,104,3.0801,6.0
11,2,77,2.3556,4.5
11,2,77,2.3449,4.5
11,2,48,2.7412,6.5
11,2,48,2.7478,6.5
11,2,21,3.3348,6.25
11,2,21,3.4442,6.25
11,2,110,3.3742,4.75
11,2,110,3.5282,4.75
11,2,67,1.9374,4.75
11,2,67,1.8342,4.75
11,2,54,2.4261,3.75
11,2,54,2.4063,3.75
11,2,11,1.7619,2.5
11,2,11,1.6915,2.5
11,2,65,2.1751,2.5
11,2,65,2.0294,2.5
11,2,52,3.1009,5.0
11,2,52,3.1688,5.0
11,2,9,2.8161,3.5
11,2,9,2.9338,3.5
11,2,98,2.4915,5.0
11,2,98,2.4665,5.0
11,2,42,2.6275,4.75
11,2,42,2.6826,4.75
11,2,96,2.3704,5.0
11,2,96,2.4147,5.0
11,2,69,1.9803,3.25
11,2,69,2.0142,3.25
11,2,40,2.7274,4.25
11,2,40,2.7697,4.25
11,2,102,2.8751,3.75
11,2,102,2.8622,3.75
11,2,46,2.5142,4.25
11,2,46,2.5662,4.25
11,2,3,2.1721,5.0
11,2,3,2.1184,5.0
11,2,100,2.8039,4.5
11,2,100,2.8299,4.5
11,2,44,3.2881,5.5
11,2,44,3.3561,5.5
11,2,90,2.5491,3.25
11,2,90,2.5853,3.25
11,2,34,2.8971,6.5
11,2,34,2.9958,6.5
11,2,7,1.9201,0.75
11,2,7,1.8689,0.75
11,2,88,2.4316,5.0
11,2,88,2.3774,5.0
11,2,32,2.5320,5.25
11,2,32,2.4857,5.25
11,2,5,1.8295,2.25
11,2,5,1.7937,2.25
11,2,94,2.3689,4.25
11,2,94,2.3062,4.25
11,2,38,2.2523,4.25
11,2,38,2.3241,4.25
11,2,92,2.6825,5.5
11,2,92,2.7885,5.5
11,2,36,3.1589,4.25
11,2,36,3.1418,4.25
11,2,82,2.1817,4.75
11,2,82,2.0491,4.75
11,2,26,2.4739,3.5
11,2,26,2.4395,3.5
11,2,80,1.7674,3.75
11,2,80,1.6960,3.75
11,2,24,2.8770,5.0
11,2,24,2.9233,5.0
11,2,86,2.4710,5.75
11,2,86,2.4526,5.75
11,2,30,2.5685,4.0
11,2,30,2.5883,4.0
12,1,60,2.3147,3.75
12,1,60,2.3131,3.75
12,1,25,2.5243,5.75
12,1,25,2.5319,5.75
12,1,83,2.4322,5.5
12,1,83,2.4849,5.5
12,1,62,2.2319,2.5
12,1,62,2.2221,2.5
12,1,27,2.3769,4.5
12,1,27,2.3860,4.5
12,1,77,2.5220,4.75
12,1,77,2.5377,4.75
12,1,21,2.4961,4.5
12,1,21,2.5722,4.5
12,1,79,2.3244,4.25
12,1,79,2.3638,4.25
12,1,23,2.4751,3.5
12,1,23,2.4904,3.5
12,1,108,2.6016,3.25
12,1,108,2.5720,3.25
12,1,73,2.5764,4.25
12,1,73,2.6080,4.25
12,1,17,2.6204,5.0
12,1,17,2.6259,5.0
12,1,110,2.4668,5.0
12,1,110,2.4600,5.0
12,1,75,2.4046,5.25
12,1,75,2.4791,5.25
12,1,54,2.6659,4.75
12,1,54,2.6585,4.75
12,1,19,2.5106,3.75
12,1,19,2.5088,3.75
12,1,104,2.2572,2.5
12,1,104,2.2518,2.5
12,1,69,2.3974,3.75
12,1,69,2.3979,3.75
12,1,48,2.4091,4.5
12,1,48,2.4626,4.5
12,1,106,2.2033,1.25
12,1,106,2.2189,1.25
12,1,100,2.3762,2.75
12,1,100,2.4107,2.75
12,1,65,2.4401,4.5
12,1,65,2.3959,4.5
12,1,44,2.5007,5.5
12,1,44,2.5380,5.5
12,1,9,2.6740,4.75
12,1,9,2.7340,4.75
12,1,102,2.6833,4.5
12,1,102,2.7017,4.5
12,1,67,2.1467,2.75
12,1,67,2.1067,2.75
12,1,46,2.3801,3.5
12,1,46,2.4355,3.5
12,1,11,2.7046,5.0
12,1,11,2.6997,5.0
12,1,96,2.4596,3.25
12,1,96,2.4688,3.25
12,1,40,2.4365,4.25
12,1,40,2.4914,4.25
12,1,5,2.5617,6.0
12,1,5,2.5874,6.0
12,1,98,2.5594,3.75
12,1,98,2.5874,3.75
12,1,42,2.7592,4.25
12,1,42,2.8171,4.25
12,1,7,2.7241,6.25
12,1,7,2.7610,6.25
12,1,92,2.2472,3.25
12,1,92,2.3052,3.25
12,1,36,2.5380,5.0
12,1,36,2.5547,5.0
12,1,38,2.7267,5.5
12,1,38,2.7628,5.5
12,1,3,2.6702,6.0
12,1,3,2.6011,6.0
12,1,88,2.4408,4.5
12,1,88,2.4421,4.5
12,1,32,2.3310,5.25
12,1,32,2.3708,5.25
12,1,90,2.6652,4.0
12,1,90,2.6713,4.0
12,1,34,2.3754,5.5
12,1,34,2.4292,5.5
12,1,84,2.6563,4.5
12,1,84,2.6561,4.5
12,1,28,2.2647,5.0
12,1,28,2.3236,5.0
12,1,86,2.5447,3.0
12,1,86,2.5806,3.0
12,1,30,2.4364,4.0
12,1,30,2.4668,4.0
12,1,80,2.5406,4.0
12,1,80,2.6198,4.0
12,1,24,2.3852,5.25
12,1,24,2.3634,5.25
12,1,82,2.7305,4.0
12,1,82,2.7186,4.0
12,1,61,2.2559,4.0
12,1,61,2.2565,4.0
12,1,26,2.6168,5.0
12,1,26,2.6097,5.0
12,1,76,2.5770,4.0
12,1,76,2.5814,4.0
12,1,63,2.2874,3.0
12,1,63,2.2431,3.0
12,1,20,2.5238,4.75
12,1,20,2.5811,4.75
12,1,78,2.6383,6.0
12,1,78,2.7028,6.0
12,1,22,2.3243,4.5
12,1,22,2.3357,4.5
12,1,72,2.5593,3.25
12,1,72,2.5048,3.25
12,1,16,2.6018,5.25
12,1,16,2.6538,5.25
12,1,109,2.3287,3.5
12,1,109,2.3258,3.5
12,1,74,2.4398,5.0
12,1,74,2.4779,5.0
12,1,53,2.4702,4.5
12,1,53,2.4443,4.5
12,1,18,2.4719,4.25
12,1,18,2.5023,4.25
12,1,111,2.5140,2.75
12,1,111,2.5396,2.75
12,1,68,2.5818,4.25
12,1,68,2.6422,4.25
12,1,55,2.4385,5.0
12,1,55,2.5236,5.0
12,1,12,2.6448,5.75
12,1,12,2.6481,5.75
12,1,105,2.3900,3.25
12,1,105,2.4295,3.25
12,1,49,2.3147,4.75
12,1,49,2.3092,4.75
12,1,107,2.3751,4.5
12,1,107,2.3680,4.5
12,1,64,2.3784,4.0
12,1,64,2.3801,4.0
12,1,8,2.6896,5.25
12,1,8,2.7293,5.25
12,1,101,2.3986,3.25
12,1,101,2.3713,3.25
12,1,66,2.2613,3.0
12,1,66,2.2641,3.0
12,1,45,2.4000,5.0
12,1,45,2.4224,5.0
12,1,10,2.6682,5.25
12,1,10,2.7311,5.25
12,1,103,2.4131,4.5
12,1,103,2.4395,4.5
12,1,47,2.8635,5.5
12,1,47,2.9451,5.5
12,1,4,2.6903,6.25
12,1,4,2.6657,6.25
12,1,97,2.4408,4.25
12,1,97,2.4792,4.25
12,1,41,2.4426,3.75
12,1,41,2.4690,3.75
12,1,6,2.7101,5.0
12,1,6,2.6727,5.0
12,1,99,2.3944,1.75
12,1,99,2.3946,1.75
12,1,43,2.4107,4.75
12,1,43,2.5138,4.75
12,1,93,2.2147,3.75
12,1,93,2.2550,3.75
12,1,37,2.7339,4.5
12,1,37,2.7580,4.5
12,1,2,2.6593,6.5
12,1,2,2.6748,6.5
12,1,39,2.4214,5.75
12,1,39,2.4558,5.75
12,1,89,2.2605,3.5
12,1,89,2.3167,3.5
12,1,33,2.3423,4.25
12,1,33,2.3888,4.25
12,1,91,2.4864,4.5
12,1,91,2.5347,4.5
12,1,35,2.5023,4.0
12,1,35,2.5367,4.0
12,1,85,2.5552,4.75
12,1,85,2.5669,4.75
12,1,29,2.4144,2.75
12,1,29,2.3935,2.75
12,1,87,2.5018,5.0
12,1,87,2.5230,5.0
12,1,31,2.4231,5.0
12,1,31,2.4445,5.0
12,1,81,2.4768,4.0
12,1,81,2.4507,4.0
12,2,14,2.5221,4.25
12,2,14,2.5154,4.25
12,2,37,2.4290,3.5
12,2,37,2.5002,3.5
12,2,64,2.0703,1.5
12,2,64,2.1218,1.5
12,2,8,2.4813,4.0
12,2,8,2.5499,4.0
12,2,39,2.4541,2.0
12,2,39,2.4137,2.0
12,2,66,2.3584,1.0
12,2,66,2.3480,1.0
12,2,10,2.6485,4.25
12,2,10,2.6561,4.25
12,2,33,2.6309,3.75
12,2,33,2.6509,3.75
12,2,4,2.4738,4.0
12,2,4,2.4974,4.0
12,2,35,2.6246,3.0
12,2,35,2.6413,3.0
12,2,6,2.3623,3.5
12,2,6,2.3960,3.5
12,2,93,2.4606,5.0
12,2,93,2.4989,5.0
12,2,95,2.4758,4.75
12,2,95,2.5080,4.75
12,2,89,2.5893,3.75
12,2,89,2.6612,3.75
12,2,116,2.4679,3.0
12,2,116,2.4475,3.0
12,2,91,2.4017,4.5
12,2,91,2.4540,4.5
12,2,62,2.2883,1.75
12,2,62,2.2643,1.75
12,2,85,2.3230,4.75
12,2,85,2.3392,4.75
12,2,112,2.5573,3.75
12,2,112,2.5841,3.75
12,2,29,2.3425,3.0
12,2,29,2.3508,3.0
12,2,56,2.6607,5.0
12,2,56,2.6108,5.0
12,2,87,2.4860,4.75
12,2,87,2.4744,4.75
12,2,114,2.3838,3.5
12,2,114,2.4124,3.5
12,2,31,2.5959,4.75
12,2,31,2.6780,4.75
12,2,58,2.5614,3.75
12,2,58,2.6169,3.75
12,2,81,2.6688,5.5
12,2,81,2.6781,5.5
12,2,108,2.1628,2.0
12,2,108,2.1616,2.0
12,2,25,2.5694,4.75
12,2,25,2.5729,4.75
12,2,52,2.6784,4.75
12,2,52,2.7130,4.75
12,2,83,2.4810,3.75
12,2,83,2.4806,3.75
12,2,110,2.2616,2.25
12,2,110,2.2652,2.25
12,2,27,2.6312,4.5
12,2,27,2.6523,4.5
12,2,54,2.5054,4.5
12,2,54,2.5225,4.5
12,2,77,2.4779,5.0
12,2,77,2.4576,5.0
12,2,104,2.4185,2.0
12,2,104,2.3701,2.0
12,2,21,2.4469,3.75
12,2,21,2.4469,3.75
12,2,48,2.6317,4.5
12,2,48,2.6834,4.5
12,2,79,2.5083,3.75
12,2,79,2.5208,3.75
12,2,106,2.3294,3.5
12,2,106,2.3651,3.5
12,2,23,2.5145,5.25
12,2,23,2.5259,5.25
12,2,50,2.6434,4.75
12,2,50,2.6646,4.75
12,2,73,2.4970,2.0
12,2,73,2.4572,2.0
12,2,100,2.3518,2.5
12,2,100,2.3251,2.5
12,2,44,2.6365,3.75
12,2,44,2.6711,3.75
12,2,102,2.1998,1.75
12,2,102,2.1740,1.75
12,2,19,2.6884,4.5
12,2,19,2.6624,4.5
12,2,46,2.4856,4.25
12,2,46,2.5198,4.25
12,2,69,2.2457,2.25
12,2,69,2.2806,2.25
12,2,96,2.5828,4.75
12,2,96,2.5605,4.75
12,2,13,2.4430,3.5
12,2,13,2.4731,3.5
12,2,40,2.5378,3.5
12,2,40,2.6014,3.5
12,2,71,2.3524,1.5
12,2,71,2.3659,1.5
12,2,98,2.5496,2.75
12,2,98,2.4971,2.75
12,2,42,2.5791,3.5
12,2,42,2.6027,3.5
12,2,65,2.1672,2.25
12,2,65,2.2276,2.25
12,2,9,2.5020,4.0
12,2,9,2.4901,4.0
12,2,36,2.4564,5.75
12,2,36,2.4676,5.75
12,2,67,2.5934,3.0
12,2,67,2.5984,3.0
12,2,11,2.3413,5.0
12,2,11,2.3545,5.0
12,2,5,2.4246,5.25
12,2,5,2.4386,5.25
12,2,32,2.5503,3.25
12,2,32,2.5572,3.25
12,2,7,2.3255,5.0
12,2,7,2.3145,5.0
12,2,34,2.6692,4.25
12,2,34,2.6484,4.25
12,2,92,2.4482,3.5
12,2,92,2.4245,3.5
12,2,3,2.3353,3.75
12,2,3,2.3949,3.75
12,2,94,2.2775,2.5
12,2,94,2.3153,2.5
12,2,88,2.5480,5.0
12,2,88,2.5728,5.0
12,2,90,2.4925,3.25
12,2,90,2.5033,3.25
12,2,113,2.5395,3.25
12,2,113,2.5152,3.25
12,2,57,2.6627,4.75
12,2,57,2.6246,4.75
12,2,84,2.4040,4.25
12,2,84,2.3931,4.25
12,2,115,2.3910,2.75
12,2,115,2.4023,2.75
12,2,28,2.5190,4.75
12,2,28,2.5481,4.75
12,2,59,2.6383,5.0
12,2,59,2.6621,5.0
12,2,86,2.5992,4.0
12,2,86,2.5850,4.0
12,2,109,2.3854,3.25
12,2,109,2.3503,3.25
12,2,30,2.4746,4.5
12,2,30,2.4923,4.5
12,2,53,2.8177,3.75
12,2,53,2.8241,3.75
12,2,80,2.6187,5.25
12,2,80,2.6619,5.25
12,2,111,2.4102,4.0
12,2,111,2.3800,4.0
12,2,24,2.5574,4.25
12,2,24,2.5679,4.25
12,2,55,2.8247,4.5
12,2,55,2.8820,4.5
12,2,82,2.2672,2.5
12,2,82,2.3019,2.5
12,2,105,2.5678,4.0
12,2,105,2.5707,4.0
12,2,26,2.4183,2.75
12,2,26,2.4911,2.75
12,2,49,2.5892,5.25
12,2,49,2.5572,5.25
12,2,107,2.4463,2.25
12,2,107,2.4812,2.25
12,2,20,2.6737,4.0
12,2,20,2.6981,4.0
12,2,51,2.2803,3.0
12,2,51,2.3086,3.0
12,2,78,2.5110,4.0
12,2,78,2.5726,4.0
12,2,101,2.4816,3.0
12,2,101,2.4615,3.0
12,2,22,2.7278,5.0
12,2,22,2.7433,5.0
12,2,45,2.5088,4.0
12,2,45,2.5250,4.0
12,2,103,2.3869,2.5
12,2,103,2.3673,2.5
12,2,47,2.5518,4.75
12,2,47,2.5172,4.75
12,2,97,2.3888,1.5
12,2,97,2.3995,1.5
12,2,41,2.5249,5.25
12,2,41,2.5762,5.25
12,2,68,2.2784,2.0
12,2,68,2.2280,2.0
12,2,99,2.3996,3.25
12,2,99,2.4605,3.25
12,2,12,2.5357,5.25
12,2,12,2.5030,5.25
12,2,43,2.7394,4.5
12,2,43,2.7278,4.5
12,2,70,2.2195,1.25
12,2,70,2.2397,1.25
16,2,107,2.9972,3.25
16,2,107,2.8831,3.25
16,2,78,2.8722,4.25
16,2,78,2.8339,4.25
16,2,37,2.8376,4.5
16,2,37,2.8617,4.5
16,2,109,2.8982,4.5
16,2,109,2.9435,4.5
16,2,39,3.0389,2.25
16,2,39,2.8942,2.25
16,2,111,3.0322,3.5
16,2,111,2.9538,3.5
16,2,66,3.4410,5.75
16,2,66,3.4581,5.75
16,2,25,3.1637,3.0
16,2,25,3.0297,3.0
16,2,97,3.7666,2.75
16,2,97,3.7413,2.75
16,2,68,2.6643,1.25
16,2,68,2.5678,1.25
16,2,27,3.5709,4.25
16,2,27,3.6289,4.25
16,2,99,3.1920,3.25
16,2,99,3.1239,3.25
16,2,70,2.9462,1.75
16,2,70,2.8534,1.75
16,2,29,3.6962,2.0
16,2,29,3.6221,2.0
16,2,101,3.8572,5.0
16,2,101,3.9028,5.0
16,2,56,2.9328,4.75
16,2,56,2.8021,4.75
16,2,31,3.1848,2.0
16,2,31,3.0987,2.0
16,2,103,3.3412,3.25
16,2,103,3.3037,3.25
16,2,58,2.9925,2.25
16,2,58,2.8414,2.25
16,2,89,2.8899,1.75
16,2,89,2.8598,1.75
16,2,60,3.3168,3.0
16,2,60,3.3447,3.0
16,2,91,3.0367,3.25
16,2,91,3.0324,3.25
16,2,21,2.9187,3.75
16,2,21,2.9274,3.75
16,2,93,3.7865,4.0
16,2,93,3.8699,4.0
16,2,48,3.6797,3.25
16,2,48,3.6344,3.25
16,2,23,2.9240,2.5
16,2,23,2.9110,2.5
16,2,95,3.7843,3.5
16,2,95,3.8027,3.5
16,2,50,2.7896,2.25
16,2,50,2.7696,2.25
16,2,9,3.4741,3.5
16,2,9,3.4461,3.5
16,2,81,2.9224,2.5
16,2,81,2.8374,2.5
16,2,52,3.0732,2.25
16,2,52,3.0497,2.25
16,2,11,3.0976,4.5
16,2,11,2.9622,4.5
16,2,83,2.6641,4.5
16,2,83,2.6059,4.5
16,2,54,3.1788,1.25
16,2,54,3.0990,1.25
16,2,13,3.4215,4.5
16,2,13,3.3658,4.5
16,2,85,2.7522,3.5
16,2,85,2.6868,3.5
16,2,40,3.1485,2.0
16,2,40,3.0402,2.0
16,2,15,3.4452,4.25
16,2,15,3.3802,4.25
16,2,112,2.7528,1.5
16,2,112,2.6355,1.5
16,2,87,3.0725,3.5
16,2,87,3.0930,3.5
16,2,42,3.0554,2.5
16,2,42,3.0131,2.5
16,2,114,3.3228,3.5
16,2,114,3.2858,3.5
16,2,73,2.7016,4.0
16,2,73,2.5678,4.0
16,2,44,3.1497,2.75
16,2,44,3.1462,2.75
16,2,116,3.2206,4.0
16,2,116,3.2010,4.0
16,2,46,3.0914,2.5
16,2,46,2.9690,2.5
16,2,5,3.1075,4.0
16,2,5,3.0848,4.0
16,2,77,3.0297,5.5
16,2,77,2.9985,5.5
16,2,32,3.4250,2.75
16,2,32,3.2617,2.75
16,2,7,3.4338,5.0
16,2,7,3.3547,5.0
16,2,104,3.1872,1.75
16,2,104,3.1241,1.75
16,2,79,3.0141,5.0
16,2,79,2.9631,5.0
16,2,34,2.5859,2.25
16,2,34,2.4413,2.25
16,2,106,2.8015,2.75
16,2,106,2.8314,2.75
16,2,65,3.3271,5.0
16,2,65,3.3419,5.0
16,2,36,3.3177,3.75
16,2,36,3.2144,3.75
16,2,108,2.6806,2.75
16,2,108,2.6203,2.75
16,2,67,2.9284,3.5
16,2,67,2.9228,3.5
16,2,38,2.7894,4.0
16,2,38,2.7660,4.0
16,2,110,3.0831,2.25
16,2,110,3.0119,2.25
16,2,69,3.0505,1.75
16,2,69,2.9187,1.75
16,2,24,3.6557,3.5
16,2,24,3.6315,3.5
16,2,96,2.6900,3.5
16,2,96,2.6374,3.5
16,2,71,3.5921,4.0
16,2,71,3.6359,4.0
16,2,26,3.2282,3.25
16,2,26,3.1531,3.25
16,2,98,3.5945,4.5
16,2,98,3.5541,4.5
16,2,57,3.1809,3.0
16,2,57,3.0837,3.0
16,2,28,3.6126,3.25
16,2,28,3.5704,3.25
16,2,100,2.5963,3.25
16,2,100,2.4542,3.25
16,2,59,2.6177,3.0
16,2,59,2.5467,3.0
16,2,30,3.1901,3.0
16,2,30,3.1439,3.0
16,2,102,2.9220,1.75
16,2,102,2.7541,1.75
16,2,61,3.3540,2.5
16,2,61,3.3445,2.5
16,2,88,2.9105,3.75
16,2,88,2.9017,3.75
16,2,90,2.6410,1.75
16,2,90,2.5284,1.75
16,2,49,3.3734,2.75
16,2,49,3.3477,2.75
16,2,92,2.9156,2.5
16,2,92,2.9263,2.5
16,2,51,3.2902,3.5
16,2,51,3.2413,3.5
16,2,22,2.7525,1.75
16,2,22,2.6812,1.75
16,2,94,2.7759,4.0
16,2,94,2.7835,4.0
16,2,53,3.2390,4.0
16,2,53,3.1409,4.0
16,2,8,3.2008,3.25
16,2,8,3.1594,3.25
16,2,80,2.7757,4.0
16,2,80,2.7462,4.0
16,2,55,3.3373,4.0
16,2,55,3.2354,4.0
16,2,10,3.6779,5.5
16,2,10,3.6715,5.5
16,2,82,3.1397,2.25
16,2,82,3.0803,2.25
16,2,41,3.2903,1.75
16,2,41,3.2151,1.75
16,2,12,3.9465,5.5
16,2,12,3.9303,5.5
16,2,113,3.1964,2.5
16,2,113,3.1631,2.5
16,2,84,2.5609,3.75
16,2,84,2.4708,3.75
16,2,43,3.1188,2.25
16,2,43,3.0914,2.25
16,2,14,3.5213,4.0
16,2,14,3.3934,4.0
16,2,115,3.2326,2.75
16,2,115,3.1482,2.75
16,2,86,3.1663,4.5
16,2,86,3.2173,4.5
16,2,45,3.5064,3.0
16,2,45,3.4678,3.0
16,2,72,3.1696,2.25
16,2,72,3.1130,2.25
16,2,47,3.4469,1.75
16,2,47,3.3819,1.75
16,2,33,3.2968,1.5
16,2,33,3.2017,1.5
16,2,105,3.1297,3.75
16,2,105,3.0225,3.75
16,2,76,3.3270,3.0
16,2,76,3.3411,3.0
16,2,35,3.2796,2.5
16,2,35,3.2319,2.5
16,2,6,3.1715,4.5
16,2,6,3.0854,4.5
17,1,87,2.6217,2.5
17,1,87,2.5634,2.5
17,1,56,2.3016,3.25
17,1,56,2.3359,3.25
17,1,31,1.8313,4.0
17,1,31,1.9156,4.0
17,1,73,2.2785,4.25
17,1,73,2.2072,4.25
17,1,17,3.2715,3.0
17,1,17,3.2903,3.0
17,1,75,1.8244,1.75
17,1,75,1.8721,1.75
17,1,60,1.6808,3.0
17,1,60,1.7060,3.0
17,1,19,2.5906,4.0
17,1,19,2.5766,4.0
17,1,77,1.9045,3.5
17,1,77,1.9364,3.5
17,1,62,1.3563,1.75
17,1,62,1.4020,1.75
17,1,21,1.9959,2.5
17,1,21,2.0314,2.5
17,1,104,2.3876,3.25
17,1,104,2.3378,3.25
17,1,79,2.9871,3.25
17,1,79,3.1208,3.25
17,1,23,3.4427,2.5
17,1,23,3.4086,2.5
17,1,106,2.7018,2.75
17,1,106,2.6582,2.75
17,1,65,1.4445,1.25
17,1,65,1.4479,1.25
17,1,50,2.2704,3.75
17,1,50,2.3217,3.75
17,1,9,1.3292,1.5
17,1,9,1.3056,1.5
17,1,108,2.3504,2.5
17,1,108,2.4286,2.5
17,1,67,2.3037,3.0
17,1,67,2.4188,3.0
17,1,52,3.0200,2.75
17,1,52,3.0985,2.75
17,1,11,1.3663,1.5
17,1,11,1.3658,1.5
17,1,110,2.1163,3.5
17,1,110,2.0699,3.5
17,1,69,1.5038,2.5
17,1,69,1.3524,2.5
17,1,54,2.9637,3.25
17,1,54,3.0676,3.25
17,1,96,2.1716,1.5
17,1,96,2.0923,1.5
17,1,40,2.8818,3.0
17,1,40,2.9245,3.0
17,1,98,2.3960,3.5
17,1,98,2.3915,3.5
17,1,42,1.5589,3.75
17,1,42,1.5644,3.75
17,1,100,2.9088,2.75
17,1,100,2.8545,2.75
17,1,44,2.1327,3.5
17,1,44,2.1738,3.5
17,1,102,2.4575,3.75
17,1,102,2.5039,3.75
17,1,46,1.6030,4.0
17,1,46,1.5183,4.0
17,1,5,1.6679,2.75
17,1,5,1.5707,2.75
17,1,88,2.4362,4.25
17,1,88,2.4748,4.25
17,1,32,3.0975,4.5
17,1,32,3.1596,4.5
17,1,7,1.8723,2.75
17,1,7,1.7960,2.75
17,1,90,2.1442,5.5
17,1,90,2.0806,5.5
17,1,34,1.4381,3.25
17,1,34,1.4144,3.25
17,1,92,2.5966,5.25
17,1,92,2.5259,5.25
17,1,36,2.0051,2.75
17,1,36,2.0095,2.75
17,1,94,3.0116,3.5
17,1,94,3.0344,3.5
17,1,38,2.5192,2.25
17,1,38,2.5822,2.25
17,1,80,2.3985,4.25
17,1,80,2.4304,4.25
17,1,24,2.6664,3.25
17,1,24,2.6306,3.25
17,1,82,2.5285,5.0
17,1,82,2.6296,5.0
17,1,26,2.8018,3.0
17,1,26,2.8481,3.0
17,1,84,2.6125,4.25
17,1,84,2.5307,4.25
17,1,28,2.7854,4.25
17,1,28,2.7900,4.25
17,1,86,2.5144,4.0
17,1,86,2.6750,4.0
17,1,59,1.4909,2.5
17,1,59,1.5619,2.5
17,1,30,1.8058,5.25
17,1,30,1.8759,5.25
17,1,72,2.6295,5.25
17,1,72,2.6453,5.25
17,1,61,1.3162,2.25
17,1,61,1.1610,2.25
17,1,74,2.6263,3.25
17,1,74,2.6187,3.25
17,1,63,1.4061,1.75
17,1,63,1.2631,1.75
17,1,18,2.3914,2.75
17,1,18,2.4203,2.75
17,1,105,2.4804,3.75
17,1,105,2.4643,3.75
17,1,76,2.3713,4.5
17,1,76,2.2786,4.5
17,1,20,2.3080,3.5
17,1,20,2.3934,3.5
17,1,107,2.0245,3.25
17,1,107,2.0320,3.25
17,1,78,2.2373,4.25
17,1,78,2.3003,4.25
17,1,51,2.5362,3.0
17,1,51,2.5630,3.0
17,1,22,2.0709,3.0
17,1,22,2.1430,3.0
17,1,109,1.5811,2.5
17,1,109,1.5244,2.5
17,1,64,1.2841,1.0
17,1,64,1.1467,1.0
17,1,53,2.8653,2.75
17,1,53,2.8921,2.75
17,1,8,1.4485,2.75
17,1,8,1.2639,2.75
17,1,111,1.4765,2.0
17,1,111,1.4215,2.0
17,1,66,1.7907,0.75
17,1,66,1.5176,0.75
17,1,55,1.3682,2.5
17,1,55,1.2176,2.5
17,1,10,1.2546,1.5
17,1,10,1.2627,1.5
17,1,97,2.1150,2.5
17,1,97,1.9832,2.5
17,1,68,2.2184,3.75
17,1,68,2.3093,3.75
17,1,41,2.0913,3.25
17,1,41,2.2229,3.25
17,1,12,1.4351,2.25
17,1,12,1.2255,2.25
17,1,99,2.5567,3.5
17,1,99,2.4928,3.5
17,1,43,2.5922,4.25
17,1,43,2.6008,4.25
17,1,14,1.3656,1.5
17,1,14,1.2151,1.5
17,1,101,2.1589,3.0
17,1,101,2.1034,3.0
17,1,45,2.5313,3.0
17,1,45,2.6035,3.0
17,1,103,2.3313,3.0
17,1,103,2.4493,3.0
17,1,89,2.4856,3.25
17,1,89,2.4657,3.25
17,1,33,2.2885,3.75
17,1,33,2.4528,3.75
17,1,4,1.5892,2.75
17,1,4,1.5709,2.75
17,1,91,2.7281,3.5
17,1,91,2.7564,3.5
17,1,35,2.3004,2.5
17,1,35,2.3340,2.5
17,1,6,1.6896,2.75
17,1,6,1.8514,2.75
17,1,93,2.7234,3.5
17,1,93,2.8995,3.5
17,1,37,3.0738,2.5
17,1,37,3.0581,2.5
17,1,95,2.7549,5.25
17,1,95,2.6818,5.25
17,1,39,1.2829,4.5
17,1,39,1.2568,4.5
17,1,81,2.6548,4.5
17,1,81,2.7032,4.5
17,1,25,1.8082,3.75
17,1,25,1.6901,3.75
17,1,83,2.5004,3.5
17,1,83,2.5115,3.5
17,1,27,3.2108,4.5
17,1,27,3.1073,4.5
17,1,85,2.4067,4.75
17,1,85,2.4590,4.75
17,1,29,2.5928,4.0
17,1,29,2.6516,4.0
18,1,94,3.0828,2.5
18,1,94,3.0552,2.5
18,1,20,3.1638,2.75
18,1,20,3.1201,2.75
18,1,49,3.0845,1.5
18,1,49,3.0970,1.5
18,1,92,3.0796,2.25
18,1,92,3.1008,2.25
18,1,18,3.1252,2.75
18,1,18,3.0943,2.75
18,1,47,3.0532,1.75
18,1,47,3.0222,1.75
18,1,90,2.9119,2.5
18,1,90,2.8915,2.5
18,1,16,2.9264,2.33333
18,1,16,2.9001,2.33333
18,1,45,3.1514,4.75
18,1,45,3.1879,4.75
18,1,88,3.3449,2.75
18,1,88,3.3966,2.75
18,1,43,2.8954,4.25
18,1,43,2.8804,4.25
18,1,86,3.7078,2.5
18,1,86,3.7204,2.5
18,1,12,3.3262,6.0
18,1,12,3.3727,6.0
18,1,41,3.8424,4.0
18,1,41,3.9452,4.0
18,1,84,3.3143,4.5
18,1,84,3.3614,4.5
18,1,10,3.4161,1.75
18,1,10,3.4237,1.75
18,1,39,3.4710,4.0
18,1,39,3.5016,4.0
18,1,82,2.9398,3.25
18,1,82,2.9101,3.25
18,1,111,2.9550,2.75
18,1,111,2.9002,2.75
18,1,8,2.6939,2.25
18,1,8,2.6985,2.25
18,1,37,3.1647,2.75
18,1,37,3.1660,2.75
18,1,80,2.7332,3.5
18,1,80,2.7126,3.5
18,1,109,3.4327,3.0
18,1,109,3.4542,3.0
18,1,6,3.1055,3.5
18,1,6,3.1525,3.5
18,1,35,3.0722,2.25
18,1,35,3.0979,2.25
18,1,78,2.8501,2.0
18,1,78,2.7751,2.0
18,1,107,3.3551,3.0
18,1,107,3.3603,3.0
18,1,4,3.0684,3.0
18,1,4,3.0494,3.0
18,1,33,2.7615,1.0
18,1,33,2.7356,1.0
18,1,76,2.7717,2.0
18,1,76,2.7452,2.0
18,1,105,3.2111,1.75
18,1,105,3.2006,1.75
18,1,2,3.2219,4.25
18,1,2,3.2683,4.25
18,1,74,2.6775,1.5
18,1,74,2.7158,1.5
18,1,103,3.0869,2.0
18,1,103,3.0994,2.0
18,1,101,2.9787,2.25
18,1,101,2.9720,2.25
18,1,62,3.2164,1.5
18,1,62,3.2077,1.5
18,1,99,2.6228,2.5
18,1,99,2.5880,2.5
18,1,60,2.4764,1.0
18,1,60,2.4442,1.0
18,1,68,2.7326,2.5
18,1,68,2.7434,2.5
18,1,97,3.5222,3.25
18,1,97,3.5489,3.25
18,1,66,3.0746,1.75
18,1,66,3.0738,1.75
18,1,31,3.2019,3.75
18,1,31,3.1679,3.75
18,1,56,3.1208,3.25
18,1,56,3.0878,3.25
18,1,64,3.1028,2.25
18,1,64,3.0680,2.25
18,1,29,3.2663,3.75
18,1,29,3.2972,3.75
18,1,54,3.0515,1.25
18,1,54,3.0313,1.25
18,1,27,3.5966,3.75
18,1,27,3.6636,3.75
18,1,25,3.9949,3.0
18,1,25,4.0227,3.0
18,1,50,3.1323,2.25
18,1,50,3.1060,2.25
18,1,23,3.8691,2.5
18,1,23,3.9339,2.5
18,1,48,2.9214,1.75
18,1,48,2.8707,1.75
18,1,95,3.2128,4.25
18,1,95,3.2183,4.25
18,1,21,3.0978,2.5
18,1,21,3.0762,2.5
18,1,46,3.2987,2.25
18,1,46,3.2997,2.25
18,1,93,3.0327,2.0
18,1,93,3.0174,2.0
18,1,19,2.6747,2.75
18,1,19,2.6150,2.75
18,1,44,3.9521,2.5
18,1,44,3.9896,2.5
18,1,91,3.0755,2.5
18,1,91,3.0407,2.5
18,1,17,3.3173,3.0
18,1,17,3.2870,3.0
18,1,42,3.1245,2.5
18,1,42,3.0992,2.5
18,1,89,2.9196,2.25
18,1,89,2.8921,2.25
18,1,40,2.7611,4.0
18,1,40,2.7532,4.0
18,1,87,3.6174,3.25
18,1,87,3.6805,3.25
18,1,112,3.4642,1.25
18,1,112,3.4630,1.25
18,1,38,3.3234,3.5
18,1,38,3.3470,3.5
18,1,85,3.4071,4.0
18,1,85,3.4310,4.0
18,1,110,3.2167,1.75
18,1,110,3.1642,1.75
18,1,11,2.9197,5.75
18,1,11,2.8822,5.75
18,1,36,2.9721,2.25
18,1,36,2.9384,2.25
18,1,83,2.9135,3.75
18,1,83,2.8973,3.75
18,1,108,2.9436,2.5
18,1,108,2.9470,2.5
18,1,9,2.7223,2.0
18,1,9,2.7043,2.0
18,1,34,2.7681,2.25
18,1,34,2.7357,2.25
18,1,81,3.0044,3.75
18,1,81,2.9330,3.75
18,1,106,3.0807,1.25
18,1,106,3.0981,1.25
18,1,7,3.0340,2.5
18,1,7,3.0128,2.5
18,1,32,2.9881,1.25
18,1,32,2.9467,1.25
18,1,79,2.8035,2.25
18,1,79,2.7795,2.25
18,1,104,3.0790,3.25
18,1,104,3.0473,3.25
18,1,5,3.1465,1.5
18,1,5,3.1189,1.5
18,1,77,2.8515,1.0
18,1,77,2.8259,1.0
18,1,102,3.2491,2.25
18,1,102,3.2511,2.25
18,1,3,2.6638,2.25
18,1,3,2.6174,2.25
18,1,75,2.7919,1.0
18,1,75,2.7931,1.0
18,1,100,3.2713,3.75
18,1,100,3.3028,3.75
18,1,73,2.6740,2.0
18,1,73,2.6659,2.0
18,1,98,3.0018,2.25
18,1,98,2.9517,2.25
18,1,96,3.2438,2.5
18,1,96,3.2014,2.5
18,1,61,3.4162,3.25
18,1,61,3.4063,3.25
18,1,69,2.7309,1.0
18,1,69,2.7528,1.0
18,1,30,3.3166,2.75
18,1,30,3.3185,2.75
18,1,59,3.2210,1.66667
18,1,59,3.1967,1.66667
18,1,67,3.0969,1.0
18,1,67,3.1227,1.0
18,1,28,3.4238,3.25
18,1,28,3.4421,3.25
18,1,65,3.2427,1.0
18,1,65,3.1899,1.0
18,1,26,3.6753,2.75
18,1,26,3.6828,2.75
18,1,55,3.3318,1.75
18,1,55,3.3568,1.75
18,1,24,3.6301,3.25
18,1,24,3.6686,3.25
18,1,53,3.3948,3.25
18,1,53,3.3941,3.25
18,1,22,3.4009,3.75
18,1,22,3.4414,3.75
18,1,51,2.7701,1.25
18,1,51,2.7333,1.25
