3,1,47,5.38918352127,4.25
3,1,47,5.38891649246,4.25
3,1,10,5.32193231583,2.875
3,1,10,5.32179450989,2.875
3,1,101,4.71170854568,4.375
3,1,101,4.7129201889,4.375
3,1,64,5.15776252747,5.75
3,1,64,5.15884637833,5.75
3,1,45,5.10809278488,4.25
3,1,45,5.10772562027,4.25
3,1,8,5.19846200943,3.5
3,1,8,5.19851732254,3.5
3,1,99,4.32369375229,1.5
3,1,99,4.32411003113,1.5
3,1,94,4.30653095245,3.25
3,1,94,4.30831336975,3.25
3,1,43,5.012155056,4.0
3,1,43,5.01141691208,4.0
3,1,6,5.1887087822,4.5
3,1,6,5.18896102905,4.5
3,1,97,4.24129486084,1.25
3,1,97,4.24306488037,1.25
3,1,92,4.85108423233,3.5
3,1,92,4.85110902786,3.5
3,1,41,3.62005257607,3.25
3,1,41,3.62609100342,3.25
3,1,4,5.09275388718,3.25
3,1,4,5.09267902374,3.25
3,1,90,4.50888538361,3.75
3,1,90,4.5091342926,3.75
3,1,39,5.13548660278,5.75
3,1,39,5.1352519989,5.75
3,1,2,3.00441122055,4.5
3,1,2,3.0038561821,4.5
3,1,88,4.12316656113,4.0
3,1,88,4.12247896194,4.0
3,1,37,4.93918895721,3.125
3,1,37,4.93954849243,3.125
3,1,86,4.59373569489,4.25
3,1,86,4.59356880188,4.25
3,1,35,4.92649650574,4.375
3,1,35,4.92709350586,4.375
3,1,30,4.08266925812,4.5
3,1,30,4.08038139343,4.5
3,1,84,4.72560977936,3.75
3,1,84,4.7264380455,3.75
3,1,33,4.86310768127,3.0
3,1,33,4.86229515076,3.0
3,1,28,5.3349814415,4.75
3,1,28,5.33491563797,4.75
3,1,82,4.54301834106,3.0
3,1,82,4.54295778275,3.0
3,1,63,5.06900787354,4.75
3,1,63,5.06837415695,4.75
3,1,26,5.35458755493,4.0
3,1,26,5.35461950302,4.0
3,1,80,4.59031677246,2.75
3,1,80,4.59107494354,2.75
3,1,61,5.33272743225,5.5
3,1,61,5.33235454559,5.5
3,1,24,5.03912734985,4.5
3,1,24,5.03851318359,4.5
3,1,59,5.01124000549,5.5
3,1,59,5.0113325119,5.5
3,1,22,5.2083568573,4.83333
3,1,22,5.2088932991,4.83333
3,1,57,5.21342277527,4.875
3,1,57,5.2131857872,4.875
3,1,20,4.56518316269,2.5
3,1,20,4.56487751007,2.5
3,1,79,4.22174596786,5.25
3,1,79,4.21890211105,5.25
3,1,55,3.54017615318,3.25
3,1,55,3.53673315048,3.25
3,1,18,4.99072599411,3.75
3,1,18,4.9908156395,3.75
3,1,77,5.06393718719,4.5
3,1,77,5.06488847733,4.5
3,1,16,4.99850702286,4.75
3,1,16,4.9960103035,4.75
3,1,75,4.81867313385,4.0
3,1,75,4.81926631927,4.0
3,1,51,4.96666574478,4.5
3,1,51,4.96609401703,4.5
3,1,73,4.61995887756,3.0
3,1,73,4.61917877197,3.0
3,1,49,5.30542993546,5.0
3,1,49,5.30541992188,5.0
3,1,108,4.55113697052,2.25
3,1,108,4.55170869827,2.25
3,1,71,4.15586805344,2.0
3,1,71,4.15625476837,2.0
3,1,15,4.94113969803,5.0
3,1,15,4.94161987305,5.0
3,1,106,3.26656961441,2.75
3,1,106,3.27143001556,2.75
3,1,104,4.40932655334,3.5
3,1,104,4.41351604462,3.5
3,1,102,4.72548437119,5.25
3,1,102,4.72538375854,5.25
3,1,65,4.88469457626,6.25
3,1,65,4.88405227661,6.25
3,1,46,4.809466362,5.0
3,1,46,4.80936384201,5.0
3,1,9,4.59268522263,2.75
3,1,9,4.59124135971,2.75
3,1,100,4.62010288239,2.375
3,1,100,4.62079381943,2.375
3,1,95,4.83972835541,3.75
3,1,95,4.83999013901,3.75
3,1,44,4.33186435699,3.0
3,1,44,4.3327293396,3.0
3,1,7,5.31107711792,4.75
3,1,7,5.31111812592,4.75
3,1,98,3.78118371964,1.75
3,1,98,3.78072786331,1.75
3,1,93,4.66325283051,3.25
3,1,93,4.66262054443,3.25
3,1,5,5.43424844742,6.0
3,1,5,5.4341583252,6.0
3,1,96,4.80199193954,3.875
3,1,96,4.80209064484,3.875
3,1,91,4.97833299637,4.0
3,1,91,4.97990751266,4.0
3,1,40,4.77773523331,5.0
3,1,40,4.77752828598,5.0
3,1,3,4.71633291245,3.0
3,1,3,4.7166557312,3.0
3,1,89,4.74953651428,4.25
3,1,89,4.75111436844,4.25
3,1,38,4.825278759,4.5
3,1,38,4.8259677887,4.5
3,1,1,3.12454199791,3.875
3,1,1,3.12557625771,3.875
3,1,87,4.896733284,4.25
3,1,87,4.89640283585,4.25
3,1,36,4.69720029831,3.5
3,1,36,4.69724559784,3.5
3,1,31,4.58103990555,3.66667
3,1,31,4.58096933365,3.66667
3,1,85,4.75459337234,2.0
3,1,85,4.75488567352,2.0
3,1,34,5.19246292114,4.125
3,1,34,5.19253969193,4.125
3,1,29,5.25112009048,1.25
3,1,29,5.25111198425,1.25
3,1,83,5.00291776657,4.5
3,1,83,5.00188016891,4.5
3,1,32,4.14384794235,4.5
3,1,32,4.1449007988,4.5
3,1,27,4.85752344131,5.25
3,1,27,4.85706806183,5.25
3,1,81,5.20379686356,2.75
3,1,81,5.20350170135,2.75
3,1,62,5.20386219025,4.375
3,1,62,5.20230817795,4.375
3,1,25,5.5188908577,5.5
3,1,25,5.51884651184,5.5
3,1,60,5.23394298553,5.5
3,1,60,5.23329353333,5.5
3,1,23,4.69246101379,3.875
3,1,23,4.69311618805,3.875
3,1,58,4.66863393784,4.5
3,1,58,4.6668806076,4.5
3,1,21,5.1946606636,4.5
3,1,21,5.19451761246,4.5
3,1,56,3.20182657242,4.0
3,1,56,3.20529651642,4.0
3,1,19,4.64243125916,4.125
3,1,19,4.64274358749,4.125
3,1,78,4.87088727951,5.25
3,1,78,4.86988162994,5.25
3,1,17,5.23628807068,5.0
3,1,17,5.23617839813,5.0
3,1,76,5.09836292267,4.0
3,1,76,5.09839057922,4.0
3,1,52,5.08744192123,3.5
3,1,52,5.08753824234,3.5
3,1,74,4.67705965042,4.0
3,1,74,4.67636585236,4.0
3,1,50,4.88292264938,4.66667
3,1,50,4.88285732269,4.66667
3,1,48,5.17645454407,2.5
3,1,48,5.17645645142,2.5
3,1,107,4.57097291946,5.25
3,1,107,4.57156467438,5.25
3,1,70,4.552754879,2.75
3,1,70,4.55293416977,2.75
3,1,14,4.41256904602,3.75
3,1,14,4.41254234314,3.75
3,1,105,3.22746992111,1.25
3,1,105,3.22301435471,1.25
3,1,103,3.42647218704,1.5
3,1,103,3.42913126945,1.5
3,1,66,4.15017080307,3.0
3,1,66,4.14840221405,3.0
3,2,82,2.18273568153,3.25
3,2,82,2.17936968803,3.25
3,2,61,4.57183837891,4.375
3,2,61,4.5731344223,4.375
3,2,80,4.46072149277,4.75
3,2,80,4.45972728729,4.75
3,2,30,0.845759630203,3.625
3,2,30,0.845702409744,3.625
3,2,35,2.70253300667,3.875
3,2,35,2.70310115814,3.875
3,2,86,2.64151763916,2.75
3,2,86,2.64033842087,2.75
3,2,28,1.28698801994,4.0
3,2,28,1.2845826149,4.0
3,2,33,4.72678804398,5.0
3,2,33,4.72594356537,5.0
3,2,84,2.56547784805,4.0
3,2,84,2.55967330933,4.0
3,2,2,2.91504907608,1.875
3,2,2,2.91281652451,1.875
3,2,39,4.37062883377,4.25
3,2,39,4.37189912796,4.25
3,2,90,3.38496899605,4.25
3,2,90,3.38716053963,4.25
3,2,37,3.34310078621,2.25
3,2,37,3.34409093857,2.25
3,2,88,4.46509552002,4.0
3,2,88,4.46416425705,4.0
3,2,6,4.39872026443,5.25
3,2,6,4.39956951141,5.25
3,2,43,2.11654353142,4.0
3,2,43,2.12142062187,4.0
3,2,94,5.08661460876,3.75
3,2,94,5.0862660408,3.75
3,2,99,4.15194368362,2.625
3,2,99,4.15324354172,2.625
3,2,41,4.57448673248,3.5
3,2,41,4.5747256279,3.5
3,2,92,3.52929115295,3.25
3,2,92,3.53966927528,3.25
3,2,97,3.82864236832,5.0
3,2,97,3.82794427872,5.0
3,2,10,4.67006015778,4.0
3,2,10,4.66937971115,4.0
3,2,47,3.23946046829,3.875
3,2,47,3.23935866356,3.875
3,2,66,3.86215186119,3.75
3,2,66,3.86258292198,3.75
3,2,103,4.46612930298,4.0
3,2,103,4.4666466713,4.0
3,2,8,3.97888994217,6.0
3,2,8,3.97870469093,6.0
3,2,45,2.69820618629,3.25
3,2,45,2.70341563225,3.25
3,2,64,2.89215898514,2.375
3,2,64,2.88851070404,2.375
3,2,101,4.24938154221,3.125
3,2,101,4.24820661545,3.125
3,2,14,3.06266760826,3.75
3,2,14,3.06217169762,3.75
3,2,70,3.55885863304,3.66667
3,2,70,3.55638217926,3.66667
3,2,107,1.73689961433,4.625
3,2,107,1.73326790333,4.625
3,2,12,5.01133108139,5.25
3,2,12,5.01080942154,5.25
3,2,68,3.5516602993,5.5
3,2,68,3.55221199989,5.5
3,2,105,3.48678064346,3.5
3,2,105,3.489184618,3.5
3,2,50,5.12822389603,3.75
3,2,50,5.12809467316,3.75
3,2,74,4.33336448669,3.25
3,2,74,4.33393239975,3.25
3,2,111,4.24005317688,3.5
3,2,111,4.23892974854,3.5
3,2,48,1.69137918949,4.25
3,2,48,1.69515395164,4.25
3,2,109,2.41392946243,1.95833
3,2,109,2.41509175301,1.95833
3,2,78,4.86325931549,2.75
3,2,78,4.86243438721,2.75
3,2,52,4.0237994194,1.5
3,2,52,4.02520561218,1.5
3,2,56,4.38872337341,4.25
3,2,56,4.38840341568,4.25
3,2,112,2.51703858376,4.0
3,2,112,2.51649904251,4.0
3,2,62,4.65728855133,5.25
3,2,62,4.65742254257,5.25
3,2,27,4.56770372391,4.0
3,2,27,4.56797361374,4.0
3,2,60,2.52107667923,3.75
3,2,60,2.51772046089,3.75
3,2,83,4.56323289871,4.25
3,2,83,4.56236886978,4.25
3,2,34,3.56300806999,3.5
3,2,34,3.56385016441,3.5
3,2,81,4.23220014572,4.375
3,2,81,4.23070526123,4.375
3,2,31,4.40180301666,3.25
3,2,31,4.40769910812,3.25
3,2,32,4.51480436325,3.25
3,2,32,4.51491737366,3.25
3,2,87,2.52246809006,3.75
3,2,87,2.52274370193,3.75
3,2,29,1.56515276432,4.0
3,2,29,1.56821274757,4.0
3,2,38,5.16787815094,3.25
3,2,38,5.16710281372,3.25
3,2,85,3.15675067902,3.25
3,2,85,3.15663337708,3.25
3,2,36,3.9284787178,2.75
3,2,36,3.92783713341,2.75
3,2,91,4.68048095703,4.5
3,2,91,4.68190526962,4.5
3,2,42,1.25282216072,2.5
3,2,42,1.2524086237,2.5
3,2,89,4.58910942078,3.25
3,2,89,4.58922386169,3.25
3,2,98,4.41279840469,4.5
3,2,98,4.41283988953,4.5
3,2,7,3.40860652924,6.0
3,2,7,3.40934181213,6.0
3,2,40,3.77317523956,2.75
3,2,40,3.77420067787,2.75
3,2,95,2.10684537888,1.5
3,2,95,2.1054353714,1.5
3,2,96,3.31528735161,3.125
3,2,96,3.31789207458,3.125
3,2,5,4.08585548401,3.25
3,2,5,4.08536481857,3.25
3,2,46,3.41086959839,4.5
3,2,46,3.40842795372,4.5
3,2,93,4.58296728134,5.0
3,2,93,4.58165311813,5.0
3,2,102,4.02780103683,2.0
3,2,102,4.02655982971,2.0
3,2,11,4.28297758102,4.125
3,2,11,4.28408145905,4.125
3,2,44,1.45854961872,5.0
3,2,44,1.45773160458,5.0
3,2,67,5.03287315369,5.25
3,2,67,5.03368282318,5.25
3,2,100,2.90918326378,1.25
3,2,100,2.90932703018,1.25
3,2,9,4.30270147324,4.5
3,2,9,4.30451011658,4.5
3,2,65,3.10497760773,3.0
3,2,65,3.10616922379,3.0
3,2,106,3.75527906418,3.875
3,2,106,3.75511884689,3.875
3,2,71,4.08325910568,2.375
3,2,71,4.08469200134,2.375
3,2,104,0.622030258179,3.5
3,2,104,0.623587369919,3.5
3,2,13,5.0209851265,5.0
3,2,13,5.02133512497,5.0
3,2,69,1.81415343285,1.25
3,2,69,1.81413662434,1.25
3,2,110,3.97294330597,4.25
3,2,110,3.97282671928,4.25
3,2,51,4.58754444122,4.0
3,2,51,4.58705759048,4.0
3,2,108,3.1080596447,4.0
3,2,108,3.10960412025,4.0
3,2,49,4.13735437393,2.75
3,2,49,4.13765382767,2.75
3,2,73,4.23483371735,3.75
3,2,73,4.23567438126,3.75
3,2,55,4.65562057495,3.33333
3,2,55,4.6551117897,3.33333
3,2,79,3.58145618439,3.75
3,2,79,3.58051037788,3.75
3,2,53,4.22725868225,4.5
3,2,53,4.22894525528,4.5
3,2,77,4.80230712891,2.25
3,2,77,4.80239105225,2.25
3,2,59,4.27195310593,2.25
3,2,59,4.27223777771,2.25
3,2,113,3.72793674469,3.0
3,2,113,3.72878479958,3.0
3,2,26,2.7243475914,2.5
3,2,26,2.7191901207,2.5
3,2,63,1.40073394775,1.25
3,2,63,1.4012491703,1.25
4,1,29,4.08717012405,3.0
4,1,29,4.08603239059,3.0
4,1,58,5.11167907715,2.25
4,1,58,5.11067962646,2.25
4,1,85,2.77089357376,2.5
4,1,85,2.77219080925,2.5
4,1,114,2.13141822815,1.5
4,1,114,2.13039326668,1.5
4,1,31,3.85870528221,2.25
4,1,31,3.85933041573,2.25
4,1,36,2.45018863678,0.875
4,1,36,2.44918179512,0.875
4,1,87,2.67029547691,3.25
4,1,87,2.67118763924,3.25
4,1,25,3.79714512825,1.5
4,1,25,3.79564619064,1.5
4,1,38,4.02991008759,2.5
4,1,38,4.02901554108,2.5
4,1,81,2.45093178749,3.0
4,1,81,2.45313239098,3.0
4,1,27,1.38071811199,2.75
4,1,27,1.38016045094,2.75
4,1,32,3.33242797852,1.5
4,1,32,3.33108925819,1.5
4,1,83,2.07696270943,3.25
4,1,83,2.07380962372,3.25
4,1,5,1.52569758892,1.0
4,1,5,1.52818059921,1.0
4,1,34,3.03859162331,1.5
4,1,34,3.03807973862,1.5
4,1,93,3.59784173965,3.0
4,1,93,3.59792423248,3.0
4,1,7,1.87251055241,1.75
4,1,7,1.87377369404,1.75
4,1,95,2.10348129272,3.5
4,1,95,2.1020181179,3.5
4,1,100,3.14142727852,0.75
4,1,100,3.13958907127,0.75
4,1,46,5.08691978455,3.75
4,1,46,5.0859951973,3.75
4,1,89,2.72162079811,1.75
4,1,89,2.72342705727,1.75
4,1,102,1.80756378174,1.5
4,1,102,1.80663657188,1.5
4,1,3,2.31220507622,3.5
4,1,3,2.30682325363,3.5
4,1,40,4.7215590477,4.0
4,1,40,4.72002029419,4.0
4,1,91,2.97621822357,2.25
4,1,91,2.97647738457,2.25
4,1,96,2.94265079498,2.75
4,1,96,2.94354867935,2.75
4,1,13,1.91836154461,1.5
4,1,13,1.92297911644,1.5
4,1,42,4.16087055206,1.75
4,1,42,4.16332054138,1.75
4,1,69,5.49991559982,5.5
4,1,69,5.5008597374,5.5
4,1,98,3.63309907913,3.25
4,1,98,3.63958859444,3.25
4,1,15,2.04741859436,0.75
4,1,15,2.04939985275,0.75
4,1,71,5.54000711441,2.125
4,1,71,5.53935241699,2.125
4,1,108,3.63612413406,3.25
4,1,108,3.6398973465,3.25
4,1,9,1.27916693687,1.0
4,1,9,1.28031146526,1.0
4,1,65,4.59929895401,4.75
4,1,65,4.6001329422,4.75
4,1,110,3.06365227699,4.0
4,1,110,3.06450080872,4.0
4,1,11,1.85407042503,1.0
4,1,11,1.85750198364,1.0
4,1,67,5.13297748566,1.75
4,1,67,5.13354444504,1.75
4,1,104,1.55382740498,1.25
4,1,104,1.5510212183,1.25
4,1,53,5.04245948792,2.5
4,1,53,5.04242801666,2.5
4,1,77,4.05565690994,2.625
4,1,77,4.05384016037,2.625
4,1,106,2.93526148796,2.125
4,1,106,2.93683052063,2.125
4,1,55,5.13252878189,2.5
4,1,55,5.12962722778,2.5
4,1,79,5.0333981514,6.75
4,1,79,5.03352928162,6.75
4,1,49,5.19129610062,4.25
4,1,49,5.19079446793,4.25
4,1,73,5.50284385681,4.25
4,1,73,5.5031876564,4.25
4,1,22,1.82880699635,1.25
4,1,22,1.82710313797,1.25
4,1,51,5.12676858902,2.75
4,1,51,5.12428426743,2.75
4,1,75,3.95150876045,4.75
4,1,75,3.95666742325,4.75
4,1,16,1.58823692799,1.0
4,1,16,1.58581721783,1.0
4,1,117,2.20427060127,1.25
4,1,117,2.2022023201,1.25
4,1,63,1.6058870554,1.0
4,1,63,1.60508143902,1.0
4,1,28,4.07313108444,2.625
4,1,28,4.07183980942,2.625
4,1,57,5.51270341873,2.75
4,1,57,5.51183891296,2.75
4,1,84,2.19823026657,2.5
4,1,84,2.19835853577,2.5
4,1,113,2.35284018517,3.25
4,1,113,2.35388159752,3.25
4,1,30,3.5716085434,1.125
4,1,30,3.57255744934,1.125
4,1,59,5.03482246399,1.875
4,1,59,5.03456687927,1.875
4,1,86,2.48985433578,1.66667
4,1,86,2.48618006706,1.66667
4,1,115,3.031509161,3.5
4,1,115,3.02749323845,3.5
4,1,24,3.46410608292,2.0
4,1,24,3.46565675735,2.0
4,1,37,4.37473106384,2.25
4,1,37,4.37585639954,2.25
4,1,80,3.61199951172,3.5
4,1,80,3.61359930038,3.5
4,1,26,4.41650533676,4.375
4,1,26,4.41965484619,4.375
4,1,39,4.39109706879,2.5
4,1,39,4.39042806625,2.5
4,1,82,2.70191407204,6.5
4,1,82,2.70322275162,6.5
4,1,4,1.40344965458,1.5
4,1,4,1.40216767788,1.5
4,1,33,2.77482175827,1.5
4,1,33,2.77457070351,1.5
4,1,92,2.81542491913,2.0
4,1,92,2.81301951408,2.0
4,1,6,1.69967770576,1.5
4,1,6,1.69983673096,1.5
4,1,35,3.10464048386,1.75
4,1,35,3.10435891151,1.75
4,1,94,2.17135071754,1.5
4,1,94,2.17133021355,1.5
4,1,45,4.28926324844,2.125
4,1,45,4.28907585144,2.125
4,1,88,2.1786968708,1.5
4,1,88,2.1779897213,1.5
4,1,101,2.07079100609,3.875
4,1,101,2.07186412811,3.875
4,1,47,4.81460666656,2.125
4,1,47,4.81514215469,2.125
4,1,90,3.48763751984,1.375
4,1,90,3.48141026497,1.375
4,1,103,3.49891424179,1.0
4,1,103,3.49577784538,1.0
4,1,12,2.02899765968,2.5
4,1,12,2.02751398087,2.5
4,1,41,5.18922901154,2.5
4,1,41,5.18792724609,2.5
4,1,68,4.51265001297,5.5
4,1,68,4.51216268539,5.5
4,1,97,2.71464729309,1.625
4,1,97,2.71310591698,1.625
4,1,70,3.33771014214,5.25
4,1,70,3.33944535255,5.25
4,1,99,4.32976865768,2.375
4,1,99,4.32920694351,2.375
4,1,8,1.7583694458,0.75
4,1,8,1.75472939014,0.75
4,1,64,4.34576368332,3.5
4,1,64,4.34508371353,3.5
4,1,109,2.86879086494,2.75
4,1,109,2.86914086342,2.75
4,1,10,2.04373908043,3.0
4,1,10,2.03911662102,3.0
4,1,66,1.51965451241,1.0
4,1,66,1.52066850662,1.0
4,1,111,2.60076069832,3.5
4,1,111,2.59995722771,3.5
4,1,52,5.33993291855,3.25
4,1,52,5.3419752121,3.25
4,1,105,3.15762710571,3.625
4,1,105,3.15521764755,3.625
4,1,54,5.23529434204,3.375
4,1,54,5.23739147186,3.375
4,1,78,3.16489076614,3.25
4,1,78,3.16479635239,3.25
4,1,48,5.02418327332,1.5
4,1,48,5.0234131813,1.5
4,1,72,2.11673235893,2.375
4,1,72,2.11547112465,2.375
4,1,50,5.1224360466,2.0
4,1,50,5.12126255035,2.0
4,1,74,3.11898136139,3.5
4,1,74,3.11989355087,3.5
4,1,23,1.73651397228,1.0
4,1,23,1.73584616184,1.0
4,1,116,3.72121715546,1.75
4,1,116,3.7217502594,1.75
4,1,118,5.11255836487,4.5
4,1,118,5.11152935028,4.5
4,1,56,5.24283218384,2.0
4,1,56,5.24324369431,2.0
4,1,112,2.6185324192,1.0
4,1,112,2.61925697327,1.0
7,1,40,3.51012277603,5.5
7,1,40,4.10163879395,5.5
7,1,3,2.9408185482,4.75
7,1,3,3.09132313728,4.75
7,1,102,3.6153280735,4.25
7,1,102,3.83902478218,4.25
7,1,46,4.40747642517,4.0
7,1,46,3.85459113121,4.0
7,1,1,2.43336510658,3.5
7,1,1,2.77325487137,3.5
7,1,44,3.32090711594,6.25
7,1,44,3.42994499207,6.25
7,1,7,3.23470330238,2.25
7,1,7,3.18903303146,2.25
7,1,90,2.7887365818,4.0
7,1,90,3.12653923035,4.0
7,1,34,3.30846714973,5.5
7,1,34,3.38591241837,5.5
7,1,5,2.81135964394,4.75
7,1,5,3.22161197662,4.75
7,1,88,3.3154270649,6.5
7,1,88,3.78235793114,6.5
7,1,32,3.20299649239,3.75
7,1,32,3.42267680168,3.75
7,1,94,3.55895996094,3.0
7,1,94,4.13227367401,3.0
7,1,38,2.90677928925,3.5
7,1,38,3.67098736763,3.5
7,1,92,2.34984493256,5.75
7,1,92,3.31913852692,5.75
7,1,36,2.43752074242,4.25
7,1,36,3.35489439964,4.25
7,1,82,3.32221746445,5.25
7,1,82,3.2744178772,5.25
7,1,26,3.85778141022,3.0
7,1,26,4.34903049469,3.0
7,1,80,2.80493092537,2.0
7,1,80,3.13478922844,2.0
7,1,24,3.7155251503,5.0
7,1,24,3.99312448502,5.0
7,1,86,3.35688376427,3.25
7,1,86,3.70587062836,3.25
7,1,59,3.21723127365,5.25
7,1,59,3.35801672935,5.25
7,1,30,2.46600294113,3.0
7,1,30,2.74665021896,3.0
7,1,84,2.19939231873,4.75
7,1,84,2.3802447319,4.75
7,1,57,3.41120171547,4.25
7,1,57,3.9755666256,4.25
7,1,28,3.50347423553,5.25
7,1,28,3.38595914841,5.25
7,1,74,4.09749507904,4.25
7,1,74,3.62365555763,4.25
7,1,63,2.97833919525,5.5
7,1,63,3.39026403427,5.5
7,1,18,2.93678689003,6.0
7,1,18,3.45083189011,6.0
7,1,72,3.47063970566,2.0
7,1,72,4.07527780533,2.0
7,1,61,2.65278244019,5.0
7,1,61,3.01493906975,5.0
7,1,107,2.54281544685,4.0
7,1,107,2.66420578957,4.0
7,1,78,2.52370405197,4.0
7,1,78,2.37991738319,4.0
7,1,51,3.83073496819,3.5
7,1,51,3.8328564167,3.5
7,1,22,2.69556045532,3.75
7,1,22,3.06215929985,3.75
7,1,105,3.20722055435,4.75
7,1,105,3.66656446457,4.75
7,1,76,4.0872592926,2.75
7,1,76,3.97566890717,2.75
7,1,49,3.24738049507,4.5
7,1,49,3.12892913818,4.5
7,1,20,2.70106458664,5.25
7,1,20,3.04989051819,5.25
7,1,66,1.74280273914,4.25
7,1,66,1.88980317116,4.25
7,1,55,2.57983517647,2.5
7,1,55,3.06809091568,2.5
7,1,10,3.26547217369,2.75
7,1,10,3.0479953289,2.75
7,1,109,3.48434376717,6.25
7,1,109,3.4847035408,6.25
7,1,64,1.82993280888,5.0
7,1,64,1.871519804,5.0
7,1,53,3.28718328476,5.5
7,1,53,3.76000356674,5.5
7,1,8,3.7285118103,4.5
7,1,8,3.79809951782,4.5
7,1,70,2.93348836899,5.5
7,1,70,3.8655705452,5.5
7,1,43,3.11134362221,3.5
7,1,43,3.90292811394,3.5
7,1,14,1.48457527161,1.75
7,1,14,1.4233571291,1.75
7,1,97,2.05319213867,5.5
7,1,97,2.51243662834,5.5
7,1,68,1.86364233494,4.25
7,1,68,2.27465248108,4.25
7,1,41,3.12393593788,4.75
7,1,41,3.3949432373,4.75
7,1,12,1.72199964523,5.0
7,1,12,1.85259497166,5.0
7,1,103,2.97097325325,3.25
7,1,103,3.0744946003,3.25
7,1,47,3.72185301781,4.5
7,1,47,4.19357919693,4.5
7,1,2,2.75114750862,5.5
7,1,2,3.14129114151,5.5
7,1,101,2.80814695358,4.0
7,1,101,2.73949289322,4.0
7,1,45,3.94932341576,4.5
7,1,45,3.55689835548,4.5
7,1,35,3.3823094368,6.0
7,1,35,3.60579323769,6.0
7,1,89,2.89665460587,5.25
7,1,89,3.05493927002,5.25
7,1,33,3.04541873932,4.75
7,1,33,3.13942790031,4.75
7,1,4,3.21241259575,3.25
7,1,4,3.24542951584,3.25
7,1,95,4.09859323502,4.75
7,1,95,4.21003246307,4.75
7,1,39,3.32704496384,5.5
7,1,39,3.37703895569,5.5
7,1,93,3.86196827888,4.25
7,1,93,3.75084280968,4.25
7,1,37,2.85617280006,4.25
7,1,37,3.34927606583,4.25
7,1,83,2.94029283524,4.75
7,1,83,3.06623792648,4.75
7,1,27,2.9862112999,4.25
7,1,27,3.57282519341,4.25
7,1,81,3.08204293251,4.0
7,1,81,3.68286418915,4.0
7,1,25,2.8349571228,4.5
7,1,25,3.25283002853,4.5
7,1,31,3.20881509781,4.5
7,1,31,3.11435985565,4.5
7,1,58,2.49395608902,6.0
7,1,58,2.82135939598,6.0
7,1,29,3.53252482414,4.25
7,1,29,3.34336876869,4.25
7,1,75,3.82340478897,4.75
7,1,75,3.61077404022,4.75
7,1,19,2.96667313576,4.75
7,1,19,3.26489138603,4.75
7,1,73,3.18278670311,1.0
7,1,73,3.72295498848,1.0
7,1,62,3.84481143951,4.5
7,1,62,3.98341917992,4.5
7,1,79,3.06535863876,3.0
7,1,79,3.25405597687,3.0
7,1,60,2.57539057732,3.25
7,1,60,3.0648226738,3.25
7,1,23,3.29836249352,4.0
7,1,23,3.39461731911,4.0
7,1,106,2.88713622093,4.75
7,1,106,3.28814315796,4.75
7,1,50,3.37785363197,5.0
7,1,50,3.9293680191,5.0
7,1,104,2.78903269768,4.75
7,1,104,3.30851387978,4.75
7,1,67,2.88445305824,4.75
7,1,67,2.59825253487,4.75
7,1,48,3.8643591404,1.5
7,1,48,3.56705188751,1.5
7,1,11,1.70475411415,1.75
7,1,11,2.20621323586,1.75
7,1,65,2.64996576309,5.25
7,1,65,2.39285349846,5.25
7,1,54,2.9622168541,5.5
7,1,54,3.1322593689,5.5
7,1,9,2.93564558029,2.0
7,1,9,3.01645088196,2.0
7,1,108,2.32661819458,2.75
7,1,108,2.80571556091,2.75
7,1,71,3.72546601295,4.75
7,1,71,3.99251055717,4.75
7,1,52,3.44973921776,0.75
7,1,52,3.95274138451,0.75
7,1,98,2.90775084496,3.25
7,1,98,3.19802069664,3.25
7,1,69,2.70077204704,5.5
7,1,69,2.83597826958,5.5
7,1,42,3.74968075752,3.0
7,1,42,4.20212268829,3.0
7,1,13,1.88875246048,3.0
7,1,13,1.84788811207,3.0
7,1,96,4.13385677338,5.5
7,1,96,3.93549323082,5.5
7,2,77,2.74125647545,4.25
7,2,77,3.09029626846,4.25
7,2,102,2.78258657455,5.25
7,2,102,3.31524324417,5.25
7,2,3,3.00798034668,5.75
7,2,3,3.31807661057,5.75
7,2,75,3.30345487595,3.5
7,2,75,3.50660228729,3.5
7,2,100,1.98822772503,1.75
7,2,100,1.86438250542,1.75
7,2,1,1.58041584492,4.25
7,2,1,1.70862948895,4.25
7,2,73,2.17211008072,3.25
7,2,73,2.49067401886,3.25
7,2,98,3.03036642075,3.75
7,2,98,3.14181733131,3.75
7,2,63,2.31721997261,5.25
7,2,63,3.00827145576,5.25
7,2,71,2.43124437332,4.0
7,2,71,2.41362571716,4.0
7,2,96,3.37465190887,3.5
7,2,96,3.41522860527,3.5
7,2,61,3.06667637825,5.5
7,2,61,3.02208471298,5.5
7,2,69,2.35496973991,4.25
7,2,69,2.90436458588,4.25
7,2,30,2.33045601845,3.0
7,2,30,3.05583786964,3.0
7,2,28,3.42408037186,5.75
7,2,28,4.11957168579,5.75
7,2,57,2.25108480453,1.5
7,2,57,2.57882261276,1.5
7,2,65,2.49650740623,5.0
7,2,65,3.43985581398,5.0
7,2,26,3.77752256393,4.25
7,2,26,3.76996016502,4.25
7,2,55,2.64741659164,4.0
7,2,55,2.67539548874,4.0
7,2,24,3.04779076576,3.75
7,2,24,3.44632959366,3.75
7,2,53,3.54944014549,5.0
7,2,53,3.48298335075,5.0
7,2,22,2.60393977165,3.0
7,2,22,3.39395880699,3.0
7,2,51,2.63064694405,4.75
7,2,51,3.65593099594,4.75
7,2,94,2.31006765366,3.25
7,2,94,2.7255897522,3.25
7,2,20,3.69048500061,5.5
7,2,20,3.63657355309,5.5
7,2,49,3.75951552391,4.0
7,2,49,4.12617731094,4.0
7,2,92,2.7303841114,4.66667
7,2,92,2.90741252899,4.66667
7,2,18,3.16022706032,3.5
7,2,18,3.7789440155,3.5
7,2,47,3.36299824715,4.0
7,2,47,3.99729466438,4.0
7,2,90,3.01888895035,4.0
7,2,90,3.74419569969,4.0
7,2,16,2.58888745308,5.0
7,2,16,3.52358388901,5.0
7,2,45,3.65213632584,2.5
7,2,45,3.80479025841,2.5
7,2,88,3.45633006096,5.0
7,2,88,3.47872924805,5.0
7,2,14,3.52413010597,5.5
7,2,14,3.78559780121,5.5
7,2,43,3.32065701485,2.75
7,2,43,3.99651360512,2.75
7,2,86,3.39120793343,2.5
7,2,86,3.32043266296,2.5
7,2,12,3.43736839294,4.25
7,2,12,3.41666555405,4.25
7,2,84,3.22650766373,3.75
7,2,84,3.47086215019,3.75
7,2,10,2.09784173965,4.0
7,2,10,2.83680796623,4.0
7,2,39,2.59455513954,4.0
7,2,39,3.22655320168,4.0
7,2,82,3.01547002792,3.25
7,2,82,3.24077630043,3.25
7,2,8,2.9738547802,4.0
7,2,8,3.25245308876,4.0
7,2,37,3.32619643211,3.5
7,2,37,3.72885799408,3.5
7,2,80,3.75635313988,4.0
7,2,80,3.74554872513,4.0
7,2,109,2.7377576828,5.25
7,2,109,2.63508224487,5.25
7,2,6,2.94427537918,4.0
7,2,6,3.57763433456,4.0
7,2,35,2.81011152267,3.5
7,2,35,2.79445171356,3.5
7,2,78,2.01355528831,5.0
7,2,78,2.28687024117,5.0
7,2,107,3.53462815285,4.5
7,2,107,3.57454681396,4.5
7,2,4,2.8950407505,3.0
7,2,4,3.43757843971,3.0
7,2,33,2.33543157578,1.5
7,2,33,3.30350351334,1.5
7,2,76,4.18897247314,4.5
7,2,76,4.04420375824,4.5
7,2,105,3.1486928463,3.0
7,2,105,3.76251387596,3.0
7,2,2,2.34528160095,2.75
7,2,2,2.91800284386,2.75
7,2,74,2.49945163727,2.5
7,2,74,2.9584145546,2.5
7,2,103,2.61958289146,4.25
7,2,103,3.21221399307,4.25
7,2,72,3.9271941185,4.25
7,2,72,3.78669595718,4.25
7,2,70,2.53364944458,3.25
7,2,70,3.17253255844,3.25
7,2,99,3.12964224815,4.25
7,2,99,3.11481666565,4.25
7,2,60,2.97035264969,4.0
7,2,60,2.61568856239,4.0
7,2,68,3.15873098373,6.5
7,2,68,3.20530891418,6.5
7,2,97,2.29341268539,3.0
7,2,97,2.3547873497,3.0
7,2,58,3.12518644333,4.0
7,2,58,2.9004201889,4.0
7,2,66,2.6660027504,5.5
7,2,66,3.24107646942,5.5
7,2,31,2.82439947128,3.75
7,2,31,2.99738121033,3.75
7,2,56,1.86653268337,4.75
7,2,56,2.09558939934,4.75
7,2,64,2.89431738853,3.25
7,2,64,2.74002289772,3.25
7,2,29,2.72229647636,1.75
7,2,29,3.03767490387,1.75
7,2,27,3.20379042625,4.25
7,2,27,3.58591651917,4.25
7,2,52,2.40184879303,3.25
7,2,52,3.22907757759,3.25
7,2,25,3.41117453575,4.75
7,2,25,4.10916376114,4.75
7,2,50,3.44751024246,4.25
7,2,50,4.38898229599,4.25
7,2,23,2.16011357307,1.75
7,2,23,3.12741446495,1.75
7,2,48,3.41807746887,3.75
7,2,48,4.13659524918,3.75
7,2,95,2.37477612495,2.5
7,2,95,2.35323143005,2.5
7,2,21,2.88959383965,1.5
7,2,21,3.73928666115,1.5
7,2,46,3.20968389511,4.75
7,2,46,3.01123404503,4.75
7,2,93,2.40616345406,4.75
7,2,93,2.84578990936,4.75
7,2,19,2.42558431625,4.5
7,2,19,3.10739707947,4.5
7,2,44,2.51302075386,4.5
7,2,44,3.31248521805,4.5
7,2,91,4.05206680298,3.75
7,2,91,3.89610123634,3.75
7,2,17,3.9534201622,6.0
7,2,17,4.41683483124,6.0
7,2,42,3.64882349968,3.0
7,2,42,3.83530712128,3.0
7,2,89,3.64433288574,3.0
7,2,89,3.52996945381,3.0
7,2,40,3.15210938454,5.25
7,2,40,3.61854743958,5.25
7,2,87,3.52079725266,4.5
7,2,87,3.53567862511,4.5
7,2,13,2.32356095314,4.75
7,2,13,2.27494907379,4.75
7,2,38,3.17768073082,5.25
7,2,38,3.86883497238,5.25
7,2,85,3.10830879211,2.5
7,2,85,3.4957985878,2.5
7,2,110,2.36815953255,4.75
7,2,110,2.36128306389,4.75
7,2,11,2.73593497276,2.75
7,2,11,2.53410506248,2.75
7,2,36,3.43427705765,2.5
7,2,36,3.84451079369,2.5
7,2,83,3.27151584625,5.0
7,2,83,3.92607569695,5.0
7,2,108,2.10628533363,5.5
7,2,108,2.69210338593,5.5
7,2,9,2.76508069038,4.0
7,2,9,3.0745575428,4.0
7,2,34,2.57561707497,4.25
7,2,34,2.71608233452,4.25
7,2,106,3.20687818527,6.25
7,2,106,3.48991274834,6.25
7,2,7,3.33687877655,5.0
7,2,7,4.01219940186,5.0
7,2,32,2.51515817642,4.5
7,2,32,3.22648429871,4.5
7,2,104,2.13737726212,3.5
7,2,104,2.71862864494,3.5
7,2,5,2.63351273537,3.25
7,2,5,3.32004284859,3.25
8,1,34,2.6054713726,2.5
8,1,34,3.84236502647,2.5
8,1,7,3.38581109047,1.0
8,1,7,1.81957566738,1.0
8,1,94,1.65200233459,1.75
8,1,94,3.16636657715,1.75
8,1,21,1.99603641033,1.75
8,1,21,2.55503439903,1.75
8,1,35,2.65743303299,3.0
8,1,35,3.94641757011,3.0
8,1,49,2.31156897545,2.25
8,1,49,3.66076993942,2.25
8,1,8,2.30653238297,1.0
8,1,8,3.2985124588,1.0
8,1,95,2.41853022575,2.25
8,1,95,3.44938707352,2.25
8,1,22,2.76164126396,3.5
8,1,22,3.68780946732,3.5
8,1,36,2.37018918991,3.75
8,1,36,3.64306807518,3.75
8,1,50,2.28303694725,1.0
8,1,50,1.83004951477,1.0
8,1,9,2.46013569832,2.0
8,1,9,3.83677124977,2.0
8,1,64,2.2251226902,1.25
8,1,64,3.37352538109,1.25
8,1,23,2.7452917099,3.25
8,1,23,4.07600975037,3.25
8,1,37,2.44423508644,1.75
8,1,37,3.74243569374,1.75
8,1,51,3.00909328461,1.0
8,1,51,1.71869933605,1.0
8,1,10,3.35635447502,1.75
8,1,10,1.77564466,1.75
8,1,65,2.20728421211,2.0
8,1,65,1.64456903934,2.0
8,1,24,2.30253863335,3.75
8,1,24,3.79770207405,3.75
8,1,38,2.63436388969,2.25
8,1,38,3.89907765388,2.25
8,1,52,2.09637999535,1.25
8,1,52,3.44892978668,1.25
8,1,11,3.33061146736,2.0
8,1,11,1.78515708447,2.0
8,1,66,1.95641934872,2.25
8,1,66,2.25715947151,2.25
8,1,25,1.76913762093,2.5
8,1,25,3.34035134315,2.5
8,1,80,1.94379746914,1.75
8,1,80,3.26732850075,1.75
8,1,39,2.65101861954,3.0
8,1,39,3.92812228203,3.0
8,1,53,2.14037656784,2.25
8,1,53,3.50944900513,2.25
8,1,12,3.34344434738,1.0
8,1,12,1.78020954132,1.0
8,1,67,3.19980597496,2.25
8,1,67,1.74362552166,2.25
8,1,26,2.2375638485,2.75
8,1,26,3.63352704048,2.75
8,1,81,2.16957521439,2.25
8,1,81,3.06647348404,2.25
8,1,40,2.47694754601,1.75
8,1,40,3.81198954582,1.75
8,1,54,2.48398733139,3.0
8,1,54,2.8997399807,3.0
8,1,68,3.30922555923,1.5
8,1,68,1.77789008617,1.5
8,1,27,2.08225560188,2.0
8,1,27,3.31096506119,2.0
8,1,82,2.14568448067,1.75
8,1,82,3.12670445442,1.75
8,1,41,2.39483308792,1.5
8,1,41,3.73309612274,1.5
8,1,96,2.24606704712,2.5
8,1,96,3.65933084488,2.5
8,1,69,2.25647997856,2.5
8,1,69,3.42157244682,2.5
8,1,28,3.26436424255,1.0
8,1,28,2.05604982376,1.0
8,1,42,2.19685387611,3.5
8,1,42,3.55099844933,3.5
8,1,97,2.68635201454,2.25
8,1,97,3.74539613724,2.25
8,1,29,2.73557019234,3.25
8,1,29,4.00759220123,3.25
8,1,43,2.15091872215,1.75
8,1,43,3.36459922791,1.75
8,1,98,3.36417508125,0.75
8,1,98,1.91826713085,0.75
8,1,30,2.68306279182,2.5
8,1,30,3.91836643219,2.5
8,1,85,2.35201311111,2.0
8,1,85,3.62061047554,2.0
8,1,44,2.29306268692,3.25
8,1,44,3.66756820679,3.25
8,1,58,2.86474227905,1.0
8,1,58,1.36177039146,1.0
8,1,31,2.59542036057,1.25
8,1,31,3.87732338905,1.25
8,1,86,1.90169644356,1.25
8,1,86,2.27072143555,1.25
8,1,59,3.34589123726,1.5
8,1,59,1.94021594524,1.5
8,1,73,2.03108382225,2.75
8,1,73,3.36414837837,2.75
8,1,87,2.29156708717,1.0
8,1,87,2.64212346077,1.0
8,1,60,1.82780528069,2.5
8,1,60,3.24421596527,2.5
8,1,74,2.12489724159,2.5
8,1,74,3.49732065201,2.5
8,1,88,2.58337187767,2.25
8,1,88,1.94687318802,2.25
8,1,61,2.00481534004,2.75
8,1,61,2.69825839996,2.75
8,1,75,2.67207503319,3.0
8,1,75,3.40797257423,3.0
8,1,2,2.86659169197,2.75
8,1,2,4.02893924713,2.75
8,1,89,2.207477808,3.5
8,1,89,3.22935962677,3.5
8,1,16,2.66579604149,2.75
8,1,16,3.89564275742,2.75
8,1,62,2.40962290764,1.5
8,1,62,0.171734258533,1.5
8,1,76,1.96655237675,1.0
8,1,76,3.37069678307,1.0
8,1,3,2.53144884109,2.5
8,1,3,3.82262277603,2.5
8,1,17,2.77429056168,3.25
8,1,17,3.9664542675,3.25
8,1,63,1.8474009037,1.0
8,1,63,2.07539629936,1.0
8,1,77,2.14849925041,3.25
8,1,77,3.53512644768,3.25
8,1,4,2.31022715569,1.75
8,1,4,3.5692512989,1.75
8,1,91,1.9650272131,2.75
8,1,91,3.38710427284,2.75
8,1,18,2.52380371094,3.75
8,1,18,3.891518116,3.75
8,1,32,2.58734321594,2.75
8,1,32,3.9144718647,2.75
8,1,78,3.3631310463,2.75
8,1,78,1.85783398151,2.75
8,1,5,2.13455843925,2.0
8,1,5,3.18560528755,2.0
8,1,92,2.15148711205,1.5
8,1,92,3.35098290443,1.5
8,1,19,2.42912864685,2.25
8,1,19,3.51736187935,2.25
8,1,33,2.49395060539,1.75
8,1,33,3.22065424919,1.75
8,1,79,2.00913882256,2.0
8,1,79,3.36693811417,2.0
8,1,6,3.33484792709,1.5
8,1,6,1.75868654251,1.5
8,1,93,3.35235667229,1.75
8,1,93,1.85528969765,1.75
8,1,20,2.20277428627,2.5
8,1,20,3.66892361641,2.5
8,2,17,4.30711460114,3.5
8,2,17,4.30681943893,3.5
8,2,91,1.91860282421,2.25
8,2,91,1.91941308975,2.25
8,2,19,1.47576594353,2.0
8,2,19,1.47629570961,2.0
8,2,93,1.96344447136,4.25
8,2,93,1.96415007114,4.25
8,2,96,1.87868404388,2.0
8,2,96,1.87732172012,2.0
8,2,21,3.46094083786,2.25
8,2,21,3.46344280243,2.25
8,2,56,1.96400105953,2.0
8,2,56,1.96355700493,2.0
8,2,95,3.18143558502,2.0
8,2,95,3.18248152733,2.0
8,2,98,1.82335019112,3.0
8,2,98,1.82189619541,3.0
8,2,23,3.87794041634,2.5
8,2,23,3.87921977043,2.5
8,2,58,2.77196907997,3.0
8,2,58,2.7712032795,3.0
8,2,100,2.90282607079,3.25
8,2,100,2.90447354317,3.25
8,2,25,3.98690295219,2.75
8,2,25,3.98889708519,2.75
8,2,60,1.49613308907,3.5
8,2,60,1.49627494812,3.5
8,2,67,2.33873224258,1.625
8,2,67,2.34635663033,1.625
8,2,27,1.71238517761,4.0
8,2,27,1.71399140358,4.0
8,2,62,2.77678990364,1.75
8,2,62,2.77481412888,1.75
8,2,69,1.24364876747,3.5
8,2,69,1.2452287674,3.5
8,2,29,4.16067457199,4.75
8,2,29,4.15968608856,4.75
8,2,32,4.28823137283,4.0
8,2,32,4.28871202469,4.0
8,2,71,1.79966270924,2.0
8,2,71,1.8128746748,2.0
8,2,31,3.66882824898,2.75
8,2,31,3.66899418831,2.75
8,2,34,3.15713453293,3.5
8,2,34,3.15743088722,3.5
8,2,73,1.28346204758,3.5
8,2,73,1.28477394581,3.5
8,2,36,4.19328308105,3.75
8,2,36,4.19351100922,3.75
8,2,75,1.68370330334,4.0
8,2,75,1.68837141991,4.0
8,2,38,4.25514888763,3.75
8,2,38,4.2547750473,3.75
8,2,77,1.05728745461,4.75
8,2,77,1.0584666729,4.75
8,2,5,1.42763519287,3.75
8,2,5,1.42662787437,3.75
8,2,40,4.46805143356,2.0
8,2,40,4.46715736389,2.0
8,2,79,3.12671780586,4.0
8,2,79,3.12468934059,4.0
8,2,7,1.47299408913,1.5
8,2,7,1.47009122372,1.5
8,2,42,4.18041229248,3.5
8,2,42,4.18119812012,3.5
8,2,9,1.67993617058,2.0
8,2,9,1.68076813221,2.0
8,2,44,4.14500284195,3.25
8,2,44,4.14471960068,3.25
8,2,11,3.16558694839,3.0
8,2,11,3.1664185524,3.0
8,2,46,4.12711429596,3.25
8,2,46,4.12733745575,3.25
8,2,80,3.29677557945,3.25
8,2,80,3.296179533,3.25
8,2,15,3.53634190559,2.25
8,2,15,3.53376126289,2.25
8,2,49,4.19992399216,4.0
8,2,49,4.2001748085,4.0
8,2,84,3.55489706993,3.5
8,2,84,3.55608344078,3.5
8,2,86,2.49034738541,3.25
8,2,86,2.48485517502,3.25
8,2,88,3.25499129295,3.75
8,2,88,3.25522065163,3.75
8,2,16,4.56019258499,4.0
8,2,16,4.55985689163,4.0
8,2,55,2.47991108894,3.75
8,2,55,2.48347496986,3.75
8,2,90,1.27306902409,1.5
8,2,90,1.27309250832,1.5
8,2,97,3.25199770927,4.25
8,2,97,3.25433254242,4.25
8,2,18,3.9751033783,3.5
8,2,18,3.97468447685,3.5
8,2,57,4.10393381119,4.75
8,2,57,4.10529708862,4.75
8,2,92,3.57748198509,2.0
8,2,92,3.5797586441,2.0
8,2,99,2.22301983833,4.0
8,2,99,2.22384214401,4.0
8,2,20,4.50112724304,3.75
8,2,20,4.50094795227,3.75
8,2,59,2.80233001709,4.5
8,2,59,2.80450582504,4.5
8,2,94,1.5666166544,3.0
8,2,94,1.56643855572,3.0
8,2,101,2.52537488937,2.75
8,2,101,2.52345490456,2.75
8,2,22,4.18559360504,2.25
8,2,22,4.18550014496,2.25
8,2,61,2.87645792961,4.0
8,2,61,2.88477993011,4.0
8,2,64,3.46133089066,4.75
8,2,64,3.46337389946,4.75
8,2,24,3.25404024124,3.0
8,2,24,3.25579357147,3.0
8,2,63,3.46716737747,5.25
8,2,63,3.46749186516,5.25
8,2,26,2.22947859764,4.0
8,2,26,2.23188686371,4.0
8,2,33,1.541249156,2.25
8,2,33,1.53887164593,2.25
8,2,68,2.6102077961,2.75
8,2,68,2.6105902195,2.75
8,2,28,1.39925920963,2.5
8,2,28,1.39765489101,2.5
8,2,35,4.37765455246,3.5
8,2,35,4.37773799896,3.5
8,2,70,2.14436197281,4.0
8,2,70,2.14347887039,4.0
8,2,30,4.22135210037,4.25
8,2,30,4.22045183182,4.25
8,2,37,4.31616640091,2.25
8,2,37,4.3162021637,2.25
8,2,72,1.58509981632,3.5
8,2,72,1.58276450634,3.5
8,2,39,4.35397958755,2.0
8,2,39,4.35399580002,2.0
8,2,74,1.43320560455,3.75
8,2,74,1.43268454075,3.75
8,2,41,2.55436038971,4.0
8,2,41,2.55619907379,4.0
8,2,76,3.00165867805,3.25
8,2,76,3.00074577332,3.25
8,2,4,1.3750565052,3.25
8,2,4,1.3749216795,3.25
8,2,43,1.42644584179,2.75
8,2,43,1.42281770706,2.75
8,2,78,1.2548892498,3.25
8,2,78,1.254139781,3.25
8,2,6,1.41254961491,1.75
8,2,6,1.41397702694,1.75
8,2,45,4.38840007782,2.25
8,2,45,4.3879776001,2.25
8,2,8,3.77873063087,4.25
8,2,8,3.7750852108,4.25
8,2,47,1.40677666664,2.75
8,2,47,1.40522825718,2.75
8,2,10,1.79500901699,1.75
8,2,10,1.79493439198,1.75
8,2,83,1.66747248173,2.75
8,2,83,1.66573214531,2.75
8,2,85,1.84632945061,4.5
8,2,85,1.84724771976,4.5
8,2,48,4.10177707672,4.0
8,2,48,4.10228824615,4.0
8,2,87,3.37030053139,2.0
8,2,87,3.37191271782,2.0
8,2,50,4.47683095932,3.0
8,2,50,4.47737836838,3.0
8,2,89,4.15242147446,2.25
8,2,89,4.15104436874,2.25
9,1,81,3.106965065,2.25
9,1,81,3.1601858139,2.25
9,1,27,3.86893963814,3.75
9,1,27,4.13884878159,3.75
9,1,83,3.88829517365,4.25
9,1,83,3.5648868084,4.25
9,1,29,3.17470932007,2.5
9,1,29,3.82031774521,2.5
9,1,32,3.113312006,2.75
9,1,32,3.53907489777,2.75
9,1,85,4.4334359169,4.75
9,1,85,4.34115171432,4.75
9,1,31,3.96503043175,3.5
9,1,31,3.83078503609,3.5
9,1,34,2.75983309746,3.25
9,1,34,3.35087323189,3.25
9,1,87,3.00181078911,3.25
9,1,87,2.99364900589,3.25
9,1,36,3.46567487717,3.5
9,1,36,3.6265873909,3.5
9,1,89,3.17276477814,2.75
9,1,89,3.20346784592,2.75
9,1,3,4.1239900589,4.75
9,1,3,4.23304176331,4.75
9,1,38,3.6179690361,3.5
9,1,38,3.41027855873,3.5
9,1,91,2.81768226624,3.75
9,1,91,3.26464247704,3.75
9,1,5,3.64488315582,5.75
9,1,5,3.90907287598,5.75
9,1,40,3.75670456886,2.25
9,1,40,3.92356824875,2.25
9,1,93,3.6040225029,3.25
9,1,93,3.85384774208,3.25
9,1,96,3.23923969269,4.25
9,1,96,3.01608848572,4.25
9,1,7,4.00634908676,4.25
9,1,7,4.17613220215,4.25
9,1,42,3.59410023689,4.0
9,1,42,3.95302987099,4.0
9,1,95,3.19866514206,4.25
9,1,95,3.35971689224,4.25
9,1,98,3.51783585548,2.25
9,1,98,3.33950805664,2.25
9,1,65,3.10491585732,2.0
9,1,65,3.29447340965,2.0
9,1,100,3.48052811623,4.25
9,1,100,3.3804872036,4.25
9,1,67,3.03406238556,4.25
9,1,67,3.20348334312,4.25
9,1,102,3.40761017799,3.75
9,1,102,3.14926457405,3.75
9,1,69,3.48043775558,5.5
9,1,69,3.43678832054,5.5
9,1,104,3.04744029045,3.0
9,1,104,2.80279016495,3.0
9,1,106,3.310090065,4.0
9,1,106,3.40722966194,4.0
9,1,73,3.32411623001,3.25
9,1,73,3.21773290634,3.25
9,1,51,3.40694928169,3.5
9,1,51,4.07667589188,3.5
9,1,75,2.92506074905,2.5
9,1,75,3.15825176239,2.5
9,1,110,3.32704734802,4.25
9,1,110,3.63413572311,4.25
9,1,53,2.98476052284,3.0
9,1,53,3.62328982353,3.0
9,1,77,2.9067761898,3.25
9,1,77,2.94190573692,3.25
9,1,16,3.19119691849,1.5
9,1,16,3.54156947136,1.5
9,1,55,2.87747883797,3.5
9,1,55,4.13138580322,3.5
9,1,79,3.28670406342,4.0
9,1,79,3.43948721886,4.0
9,1,18,3.57671689987,3.5
9,1,18,3.79624080658,3.5
9,1,20,3.5768456459,4.0
9,1,20,3.82284092903,4.0
9,1,59,2.82810854912,2.75
9,1,59,2.87457108498,2.75
9,1,22,3.42509627342,3.0
9,1,22,3.50858521461,3.0
9,1,61,2.87047719955,3.5
9,1,61,2.76504874229,3.5
9,1,24,3.21322512627,3.5
9,1,24,3.47804045677,3.5
9,1,63,2.10340738297,3.25
9,1,63,2.0698466301,3.25
9,1,80,3.32393836975,3.25
9,1,80,3.31977891922,3.25
9,1,26,3.45671391487,4.5
9,1,26,3.65148448944,4.5
9,1,33,3.89489984512,3.75
9,1,33,3.77290916443,3.75
9,1,82,3.52824425697,4.0
9,1,82,3.48446726799,4.0
9,1,28,3.47118902206,2.75
9,1,28,3.8955347538,2.75
9,1,35,3.25117492676,3.5
9,1,35,3.63152313232,3.5
9,1,84,3.55078911781,3.0
9,1,84,3.56491518021,3.0
9,1,30,3.16536259651,3.0
9,1,30,3.29601264,3.0
9,1,37,3.21690607071,4.5
9,1,37,3.7367515564,4.5
9,1,86,3.51991915703,4.0
9,1,86,3.93223142624,4.0
9,1,39,3.07788205147,2.75
9,1,39,3.44769358635,2.75
9,1,88,2.66591858864,3.25
9,1,88,2.7726650238,3.25
9,1,2,3.63307833672,5.25
9,1,2,3.79944586754,5.25
9,1,41,3.58581805229,3.0
9,1,41,4.1858458519,3.0
9,1,90,2.88250422478,2.75
9,1,90,2.83070254326,2.75
9,1,97,3.73451733589,3.5
9,1,97,3.6833217144,3.5
9,1,4,4.20340108871,5.0
9,1,4,4.33594703674,5.0
9,1,92,3.22880387306,4.0
9,1,92,3.20558023453,4.0
9,1,99,2.76964902878,3.0
9,1,99,2.73477077484,3.0
9,1,6,3.50631093979,3.5
9,1,6,3.95089483261,3.5
9,1,94,3.48976778984,3.0
9,1,94,3.25176787376,3.0
9,1,101,3.18300151825,2.25
9,1,101,3.09067821503,2.25
9,1,8,3.69196271896,4.5
9,1,8,4.28718709946,4.5
9,1,64,3.46486258507,4.25
9,1,64,3.73942065239,4.25
9,1,103,3.10302424431,2.25
9,1,103,3.08411478996,2.25
9,1,66,3.29811739922,4.75
9,1,66,3.79865765572,4.75
9,1,105,3.58367466927,3.75
9,1,105,3.92054009438,3.75
9,1,12,3.29825377464,4.75
9,1,12,3.53437662125,4.75
9,1,68,3.18458652496,3.5
9,1,68,3.16715025902,3.5
9,1,107,3.45391654968,4.25
9,1,107,3.37473344803,4.25
9,1,72,2.85749864578,3.75
9,1,72,2.72728562355,3.75
9,1,111,3.7282333374,3.0
9,1,111,3.94801163673,3.0
9,1,50,3.45030379295,3.5
9,1,50,4.10527420044,3.5
9,1,74,3.09871006012,3.0
9,1,74,3.15845799446,3.0
9,1,17,4.00384187698,4.25
9,1,17,3.8870472908,4.25
9,1,52,2.93676018715,2.75
9,1,52,3.87984681129,2.75
9,1,76,3.04008030891,4.0
9,1,76,3.14942336082,4.0
9,1,19,3.26530385017,3.25
9,1,19,3.81013441086,3.25
9,1,54,2.62883758545,2.75
9,1,54,3.25133347511,2.75
9,1,78,3.05280923843,3.5
9,1,78,2.95319604874,3.5
9,1,21,3.22480654716,4.5
9,1,21,3.36131358147,4.5
9,1,56,3.27118086815,3.75
9,1,56,3.37964177132,3.75
9,1,23,3.37140011787,4.5
9,1,23,3.55940413475,4.5
9,1,25,3.02723932266,3.5
9,1,25,3.49699378014,3.5
9,1,60,3.38060736656,4.0
9,1,60,3.73933029175,4.0
9,2,98,3.17905426025,4.5
9,2,98,3.26638531685,4.5
9,2,71,4.10249137878,5.25
9,2,71,4.26719903946,5.25
9,2,100,3.65813708305,5.75
9,2,100,3.88173532486,5.75
9,2,46,3.92093634605,4.75
9,2,46,4.42650604248,4.75
9,2,102,4.46745538712,3.75
9,2,102,4.1915230751,3.75
9,2,75,3.78746557236,3.75
9,2,75,3.93365645409,3.75
9,2,16,3.47895503044,2.75
9,2,16,3.5814011097,2.75
9,2,104,3.05488991737,3.25
9,2,104,3.20086455345,3.25
9,2,77,3.30032539368,4.25
9,2,77,3.37717843056,4.25
9,2,18,3.22950053215,4.25
9,2,18,3.52905082703,4.25
9,2,106,3.33582282066,5.25
9,2,106,3.56604242325,5.25
9,2,79,4.38255023956,5.25
9,2,79,4.00314283371,5.25
9,2,20,3.22467708588,3.0
9,2,20,3.58302235603,3.0
9,2,108,3.28348040581,4.25
9,2,108,3.40479826927,4.25
9,2,49,4.01003646851,5.25
9,2,49,4.20291519165,5.25
9,2,22,3.4571557045,3.0
9,2,22,3.78137016296,3.0
9,2,110,2.23791837692,3.25
9,2,110,2.6713051796,3.25
9,2,51,3.95237612724,5.0
9,2,51,4.12323093414,5.0
9,2,24,2.75246953964,1.75
9,2,24,3.39445304871,1.75
9,2,80,3.87715744972,4.75
9,2,80,3.46786570549,4.75
9,2,53,2.69963169098,3.75
9,2,53,2.49331140518,3.75
9,2,26,2.84198975563,3.25
9,2,26,3.0613079071,3.25
9,2,82,3.34863901138,3.0
9,2,82,3.62064647675,3.0
9,2,55,3.48971056938,3.25
9,2,55,3.98384332657,3.25
9,2,28,3.75918126106,4.75
9,2,28,3.90767431259,4.75
9,2,84,3.6372191906,3.75
9,2,84,3.34111976624,3.75
9,2,30,3.85155415535,2.75
9,2,30,4.14120578766,2.75
9,2,113,3.16580843925,5.75
9,2,113,3.71739387512,5.75
9,2,86,3.46525335312,4.0
9,2,86,3.41222310066,4.0
9,2,88,3.91483402252,4.5
9,2,88,3.80720615387,4.5
9,2,2,3.72753357887,4.0
9,2,2,4.03973484039,4.0
9,2,90,3.73131632805,3.25
9,2,90,3.4166996479,3.25
9,2,63,3.39040970802,5.0
9,2,63,3.25291419029,5.0
9,2,4,3.42893266678,5.25
9,2,4,3.7654967308,5.25
9,2,92,3.56666326523,4.25
9,2,92,3.62429761887,4.25
9,2,33,3.69426989555,3.0
9,2,33,4.13835859299,3.0
9,2,6,4.29365253448,5.75
9,2,6,4.42212629318,5.75
9,2,94,3.29683637619,4.0
9,2,94,3.14415478706,4.0
9,2,35,3.50000905991,2.5
9,2,35,3.49279999733,2.5
9,2,8,3.51237773895,4.5
9,2,8,3.4349937439,4.5
9,2,64,2.61773943901,4.5
9,2,64,2.96250128746,4.5
9,2,37,3.0740840435,3.75
9,2,37,3.49352383614,3.75
9,2,10,3.54354691505,4.75
9,2,10,4.03905248642,4.75
9,2,66,3.95360183716,5.5
9,2,66,4.27751302719,5.5
9,2,39,3.1625623703,4.0
9,2,39,3.49234390259,4.0
9,2,12,3.88674116135,5.5
9,2,12,3.83398461342,5.5
9,2,68,3.28868103027,3.25
9,2,68,3.73732948303,3.25
9,2,41,3.78119516373,4.5
9,2,41,3.84359264374,4.5
9,2,97,3.23214793205,3.75
9,2,97,3.50089001656,3.75
9,2,70,3.75809645653,4.75
9,2,70,3.95959854126,4.75
9,2,99,3.64288926125,4.5
9,2,99,3.98428273201,4.5
9,2,45,3.12461948395,3.0
9,2,45,2.94631505013,3.0
9,2,101,3.66184663773,3.75
9,2,101,3.52376818657,3.75
9,2,74,3.7497112751,5.25
9,2,74,3.78654170036,5.25
9,2,47,2.84988975525,5.0
9,2,47,3.06107354164,5.0
9,2,103,3.83959507942,3.0
9,2,103,3.41386532784,3.0
9,2,76,3.6902153492,3.25
9,2,76,3.43666362762,3.25
9,2,17,3.42693138123,4.0
9,2,17,3.75694918633,4.0
9,2,105,3.79443693161,4.5
9,2,105,3.73310804367,4.5
9,2,78,3.96621370316,5.5
9,2,78,3.68763971329,5.5
9,2,19,3.45145511627,3.25
9,2,19,3.7942969799,3.25
9,2,107,3.33989310265,3.75
9,2,107,3.15282082558,3.75
9,2,48,3.88096690178,5.0
9,2,48,4.19166612625,5.0
9,2,21,2.8749153614,3.75
9,2,21,3.42067551613,3.75
9,2,109,3.27535462379,2.25
9,2,109,3.33920288086,2.25
9,2,50,3.15012717247,4.0
9,2,50,3.75165510178,4.0
9,2,23,2.57551693916,2.75
9,2,23,3.01130867004,2.75
9,2,111,3.05136799812,4.0
9,2,111,3.08219408989,4.0
9,2,52,1.45617067814,2.75
9,2,52,1.85091030598,2.75
9,2,25,2.78141856194,5.75
9,2,25,3.38775348663,5.75
9,2,81,4.03951787949,4.75
9,2,81,4.00756406784,4.75
9,2,54,3.09894180298,5.5
9,2,54,3.38945651054,5.5
9,2,27,2.35379457474,3.25
9,2,27,2.97413730621,3.25
9,2,83,3.71370816231,4.0
9,2,83,3.63851714134,4.0
9,2,56,3.5719575882,5.0
9,2,56,3.56513571739,5.0
9,2,29,3.34939289093,3.0
9,2,29,3.29867267609,3.0
9,2,112,2.77797436714,4.5
9,2,112,3.03751730919,4.5
9,2,85,2.79784035683,4.75
9,2,85,2.64994955063,4.75
9,2,31,2.83931112289,2.75
9,2,31,3.11330628395,2.75
9,2,87,3.38949084282,3.25
9,2,87,3.21439242363,3.25
9,2,89,2.78020191193,2.75
9,2,89,2.89630961418,2.75
9,2,62,3.90700483322,4.0
9,2,62,3.66257286072,4.0
9,2,3,3.63846302032,4.5
9,2,3,3.86247587204,4.5
9,2,91,3.81166791916,4.25
9,2,91,3.73783040047,4.25
9,2,32,2.67780542374,2.25
9,2,32,3.30949640274,2.25
9,2,5,3.67173933983,5.5
9,2,5,4.05836105347,5.5
9,2,93,3.67802739143,4.5
9,2,93,3.485268116,4.5
9,2,34,3.3728313446,2.5
9,2,34,3.89891672134,2.5
9,2,7,2.54960131645,5.25
9,2,7,2.6364543438,5.25
9,2,95,3.49580526352,5.0
9,2,95,3.63531327248,5.0
9,2,36,3.98092412949,4.75
9,2,36,3.82796645164,4.75
9,2,9,3.96731472015,5.75
9,2,9,4.2029800415,5.75
9,2,65,3.7807366848,4.75
9,2,65,3.79682135582,4.75
9,2,38,2.46822333336,2.0
9,2,38,2.82822680473,2.0
9,2,11,3.76796221733,4.5
9,2,11,3.8390815258,4.5
9,2,67,4.1021065712,4.25
9,2,67,4.08003234863,4.25
9,2,40,3.55546975136,3.25
9,2,40,4.065097332,3.25
9,2,13,3.18254041672,3.75
9,2,13,3.42680263519,3.75
9,2,96,4.02249670029,3.0
9,2,96,3.76058125496,3.0
9,2,69,3.1839261055,3.25
9,2,69,3.51943993568,3.25
9,2,42,3.93634366989,3.25
9,2,42,4.28106069565,3.25
10,1,63,2.43419384956,4.25
10,1,63,2.83526349068,4.25
10,1,24,3.87151217461,4.75
10,1,24,3.9078412056,4.75
10,1,80,3.29568791389,5.0
10,1,80,3.55807185173,5.0
10,1,61,4.00008630753,4.0
10,1,61,4.06233406067,4.0
10,1,6,3.20736527443,5.0
10,1,6,3.09307289124,5.0
10,1,94,2.60039281845,5.0
10,1,94,3.05181956291,5.0
10,1,4,3.6449534893,5.5
10,1,4,3.7511305809,5.5
10,1,92,3.85501933098,5.0
10,1,92,3.60840463638,5.0
10,1,57,2.49492740631,1.5
10,1,57,2.9562997818,1.5
10,1,90,3.47659945488,3.75
10,1,90,4.20909023285,3.75
10,1,39,2.10263419151,4.0
10,1,39,2.72203302383,4.0
10,1,88,3.7915263176,5.5
10,1,88,3.54044246674,5.5
10,1,37,3.98124885559,6.0
10,1,37,4.32123708725,6.0
10,1,14,3.18034863472,3.75
10,1,14,3.35654520988,3.75
10,1,35,2.59036660194,2.0
10,1,35,2.65888690948,2.0
10,1,12,3.94056606293,4.5
10,1,12,4.21114063263,4.5
10,1,68,3.67416095734,3.75
10,1,68,3.94450378418,3.75
10,1,33,2.86621832848,4.5
10,1,33,2.94975733757,4.5
10,1,10,3.69923734665,5.0
10,1,10,3.87605381012,5.0
10,1,66,3.23154520988,6.0
10,1,66,3.2840628624,6.0
10,1,47,3.47614789009,5.25
10,1,47,3.57102298737,5.25
10,1,8,3.29557871819,6.25
10,1,8,3.15405631065,6.25
10,1,103,3.25179433823,3.75
10,1,103,3.78215384483,3.75
10,1,64,2.61956119537,5.0
10,1,64,2.68454623222,5.0
10,1,45,3.38042330742,2.875
10,1,45,3.51631569862,2.875
10,1,101,3.14077043533,5.5
10,1,101,3.54569554329,5.5
10,1,78,2.99136471748,5.5
10,1,78,3.36318540573,5.5
10,1,43,3.97812604904,4.5
10,1,43,4.00114631653,4.5
10,1,99,3.46832633018,5.25
10,1,99,3.84280538559,5.25
10,1,76,3.95575237274,4.75
10,1,76,3.96458792686,4.75
10,1,41,3.05970144272,3.25
10,1,41,3.28710508347,3.25
10,1,97,3.23416662216,3.75
10,1,97,3.1391415596,3.75
10,1,74,2.83031153679,4.75
10,1,74,3.33161687851,4.75
10,1,72,3.68898200989,3.0
10,1,72,3.41677618027,3.0
10,1,21,3.57543778419,5.25
10,1,21,3.6905195713,5.25
10,1,54,2.27335786819,3.5
10,1,54,2.64129853249,3.5
10,1,107,3.24703669548,5.0
10,1,107,4.05580329895,5.0
10,1,52,3.74121427536,5.0
10,1,52,3.807035923,5.0
10,1,105,3.09739613533,4.0
10,1,105,3.45726394653,4.0
10,1,50,3.62758612633,5.25
10,1,50,4.10644054413,5.25
10,1,31,3.19068098068,4.75
10,1,31,3.34734082222,4.75
10,1,87,3.89550304413,4.75
10,1,87,3.90158700943,4.75
10,1,48,4.08087539673,5.0
10,1,48,4.04094648361,5.0
10,1,29,3.58560752869,4.5
10,1,29,3.9159219265,4.5
10,1,85,3.37540078163,4.75
10,1,85,3.87129759789,4.75
10,1,62,3.04716300964,3.75
10,1,62,3.46532225609,3.75
10,1,27,3.70957946777,4.25
10,1,27,4.11100578308,4.25
10,1,83,3.61929011345,3.0
10,1,83,3.33771514893,3.0
10,1,25,3.51441836357,4.5
10,1,25,3.93428468704,4.5
10,1,81,3.3828458786,4.25
10,1,81,3.56995010376,4.25
10,1,7,3.46569681168,5.5
10,1,7,3.85496020317,5.5
10,1,95,3.63077569008,4.75
10,1,95,3.83897805214,4.75
10,1,56,3.13221597672,4.5
10,1,56,3.66563344002,4.5
10,1,5,2.90442800522,5.0
10,1,5,2.98122906685,5.0
10,1,93,3.87000012398,4.0
10,1,93,3.84573674202,4.0
10,1,38,3.07099056244,3.75
10,1,38,2.97157335281,3.75
10,1,91,4.04211235046,4.5
10,1,91,3.91788554192,4.5
10,1,36,3.70343017578,4.75
10,1,36,4.00375080109,4.75
10,1,89,3.68822407722,5.25
10,1,89,3.54101705551,5.25
10,1,34,2.80602669716,4.0
10,1,34,3.02482938766,4.0
10,1,32,3.84231543541,3.75
10,1,32,4.1083650589,3.75
10,1,13,3.64493274689,4.25
10,1,13,3.70341300964,4.25
10,1,69,3.33083605766,4.5
10,1,69,3.72945141792,4.5
10,1,46,3.93776988983,5.0
10,1,46,4.02509784698,5.0
10,1,11,2.49014496803,4.0
10,1,11,2.4988014698,4.0
10,1,102,2.59710931778,5.0
10,1,102,3.60151219368,5.0
10,1,67,3.03209042549,5.25
10,1,67,3.44978380203,5.25
10,1,44,3.52496600151,4.5
10,1,44,3.64101529121,4.5
10,1,9,3.05792927742,5.5
10,1,9,3.48539972305,5.5
10,1,100,2.93324422836,4.0
10,1,100,3.45083069801,4.0
10,1,65,3.3951985836,5.75
10,1,65,3.5107254982,5.75
10,1,42,3.89871549606,5.25
10,1,42,4.0960149765,5.25
10,1,98,3.46154332161,4.5
10,1,98,3.62073040009,4.5
10,1,79,3.40124082565,4.5
10,1,79,3.36822390556,4.5
10,1,40,3.76181316376,4.5
10,1,40,3.88194394112,4.5
10,1,96,3.90127825737,4.5
10,1,96,4.15520954132,4.5
10,1,77,4.03635549545,4.5
10,1,77,3.98762822151,4.5
10,1,22,3.24849653244,4.5
10,1,22,3.47765731812,4.5
10,1,75,3.05443572998,4.5
10,1,75,3.55296564102,4.5
10,1,20,3.62907123566,5.0
10,1,20,3.73440742493,5.0
10,1,108,3.18328356743,5.0
10,1,108,3.72175908089,5.0
10,1,73,3.84002947807,4.25
10,1,73,3.98703098297,4.25
10,1,106,3.01292610168,2.0
10,1,106,3.42720198631,2.0
10,1,55,3.77508306503,5.25
10,1,55,3.88553118706,5.25
10,1,104,3.42590546608,4.5
10,1,104,3.84644055367,4.5
10,1,53,3.83087444305,5.25
10,1,53,4.04951190948,5.25
10,1,30,4.13715553284,5.5
10,1,30,4.17979574203,5.5
10,1,86,3.60559678078,4.0
10,1,86,3.63024973869,4.0
10,1,51,3.49121785164,5.5
10,1,51,3.73264932632,5.5
10,1,28,3.78321051598,4.75
10,1,28,3.67965483665,4.75
10,1,84,3.0529551506,2.75
10,1,84,2.971606493,2.75
10,1,49,3.39815306664,4.0
10,1,49,3.60544133186,4.0
10,1,26,2.50655984879,2.375
10,1,26,2.74726748466,2.375
10,1,82,3.38607001305,4.5
10,1,82,3.23054170609,4.5
10,2,65,2.79692459106,5.0
10,2,65,3.11589717865,5.0
10,2,26,4.37813949585,3.5
10,2,26,4.20800733566,3.5
10,2,83,3.08393859863,4.25
10,2,83,2.95684313774,4.25
10,2,15,3.56635928154,5.75
10,2,15,4.09557962418,5.75
10,2,25,3.39778447151,4.25
10,2,25,3.28965687752,4.25
10,2,82,3.25312519073,5.25
10,2,82,3.15898299217,5.25
10,2,14,4.2861328125,5.25
10,2,14,4.5521569252,5.25
10,2,71,3.31792259216,4.0
10,2,71,3.66654157639,4.0
10,2,24,3.39051008224,3.5
10,2,24,3.71380066872,3.5
10,2,81,3.70968794823,5.25
10,2,81,3.80851411819,5.25
10,2,35,2.09080052376,2.75
10,2,35,2.43645954132,2.75
10,2,13,4.30730772018,5.25
10,2,13,4.52304935455,5.25
10,2,70,3.45304465294,4.66667
10,2,70,3.44138860703,4.66667
10,2,31,3.52786231041,3.25
10,2,31,3.94703626633,3.25
10,2,80,3.5703895092,4.5
10,2,80,3.43386173248,4.5
10,2,34,3.60131692886,5.0
10,2,34,3.88838267326,5.0
10,2,12,4.07659626007,4.25
10,2,12,4.39608955383,4.25
10,2,69,3.50059294701,5.25
10,2,69,3.07837677002,5.25
10,2,30,3.55156540871,5.75
10,2,30,3.70206856728,5.75
10,2,87,3.75101828575,5.5
10,2,87,4.06076717377,5.5
10,2,33,2.85169792175,4.75
10,2,33,3.22186303139,4.75
10,2,51,3.97679924965,5.5
10,2,51,4.05031490326,5.5
10,2,68,3.91907525063,4.75
10,2,68,3.85520601273,4.75
10,2,29,3.51503801346,5.0
10,2,29,3.76963639259,5.0
10,2,86,3.35628056526,4.5
10,2,86,3.05800294876,4.5
10,2,32,3.33398485184,1.75
10,2,32,3.50998783112,1.75
10,2,50,3.60221934319,4.0
10,2,50,3.60128211975,4.0
10,2,75,3.70019745827,4.5
10,2,75,3.89505529404,4.5
10,2,28,3.7022998333,4.5
10,2,28,3.86143541336,4.5
10,2,85,3.63169145584,5.25
10,2,85,3.84511160851,5.25
10,2,39,4.18021202087,5.25
10,2,39,4.27055501938,5.25
10,2,74,3.72122120857,4.75
10,2,74,3.73622584343,4.75
10,2,3,4.01842021942,3.75
10,2,3,4.32257270813,3.75
10,2,84,2.83683681488,4.0
10,2,84,3.16389036179,4.0
10,2,38,3.90857386589,4.75
10,2,38,3.82960724831,4.75
10,2,73,3.34916067123,5.5
10,2,73,2.97520565987,5.5
10,2,91,3.72041130066,4.25
10,2,91,3.9840362072,4.25
10,2,37,3.90071201324,5.0
10,2,37,3.98347806931,5.0
10,2,55,3.96365475655,3.75
10,2,55,4.09763336182,3.75
10,2,72,3.17665743828,6.25
10,2,72,3.36066913605,6.25
10,2,90,4.14586162567,4.25
10,2,90,4.26537179947,4.25
10,2,19,3.37597680092,4.5
10,2,19,3.981580019,4.5
10,2,36,3.5908331871,3.75
10,2,36,3.86798262596,3.75
10,2,54,3.72389054298,5.5
10,2,54,3.87952923775,5.5
10,2,79,3.2145357132,5.5
10,2,79,3.7025141716,5.5
10,2,89,3.76068854332,4.0
10,2,89,4.21418428421,4.0
10,2,43,3.99305415154,5.75
10,2,43,4.00947475433,5.75
10,2,53,4.85960388184,6.75
10,2,53,5.30659723282,6.75
10,2,78,3.84863185883,5.25
10,2,78,4.11736249924,5.25
10,2,7,3.946808815,5.25
10,2,7,3.88785529137,5.25
10,2,88,3.68697166443,5.5
10,2,88,3.77107262611,5.5
10,2,42,3.64021801949,5.5
10,2,42,3.72731852531,5.5
10,2,52,3.85475516319,5.5
10,2,52,3.87611627579,5.5
10,2,77,2.82792758942,3.5
10,2,77,2.91328716278,3.5
10,2,6,3.82956933975,5.25
10,2,6,4.19660902023,5.25
10,2,95,3.45140004158,2.0
10,2,95,3.70883965492,2.0
10,2,41,4.99138450623,5.25
10,2,41,4.6537322998,5.25
10,2,76,3.08534121513,4.5
10,2,76,3.05448031425,4.5
10,2,5,3.79561591148,5.5
10,2,5,3.94452834129,5.5
10,2,94,2.76564717293,3.25
10,2,94,2.91712379456,3.25
10,2,23,3.66589570045,5.0
10,2,23,3.63274669647,5.0
10,2,40,3.18105268478,4.5
10,2,40,3.38699746132,4.5
10,2,97,6.81243753433,5.75
10,2,97,7.04700088501,5.75
10,2,58,3.62943744659,5.5
10,2,58,4.17801523209,5.5
10,2,4,3.79288339615,6.25
10,2,4,3.93915081024,6.25
10,2,93,3.12381768227,3.25
10,2,93,3.01763153076,3.25
10,2,22,3.51064658165,5.5
10,2,22,3.4222574234,5.5
10,2,47,6.86325597763,5.25
10,2,47,6.56103277206,5.25
10,2,96,4.07797670364,4.75
10,2,96,3.97722768784,4.75
10,2,11,4.17808008194,4.5
10,2,11,4.93368625641,4.5
10,2,92,2.96278166771,4.75
10,2,92,3.12071967125,4.75
10,2,21,3.55375313759,5.5
10,2,21,3.26428842545,5.5
10,2,46,3.07545423508,4.25
10,2,46,3.14228987694,4.25
10,2,56,4.14793157578,5.25
10,2,56,4.09472894669,5.25
10,2,10,3.8264439106,5.25
10,2,10,4.63627243042,5.25
10,2,67,4.27022075653,4.33333
10,2,67,4.28681230545,4.33333
10,2,20,2.80427527428,2.75
10,2,20,3.38158631325,2.75
10,2,45,2.68433332443,3.5
10,2,45,2.36481571198,3.5
10,2,9,3.81785750389,3.25
10,2,9,5.0895075798,3.25
10,2,66,2.89944267273,3.0
10,2,66,3.27007126808,3.0
10,2,27,3.55154204369,5.0
10,2,27,3.58532047272,5.0
10,2,44,3.68027925491,5.0
10,2,44,3.88618540764,5.0
10,2,8,4.09717226028,5.75
10,2,8,4.14182472229,5.75
11,1,5,4.44477748871,4.5
11,1,5,4.66376304626,4.5
11,1,94,4.39837169647,5.75
11,1,94,4.02561092377,5.75
11,1,23,4.55699062347,5.75
11,1,23,4.49208641052,5.75
11,1,32,4.43315601349,4.25
11,1,32,4.3682346344,4.25
11,1,50,5.25564670563,3.0
11,1,50,5.916929245,3.0
11,1,75,4.0842666626,3.5
11,1,75,4.05524349213,3.5
11,1,4,4.60406780243,5.75
11,1,4,4.46783638,5.75
11,1,93,4.28809070587,4.25
11,1,93,4.31560897827,4.25
11,1,22,4.71592903137,6.25
11,1,22,4.6442232132,6.25
11,1,47,3.79561209679,4.0
11,1,47,3.617603302,4.0
11,1,49,3.8642551899,4.5
11,1,49,3.48392248154,4.5
11,1,74,4.22839736938,5.0
11,1,74,3.768201828,5.0
11,1,92,4.21840000153,4.25
11,1,92,3.88690781593,4.25
11,1,21,4.29419517517,4.25
11,1,21,4.47983455658,4.25
11,1,46,3.70907855034,1.75
11,1,46,3.28984260559,1.75
11,1,48,3.27944087982,2.25
11,1,48,2.97018313408,2.25
11,1,73,4.4400472641,5.25
11,1,73,4.75380516052,5.25
11,1,91,3.87057638168,5.5
11,1,91,4.67131233215,5.5
11,1,20,4.50203704834,5.5
11,1,20,4.29793834686,5.5
11,1,63,4.27641677856,6.25
11,1,63,4.17772483826,6.25
11,1,72,4.00207471848,4.75
11,1,72,4.59750843048,4.75
11,1,90,4.46218204498,4.25
11,1,90,4.27080154419,4.25
11,1,19,4.54112243652,6.25
11,1,19,4.66046714783,6.25
11,1,62,3.87704086304,5.0
11,1,62,3.48603034019,5.0
11,1,89,4.18138313293,5.0
11,1,89,4.97176551819,5.0
11,1,15,4.25780963898,3.5
11,1,15,4.12505722046,3.5
11,1,88,4.39047336578,3.75
11,1,88,4.51255226135,3.75
11,1,99,4.48554325104,6.25
11,1,99,4.13750362396,6.25
11,1,14,4.34237194061,4.25
11,1,14,4.23631477356,4.25
11,1,71,4.10557556152,4.75
11,1,71,4.50591564178,4.75
11,1,98,3.99318814278,4.5
11,1,98,3.6257083416,4.5
11,1,13,4.43537998199,5.25
11,1,13,4.66481304169,5.25
11,1,70,4.04583787918,5.0
11,1,70,4.15050792694,5.0
11,1,31,4.50103759766,5.5
11,1,31,4.5186548233,5.5
11,1,97,3.58889532089,3.75
11,1,97,4.30520629883,3.75
11,1,12,4.53233528137,5.5
11,1,12,4.77642059326,5.5
11,1,69,4.18377304077,4.0
11,1,69,4.06546211243,4.0
11,1,30,4.5318775177,4.25
11,1,30,4.54591655731,4.25
11,1,87,4.06550788879,2.75
11,1,87,3.72864341736,2.75
11,1,96,3.99663925171,4.75
11,1,96,3.74458360672,4.75
11,1,57,2.63461923599,2.5
11,1,57,3.08285737038,2.5
11,1,11,4.37416934967,4.5
11,1,11,4.05320358276,4.5
11,1,68,4.08156967163,4.25
11,1,68,4.02633571625,4.25
11,1,29,4.34246635437,5.5
11,1,29,3.98067045212,5.5
11,1,56,3.19111275673,2.25
11,1,56,3.90459895134,2.25
11,1,10,3.8075735569,4.66667
11,1,10,4.57141208649,4.66667
11,1,67,3.98056817055,6.25
11,1,67,3.91406655312,6.25
11,1,28,4.53507232666,4.5
11,1,28,4.54666423798,4.5
11,1,39,6.95338153839,5.0
11,1,39,6.64576721191,5.0
11,1,9,4.34341049194,4.0
11,1,9,4.33426761627,4.0
11,1,66,4.71454524994,3.25
11,1,66,4.91612243652,3.25
11,1,27,4.36276245117,4.5
11,1,27,4.13105869293,4.5
11,1,84,4.31273269653,3.5
11,1,84,4.00553035736,3.5
11,1,38,4.49188899994,4.5
11,1,38,4.12436676025,4.5
11,1,8,4.42614173889,4.25
11,1,8,4.46952724457,4.25
11,1,65,3.89556717873,4.25
11,1,65,3.95541882515,4.25
11,1,26,4.56472682953,4.0
11,1,26,4.69739437103,4.0
11,1,83,4.34712696075,3.5
11,1,83,4.30519104004,3.5
11,1,37,3.99746108055,3.75
11,1,37,4.6374835968,3.75
11,1,55,3.59233665466,4.0
11,1,55,3.77761054039,4.0
11,1,64,4.19455432892,5.0
11,1,64,4.5020532608,5.0
11,1,25,4.45971298218,5.0
11,1,25,4.52266979218,5.0
11,1,82,4.32237911224,4.5
11,1,82,4.20638561249,4.5
11,1,36,4.39900588989,5.0
11,1,36,4.20467376709,5.0
11,1,54,3.80882668495,2.5
11,1,54,3.87383246422,2.5
11,1,79,4.2478685379,4.5
11,1,79,4.17601013184,4.5
11,1,24,4.37323570251,3.25
11,1,24,4.75932788849,3.25
11,1,81,3.61909866333,4.5
11,1,81,4.41849899292,4.5
11,1,35,4.45133018494,4.5
11,1,35,4.67087841034,4.5
11,1,53,3.53891658783,5.25
11,1,53,4.12140655518,5.25
11,1,78,4.19535255432,5.0
11,1,78,3.96645855904,5.0
11,1,7,4.36411190033,4.25
11,1,7,4.94393444061,4.25
11,1,80,6.01519966125,6.0
11,1,80,5.51039505005,6.0
11,1,34,6.40882015228,4.5
11,1,34,6.15692329407,4.5
11,1,52,5.04713821411,4.25
11,1,52,5.30090618134,4.25
11,1,77,4.12608146667,6.0
11,1,77,4.96030712128,6.0
11,1,6,4.73548412323,5.0
11,1,6,5.30911159515,5.0
11,1,95,4.21238803864,4.25
11,1,95,3.79813885689,4.25
11,1,33,4.4485912323,5.0
11,1,33,4.16880702972,5.0
11,1,51,4.32664966583,4.75
11,1,51,3.73662614822,4.75
11,1,76,4.23729896545,4.0
11,1,76,4.82730197906,4.0
11,2,84,3.84426116943,4.75
11,2,84,3.95813965797,4.75
11,2,28,3.51040244102,4.5
11,2,28,4.03865432739,4.5
11,2,74,3.07128834724,4.25
11,2,74,3.13312005997,4.25
11,2,18,4.08138132095,4.0
11,2,18,4.25887393951,4.0
11,2,72,3.44796347618,4.25
11,2,72,3.00555205345,4.25
11,2,63,3.05066633224,2.75
11,2,63,3.11411452293,2.75
11,2,78,4.24598312378,5.5
11,2,78,4.19536590576,5.5
11,2,61,3.20546293259,3.25
11,2,61,3.52736902237,3.25
11,2,22,3.44090986252,3.75
11,2,22,3.41664242744,3.75
11,2,76,4.22754383087,5.5
11,2,76,4.18991661072,5.5
11,2,51,4.39415454865,4.5
11,2,51,4.33248233795,4.5
11,2,20,3.92303085327,4.75
11,2,20,4.19749069214,4.75
11,2,105,4.24443721771,4.5
11,2,105,4.00330257416,4.5
11,2,66,2.97045397758,1.75
11,2,66,3.36083674431,1.75
11,2,49,3.77473568916,2.75
11,2,49,3.511282444,2.75
11,2,10,3.62356066704,4.75
11,2,10,3.5341758728,4.75
11,2,111,4.13205814362,4.5
11,2,111,4.2743434906,4.5
11,2,64,3.39476704597,4.25
11,2,64,3.82448935509,4.25
11,2,55,3.77769136429,4.5
11,2,55,3.74226570129,4.5
11,2,8,4.35707950592,5.0
11,2,8,4.19520282745,5.0
11,2,109,4.12718009949,4.75
11,2,109,3.78862595558,4.75
11,2,53,3.52504038811,4.5
11,2,53,3.70163035393,4.5
11,2,99,4.29430484772,5.5
11,2,99,4.00517940521,5.5
11,2,68,3.67903065681,4.0
11,2,68,3.93999862671,4.0
11,2,43,3.94169378281,5.25
11,2,43,3.76430344582,5.25
11,2,12,3.78954553604,2.25
11,2,12,3.68823480606,2.25
11,2,97,3.41474533081,3.75
11,2,97,3.09687280655,3.75
11,2,41,3.52884721756,4.75
11,2,41,3.46837329865,4.75
11,2,103,4.49738407135,5.25
11,2,103,3.94966340065,5.25
11,2,47,4.28997325897,4.0
11,2,47,3.93184423447,4.0
11,2,101,3.67435479164,4.75
11,2,101,3.76787805557,4.75
11,2,45,3.16829609871,4.25
11,2,45,3.39139509201,4.25
11,2,6,3.9112598896,5.5
11,2,6,3.90507054329,5.5
11,2,91,3.68593192101,4.5
11,2,91,3.38506054878,4.5
11,2,35,3.49083852768,3.75
11,2,35,3.55799221992,3.75
11,2,4,4.11983299255,4.0
11,2,4,3.71458745003,4.0
11,2,89,4.54323959351,4.75
11,2,89,4.1656703949,4.75
11,2,33,4.3694562912,4.25
11,2,33,4.03981590271,4.25
11,2,95,3.84974813461,4.0
11,2,95,3.53216099739,4.0
11,2,39,3.21842718124,4.5
11,2,39,3.28873968124,4.5
11,2,93,4.45273685455,5.0
11,2,93,4.07197237015,5.0
11,2,37,3.7277598381,5.0
11,2,37,3.7742562294,5.0
11,2,83,4.0243730545,4.0
11,2,83,3.82518982887,4.0
11,2,27,4.15445137024,5.5
11,2,27,3.94052124023,5.5
11,2,81,2.99729990959,3.0
11,2,81,2.59379267693,3.0
11,2,25,4.06137275696,5.0
11,2,25,3.90917158127,5.0
11,2,87,4.57877254486,4.25
11,2,87,4.19259166718,4.25
11,2,31,4.34363555908,5.0
11,2,31,4.26548099518,5.0
11,2,85,3.8373272419,5.0
11,2,85,3.47024106979,5.0
11,2,56,3.57214331627,4.75
11,2,56,3.55357575417,4.75
11,2,29,3.71026062965,4.75
11,2,29,3.72421717644,4.75
11,2,75,3.24194169044,2.5
11,2,75,3.15277433395,2.5
11,2,62,2.6476919651,1.75
11,2,62,2.01340174675,1.75
11,2,19,3.08467030525,5.25
11,2,19,3.55101776123,5.25
11,2,73,3.70175170898,4.25
11,2,73,3.49588441849,4.25
11,2,60,3.06764745712,2.5
11,2,60,2.80684256554,2.5
11,2,17,2.90409898758,3.75
11,2,17,3.6475777626,3.75
11,2,106,3.8842625618,3.0
11,2,106,3.79530835152,3.0
11,2,79,3.91793894768,4.25
11,2,79,3.35213708878,4.25
11,2,50,4.24442863464,4.25
11,2,50,3.90502953529,4.25
11,2,23,3.68240070343,5.75
11,2,23,3.5392267704,5.75
11,2,104,4.09064102173,6.0
11,2,104,3.90565562248,6.0
11,2,77,4.10905361176,4.5
11,2,77,3.97653007507,4.5
11,2,48,3.65511870384,6.5
11,2,48,3.87341356277,6.5
11,2,21,3.90972089767,6.25
11,2,21,4.23177146912,6.25
11,2,110,4.56101703644,4.75
11,2,110,4.29118919373,4.75
11,2,67,3.7487847805,4.75
11,2,67,4.18994426727,4.75
11,2,54,3.66332745552,3.75
11,2,54,3.7024435997,3.75
11,2,11,1.41793692112,2.5
11,2,11,0.866819918156,2.5
11,2,65,3.7199447155,2.5
11,2,65,3.16809368134,2.5
11,2,52,4.12028694153,5.0
11,2,52,4.17289829254,5.0
11,2,9,3.89369440079,3.5
11,2,9,3.87219405174,3.5
11,2,98,3.67479038239,5.0
11,2,98,3.4994468689,5.0
11,2,42,3.95066666603,4.75
11,2,42,4.30397319794,4.75
11,2,96,3.76896691322,5.0
11,2,96,3.47734951973,5.0
11,2,69,3.82548737526,3.25
11,2,69,3.9710714817,3.25
11,2,40,3.9662425518,4.25
11,2,40,3.80791473389,4.25
11,2,102,4.20968341827,3.75
11,2,102,3.89961481094,3.75
11,2,46,3.45726561546,4.25
11,2,46,4.26415157318,4.25
11,2,3,3.69268703461,5.0
11,2,3,3.42395997047,5.0
11,2,100,4.29937839508,4.5
11,2,100,3.89120364189,4.5
11,2,44,4.22660160065,5.5
11,2,44,4.28483963013,5.5
11,2,90,4.37554740906,3.25
11,2,90,4.02538967133,3.25
11,2,34,3.4443423748,6.5
11,2,34,4.22586536407,6.5
11,2,7,3.46260476112,0.75
11,2,7,2.92208576202,0.75
11,2,88,3.56957960129,5.0
11,2,88,3.37341976166,5.0
11,2,32,3.42929244041,5.25
11,2,32,3.86536383629,5.25
11,2,5,3.44745326042,2.25
11,2,5,3.10924983025,2.25
11,2,94,3.86863470078,4.25
11,2,94,3.67894887924,4.25
11,2,38,3.11944150925,4.25
11,2,38,3.19854807854,4.25
11,2,92,3.95214056969,5.5
11,2,92,4.12378311157,5.5
11,2,36,4.42084121704,4.25
11,2,36,3.98605775833,4.25
11,2,82,3.36870598793,4.75
11,2,82,2.97076559067,4.75
11,2,26,3.33320903778,3.5
11,2,26,3.36874556541,3.5
11,2,80,3.4546816349,3.75
11,2,80,3.01184630394,3.75
11,2,24,3.56219172478,5.0
11,2,24,3.65379285812,5.0
11,2,86,3.55180287361,5.75
11,2,86,3.91877651215,5.75
11,2,30,3.54508662224,4.0
11,2,30,3.38012766838,4.0
12,1,60,3.66117191315,3.75
12,1,60,3.43784880638,3.75
12,1,25,3.19152951241,5.75
12,1,25,3.03125214577,5.75
12,1,83,4.53895664215,5.5
12,1,83,3.7360188961,5.5
12,1,62,2.35547637939,2.5
12,1,62,2.12064003944,2.5
12,1,27,3.96839952469,4.5
12,1,27,3.45111775398,4.5
12,1,77,3.53966856003,4.75
12,1,77,3.25564217567,4.75
12,1,21,4.6749458313,4.5
12,1,21,4.07180643082,4.5
12,1,79,4.08610200882,4.25
12,1,79,3.47169280052,4.25
12,1,23,3.27297949791,3.5
12,1,23,2.71673774719,3.5
12,1,108,4.06363534927,3.25
12,1,108,3.66967320442,3.25
12,1,73,4.48100948334,4.25
12,1,73,3.5256960392,4.25
12,1,17,4.39227437973,5.0
12,1,17,3.56015658379,5.0
12,1,110,3.65476703644,5.0
12,1,110,3.92273402214,5.0
12,1,75,4.53775167465,5.25
12,1,75,3.86545586586,5.25
12,1,54,4.10868167877,4.75
12,1,54,3.48182272911,4.75
12,1,19,4.12736701965,3.75
12,1,19,4.49668598175,3.75
12,1,104,3.0873939991,2.5
12,1,104,2.36907362938,2.5
12,1,69,3.70575404167,3.75
12,1,69,4.30934381485,3.75
12,1,48,4.41597127914,4.5
12,1,48,3.86425089836,4.5
12,1,106,2.67142224312,1.25
12,1,106,2.20910000801,1.25
12,1,100,3.44526124001,2.75
12,1,100,3.02748131752,2.75
12,1,65,2.6365275383,4.5
12,1,65,3.42272520065,4.5
12,1,44,4.5416226387,5.5
12,1,44,3.89163661003,5.5
12,1,9,4.67934560776,4.75
12,1,9,4.17314100266,4.75
12,1,102,4.19622087479,4.5
12,1,102,3.48291373253,4.5
12,1,67,2.26052951813,2.75
12,1,67,2.17906165123,2.75
12,1,46,3.70838332176,3.5
12,1,46,3.05803751945,3.5
12,1,11,3.99417686462,5.0
12,1,11,3.46381592751,5.0
12,1,96,4.10894727707,3.25
12,1,96,3.28920769691,3.25
12,1,40,4.2207069397,4.25
12,1,40,3.4998691082,4.25
12,1,5,4.55449724197,6.0
12,1,5,3.91295313835,6.0
12,1,98,4.40474081039,3.75
12,1,98,3.56510472298,3.75
12,1,42,4.32919120789,4.25
12,1,42,3.71660399437,4.25
12,1,7,4.42479038239,6.25
12,1,7,3.86137318611,6.25
12,1,92,3.3720138073,3.25
12,1,92,3.90645909309,3.25
12,1,36,3.95757436752,5.0
12,1,36,3.28814196587,5.0
12,1,38,3.96882629395,5.5
12,1,38,3.47647452354,5.5
12,1,3,4.39366674423,6.0
12,1,3,3.90334296227,6.0
12,1,88,4.26483154297,4.5
12,1,88,3.60380482674,4.5
12,1,32,3.95045804977,5.25
12,1,32,3.33396553993,5.25
12,1,90,3.78489089012,4.0
12,1,90,3.68031001091,4.0
12,1,34,3.93850779533,5.5
12,1,34,3.32906651497,5.5
12,1,84,4.66213035583,4.5
12,1,84,4.46750450134,4.5
12,1,28,3.42752933502,5.0
12,1,28,2.97155499458,5.0
12,1,86,3.30851626396,3.0
12,1,86,3.69771623611,3.0
12,1,30,3.33946847916,4.0
12,1,30,2.80297160149,4.0
12,1,80,3.29850721359,4.0
12,1,80,3.67975568771,4.0
12,1,24,3.04406285286,5.25
12,1,24,2.95300412178,5.25
12,1,82,4.60952234268,4.0
12,1,82,3.63982987404,4.0
12,1,61,3.10250306129,4.0
12,1,61,2.79197788239,4.0
12,1,26,4.33938694,5.0
12,1,26,3.96669983864,5.0
12,1,76,4.6180524826,4.0
12,1,76,3.87774682045,4.0
12,1,63,2.65582871437,3.0
12,1,63,2.47953724861,3.0
12,1,20,4.38444280624,4.75
12,1,20,3.54044079781,4.75
12,1,78,4.5072054863,6.0
12,1,78,4.0519952774,6.0
12,1,22,4.24546575546,4.5
12,1,22,4.11958694458,4.5
12,1,72,3.92682361603,3.25
12,1,72,4.32006168365,3.25
12,1,16,3.49379682541,5.25
12,1,16,2.99488568306,5.25
12,1,109,3.99876308441,3.5
12,1,109,3.40817856789,3.5
12,1,74,4.27736949921,5.0
12,1,74,3.91670250893,5.0
12,1,53,4.01368141174,4.5
12,1,53,3.08090281487,4.5
12,1,18,3.11697793007,4.25
12,1,18,2.81588768959,4.25
12,1,111,3.66759610176,2.75
12,1,111,3.24611067772,2.75
12,1,68,4.3809800148,4.25
12,1,68,3.42338204384,4.25
12,1,55,4.13572311401,5.0
12,1,55,3.09432339668,5.0
12,1,12,4.54355096817,5.75
12,1,12,3.67508244514,5.75
12,1,105,3.47411823273,3.25
12,1,105,2.72560715675,3.25
12,1,49,4.07147884369,4.75
12,1,49,3.6801211834,4.75
12,1,107,3.93567538261,4.5
12,1,107,3.14845824242,4.5
12,1,64,3.9485270977,4.0
12,1,64,3.29893708229,4.0
12,1,8,4.76700544357,5.25
12,1,8,4.44452047348,5.25
12,1,101,3.11896014214,3.25
12,1,101,2.93401503563,3.25
12,1,66,2.5827229023,3.0
12,1,66,2.85525870323,3.0
12,1,45,3.95885443687,5.0
12,1,45,3.31818652153,5.0
12,1,10,4.55152511597,5.25
12,1,10,4.14263677597,5.25
12,1,103,4.02861261368,4.5
12,1,103,4.03290176392,4.5
12,1,47,3.79884457588,5.5
12,1,47,3.47936177254,5.5
12,1,4,4.36931943893,6.25
12,1,4,3.74968934059,6.25
12,1,97,3.45450472832,4.25
12,1,97,4.10540771484,4.25
12,1,41,3.98317861557,3.75
12,1,41,3.5786049366,3.75
12,1,6,4.5036110878,5.0
12,1,6,3.91011214256,5.0
12,1,99,3.02804923058,1.75
12,1,99,2.45854735374,1.75
12,1,43,4.31945896149,4.75
12,1,43,3.44013571739,4.75
12,1,93,3.66824173927,3.75
12,1,93,3.26038479805,3.75
12,1,37,4.2172203064,4.5
12,1,37,3.58071923256,4.5
12,1,2,4.47788333893,6.5
12,1,2,3.92962861061,6.5
12,1,39,4.17963790894,5.75
12,1,39,3.75447392464,5.75
12,1,89,3.71448135376,3.5
12,1,89,3.30557847023,3.5
12,1,33,3.39100933075,4.25
12,1,33,3.03094506264,4.25
12,1,91,4.3054318428,4.5
12,1,91,3.50310540199,4.5
12,1,35,3.4299864769,4.0
12,1,35,2.90078997612,4.0
12,1,85,4.67157506943,4.75
12,1,85,4.34415197372,4.75
12,1,29,2.81751561165,2.75
12,1,29,2.43460917473,2.75
12,1,87,4.10085391998,5.0
12,1,87,3.7634999752,5.0
12,1,31,4.43154478073,5.0
12,1,31,3.66726279259,5.0
12,1,81,3.70818448067,4.0
12,1,81,3.24011778831,4.0
12,2,14,3.44320344925,4.25
12,2,14,3.72716593742,4.25
12,2,37,3.75036120415,3.5
12,2,37,3.99582624435,3.5
12,2,64,0.161041200161,1.5
12,2,64,2.04546117783,1.5
12,2,8,3.30537843704,4.0
12,2,8,3.67373394966,4.0
12,2,39,3.0874414444,2.0
12,2,39,1.99277615547,2.0
12,2,66,2.16504573822,1.0
12,2,66,2.91075205803,1.0
12,2,10,3.63408303261,4.25
12,2,10,3.9111995697,4.25
12,2,33,3.54782605171,3.75
12,2,33,4.49317932129,3.75
12,2,4,3.44765996933,4.0
12,2,4,4.0488910675,4.0
12,2,35,3.14751005173,3.0
12,2,35,3.7206184864,3.0
12,2,6,3.43592524529,3.5
12,2,6,3.73349285126,3.5
12,2,93,2.89597988129,5.0
12,2,93,4.12285327911,5.0
12,2,95,3.21677041054,4.75
12,2,95,4.30907726288,4.75
12,2,89,3.31779026985,3.75
12,2,89,3.92660117149,3.75
12,2,116,2.77608704567,3.0
12,2,116,4.44305276871,3.0
12,2,91,3.20731830597,4.5
12,2,91,4.66600656509,4.5
12,2,62,0.714594304562,1.75
12,2,62,2.36788964272,1.75
12,2,85,3.48696231842,4.75
12,2,85,4.1203956604,4.75
12,2,112,3.47977209091,3.75
12,2,112,4.60605621338,3.75
12,2,29,3.3253839016,3.0
12,2,29,4.55604600906,3.0
12,2,56,3.51655030251,5.0
12,2,56,4.59903001785,5.0
12,2,87,3.47160029411,4.75
12,2,87,4.26487398148,4.75
12,2,114,2.87402796745,3.5
12,2,114,4.13552761078,3.5
12,2,31,3.10895752907,4.75
12,2,31,4.07858133316,4.75
12,2,58,3.67763447762,3.75
12,2,58,4.70112657547,3.75
12,2,81,3.78458142281,5.5
12,2,81,4.4202170372,5.5
12,2,108,2.35601067543,2.0
12,2,108,3.21842265129,2.0
12,2,25,3.57096409798,4.75
12,2,25,4.19720888138,4.75
12,2,52,3.51584243774,4.75
12,2,52,4.053565979,4.75
12,2,83,2.77755141258,3.75
12,2,83,3.56929755211,3.75
12,2,110,0.37353810668,2.25
12,2,110,2.75797438622,2.25
12,2,27,3.86628937721,4.5
12,2,27,4.57114505768,4.5
12,2,54,3.13438844681,4.5
12,2,54,4.43138837814,4.5
12,2,77,3.09343671799,5.0
12,2,77,4.13795614243,5.0
12,2,104,2.55270886421,2.0
12,2,104,3.97015070915,2.0
12,2,21,2.54220032692,3.75
12,2,21,4.18606090546,3.75
12,2,48,4.36116504669,4.5
12,2,48,3.89425134659,4.5
12,2,79,3.65919923782,3.75
12,2,79,3.86912274361,3.75
12,2,106,3.22975540161,3.5
12,2,106,2.98887825012,3.5
12,2,23,3.97233128548,5.25
12,2,23,4.54569244385,5.25
12,2,50,4.09419107437,4.75
12,2,50,4.44837474823,4.75
12,2,73,0.330963045359,2.0
12,2,73,2.15193486214,2.0
12,2,100,2.70320248604,2.5
12,2,100,3.74153137207,2.5
12,2,44,3.13827013969,3.75
12,2,44,4.19762277603,3.75
12,2,102,2.2219388485,1.75
12,2,102,3.07738828659,1.75
12,2,19,3.21599292755,4.5
12,2,19,4.63093423843,4.5
12,2,46,4.19831323624,4.25
12,2,46,4.63773679733,4.25
12,2,69,0.636981368065,2.25
12,2,69,2.16713166237,2.25
12,2,96,3.25680828094,4.75
12,2,96,4.54896593094,4.75
12,2,13,1.3966935873,3.5
12,2,13,3.08986973763,3.5
12,2,40,4.20301103592,3.5
12,2,40,4.2919754982,3.5
12,2,71,0.692497432232,1.5
12,2,71,1.72666454315,1.5
12,2,98,3.28718709946,2.75
12,2,98,4.37197542191,2.75
12,2,42,4.02746343613,3.5
12,2,42,4.30295181274,3.5
12,2,65,0.453989267349,2.25
12,2,65,2.33692526817,2.25
12,2,9,3.16046237946,4.0
12,2,9,3.41818904877,4.0
12,2,36,2.5517809391,5.75
12,2,36,2.63839173317,5.75
12,2,67,1.29549467564,3.0
12,2,67,2.93116807938,3.0
12,2,11,3.20681548119,5.0
12,2,11,3.17833209038,5.0
12,2,5,3.26569151878,5.25
12,2,5,4.00604486465,5.25
12,2,32,3.61353254318,3.25
12,2,32,4.25575113297,3.25
12,2,7,3.06333303452,5.0
12,2,7,4.84324645996,5.0
12,2,34,3.55512666702,4.25
12,2,34,4.74934577942,4.25
12,2,92,3.18527626991,3.5
12,2,92,4.65556669235,3.5
12,2,3,2.68894815445,3.75
12,2,3,3.14291572571,3.75
12,2,94,0.793439090252,2.5
12,2,94,3.30671572685,2.5
12,2,88,2.9168612957,5.0
12,2,88,4.10926246643,5.0
12,2,90,3.28169512749,3.25
12,2,90,3.90402460098,3.25
12,2,113,3.32681560516,3.25
12,2,113,4.76400613785,3.25
12,2,57,4.42011547089,4.75
12,2,57,4.78199338913,4.75
12,2,84,2.66602396965,4.25
12,2,84,3.95269632339,4.25
12,2,115,2.30584836006,2.75
12,2,115,4.16708230972,2.75
12,2,28,3.05271553993,4.75
12,2,28,4.27122020721,4.75
12,2,59,3.91566348076,5.0
12,2,59,4.33630371094,5.0
12,2,86,2.54145383835,4.0
12,2,86,3.72269821167,4.0
12,2,109,2.3794054985,3.25
12,2,109,3.62204194069,3.25
12,2,30,3.67919611931,4.5
12,2,30,4.47186613083,4.5
12,2,53,3.95747423172,3.75
12,2,53,4.81349229813,3.75
12,2,80,3.13223433495,5.25
12,2,80,4.56309127808,5.25
12,2,111,3.39342164993,4.0
12,2,111,4.587641716,4.0
12,2,24,3.42568945885,4.25
12,2,24,4.29451370239,4.25
12,2,55,4.4190993309,4.5
12,2,55,4.50264501572,4.5
12,2,82,2.64721941948,2.5
12,2,82,3.46630144119,2.5
12,2,105,3.30863404274,4.0
12,2,105,4.46135854721,4.0
12,2,26,3.51880311966,2.75
12,2,26,4.44918441772,2.75
12,2,49,4.00571870804,5.25
12,2,49,4.8365149498,5.25
12,2,107,2.46682143211,2.25
12,2,107,3.70629072189,2.25
12,2,20,3.70654439926,4.0
12,2,20,4.80584573746,4.0
12,2,51,2.86695313454,3.0
12,2,51,3.37472438812,3.0
12,2,78,2.83137869835,4.0
12,2,78,4.60067224503,4.0
12,2,101,2.99789166451,3.0
12,2,101,4.37633275986,3.0
12,2,22,3.77738666534,5.0
12,2,22,4.92601585388,5.0
12,2,45,3.57873272896,4.0
12,2,45,4.66988801956,4.0
12,2,103,2.98036456108,2.5
12,2,103,4.25220966339,2.5
12,2,47,3.81108307838,4.75
12,2,47,3.61394739151,4.75
12,2,97,2.66466116905,1.5
12,2,97,4.04772281647,1.5
12,2,41,4.23302793503,5.25
12,2,41,3.92704558372,5.25
12,2,68,0.291640281677,2.0
12,2,68,1.91724193096,2.0
12,2,99,2.72148966789,3.25
12,2,99,4.1933927536,3.25
12,2,12,3.28475785255,5.25
12,2,12,3.57539391518,5.25
12,2,43,4.57984542847,4.5
12,2,43,3.72051119804,4.5
12,2,70,0.0524819344282,1.25
12,2,70,1.74714040756,1.25
16,2,107,4.12275505066,3.25
16,2,107,3.53173947334,3.25
16,2,78,4.14575052261,4.25
16,2,78,3.69437742233,4.25
16,2,37,4.01751613617,4.5
16,2,37,3.50263357162,4.5
16,2,109,2.59015965462,4.5
16,2,109,3.3372387886,4.5
16,2,39,4.1993432045,2.25
16,2,39,4.0048160553,2.25
16,2,111,3.44281721115,3.5
16,2,111,3.67697358131,3.5
16,2,66,4.33522129059,5.75
16,2,66,3.69741201401,5.75
16,2,25,3.52855753899,3.0
16,2,25,3.5936665535,3.0
16,2,97,4.03730487823,2.75
16,2,97,3.88994145393,2.75
16,2,68,3.82847428322,1.25
16,2,68,3.45202875137,1.25
16,2,27,4.13238096237,4.25
16,2,27,4.05538749695,4.25
16,2,99,3.79681944847,3.25
16,2,99,3.36294126511,3.25
16,2,70,2.68412137032,1.75
16,2,70,2.76396942139,1.75
16,2,29,4.33162212372,2.0
16,2,29,4.04781198502,2.0
16,2,101,4.264108181,5.0
16,2,101,4.14150190353,5.0
16,2,56,3.75561952591,4.75
16,2,56,3.64982390404,4.75
16,2,31,3.5690433979,2.0
16,2,31,3.55695652962,2.0
16,2,103,3.37079334259,3.25
16,2,103,3.93191933632,3.25
16,2,58,3.6881146431,2.25
16,2,58,3.64381408691,2.25
16,2,89,4.00346136093,1.75
16,2,89,3.55946397781,1.75
16,2,60,4.2680439949,3.0
16,2,60,3.92202734947,3.0
16,2,91,3.39710068703,3.25
16,2,91,3.65785765648,3.25
16,2,21,4.25490283966,3.75
16,2,21,3.64260864258,3.75
16,2,93,4.29247665405,4.0
16,2,93,4.03584337234,4.0
16,2,48,4.20052433014,3.25
16,2,48,4.10781669617,3.25
16,2,23,4.23318243027,2.5
16,2,23,3.82491898537,2.5
16,2,95,4.20587921143,3.5
16,2,95,4.07579374313,3.5
16,2,50,3.45280385017,2.25
16,2,50,3.3127553463,2.25
16,2,9,4.12891769409,3.5
16,2,9,4.10498762131,3.5
16,2,81,2.91394257545,2.5
16,2,81,3.04431271553,2.5
16,2,52,3.30100345612,2.25
16,2,52,3.49274873734,2.25
16,2,11,3.97685265541,4.5
16,2,11,4.05026912689,4.5
16,2,83,2.85425281525,4.5
16,2,83,3.22812747955,4.5
16,2,54,4.18334388733,1.25
16,2,54,3.76217627525,1.25
16,2,13,3.77086734772,4.5
16,2,13,3.63914108276,4.5
16,2,85,3.22399616241,3.5
16,2,85,3.66468787193,3.5
16,2,40,3.8246243,2.0
16,2,40,3.87279343605,2.0
16,2,15,3.59882593155,4.25
16,2,15,3.70081281662,4.25
16,2,112,3.04146933556,1.5
16,2,112,3.31151509285,1.5
16,2,87,3.10973739624,3.5
16,2,87,3.33667826653,3.5
16,2,42,3.04377627373,2.5
16,2,42,3.31622028351,2.5
16,2,114,3.83631753922,3.5
16,2,114,3.56285500526,3.5
16,2,73,3.90612459183,4.0
16,2,73,3.39185190201,4.0
16,2,44,4.13624572754,2.75
16,2,44,3.83376693726,2.75
16,2,116,3.65955805779,4.0
16,2,116,3.24982047081,4.0
16,2,46,3.28516459465,2.5
16,2,46,3.78473925591,2.5
16,2,5,3.5172560215,4.0
16,2,5,3.51737499237,4.0
16,2,77,3.71601676941,5.5
16,2,77,3.38418221474,5.5
16,2,32,4.30955457687,2.75
16,2,32,3.85224485397,2.75
16,2,7,3.8476319313,5.0
16,2,7,3.64051127434,5.0
16,2,104,3.73176074028,1.75
16,2,104,3.96230840683,1.75
16,2,79,4.06729650497,5.0
16,2,79,3.65211319923,5.0
16,2,34,3.67924451828,2.25
16,2,34,2.62477111816,2.25
16,2,106,3.98973560333,2.75
16,2,106,3.82967853546,2.75
16,2,65,4.06360912323,5.0
16,2,65,3.36722683907,5.0
16,2,36,3.83411073685,3.75
16,2,36,3.61376357079,3.75
16,2,108,2.23348975182,2.75
16,2,108,-2.12240481377,2.75
16,2,67,3.50924897194,3.5
16,2,67,3.32991456985,3.5
16,2,38,4.36059999466,4.0
16,2,38,3.70910048485,4.0
16,2,110,3.31782603264,2.25
16,2,110,3.46648550034,2.25
16,2,69,3.80832839012,1.75
16,2,69,3.24678039551,1.75
16,2,24,4.03262233734,3.5
16,2,24,3.86820721626,3.5
16,2,96,3.27502918243,3.5
16,2,96,2.92995429039,3.5
16,2,71,4.19192361832,4.0
16,2,71,3.75449633598,4.0
16,2,26,4.35634994507,3.25
16,2,26,3.78026866913,3.25
16,2,98,4.19079875946,4.5
16,2,98,3.89172792435,4.5
16,2,57,3.57030153275,3.0
16,2,57,3.55301403999,3.0
16,2,28,4.38557720184,3.25
16,2,28,3.99253058434,3.25
16,2,100,3.48749899864,3.25
16,2,100,1.70005381107,3.25
16,2,59,3.67390751839,3.0
16,2,59,3.71801185608,3.0
16,2,30,4.22499465942,3.0
16,2,30,3.58733582497,3.0
16,2,102,3.87433433533,1.75
16,2,102,3.43451285362,1.75
16,2,61,4.07808971405,2.5
16,2,61,3.37363266945,2.5
16,2,88,3.6082265377,3.75
16,2,88,3.085034132,3.75
16,2,90,3.14266443253,1.75
16,2,90,3.12310171127,1.75
16,2,49,3.81776189804,2.75
16,2,49,3.73690271378,2.75
16,2,92,4.23276853561,2.5
16,2,92,3.83960771561,2.5
16,2,51,4.19440555573,3.5
16,2,51,3.95359349251,3.5
16,2,22,3.7803800106,1.75
16,2,22,3.64004015923,1.75
16,2,94,3.20433807373,4.0
16,2,94,1.67558705807,4.0
16,2,53,3.71835398674,4.0
16,2,53,3.62741708755,4.0
16,2,8,3.54467201233,3.25
16,2,8,3.41081976891,3.25
16,2,80,3.92538142204,4.0
16,2,80,3.59151864052,4.0
16,2,55,3.84794926643,4.0
16,2,55,3.79887843132,4.0
16,2,10,3.86239528656,5.5
16,2,10,3.82465338707,5.5
16,2,82,3.98936247826,2.25
16,2,82,3.49040198326,2.25
16,2,41,3.73068547249,1.75
16,2,41,3.91060948372,1.75
16,2,12,4.32494449615,5.5
16,2,12,3.98254156113,5.5
16,2,113,3.37887883186,2.5
16,2,113,3.70840573311,2.5
16,2,84,3.05489230156,3.75
16,2,84,1.69564116001,3.75
16,2,43,3.55072665215,2.25
16,2,43,3.68779444695,2.25
16,2,14,3.87996864319,4.0
16,2,14,3.9182946682,4.0
16,2,115,3.85352182388,2.75
16,2,115,3.75119709969,2.75
16,2,86,4.00380516052,4.5
16,2,86,3.942486763,4.5
16,2,45,3.81285595894,3.0
16,2,45,3.86981320381,3.0
16,2,72,3.16209053993,2.25
16,2,72,3.41371488571,2.25
16,2,47,3.44745063782,1.75
16,2,47,3.82160449028,1.75
16,2,33,4.38142299652,1.5
16,2,33,3.85659623146,1.5
16,2,105,3.5927670002,3.75
16,2,105,3.3464319706,3.75
16,2,76,3.67049431801,3.0
16,2,76,2.1090734005,3.0
16,2,35,3.85533046722,2.5
16,2,35,3.59736871719,2.5
16,2,6,3.68717217445,4.5
16,2,6,2.63797235489,4.5
17,1,87,4.73049592972,2.5
17,1,87,4.94501876831,2.5
17,1,56,4.63476419449,3.25
17,1,56,4.42964410782,3.25
17,1,31,2.74621295929,4.0
17,1,31,2.99705314636,4.0
17,1,73,4.60398721695,4.25
17,1,73,4.44665145874,4.25
17,1,17,5.29634189606,3.0
17,1,17,5.59384727478,3.0
17,1,75,2.77829766273,1.75
17,1,75,2.80983138084,1.75
17,1,60,2.50846576691,3.0
17,1,60,2.78247952461,3.0
17,1,19,4.62597465515,4.0
17,1,19,4.96214151382,4.0
17,1,77,3.19860291481,3.5
17,1,77,2.99878811836,3.5
17,1,62,2.42591118813,1.75
17,1,62,2.03383350372,1.75
17,1,21,4.60996294022,2.5
17,1,21,4.10445404053,2.5
17,1,104,4.69528150558,3.25
17,1,104,4.45510482788,3.25
17,1,79,5.08257770538,3.25
17,1,79,4.94417619705,3.25
17,1,23,5.51597595215,2.5
17,1,23,5.35283613205,2.5
17,1,106,4.83700704575,2.75
17,1,106,4.84901094437,2.75
17,1,65,2.38063788414,1.25
17,1,65,2.45947885513,1.25
17,1,50,3.85496807098,3.75
17,1,50,3.89395999908,3.75
17,1,9,2.38305258751,1.5
17,1,9,1.98877263069,1.5
17,1,108,2.91309666634,2.5
17,1,108,3.45369386673,2.5
17,1,67,3.37445759773,3.0
17,1,67,3.20121335983,3.0
17,1,52,4.76297426224,2.75
17,1,52,4.55983734131,2.75
17,1,11,2.51210641861,1.5
17,1,11,1.75399541855,1.5
17,1,110,3.1827082634,3.5
17,1,110,3.45666027069,3.5
17,1,69,3.78220438957,2.5
17,1,69,3.33789014816,2.5
17,1,54,4.22430801392,3.25
17,1,54,4.58794307709,3.25
17,1,96,4.21091270447,1.5
17,1,96,3.72711396217,1.5
17,1,40,4.69030952454,3.0
17,1,40,4.59653377533,3.0
17,1,98,3.35097837448,3.5
17,1,98,3.4371509552,3.5
17,1,42,2.74904417992,3.75
17,1,42,2.56852817535,3.75
17,1,100,4.91706991196,2.75
17,1,100,4.98565483093,2.75
17,1,44,4.42117547989,3.5
17,1,44,3.93793559074,3.5
17,1,102,3.33182120323,3.75
17,1,102,3.14857625961,3.75
17,1,46,3.27286839485,4.0
17,1,46,3.18161225319,4.0
17,1,5,4.02326059341,2.75
17,1,5,3.40506958961,2.75
17,1,88,4.51903963089,4.25
17,1,88,4.16651630402,4.25
17,1,32,4.53509664536,4.5
17,1,32,4.45140790939,4.5
17,1,7,3.80009531975,2.75
17,1,7,3.63777327538,2.75
17,1,90,3.26515197754,5.5
17,1,90,3.83556485176,5.5
17,1,34,2.73973059654,3.25
17,1,34,2.57959604263,3.25
17,1,92,3.72681474686,5.25
17,1,92,4.30080890656,5.25
17,1,36,4.46824216843,2.75
17,1,36,4.06727695465,2.75
17,1,94,5.09042072296,3.5
17,1,94,5.27443218231,3.5
17,1,38,4.68408441544,2.25
17,1,38,4.43910646439,2.25
17,1,80,4.80579853058,4.25
17,1,80,4.8689904213,4.25
17,1,24,4.66316461563,3.25
17,1,24,4.71226453781,3.25
17,1,82,3.52462458611,5.0
17,1,82,3.72390985489,5.0
17,1,26,3.99077439308,3.0
17,1,26,4.37773895264,3.0
17,1,84,4.80298566818,4.25
17,1,84,5.15721559525,4.25
17,1,28,5.07538557053,4.25
17,1,28,5.18698596954,4.25
17,1,86,3.51722741127,4.0
17,1,86,3.69915962219,4.0
17,1,59,2.03775024414,2.5
17,1,59,2.37247753143,2.5
17,1,30,2.81461572647,5.25
17,1,30,3.1725423336,5.25
17,1,72,3.98478293419,5.25
17,1,72,4.14887285233,5.25
17,1,61,4.24173736572,2.25
17,1,61,3.25782155991,2.25
17,1,74,4.74229288101,3.25
17,1,74,4.38229608536,3.25
17,1,63,3.82633209229,1.75
17,1,63,3.46826720238,1.75
17,1,18,3.86121869087,2.75
17,1,18,3.78638505936,2.75
17,1,105,4.53299760818,3.75
17,1,105,4.57527065277,3.75
17,1,76,3.69126367569,4.5
17,1,76,4.09482097626,4.5
17,1,20,3.65764784813,3.5
17,1,20,3.42970895767,3.5
17,1,107,4.16505479813,3.25
17,1,107,3.6104631424,3.25
17,1,78,3.06322288513,4.25
17,1,78,3.33024215698,4.25
17,1,51,5.13851881027,3.0
17,1,51,4.8974199295,3.0
17,1,22,4.284116745,3.0
17,1,22,4.03338718414,3.0
17,1,109,3.6938662529,2.5
17,1,109,2.98348689079,2.5
17,1,64,3.84116244316,1.0
17,1,64,3.36992383003,1.0
17,1,53,4.97396373749,2.75
17,1,53,5.16078996658,2.75
17,1,8,4.2095952034,2.75
17,1,8,3.32761454582,2.75
17,1,111,2.89143967628,2.0
17,1,111,2.84824943542,2.0
17,1,66,4.06464576721,0.75
17,1,66,3.86429953575,0.75
17,1,55,3.80129241943,2.5
17,1,55,3.34517788887,2.5
17,1,10,2.31968402863,1.5
17,1,10,2.06008601189,1.5
17,1,97,4.42260217667,2.5
17,1,97,4.26639032364,2.5
17,1,68,3.05442643166,3.75
17,1,68,3.17394137383,3.75
17,1,41,3.52074837685,3.25
17,1,41,3.6444375515,3.25
17,1,12,4.03721141815,2.25
17,1,12,3.00889873505,2.25
17,1,99,4.61559486389,3.5
17,1,99,4.2300567627,3.5
17,1,43,4.89448881149,4.25
17,1,43,4.77172327042,4.25
17,1,14,3.8962957859,1.5
17,1,14,3.10673260689,1.5
17,1,101,4.32547903061,3.0
17,1,101,4.10145425797,3.0
17,1,45,3.97141957283,3.0
17,1,45,3.94740772247,3.0
17,1,103,3.59731602669,3.0
17,1,103,3.10318255424,3.0
17,1,89,3.80041646957,3.25
17,1,89,3.91316103935,3.25
17,1,33,4.09607601166,3.75
17,1,33,4.01445674896,3.75
17,1,4,2.24246788025,2.75
17,1,4,2.09242033958,2.75
17,1,91,4.22974872589,3.5
17,1,91,4.51832675934,3.5
17,1,35,4.45580720901,2.5
17,1,35,4.41772842407,2.5
17,1,6,3.18775272369,2.75
17,1,6,2.21715497971,2.75
17,1,93,3.22730565071,3.5
17,1,93,3.9206199646,3.5
17,1,37,4.94085979462,2.5
17,1,37,5.21496105194,2.5
17,1,95,4.71959495544,5.25
17,1,95,4.96133613586,5.25
17,1,39,2.31261730194,4.5
17,1,39,2.34712290764,4.5
17,1,81,3.83688521385,4.5
17,1,81,3.54864454269,4.5
17,1,25,3.62183070183,3.75
17,1,25,3.77287459373,3.75
17,1,83,4.00962877274,3.5
17,1,83,3.69490146637,3.5
17,1,27,4.96269845963,4.5
17,1,27,5.15809774399,4.5
17,1,85,3.71653437614,4.75
17,1,85,3.59839391708,4.75
17,1,29,4.85802602768,4.0
17,1,29,4.84451150894,4.0
18,1,94,0.734647214413,2.5
18,1,94,3.23688864708,2.5
18,1,20,2.47994303703,2.75
18,1,20,3.39399456978,2.75
18,1,49,2.26398730278,1.5
18,1,49,3.62505292892,1.5
18,1,92,1.80424892902,2.25
18,1,92,3.25200176239,2.25
18,1,18,2.34211802483,2.75
18,1,18,3.5640411377,2.75
18,1,47,3.70961856842,1.75
18,1,47,2.39527821541,1.75
18,1,90,3.10609316826,2.5
18,1,90,2.67138195038,2.5
18,1,16,3.21792936325,2.33333
18,1,16,2.43149638176,2.33333
18,1,45,2.17893266678,4.75
18,1,45,3.37664628029,4.75
18,1,88,0.0649029761553,2.75
18,1,88,3.14668488503,2.75
18,1,43,0.678526580334,4.25
18,1,43,3.06460928917,4.25
18,1,86,2.37420344353,2.5
18,1,86,3.64787650108,2.5
18,1,12,3.37626957893,6.0
18,1,12,4.01030540466,6.0
18,1,41,3.75489044189,4.0
18,1,41,4.03660583496,4.0
18,1,84,1.96202266216,4.5
18,1,84,3.12059140205,4.5
18,1,10,2.69100761414,1.75
18,1,10,3.77169156075,1.75
18,1,39,2.92910003662,4.0
18,1,39,3.76469945908,4.0
18,1,82,1.68520474434,3.25
18,1,82,2.8309803009,3.25
18,1,111,-0.49753588438,2.75
18,1,111,2.85995054245,2.75
18,1,8,1.83857107162,2.25
18,1,8,-2.83988642693,2.25
18,1,37,2.12227082253,2.75
18,1,37,3.42013382912,2.75
18,1,80,-0.58628231287,3.5
18,1,80,2.54850316048,3.5
18,1,109,3.53567314148,3.0
18,1,109,3.73009777069,3.0
18,1,6,3.53739857674,3.5
18,1,6,3.86475777626,3.5
18,1,35,1.49477612972,2.25
18,1,35,3.06967735291,2.25
18,1,78,-1.75823652744,2.0
18,1,78,2.57059335709,2.0
18,1,107,1.30247199535,3.0
18,1,107,3.36185288429,3.0
18,1,4,3.64789676666,3.0
18,1,4,3.8517472744,3.0
18,1,33,1.0252238512,1.0
18,1,33,2.69539856911,1.0
18,1,76,-1.54323267937,2.0
18,1,76,2.59655618668,2.0
18,1,105,0.526145398617,1.75
18,1,105,3.07790827751,1.75
18,1,2,4.09161663055,4.25
18,1,2,3.87928843498,4.25
18,1,74,2.78129315376,1.5
18,1,74,2.19202685356,1.5
18,1,103,1.87769544125,2.0
18,1,103,3.2384519577,2.0
18,1,101,-0.173447325826,2.25
18,1,101,2.91880249977,2.25
18,1,62,3.68311238289,1.5
18,1,62,2.65045499802,1.5
18,1,99,2.44870400429,2.5
18,1,99,2.24206209183,2.5
18,1,60,3.20413947105,1.0
18,1,60,2.16459989548,1.0
18,1,68,2.99625873566,2.5
18,1,68,2.16497635841,2.5
18,1,97,0.865014672279,3.25
18,1,97,3.55975413322,3.25
18,1,66,3.7426109314,1.75
18,1,66,2.4023141861,1.75
18,1,31,2.57307744026,3.75
18,1,31,3.60258126259,3.75
18,1,56,1.86155354977,3.25
18,1,56,3.30181288719,3.25
18,1,64,-0.499037384987,2.25
18,1,64,3.03433585167,2.25
18,1,29,2.81667017937,3.75
18,1,29,3.73784685135,3.75
18,1,54,3.70784783363,1.25
18,1,54,2.46364736557,1.25
18,1,27,3.59327912331,3.75
18,1,27,3.90120053291,3.75
18,1,25,4.20805740356,3.0
18,1,25,4.21719026566,3.0
18,1,50,3.55723309517,2.25
18,1,50,2.44086098671,2.25
18,1,23,4.04632949829,2.5
18,1,23,4.17335319519,2.5
18,1,48,1.48567903042,1.75
18,1,48,3.15969753265,1.75
18,1,95,2.04331803322,4.25
18,1,95,3.29619669914,4.25
18,1,21,3.31365156174,2.5
18,1,21,3.96761488914,2.5
18,1,46,3.67081189156,2.25
18,1,46,3.84112906456,2.25
18,1,93,2.54688215256,2.0
18,1,93,3.04859614372,2.0
18,1,19,0.601750850677,2.75
18,1,19,2.74909329414,2.75
18,1,44,3.98903679848,2.5
18,1,44,4.09059143066,2.5
18,1,91,1.693546772,2.5
18,1,91,3.14918780327,2.5
18,1,17,3.71988725662,3.0
18,1,17,3.7528963089,3.0
18,1,42,2.69992184639,2.5
18,1,42,3.77954721451,2.5
18,1,89,-1.50125157833,2.25
18,1,89,2.95052480698,2.25
18,1,40,1.67764139175,4.0
18,1,40,3.1012032032,4.0
18,1,87,2.24716663361,3.25
18,1,87,3.65866684914,3.25
18,1,112,3.21597743034,1.25
18,1,112,3.74102091789,1.25
18,1,38,4.12660312653,3.5
18,1,38,4.14682626724,3.5
18,1,85,-1.02875351906,4.0
18,1,85,2.97708439827,4.0
18,1,110,-0.831014633179,1.75
18,1,110,2.98686957359,1.75
18,1,11,0.623308360577,5.75
18,1,11,2.87594294548,5.75
18,1,36,-0.36082482338,2.25
18,1,36,3.04247164726,2.25
18,1,83,-0.876758337021,3.75
18,1,83,2.83494949341,3.75
18,1,108,0.75392639637,2.5
18,1,108,3.08666539192,2.5
18,1,9,1.82709002495,2.0
18,1,9,3.37579107285,2.0
18,1,34,2.06709980965,2.25
18,1,34,3.36956977844,2.25
18,1,81,0.866132378578,3.75
18,1,81,2.97106194496,3.75
18,1,106,2.10686516762,1.25
18,1,106,3.16729712486,1.25
18,1,7,3.60201311111,2.5
18,1,7,2.00200796127,2.5
18,1,32,1.97423791885,1.25
18,1,32,3.3923842907,1.25
18,1,79,-1.30229318142,2.25
18,1,79,2.65513515472,2.25
18,1,104,2.54085373878,3.25
18,1,104,3.49002981186,3.25
18,1,5,2.29194331169,1.5
18,1,5,3.40012145042,1.5
18,1,77,2.83367371559,1.0
18,1,77,2.66961574554,1.0
18,1,102,3.01123166084,2.25
18,1,102,3.5550968647,2.25
18,1,3,1.78148066998,2.25
18,1,3,3.05834364891,2.25
18,1,75,-1.91777253151,1.0
18,1,75,2.47025799751,1.0
18,1,100,-0.300298035145,3.75
18,1,100,3.22468924522,3.75
18,1,73,-1.53545069695,2.0
18,1,73,2.41725683212,2.0
18,1,98,-1.14037668705,2.25
18,1,98,2.78128886223,2.25
18,1,96,2.68389391899,2.5
18,1,96,3.50370955467,2.5
18,1,61,3.78739690781,3.25
18,1,61,2.64215803146,3.25
18,1,69,2.83064007759,1.0
18,1,69,2.30411505699,1.0
18,1,30,2.54998350143,2.75
18,1,30,3.49623560905,2.75
18,1,59,3.27325892448,1.66667
18,1,59,-1.74887681007,1.66667
18,1,67,3.09780859947,1.0
18,1,67,-1.62096178532,1.0
18,1,28,3.15544176102,3.25
18,1,28,3.94489240646,3.25
18,1,65,3.36165046692,1.0
18,1,65,2.53624796867,1.0
18,1,26,3.25327396393,2.75
18,1,26,3.85421395302,2.75
18,1,55,2.16625833511,1.75
18,1,55,3.50756859779,1.75
18,1,24,2.43531298637,3.25
18,1,24,3.79940676689,3.25
18,1,53,3.28105688095,3.25
18,1,53,3.90980815887,3.25
18,1,22,3.63685441017,3.75
18,1,22,3.87401032448,3.75
18,1,51,2.97684264183,1.25
18,1,51,2.36060237885,1.25
