3,1,1,4.1305,3.875
3,1,1,4.1999,3.875
3,1,2,3.8076,4.5
3,1,2,3.3309,4.5
3,1,3,3.4936,3.0
3,1,3,3.7973,3.0
3,1,4,3.5306,3.25
3,1,4,4.1413,3.25
3,1,5,3.3638,6.0
3,1,5,4.0255,6.0
3,1,6,3.5832,4.5
3,1,6,3.6162,4.5
3,1,7,3.5861,4.75
3,1,7,4.1972,4.75
3,1,8,3.5848,3.5
3,1,8,3.8160,3.5
3,1,10,3.4185,2.875
3,1,10,3.9426,2.875
3,1,14,3.3301,3.75
3,1,14,4.4893,3.75
3,1,15,3.7639,5.0
3,1,15,3.7155,5.0
3,1,16,3.3102,4.75
3,1,16,4.0855,4.75
3,1,17,3.5248,5.0
3,1,17,3.9246,5.0
3,1,18,3.1739,3.75
3,1,18,4.0065,3.75
3,1,20,3.2409,2.5
3,1,20,4.1346,2.5
3,1,21,3.5630,4.5
3,1,21,4.4319,4.5
3,1,22,3.6140,4.83333
3,1,22,3.9605,4.83333
3,1,24,3.6078,4.5
3,1,24,3.9747,4.5
3,1,25,3.7076,5.5
3,1,25,4.3645,5.5
3,1,26,3.5233,4.0
3,1,26,3.9413,4.0
3,1,27,3.6025,5.25
3,1,27,4.5526,5.25
3,1,28,3.7027,4.75
3,1,28,3.9788,4.75
3,1,29,3.7411,1.25
3,1,29,4.4505,1.25
3,1,30,3.5216,4.5
3,1,30,4.3009,4.5
3,1,33,3.3202,3.0
3,1,33,3.9844,3.0
3,1,34,3.4089,4.125
3,1,34,3.7630,4.125
3,1,35,3.3402,4.375
3,1,35,3.8949,4.375
3,1,40,3.8343,5.0
3,1,40,3.9729,5.0
3,1,43,3.0091,4.0
3,1,43,3.7927,4.0
3,1,44,3.2545,3.0
3,1,44,3.8527,3.0
3,1,45,3.1085,4.25
3,1,45,3.9988,4.25
3,1,46,3.4223,5.0
3,1,46,3.7488,5.0
3,1,47,3.2351,4.25
3,1,47,4.0808,4.25
3,1,48,3.5731,2.5
3,1,48,4.0800,2.5
3,1,49,3.5315,5.0
3,1,49,4.3983,5.0
3,1,50,3.5684,4.66667
3,1,50,4.1382,4.66667
3,1,51,3.3782,4.5
3,1,51,3.8538,4.5
3,1,52,3.0086,3.5
3,1,52,4.1080,3.5
3,1,55,3.0266,3.25
3,1,55,3.9874,3.25
3,1,56,3.2069,4.0
3,1,56,4.2143,4.0
3,1,57,3.1122,4.875
3,1,57,4.4419,4.875
3,1,58,4.2160,4.5
3,1,58,4.6902,4.5
3,1,59,3.5549,5.5
3,1,59,3.9767,5.5
3,1,60,3.1662,5.5
3,1,60,4.4216,5.5
3,1,61,3.5575,5.5
3,1,61,4.3709,5.5
3,1,62,3.3697,4.375
3,1,62,4.1258,4.375
3,1,63,3.6392,4.75
3,1,63,4.1021,4.75
3,1,64,3.5594,5.75
3,1,64,4.2756,5.75
3,1,65,3.8296,6.25
3,1,65,3.9067,6.25
3,1,66,3.6269,3.0
3,1,66,3.4762,3.0
3,1,70,3.4509,2.75
3,1,70,3.9102,2.75
3,1,71,3.2142,2.0
3,1,71,4.0636,2.0
3,1,73,2.5436,3.0
3,1,73,4.1470,3.0
3,1,74,3.5839,4.0
3,1,74,3.8186,4.0
3,1,75,3.5489,4.0
3,1,75,2.9565,4.0
3,1,78,3.7575,5.25
3,1,78,4.0106,5.25
3,1,79,3.6609,5.25
3,1,79,4.4582,5.25
3,1,80,3.5632,2.75
3,1,80,4.4840,2.75
3,1,81,3.3155,2.75
3,1,81,3.5254,2.75
3,1,82,3.6062,3.0
3,1,82,4.1652,3.0
3,1,83,3.3493,4.5
3,1,83,4.2120,4.5
3,1,84,3.5639,3.75
3,1,84,3.9880,3.75
3,1,85,3.4438,2.0
3,1,85,3.6370,2.0
3,1,86,3.2170,4.25
3,1,86,3.7529,4.25
3,1,87,3.4656,4.25
3,1,87,3.9933,4.25
3,1,88,3.8213,4.0
3,1,88,4.0520,4.0
3,1,89,3.8834,4.25
3,1,89,3.9846,4.25
3,1,90,3.5960,3.75
3,1,90,3.4573,3.75
3,1,91,3.6173,4.0
3,1,91,3.3743,4.0
3,1,92,3.4589,3.5
3,1,92,3.4353,3.5
3,1,93,3.7032,3.25
3,1,93,3.6514,3.25
3,1,94,3.4738,3.25
3,1,94,3.7440,3.25
3,1,95,3.4835,3.75
3,1,95,3.9192,3.75
3,1,96,3.6359,3.875
3,1,96,4.0317,3.875
3,1,97,2.8392,1.25
3,1,97,3.5056,1.25
3,1,98,2.7873,1.75
3,1,98,3.8221,1.75
3,1,99,3.5150,1.5
3,1,99,3.5262,1.5
3,1,100,3.6763,2.375
3,1,100,3.5568,2.375
3,1,101,3.7860,4.375
3,1,101,4.5702,4.375
3,1,102,3.6137,5.25
3,1,102,3.4625,5.25
3,1,103,3.4643,1.5
3,1,103,4.0223,1.5
3,1,104,3.3396,3.5
3,1,104,3.7633,3.5
3,1,105,3.5003,1.25
3,1,105,4.0556,1.25
3,1,106,3.8056,2.75
3,1,106,3.8415,1.875
3,2,2,4.2383,1.875
3,2,2,4.2614,3.25
3,2,5,4.5884,3.25
3,2,5,3.8784,5.25
3,2,6,4.2808,5.25
3,2,6,4.1334,6.0
3,2,7,4.5131,6.0
3,2,7,4.0988,6.0
3,2,8,4.2165,6.0
3,2,8,4.1396,4.5
3,2,9,3.9587,4.5
3,2,9,4.2012,4.0
3,2,10,4.0206,4.0
3,2,10,4.1350,4.125
3,2,11,4.0454,4.125
3,2,11,3.9979,5.25
3,2,12,4.2605,5.25
3,2,12,4.1259,5.0
3,2,13,4.1585,5.0
3,2,13,4.4062,3.75
3,2,14,4.4251,3.75
3,2,14,3.2273,2.5
3,2,26,3.5031,2.5
3,2,26,3.4462,4.0
3,2,27,4.0023,4.0
3,2,27,3.2586,4.0
3,2,28,3.7295,4.0
3,2,28,3.5589,4.0
3,2,29,3.3975,4.0
3,2,29,3.8477,3.625
3,2,30,3.4835,3.625
3,2,30,3.5839,3.25
3,2,31,3.8611,3.25
3,2,31,3.5321,3.25
3,2,32,3.7294,3.25
3,2,32,3.2382,3.5
3,2,34,3.4737,3.5
3,2,34,3.2141,3.875
3,2,35,3.5800,3.875
3,2,35,3.2697,2.75
3,2,36,3.5808,2.75
3,2,36,3.4476,2.25
3,2,37,3.9339,2.25
3,2,37,3.1860,3.25
3,2,38,3.6362,3.25
3,2,38,3.1813,4.25
3,2,39,3.4114,4.25
3,2,39,3.3658,2.75
3,2,40,3.6642,2.75
3,2,40,3.2767,3.5
3,2,41,3.8130,3.5
3,2,41,3.4496,2.5
3,2,42,3.6377,2.5
3,2,42,3.4133,4.0
3,2,43,3.6548,4.0
3,2,43,3.6524,5.0
3,2,44,3.6296,5.0
3,2,44,3.1077,3.25
3,2,45,3.8110,3.25
3,2,45,3.0014,4.5
3,2,46,3.7724,4.5
3,2,46,2.9892,3.875
3,2,47,3.7548,3.875
3,2,47,3.3776,4.25
3,2,48,3.6788,4.25
3,2,48,3.3111,3.75
3,2,50,3.9360,3.75
3,2,50,3.3074,4.0
3,2,51,3.7070,4.0
3,2,51,3.4595,1.5
3,2,52,3.3314,1.5
3,2,52,3.7087,4.5
3,2,53,3.5448,4.5
3,2,53,3.4542,3.33333
3,2,55,3.8469,3.33333
3,2,55,3.5072,4.25
3,2,56,3.5633,4.25
3,2,56,3.3580,2.25
3,2,59,4.3613,2.25
3,2,59,4.1808,3.75
3,2,60,4.2124,3.75
3,2,60,4.0094,4.375
3,2,61,4.1403,4.375
3,2,61,3.8573,5.25
3,2,62,4.0682,5.25
3,2,62,3.9913,1.25
3,2,63,4.3312,1.25
3,2,63,3.9701,2.375
3,2,64,4.2213,2.375
3,2,64,4.1167,3.75
3,2,66,4.0973,3.75
3,2,66,4.0462,5.25
3,2,67,4.0025,5.25
3,2,67,4.5932,5.5
3,2,68,3.8361,5.5
3,2,68,4.4149,1.25
3,2,69,4.3866,1.25
3,2,69,4.1869,3.66667
3,2,70,4.0732,3.66667
3,2,70,3.8857,2.375
3,2,71,4.3229,2.375
3,2,71,3.7105,3.75
3,2,73,3.7771,3.75
3,2,73,3.6288,2.75
3,2,78,3.9862,2.75
3,2,78,3.9063,3.75
3,2,79,3.7022,3.75
3,2,79,3.7670,4.75
3,2,80,3.6098,4.75
3,2,80,3.8728,4.375
3,2,81,3.2430,4.375
3,2,81,3.8166,3.25
3,2,82,3.3150,3.25
3,2,82,3.7249,4.25
3,2,83,3.4730,4.25
3,2,83,3.2449,4.0
3,2,84,4.1161,4.0
3,2,84,3.7719,3.25
3,2,85,3.5750,3.25
3,2,85,3.6913,2.75
3,2,86,3.8899,2.75
3,2,86,3.8264,3.75
3,2,87,3.4987,3.75
3,2,87,3.6404,4.0
3,2,88,3.4468,4.0
3,2,88,3.7893,4.25
3,2,90,3.5735,4.25
3,2,90,3.6376,4.5
3,2,91,3.5745,4.5
3,2,91,3.8533,3.75
3,2,94,3.5420,3.75
3,2,94,3.6788,1.5
3,2,95,3.6296,1.5
3,2,95,3.7372,3.125
3,2,96,3.7417,3.125
3,2,96,3.6986,5.0
3,2,97,3.5972,5.0
3,2,97,3.8275,4.5
3,2,98,3.3673,4.5
3,2,98,3.7334,2.625
3,2,99,3.7828,2.625
3,2,99,3.6894,1.25
3,2,100,3.6483,1.25
3,2,100,3.4241,3.125
3,2,101,3.9119,3.125
3,2,101,3.5170,2.0
3,2,102,4.0337,2.0
3,2,102,3.8683,4.0
3,2,103,3.9589,4.0
3,2,103,3.4418,3.5
3,2,104,3.4772,3.5
3,2,104,3.5023,3.5
3,2,105,3.6488,3.5
3,2,105,4.1195,3.875
3,2,106,3.6905,3.875
3,2,106,3.8513,4.625
3,2,107,2.9627,4.625
3,2,107,3.9202,4.0
3,2,108,3.1854,4.0
3,2,108,3.9304,4.25
3,2,110,3.8603,4.25
3,2,110,3.5305,3.5
3,2,111,3.2895,3.5
3,2,111,3.2312,3.0
4,1,23,3.7686,1.0
4,1,23,3.5396,1.0
4,1,30,3.4368,1.125
4,1,30,2.7001,1.125
4,1,31,2.6333,2.25
4,1,31,3.0926,2.25
4,1,32,2.9912,1.5
4,1,32,2.9884,1.5
4,1,33,3.3117,1.5
4,1,33,2.7146,1.5
4,1,34,3.0666,1.5
4,1,34,2.6233,1.5
4,1,35,2.8009,1.75
4,1,35,3.0614,1.75
4,1,36,2.8912,0.875
4,1,36,2.6328,0.875
4,1,37,2.6920,2.25
4,1,37,2.6962,2.25
4,1,38,3.0915,2.5
4,1,38,2.7722,2.5
4,1,39,2.9550,2.5
4,1,39,2.7831,2.5
4,1,40,2.8311,4.0
4,1,40,2.5889,4.0
4,1,41,3.2314,2.5
4,1,41,2.6107,2.5
4,1,42,3.1288,1.75
4,1,42,3.1382,1.75
4,1,45,3.3579,2.125
4,1,45,2.6971,2.125
4,1,46,2.9903,3.75
4,1,46,2.8620,3.75
4,1,48,2.9593,1.5
4,1,48,2.5271,1.5
4,1,49,3.3624,4.25
4,1,49,2.6073,4.25
4,1,50,3.1526,2.0
4,1,50,2.6481,2.0
4,1,51,3.0296,2.75
4,1,51,2.7885,2.75
4,1,52,3.6599,3.25
4,1,52,2.5585,3.25
4,1,54,3.2590,3.375
4,1,54,2.1896,3.375
4,1,55,3.1760,2.5
4,1,55,2.3847,2.5
4,1,56,3.0141,2.0
4,1,56,2.6463,2.0
4,1,57,2.8739,2.75
4,1,57,2.6004,2.75
4,1,58,3.0973,2.25
4,1,58,2.8143,2.25
4,1,59,3.6093,1.875
4,1,59,2.6405,1.875
4,1,63,2.9845,1.0
4,1,63,2.5826,1.0
4,1,64,3.5450,3.5
4,1,64,3.1295,3.5
4,1,65,3.3513,4.75
4,1,65,2.5374,4.75
4,1,66,3.2261,1.0
4,1,66,2.8142,1.0
4,1,67,3.1533,1.75
4,1,67,2.9038,1.75
4,1,68,3.2073,5.5
4,1,68,2.8081,5.5
4,1,69,2.9651,5.5
4,1,69,3.0614,5.5
4,1,70,3.3869,5.25
4,1,70,2.8515,5.25
4,1,71,3.3295,2.125
4,1,71,3.1990,2.125
4,1,72,3.3764,2.375
4,1,72,3.3465,2.375
4,1,73,3.0588,4.25
4,1,73,3.1662,4.25
4,1,74,3.8015,3.5
4,1,74,3.1215,3.5
4,1,75,3.2175,4.75
4,1,75,3.1353,4.75
4,1,77,3.2237,2.625
4,1,77,2.2984,2.625
4,1,99,3.3755,2.375
4,1,99,2.6403,2.375
4,1,102,3.2470,1.5
4,1,102,1.9246,1.5
4,1,104,2.7736,1.25
4,1,104,1.9134,1.25
4,1,105,3.5585,3.625
4,1,105,2.8947,3.625
4,1,110,3.1825,4.0
4,1,110,1.5134,4.0
4,1,111,3.1157,3.5
4,1,111,2.6115,3.5
4,1,112,3.2230,1.0
7,1,1,3.9050,3.5
7,1,1,3.3747,3.5
7,1,2,4.3424,5.5
7,1,2,3.5874,5.5
7,1,3,4.0534,4.75
7,1,3,3.5079,4.75
7,1,4,4.7435,3.25
7,1,4,3.4885,3.25
7,1,5,4.5650,4.75
7,1,5,3.5073,4.75
7,1,7,4.1276,2.25
7,1,7,3.4353,2.25
7,1,8,3.9710,4.5
7,1,8,3.0868,4.5
7,1,9,3.5659,2.0
7,1,9,3.1103,2.0
7,1,10,3.5130,2.75
7,1,10,3.2863,2.75
7,1,11,4.3225,1.75
7,1,11,3.2080,1.75
7,1,12,3.4302,5.0
7,1,12,2.9873,5.0
7,1,13,4.0107,3.0
7,1,13,3.2667,3.0
7,1,14,4.0339,1.75
7,1,14,3.7979,1.75
7,1,18,3.8512,6.0
7,1,18,3.5868,6.0
7,1,19,4.5472,4.75
7,1,19,3.3593,4.75
7,1,20,4.2660,5.25
7,1,20,3.6747,5.25
7,1,22,4.1797,3.75
7,1,22,3.8367,3.75
7,1,23,4.2327,4.0
7,1,23,3.5350,4.0
7,1,24,4.1540,5.0
7,1,24,3.4488,5.0
7,1,25,3.9700,4.5
7,1,25,3.7984,4.5
7,1,26,4.2687,3.0
7,1,26,3.1561,3.0
7,1,27,4.2508,4.25
7,1,27,3.6431,4.25
7,1,28,3.9770,5.25
7,1,28,3.9588,5.25
7,1,29,4.3053,4.25
7,1,29,4.0896,4.25
7,1,30,4.3383,3.0
7,1,30,3.5569,3.0
7,1,31,4.1041,4.5
7,1,31,3.7932,4.5
7,1,32,4.1881,3.75
7,1,32,3.7553,3.75
7,1,33,3.9686,4.75
7,1,33,3.6017,4.75
7,1,34,4.1149,5.5
7,1,34,3.7787,5.5
7,1,35,3.4080,6.0
7,1,35,3.1105,6.0
7,1,36,3.9764,4.25
7,1,36,3.6661,4.25
7,1,37,3.8328,4.25
7,1,37,3.4371,4.25
7,1,38,3.7393,3.5
7,1,38,3.5585,3.5
7,1,39,4.3014,5.5
7,1,39,3.4550,5.5
7,1,40,4.2412,5.5
7,1,40,3.9116,5.5
7,1,41,3.9477,4.75
7,1,41,3.5281,4.75
7,1,42,4.3059,3.0
7,1,42,3.7989,3.0
7,1,43,3.8777,3.5
7,1,43,3.6914,3.5
7,1,44,3.8468,6.25
7,1,44,3.2576,6.25
7,1,45,3.7095,4.5
7,1,45,3.3093,4.5
7,1,46,4.2406,4.0
7,1,46,3.6944,4.0
7,1,47,3.9717,4.5
7,1,47,3.9539,4.5
7,1,48,3.9603,1.5
7,1,48,3.7632,1.5
7,1,49,3.6041,4.5
7,1,49,3.6283,4.5
7,1,50,4.5331,5.0
7,1,50,4.1109,5.0
7,1,51,4.5864,3.5
7,1,51,3.0154,3.5
7,1,52,4.2080,0.75
7,1,52,3.7065,0.75
7,1,53,4.0160,5.5
7,1,53,3.6185,5.5
7,1,55,3.8486,2.5
7,1,55,2.9796,2.5
7,1,57,4.2890,4.25
7,1,57,3.0027,4.25
7,1,58,3.6383,6.0
7,1,58,3.0759,6.0
7,1,59,3.6335,5.25
7,1,59,3.2474,5.25
7,1,60,3.6672,3.25
7,1,60,3.2679,3.25
7,1,61,3.9202,5.0
7,1,61,3.3102,5.0
7,1,62,3.5223,4.5
7,1,62,3.3156,4.5
7,1,63,4.1319,5.5
7,1,63,3.4950,5.5
7,1,64,2.9494,5.0
7,1,64,3.4830,5.0
7,1,65,3.3154,5.25
7,1,65,3.2100,5.25
7,1,66,4.2451,4.25
7,1,66,3.1746,4.25
7,1,67,3.7943,4.75
7,1,67,3.1844,4.75
7,1,68,3.9688,4.25
7,1,68,3.5371,4.25
7,1,69,3.9700,5.5
7,1,69,3.4052,5.5
7,1,70,3.9504,5.5
7,1,70,3.5936,5.5
7,1,71,3.7234,4.75
7,1,71,3.2329,4.75
7,1,72,3.8711,2.0
7,1,72,3.0643,2.0
7,1,73,3.3384,1.0
7,1,73,3.2773,1.0
7,1,74,3.3678,4.25
7,1,74,3.5294,4.25
7,1,75,3.6649,4.75
7,1,75,2.9461,4.75
7,1,76,4.2605,2.75
7,1,76,3.5571,2.75
7,1,78,3.8957,4.0
7,1,78,3.1737,4.0
7,1,79,3.5900,3.0
7,1,79,3.4374,3.0
7,1,80,3.7328,2.0
7,1,80,2.8978,2.0
7,1,81,3.8818,4.0
7,1,81,3.2485,4.0
7,1,82,3.9537,5.25
7,1,82,3.4667,5.25
7,1,83,4.2155,4.75
7,1,83,3.4818,4.75
7,1,84,3.7890,4.75
7,1,84,3.3806,4.75
7,1,86,3.8466,3.25
7,1,86,3.6008,3.25
7,1,88,4.2928,6.5
7,1,88,3.6281,6.5
7,1,90,4.3312,4.0
7,1,90,3.1588,4.0
7,1,92,3.5324,5.75
7,1,92,3.5457,5.75
7,1,93,4.2086,4.25
7,1,93,3.0599,4.25
7,1,94,3.9906,3.0
7,1,94,3.4300,3.0
7,1,95,4.1974,4.75
7,1,95,3.6682,4.75
7,1,96,4.3382,5.5
7,1,96,3.4606,5.5
7,1,97,4.0268,5.5
7,1,97,2.8952,5.5
7,1,98,3.9741,3.25
7,1,98,3.6248,3.25
7,1,101,4.2009,4.0
7,1,101,3.4635,4.0
7,1,102,4.2072,4.25
7,1,102,3.3662,4.25
7,1,103,3.9361,3.25
7,1,103,3.3090,3.25
7,1,104,3.6145,4.75
7,1,104,3.2822,4.75
7,1,105,3.9165,4.75
7,1,105,3.1622,4.75
7,1,106,3.5147,4.75
7,1,106,3.3621,4.75
7,1,109,3.1858,6.25
7,1,109,4.5400,4.25
7,2,1,3.8491,4.25
7,2,1,4.0442,2.75
7,2,2,4.0765,2.75
7,2,2,3.9678,5.75
7,2,3,3.9868,5.75
7,2,3,4.2795,3.0
7,2,4,4.1673,3.0
7,2,4,3.6452,3.25
7,2,5,3.9528,3.25
7,2,5,4.1665,4.0
7,2,6,4.2336,4.0
7,2,6,4.2157,5.0
7,2,7,4.0018,5.0
7,2,7,4.3480,4.0
7,2,8,3.6508,4.0
7,2,8,3.9454,4.0
7,2,9,3.8825,4.0
7,2,9,4.0480,4.0
7,2,10,4.2257,4.0
7,2,10,3.7901,2.75
7,2,11,4.0456,2.75
7,2,11,3.9687,4.25
7,2,12,3.8614,4.25
7,2,12,3.8177,4.75
7,2,13,3.7902,4.75
7,2,13,4.3912,5.5
7,2,14,3.9997,5.5
7,2,14,4.1659,5.0
7,2,16,4.4657,5.0
7,2,16,3.8824,6.0
7,2,17,4.0388,6.0
7,2,17,3.9322,3.5
7,2,18,4.2131,3.5
7,2,18,3.8838,4.5
7,2,19,4.3275,4.5
7,2,19,4.0944,5.5
7,2,20,3.9297,5.5
7,2,20,3.5804,1.5
7,2,21,3.8008,1.5
7,2,21,3.1694,3.0
7,2,22,3.8005,3.0
7,2,22,3.5489,1.75
7,2,23,4.3248,1.75
7,2,23,3.5408,3.75
7,2,24,3.7727,3.75
7,2,24,4.1053,4.75
7,2,25,3.6924,4.75
7,2,25,3.8587,4.25
7,2,26,4.3725,4.25
7,2,26,4.0634,4.25
7,2,27,4.5823,4.25
7,2,27,3.5862,5.75
7,2,28,4.2235,5.75
7,2,28,3.2575,1.75
7,2,29,4.0321,1.75
7,2,29,3.5134,3.0
7,2,30,4.0178,3.0
7,2,30,3.8262,3.75
7,2,31,4.1616,3.75
7,2,31,4.3131,4.5
7,2,32,4.0854,4.5
7,2,32,3.9961,1.5
7,2,33,3.8237,1.5
7,2,33,3.9543,4.25
7,2,34,3.9048,4.25
7,2,34,3.7970,3.5
7,2,35,3.9851,3.5
7,2,35,3.9235,2.5
7,2,36,3.9925,2.5
7,2,36,3.8847,3.5
7,2,37,4.4508,3.5
7,2,37,3.6431,5.25
7,2,38,3.2658,5.25
7,2,38,4.0442,4.0
7,2,39,3.3724,4.0
7,2,39,3.9973,5.25
7,2,40,3.7587,5.25
7,2,40,3.5326,3.0
7,2,42,3.8684,3.0
7,2,42,3.2938,2.75
7,2,43,3.8923,2.75
7,2,43,3.3535,4.5
7,2,44,3.8152,4.5
7,2,44,3.5939,2.5
7,2,45,3.9940,2.5
7,2,45,3.5607,4.75
7,2,46,4.0366,4.75
7,2,46,3.7627,4.0
7,2,47,4.1771,4.0
7,2,47,3.6048,3.75
7,2,48,4.0405,3.75
7,2,48,3.6713,4.0
7,2,49,4.1098,4.0
7,2,49,3.5018,4.25
7,2,50,4.3161,4.25
7,2,50,3.2728,4.75
7,2,51,3.9323,4.75
7,2,51,3.3113,3.25
7,2,52,3.4942,3.25
7,2,52,4.0935,5.0
7,2,53,3.3979,5.0
7,2,53,3.8293,4.0
7,2,55,3.8736,4.0
7,2,55,4.1366,4.75
7,2,56,3.8663,4.75
7,2,56,3.9587,1.5
7,2,57,3.5700,1.5
7,2,57,3.8595,4.0
7,2,58,3.8629,4.0
7,2,58,3.6853,4.0
7,2,60,3.9112,4.0
7,2,60,3.2910,5.5
7,2,61,3.5897,5.5
7,2,61,3.7772,5.25
7,2,63,3.3949,5.25
7,2,63,3.9123,3.25
7,2,64,3.9009,3.25
7,2,64,3.9995,5.0
7,2,65,3.5198,5.0
7,2,65,3.5859,5.5
7,2,66,3.3115,5.5
7,2,66,3.5153,6.5
7,2,68,3.5312,6.5
7,2,68,3.6879,4.25
7,2,69,3.4923,4.25
7,2,69,4.2048,3.25
7,2,70,3.6456,3.25
7,2,70,4.0065,4.0
7,2,71,3.7882,4.0
7,2,71,4.1202,4.25
7,2,72,3.6093,4.25
7,2,72,3.9456,3.25
7,2,73,3.7341,3.25
7,2,73,3.5843,2.5
7,2,74,3.5511,2.5
7,2,74,3.8069,3.5
7,2,75,3.3284,3.5
7,2,75,4.1208,4.5
7,2,76,3.3864,4.5
7,2,76,3.5363,4.25
7,2,77,3.2766,4.25
7,2,77,3.7774,5.0
7,2,78,3.3300,5.0
7,2,78,4.0941,4.0
7,2,80,3.7507,4.0
7,2,80,4.3582,3.25
7,2,82,3.4630,3.25
7,2,82,4.0992,5.0
7,2,83,3.8543,5.0
7,2,83,3.8831,3.75
7,2,84,3.8151,3.75
7,2,84,4.0254,2.5
7,2,85,3.5481,2.5
7,2,85,3.8202,2.5
7,2,86,3.8112,2.5
7,2,86,3.8839,4.5
7,2,87,3.4932,4.5
7,2,87,3.9872,5.0
7,2,88,3.7231,5.0
7,2,88,3.8731,3.0
7,2,89,3.5654,3.0
7,2,89,3.7776,4.0
7,2,90,3.5585,4.0
7,2,90,4.3681,3.75
7,2,91,3.6307,3.75
7,2,91,4.4639,4.66667
7,2,92,3.5714,4.66667
7,2,92,3.8632,4.75
7,2,93,3.3171,4.75
7,2,93,3.0648,3.25
7,2,94,3.8680,3.25
7,2,94,3.8276,2.5
7,2,95,3.9700,2.5
7,2,95,4.1783,3.5
7,2,96,3.9031,3.5
7,2,96,3.8679,3.0
7,2,97,3.6744,3.0
7,2,97,4.0836,3.75
7,2,98,3.9441,3.75
7,2,98,4.1678,4.25
7,2,99,3.8970,4.25
7,2,99,3.9583,1.75
7,2,100,3.8067,1.75
7,2,100,4.0591,5.25
7,2,102,3.3574,5.25
7,2,102,4.0793,4.25
7,2,103,4.0565,4.25
7,2,103,4.0090,3.5
7,2,104,3.8273,3.5
7,2,104,3.8986,3.0
7,2,105,3.6057,3.0
7,2,105,3.9372,6.25
7,2,106,3.8379,6.25
7,2,106,4.0785,4.5
7,2,107,3.4128,4.5
7,2,107,3.6247,5.5
7,2,108,3.4453,5.5
7,2,108,2.8498,5.25
7,2,109,3.3601,5.25
7,2,109,3.5016,4.75
8,1,9,3.2514,2.0
8,1,9,2.7666,2.0
8,1,10,3.3597,1.75
8,1,10,2.8357,1.75
8,1,16,3.9006,2.75
8,1,16,2.4759,2.75
8,1,17,3.8341,3.25
8,1,17,2.9414,3.25
8,1,18,3.5484,3.75
8,1,18,3.0349,3.75
8,1,20,3.9133,2.5
8,1,20,2.6943,2.5
8,1,21,3.9862,1.75
8,1,21,3.0925,1.75
8,1,22,3.9097,3.5
8,1,22,2.7310,3.5
8,1,27,3.4403,2.0
8,1,27,2.7402,2.0
8,1,30,3.6485,2.5
8,1,30,2.6580,2.5
8,1,54,3.4270,3.0
8,1,54,2.5501,3.0
8,1,58,3.8111,1.0
8,1,58,2.4127,1.0
8,1,68,3.6906,1.5
8,1,68,2.9835,1.5
8,1,73,3.7372,2.75
8,1,73,3.2358,2.75
8,1,74,3.5935,2.5
8,1,74,2.7092,2.5
8,1,75,3.8612,3.0
8,1,75,2.9103,3.0
8,1,76,4.0301,1.0
8,1,76,2.8773,1.0
8,1,77,4.0233,3.25
8,1,77,2.8896,3.25
8,1,78,3.9402,2.75
8,1,78,3.2645,2.75
8,1,79,3.7831,2.0
8,1,79,3.4763,2.0
8,1,80,3.8330,1.75
8,1,80,3.2336,1.75
8,1,81,3.8857,2.25
8,1,81,3.4633,2.25
8,1,82,3.7963,1.75
8,1,82,2.9171,1.75
8,1,85,3.8805,2.0
8,1,85,2.6594,2.0
8,1,88,4.0226,2.25
8,1,88,2.9428,2.25
8,1,89,3.9855,3.5
8,1,89,3.4491,3.25
8,2,4,3.7330,3.25
8,2,4,2.1297,3.75
8,2,5,2.8157,3.75
8,2,5,2.8758,1.5
8,2,7,3.4399,1.5
8,2,7,2.8901,4.25
8,2,8,3.9950,4.25
8,2,8,2.6972,2.0
8,2,9,2.9658,2.0
8,2,9,2.5146,3.0
8,2,11,3.4018,3.0
8,2,11,2.5662,2.25
8,2,15,2.9841,2.25
8,2,15,2.6880,4.0
8,2,16,3.6883,4.0
8,2,16,2.6665,3.5
8,2,18,3.0437,3.5
8,2,18,2.7364,3.75
8,2,20,3.0962,3.75
8,2,20,2.4116,2.25
8,2,21,3.2095,2.25
8,2,21,2.1402,2.25
8,2,22,3.0164,2.25
8,2,22,2.3349,2.5
8,2,23,2.8057,2.5
8,2,23,3.1065,3.0
8,2,24,3.6409,3.0
8,2,24,2.3149,4.0
8,2,27,3.3492,4.0
8,2,27,2.3597,2.5
8,2,28,3.5011,2.5
8,2,28,2.9465,4.75
8,2,29,3.4286,4.75
8,2,29,2.7023,4.25
8,2,30,3.0809,4.25
8,2,30,2.0000,2.75
8,2,31,3.3576,2.75
8,2,31,1.9820,4.0
8,2,32,3.4261,4.0
8,2,32,1.7222,3.5
8,2,35,3.6861,3.5
8,2,35,1.9477,3.75
8,2,36,3.7548,3.75
8,2,36,2.0097,2.25
8,2,37,3.4913,2.25
8,2,37,2.0534,3.75
8,2,38,3.6938,3.75
8,2,38,1.9810,2.0
8,2,39,3.6674,2.0
8,2,39,2.2497,2.0
8,2,40,3.6016,2.0
8,2,40,2.2162,4.0
8,2,41,3.1429,4.0
8,2,41,2.1943,3.5
8,2,42,3.1912,3.5
8,2,42,2.4353,2.25
8,2,45,3.6296,2.25
8,2,45,2.8224,4.0
8,2,48,3.7424,4.0
8,2,48,2.4235,4.0
8,2,49,3.5833,4.0
8,2,49,2.4817,3.0
8,2,50,3.5308,3.0
8,2,50,2.3357,3.75
8,2,55,3.6374,3.75
8,2,55,2.5323,4.75
8,2,57,3.6076,4.75
8,2,57,2.6842,3.0
8,2,58,3.5744,3.0
8,2,58,2.7911,1.75
8,2,62,3.4390,1.75
8,2,62,2.0297,5.25
8,2,63,3.1090,5.25
8,2,63,2.3345,1.625
8,2,67,3.5314,1.625
8,2,67,2.6801,2.75
8,2,68,3.8207,2.75
8,2,68,2.5389,3.5
8,2,69,4.0476,3.5
8,2,69,2.4060,2.0
8,2,71,2.9369,2.0
8,2,71,2.0914,3.5
8,2,72,3.2093,3.5
8,2,72,2.1999,3.75
8,2,74,3.6160,3.75
8,2,74,2.2837,4.0
9,1,2,4.1597,5.25
9,1,2,5.6286,5.25
9,1,3,4.1598,4.75
9,1,3,5.6304,4.75
9,1,4,4.2449,5.0
9,1,4,5.3623,5.0
9,1,5,3.7538,5.75
9,1,5,5.8999,5.75
9,1,6,4.1108,3.5
9,1,6,5.5282,3.5
9,1,7,3.9490,4.25
9,1,7,5.3720,4.25
9,1,8,5.0890,4.5
9,1,8,5.6092,4.5
9,1,12,5.3481,4.75
9,1,12,5.1012,4.75
9,1,16,4.4937,1.5
9,1,16,5.5544,1.5
9,1,17,4.7555,4.25
9,1,17,5.7360,4.25
9,1,18,4.3458,3.5
9,1,18,5.6886,3.5
9,1,19,5.0884,3.25
9,1,19,5.6938,3.25
9,1,20,4.6750,4.0
9,1,20,5.8482,4.0
9,1,21,4.8059,4.5
9,1,21,5.7416,4.5
9,1,22,4.8713,3.0
9,1,22,5.7314,3.0
9,1,23,4.9815,4.5
9,1,23,5.5172,4.5
9,1,24,4.9722,3.5
9,1,24,4.6743,3.5
9,1,25,4.8413,3.5
9,1,25,5.2514,3.5
9,1,26,4.6694,4.5
9,1,26,4.3162,4.5
9,1,27,4.1679,3.75
9,1,27,5.1609,3.75
9,1,28,4.9830,2.75
9,1,28,5.5092,2.75
9,1,29,4.9703,2.5
9,1,29,5.7586,2.5
9,1,30,4.7530,3.0
9,1,30,5.7684,3.0
9,1,31,4.9157,3.5
9,1,31,5.4652,3.5
9,1,32,4.9761,2.75
9,1,32,5.6337,2.75
9,1,33,4.9186,3.75
9,1,33,5.7310,3.75
9,1,34,4.7543,3.25
9,1,34,4.7827,3.25
9,1,35,5.0202,3.5
9,1,35,5.0861,3.5
9,1,36,4.7179,3.5
9,1,36,5.8291,3.5
9,1,37,4.5651,4.5
9,1,37,5.8609,4.5
9,1,38,4.2684,3.5
9,1,38,5.0317,3.5
9,1,39,4.3736,2.75
9,1,39,5.5523,2.75
9,1,40,4.4701,2.25
9,1,40,5.8324,2.25
9,1,41,4.7649,3.0
9,1,41,5.7260,3.0
9,1,42,4.9255,4.0
9,1,42,5.7042,4.0
9,1,50,3.4381,3.5
9,1,50,5.5924,3.5
9,1,51,3.5424,3.5
9,1,51,5.4375,3.5
9,1,52,4.1238,2.75
9,1,52,5.6732,2.75
9,1,53,4.7876,3.0
9,1,53,5.2711,3.0
9,1,54,4.4227,2.75
9,1,54,4.9886,2.75
9,1,55,3.9900,3.5
9,1,55,5.3723,3.5
9,1,56,5.0252,3.75
9,1,56,4.6527,3.75
9,1,59,4.1132,2.75
9,1,59,4.6681,2.75
9,1,60,4.4986,4.0
9,1,60,5.3267,4.0
9,1,61,4.9625,3.5
9,1,61,5.2895,3.5
9,1,63,4.5914,3.25
9,1,63,4.7619,3.25
9,1,64,4.6434,4.25
9,1,64,4.9921,4.25
9,1,65,4.6960,2.0
9,1,65,5.2107,2.0
9,1,66,4.4325,4.75
9,1,66,4.7850,4.75
9,1,67,4.2626,4.25
9,1,67,5.3971,4.25
9,1,68,4.9500,3.5
9,1,68,5.3302,3.5
9,1,69,3.4831,5.5
9,1,69,5.5762,5.5
9,1,72,4.6787,3.75
9,1,72,4.9038,3.75
9,1,73,4.6390,3.25
9,1,73,4.7667,3.25
9,1,74,4.3587,3.0
9,1,74,5.3803,3.0
9,1,75,4.7235,2.5
9,1,75,5.3816,2.5
9,1,76,4.8388,4.0
9,1,76,5.2757,4.0
9,1,77,4.9612,3.25
9,1,77,5.3473,3.25
9,1,78,4.7617,3.5
9,1,78,5.3087,3.5
9,1,79,4.3174,4.0
9,1,79,5.3921,4.0
9,1,81,4.2684,2.25
9,1,81,5.1803,2.25
9,1,82,4.1339,4.0
9,1,82,5.1586,4.0
9,1,83,4.7198,4.25
9,1,83,5.2097,4.25
9,1,84,4.6951,3.0
9,1,84,5.1798,3.0
9,1,85,4.7665,4.75
9,1,85,5.7047,4.75
9,1,86,4.3683,4.0
9,1,86,5.4118,4.0
9,1,87,4.4092,3.25
9,1,87,5.3862,3.25
9,1,88,3.9805,3.25
9,1,88,5.5514,3.25
9,1,89,4.1277,2.75
9,1,89,5.3982,2.75
9,1,90,3.9260,2.75
9,1,90,4.8854,2.75
9,1,91,4.2700,3.75
9,1,91,4.8110,3.75
9,1,92,3.8223,4.0
9,1,92,4.9048,4.0
9,1,93,4.5276,3.25
9,1,93,5.3444,3.25
9,1,94,4.6564,3.0
9,1,94,5.2358,3.0
9,1,95,4.3035,4.25
9,1,95,5.3500,4.25
9,1,96,4.4269,4.25
9,1,96,4.8998,4.25
9,1,97,4.5146,3.5
9,1,97,5.0317,3.5
9,1,98,3.8011,2.25
9,1,98,5.0998,2.25
9,1,99,4.0202,3.0
9,1,99,5.3067,3.0
9,1,100,4.3085,4.25
9,1,100,5.3342,4.25
9,1,101,4.4262,2.25
9,1,101,5.3421,2.25
9,1,102,4.7347,3.75
9,1,102,5.1419,3.75
9,1,103,4.1741,2.25
9,1,103,5.6249,2.25
9,1,104,4.7254,3.0
9,1,104,5.5146,3.0
9,1,105,4.8587,3.75
9,1,105,5.3632,3.75
9,1,106,4.6487,4.0
9,1,106,5.3882,4.0
9,1,107,4.6196,4.25
9,1,107,5.3198,4.25
9,1,110,4.0933,4.25
9,1,110,5.4926,4.25
9,1,111,4.4325,3.0
9,1,111,4.5242,4.0
9,2,2,5.2670,4.0
9,2,2,4.4918,4.5
9,2,3,5.0158,4.5
9,2,3,3.7817,5.25
9,2,4,4.8882,5.25
9,2,4,3.8869,5.5
9,2,5,4.5518,5.5
9,2,5,3.9194,5.75
9,2,6,5.0712,5.75
9,2,6,4.2699,5.25
9,2,7,5.4417,5.25
9,2,7,4.7304,4.5
9,2,8,5.1389,4.5
9,2,8,4.9507,5.75
9,2,9,4.7655,5.75
9,2,9,5.4881,4.75
9,2,10,5.1889,4.75
9,2,10,5.1350,4.5
9,2,11,4.9598,4.5
9,2,11,4.9682,5.5
9,2,12,4.6625,5.5
9,2,12,4.5863,3.75
9,2,13,4.9047,3.75
9,2,13,4.1599,2.75
9,2,16,4.8928,2.75
9,2,16,4.2078,4.0
9,2,17,4.3096,4.0
9,2,17,4.3150,4.25
9,2,18,4.6460,4.25
9,2,18,4.6956,3.0
9,2,20,4.8918,3.0
9,2,20,4.5901,3.75
9,2,21,4.6807,3.75
9,2,21,4.5813,3.0
9,2,22,4.3884,3.0
9,2,22,4.6179,2.75
9,2,23,5.0409,2.75
9,2,23,4.6920,1.75
9,2,24,5.1252,1.75
9,2,24,4.2545,5.75
9,2,25,4.9951,5.75
9,2,25,4.6622,3.25
9,2,27,4.9427,3.25
9,2,27,4.4204,2.75
9,2,30,5.0088,2.75
9,2,30,4.4039,2.75
9,2,31,4.9823,2.75
9,2,31,4.6826,2.25
9,2,32,5.2006,2.25
9,2,32,3.6612,2.5
9,2,34,5.1773,2.5
9,2,34,4.5938,4.75
9,2,36,4.9619,4.75
9,2,36,4.6521,3.75
9,2,37,4.4760,3.75
9,2,37,3.5983,2.0
9,2,38,4.7763,2.0
9,2,38,4.6872,3.25
9,2,42,4.8545,3.25
9,2,42,4.8351,3.0
9,2,45,5.3750,3.0
9,2,45,5.0695,4.75
9,2,46,4.9362,4.75
9,2,46,4.6682,4.0
9,2,50,4.8444,4.0
9,2,50,3.4257,3.75
9,2,53,5.1387,3.75
9,2,53,4.3687,4.0
9,2,62,4.6196,4.0
9,2,62,4.1568,5.0
9,2,63,4.6764,5.0
9,2,63,3.9125,4.5
9,2,64,5.3690,4.5
9,2,64,3.9238,5.5
9,2,66,4.9607,5.5
9,2,66,4.9262,4.25
9,2,67,5.2126,4.25
9,2,67,4.5983,3.25
9,2,68,4.9407,3.25
9,2,68,5.0847,3.25
9,2,69,4.4708,3.25
9,2,69,4.7266,4.75
9,2,70,4.7240,4.75
9,2,70,4.2938,5.25
9,2,71,4.8286,5.25
9,2,71,3.4059,5.25
9,2,74,4.7540,5.25
9,2,74,4.3531,3.75
9,2,75,3.9594,3.75
9,2,75,4.1373,4.25
9,2,77,4.8449,4.25
9,2,77,4.2140,5.5
9,2,78,5.0774,5.5
9,2,78,3.9252,5.25
9,2,79,4.5371,5.25
9,2,79,4.4977,4.75
9,2,81,5.0372,4.75
9,2,81,4.5564,3.75
9,2,84,4.8445,3.75
9,2,84,4.3895,4.75
9,2,85,4.7967,4.75
9,2,85,3.6521,4.0
9,2,86,4.7062,4.0
9,2,86,4.7614,3.25
9,2,87,5.2290,3.25
9,2,87,4.5175,4.5
9,2,88,5.1932,4.5
9,2,88,4.8236,2.75
9,2,89,4.8309,2.75
9,2,89,4.5167,3.25
9,2,90,5.1304,3.25
9,2,90,4.1515,4.25
9,2,91,5.1988,4.25
9,2,91,4.5825,4.25
9,2,92,4.9084,4.25
9,2,92,5.1251,5.0
9,2,95,4.7436,5.0
9,2,95,4.4898,3.0
9,2,96,4.9889,3.0
9,2,96,3.8301,4.5
9,2,98,5.3182,4.5
9,2,98,4.9123,5.75
9,2,100,5.1032,5.75
9,2,100,3.7715,3.0
9,2,103,5.0064,3.0
9,2,103,4.1799,3.25
9,2,104,5.0531,3.25
9,2,104,4.8658,4.5
9,2,105,4.9958,4.5
9,2,105,4.8158,3.75
9,2,107,5.0391,3.75
9,2,107,4.0340,4.25
9,2,108,5.0136,4.25
9,2,108,4.1871,2.25
9,2,109,5.1784,2.25
9,2,109,4.8943,4.5
10,1,4,3.3791,5.5
10,1,4,4.5831,5.5
10,1,5,3.5538,5.0
10,1,5,4.4144,5.0
10,1,6,3.5225,5.0
10,1,6,4.3121,5.0
10,1,7,3.2512,5.5
10,1,7,4.4984,5.5
10,1,8,3.3837,6.25
10,1,8,3.8982,6.25
10,1,9,3.4611,5.5
10,1,9,4.1428,5.5
10,1,10,3.2362,5.0
10,1,10,4.6151,5.0
10,1,11,3.6830,4.0
10,1,11,4.4835,4.0
10,1,12,3.4618,4.5
10,1,12,4.5984,4.5
10,1,13,2.9808,4.25
10,1,13,4.1056,4.25
10,1,14,3.0768,3.75
10,1,14,4.2700,3.75
10,1,20,3.5336,5.0
10,1,20,4.4217,5.0
10,1,21,3.5397,5.25
10,1,21,4.3478,5.25
10,1,22,3.4909,4.5
10,1,22,4.0784,4.5
10,1,24,3.5750,4.75
10,1,24,4.3883,4.75
10,1,25,3.5844,4.5
10,1,25,4.4457,4.5
10,1,26,3.6188,2.375
10,1,26,4.4252,2.375
10,1,27,3.2792,4.25
10,1,27,4.4037,4.25
10,1,28,3.4557,4.75
10,1,28,4.5344,4.75
10,1,29,3.2347,4.5
10,1,29,4.2117,4.5
10,1,30,3.3728,5.5
10,1,30,4.1984,5.5
10,1,31,3.2097,4.75
10,1,31,4.2043,4.75
10,1,32,3.1570,3.75
10,1,32,4.2532,3.75
10,1,33,3.6312,4.5
10,1,33,4.4749,4.5
10,1,36,3.6804,4.75
10,1,36,4.5748,4.75
10,1,39,3.6895,4.0
10,1,39,4.4522,4.0
10,1,42,3.4719,5.25
10,1,42,4.3898,5.25
10,1,43,3.4600,4.5
10,1,43,4.6673,4.5
10,1,44,3.6984,4.5
10,1,44,4.4578,4.5
10,1,45,3.7050,2.875
10,1,45,4.2154,2.875
10,1,46,3.5608,5.0
10,1,46,4.0883,5.0
10,1,47,3.9128,5.25
10,1,47,4.4799,5.25
10,1,48,3.5684,5.0
10,1,48,4.3334,5.0
10,1,49,3.3391,4.0
10,1,49,4.3866,4.0
10,1,50,3.3847,5.25
10,1,50,4.2741,5.25
10,1,51,3.5989,5.5
10,1,51,4.2792,5.5
10,1,52,3.4960,5.0
10,1,52,4.2164,5.0
10,1,53,3.5471,5.25
10,1,53,4.0489,5.25
10,1,55,3.6528,5.25
10,1,55,4.4055,5.25
10,1,56,3.3487,4.5
10,1,56,4.4138,4.5
10,1,57,3.7074,1.5
10,1,57,4.2017,1.5
10,1,61,3.5136,4.0
10,1,61,4.1542,4.0
10,1,62,3.7094,3.75
10,1,62,4.1552,3.75
10,1,63,3.6335,4.25
10,1,63,4.4011,4.25
10,1,64,3.4540,5.0
10,1,64,4.2069,5.0
10,1,65,3.1956,5.75
10,1,65,3.8689,5.75
10,1,66,3.3844,6.0
10,1,66,4.0416,6.0
10,1,67,3.7562,5.25
10,1,67,4.1885,5.25
10,1,68,4.0169,3.75
10,1,68,3.8965,3.75
10,1,69,3.7193,4.5
10,1,69,4.1816,4.5
10,1,72,3.4208,3.0
10,1,72,4.3359,3.0
10,1,73,3.2791,4.25
10,1,73,4.3236,4.25
10,1,74,3.0722,4.75
10,1,74,4.2837,4.75
10,1,75,3.1132,4.5
10,1,75,3.9276,4.5
10,1,76,3.1379,4.75
10,1,76,4.0509,4.75
10,1,77,3.2402,4.5
10,1,77,3.9234,4.5
10,1,78,3.7565,5.5
10,1,78,4.3489,5.5
10,1,79,3.4019,4.5
10,1,79,4.3457,4.5
10,1,80,3.3977,5.0
10,1,80,4.3795,5.0
10,1,81,3.1858,4.25
10,1,81,4.1309,4.25
10,1,82,3.1166,4.5
10,1,82,4.0973,4.5
10,1,83,3.0619,3.0
10,1,83,4.1123,3.0
10,1,84,2.9707,2.75
10,1,84,4.3318,2.75
10,1,85,3.1503,4.75
10,1,85,4.4514,4.75
10,1,86,3.2929,4.0
10,1,86,4.2024,4.0
10,1,87,3.2158,4.75
10,1,87,4.4607,4.75
10,1,88,2.9483,5.5
10,1,88,4.1471,5.5
10,1,89,3.3510,5.25
10,1,89,4.3969,5.25
10,1,90,3.6658,3.75
10,1,90,4.1957,3.75
10,1,91,3.3940,4.5
10,1,91,4.4986,4.5
10,1,92,3.8077,5.0
10,1,92,4.6275,5.0
10,1,93,3.3096,4.0
10,1,93,4.5529,4.0
10,1,94,3.6944,5.0
10,1,94,4.4687,5.0
10,1,95,3.3286,4.75
10,1,95,4.2044,4.75
10,1,96,3.0736,4.5
10,1,96,4.2391,4.5
10,1,97,3.2055,3.75
10,1,97,4.1404,3.75
10,1,98,3.5136,4.5
10,1,98,4.3728,4.5
10,1,99,2.5834,5.25
10,1,99,4.0602,5.25
10,1,100,3.5521,4.0
10,1,100,4.4256,4.0
10,1,101,3.1290,5.5
10,1,101,4.5436,5.5
10,1,102,3.2192,5.0
10,1,102,4.1797,5.0
10,1,103,3.2135,3.75
10,1,103,4.2728,3.75
10,1,104,3.2254,4.5
10,1,104,4.0137,4.5
10,1,105,3.2424,4.0
10,1,105,3.9521,4.0
10,1,106,3.6927,2.0
10,1,106,4.0944,2.0
10,1,107,3.0020,5.0
10,1,107,4.0998,5.0
10,1,108,3.3863,5.0
10,1,108,2.6642,3.75
10,2,3,4.4492,3.75
10,2,3,2.7482,6.25
10,2,4,4.2914,6.25
10,2,4,2.7126,5.5
10,2,5,4.2717,5.5
10,2,5,2.6202,5.25
10,2,6,4.1190,5.25
10,2,6,2.7984,5.25
10,2,7,4.4296,5.25
10,2,7,3.3964,5.75
10,2,8,4.3901,5.75
10,2,8,3.0930,3.25
10,2,9,4.4566,3.25
10,2,9,3.6026,5.25
10,2,10,4.2799,5.25
10,2,10,3.3430,4.5
10,2,11,4.1631,4.5
10,2,11,3.0594,4.25
10,2,12,4.5235,4.25
10,2,12,3.3538,5.25
10,2,13,4.4747,5.25
10,2,13,3.2031,5.25
10,2,14,4.5981,5.25
10,2,14,2.8260,5.75
10,2,15,4.5685,5.75
10,2,15,2.2847,4.5
10,2,19,4.1247,4.5
10,2,19,2.5096,2.75
10,2,20,4.4179,2.75
10,2,20,2.3134,5.5
10,2,21,4.2978,5.5
10,2,21,3.2812,5.5
10,2,22,4.2422,5.5
10,2,22,2.5028,5.0
10,2,23,4.1752,5.0
10,2,23,3.5171,3.5
10,2,26,4.0677,3.5
10,2,26,3.2546,4.5
10,2,28,4.3230,4.5
10,2,28,3.2552,5.0
10,2,29,4.1998,5.0
10,2,29,2.8722,5.75
10,2,30,4.2073,5.75
10,2,30,2.8547,4.75
10,2,33,4.2443,4.75
10,2,33,3.4846,3.75
10,2,36,4.1954,3.75
10,2,36,2.5837,5.0
10,2,37,4.3559,5.0
10,2,37,3.0454,4.75
10,2,38,4.4893,4.75
10,2,38,3.3385,5.25
10,2,39,4.3877,5.25
10,2,39,3.1289,5.25
10,2,41,4.2019,5.25
10,2,41,3.1356,5.5
10,2,42,4.4289,5.5
10,2,42,3.1775,5.75
10,2,43,3.9244,5.75
10,2,43,2.5229,5.25
10,2,47,4.5043,5.25
10,2,47,3.1153,5.5
10,2,51,4.2675,5.5
10,2,51,3.0057,5.5
10,2,52,3.8905,5.5
10,2,52,3.0556,6.75
10,2,53,4.1591,6.75
10,2,53,3.6436,5.5
10,2,54,4.1924,5.5
10,2,54,3.0493,3.75
10,2,55,3.7939,3.75
10,2,55,2.8154,5.25
10,2,56,3.9816,5.25
10,2,56,2.9003,5.5
10,2,58,4.0199,5.5
10,2,58,2.4933,5.0
10,2,65,4.1450,5.0
10,2,65,2.7388,3.0
10,2,66,4.5154,3.0
10,2,66,2.5360,4.33333
10,2,67,3.8878,4.33333
10,2,67,2.8447,4.75
10,2,68,4.1306,4.75
10,2,68,2.7480,5.25
10,2,69,4.4802,5.25
10,2,69,2.5536,4.66667
10,2,70,4.3067,4.66667
10,2,70,2.8984,4.0
10,2,71,4.1257,4.0
10,2,71,2.8806,6.25
10,2,72,4.2076,6.25
10,2,72,2.2606,5.5
10,2,73,4.1916,5.5
10,2,73,2.9007,4.75
10,2,74,4.2262,4.75
10,2,74,2.6226,4.5
10,2,75,4.2676,4.5
10,2,75,2.6825,4.5
10,2,76,4.2670,4.5
10,2,76,2.2313,3.5
10,2,77,4.1634,3.5
10,2,77,2.2383,5.25
10,2,78,4.2498,5.25
10,2,78,2.5252,5.5
10,2,79,3.9274,5.5
10,2,79,2.1563,4.5
10,2,80,3.7006,4.5
10,2,80,2.8411,5.25
10,2,81,4.2472,5.25
10,2,81,2.7155,5.25
10,2,82,4.1525,5.25
10,2,82,2.4015,4.25
10,2,83,3.9740,4.25
10,2,83,2.7113,4.0
10,2,84,4.3937,4.0
10,2,84,2.5455,5.25
10,2,85,4.0028,5.25
10,2,85,2.5989,4.5
10,2,86,4.0989,4.5
10,2,86,2.4306,5.5
10,2,87,4.2590,5.5
10,2,87,2.6694,5.5
10,2,88,4.2506,5.5
10,2,88,2.3936,4.0
10,2,89,4.4433,4.0
10,2,89,2.8965,4.25
10,2,90,4.4791,4.25
10,2,90,3.3853,4.25
10,2,91,4.8504,4.25
10,2,91,3.2823,5.75
11,1,4,4.3043,5.75
11,1,4,3.5815,5.75
11,1,5,4.2077,4.5
11,1,5,3.6627,4.5
11,1,6,4.1705,5.0
11,1,6,3.5906,5.0
11,1,7,4.4448,4.25
11,1,7,3.1348,4.25
11,1,8,4.2436,4.25
11,1,8,3.4576,4.25
11,1,9,4.3176,4.0
11,1,9,3.0238,4.0
11,1,10,4.5899,4.66667
11,1,10,3.7091,4.66667
11,1,11,4.6058,4.5
11,1,11,3.4784,4.5
11,1,12,4.3860,5.5
11,1,12,3.6645,5.5
11,1,13,4.7280,5.25
11,1,13,2.9895,5.25
11,1,14,4.5217,4.25
11,1,14,3.2820,4.25
11,1,15,4.5807,3.5
11,1,15,3.5940,3.5
11,1,19,3.4570,6.25
11,1,19,3.1067,6.25
11,1,20,3.7211,5.5
11,1,20,3.2037,5.5
11,1,21,3.6647,4.25
11,1,21,2.9069,4.25
11,1,22,3.7224,6.25
11,1,22,2.9507,6.25
11,1,23,3.7462,5.75
11,1,23,3.3542,5.75
11,1,24,3.7380,3.25
11,1,24,2.8856,3.25
11,1,25,4.0002,5.0
11,1,25,3.3544,5.0
11,1,26,3.6637,4.0
11,1,26,2.9632,4.0
11,1,27,3.7702,4.5
11,1,27,2.9844,4.5
11,1,28,3.6003,4.5
11,1,28,3.0179,4.5
11,1,29,3.7589,5.5
11,1,29,3.3456,5.5
11,1,30,3.9508,4.25
11,1,30,3.1034,4.25
11,1,31,3.6678,5.5
11,1,31,3.2710,5.5
11,1,32,3.7238,4.25
11,1,32,3.0933,4.25
11,1,33,3.7914,5.0
11,1,33,3.7545,5.0
11,1,34,3.7909,4.5
11,1,34,3.0277,4.5
11,1,35,4.0441,4.5
11,1,35,3.0721,4.5
11,1,36,3.7797,5.0
11,1,36,3.1452,5.0
11,1,37,3.8143,3.75
11,1,37,3.0374,3.75
11,1,38,4.0024,4.5
11,1,38,3.4907,4.5
11,1,39,3.8820,5.0
11,1,39,2.9977,5.0
11,1,48,3.8349,2.25
11,1,48,3.2799,2.25
11,1,50,4.2335,3.0
11,1,50,3.8835,3.0
11,1,51,4.1673,4.75
11,1,51,3.8999,4.75
11,1,57,3.7640,2.5
11,1,57,3.4617,2.5
11,1,62,3.9191,5.0
11,1,62,3.8918,5.0
11,1,63,3.8777,6.25
11,1,63,3.3136,6.25
11,1,64,3.7597,5.0
11,1,64,3.4218,5.0
11,1,66,3.9332,3.25
11,1,66,3.7460,3.25
11,1,68,4.0895,4.25
11,1,68,3.5562,4.25
11,1,69,3.8665,4.0
11,1,69,3.0210,4.0
11,1,70,3.9516,5.0
11,1,70,3.5404,5.0
11,1,73,4.1077,5.25
11,1,73,3.5365,5.25
11,1,75,4.0591,3.5
11,1,75,3.7902,3.5
11,1,76,3.8435,4.0
11,1,76,3.2590,4.0
11,1,77,3.8037,6.0
11,1,77,3.7198,6.0
11,1,78,3.7983,5.0
11,1,78,3.7685,5.0
11,1,79,3.7123,4.5
11,1,79,3.5183,4.5
11,1,80,3.8143,6.0
11,1,80,3.6365,6.0
11,1,81,3.9885,4.5
11,1,81,3.6201,4.5
11,1,82,3.8360,4.5
11,1,82,3.7519,4.5
11,1,83,3.8868,3.5
11,1,83,3.8013,3.5
11,1,84,4.0229,3.5
11,1,84,3.2856,3.5
11,1,87,3.7760,2.75
11,1,87,3.1541,2.75
11,1,88,3.8361,3.75
11,1,88,3.0663,3.75
11,1,90,3.6283,4.25
11,1,90,3.1448,4.25
11,1,91,4.0753,5.5
11,1,91,3.4576,5.5
11,1,93,4.2370,4.25
11,1,93,3.4685,4.25
11,1,94,3.8435,5.75
11,1,94,2.8720,5.75
11,1,95,3.9968,4.25
11,1,95,2.9853,4.25
11,1,96,4.0304,4.75
11,1,96,3.8254,4.75
11,1,97,3.9062,3.75
11,1,97,3.2970,3.75
11,1,98,4.0503,4.5
11,1,98,3.6148,4.5
11,1,99,3.9472,6.25
11,1,99,4.4056,5.0
11,2,3,3.1272,5.0
11,2,3,4.4713,4.0
11,2,4,4.1310,4.0
11,2,4,4.5871,2.25
11,2,5,3.3216,2.25
11,2,5,4.3700,5.5
11,2,6,3.3311,5.5
11,2,6,4.3882,0.75
11,2,7,3.7267,0.75
11,2,7,3.7478,5.0
11,2,8,3.5561,5.0
11,2,8,4.0682,3.5
11,2,9,3.5093,3.5
11,2,9,4.5912,4.75
11,2,10,3.2185,4.75
11,2,10,3.8861,2.25
11,2,12,3.2814,2.25
11,2,12,3.6819,3.75
11,2,17,3.4062,3.75
11,2,17,4.1617,4.0
11,2,18,3.2807,4.0
11,2,18,4.1281,5.25
11,2,19,3.6397,5.25
11,2,19,4.1329,4.75
11,2,20,2.8965,4.75
11,2,20,3.7652,6.25
11,2,21,3.7593,6.25
11,2,21,4.1618,3.75
11,2,22,3.4308,3.75
11,2,22,4.1754,5.75
11,2,23,3.5346,5.75
11,2,23,4.0929,5.0
11,2,24,3.3548,5.0
11,2,24,4.2121,5.0
11,2,25,3.1803,5.0
11,2,25,3.6789,3.5
11,2,26,3.5339,3.5
11,2,26,3.5607,5.5
11,2,27,3.4554,5.5
11,2,27,3.7833,4.5
11,2,28,3.2014,4.5
11,2,28,3.5146,4.75
11,2,29,3.7715,4.75
11,2,29,3.8866,4.0
11,2,30,2.9286,4.0
11,2,30,4.1861,5.0
11,2,31,3.3809,5.0
11,2,31,4.3271,5.25
11,2,32,3.3556,5.25
11,2,32,4.0904,4.25
11,2,33,3.5372,4.25
11,2,33,4.4195,6.5
11,2,34,3.3537,6.5
11,2,34,4.0464,3.75
11,2,35,3.5997,3.75
11,2,35,4.1811,4.25
11,2,36,3.5916,4.25
11,2,36,2.9844,5.0
11,2,37,2.8928,5.0
11,2,37,4.5367,4.25
11,2,38,2.8129,4.25
11,2,38,3.6755,4.5
11,2,39,3.4760,4.5
11,2,39,4.1044,4.25
11,2,40,3.3674,4.25
11,2,40,4.3684,4.75
11,2,41,3.3535,4.75
11,2,41,4.0293,4.75
11,2,42,3.1284,4.75
11,2,42,4.1156,5.25
11,2,43,3.1263,5.25
11,2,43,4.3564,5.5
11,2,44,3.2987,5.5
11,2,44,4.1162,4.25
11,2,45,3.2850,4.25
11,2,45,4.1942,4.25
11,2,46,3.2369,4.25
11,2,46,4.2610,4.0
11,2,47,3.1981,4.0
11,2,47,4.1783,6.5
11,2,48,2.6135,6.5
11,2,48,4.2675,2.75
11,2,49,3.1991,2.75
11,2,49,4.1522,4.25
11,2,50,2.9957,4.25
11,2,50,3.9430,4.5
11,2,51,3.0618,4.5
11,2,51,4.1354,5.0
11,2,52,2.9229,5.0
11,2,52,4.1098,4.5
11,2,53,2.8391,4.5
11,2,53,4.2298,3.75
11,2,54,3.3016,3.75
11,2,54,3.4522,4.5
11,2,55,3.5792,4.5
11,2,55,3.7508,4.75
11,2,56,3.9120,4.75
11,2,56,4.6966,2.5
11,2,60,3.6158,2.5
11,2,60,3.8324,3.25
11,2,61,3.2764,3.25
11,2,61,3.8392,1.75
11,2,62,3.6377,1.75
11,2,62,4.1261,2.75
11,2,63,3.2766,2.75
11,2,63,4.2271,4.25
11,2,64,4.1398,4.25
11,2,64,4.1635,2.5
11,2,65,4.1488,2.5
11,2,65,4.0786,1.75
11,2,66,4.0274,1.75
11,2,66,3.7612,4.75
11,2,67,3.8816,4.75
11,2,67,3.9083,4.0
11,2,68,4.1685,4.0
11,2,68,4.2475,3.25
11,2,69,3.8061,3.25
11,2,69,4.3609,4.25
11,2,72,2.7096,4.25
11,2,72,4.3516,4.25
11,2,73,3.3008,4.25
11,2,73,4.1448,4.25
11,2,74,2.5260,4.25
11,2,74,4.3050,2.5
11,2,75,2.6861,2.5
11,2,75,4.3781,5.5
11,2,76,3.1503,5.5
11,2,76,4.2749,4.5
11,2,77,2.5202,4.5
11,2,77,4.2574,5.5
11,2,78,2.8380,5.5
11,2,78,3.7505,4.25
11,2,79,3.3471,4.25
11,2,79,4.1220,3.75
11,2,80,2.5069,3.75
11,2,80,4.0911,3.0
11,2,81,2.9656,3.0
11,2,81,4.0282,4.75
11,2,82,3.3745,4.75
11,2,82,3.9444,4.0
11,2,83,3.5021,4.0
11,2,83,4.2953,4.75
11,2,84,2.4601,4.75
11,2,84,4.1198,5.0
11,2,85,2.6555,5.0
11,2,85,4.3276,5.75
11,2,86,3.2592,5.75
11,2,86,4.0495,4.25
11,2,87,2.3629,4.25
11,2,87,4.3415,5.0
11,2,88,3.4615,5.0
11,2,88,4.3756,4.75
11,2,89,3.0443,4.75
11,2,89,3.9863,3.25
11,2,90,2.5335,3.25
11,2,90,4.2083,4.5
11,2,91,3.2755,4.5
11,2,91,3.9496,5.5
11,2,92,2.3639,5.5
11,2,92,3.8643,5.0
11,2,93,2.8813,5.0
11,2,93,4.2340,4.25
11,2,94,3.4683,4.25
11,2,94,3.7121,4.0
11,2,95,2.6659,4.0
11,2,95,4.0187,5.0
11,2,96,2.2920,5.0
11,2,96,4.1713,3.75
11,2,97,2.1006,3.75
11,2,97,4.1214,5.0
11,2,98,3.0203,5.0
11,2,98,4.1997,5.5
11,2,99,3.7293,5.5
11,2,99,3.8711,4.5
11,2,100,2.8265,4.5
11,2,100,3.6033,4.75
11,2,101,2.7250,4.75
11,2,101,3.9392,3.75
11,2,102,2.7412,3.75
11,2,102,3.6527,5.25
11,2,103,2.7902,5.25
11,2,103,3.4787,6.0
11,2,104,2.5110,6.0
11,2,104,4.3382,4.5
11,2,105,2.7915,4.5
11,2,105,3.2163,3.0
11,2,106,3.4135,3.0
11,2,106,4.3076,4.75
11,2,109,2.6703,4.75
11,2,109,4.4931,4.75
11,2,110,2.7717,4.75
11,2,110,3.6889,4.5
12,1,2,4.1525,6.5
12,1,2,3.8046,6.5
12,1,3,4.1237,6.0
12,1,3,3.5892,6.0
12,1,5,3.7429,6.0
12,1,5,3.2643,6.0
12,1,6,4.6389,5.0
12,1,6,3.2067,5.0
12,1,7,4.2038,6.25
12,1,7,3.1432,6.25
12,1,8,4.4044,5.25
12,1,8,3.0791,5.25
12,1,9,4.2504,4.75
12,1,9,3.6887,4.75
12,1,10,3.9382,5.25
12,1,10,3.4280,5.25
12,1,11,4.5374,5.0
12,1,11,3.4853,5.0
12,1,12,3.6956,5.75
12,1,12,3.5757,5.75
12,1,69,3.7849,3.75
12,1,69,4.3111,4.0
12,2,4,3.6293,4.0
12,2,4,4.3846,5.25
12,2,5,3.4566,5.25
12,2,5,3.7178,5.0
12,2,11,3.4688,5.0
12,2,11,3.8623,5.25
16,2,5,3.3669,4.0
16,2,5,2.8713,4.0
16,2,6,3.2816,4.5
16,2,6,2.8708,4.5
16,2,7,3.2474,5.0
16,2,7,2.8024,5.0
16,2,8,3.1257,3.25
16,2,8,2.6394,3.25
16,2,9,3.1529,3.5
16,2,9,2.8632,3.5
16,2,10,2.9476,5.5
16,2,10,3.3298,5.5
16,2,11,2.9553,4.5
16,2,11,3.1278,4.5
16,2,12,3.1407,5.5
16,2,12,2.6763,5.5
16,2,13,2.9145,4.5
16,2,13,2.7284,4.5
16,2,14,3.2393,4.0
16,2,14,2.7965,4.0
16,2,15,3.0909,4.25
16,2,15,2.5602,4.25
16,2,21,3.4575,3.75
16,2,21,2.8344,3.75
16,2,22,2.8242,1.75
16,2,22,3.2850,1.75
16,2,23,3.2978,2.5
16,2,23,3.1846,2.5
16,2,24,3.1348,3.5
16,2,24,3.0943,3.5
16,2,25,3.1412,3.0
16,2,25,2.8154,3.0
16,2,26,3.4142,3.25
16,2,26,2.6588,3.25
16,2,27,3.3087,4.25
16,2,27,3.1504,4.25
16,2,28,2.7501,3.25
16,2,28,2.1180,3.25
16,2,29,2.8882,2.0
16,2,29,2.4458,2.0
16,2,30,2.6623,3.0
16,2,30,2.5893,3.0
16,2,31,2.8821,2.0
16,2,31,3.2528,2.0
16,2,32,2.9151,2.75
16,2,32,3.1536,2.75
16,2,33,2.8631,1.5
16,2,33,3.0782,1.5
16,2,34,2.6566,2.25
16,2,34,3.2214,2.25
16,2,35,3.0571,2.5
16,2,35,2.2691,2.5
16,2,36,3.1165,3.75
16,2,36,2.4909,3.75
16,2,37,3.3096,4.5
16,2,37,2.9993,4.5
16,2,38,2.7202,4.0
16,2,38,2.4982,4.0
16,2,39,2.9934,2.25
16,2,39,2.9614,2.25
16,2,40,2.8655,2.0
16,2,40,2.7568,2.0
16,2,41,2.3437,1.75
16,2,41,2.6950,1.75
16,2,42,2.9466,2.5
16,2,42,2.4099,2.5
16,2,43,3.2198,2.25
16,2,43,2.5472,2.25
16,2,44,3.0224,2.75
16,2,44,2.1656,2.75
16,2,45,2.6773,3.0
16,2,45,2.9601,3.0
16,2,46,2.8418,2.5
16,2,46,2.8256,2.5
16,2,47,3.0129,1.75
16,2,47,2.5015,1.75
16,2,48,3.1251,3.25
16,2,48,2.4047,3.25
16,2,49,3.0815,2.75
16,2,49,3.0311,2.75
16,2,50,2.7994,2.25
16,2,50,3.0049,2.25
16,2,51,2.6101,3.5
16,2,51,2.9902,3.5
16,2,52,2.7466,2.25
16,2,52,2.7214,2.25
16,2,53,2.7995,4.0
16,2,53,3.1057,4.0
16,2,54,3.2421,1.25
16,2,54,2.8376,1.25
16,2,55,3.1738,4.0
16,2,55,2.7461,4.0
16,2,56,3.2806,4.75
16,2,56,2.9303,4.75
16,2,57,3.2781,3.0
16,2,57,3.0544,3.0
16,2,58,2.9573,2.25
16,2,58,3.0673,2.25
16,2,60,3.0556,3.0
16,2,60,2.9868,3.0
16,2,61,2.8107,2.5
16,2,61,3.0682,2.5
16,2,65,3.0093,5.0
16,2,65,3.0239,5.0
16,2,66,3.2802,5.75
16,2,66,2.8920,5.75
16,2,67,3.2777,3.5
16,2,67,2.6251,3.5
16,2,68,3.2337,1.25
16,2,68,2.9224,1.25
16,2,69,3.0003,1.75
16,2,69,3.1198,1.75
16,2,70,2.8540,1.75
16,2,70,2.7900,1.75
16,2,71,3.2914,4.0
16,2,71,3.1394,4.0
16,2,72,3.0903,2.25
16,2,72,3.4270,2.25
16,2,73,3.0386,4.0
16,2,73,2.9655,4.0
16,2,76,3.1152,3.0
16,2,76,3.0830,3.0
16,2,77,3.3446,5.5
16,2,77,3.0773,5.5
16,2,78,3.2224,4.25
16,2,78,3.2717,4.25
16,2,79,3.3863,5.0
16,2,79,3.2637,5.0
16,2,80,3.1986,4.0
16,2,80,3.0427,4.0
16,2,81,2.7820,2.5
16,2,81,3.1035,2.5
16,2,82,2.8797,2.25
16,2,82,3.1848,2.25
16,2,83,3.0927,4.5
16,2,83,3.2062,4.5
16,2,84,3.1516,3.75
16,2,84,2.8398,3.75
16,2,85,3.3413,3.5
16,2,85,3.1080,3.5
16,2,86,3.0533,4.5
16,2,86,3.1547,4.5
16,2,87,2.9986,3.5
16,2,87,3.2439,3.5
16,2,88,2.9250,3.75
16,2,88,3.1026,3.75
16,2,89,3.3338,1.75
16,2,89,3.1648,1.75
16,2,90,3.5179,1.75
16,2,90,3.0301,1.75
16,2,91,2.8230,3.25
16,2,91,3.2062,3.25
16,2,92,3.0370,2.5
16,2,92,3.2956,2.5
16,2,93,3.2135,4.0
16,2,93,2.9281,4.0
16,2,94,2.8691,4.0
16,2,94,2.8542,4.0
16,2,95,3.0466,3.5
16,2,95,2.7874,3.5
16,2,96,2.9438,3.5
16,2,96,2.8915,3.5
16,2,97,2.9392,2.75
16,2,97,3.2735,2.75
16,2,98,2.9865,4.5
16,2,98,2.8383,4.5
16,2,99,3.3347,3.25
16,2,99,3.1959,3.25
16,2,100,2.8102,3.25
16,2,100,2.6916,3.25
16,2,101,3.2617,5.0
16,2,101,2.9788,5.0
16,2,102,2.9260,1.75
16,2,102,2.9398,1.75
16,2,103,3.0340,3.25
16,2,103,2.9361,3.25
16,2,104,3.3651,1.75
16,2,104,3.1594,1.75
16,2,105,3.1026,3.75
16,2,105,2.8517,3.75
16,2,106,3.1917,2.75
16,2,106,2.9655,2.75
16,2,107,3.1685,3.25
16,2,107,3.2152,3.25
16,2,108,2.6010,2.75
16,2,108,3.3063,2.75
16,2,109,2.8049,4.5
16,2,109,2.8858,4.5
16,2,110,2.9061,2.25
16,2,110,2.5954,2.25
16,2,111,3.1645,3.5
16,2,111,2.5169,3.5
16,2,112,3.2393,1.5
16,2,112,3.3478,1.5
16,2,113,2.9467,2.5
16,2,113,3.4284,2.5
16,2,114,3.1035,3.5
16,2,114,2.8275,3.5
16,2,115,3.0386,2.75
16,2,115,3.0315,2.75
16,2,116,3.2949,4.0
17,1,4,3.0523,2.75
17,1,4,2.5816,2.75
17,1,5,3.4898,2.75
17,1,5,2.4670,2.75
17,1,6,3.0417,2.75
17,1,6,2.6415,2.75
17,1,7,3.5943,2.75
17,1,7,2.6464,2.75
17,1,8,3.4852,2.75
17,1,8,2.8960,2.75
17,1,9,3.5504,1.5
17,1,9,3.1125,1.5
17,1,10,3.6835,1.5
17,1,10,3.4130,1.5
17,1,12,3.3815,2.25
17,1,12,3.2748,2.25
17,1,17,3.4618,3.0
17,1,17,2.7726,3.0
17,1,18,3.2296,2.75
17,1,18,3.0720,2.75
17,1,19,3.4196,4.0
17,1,19,2.5695,4.0
17,1,20,3.6547,3.5
17,1,20,2.5868,3.5
17,1,21,2.9592,2.5
17,1,21,2.3679,2.5
17,1,22,3.7015,3.0
17,1,22,2.5614,3.0
17,1,23,3.6138,2.5
17,1,23,2.1394,2.5
17,1,24,3.5442,3.25
17,1,24,2.5197,3.25
17,1,25,3.3580,3.75
17,1,25,2.8347,3.75
17,1,26,3.3085,3.0
17,1,26,2.0248,3.0
17,1,27,3.6595,4.5
17,1,27,2.1932,4.5
17,1,29,3.8360,4.0
17,1,29,2.3575,4.0
17,1,30,3.2088,5.25
17,1,30,2.5023,5.25
17,1,31,3.5566,4.0
17,1,31,2.3694,4.0
17,1,32,3.2114,4.5
17,1,32,2.5071,4.5
17,1,33,3.7693,3.75
17,1,33,2.4203,3.75
17,1,34,3.2770,3.25
17,1,34,2.5525,3.25
17,1,35,2.8510,2.5
17,1,35,2.5060,2.5
17,1,36,3.4810,2.75
17,1,36,3.2282,2.75
17,1,37,3.6705,2.5
17,1,37,1.9527,2.5
17,1,38,3.7383,2.25
17,1,38,2.3475,2.25
17,1,39,3.6297,4.5
17,1,39,2.5963,4.5
17,1,40,3.5807,3.0
17,1,40,2.5422,3.0
17,1,41,3.5104,3.25
17,1,41,2.5086,3.25
17,1,42,2.8955,3.75
17,1,42,2.7946,3.75
17,1,43,3.6366,4.25
17,1,43,2.3893,4.25
17,1,44,3.7697,3.5
17,1,44,2.5763,3.5
17,1,45,3.8053,3.0
17,1,45,2.5967,3.0
17,1,46,3.7668,4.0
17,1,46,2.5588,4.0
17,1,51,3.6471,3.0
17,1,51,2.2635,3.0
17,1,52,3.6012,2.75
17,1,52,2.6883,2.75
17,1,53,3.8372,2.75
17,1,53,2.6979,2.75
17,1,54,3.3876,3.25
17,1,54,3.1224,3.25
17,1,55,3.5586,2.5
17,1,55,2.9922,2.5
17,1,56,3.4263,3.25
17,1,56,2.5108,3.25
17,1,59,3.3149,2.5
17,1,59,2.8971,2.5
17,1,60,3.5030,3.0
17,1,60,2.5740,3.0
17,1,61,3.2538,2.25
17,1,61,3.2961,2.25
17,1,62,2.9499,1.75
17,1,62,2.8516,1.75
17,1,63,2.8348,1.75
17,1,63,3.0150,1.75
17,1,64,3.0550,1.0
17,1,64,2.7572,1.0
17,1,65,2.8870,1.25
17,1,65,3.1499,1.25
17,1,67,3.4400,3.0
17,1,67,2.6855,3.0
17,1,68,3.3839,3.75
17,1,68,2.1598,3.75
17,1,69,3.1615,2.5
17,1,69,2.7186,2.5
17,1,72,3.4296,5.25
17,1,72,2.4621,5.25
17,1,73,3.7937,4.25
17,1,73,2.3644,4.25
17,1,74,3.7474,3.25
17,1,74,2.7278,3.25
17,1,75,3.7202,1.75
17,1,75,2.6219,1.75
17,1,76,3.3752,4.5
17,1,76,2.7890,4.5
17,1,77,3.3808,3.5
17,1,77,2.2134,3.5
17,1,78,3.0876,4.25
17,1,78,2.2623,4.25
17,1,79,3.3250,3.25
17,1,79,2.3176,3.25
17,1,80,3.6275,4.25
17,1,80,2.2456,4.25
17,1,81,3.1346,4.5
17,1,81,2.1663,4.5
17,1,82,3.3554,5.0
17,1,82,2.1979,5.0
17,1,83,3.2328,3.5
17,1,83,2.8996,3.5
17,1,84,3.1598,4.25
17,1,84,2.4207,4.25
17,1,85,3.1083,4.75
17,1,85,2.5393,4.75
17,1,86,3.6715,4.0
17,1,86,2.4836,4.0
17,1,87,3.6495,2.5
17,1,87,2.3038,2.5
17,1,88,3.1487,4.25
17,1,88,2.6398,4.25
17,1,89,3.2823,3.25
17,1,89,2.2492,3.25
17,1,90,3.3306,5.5
17,1,90,2.3507,5.5
17,1,91,3.6011,3.5
17,1,91,2.4173,3.5
17,1,92,3.1295,5.25
17,1,92,2.8260,5.25
17,1,93,3.2606,3.5
17,1,93,2.7383,3.5
17,1,94,3.0832,3.5
17,1,94,2.5307,3.5
17,1,95,2.9630,5.25
17,1,95,2.4280,5.25
17,1,96,3.2846,1.5
17,1,96,2.5131,1.5
17,1,97,3.1367,2.5
17,1,97,2.5672,2.5
17,1,98,3.0268,3.5
17,1,98,3.2385,3.5
17,1,99,3.1683,3.5
17,1,99,2.6134,3.5
17,1,100,3.1896,2.75
17,1,100,2.5073,2.75
17,1,101,2.8696,3.0
17,1,101,2.0634,3.0
17,1,102,3.7620,3.75
17,1,102,2.9824,3.75
17,1,104,3.3974,3.25
17,1,104,2.6437,3.25
17,1,105,3.2181,3.75
17,1,105,1.8691,3.75
17,1,106,3.0161,2.75
17,1,106,2.5112,2.75
17,1,107,3.1711,3.25
17,1,107,2.7965,3.25
17,1,108,3.2938,2.5
17,1,108,2.4623,2.5
17,1,109,2.8953,2.5
18,1,2,3.3789,4.25
18,1,2,3.7844,4.25
18,1,3,3.4531,2.25
18,1,3,3.9326,2.25
18,1,4,4.0904,3.0
18,1,4,3.9878,3.0
18,1,5,4.0354,1.5
18,1,5,3.3421,1.5
18,1,6,3.8022,3.5
18,1,6,3.8413,3.5
18,1,7,3.8426,2.5
18,1,7,2.7943,2.5
18,1,8,3.7703,2.25
18,1,8,2.8926,2.25
18,1,9,4.5051,2.0
18,1,9,3.1374,2.0
18,1,10,4.6855,1.75
18,1,10,3.9540,1.75
18,1,11,4.9416,5.75
18,1,11,3.5335,5.75
18,1,12,4.6879,6.0
18,1,12,3.6239,6.0
18,1,16,3.3232,2.33333
18,1,16,4.1419,2.33333
18,1,17,3.7567,3.0
18,1,17,4.0893,3.0
18,1,18,3.6390,2.75
18,1,18,4.1659,2.75
18,1,19,3.6326,2.75
18,1,19,4.1282,2.75
18,1,20,3.4775,2.75
18,1,20,4.0728,2.75
18,1,21,3.9052,2.5
18,1,21,3.9596,2.5
18,1,28,4.1729,3.25
18,1,28,4.3243,3.25
18,1,29,3.9873,3.75
18,1,29,3.8542,3.75
18,1,30,4.4525,2.75
18,1,30,4.0732,2.75
18,1,31,4.1281,3.75
18,1,31,4.1242,3.75
18,1,32,3.6095,1.25
18,1,32,3.9997,1.25
18,1,33,3.9232,1.0
18,1,33,4.3001,1.0
18,1,34,4.2266,2.25
18,1,34,4.0900,2.25
18,1,35,4.1994,2.25
18,1,35,3.9878,2.25
18,1,36,3.9963,2.25
18,1,36,4.0236,2.25
18,1,37,4.0942,2.75
18,1,37,4.2995,2.75
18,1,38,3.9270,3.5
18,1,38,4.0752,3.5
18,1,39,4.1140,4.0
18,1,39,3.8031,4.0
18,1,40,3.7193,4.0
18,1,40,4.1833,4.0
18,1,41,3.9962,4.0
18,1,41,4.0699,4.0
18,1,42,4.0972,2.5
18,1,42,3.8061,2.5
18,1,43,3.9069,4.25
18,1,43,3.8266,4.25
18,1,44,3.7126,2.5
18,1,44,3.3920,2.5
18,1,45,4.3679,4.75
18,1,45,4.1062,4.75
18,1,46,3.8490,2.25
18,1,46,3.8370,2.25
18,1,47,3.6391,1.75
18,1,47,4.0363,1.75
18,1,48,3.7503,1.75
18,1,48,3.8303,1.75
18,1,49,3.8269,1.5
18,1,49,4.1421,1.5
18,1,50,3.8716,2.25
18,1,50,4.3576,2.25
18,1,51,3.6236,1.25
18,1,51,3.9443,1.25
18,1,53,4.1073,3.25
18,1,53,4.1595,3.25
18,1,54,3.8280,1.25
18,1,54,3.4043,1.25
18,1,55,4.2023,1.75
18,1,55,4.0184,1.75
18,1,56,4.1798,3.25
18,1,56,4.0024,3.25
18,1,59,3.9757,1.66667
18,1,59,3.7202,1.66667
18,1,60,4.1571,1.0
18,1,60,3.9413,1.0
18,1,61,4.3125,3.25
18,1,61,4.2323,3.25
18,1,62,4.3095,1.5
18,1,62,3.9561,1.5
18,1,64,4.5331,2.25
18,1,64,3.6054,2.25
18,1,65,4.1549,1.0
18,1,65,3.6822,1.0
18,1,66,4.2246,1.75
18,1,66,3.2716,1.75
18,1,67,4.1538,1.0
18,1,67,3.5692,1.0
18,1,68,3.8588,2.5
18,1,68,3.6010,2.5
18,1,74,4.3466,1.5
18,1,74,3.9824,1.5
18,1,75,4.1157,1.0
18,1,75,4.0794,1.0
18,1,76,4.4023,2.0
18,1,76,4.2042,2.0
18,1,77,4.1297,1.0
18,1,77,4.3220,1.0
18,1,78,4.1564,2.0
18,1,78,4.0883,2.0
18,1,79,4.1308,2.25
18,1,79,3.7213,2.25
18,1,80,3.9779,3.5
18,1,80,4.0346,3.5
18,1,81,4.0538,3.75
18,1,81,4.2359,3.75
18,1,82,4.1314,3.25
18,1,82,3.8037,3.25
18,1,84,4.3291,4.5
18,1,84,3.8364,4.5
18,1,85,4.0302,4.0
18,1,85,4.1181,4.0
18,1,90,3.8395,2.5
18,1,90,3.7888,2.5
18,1,91,3.6997,2.5
18,1,91,4.4253,2.5
18,1,92,4.1920,2.25
18,1,92,3.8853,2.25
18,1,93,3.3479,2.0
18,1,93,3.3762,2.0
18,1,94,4.0131,2.5
18,1,94,3.6131,2.5
18,1,95,3.6396,4.25
18,1,95,3.9440,4.25
18,1,96,4.2493,2.5
18,1,96,3.5395,2.5
18,1,97,4.1135,3.25
18,1,97,3.9777,3.25
18,1,98,4.3276,2.25
18,1,98,3.7886,2.25
18,1,99,4.2385,2.5
18,1,99,4.2423,2.5
18,1,100,3.8557,3.75
18,1,100,3.8573,3.75
18,1,101,4.0045,2.25
18,1,101,4.0446,2.25
18,1,102,4.3124,2.25
18,1,102,3.7681,2.25
18,1,103,4.0888,2.0
18,1,103,3.5630,2.0
18,1,104,3.6489,3.25
18,1,104,4.1145,3.25
18,1,105,3.9915,1.75
18,1,105,3.6428,1.75
18,1,109,4.2270,3.0
18,1,109,3.9667,3.0
18,1,111,3.5868,2.75
18,1,111,3.9440,2.75
18,1,112,4.0276,1.25
