3,1,47,5.2120,4.25
3,1,47,5.2166,4.25
3,1,10,4.4538,2.875
3,1,10,4.4525,2.875
3,1,101,4.2631,4.375
3,1,101,4.2440,4.375
3,1,64,3.7157,5.75
3,1,64,3.6945,5.75
3,1,45,3.8926,4.25
3,1,45,3.8917,4.25
3,1,8,4.3293,3.5
3,1,8,4.3356,3.5
3,1,99,3.8512,1.5
3,1,99,3.8516,1.5
3,1,94,3.3606,3.25
3,1,94,3.3610,3.25
3,1,43,3.0388,4.0
3,1,43,3.0354,4.0
3,1,6,4.5982,4.5
3,1,6,4.5873,4.5
3,1,97,4.1134,1.25
3,1,97,4.1113,1.25
3,1,92,4.3015,3.5
3,1,92,4.2988,3.5
3,1,41,2.7715,3.25
3,1,41,2.7792,3.25
3,1,4,3.8576,3.25
3,1,4,3.8626,3.25
3,1,90,4.5277,3.75
3,1,90,4.5445,3.75
3,1,39,4.5501,5.75
3,1,39,4.5538,5.75
3,1,2,3.9575,4.5
3,1,2,3.9527,4.5
3,1,88,1.9795,4.0
3,1,88,1.9919,4.0
3,1,37,3.7879,3.125
3,1,37,3.7715,3.125
3,1,86,3.7573,4.25
3,1,86,3.7692,4.25
3,1,35,4.3193,4.375
3,1,35,4.3116,4.375
3,1,30,2.8358,4.5
3,1,30,2.8350,4.5
3,1,84,4.3272,3.75
3,1,84,4.3206,3.75
3,1,33,3.2926,3.0
3,1,33,3.2944,3.0
3,1,28,4.2367,4.75
3,1,28,4.2369,4.75
3,1,82,4.1816,3.0
3,1,82,4.1330,3.0
3,1,63,3.5578,4.75
3,1,63,3.5579,4.75
3,1,26,4.5169,4.0
3,1,26,4.5127,4.0
3,1,80,3.5609,2.75
3,1,80,3.5497,2.75
3,1,61,3.4336,5.5
3,1,61,3.4452,5.5
3,1,24,2.7528,4.5
3,1,24,2.7518,4.5
3,1,59,3.7547,5.5
3,1,59,3.7654,5.5
3,1,22,3.3585,4.83333
3,1,22,3.3450,4.83333
3,1,57,4.1635,4.875
3,1,57,4.1661,4.875
3,1,20,3.7436,2.5
3,1,20,3.7440,2.5
3,1,79,3.7295,5.25
3,1,79,3.7101,5.25
3,1,55,3.0327,3.25
3,1,55,3.0216,3.25
3,1,18,3.7182,3.75
3,1,18,3.7198,3.75
3,1,77,4.0300,4.5
3,1,77,4.0287,4.5
3,1,16,4.0424,4.75
3,1,16,4.0444,4.75
3,1,75,3.6160,4.0
3,1,75,3.6148,4.0
3,1,51,3.5655,4.5
3,1,51,3.5672,4.5
3,1,73,4.1632,3.0
3,1,73,4.1768,3.0
3,1,49,3.8532,5.0
3,1,49,3.8562,5.0
3,1,108,4.0030,2.25
3,1,108,3.9992,2.25
3,1,71,3.1862,2.0
3,1,71,3.1794,2.0
3,1,15,3.4816,5.0
3,1,15,3.4689,5.0
3,1,106,2.3819,2.75
3,1,106,2.3684,2.75
3,1,104,3.8914,3.5
3,1,104,3.9058,3.5
3,1,102,2.5071,5.25
3,1,102,2.5222,5.25
3,1,65,3.0692,6.25
3,1,65,3.0667,6.25
3,1,46,4.3576,5.0
3,1,46,4.3696,5.0
3,1,9,3.6606,2.75
3,1,9,3.6781,2.75
3,1,100,3.5303,2.375
3,1,100,3.5303,2.375
3,1,95,3.4620,3.75
3,1,95,3.4773,3.75
3,1,44,3.1771,3.0
3,1,44,3.1767,3.0
3,1,7,5.1033,4.75
3,1,7,5.1016,4.75
3,1,98,3.8652,1.75
3,1,98,3.8528,1.75
3,1,93,3.5567,3.25
3,1,93,3.5798,3.25
3,1,5,4.2784,6.0
3,1,5,4.2773,6.0
3,1,96,4.5045,3.875
3,1,96,4.5058,3.875
3,1,91,3.5252,4.0
3,1,91,3.5369,4.0
3,1,40,4.3710,5.0
3,1,40,4.3718,5.0
3,1,3,4.5580,3.0
3,1,3,4.5592,3.0
3,1,89,4.1825,4.25
3,1,89,4.1500,4.25
3,1,38,3.6053,4.5
3,1,38,3.6134,4.5
3,1,1,3.0992,3.875
3,1,1,3.0996,3.875
3,1,87,3.4418,4.25
3,1,87,3.4553,4.25
3,1,36,3.9380,3.5
3,1,36,3.9298,3.5
3,1,31,3.5120,3.66667
3,1,31,3.5150,3.66667
3,1,85,3.1426,2.0
3,1,85,3.1468,2.0
3,1,34,3.2075,4.125
3,1,34,3.2008,4.125
3,1,29,4.1009,1.25
3,1,29,4.0959,1.25
3,1,83,4.2879,4.5
3,1,83,4.3329,4.5
3,1,32,2.5310,4.5
3,1,32,2.5336,4.5
3,1,27,3.0389,5.25
3,1,27,3.0354,5.25
3,1,81,4.1289,2.75
3,1,81,4.1316,2.75
3,1,62,4.6864,4.375
3,1,62,4.6821,4.375
3,1,25,5.1474,5.5
3,1,25,5.1479,5.5
3,1,60,3.6823,5.5
3,1,60,3.6813,5.5
3,1,23,3.6243,3.875
3,1,23,3.6245,3.875
3,1,58,3.9354,4.5
3,1,58,3.9326,4.5
3,1,21,4.1708,4.5
3,1,21,4.1708,4.5
3,1,56,2.5842,4.0
3,1,56,2.5256,4.0
3,1,19,3.8896,4.125
3,1,19,3.8959,4.125
3,1,78,3.5854,5.25
3,1,78,3.5857,5.25
3,1,17,3.5822,5.0
3,1,17,3.5854,5.0
3,1,76,4.3352,4.0
3,1,76,4.3294,4.0
3,1,52,3.8235,3.5
3,1,52,3.8307,3.5
3,1,74,4.1723,4.0
3,1,74,4.1758,4.0
3,1,50,3.3566,4.66667
3,1,50,3.3616,4.66667
3,1,48,4.0946,2.5
3,1,48,4.0863,2.5
3,1,107,2.8832,5.25
3,1,107,2.8913,5.25
3,1,70,3.4123,2.75
3,1,70,3.4051,2.75
3,1,14,2.9636,3.75
3,1,14,2.9816,3.75
3,1,105,2.2750,1.25
3,1,105,2.2771,1.25
3,1,103,2.9542,1.5
3,1,103,2.9380,1.5
3,1,66,4.0421,3.0
3,1,66,4.0482,3.0
3,2,82,2.3231,3.25
3,2,82,2.3236,3.25
3,2,61,3.7374,4.375
3,2,61,3.7578,4.375
3,2,80,3.0181,4.75
3,2,80,3.0026,4.75
3,2,30,2.7029,3.625
3,2,30,2.6906,3.625
3,2,35,2.8663,3.875
3,2,35,2.8659,3.875
3,2,86,2.5328,2.75
3,2,86,2.5467,2.75
3,2,28,3.6421,4.0
3,2,28,3.6633,4.0
3,2,33,3.8318,5.0
3,2,33,3.8285,5.0
3,2,84,3.1710,4.0
3,2,84,3.1408,4.0
3,2,2,4.2469,1.875
3,2,2,4.2374,1.875
3,2,39,3.9495,4.25
3,2,39,3.9451,4.25
3,2,90,3.4129,4.25
3,2,90,3.4329,4.25
3,2,37,3.2543,2.25
3,2,37,3.2512,2.25
3,2,88,3.4149,4.0
3,2,88,3.4074,4.0
3,2,6,4.1847,5.25
3,2,6,4.1831,5.25
3,2,43,2.1475,4.0
3,2,43,2.1462,4.0
3,2,94,3.3470,3.75
3,2,94,3.3452,3.75
3,2,99,2.8157,2.625
3,2,99,2.8243,2.625
3,2,41,2.8247,3.5
3,2,41,2.8262,3.5
3,2,92,3.7900,3.25
3,2,92,3.7885,3.25
3,2,97,2.9802,5.0
3,2,97,2.9917,5.0
3,2,10,4.0217,4.0
3,2,10,4.0151,4.0
3,2,47,2.7358,3.875
3,2,47,2.7342,3.875
3,2,66,3.6067,3.75
3,2,66,3.5976,3.75
3,2,103,2.9734,4.0
3,2,103,2.9760,4.0
3,2,8,3.3859,6.0
3,2,8,3.3908,6.0
3,2,45,4.7052,3.25
3,2,45,4.7234,3.25
3,2,64,3.0804,2.375
3,2,64,3.0900,2.375
3,2,101,1.9622,3.125
3,2,101,1.9594,3.125
3,2,14,3.2848,3.75
3,2,14,3.2777,3.75
3,2,70,3.4049,3.66667
3,2,70,3.3886,3.66667
3,2,107,2.7025,4.625
3,2,107,2.7055,4.625
3,2,12,4.5306,5.25
3,2,12,4.5296,5.25
3,2,68,3.6570,5.5
3,2,68,3.6732,5.5
3,2,105,3.3143,3.5
3,2,105,3.3166,3.5
3,2,50,3.3418,3.75
3,2,50,3.3644,3.75
3,2,74,3.5091,3.25
3,2,74,3.5103,3.25
3,2,111,3.1222,3.5
3,2,111,3.1257,3.5
3,2,48,2.9341,4.25
3,2,48,2.9396,4.25
3,2,109,3.8119,1.95833
3,2,109,3.8055,1.95833
3,2,78,3.9772,2.75
3,2,78,3.9788,2.75
3,2,52,3.3392,1.5
3,2,52,3.3397,1.5
3,2,56,3.6518,4.25
3,2,56,3.6484,4.25
3,2,112,3.7112,4.0
3,2,112,3.7265,4.0
3,2,62,3.8093,5.25
3,2,62,3.8081,5.25
3,2,27,2.9531,4.0
3,2,27,2.9835,4.0
3,2,60,2.1625,3.75
3,2,60,2.1639,3.75
3,2,83,3.0862,4.25
3,2,83,3.0880,4.25
3,2,34,2.9964,3.5
3,2,34,3.0012,3.5
3,2,81,4.3247,4.375
3,2,81,4.3369,4.375
3,2,31,3.1986,3.25
3,2,31,3.1985,3.25
3,2,32,3.8249,3.25
3,2,32,3.8281,3.25
3,2,87,2.9893,3.75
3,2,87,2.9885,3.75
3,2,29,3.3441,4.0
3,2,29,3.3623,4.0
3,2,38,3.3520,3.25
3,2,38,3.2973,3.25
3,2,85,2.9786,3.25
3,2,85,2.9537,3.25
3,2,36,3.3570,2.75
3,2,36,3.3875,2.75
3,2,91,3.3813,4.5
3,2,91,3.2703,4.5
3,2,42,2.1108,2.5
3,2,42,2.1132,2.5
3,2,89,3.4920,3.25
3,2,89,3.4851,3.25
3,2,98,3.5277,4.5
3,2,98,3.5780,4.5
3,2,7,3.3438,6.0
3,2,7,3.3478,6.0
3,2,40,3.3738,2.75
3,2,40,3.3722,2.75
3,2,95,2.2778,1.5
3,2,95,2.2694,1.5
3,2,96,1.9816,3.125
3,2,96,1.9701,3.125
3,2,5,3.5690,3.25
3,2,5,3.5664,3.25
3,2,46,3.7101,4.5
3,2,46,3.7208,4.5
3,2,93,2.6337,5.0
3,2,93,2.6321,5.0
3,2,102,3.2679,2.0
3,2,102,3.2678,2.0
3,2,11,4.8897,4.125
3,2,11,4.9097,4.125
3,2,44,2.6335,5.0
3,2,44,2.6059,5.0
3,2,67,2.8558,5.25
3,2,67,2.8427,5.25
3,2,100,4.5423,1.25
3,2,100,4.5372,1.25
3,2,9,4.4932,4.5
3,2,9,4.4921,4.5
3,2,65,2.2433,3.0
3,2,65,2.2593,3.0
3,2,106,3.5724,3.875
3,2,106,3.5787,3.875
3,2,71,2.2172,2.375
3,2,71,2.2156,2.375
3,2,104,3.1498,3.5
3,2,104,3.1656,3.5
3,2,13,4.4093,5.0
3,2,13,4.4045,5.0
3,2,69,2.2853,1.25
3,2,69,2.2835,1.25
3,2,110,2.7785,4.25
3,2,110,2.7770,4.25
3,2,51,3.1722,4.0
3,2,51,3.1601,4.0
3,2,108,2.5735,4.0
3,2,108,2.5796,4.0
3,2,49,2.8611,2.75
3,2,49,2.8526,2.75
3,2,73,2.7915,3.75
3,2,73,2.7986,3.75
3,2,55,3.4016,3.33333
3,2,55,3.4062,3.33333
3,2,79,1.8813,3.75
3,2,79,1.8740,3.75
3,2,53,2.7487,4.5
3,2,53,2.7302,4.5
3,2,77,3.2319,2.25
3,2,77,3.2348,2.25
3,2,59,2.7704,2.25
3,2,59,2.7680,2.25
3,2,113,3.7315,3.0
3,2,113,3.7439,3.0
3,2,26,2.3199,2.5
3,2,26,2.3207,2.5
3,2,63,1.1294,1.25
3,2,63,1.1151,1.25
4,1,29,2.4274,3.0
4,1,29,2.4274,3.0
4,1,58,4.5574,2.25
4,1,58,4.5513,2.25
4,1,85,2.2588,2.5
4,1,85,2.2594,2.5
4,1,114,2.5539,1.5
4,1,114,2.5580,1.5
4,1,31,3.0460,2.25
4,1,31,3.0462,2.25
4,1,36,2.0250,0.875
4,1,36,2.0291,0.875
4,1,87,3.1269,3.25
4,1,87,3.1292,3.25
4,1,25,3.6626,1.5
4,1,25,3.6604,1.5
4,1,38,2.5883,2.5
4,1,38,2.5865,2.5
4,1,81,2.7745,3.0
4,1,81,2.7694,3.0
4,1,27,2.2466,2.75
4,1,27,2.2459,2.75
4,1,32,2.4869,1.5
4,1,32,2.4850,1.5
4,1,83,2.4382,3.25
4,1,83,2.4346,3.25
4,1,5,2.0350,1.0
4,1,5,2.0325,1.0
4,1,34,2.9612,1.5
4,1,34,2.9593,1.5
4,1,93,3.1973,3.0
4,1,93,3.1945,3.0
4,1,7,2.7376,1.75
4,1,7,2.7445,1.75
4,1,95,2.4241,3.5
4,1,95,2.4192,3.5
4,1,100,3.1534,0.75
4,1,100,3.1528,0.75
4,1,46,3.1415,3.75
4,1,46,3.1446,3.75
4,1,89,2.5021,1.75
4,1,89,2.5015,1.75
4,1,102,2.2373,1.5
4,1,102,2.2419,1.5
4,1,3,2.5797,3.5
4,1,3,2.5815,3.5
4,1,40,3.2352,4.0
4,1,40,3.2358,4.0
4,1,91,3.0149,2.25
4,1,91,3.0160,2.25
4,1,96,3.2371,2.75
4,1,96,3.2415,2.75
4,1,13,1.7254,1.5
4,1,13,1.7248,