3,1,47,6.10104179382,4.25
3,1,47,6.10159873962,4.25
3,1,10,6.17671537399,2.875
3,1,10,6.17581939697,2.875
3,1,101,4.24215126038,4.375
3,1,101,4.24430465698,4.375
3,1,64,5.43787240982,5.75
3,1,64,5.43896150589,5.75
3,1,45,5.2273144722,4.25
3,1,45,5.22903394699,4.25
3,1,8,5.53591632843,3.5
3,1,8,5.537088871,3.5
3,1,99,4.21220970154,1.5
3,1,99,4.20967054367,1.5
3,1,94,4.08545732498,3.25
3,1,94,4.08513593674,3.25
3,1,43,4.90242242813,4.0
3,1,43,4.90091371536,4.0
3,1,6,5.32719659805,4.5
3,1,6,5.32629871368,4.5
3,1,97,4.13891839981,1.25
3,1,97,4.14326286316,1.25
3,1,92,5.15259695053,3.5
3,1,92,5.15211629868,3.5
3,1,41,3.05254244804,3.25
3,1,41,3.05169820786,3.25
3,1,4,5.26145505905,3.25
3,1,4,5.261302948,3.25
3,1,90,4.26322841644,3.75
3,1,90,4.26540374756,3.75
3,1,39,5.73891162872,5.75
3,1,39,5.73931217194,5.75
3,1,2,2.99464464188,4.5
3,1,2,2.9938147068,4.5
3,1,88,3.97890472412,4.0
3,1,88,3.98099970818,4.0
3,1,37,4.90759277344,3.125
3,1,37,4.9074549675,3.125
3,1,86,4.61171579361,4.25
3,1,86,4.61170864105,4.25
3,1,35,4.88647651672,4.375
3,1,35,4.88575935364,4.375
3,1,30,3.85949635506,4.5
3,1,30,3.85984015465,4.5
3,1,84,4.89249610901,3.75
3,1,84,4.89104795456,3.75
3,1,33,4.80613708496,3.0
3,1,33,4.80641508102,3.0
3,1,28,5.62985420227,4.75
3,1,28,5.63053941727,4.75
3,1,82,4.65687799454,3.0
3,1,82,4.65610218048,3.0
3,1,63,5.02179956436,4.75
3,1,63,5.02133655548,4.75
3,1,26,5.62962961197,4.0
3,1,26,5.63019704819,4.0
3,1,80,4.43320178986,2.75
3,1,80,4.4335193634,2.75
3,1,61,5.55975198746,5.5
3,1,61,5.55861568451,5.5
3,1,24,5.18073034286,4.5
3,1,24,5.18144226074,4.5
3,1,59,4.99748182297,5.5
3,1,59,5.00654745102,5.5
3,1,22,5.5000371933,4.83333
3,1,22,5.50372695923,4.83333
3,1,57,5.20837593079,4.875
3,1,57,5.20942211151,4.875
3,1,20,4.22330284119,2.5
3,1,20,4.22187328339,2.5
3,1,79,4.11212015152,5.25
3,1,79,4.11389160156,5.25
3,1,55,2.73413395882,3.25
3,1,55,2.73217582703,3.25
3,1,18,4.56978416443,3.75
3,1,18,4.56834506989,3.75
3,1,77,5.19158792496,4.5
3,1,77,5.18846940994,4.5
3,1,16,5.26615762711,4.75
3,1,16,5.26355695724,4.75
3,1,75,4.55901861191,4.0
3,1,75,4.55563735962,4.0
3,1,51,4.751516819,4.5
3,1,51,4.7542309761,4.5
3,1,73,4.5493311882,3.0
3,1,73,4.55119943619,3.0
3,1,49,5.56061840057,5.0
3,1,49,5.56005620956,5.0
3,1,108,4.33721923828,2.25
3,1,108,4.3348493576,2.25
3,1,71,4.04092788696,2.0
3,1,71,4.04250812531,2.0
3,1,15,4.91294288635,5.0
3,1,15,4.91381216049,5.0
3,1,106,2.75439953804,2.75
3,1,106,2.75436925888,2.75
3,1,104,4.13690185547,3.5
3,1,104,4.13633394241,3.5
3,1,102,4.3025932312,5.25
3,1,102,4.30348730087,5.25
3,1,65,4.78232288361,6.25
3,1,65,4.78257322311,6.25
3,1,46,4.7032251358,5.0
3,1,46,4.70350837708,5.0
3,1,9,4.46549844742,2.75
3,1,9,4.46520042419,2.75
3,1,100,4.38231563568,2.375
3,1,100,4.38089084625,2.375
3,1,95,4.72089290619,3.75
3,1,95,4.72012805939,3.75
3,1,44,3.94414305687,3.0
3,1,44,3.94512271881,3.0
3,1,7,5.96697092056,4.75
3,1,7,5.96661996841,4.75
3,1,98,3.90785050392,1.75
3,1,98,3.9055249691,1.75
3,1,93,4.7028670311,3.25
3,1,93,4.70256853104,3.25
3,1,5,6.36507511139,6.0
3,1,5,6.36590099335,6.0
3,1,96,4.78505945206,3.875
3,1,96,4.78583335876,3.875
3,1,91,4.96942090988,4.0
3,1,91,4.96934461594,4.0
3,1,40,4.6859087944,5.0
3,1,40,4.68529081345,5.0
3,1,3,4.97358417511,3.0
3,1,3,4.9729347229,3.0
3,1,89,4.69847869873,4.25
3,1,89,4.69540166855,4.25
3,1,38,4.5064907074,4.5
3,1,38,4.50432825089,4.5
3,1,1,3.0170571804,3.875
3,1,1,3.01682305336,3.875
3,1,87,4.9876127243,4.25
3,1,87,4.98785018921,4.25
3,1,36,4.72592306137,3.5
3,1,36,4.7261838913,3.5
3,1,31,4.09767484665,3.66667
3,1,31,4.10222816467,3.66667
3,1,85,4.75029277802,2.0
3,1,85,4.74868249893,2.0
3,1,34,5.50075960159,4.125
3,1,34,5.50092601776,4.125
3,1,29,5.67661762238,1.25
3,1,29,5.67587375641,1.25
3,1,83,5.18838024139,4.5
3,1,83,5.19115829468,4.5
3,1,32,3.63839435577,4.5
3,1,32,3.63746666908,4.5
3,1,27,4.76532077789,5.25
3,1,27,4.76125764847,5.25
3,1,81,5.1947684288,2.75
3,1,81,5.19671297073,2.75
3,1,62,5.24732065201,4.375
3,1,62,5.25025844574,4.375
3,1,25,6.51561975479,5.5
3,1,25,6.51372671127,5.5
3,1,60,5.34867334366,5.5
3,1,60,5.34808635712,5.5
3,1,23,4.47530698776,3.875
3,1,23,4.47838401794,3.875
3,1,58,4.32977104187,4.5
3,1,58,4.32915830612,4.5
3,1,21,5.42971277237,4.5
3,1,21,5.43041992188,4.5
3,1,56,2.53206276894,4.0
3,1,56,2.52595281601,4.0
3,1,19,4.49409008026,4.125
3,1,19,4.4949054718,4.125
3,1,78,4.99360179901,5.25
3,1,78,4.99343013763,5.25
3,1,17,5.22001791,5.0
3,1,17,5.21963310242,5.0
3,1,76,4.98373842239,4.0
3,1,76,4.98348712921,4.0
3,1,52,5.22125339508,3.5
3,1,52,5.22217655182,3.5
3,1,74,4.67604827881,4.0
3,1,74,4.67672729492,4.0
3,1,50,4.86451625824,4.66667
3,1,50,4.86174821854,4.66667
3,1,48,5.25955057144,2.5
3,1,48,5.2613492012,2.5
3,1,107,3.80670404434,5.25
3,1,107,3.80789375305,5.25
3,1,70,4.06537485123,2.75
3,1,70,4.07002305984,2.75
3,1,14,4.01170444489,3.75
3,1,14,4.00950098038,3.75
3,1,105,2.37401604652,1.25
3,1,105,2.37382912636,1.25
3,1,103,3.19747424126,1.5
3,1,103,3.19303441048,1.5
3,1,66,3.90091371536,3.0
3,1,66,3.90104842186,3.0
3,2,82,2.81953811646,3.25
3,2,82,2.81721830368,3.25
3,2,61,4.4975066185,4.375
3,2,61,4.49997901917,4.375
3,2,80,4.2899017334,4.75
3,2,80,4.28878307343,4.75
3,2,30,2.16859030724,3.625
3,2,30,2.16947317123,3.625
3,2,35,3.03640508652,3.875
3,2,35,3.03687000275,3.875
3,2,86,3.03396511078,2.75
3,2,86,3.03386211395,2.75
3,2,28,2.61175680161,4.0
3,2,28,2.61265921593,4.0
3,2,33,4.65585803986,5.0
3,2,33,4.65857744217,5.0
3,2,84,2.97571539879,4.0
3,2,84,2.9722840786,4.0
3,2,2,2.89720034599,1.875
3,2,2,2.89699220657,1.875
3,2,39,4.5443816185,4.25
3,2,39,4.54689073563,4.25
3,2,90,3.35759449005,4.25
3,2,90,3.3599653244,4.25
3,2,37,2.97994756699,2.25
3,2,37,2.98026204109,2.25
3,2,88,4.34075498581,4.0
3,2,88,4.34118700027,4.0
3,2,6,4.18509340286,5.25
3,2,6,4.18755245209,5.25
3,2,43,2.71819877625,4.0
3,2,43,2.71695685387,4.0
3,2,94,4.9649848938,3.75
3,2,94,4.96657514572,3.75
3,2,99,3.9269900322,2.625
3,2,99,3.92641019821,2.625
3,2,41,4.18292331696,3.5
3,2,41,4.18277835846,3.5
3,2,92,3.65187048912,3.25
3,2,92,3.65280413628,3.25
3,2,97,3.68545079231,5.0
3,2,97,3.6880877018,5.0
3,2,10,4.48918533325,4.0
3,2,10,4.49202346802,4.0
3,2,47,3.2993080616,3.875
3,2,47,3.29578137398,3.875
3,2,66,3.88072276115,3.75
3,2,66,3.88002943993,3.75
3,2,103,4.18059635162,4.0
3,2,103,4.18256998062,4.0
3,2,8,3.5693488121,6.0
3,2,8,3.57480287552,6.0
3,2,45,3.5447974205,3.25
3,2,45,3.55130338669,3.25
3,2,64,3.06027555466,2.375
3,2,64,3.05873799324,2.375
3,2,101,3.45766806602,3.125
3,2,101,3.4617369175,3.125
3,2,14,2.80414128304,3.75
3,2,14,2.80396533012,3.75
3,2,70,3.25047636032,3.66667
3,2,70,3.25163030624,3.66667
3,2,107,2.39116811752,4.625
3,2,107,2.39041423798,4.625
3,2,12,5.29490995407,5.25
3,2,12,5.29783248901,5.25
3,2,68,3.6373796463,5.5
3,2,68,3.64197158813,5.5
3,2,105,3.79872512817,3.5
3,2,105,3.79636001587,3.5
3,2,50,4.93269777298,3.75
3,2,50,4.9343791008,3.75
3,2,74,3.97920703888,3.25
3,2,74,3.97657942772,3.25
3,2,111,3.67382597923,3.5
3,2,111,3.67744088173,3.5
3,2,48,2.57996296883,4.25
3,2,48,2.58287358284,4.25
3,2,109,2.96677041054,1.95833
3,2,109,2.9671690464,1.95833
3,2,78,4.71212434769,2.75
3,2,78,4.71380758286,2.75
3,2,52,4.26485490799,1.5
3,2,52,4.26565742493,1.5
3,2,56,4.29799318314,4.25
3,2,56,4.29917097092,4.25
3,2,112,3.13001561165,4.0
3,2,112,3.13093852997,4.0
3,2,62,4.74546098709,5.25
3,2,62,4.74636793137,5.25
3,2,27,4.30699729919,4.0
3,2,27,4.30729150772,4.0
3,2,60,2.98243546486,3.75
3,2,60,2.98415970802,3.75
3,2,83,4.37473106384,4.25
3,2,83,4.37477111816,4.25
3,2,34,3.17870163918,3.5
3,2,34,3.1784658432,3.5
3,2,81,4.06258773804,4.375
3,2,81,4.0647354126,4.375
3,2,31,4.29696941376,3.25
3,2,31,4.29626083374,3.25
3,2,32,4.37804841995,3.25
3,2,32,4.37949514389,3.25
3,2,87,3.02640914917,3.75
3,2,87,3.02521014214,3.75
3,2,29,2.39757323265,4.0
3,2,29,2.39471340179,4.0
3,2,38,5.541888237,3.25
3,2,38,5.53850412369,3.25
3,2,85,3.26247930527,3.25
3,2,85,3.2631418705,3.25
3,2,36,3.99193477631,2.75
3,2,36,3.99423265457,2.75
3,2,91,4.68558168411,4.5
3,2,91,4.68036460876,4.5
3,2,42,2.2463748455,2.5
3,2,42,2.24431729317,2.5
3,2,89,4.30990123749,3.25
3,2,89,4.30793714523,3.25
3,2,98,4.48753118515,4.5
3,2,98,4.48760604858,4.5
3,2,7,2.85639929771,6.0
3,2,7,2.85592889786,6.0
3,2,40,4.08571958542,2.75
3,2,40,4.0847902298,2.75
3,2,95,2.59100294113,1.5
3,2,95,2.58964705467,1.5
3,2,96,3.67440748215,3.125
3,2,96,3.67527008057,3.125
3,2,5,3.81187963486,3.25
3,2,5,3.81068849564,3.25
3,2,46,3.9581143856,4.5
3,2,46,3.95415186882,4.5
3,2,93,4.32614564896,5.0
3,2,93,4.32767391205,5.0
3,2,102,3.91496014595,2.0
3,2,102,3.91064763069,2.0
3,2,11,4.28479576111,4.125
3,2,11,4.28365707397,4.125
3,2,44,2.16972589493,5.0
3,2,44,2.16496706009,5.0
3,2,67,4.87639713287,5.25
3,2,67,4.87562084198,5.25
3,2,100,3.23865032196,1.25
3,2,100,3.24019217491,1.25
3,2,9,3.9522292614,4.5
3,2,9,3.95322608948,4.5
3,2,65,3.0703587532,3.0
3,2,65,3.06896543503,3.0
3,2,106,3.36269044876,3.875
3,2,106,3.36110115051,3.875
3,2,71,3.70557022095,2.375
3,2,71,3.70431756973,2.375
3,2,104,1.72555506229,3.5
3,2,104,1.72725737095,3.5
3,2,13,5.14771795273,5.0
3,2,13,5.14485549927,5.0
3,2,69,2.50368738174,1.25
3,2,69,2.49992823601,1.25
3,2,110,3.98796272278,4.25
3,2,110,3.98765230179,4.25
3,2,51,4.2743139267,4.0
3,2,51,4.27368354797,4.0
3,2,108,2.89724755287,4.0
3,2,108,2.89824700356,4.0
3,2,49,3.60803031921,2.75
3,2,49,3.60756087303,2.75
3,2,73,3.90544605255,3.75
3,2,73,3.90396690369,3.75
3,2,55,4.39949464798,3.33333
3,2,55,4.39793586731,3.33333
3,2,79,3.46692919731,3.75
3,2,79,3.46750092506,3.75
3,2,53,3.93110203743,4.5
3,2,53,3.92907738686,4.5
3,2,77,4.21060705185,2.25
3,2,77,4.21295785904,2.25
3,2,59,3.94445014,2.25
3,2,59,3.94083285332,2.25
3,2,113,3.45634531975,3.0
3,2,113,3.45593976974,3.0
3,2,26,3.05934143066,2.5
3,2,26,3.06163334846,2.5
3,2,63,1.72683799267,1.25
3,2,63,1.72378480434,1.25
4,1,29,3.03817820549,3.0
4,1,29,3.03810167313,3.0
4,1,58,4.6533665657,2.25
4,1,58,4.65360736847,2.25
4,1,85,2.86921858788,2.5
4,1,85,2.86711359024,2.5
4,1,114,2.12447881699,1.5
4,1,114,2.12356710434,1.5
4,1,31,2.78165769577,2.25
4,1,31,2.78358125687,2.25
4,1,36,2.6980342865,0.875
4,1,36,2.69632101059,0.875
4,1,87,2.47661375999,3.25
4,1,87,2.47511577606,3.25
4,1,25,3.06433534622,1.5
4,1,25,3.06398081779,1.5
4,1,38,3.18269824982,2.5
4,1,38,3.18027353287,2.5
4,1,81,2.76360630989,3.0
4,1,81,2.76459789276,3.0
4,1,27,2.1080994606,2.75
4,1,27,2.10455155373,2.75
4,1,32,2.89598822594,1.5
4,1,32,2.89127254486,1.5
4,1,83,2.46900010109,3.25
4,1,83,2.46440577507,3.25
4,1,5,1.61008405685,1.0
4,1,5,1.60933732986,1.0
4,1,34,2.68476867676,1.5
4,1,34,2.68434810638,1.5
4,1,93,3.22586512566,3.0
4,1,93,3.22240352631,3.0
4,1,7,2.30004453659,1.75
4,1,7,2.30925750732,1.75
4,1,95,2.61702084541,3.5
4,1,95,2.61895561218,3.5
4,1,100,2.97090601921,0.75
4,1,100,2.97208619118,0.75
4,1,46,3.98934054375,3.75
4,1,46,3.98880672455,3.75
4,1,89,2.64766669273,1.75
4,1,89,2.64843249321,1.75
4,1,102,2.18812656403,1.5
4,1,102,2.19598841667,1.5
4,1,3,2.392619133,3.5
4,1,3,2.39314198494,3.5
4,1,40,4.11169719696,4.0
4,1,40,4.11106348038,4.0
4,1,91,3.23104858398,2.25
4,1,91,3.23186731339,2.25
4,1,96,2.78367996216,2.75
4,1,96,2.78381752968,2.75
4,1,13,2.0269753933,1.5
4,1,13,2.02510809898,1.5
4,1,42,3.03139019012,1.75
4,1,42,3.03231549263,1.75
4,1,69,5.25047063828,5.5
4,1,69,5.25090551376,5.5
4,1,98,3.29061698914,3.25
4,1,98,3.28765654564,3.25
4,1,15,2.05796074867,0.75
4,1,15,2.06042146683,0.75
4,1,71,4.89857912064,2.125
4,1,71,4.89749670029,2.125
4,1,108,3.49849462509,3.25
4,1,108,3.50135135651,3.25
4,1,9,1.44204616547,1.0
4,1,9,1.43790960312,1.0
4,1,65,3.91238737106,4.75
4,1,65,3.9115524292,4.75
4,1,110,2.9927687645,4.0
4,1,110,2.99374246597,4.0
4,1,11,1.64990019798,1.0
4,1,11,1.64662027359,1.0
4,1,67,4.02868127823,1.75
4,1,67,4.02316045761,1.75
4,1,104,1.85832083225,1.25
4,1,104,1.85690581799,1.25
4,1,53,4.61332845688,2.5
4,1,53,4.61376905441,2.5
4,1,77,4.08350419998,2.625
4,1,77,4.08792209625,2.625
4,1,106,2.82324743271,2.125
4,1,106,2.82574248314,2.125
4,1,55,4.41301059723,2.5
4,1,55,4.4103937149,2.5
4,1,79,4.32361745834,6.75
4,1,79,4.32552480698,6.75
4,1,49,4.89468383789,4.25
4,1,49,4.89396810532,4.25
4,1,73,4.62100696564,4.25
4,1,73,4.62026262283,4.25
4,1,22,1.86424052715,1.25
4,1,22,1.86226725578,1.25
4,1,51,4.70512676239,2.75
4,1,51,4.70684671402,2.75
4,1,75,4.08048915863,4.75
4,1,75,4.08422851562,4.75
4,1,16,1.57937419415,1.0
4,1,16,1.58061015606,1.0
4,1,117,2.65832996368,1.25
4,1,117,2.66082310677,1.25
4,1,63,1.98343420029,1.0
4,1,63,1.98220682144,1.0
4,1,28,3.02790927887,2.625
4,1,28,3.02888417244,2.625
4,1,57,4.40035152435,2.75
4,1,57,4.39461088181,2.75
4,1,84,2.76180410385,2.5
4,1,84,2.75945091248,2.5
4,1,113,2.68890857697,3.25
4,1,113,2.69372439384,3.25
4,1,30,3.2216398716,1.125
4,1,30,3.21914768219,1.125
4,1,59,4.41338443756,1.875
4,1,59,4.41062116623,1.875
4,1,86,2.37659692764,1.66667
4,1,86,2.37706804276,1.66667
4,1,115,2.76672124863,3.5
4,1,115,2.76458907127,3.5
4,1,24,2.88230991364,2.0
4,1,24,2.87493467331,2.0
4,1,37,4.04383850098,2.25
4,1,37,4.04179334641,2.25
4,1,80,3.45566701889,3.5
4,1,80,3.46061134338,3.5
4,1,26,3.97837257385,4.375
4,1,26,3.97823643684,4.375
4,1,39,3.96896624565,2.5
4,1,39,3.97161483765,2.5
4,1,82,2.56122756004,6.5
4,1,82,2.56157493591,6.5
4,1,4,1.48903894424,1.5
4,1,4,1.48731851578,1.5
4,1,33,2.67841410637,1.5
4,1,33,2.67858457565,1.5
4,1,92,2.71061706543,2.0
4,1,92,2.70569634438,2.0
4,1,6,1.53967392445,1.5
4,1,6,1.53972089291,1.5
4,1,35,2.74047732353,1.75
4,1,35,2.73579883575,1.75
4,1,94,2.48831224442,1.5
4,1,94,2.48908686638,1.5
4,1,45,3.85812211037,2.125
4,1,45,3.85713362694,2.125
4,1,88,2.53912401199,1.5
4,1,88,2.53751349449,1.5
4,1,101,2.55466246605,3.875
4,1,101,2.55336093903,3.875
4,1,47,3.31274271011,2.125
4,1,47,3.31444883347,2.125
4,1,90,3.37743878365,1.375
4,1,90,3.37990283966,1.375
4,1,103,3.30708241463,1.0
4,1,103,3.30537009239,1.0
4,1,12,2.07763552666,2.5
4,1,12,2.0813434124,2.5
4,1,41,4.54265451431,2.5
4,1,41,4.53831195831,2.5
4,1,68,3.81007885933,5.5
4,1,68,3.81043457985,5.5
4,1,97,2.67865991592,1.625
4,1,97,2.68140172958,1.625
4,1,70,4.07192420959,5.25
4,1,70,4.07129430771,5.25
4,1,99,3.45423269272,2.375
4,1,99,3.45250797272,2.375
4,1,8,1.62898135185,0.75
4,1,8,1.62826740742,0.75
4,1,64,3.57503223419,3.5
4,1,64,3.57657694817,3.5
4,1,109,2.60595679283,2.75
4,1,109,2.60471963882,2.75
4,1,10,1.54877901077,3.0
4,1,10,1.55568170547,3.0
4,1,66,1.67641830444,1.0
4,1,66,1.68143391609,1.0
4,1,111,2.61043667793,3.5
4,1,111,2.6117169857,3.5
4,1,52,4.81528186798,3.25
4,1,52,4.8189997673,3.25
4,1,105,3.34253501892,3.625
4,1,105,3.34250187874,3.625
4,1,54,4.76336622238,3.375
4,1,54,4.76829910278,3.375
4,1,78,3.18925213814,3.25
4,1,78,3.19049692154,3.25
4,1,48,4.72113752365,1.5
4,1,48,4.72170639038,1.5
4,1,72,2.48380184174,2.375
4,1,72,2.48104381561,2.375
4,1,50,4.04452085495,2.0
4,1,50,4.04531097412,2.0
4,1,74,3.40788722038,3.5
4,1,74,3.40584421158,3.5
4,1,23,1.97577738762,1.0
4,1,23,1.97439706326,1.0
4,1,116,3.57844114304,1.75
4,1,116,3.57588863373,1.75
4,1,118,4.147108078,4.5
4,1,118,4.14774847031,4.5
4,1,56,4.12540578842,2.0
4,1,56,4.12748146057,2.0
4,1,112,2.49330544472,1.0
4,1,112,2.49157047272,1.0
7,1,40,5.20743179321,5.5
7,1,40,5.30655670166,5.5
7,1,3,4.56518125534,4.75
7,1,3,4.46160840988,4.75
7,1,102,4.20899438858,4.25
7,1,102,4.46053647995,4.25
7,1,46,5.15977859497,4.0
7,1,46,5.26630210876,4.0
7,1,1,4.11328697205,3.5
7,1,1,4.21053600311,3.5
7,1,44,4.67895555496,6.25
7,1,44,4.59272480011,6.25
7,1,7,4.42712116241,2.25
7,1,7,4.8839507103,2.25
7,1,90,4.36389732361,4.0
7,1,90,4.28564357758,4.0
7,1,34,4.66729450226,5.5
7,1,34,4.74292516708,5.5
7,1,5,4.43161296844,4.75
7,1,5,4.6417965889,4.75
7,1,88,4.72019863129,6.5
7,1,88,4.83135032654,6.5
7,1,32,4.58026456833,3.75
7,1,32,4.53965234756,3.75
7,1,94,5.07283782959,3.0
7,1,94,5.16557598114,3.0
7,1,38,4.41875219345,3.5
7,1,38,4.49795722961,3.5
7,1,92,4.50453186035,5.75
7,1,92,4.66570281982,5.75
7,1,36,3.96368932724,4.25
7,1,36,4.04208517075,4.25
7,1,82,4.83904743195,5.25
7,1,82,4.97394895554,5.25
7,1,26,5.23142051697,3.0
7,1,26,5.31839227676,3.0
7,1,80,4.68483400345,2.0
7,1,80,4.67508602142,2.0
7,1,24,5.10364103317,5.0
7,1,24,5.11775112152,5.0
7,1,86,4.6587843895,3.25
7,1,86,4.54954004288,3.25
7,1,59,4.38729286194,5.25
7,1,59,4.26052808762,5.25
7,1,30,4.10402727127,3.0
7,1,30,4.26704597473,3.0
7,1,84,3.91225481033,4.75
7,1,84,3.55000543594,4.75
7,1,57,5.08406734467,4.25
7,1,57,5.153444767,4.25
7,1,28,4.66205835342,5.25
7,1,28,4.90683889389,5.25
7,1,74,4.88893318176,4.25
7,1,74,4.72388696671,4.25
7,1,63,4.49145555496,5.5
7,1,63,4.31275844574,5.5
7,1,18,4.90812492371,6.0
7,1,18,4.82694387436,6.0
7,1,72,5.01304769516,2.0
7,1,72,5.22990226746,2.0
7,1,61,4.385597229,5.0
7,1,61,4.26332092285,5.0
7,1,107,3.93462777138,4.0
7,1,107,3.87246060371,4.0
7,1,78,3.38434553146,4.0
7,1,78,3.11152219772,4.0
7,1,51,4.98814821243,3.5
7,1,51,5.20583534241,3.5
7,1,22,4.47385072708,3.75
7,1,22,4.43382024765,3.75
7,1,105,4.8752784729,4.75
7,1,105,4.90828371048,4.75
7,1,76,5.22887945175,2.75
7,1,76,5.48644113541,2.75
7,1,49,4.52964925766,4.5
7,1,49,4.56369256973,4.5
7,1,20,4.34945869446,5.25
7,1,20,4.27313089371,5.25
7,1,66,3.2678976059,4.25
7,1,66,3.2867603302,4.25
7,1,55,4.03160953522,2.5
7,1,55,4.2761516571,2.5
7,1,10,4.57632637024,2.75
7,1,10,4.77111244202,2.75
7,1,109,4.32100820541,6.25
7,1,109,4.40834617615,6.25
7,1,64,3.40813231468,5.0
7,1,64,3.32197642326,5.0
7,1,53,5.05830717087,5.5
7,1,53,5.01356363297,5.5
7,1,8,4.85054111481,4.5
7,1,8,4.9421505928,4.5
7,1,70,4.56206464767,5.5
7,1,70,4.78987836838,5.5
7,1,43,4.9710688591,3.5
7,1,43,5.21166276932,3.5
7,1,14,2.79711127281,1.75
7,1,14,2.76674151421,1.75
7,1,97,3.19839406013,5.5
7,1,97,3.47661352158,5.5
7,1,68,3.08402299881,4.25
7,1,68,3.36849427223,4.25
7,1,41,4.78468561172,4.75
7,1,41,4.89706802368,4.75
7,1,12,2.84353637695,5.0
7,1,12,2.9824347496,5.0
7,1,103,3.73559451103,3.25
7,1,103,3.84090852737,3.25
7,1,47,5.54691505432,4.5
7,1,47,5.26475000381,4.5
7,1,2,4.46604728699,5.5
7,1,2,4.6194524765,5.5
7,1,101,3.64041733742,4.0
7,1,101,4.02185344696,4.0
7,1,45,4.5370631218,4.5
7,1,45,4.66797733307,4.5
7,1,35,4.75767040253,6.0
7,1,35,4.75503778458,6.0
7,1,89,4.41461324692,5.25
7,1,89,4.36288309097,5.25
7,1,33,4.71250391006,4.75
7,1,33,4.74613666534,4.75
7,1,4,4.44899320602,3.25
7,1,4,4.58651256561,3.25
7,1,95,4.59882259369,4.75
7,1,95,4.57994127274,4.75
7,1,39,4.49162530899,5.5
7,1,39,4.55994176865,5.5
7,1,93,4.7360329628,4.25
7,1,93,4.44989967346,4.25
7,1,37,4.3435049057,4.25
7,1,37,4.3487739563,4.25
7,1,83,4.33459329605,4.75
7,1,83,4.53326416016,4.75
7,1,27,4.84345293045,4.25
7,1,27,4.63494873047,4.25
7,1,81,4.98332023621,4.0
7,1,81,5.07886648178,4.0
7,1,25,4.39175319672,4.5
7,1,25,4.3873333931,4.5
7,1,31,4.11477470398,4.5
7,1,31,4.354616642,4.5
7,1,58,4.18475723267,6.0
7,1,58,4.14686393738,6.0
7,1,29,4.8447933197,4.25
7,1,29,4.87692308426,4.25
7,1,75,4.63071632385,4.75
7,1,75,5.00912952423,4.75
7,1,19,4.33520698547,4.75
7,1,19,4.52725982666,4.75
7,1,73,4.28797531128,1.0
7,1,73,4.8462395668,1.0
7,1,62,4.75713396072,4.5
7,1,62,4.70774078369,4.5
7,1,79,3.54709506035,3.0
7,1,79,4.15186357498,3.0
7,1,60,4.1075425148,3.25
7,1,60,4.00755929947,3.25
7,1,23,4.72330331802,4.0
7,1,23,4.79748392105,4.0
7,1,106,4.49973011017,4.75
7,1,106,4.59934139252,4.75
7,1,50,5.01205444336,5.0
7,1,50,5.02540159225,5.0
7,1,104,4.08627128601,4.75
7,1,104,4.34631443024,4.75
7,1,67,3.6443810463,4.75
7,1,67,3.18252158165,4.75
7,1,48,4.83930969238,1.5
7,1,48,5.2136888504,1.5
7,1,11,2.66651535034,1.75
7,1,11,3.15282464027,1.75
7,1,65,3.09135937691,5.25
7,1,65,2.68877649307,5.25
7,1,54,4.58532094955,5.5
7,1,54,4.7093205452,5.5
7,1,9,3.9574368,2.0
7,1,9,4.30523014069,2.0
7,1,108,3.86781167984,2.75
7,1,108,3.7960767746,2.75
7,1,71,4.81285095215,4.75
7,1,71,4.84240055084,4.75
7,1,52,5.1350479126,0.75
7,1,52,4.99668693542,0.75
7,1,98,4.55754137039,3.25
7,1,98,4.54016304016,3.25
7,1,69,3.99636554718,5.5
7,1,69,4.15863704681,5.5
7,1,42,5.56518554688,3.0
7,1,42,5.60556554794,3.0
7,1,13,2.86481451988,3.0
7,1,13,3.14133405685,3.0
7,1,96,4.82132291794,5.5
7,1,96,4.8565158844,5.5
7,2,77,3.73820543289,4.25
7,2,77,4.01086807251,4.25
7,2,102,4.05731916428,5.25
7,2,102,4.58304309845,5.25
7,2,3,3.91974282265,5.75
7,2,3,4.26422595978,5.75
7,2,75,4.32775163651,3.5
7,2,75,4.21196174622,3.5
7,2,100,3.05492448807,1.75
7,2,100,2.79262447357,1.75
7,2,1,3.01808428764,4.25
7,2,1,3.24114608765,4.25
7,2,73,3.54393720627,3.25
7,2,73,3.59903073311,3.25
7,2,98,4.54661369324,3.75
7,2,98,4.46262168884,3.75
7,2,63,3.87153172493,5.25
7,2,63,3.88422560692,5.25
7,2,71,3.94214963913,4.0
7,2,71,3.8976764679,4.0
7,2,96,4.16749000549,3.5
7,2,96,4.45328617096,3.5
7,2,61,2.65122365952,5.5
7,2,61,3.12525177002,5.5
7,2,69,4.01247787476,4.25
7,2,69,4.34667253494,4.25
7,2,30,4.13601207733,3.0
7,2,30,3.99683046341,3.0
7,2,28,4.68803215027,5.75
7,2,28,4.93518733978,5.75
7,2,57,3.48666286469,1.5
7,2,57,3.30749821663,1.5
7,2,65,4.34804868698,5.0
7,2,65,4.1778459549,5.0
7,2,26,4.40531635284,4.25
7,2,26,4.53616476059,4.25
7,2,55,3.45707249641,4.0
7,2,55,3.10230016708,4.0
7,2,24,4.08307409286,3.75
7,2,24,4.12846040726,3.75
7,2,53,4.28066730499,5.0
7,2,53,4.25808382034,5.0
7,2,22,4.16204738617,3.0
7,2,22,4.39220190048,3.0
7,2,51,4.45178031921,4.75
7,2,51,4.51248645782,4.75
7,2,94,4.08549356461,3.25
7,2,94,4.14261007309,3.25
7,2,20,5.32338619232,5.5
7,2,20,5.13593006134,5.5
7,2,49,5.22414398193,4.0
7,2,49,4.96076965332,4.0
7,2,92,4.26526498795,4.66667
7,2,92,4.28562927246,4.66667
7,2,18,4.1701464653,3.5
7,2,18,4.47531938553,3.5
7,2,47,5.17583990097,4.0
7,2,47,5.19681358337,4.0
7,2,90,5.05762529373,4.0
7,2,90,5.02183389664,4.0
7,2,16,4.64000415802,5.0
7,2,16,4.61515474319,5.0
7,2,45,4.55216836929,2.5
7,2,45,4.52241659164,2.5
7,2,88,4.24958229065,5.0
7,2,88,4.18677759171,5.0
7,2,14,5.34278202057,5.5
7,2,14,5.15635967255,5.5
7,2,43,4.91389989853,2.75
7,2,43,4.88037252426,2.75
7,2,86,4.52203130722,2.5
7,2,86,4.76851654053,2.5
7,2,12,4.53430128098,4.25
7,2,12,4.47217845917,4.25
7,2,84,4.43032073975,3.75
7,2,84,4.42094087601,3.75
7,2,10,3.77612805367,4.0
7,2,10,4.00314188004,4.0
7,2,39,4.38966989517,4.0
7,2,39,4.15053892136,4.0
7,2,82,4.27268743515,3.25
7,2,82,4.27542114258,3.25
7,2,8,3.43202638626,4.0
7,2,8,3.6455271244,4.0
7,2,37,4.29505443573,3.5
7,2,37,4.24860668182,3.5
7,2,80,4.79587888718,4.0
7,2,80,4.79314470291,4.0
7,2,109,3.47261333466,5.25
7,2,109,3.80890107155,5.25
7,2,6,5.04729747772,4.0
7,2,6,4.87459278107,4.0
7,2,35,3.59034061432,3.5
7,2,35,3.15039634705,3.5
7,2,78,2.88088274002,5.0
7,2,78,3.20442819595,5.0
7,2,107,5.27100992203,4.5
7,2,107,5.14124584198,4.5
7,2,4,3.95736718178,3.0
7,2,4,4.23005533218,3.0
7,2,33,4.19476985931,1.5
7,2,33,3.97320628166,1.5
7,2,76,4.99969005585,4.5
7,2,76,5.03795289993,4.5
7,2,105,5.18494081497,3.0
7,2,105,5.0459651947,3.0
7,2,2,3.68550777435,2.75
7,2,2,4.03343772888,2.75
7,2,74,3.96868252754,2.5
7,2,74,4.30603694916,2.5
7,2,103,4.2791519165,4.25
7,2,103,4.06017684937,4.25
7,2,72,4.9028429985,4.25
7,2,72,5.40775537491,4.25
7,2,70,4.28294801712,3.25
7,2,70,4.24862098694,3.25
7,2,99,4.44006204605,4.25
7,2,99,4.67324113846,4.25
7,2,60,3.05588674545,4.0
7,2,60,3.00923585892,4.0
7,2,68,3.57474994659,6.5
7,2,68,3.55483412743,6.5
7,2,97,3.84339046478,3.0
7,2,97,3.68840408325,3.0
7,2,58,3.39889478683,4.0
7,2,58,3.24353337288,4.0
7,2,66,4.00379371643,5.5
7,2,66,4.57408189774,5.5
7,2,31,4.19888448715,3.75
7,2,31,4.13398218155,3.75
7,2,56,3.62271308899,4.75
7,2,56,3.86275792122,4.75
7,2,64,3.02134513855,3.25
7,2,64,3.2886826992,3.25
7,2,29,4.22533321381,1.75
7,2,29,4.39444255829,1.75
7,2,27,4.73169326782,4.25
7,2,27,4.85428094864,4.25
7,2,52,4.24100065231,3.25
7,2,52,4.35249567032,3.25
7,2,25,5.31604862213,4.75
7,2,25,4.99490642548,4.75
7,2,50,4.97766780853,4.25
7,2,50,5.21907758713,4.25
7,2,23,3.92054390907,1.75
7,2,23,3.83085179329,1.75
7,2,48,5.351146698,3.75
7,2,48,5.50129699707,3.75
7,2,95,3.84599518776,2.5
7,2,95,3.91911864281,2.5
7,2,21,3.82918572426,1.5
7,2,21,4.3040471077,1.5
7,2,46,3.56268835068,4.75
7,2,46,3.5020275116,4.75
7,2,93,3.9310708046,4.75
7,2,93,3.83262228966,4.75
7,2,19,3.95304512978,4.5
7,2,19,4.04516506195,4.5
7,2,44,4.08519983292,4.5
7,2,44,4.07380580902,4.5
7,2,91,4.65111780167,3.75
7,2,91,4.69769763947,3.75
7,2,17,4.83659887314,6.0
7,2,17,5.10908269882,6.0
7,2,42,4.94319391251,3.0
7,2,42,5.42474126816,3.0
7,2,89,4.34416913986,3.0
7,2,89,4.47245407104,3.0
7,2,40,4.90410280228,5.25
7,2,40,4.84193515778,5.25
7,2,87,4.50895643234,4.5
7,2,87,4.27717018127,4.5
7,2,13,3.55625295639,4.75
7,2,13,3.68030571938,4.75
7,2,38,4.91961288452,5.25
7,2,38,4.9993057251,5.25
7,2,85,4.60328435898,2.5
7,2,85,4.78585290909,2.5
7,2,110,2.70298624039,4.75
7,2,110,2.7973484993,4.75
7,2,11,3.17262339592,2.75
7,2,11,2.91742014885,2.75
7,2,36,4.66276168823,2.5
7,2,36,4.59575366974,2.5
7,2,83,4.7967467308,5.0
7,2,83,4.91758823395,5.0
7,2,108,3.86337304115,5.5
7,2,108,3.67197132111,5.5
7,2,9,4.35680294037,4.0
7,2,9,4.30650901794,4.0
7,2,34,4.20442008972,4.25
7,2,34,4.112200737,4.25
7,2,106,4.39810848236,6.25
7,2,106,4.31559514999,6.25
7,2,7,4.9961771965,5.0
7,2,7,5.13930273056,5.0
7,2,32,4.71230459213,4.5
7,2,32,4.63330793381,4.5
7,2,104,3.4785015583,3.5
7,2,104,3.63811779022,3.5
7,2,5,4.05409383774,3.25
7,2,5,4.20582723618,3.25
8,1,34,2.98787951469,2.5
8,1,34,2.72670888901,2.5
8,1,7,2.25820446014,1.0
8,1,7,2.65367484093,1.0
8,1,94,1.48889732361,1.75
8,1,94,1.1716272831,1.75
8,1,21,2.99053215981,1.75
8,1,21,2.87779188156,1.75
8,1,35,3.03182411194,3.0
8,1,35,2.58068060875,3.0
8,1,49,2.82310914993,2.25
8,1,49,2.61059498787,2.25
8,1,8,2.82540678978,1.0
8,1,8,2.31928491592,1.0
8,1,95,2.8292593956,2.25
8,1,95,2.23825359344,2.25
8,1,22,3.75579667091,3.5
8,1,22,3.66682291031,3.5
8,1,36,2.79128980637,3.75
8,1,36,2.46971082687,3.75
8,1,50,2.28934264183,1.0
8,1,50,2.24581170082,1.0
8,1,9,3.08787536621,2.0
8,1,9,2.7700817585,2.0
8,1,64,2.47535586357,1.25
8,1,64,2.29675173759,1.25
8,1,23,3.52525782585,3.25
8,1,23,3.51063466072,3.25
8,1,37,2.6737780571,1.75
8,1,37,2.17683649063,1.75
8,1,51,1.47527241707,1.0
8,1,51,1.82893228531,1.0
8,1,10,2.40566539764,1.75
8,1,10,2.60827660561,1.75
8,1,65,2.41083407402,2.0
8,1,65,2.16703987122,2.0
8,1,24,2.67854523659,3.75
8,1,24,2.54315829277,3.75
8,1,38,3.22869563103,2.25
8,1,38,3.48110198975,2.25
8,1,52,2.73055052757,1.25
8,1,52,1.97608840466,1.25
8,1,11,1.73906588554,2.0
8,1,11,2.37076330185,2.0
8,1,66,2.96445536613,2.25
8,1,66,2.5576364994,2.25
8,1,25,1.71968102455,2.5
8,1,25,1.40218031406,2.5
8,1,80,1.94033277035,1.75
8,1,80,1.28891718388,1.75
8,1,39,2.92790269852,3.0
8,1,39,2.37026000023,3.0
8,1,53,2.05270814896,2.25
8,1,53,1.45964097977,2.25
8,1,12,2.5502641201,1.0
8,1,12,2.45237469673,1.0
8,1,67,2.09766769409,2.25
8,1,67,2.31926941872,2.25
8,1,26,2.59873867035,2.75
8,1,26,2.22726297379,2.75
8,1,81,2.36376881599,2.25
8,1,81,2.03080868721,2.25
8,1,40,3.04589962959,1.75
8,1,40,2.52721142769,1.75
8,1,54,3.16710662842,3.0
8,1,54,2.74103498459,3.0
8,1,68,2.30884456635,1.5
8,1,68,2.46315550804,1.5
8,1,27,2.15449714661,2.0
8,1,27,1.57596218586,2.0
8,1,82,2.38216423988,1.75
8,1,82,2.05895614624,1.75
8,1,41,2.1656434536,1.5
8,1,41,1.91247856617,1.5
8,1,96,2.33156633377,2.5
8,1,96,2.42031574249,2.5
8,1,69,2.87614536285,2.5
8,1,69,2.29515910149,2.5
8,1,28,1.79031479359,1.0
8,1,28,1.8066534996,1.0
8,1,42,2.22840189934,3.5
8,1,42,1.8597612381,3.5
8,1,97,3.89208936691,2.25
8,1,97,3.23392033577,2.25
8,1,29,3.18125796318,3.25
8,1,29,2.98995494843,3.25
8,1,43,2.66161561012,1.75
8,1,43,1.93145346642,1.75
8,1,98,2.92957115173,0.75
8,1,98,2.87123179436,0.75
8,1,30,3.52852416039,2.5
8,1,30,2.93144798279,2.5
8,1,85,2.46064543724,2.0
8,1,85,1.93628382683,2.0
8,1,44,2.62382149696,3.25
8,1,44,1.95926392078,3.25
8,1,58,1.44392299652,1.0
8,1,58,1.75273501873,1.0
8,1,31,2.69244813919,1.25
8,1,31,2.59278678894,1.25
8,1,86,2.96198391914,1.25
8,1,86,2.92469382286,1.25
8,1,59,2.44737386703,1.5
8,1,59,2.68984270096,1.5
8,1,73,2.09601140022,2.75
8,1,73,1.82907140255,2.75
8,1,87,2.53336119652,1.0
8,1,87,2.18881177902,1.0
8,1,60,1.55009150505,2.5
8,1,60,1.27127707005,2.5
8,1,74,2.39927911758,2.5
8,1,74,2.06603240967,2.5
8,1,88,2.20384001732,2.25
8,1,88,2.4031624794,2.25
8,1,61,2.29435753822,2.75
8,1,61,2.15769529343,2.75
8,1,75,3.53991222382,3.0
8,1,75,2.89784431458,3.0
8,1,2,4.54427719116,2.75
8,1,2,4.0119934082,2.75
8,1,89,2.71486163139,3.5
8,1,89,2.03186559677,3.5
8,1,16,3.31303834915,2.75
8,1,16,3.36603355408,2.75
8,1,62,1.01772320271,1.5
8,1,62,1.48354065418,1.5
8,1,76,2.45453453064,1.0
8,1,76,2.21872162819,1.0
8,1,3,2.86322402954,2.5
8,1,3,2.60904097557,2.5
8,1,17,3.72942852974,3.25
8,1,17,3.70947933197,3.25
8,1,63,3.31609153748,1.0
8,1,63,3.00306963921,1.0
8,1,77,2.47950863838,3.25
8,1,77,2.53370213509,3.25
8,1,4,2.03639554977,1.75
8,1,4,1.69635796547,1.75
8,1,91,2.41657567024,2.75
8,1,91,1.86906468868,2.75
8,1,18,3.12608504295,3.75
8,1,18,2.98640346527,3.75
8,1,32,2.97537732124,2.75
8,1,32,2.39210629463,2.75
8,1,78,1.90382504463,2.75
8,1,78,2.1202852726,2.75
8,1,5,2.35398960114,2.0
8,1,5,2.14964389801,2.0
8,1,92,2.31755042076,1.5
8,1,92,1.79973614216,1.5
8,1,19,3.22594833374,2.25
8,1,19,2.7836689949,2.25
8,1,33,2.66707634926,1.75
8,1,33,2.59661865234,1.75
8,1,79,2.43698191643,2.0
8,1,79,1.60834026337,2.0
8,1,6,2.50350379944,1.5
8,1,6,2.68082165718,1.5
8,1,93,2.2959485054,1.75
8,1,93,2.53199768066,1.75
8,1,20,2.80919742584,2.5
8,1,20,2.36620283127,2.5
8,2,17,4.34337329865,3.5
8,2,17,4.34260606766,3.5
8,2,91,1.71547031403,2.25
8,2,91,1.71534264088,2.25
8,2,19,1.70714581013,2.0
8,2,19,1.70860099792,2.0
8,2,93,1.9321064949,4.25
8,2,93,1.93746960163,4.25
8,2,96,1.59885716438,2.0
8,2,96,1.597838521,2.0
8,2,21,3.53902840614,2.25
8,2,21,3.54020309448,2.25
8,2,56,2.04778051376,2.0
8,2,56,2.04800081253,2.0
8,2,95,2.98348593712,2.0
8,2,95,2.9826695919,2.0
8,2,98,2.19162249565,3.0
8,2,98,2.18901228905,3.0
8,2,23,4.03951120377,2.5
8,2,23,4.04153060913,2.5
8,2,58,3.45425128937,3.0
8,2,58,3.45588707924,3.0
8,2,100,2.73512792587,3.25
8,2,100,2.73818230629,3.25
8,2,25,3.80415248871,2.75
8,2,25,3.80489635468,2.75
8,2,60,1.62741816044,3.5
8,2,60,1.62803554535,3.5
8,2,67,2.40552210808,1.625
8,2,67,2.4090821743,1.625
8,2,27,1.54543876648,4.0
8,2,27,1.54595816135,4.0
8,2,62,2.80657505989,1.75
8,2,62,2.81504011154,1.75
8,2,69,1.22643816471,3.5
8,2,69,1.2263635397,3.5
8,2,29,5.04367256165,4.75
8,2,29,5.04262208939,4.75
8,2,32,4.4207034111,4.0
8,2,32,4.42241287231,4.0
8,2,71,1.55337297916,2.0
8,2,71,1.55649292469,2.0
8,2,31,3.36583852768,2.75
8,2,31,3.36405944824,2.75
8,2,34,3.37091946602,3.5
8,2,34,3.37373900414,3.5
8,2,73,1.22016346455,3.5
8,2,73,1.22224378586,3.5
8,2,36,4.29456043243,3.75
8,2,36,4.28982496262,3.75
8,2,75,1.60673213005,4.0
8,2,75,1.60938203335,4.0
8,2,38,4.55481481552,3.75
8,2,38,4.56646108627,3.75
8,2,77,1.2977809906,4.75
8,2,77,1.30013215542,4.75
8,2,5,1.44440114498,3.75
8,2,5,1.44289147854,3.75
8,2,40,4.76559925079,2.0
8,2,40,4.7692656517,2.0
8,2,79,3.31693530083,4.0
8,2,79,3.31806373596,4.0
8,2,7,1.48003327847,1.5
8,2,7,1.47731614113,1.5
8,2,42,4.0221118927,3.5
8,2,42,4.02264928818,3.5
8,2,9,1.77415597439,2.0
8,2,9,1.77000308037,2.0
8,2,44,3.75105547905,3.25
8,2,44,3.75170183182,3.25
8,2,11,2.78703022003,3.0
8,2,11,2.79089617729,3.0
8,2,46,3.68506574631,3.25
8,2,46,3.68445086479,3.25
8,2,80,3.6624777317,3.25
8,2,80,3.66599178314,3.25
8,2,15,3.05308294296,2.25
8,2,15,3.05702733994,2.25
8,2,49,4.21444272995,4.0
8,2,49,4.21450805664,4.0
8,2,84,3.42279911041,3.5
8,2,84,3.42157316208,3.5
8,2,86,2.30502390862,3.25
8,2,86,2.30261945724,3.25
8,2,88,3.51316142082,3.75
8,2,88,3.51095151901,3.75
8,2,16,5.17826700211,4.0
8,2,16,5.17715120316,4.0
8,2,55,2.72627186775,3.75
8,2,55,2.72872662544,3.75
8,2,90,1.127825737,1.5
8,2,90,1.12954723835,1.5
8,2,97,3.69727063179,4.25
8,2,97,3.69500303268,4.25
8,2,18,3.70529866219,3.5
8,2,18,3.70494890213,3.5
8,2,57,3.63449788094,4.75
8,2,57,3.63455414772,4.75
8,2,92,3.63151073456,2.0
8,2,92,3.63024044037,2.0
8,2,99,2.58221149445,4.0
8,2,99,2.57976651192,4.0
8,2,20,4.67317295074,3.75
8,2,20,4.67310190201,3.75
8,2,59,3.04682326317,4.5
8,2,59,3.04642534256,4.5
8,2,94,1.33131790161,3.0
8,2,94,1.33057582378,3.0
8,2,101,2.6233663559,2.75
8,2,101,2.62100982666,2.75
8,2,22,3.4978120327,2.25
8,2,22,3.50005435944,2.25
8,2,61,3.29550433159,4.0
8,2,61,3.29667973518,4.0
8,2,64,3.70868515968,4.75
8,2,64,3.70749330521,4.75
8,2,24,2.6931283474,3.0
8,2,24,2.69110512733,3.0
8,2,63,3.87678623199,5.25
8,2,63,3.87722373009,5.25
8,2,26,2.08333396912,4.0
8,2,26,2.0831682682,4.0
8,2,33,1.78339886665,2.25
8,2,33,1.78353118896,2.25
8,2,68,2.64983844757,2.75
8,2,68,2.65055680275,2.75
8,2,28,1.61914014816,2.5
8,2,28,1.61960339546,2.5
8,2,35,4.35939836502,3.5
8,2,35,4.36005306244,3.5
8,2,70,2.69361710548,4.0
8,2,70,2.69560432434,4.0
8,2,30,4.34856319427,4.25
8,2,30,4.34457302094,4.25
8,2,37,4.29514122009,2.25
8,2,37,4.29628944397,2.25
8,2,72,1.81205844879,3.5
8,2,72,1.81092500687,3.5
8,2,39,4.75943231583,2.0
8,2,39,4.76129627228,2.0
8,2,74,1.69297671318,3.75
8,2,74,1.69216215611,3.75
8,2,41,3.15879416466,4.0
8,2,41,3.15446925163,4.0
8,2,76,3.85027503967,3.25
8,2,76,3.84819149971,3.25
8,2,4,1.20187079906,3.25
8,2,4,1.20369255543,3.25
8,2,43,1.44173109531,2.75
8,2,43,1.44174981117,2.75
8,2,78,1.50975060463,3.25
8,2,78,1.50612425804,3.25
8,2,6,1.20171332359,1.75
8,2,6,1.19842040539,1.75
8,2,45,4.16816711426,2.25
8,2,45,4.16943216324,2.25
8,2,8,3.63206505775,4.25
8,2,8,3.6345500946,4.25
8,2,47,1.39693915844,2.75
8,2,47,1.39885115623,2.75
8,2,10,1.84989368916,1.75
8,2,10,1.84689807892,1.75
8,2,83,1.59460937977,2.75
8,2,83,1.59601068497,2.75
8,2,85,1.90439975262,4.5
8,2,85,1.90318953991,4.5
8,2,48,3.98017024994,4.0
8,2,48,3.98177504539,4.0
8,2,87,3.44373011589,2.0
8,2,87,3.44403886795,2.0
8,2,50,4.53756809235,3.0
8,2,50,4.53641462326,3.0
8,2,89,4.07191419601,2.25
8,2,89,4.073325634,2.25
9,1,81,3.10385489464,2.25
9,1,81,3.43991231918,2.25
9,1,27,4.20582151413,3.75
9,1,27,4.20299196243,3.75
9,1,83,3.87839770317,4.25
9,1,83,3.91836953163,4.25
9,1,29,2.74923539162,2.5
9,1,29,4.02392482758,2.5
9,1,32,2.92525076866,2.75
9,1,32,3.10480356216,2.75
9,1,85,5.08024787903,4.75
9,1,85,4.92652893066,4.75
9,1,31,3.35486888885,3.5
9,1,31,4.08899354935,3.5
9,1,34,2.80134224892,3.25
9,1,34,3.21728563309,3.25
9,1,87,3.59018039703,3.25
9,1,87,3.21344208717,3.25
9,1,36,3.45631575584,3.5
9,1,36,3.96531605721,3.5
9,1,89,3.50374794006,2.75
9,1,89,3.5851624012,2.75
9,1,3,4.86251306534,4.75
9,1,3,4.76001691818,4.75
9,1,38,3.81751990318,3.5
9,1,38,3.88273429871,3.5
9,1,91,3.24332141876,3.75
9,1,91,4.06966018677,3.75
9,1,5,3.94618439674,5.75
9,1,5,4.23623180389,5.75
9,1,40,4.03606843948,2.25
9,1,40,4.54137039185,2.25
9,1,93,4.48421192169,3.25
9,1,93,4.34509897232,3.25
9,1,96,3.98338651657,4.25
9,1,96,3.90322470665,4.25
9,1,7,4.03175926208,4.25
9,1,7,4.8953461647,4.25
9,1,42,3.7586774826,4.0
9,1,42,4.27491855621,4.0
9,1,95,3.70129871368,4.25
9,1,95,3.61797451973,4.25
9,1,98,4.68376064301,2.25
9,1,98,4.47603321075,2.25
9,1,65,3.34292864799,2.0
9,1,65,3.78138017654,2.0
9,1,100,4.03508520126,4.25
9,1,100,4.03279781342,4.25
9,1,67,3.31363916397,4.25
9,1,67,3.72977519035,4.25
9,1,102,2.81910610199,3.75
9,1,102,3.05319857597,3.75
9,1,69,3.79059314728,5.5
9,1,69,3.71878910065,5.5
9,1,104,3.83664369583,3.0
9,1,104,3.74828767776,3.0
9,1,106,3.62865662575,4.0
9,1,106,3.90695571899,4.0
9,1,73,3.5527381897,3.25
9,1,73,3.57104277611,3.25
9,1,51,3.27943396568,3.5
9,1,51,3.28240203857,3.5
9,1,75,4.04756164551,2.5
9,1,75,3.99185061455,2.5
9,1,110,3.7160422802,4.25
9,1,110,3.8581058979,4.25
9,1,53,3.50870585442,3.0
9,1,53,3.55426096916,3.0
9,1,77,3.47301125526,3.25
9,1,77,4.15790128708,3.25
9,1,16,2.94588780403,1.5
9,1,16,3.80214262009,1.5
9,1,55,3.04257297516,3.5
9,1,55,3.45520925522,3.5
9,1,79,3.94534444809,4.0
9,1,79,3.86809659004,4.0
9,1,18,4.0093460083,3.5
9,1,18,4.17418050766,3.5
9,1,20,3.85986185074,4.0
9,1,20,4.07552480698,4.0
9,1,59,2.93299031258,2.75
9,1,59,3.00970005989,2.75
9,1,22,2.76118731499,3.0
9,1,22,3.32497477531,3.0
9,1,61,3.73783302307,3.5
9,1,61,3.91105675697,3.5
9,1,24,3.99936938286,3.5
9,1,24,4.0976433754,3.5
9,1,63,2.70372080803,3.25
9,1,63,2.69614028931,3.25
9,1,80,3.53456640244,3.25
9,1,80,3.53585886955,3.25
9,1,26,3.69212126732,4.5
9,1,26,3.67181491852,4.5
9,1,33,4.1035900116,3.75
9,1,33,4.22519350052,3.75
9,1,82,4.21567630768,4.0
9,1,82,4.28748464584,4.0
9,1,28,3.93308329582,2.75
9,1,28,4.0016169548,2.75
9,1,35,3.73419523239,3.5
9,1,35,4.20453310013,3.5
9,1,84,4.51468420029,3.0
9,1,84,4.51836776733,3.0
9,1,30,2.97824478149,3.0
9,1,30,3.24639129639,3.0
9,1,37,3.91668796539,4.5
9,1,37,4.10030651093,4.5
9,1,86,3.88844943047,4.0
9,1,86,4.32708978653,4.0
9,1,39,3.1250474453,2.75
9,1,39,3.67254137993,2.75
9,1,88,3.2752187252,3.25
9,1,88,3.35107922554,3.25
9,1,2,4.13743114471,5.25
9,1,2,4.22790765762,5.25
9,1,41,3.89817142487,3.0
9,1,41,4.19256925583,3.0
9,1,90,2.96084880829,2.75
9,1,90,3.0061109066,2.75
9,1,97,4.2384057045,3.5
9,1,97,4.38655138016,3.5
9,1,4,4.6581659317,5.0
9,1,4,5.05904006958,5.0
9,1,92,3.66350579262,4.0
9,1,92,3.75936698914,4.0
9,1,99,3.02695822716,3.0
9,1,99,3.38315343857,3.0
9,1,6,3.92097997665,3.5
9,1,6,4.44943571091,3.5
9,1,94,3.6087679863,3.0
9,1,94,3.42675828934,3.0
9,1,101,3.78206300735,2.25
9,1,101,3.82199549675,2.25
9,1,8,3.55832576752,4.5
9,1,8,4.30117416382,4.5
9,1,64,3.68690657616,4.25
9,1,64,4.44284248352,4.25
9,1,103,3.10903739929,2.25
9,1,103,2.79217243195,2.25
9,1,66,3.61439990997,4.75
9,1,66,4.30386686325,4.75
9,1,105,3.67999696732,3.75
9,1,105,4.54981851578,3.75
9,1,12,2.85245680809,4.75
9,1,12,3.62691831589,4.75
9,1,68,3.91369104385,3.5
9,1,68,3.79688262939,3.5
9,1,107,2.86383724213,4.25
9,1,107,3.0652923584,4.25
9,1,72,2.96138119698,3.75
9,1,72,3.2056787014,3.75
9,1,111,4.10975122452,3.0
9,1,111,4.73249053955,3.0
9,1,50,3.71938323975,3.5
9,1,50,3.66130161285,3.5
9,1,74,3.32078337669,3.0
9,1,74,3.38708853722,3.0
9,1,17,3.81313610077,4.25
9,1,17,3.99051570892,4.25
9,1,52,3.31483268738,2.75
9,1,52,3.80616044998,2.75
9,1,76,3.1773276329,4.0
9,1,76,3.58002591133,4.0
9,1,19,3.76593780518,3.25
9,1,19,4.28235244751,3.25
9,1,54,3.46155977249,2.75
9,1,54,3.23356962204,2.75
9,1,78,3.16357374191,3.5
9,1,78,3.18675470352,3.5
9,1,21,3.53077292442,4.5
9,1,21,3.24900484085,4.5
9,1,56,3.94272065163,3.75
9,1,56,4.19074058533,3.75
9,1,23,4.37107896805,4.5
9,1,23,4.19948720932,4.5
9,1,25,2.76532483101,3.5
9,1,25,3.41993165016,3.5
9,1,60,3.04232168198,4.0
9,1,60,3.94266104698,4.0
9,2,98,4.19376468658,4.5
9,2,98,4.04957389832,4.5
9,2,71,5.23872470856,5.25
9,2,71,5.33382225037,5.25
9,2,100,4.69521903992,5.75
9,2,100,4.47501325607,5.75
9,2,46,4.22244310379,4.75
9,2,46,4.22237539291,4.75
9,2,102,5.09519481659,3.75
9,2,102,5.24700164795,3.75
9,2,75,4.75290250778,3.75
9,2,75,4.51879072189,3.75
9,2,16,3.41916513443,2.75
9,2,16,3.63701319695,2.75
9,2,104,4.0005941391,3.25
9,2,104,3.92777848244,3.25
9,2,77,4.1082983017,4.25
9,2,77,4.06959915161,4.25
9,2,18,3.6574652195,4.25
9,2,18,4.26037311554,4.25
9,2,106,4.61953783035,5.25
9,2,106,4.62830972672,5.25
9,2,79,5.04130554199,5.25
9,2,79,5.26625394821,5.25
9,2,20,3.72061610222,3.0
9,2,20,3.54205751419,3.0
9,2,108,4.28954648972,4.25
9,2,108,4.55923271179,4.25
9,2,49,4.42917346954,5.25
9,2,49,4.49261236191,5.25
9,2,22,3.16835689545,3.0
9,2,22,3.72470259666,3.0
9,2,110,3.61365866661,3.25
9,2,110,3.74412822723,3.25
9,2,51,4.05557966232,5.0
9,2,51,4.3757443428,5.0
9,2,24,3.49364042282,1.75
9,2,24,3.91471195221,1.75
9,2,80,4.29727363586,4.75
9,2,80,4.39359712601,4.75
9,2,53,2.04765462875,3.75
9,2,53,2.39136314392,3.75
9,2,26,3.05764818192,3.25
9,2,26,3.29108333588,3.25
9,2,82,4.40366649628,3.0
9,2,82,4.27644968033,3.0
9,2,55,3.86467552185,3.25
9,2,55,4.46228218079,3.25
9,2,28,3.62832689285,4.75
9,2,28,4.38297319412,4.75
9,2,84,4.20014333725,3.75
9,2,84,4.2049779892,3.75
9,2,30,4.31672430038,2.75
9,2,30,4.47481441498,2.75
9,2,113,3.95258975029,5.75
9,2,113,4.36596059799,5.75
9,2,86,4.14808559418,4.0
9,2,86,4.28728866577,4.0
9,2,88,4.55092668533,4.5
9,2,88,4.43508815765,4.5
9,2,2,4.27318811417,4.0
9,2,2,3.96073818207,4.0
9,2,90,4.16594457626,3.25
9,2,90,3.96874141693,3.25
9,2,63,4.16416311264,5.0
9,2,63,4.26886796951,5.0
9,2,4,3.93830680847,5.25
9,2,4,4.46896696091,5.25
9,2,92,4.31719112396,4.25
9,2,92,4.51599121094,4.25
9,2,33,3.41100978851,3.0
9,2,33,3.44900226593,3.0
9,2,6,5.19124078751,5.75
9,2,6,4.8137550354,5.75
9,2,94,4.00555515289,4.0
9,2,94,4.12790155411,4.0
9,2,35,2.927775383,2.5
9,2,35,3.62897109985,2.5
9,2,8,3.52384853363,4.5
9,2,8,3.78084445,4.5
9,2,64,3.61164212227,4.5
9,2,64,3.73842525482,4.5
9,2,37,2.86948657036,3.75
9,2,37,3.6073744297,3.75
9,2,10,4.16741991043,4.75
9,2,10,4.40740156174,4.75
9,2,66,4.79593896866,5.5
9,2,66,5.15314483643,5.5
9,2,39,3.5510494709,4.0
9,2,39,3.79258418083,4.0
9,2,12,4.38840818405,5.5
9,2,12,4.68681383133,5.5
9,2,68,4.04102754593,3.25
9,2,68,4.31042432785,3.25
9,2,41,4.51768064499,4.5
9,2,41,4.49232769012,4.5
9,2,97,3.98558330536,3.75
9,2,97,4.07226419449,3.75
9,2,70,4.45972394943,4.75
9,2,70,4.74950838089,4.75
9,2,99,4.37237453461,4.5
9,2,99,4.77014923096,4.5
9,2,45,2.82580685616,3.0
9,2,45,2.6304473877,3.0
9,2,101,4.54292869568,3.75
9,2,101,4.34560203552,3.75
9,2,74,4.73346567154,5.25
9,2,74,4.85625648499,5.25
9,2,47,3.90676760674,5.0
9,2,47,3.98587346077,5.0
9,2,103,4.25887155533,3.0
9,2,103,3.89958143234,3.0
9,2,76,4.40285396576,3.25
9,2,76,4.23854446411,3.25
9,2,17,3.82882404327,4.0
9,2,17,4.03450250626,4.0
9,2,105,4.54910564423,4.5
9,2,105,4.59277009964,4.5
9,2,78,4.54042291641,5.5
9,2,78,4.53299713135,5.5
9,2,19,3.89987254143,3.25
9,2,19,4.10884857178,3.25
9,2,107,3.83995056152,3.75
9,2,107,3.77309274673,3.75
9,2,48,4.02292299271,5.0
9,2,48,4.37704181671,5.0
9,2,21,2.78315472603,3.75
9,2,21,3.02885389328,3.75
9,2,109,3.90600252151,2.25
9,2,109,3.87726378441,2.25
9,2,50,2.90838265419,4.0
9,2,50,3.39453887939,4.0
9,2,23,2.95607566833,2.75
9,2,23,3.04632592201,2.75
9,2,111,4.24140977859,4.0
9,2,111,4.15845441818,4.0
9,2,52,2.20768785477,2.75
9,2,52,2.31349682808,2.75
9,2,25,2.6658577919,5.75
9,2,25,3.17420458794,5.75
9,2,81,4.49430418015,4.75
9,2,81,4.65971803665,4.75
9,2,54,3.42349696159,5.5
9,2,54,3.55083560944,5.5
9,2,27,2.54043507576,3.25
9,2,27,2.60827732086,3.25
9,2,83,4.69247770309,4.0
9,2,83,4.44259262085,4.0
9,2,56,3.95426607132,5.0
9,2,56,3.59609460831,5.0
9,2,29,3.59273457527,3.0
9,2,29,3.56886172295,3.0
9,2,112,3.96913409233,4.5
9,2,112,3.96465873718,4.5
9,2,85,3.40862417221,4.75
9,2,85,3.53808522224,4.75
9,2,31,2.61453652382,2.75
9,2,31,3.1695561409,2.75
9,2,87,4.35389089584,3.25
9,2,87,4.27150774002,3.25
9,2,89,3.36827611923,2.75
9,2,89,3.60916543007,2.75
9,2,62,4.51392316818,4.0
9,2,62,4.50753307343,4.0
9,2,3,3.9748415947,4.5
9,2,3,4.25811100006,4.5
9,2,91,4.55502319336,4.25
9,2,91,4.67746210098,4.25
9,2,32,3.08246326447,2.25
9,2,32,3.46376132965,2.25
9,2,5,3.92406773567,5.5
9,2,5,4.47510385513,5.5
9,2,93,4.1528377533,4.5
9,2,93,4.22754001617,4.5
9,2,34,4.05941534042,2.5
9,2,34,4.15857172012,2.5
9,2,7,2.98662996292,5.25
9,2,7,2.96059942245,5.25
9,2,95,4.39291286469,5.0
9,2,95,4.4600148201,5.0
9,2,36,4.36526632309,4.75
9,2,36,4.56038761139,4.75
9,2,9,3.88128757477,5.75
9,2,9,4.71064043045,5.75
9,2,65,4.65929031372,4.75
9,2,65,4.55404567719,4.75
9,2,38,2.17390823364,2.0
9,2,38,2.32022428513,2.0
9,2,11,3.86720442772,4.5
9,2,11,4.14011192322,4.5
9,2,67,5.05175304413,4.25
9,2,67,5.27734661102,4.25
9,2,40,3.82440495491,3.25
9,2,40,3.81666374207,3.25
9,2,13,3.52482581139,3.75
9,2,13,3.7369658947,3.75
9,2,96,4.11416864395,3.0
9,2,96,4.27867364883,3.0
9,2,69,4.07390022278,3.25
9,2,69,4.30724334717,3.25
9,2,42,3.81976985931,3.25
9,2,42,4.40910291672,3.25
10,1,63,3.64735937119,4.25
10,1,63,4.18394899368,4.25
10,1,24,4.65301275253,4.75
10,1,24,5.07410097122,4.75
10,1,80,4.31602334976,5.0
10,1,80,4.67255830765,5.0
10,1,61,5.20530700684,4.0
10,1,61,5.03648138046,4.0
10,1,6,4.00502157211,5.0
10,1,6,3.93807506561,5.0
10,1,94,3.89979243279,5.0
10,1,94,4.18651437759,5.0
10,1,4,4.33505773544,5.5
10,1,4,4.50236368179,5.5
10,1,92,4.59323644638,5.0
10,1,92,4.5644659996,5.0
10,1,57,3.79845714569,1.5
10,1,57,4.04970121384,1.5
10,1,90,4.61730098724,3.75
10,1,90,4.81462097168,3.75
10,1,39,3.36660242081,4.0
10,1,39,3.86898970604,4.0
10,1,88,4.73601961136,5.5
10,1,88,4.75450801849,5.5
10,1,37,5.2349729538,6.0
10,1,37,4.94720888138,6.0
10,1,14,4.58944368362,3.75
10,1,14,4.70522117615,3.75
10,1,35,3.54540872574,2.0
10,1,35,3.62081408501,2.0
10,1,12,4.80690193176,4.5
10,1,12,5.01608848572,4.5
10,1,68,4.82476615906,3.75
10,1,68,5.07091856003,3.75
10,1,33,3.97181677818,4.5
10,1,33,4.0796289444,4.5
10,1,10,4.27353286743,5.0
10,1,10,4.53235387802,5.0
10,1,66,4.36657810211,6.0
10,1,66,4.53288602829,6.0
10,1,47,4.3448343277,5.25
10,1,47,4.17494678497,5.25
10,1,8,4.72702455521,6.25
10,1,8,4.40330171585,6.25
10,1,103,3.8183221817,3.75
10,1,103,4.42876005173,3.75
10,1,64,3.29059553146,5.0
10,1,64,3.85442614555,5.0
10,1,45,3.9315559864,2.875
10,1,45,4.1709446907,2.875
10,1,101,3.89826846123,5.5
10,1,101,4.63683223724,5.5
10,1,78,3.95689964294,5.5
10,1,78,4.37340927124,5.5
10,1,43,4.98796796799,4.5
10,1,43,4.83639860153,4.5
10,1,99,4.18994855881,5.25
10,1,99,4.71992349625,5.25
10,1,76,4.66881084442,4.75
10,1,76,4.81719446182,4.75
10,1,41,4.16909122467,3.25
10,1,41,4.14182567596,3.25
10,1,97,4.45671367645,3.75
10,1,97,4.12067222595,3.75
10,1,74,3.86904168129,4.75
10,1,74,4.30350732803,4.75
10,1,72,4.44337654114,3.0
10,1,72,4.29060983658,3.0
10,1,21,4.28221035004,5.25
10,1,21,4.62816905975,5.25
10,1,54,3.06970453262,3.5
10,1,54,3.15519809723,3.5
10,1,107,4.57558345795,5.0
10,1,107,5.04643917084,5.0
10,1,52,4.69798994064,5.0
10,1,52,4.76284742355,5.0
10,1,105,3.815762043,4.0
10,1,105,4.00465917587,4.0
10,1,50,4.5544719696,5.25
10,1,50,5.02311182022,5.25
10,1,31,4.15927314758,4.75
10,1,31,4.67867946625,4.75
10,1,87,4.89498949051,4.75
10,1,87,5.13842535019,4.75
10,1,48,4.98596811295,5.0
10,1,48,5.25452327728,5.0
10,1,29,4.6622710228,4.5
10,1,29,5.05284023285,4.5
10,1,85,3.90215826035,4.75
10,1,85,4.5155415535,4.75
10,1,62,3.83719229698,3.75
10,1,62,4.28037452698,3.75
10,1,27,4.48656272888,4.25
10,1,27,4.95252466202,4.25
10,1,83,4.54732131958,3.0
10,1,83,4.59109163284,3.0
10,1,25,4.28997421265,4.5
10,1,25,4.82642459869,4.5
10,1,81,3.94572496414,4.25
10,1,81,4.13924694061,4.25
10,1,7,4.97763681412,5.5
10,1,7,5.10230922699,5.5
10,1,95,4.7116818428,4.75
10,1,95,4.89323663712,4.75
10,1,56,3.58803701401,4.5
10,1,56,4.34795951843,4.5
10,1,5,4.14601421356,5.0
10,1,5,4.59099054337,5.0
10,1,93,5.01033496857,4.0
10,1,93,4.93972539902,4.0
10,1,38,3.92132377625,3.75
10,1,38,3.78451275826,3.75
10,1,91,5.03422355652,4.5
10,1,91,5.17095041275,4.5
10,1,36,4.65857791901,4.75
10,1,36,5.1972413063,4.75
10,1,89,4.9081902504,5.25
10,1,89,4.9396739006,5.25
10,1,34,3.23646831512,4.0
10,1,34,3.37656450272,4.0
10,1,32,4.70102548599,3.75
10,1,32,5.08806705475,3.75
10,1,13,4.45418787003,4.25
10,1,13,4.53247880936,4.25
10,1,69,4.28935432434,4.5
10,1,69,5.16855859756,4.5
10,1,46,4.76012468338,5.0
10,1,46,5.17958641052,5.0
10,1,11,3.5235710144,4.0
10,1,11,3.79808759689,4.0
10,1,102,3.44013190269,5.0
10,1,102,4.08671331406,5.0
10,1,67,4.12170982361,5.25
10,1,67,4.41710662842,5.25
10,1,44,4.67658901215,4.5
10,1,44,4.76346683502,4.5
10,1,9,3.68269920349,5.5
10,1,9,3.70511603355,5.5
10,1,100,3.72843742371,4.0
10,1,100,4.03062343597,4.0
10,1,65,3.12305212021,5.75
10,1,65,3.71549057961,5.75
10,1,42,4.90532159805,5.25
10,1,42,5.34260797501,5.25
10,1,98,4.49313926697,4.5
10,1,98,4.66525316238,4.5
10,1,79,4.16670036316,4.5
10,1,79,4.07501840591,4.5
10,1,40,4.62278413773,4.5
10,1,40,4.59898948669,4.5
10,1,96,4.55387163162,4.5
10,1,96,4.95508813858,4.5
10,1,77,4.77265977859,4.5
10,1,77,4.96681833267,4.5
10,1,22,4.21669149399,4.5
10,1,22,4.49686050415,4.5
10,1,75,4.16239595413,4.5
10,1,75,4.78145837784,4.5
10,1,20,4.71341085434,5.0
10,1,20,4.95289468765,5.0
10,1,108,4.19584083557,5.0
10,1,108,3.99921607971,5.0
10,1,73,4.89354467392,4.25
10,1,73,5.05390930176,4.25
10,1,106,3.86955904961,2.0
10,1,106,3.93516254425,2.0
10,1,55,4.59326982498,5.25
10,1,55,4.8289642334,5.25
10,1,104,4.47217702866,4.5
10,1,104,4.64442968369,4.5
10,1,53,4.38370990753,5.25
10,1,53,5.01951169968,5.25
10,1,30,4.88743162155,5.5
10,1,30,5.44061470032,5.5
10,1,86,4.4295539856,4.0
10,1,86,4.30520153046,4.0
10,1,51,4.20761489868,5.5
10,1,51,4.28838777542,5.5
10,1,28,4.3515048027,4.75
10,1,28,4.74466514587,4.75
10,1,84,3.97550606728,2.75
10,1,84,3.57558298111,2.75
10,1,49,4.08805608749,4.0
10,1,49,4.53898143768,4.0
10,1,26,2.89120531082,2.375
10,1,26,3.19293403625,2.375
10,1,82,4.61569356918,4.5
10,1,82,4.80235910416,4.5
10,2,65,3.67327237129,5.0
10,2,65,3.80639052391,5.0
10,2,26,3.63048171997,3.5
10,2,26,4.94016456604,3.5
10,2,83,3.42169260979,4.25
10,2,83,3.29294109344,4.25
10,2,15,4.39979743958,5.75
10,2,15,3.05884242058,5.75
10,2,25,3.46040010452,4.25
10,2,25,3.32675981522,4.25
10,2,82,3.78790450096,5.25
10,2,82,3.76208090782,5.25
10,2,14,5.39054632187,5.25
10,2,14,5.18869590759,5.25
10,2,71,3.95477604866,4.0
10,2,71,4.16042089462,4.0
10,2,24,3.45471405983,3.5
10,2,24,3.6341240406,3.5
10,2,81,4.36275959015,5.25
10,2,81,4.34507608414,5.25
10,2,35,2.71740293503,2.75
10,2,35,2.07548308372,2.75
10,2,13,4.18140172958,5.25
10,2,13,4.97959423065,5.25
10,2,70,4.48918962479,4.66667
10,2,70,4.23393249512,4.66667
10,2,31,4.0257153511,3.25
10,2,31,4.69866752625,3.25
10,2,80,4.48150253296,4.5
10,2,80,4.46387958527,4.5
10,2,34,4.34325742722,5.0
10,2,34,4.32060050964,5.0
10,2,12,4.31077480316,4.25
10,2,12,4.60015058517,4.25
10,2,69,4.09708499908,5.25
10,2,69,3.79270362854,5.25
10,2,30,4.29978990555,5.75
10,2,30,3.97261428833,5.75
10,2,87,4.98762130737,5.5
10,2,87,4.88189172745,5.5
10,2,33,4.14305114746,4.75
10,2,33,4.23028278351,4.75
10,2,51,4.69366264343,5.5
10,2,51,4.95434427261,5.5
10,2,68,4.21508932114,4.75
10,2,68,3.95848155022,4.75
10,2,29,3.85294818878,5.0
10,2,29,3.67840051651,5.0
10,2,86,4.26401233673,4.5
10,2,86,4.12034416199,4.5
10,2,32,3.55010795593,1.75
10,2,32,3.66589188576,1.75
10,2,50,1.40765142441,4.0
10,2,50,0.884121775627,4.0
10,2,75,4.70180368423,4.5
10,2,75,4.72537994385,4.5
10,2,28,4.47078800201,4.5
10,2,28,4.50862646103,4.5
10,2,85,4.37587928772,5.25
10,2,85,4.39888858795,5.25
10,2,39,4.80578660965,5.25
10,2,39,4.90703773499,5.25
10,2,74,4.45287179947,4.75
10,2,74,4.23701620102,4.75
10,2,3,4.89438009262,3.75
10,2,3,5.85116434097,3.75
10,2,84,3.7740354538,4.0
10,2,84,4.03086805344,4.0
10,2,38,3.19591140747,4.75
10,2,38,2.52777814865,4.75
10,2,73,4.29001045227,5.5
10,2,73,3.74181437492,5.5
10,2,91,3.88705563545,4.25
10,2,91,4.31568479538,4.25
10,2,37,4.36767816544,5.0
10,2,37,4.24551725388,5.0
10,2,55,4.8973698616,3.75
10,2,55,5.34629821777,3.75
10,2,72,3.75558948517,6.25
10,2,72,4.05423736572,6.25
10,2,90,4.73639774323,4.25
10,2,90,5.30716705322,4.25
10,2,19,4.20073795319,4.5
10,2,19,4.56136465073,4.5
10,2,36,4.12708044052,3.75
10,2,36,4.39736366272,3.75
10,2,54,4.27768230438,5.5
10,2,54,4.52447843552,5.5
10,2,79,4.38760519028,5.5
10,2,79,4.38628721237,5.5
10,2,89,4.46551179886,4.0
10,2,89,4.78152513504,4.0
10,2,43,4.41863775253,5.75
10,2,43,4.13708591461,5.75
10,2,53,5.09934949875,6.75
10,2,53,3.57308840752,6.75
10,2,78,5.42050790787,5.25
10,2,78,5.11545848846,5.25
10,2,7,4.51089572906,5.25
10,2,7,4.49929428101,5.25
10,2,88,4.1260266304,5.5
10,2,88,4.33146476746,5.5
10,2,42,5.33209991455,5.5
10,2,42,5.57284784317,5.5
10,2,52,4.26871013641,5.5
10,2,52,4.2091794014,5.5
10,2,77,3.42293834686,3.5
10,2,77,3.55118513107,3.5
10,2,6,4.5590968132,5.25
10,2,6,4.52364397049,5.25
10,2,95,3.97044420242,2.0
10,2,95,4.45617771149,2.0
10,2,41,3.67522907257,5.25
10,2,41,2.81541466713,5.25
10,2,76,4.13725566864,4.5
10,2,76,3.91825532913,4.5
10,2,5,3.77988934517,5.5
10,2,5,4.10842227936,5.5
10,2,94,3.94149398804,3.25
10,2,94,3.98460483551,3.25
10,2,23,4.30955266953,5.0
10,2,23,4.21881151199,5.0
10,2,40,2.91268277168,4.5
10,2,40,2.99674987793,4.5
10,2,97,5.01699876785,5.75
10,2,97,4.69452428818,5.75
10,2,58,4.32523393631,5.5
10,2,58,4.68233346939,5.5
10,2,4,4.11553812027,6.25
10,2,4,4.63615179062,6.25
10,2,93,3.18850278854,3.25
10,2,93,3.42520499229,3.25
10,2,22,4.34465408325,5.5
10,2,22,4.10809469223,5.5
10,2,47,4.76620531082,5.25
10,2,47,4.66284275055,5.25
10,2,96,4.50798749924,4.75
10,2,96,4.4371919632,4.75
10,2,11,4.51573419571,4.5
10,2,11,3.91415882111,4.5
10,2,92,4.0540471077,4.75
10,2,92,4.0261220932,4.75
10,2,21,3.81057977676,5.5
10,2,21,3.29204344749,5.5
10,2,46,4.01418304443,4.25
10,2,46,3.85924768448,4.25
10,2,56,5.49459457397,5.25
10,2,56,5.032330513,5.25
10,2,10,4.84918546677,5.25
10,2,10,3.74873375893,5.25
10,2,67,4.34449529648,4.33333
10,2,67,4.13807058334,4.33333
10,2,20,3.81634998322,2.75
10,2,20,4.02342319489,2.75
10,2,45,3.27437067032,3.5
10,2,45,2.92922258377,3.5
10,2,9,3.68287301064,3.25
10,2,9,3.84381890297,3.25
10,2,66,3.23497533798,3.0
10,2,66,3.71952486038,3.0
10,2,27,4.37231492996,5.0
10,2,27,4.21471261978,5.0
10,2,44,3.8495490551,5.0
10,2,44,4.15645360947,5.0
10,2,8,4.41574430466,5.75
10,2,8,4.38676786423,5.75
11,1,5,4.97889947891,4.5
11,1,5,5.24329614639,4.5
11,1,94,4.70869159698,5.75
11,1,94,4.59229898453,5.75
11,1,23,5.67253684998,5.75
11,1,23,5.79475307465,5.75
11,1,32,5.03075313568,4.25
11,1,32,4.90070724487,4.25
11,1,50,3.65694928169,3.0
11,1,50,3.29345631599,3.0
11,1,75,4.10908603668,3.5
11,1,75,4.17166185379,3.5
11,1,4,5.15153646469,5.75
11,1,4,5.6220908165,5.75
11,1,93,4.73454380035,4.25
11,1,93,4.63485860825,4.25
11,1,22,5.1773481369,6.25
11,1,22,5.29097700119,6.25
11,1,47,3.80300712585,4.0
11,1,47,3.67313051224,4.0
11,1,49,3.58789515495,4.5
11,1,49,3.46890854836,4.5
11,1,74,4.22282838821,5.0
11,1,74,4.35733509064,5.0
11,1,92,4.36038064957,4.25
11,1,92,4.34118127823,4.25
11,1,21,4.78487443924,4.25
11,1,21,4.70736026764,4.25
11,1,46,3.70382714272,1.75
11,1,46,3.53608489037,1.75
11,1,48,2.89448952675,2.25
11,1,48,2.82209444046,2.25
11,1,73,5.07356071472,5.25
11,1,73,5.3340086937,5.25
11,1,91,5.01367950439,5.5
11,1,91,5.02848863602,5.5
11,1,20,4.92448091507,5.5
11,1,20,4.85460138321,5.5
11,1,63,4.51269721985,6.25
11,1,63,4.48082256317,6.25
11,1,72,4.91328811646,4.75
11,1,72,5.0599064827,4.75
11,1,90,4.77930212021,4.25
11,1,90,4.48453903198,4.25
11,1,19,5.22073745728,6.25
11,1,19,5.51544284821,6.25
11,1,62,3.80992698669,5.0
11,1,62,3.63931632042,5.0
11,1,89,5.14833259583,5.0
11,1,89,5.29011869431,5.0
11,1,15,4.86173534393,3.5
11,1,15,4.65687561035,3.5
11,1,88,4.73525667191,3.75
11,1,88,4.78269100189,3.75
11,1,99,5.36617088318,6.25
11,1,99,4.84118175507,6.25
11,1,14,4.90546321869,4.25
11,1,14,4.89515209198,4.25
11,1,71,4.70735168457,4.75
11,1,71,4.57633876801,4.75
11,1,98,4.00368070602,4.5
11,1,98,4.10974359512,4.5
11,1,13,4.69536209106,5.25
11,1,13,4.7711687088,5.25
11,1,70,4.37044286728,5.0
11,1,70,4.70064353943,5.0
11,1,31,5.13874101639,5.5
11,1,31,5.11834716797,5.5
11,1,97,4.29051828384,3.75
11,1,97,4.19954586029,3.75
11,1,12,5.22827148438,5.5
11,1,12,5.35981369019,5.5
11,1,69,4.76880455017,4.0
11,1,69,4.69999170303,4.0
11,1,30,5.42069149017,4.25
11,1,30,5.39995527267,4.25
11,1,87,4.14387083054,2.75
11,1,87,3.91458129883,2.75
11,1,96,4.22921466827,4.75
11,1,96,4.22520208359,4.75
11,1,57,2.01586484909,2.5
11,1,57,2.66224122047,2.5
11,1,11,4.26692342758,4.5
11,1,11,4.54371166229,4.5
11,1,68,4.18386602402,4.25
11,1,68,3.87499117851,4.25
11,1,29,4.82950210571,5.5
11,1,29,4.68161964417,5.5
11,1,56,3.69218945503,2.25
11,1,56,3.75622916222,2.25
11,1,10,4.44958543777,4.66667
11,1,10,4.78050756454,4.66667
11,1,67,4.15111494064,6.25
11,1,67,4.12777709961,6.25
11,1,28,5.22873401642,4.5
11,1,28,4.9442615509,4.5
11,1,39,5.69924020767,5.0
11,1,39,6.24086999893,5.0
11,1,9,5.12400102615,4.0
11,1,9,4.84382629395,4.0
11,1,66,5.00021791458,3.25
11,1,66,4.80028390884,3.25
11,1,27,4.3901257515,4.5
11,1,27,4.29629850388,4.5
11,1,84,4.53400278091,3.5
11,1,84,4.45072650909,3.5
11,1,38,5.05568408966,4.5
11,1,38,5.00627088547,4.5
11,1,8,5.23665380478,4.25
11,1,8,4.87420415878,4.25
11,1,65,3.46607446671,4.25
11,1,65,3.7614505291,4.25
11,1,26,5.3779630661,4.0
11,1,26,5.21794462204,4.0
11,1,83,4.94558620453,3.5
11,1,83,4.75617694855,3.5
11,1,37,4.99503087997,3.75
11,1,37,5.29612588882,3.75
11,1,55,3.67364192009,4.0
11,1,55,3.67745280266,4.0
11,1,64,4.32946252823,5.0
11,1,64,4.65600967407,5.0
11,1,25,4.86600160599,5.0
11,1,25,5.34340238571,5.0
11,1,82,4.54802036285,4.5
11,1,82,4.47638511658,4.5
11,1,36,4.77350759506,5.0
11,1,36,4.55964708328,5.0
11,1,54,3.84537363052,2.5
11,1,54,3.8497133255,2.5
11,1,79,4.32367897034,4.5
11,1,79,4.50284528732,4.5
11,1,24,5.86328077316,3.25
11,1,24,5.53091001511,3.25
11,1,81,4.29541397095,4.5
11,1,81,4.30634021759,4.5
11,1,35,5.14641952515,4.5
11,1,35,4.82233572006,4.5
11,1,53,4.42296695709,5.25
11,1,53,4.37929296494,5.25
11,1,78,4.52216482162,5.0
11,1,78,4.33561944962,5.0
11,1,7,4.92878389359,4.25
11,1,7,4.80413818359,4.25
11,1,80,6.45562076569,6.0
11,1,80,5.82788085938,6.0
11,1,34,6.8408741951,4.5
11,1,34,6.56899785995,4.5
11,1,52,5.83523893356,4.25
11,1,52,5.28424072266,4.25
11,1,77,5.5847029686,6.0
11,1,77,5.4472079277,6.0
11,1,6,5.91125106812,5.0
11,1,6,5.34768438339,5.0
11,1,95,4.11903953552,4.25
11,1,95,4.00210523605,4.25
11,1,33,5.17752361298,5.0
11,1,33,4.999168396,5.0
11,1,51,4.21252584457,4.75
11,1,51,3.76097631454,4.75
11,1,76,4.63580751419,4.0
11,1,76,4.97727870941,4.0
11,2,84,3.30317735672,4.75
11,2,84,3.59773778915,4.75
11,2,28,3.74808192253,4.5
11,2,28,3.7012758255,4.5
11,2,74,2.96172142029,4.25
11,2,74,3.21399664879,4.25
11,2,18,4.13284015656,4.0
11,2,18,4.31523275375,4.0
11,2,72,3.00872898102,4.25
11,2,72,2.87629365921,4.25
11,2,63,2.71746897697,2.75
11,2,63,2.70949244499,2.75
11,2,78,3.78874349594,5.5
11,2,78,4.25572109222,5.5
11,2,61,3.19154405594,3.25
11,2,61,2.77356815338,3.25
11,2,22,3.35266876221,3.75
11,2,22,3.75063061714,3.75
11,2,76,4.15108060837,5.5
11,2,76,4.15634059906,5.5
11,2,51,4.61277389526,4.5
11,2,51,4.66551351547,4.5
11,2,20,4.01834154129,4.75
11,2,20,4.08624792099,4.75
11,2,105,3.8978767395,4.5
11,2,105,4.52245950699,4.5
11,2,66,2.7761464119,1.75
11,2,66,2.39522647858,1.75
11,2,49,3.32886576653,2.75
11,2,49,3.41662406921,2.75
11,2,10,3.48306369781,4.75
11,2,10,3.97063326836,4.75
11,2,111,3.72797417641,4.5
11,2,111,3.71153306961,4.5
11,2,64,3.45740675926,4.25
11,2,64,3.88978123665,4.25
11,2,55,3.87725758553,4.5
11,2,55,4.15899753571,4.5
11,2,8,3.74806332588,5.0
11,2,8,4.32601547241,5.0
11,2,109,4.45503091812,4.75
11,2,109,4.62468624115,4.75
11,2,53,3.35956501961,4.5
11,2,53,3.90560245514,4.5
11,2,99,4.30574083328,5.5
11,2,99,4.11384820938,5.5
11,2,68,3.62751865387,4.0
11,2,68,3.67617535591,4.0
11,2,43,3.1703646183,5.25
11,2,43,3.67888903618,5.25
11,2,12,3.50044369698,2.25
11,2,12,3.25274419785,2.25
11,2,97,3.3803896904,3.75
11,2,97,3.54147386551,3.75
11,2,41,3.92835378647,4.75
11,2,41,4.18640136719,4.75
11,2,103,4.17529249191,5.25
11,2,103,4.21233081818,5.25
11,2,47,4.15394544601,4.0
11,2,47,4.18141269684,4.0
11,2,101,3.71731305122,4.75
11,2,101,3.84688830376,4.75
11,2,45,3.63963365555,4.25
11,2,45,3.78289937973,4.25
11,2,6,3.60668301582,5.5
11,2,6,3.92245006561,5.5
11,2,91,3.28478479385,4.5
11,2,91,3.58478426933,4.5
11,2,35,3.24202680588,3.75
11,2,35,3.3708088398,3.75
11,2,4,3.54212260246,4.0
11,2,4,3.67235159874,4.0
11,2,89,3.90624046326,4.75
11,2,89,3.99068927765,4.75
11,2,33,3.25367736816,4.25
11,2,33,3.32919788361,4.25
11,2,95,3.66652226448,4.0
11,2,95,3.69497942924,4.0
11,2,39,3.33643531799,4.5
11,2,39,3.11029553413,4.5
11,2,93,3.71349573135,5.0
11,2,93,4.26422262192,5.0
11,2,37,3.8296854496,5.0
11,2,37,4.0274810791,5.0
11,2,83,4.05027961731,4.0
11,2,83,3.90218782425,4.0
11,2,27,3.94138121605,5.5
11,2,27,3.94763755798,5.5
11,2,81,2.73920083046,3.0
11,2,81,2.47274446487,3.0
11,2,25,3.41418790817,5.0
11,2,25,4.05355501175,5.0
11,2,87,4.42398023605,4.25
11,2,87,4.73956680298,4.25
11,2,31,4.7870631218,5.0
11,2,31,4.92657423019,5.0
11,2,85,3.72345399857,5.0
11,2,85,3.62998056412,5.0
11,2,56,3.49958348274,4.75
11,2,56,3.83069014549,4.75
11,2,29,3.92531132698,4.75
11,2,29,3.7195520401,4.75
11,2,75,2.48951363564,2.5
11,2,75,2.76765823364,2.5
11,2,62,2.30593681335,1.75
11,2,62,1.37613725662,1.75
11,2,19,3.58442187309,5.25
11,2,19,3.78537130356,5.25
11,2,73,3.02701425552,4.25
11,2,73,3.05492806435,4.25
11,2,60,3.06459093094,2.5
11,2,60,2.03888463974,2.5
11,2,17,3.57359910011,3.75
11,2,17,3.26782417297,3.75
11,2,106,3.63811564445,3.0
11,2,106,3.87405395508,3.0
11,2,79,3.44165635109,4.25
11,2,79,3.49443054199,4.25
11,2,50,4.21882915497,4.25
11,2,50,4.51250457764,4.25
11,2,23,3.48602747917,5.75
11,2,23,3.83344388008,5.75
11,2,104,4.10287046432,6.0
11,2,104,4.23459148407,6.0
11,2,77,4.01829242706,4.5
11,2,77,3.99707317352,4.5
11,2,48,3.84344696999,6.5
11,2,48,4.2206120491,6.5
11,2,21,4.6119093895,6.25
11,2,21,4.87783432007,6.25
11,2,110,4.33411407471,4.75
11,2,110,4.63436889648,4.75
11,2,67,3.7153840065,4.75
11,2,67,3.89800548553,4.75
11,2,54,2.90368533134,3.75
11,2,54,2.72627735138,3.75
11,2,11,2.89468479156,2.5
11,2,11,2.08902478218,2.5
11,2,65,3.42007613182,2.5
11,2,65,3.39931201935,2.5
11,2,52,4.47172927856,5.0
11,2,52,5.18136024475,5.0
11,2,9,3.81076145172,3.5
11,2,9,4.11268949509,3.5
11,2,98,3.87176275253,5.0
11,2,98,3.74557638168,5.0
11,2,42,3.71467423439,4.75
11,2,42,4.14409255981,4.75
11,2,96,4.14638471603,5.0
11,2,96,4.05045461655,5.0
11,2,69,3.37203907967,3.25
11,2,69,3.62574839592,3.25
11,2,40,3.49374389648,4.25
11,2,40,3.49948096275,4.25
11,2,102,3.87411475182,3.75
11,2,102,4.54473590851,3.75
11,2,46,3.92840075493,4.25
11,2,46,3.9867618084,4.25
11,2,3,3.32536625862,5.0
11,2,3,3.25362753868,5.0
11,2,100,3.63654088974,4.5
11,2,100,4.1095790863,4.5
11,2,44,4.5059466362,5.5
11,2,44,4.77565336227,5.5
11,2,90,4.04217433929,3.25
11,2,90,4.55572080612,3.25
11,2,34,4.03657865524,6.5
11,2,34,4.03314495087,6.5
11,2,7,2.89691972733,0.75
11,2,7,2.79083108902,0.75
11,2,88,3.49295639992,5.0
11,2,88,3.31317019463,5.0
11,2,32,3.68794560432,5.25
11,2,32,3.19333744049,5.25
11,2,5,3.30737566948,2.25
11,2,5,3.10014772415,2.25
11,2,94,3.61549091339,4.25
11,2,94,3.79802131653,4.25
11,2,38,3.2524626255,4.25
11,2,38,3.28154611588,4.25
11,2,92,3.57262086868,5.5
11,2,92,3.65525984764,5.5
11,2,36,3.82799696922,4.25
11,2,36,4.4063372612,4.25
11,2,82,3.4283246994,4.75
11,2,82,3.28730940819,4.75
11,2,26,3.44600129128,3.5
11,2,26,3.45024991035,3.5
11,2,80,3.09867286682,3.75
11,2,80,2.62332701683,3.75
11,2,24,3.44740176201,5.0
11,2,24,3.59499073029,5.0
11,2,86,3.9649014473,5.75
11,2,86,4.14467096329,5.75
11,2,30,3.25752592087,4.0
11,2,30,3.43662023544,4.0
12,1,60,4.86399555206,3.75
12,1,60,4.406478405,3.75
12,1,25,4.38625335693,5.75
12,1,25,3.42565560341,5.75
12,1,83,5.47241258621,5.5
12,1,83,4.69146585464,5.5
12,1,62,2.72866439819,2.5
12,1,62,2.73394846916,2.5
12,1,27,4.70722293854,4.5
12,1,27,4.33602285385,4.5
12,1,77,4.62771701813,4.75
12,1,77,4.40138339996,4.75
12,1,21,5.66612195969,4.5
12,1,21,5.25942707062,4.5
12,1,79,4.9210600853,4.25
12,1,79,4.47806024551,4.25
12,1,23,4.02401685715,3.5
12,1,23,2.99688744545,3.5
12,1,108,4.92131567001,3.25
12,1,108,4.5924115181,3.25
12,1,73,5.3411989212,4.25
12,1,73,4.92776632309,4.25
12,1,17,4.67020225525,5.0
12,1,17,4.06507873535,5.0
12,1,110,4.67961549759,5.0
12,1,110,4.96360063553,5.0
12,1,75,5.46286535263,5.25
12,1,75,4.94148111343,5.25
12,1,54,5.12463474274,4.75
12,1,54,4.42189216614,4.75
12,1,19,5.41575717926,3.75
12,1,19,5.74900722504,3.75
12,1,104,4.32319402695,2.5
12,1,104,3.87080359459,2.5
12,1,69,4.84482240677,3.75
12,1,69,5.4101266861,3.75
12,1,48,5.29497051239,4.5
12,1,48,4.74565601349,4.5
12,1,106,2.809715271,1.25
12,1,106,2.63741588593,1.25
12,1,100,4.42997169495,2.75
12,1,100,3.57942891121,2.75
12,1,65,4.25009727478,4.5
12,1,65,4.74756860733,4.5
12,1,44,5.43527841568,5.5
12,1,44,4.93001461029,5.5
12,1,9,5.59168434143,4.75
12,1,9,5.43418264389,4.75
12,1,102,4.917989254,4.5
12,1,102,4.36399412155,4.5
12,1,67,3.11312532425,2.75
12,1,67,3.26074266434,2.75
12,1,46,4.64171791077,3.5
12,1,46,3.55478096008,3.5
12,1,11,4.65346288681,5.0
12,1,11,3.88691401482,5.0
12,1,96,4.92810344696,3.25
12,1,96,4.60676193237,3.25
12,1,40,4.99494123459,4.25
12,1,40,4.35727310181,4.25
12,1,5,5.29237937927,6.0
12,1,5,4.90276479721,6.0
12,1,98,5.38103628159,3.75
12,1,98,4.54736280441,3.75
12,1,42,5.49180746078,4.25
12,1,42,4.8218870163,4.25
12,1,7,5.51009321213,6.25
12,1,7,5.0816078186,6.25
12,1,92,4.69106674194,3.25
12,1,92,4.70019865036,3.25
12,1,36,4.75820875168,5.0
12,1,36,4.14484834671,5.0
12,1,38,4.91342639923,5.5
12,1,38,4.23207235336,5.5
12,1,3,5.38366031647,6.0
12,1,3,4.88645267487,6.0
12,1,88,5.34937143326,4.5
12,1,88,4.6290307045,4.5
12,1,32,4.64456510544,5.25
12,1,32,3.94902706146,5.25
12,1,90,4.73959445953,4.0
12,1,90,4.75493192673,4.0
12,1,34,4.92632865906,5.5
12,1,34,4.23442411423,5.5
12,1,84,5.67202472687,4.5
12,1,84,5.74870729446,4.5
12,1,28,4.12286329269,5.0
12,1,28,3.34544897079,5.0
12,1,86,4.76259422302,3.0
12,1,86,4.89930343628,3.0
12,1,30,4.39607572556,4.0
12,1,30,3.4454100132,4.0
12,1,80,4.60682725906,4.0
12,1,80,4.52894353867,4.0
12,1,24,4.17107009888,5.25
12,1,24,3.21005058289,5.25
12,1,82,5.20695161819,4.0
12,1,82,4.92585992813,4.0
12,1,61,4.4536190033,4.0
12,1,61,4.06998491287,4.0
12,1,26,5.24348068237,5.0
12,1,26,5.2600440979,5.0
12,1,76,5.38215065002,4.0
12,1,76,4.76493787766,4.0
12,1,63,3.80650520325,3.0
12,1,63,3.32535195351,3.0
12,1,20,5.04655599594,4.75
12,1,20,4.50097036362,4.75
12,1,78,5.68878364563,6.0
12,1,78,5.57229042053,6.0
12,1,22,5.41828775406,4.5
12,1,22,5.2674665451,4.5
12,1,72,4.89143562317,3.25
12,1,72,5.17637586594,3.25
12,1,16,4.53733253479,5.25
12,1,16,3.9436507225,5.25
12,1,109,4.7181558609,3.5
12,1,109,4.28376054764,3.5
12,1,74,5.33772516251,5.0
12,1,74,5.01691770554,5.0
12,1,53,4.87991905212,4.5
12,1,53,3.69376850128,4.5
12,1,18,3.59295415878,4.25
12,1,18,3.18476629257,4.25
12,1,111,4.25721120834,2.75
12,1,111,4.19330263138,2.75
12,1,68,4.93552446365,4.25
12,1,68,4.39688682556,4.25
12,1,55,4.60390233994,5.0
12,1,55,3.37849807739,5.0
12,1,12,5.48489427567,5.75
12,1,12,4.9413356781,5.75
12,1,105,4.3393778801,3.25
12,1,105,3.36441493034,3.25
12,1,49,4.76553678513,4.75
12,1,49,4.3705034256,4.75
12,1,107,4.81040000916,4.5
12,1,107,4.27663564682,4.5
12,1,64,4.92756271362,4.0
12,1,64,3.95122790337,4.0
12,1,8,5.9396944046,5.25
12,1,8,5.57917785645,5.25
12,1,101,4.15764713287,3.25
12,1,101,4.20147895813,3.25
12,1,66,4.08381891251,3.0
12,1,66,4.33399009705,3.0
12,1,45,4.75394105911,5.0
12,1,45,3.87657928467,5.0
12,1,10,5.54055118561,5.25
12,1,10,5.42655897141,5.25
12,1,103,4.98964309692,4.5
12,1,103,4.85181379318,4.5
12,1,47,5.08173656464,5.5
12,1,47,4.37428808212,5.5
12,1,4,5.41514110565,6.25
12,1,4,4.78239917755,6.25
12,1,97,4.3966255188,4.25
12,1,97,4.63810110092,4.25
12,1,41,4.97952842712,3.75
12,1,41,4.61601543427,3.75
12,1,6,5.26807641983,5.0
12,1,6,4.99401473999,5.0
12,1,99,3.90862751007,1.75
12,1,99,3.55970406532,1.75
12,1,43,5.07342863083,4.75
12,1,43,4.31624221802,4.75
12,1,93,4.50574159622,3.75
12,1,93,4.32615423203,3.75
12,1,37,5.05531644821,4.5
12,1,37,4.6067404747,4.5
12,1,2,5.64174938202,6.5
12,1,2,4.86403799057,6.5
12,1,39,4.7564201355,5.75
12,1,39,4.46053695679,5.75
12,1,89,4.79123973846,3.5
12,1,89,3.94377350807,3.5
12,1,33,4.39191818237,4.25
12,1,33,3.64532089233,4.25
12,1,91,4.83520746231,4.5
12,1,91,4.13087320328,4.5
12,1,35,4.48956537247,4.0
12,1,35,3.51955389977,4.0
12,1,85,5.59071874619,4.75
12,1,85,5.27373838425,4.75
12,1,29,3.40278553963,2.75
12,1,29,2.38088440895,2.75
12,1,87,5.03870201111,5.0
12,1,87,4.77611207962,5.0
12,1,31,5.37867021561,5.0
12,1,31,4.79380178452,5.0
12,1,81,4.60500621796,4.0
12,1,81,4.2116522789,4.0
12,2,14,1.90531337261,4.25
12,2,14,3.42816090584,4.25
12,2,37,2.32024717331,3.5
12,2,37,3.11051917076,3.5
12,2,64,-0.085623010993,1.5
12,2,64,2.52881979942,1.5
12,2,8,1.84398674965,4.0
12,2,8,3.33117794991,4.0
12,2,39,1.09604597092,2.0
12,2,39,2.15549898148,2.0
12,2,66,0.400362402201,1.0
12,2,66,2.55285811424,1.0
12,2,10,2.80730247498,4.25
12,2,10,3.54748296738,4.25
12,2,33,2.77574300766,3.75
12,2,33,3.55757975578,3.75
12,2,4,1.71686089039,4.0
12,2,4,3.28634238243,4.0
12,2,35,1.96684193611,3.0
12,2,35,2.99311542511,3.0
12,2,6,1.51377189159,3.5
12,2,6,3.4376001358,3.5
12,2,93,1.74748313427,5.0
12,2,93,2.90413379669,5.0
12,2,95,1.65007507801,4.75
12,2,95,2.78548002243,4.75
12,2,89,2.3925178051,3.75
12,2,89,3.28698205948,3.75
12,2,116,2.42939639091,3.0
12,2,116,3.20179510117,3.0
12,2,91,2.23589158058,4.5
12,2,91,3.47272658348,4.5
12,2,62,0.710274934769,1.75
12,2,62,2.3555328846,1.75
12,2,85,2.30043005943,4.75
12,2,85,2.85500264168,4.75
12,2,112,1.95584833622,3.75
12,2,112,3.30242681503,3.75
12,2,29,2.21246790886,3.0
12,2,29,3.19303798676,3.0
12,2,56,2.31525421143,5.0
12,2,56,3.40714478493,5.0
12,2,87,2.46635246277,4.75
12,2,87,3.2048535347,4.75
12,2,114,1.59325182438,3.5
12,2,114,3.21861362457,3.5
12,2,31,2.3428413868,4.75
12,2,31,3.04576349258,4.75
12,2,58,3.0083732605,3.75
12,2,58,3.32275295258,3.75
12,2,81,2.59489822388,5.5
12,2,81,3.4556350708,5.5
12,2,108,1.67743718624,2.0
12,2,108,2.61051392555,2.0
12,2,25,2.13344550133,4.75
12,2,25,3.26956486702,4.75
12,2,52,1.8110049963,4.75
12,2,52,3.29750061035,4.75
12,2,83,1.1293721199,3.75
12,2,83,2.56864380836,3.75
12,2,110,1.08338224888,2.25
12,2,110,2.40512657166,2.25
12,2,27,3.12737250328,4.5
12,2,27,3.55602169037,4.5
12,2,54,2.44292879105,4.5
12,2,54,3.47928380966,4.5
12,2,77,2.68744254112,5.0
12,2,77,3.08324074745,5.0
12,2,104,2.19343090057,2.0
12,2,104,2.86248087883,2.0
12,2,21,2.0176384449,3.75
12,2,21,2.92454195023,3.75
12,2,48,2.84400200844,4.5
12,2,48,3.21994590759,4.5
12,2,79,2.6278192997,3.75
12,2,79,3.56736445427,3.75
12,2,106,2.20894646645,3.5
12,2,106,2.85537195206,3.5
12,2,23,3.13140416145,5.25
12,2,23,3.37166810036,5.25
12,2,50,3.32215976715,4.75
12,2,50,3.49183773994,4.75
12,2,73,0.362335383892,2.0
12,2,73,2.58949303627,2.0
12,2,100,1.51079583168,2.5
12,2,100,3.02150940895,2.5
12,2,44,2.17169213295,3.75
12,2,44,3.29912590981,3.75
12,2,102,0.984468221664,1.75
12,2,102,2.26930093765,1.75
12,2,19,2.71291828156,4.5
12,2,19,3.31869769096,4.5
12,2,46,3.42549753189,4.25
12,2,46,3.525349617,4.25
12,2,69,0.274569869041,2.25
12,2,69,2.4338183403,2.25
12,2,96,2.66425561905,4.75
12,2,96,3.19571638107,4.75
12,2,13,1.31830453873,3.5
12,2,13,3.50264954567,3.5
12,2,40,3.25782155991,3.5
12,2,40,3.48658132553,3.5
12,2,71,-0.314909279346,1.5
12,2,71,1.44249117374,1.5
12,2,98,2.08703517914,2.75
12,2,98,3.36596488953,2.75
12,2,42,3.3465898037,3.5
12,2,42,3.49910736084,3.5
12,2,65,0.0555645152926,2.25
12,2,65,2.25977277756,2.25
12,2,9,1.7291008234,4.0
12,2,9,3.08645915985,4.0
12,2,36,1.48203742504,5.75
12,2,36,2.54262328148,5.75
12,2,67,0.454635500908,3.0
12,2,67,2.84315085411,3.0
12,2,11,1.65309178829,5.0
12,2,11,3.04868340492,5.0
12,2,5,1.73011672497,5.25
12,2,5,3.25184369087,5.25
12,2,32,3.02949810028,3.25
12,2,32,3.46206688881,3.25
12,2,7,1.8505448103,5.0
12,2,7,3.48488688469,5.0
12,2,34,2.70866966248,4.25
12,2,34,3.51485729218,4.25
12,2,92,2.17313957214,3.5
12,2,92,3.37314367294,3.5
12,2,3,0.880812644958,3.75
12,2,3,2.70464491844,3.75
12,2,94,2.02117371559,2.5
12,2,94,3.05974125862,2.5
12,2,88,2.23765206337,5.0
12,2,88,3.15687322617,5.0
12,2,90,2.20825839043,3.25
12,2,90,3.09606003761,3.25
12,2,113,2.49504685402,3.25
12,2,113,3.73575305939,3.25
12,2,57,3.82168698311,4.75
12,2,57,4.13868713379,4.75
12,2,84,1.82467842102,4.25
12,2,84,2.87213420868,4.25
12,2,115,1.54901683331,2.75
12,2,115,2.92516541481,2.75
12,2,28,1.73687541485,4.75
12,2,28,2.97806334496,4.75
12,2,59,2.89469408989,5.0
12,2,59,3.19116306305,5.0
12,2,86,1.8803153038,4.0
12,2,86,2.59345030785,4.0
12,2,109,2.37856960297,3.25
12,2,109,2.82556867599,3.25
12,2,30,2.60632109642,4.5
12,2,30,3.39275336266,4.5
12,2,53,2.74767374992,3.75
12,2,53,3.71772170067,3.75
12,2,80,2.52035808563,5.25
12,2,80,3.34504342079,5.25
12,2,111,2.36673069,4.0
12,2,111,3.16854143143,4.0
12,2,24,2.54869747162,4.25
12,2,24,3.53779101372,4.25
12,2,55,3.93705368042,4.5
12,2,55,3.97224092484,4.5
12,2,82,0.720067799091,2.5
12,2,82,2.48778510094,2.5
12,2,105,2.98046159744,4.0
12,2,105,3.28894281387,4.0
12,2,26,2.0242638588,2.75
12,2,26,3.37291955948,2.75
12,2,49,3.52527689934,5.25
12,2,49,3.64348435402,5.25
12,2,107,1.96925795078,2.25
12,2,107,2.63380813599,2.25
12,2,20,3.01701521873,4.0
12,2,20,3.72990775108,4.0
12,2,51,1.63705790043,3.0
12,2,51,2.51666808128,3.0
12,2,78,2.31226801872,4.0
12,2,78,3.1303255558,4.0
12,2,101,2.34218358994,3.0
12,2,101,3.34449148178,3.0
12,2,22,2.9885327816,5.0
12,2,22,3.74563097954,5.0
12,2,45,2.86486315727,4.0
12,2,45,3.69433069229,4.0
12,2,103,1.56607949734,2.5
12,2,103,2.93346571922,2.5
12,2,47,2.2422876358,4.75
12,2,47,3.36023235321,4.75
12,2,97,2.24057888985,1.5
12,2,97,3.28665471077,1.5
12,2,41,2.84334182739,5.25
12,2,41,3.11886334419,5.25
12,2,68,0.0346980579197,2.0
12,2,68,2.37211513519,2.0
12,2,99,1.86551082134,3.25
12,2,99,2.79430508614,3.25
12,2,12,2.77774906158,5.25
12,2,12,3.45923089981,5.25
12,2,43,2.97737336159,4.5
12,2,43,3.16682267189,4.5
12,2,70,-0.28861695528,1.25
12,2,70,1.99285101891,1.25
16,2,107,3.70790362358,3.25
16,2,107,3.65463781357,3.25
16,2,78,3.47122430801,4.25
16,2,78,3.35715770721,4.25
16,2,37,2.86849737167,4.5
16,2,37,3.30157279968,4.5
16,2,109,2.69493985176,4.5
16,2,109,3.11298131943,4.5
16,2,39,3.60430002213,2.25
16,2,39,3.76977920532,2.25
16,2,111,3.54233074188,3.5
16,2,111,3.57093501091,3.5
16,2,66,4.17200660706,5.75
16,2,66,3.95561981201,5.75
16,2,25,3.80958890915,3.0
16,2,25,3.77747750282,3.0
16,2,97,4.19661331177,2.75
16,2,97,4.60571479797,2.75
16,2,68,2.89747428894,1.25
16,2,68,3.08123612404,1.25
16,2,27,4.36260461807,4.25
16,2,27,4.67370700836,4.25
16,2,99,3.58011865616,3.25
16,2,99,3.59322595596,3.25
16,2,70,2.21827840805,1.75
16,2,70,2.56727552414,1.75
16,2,29,4.3475112915,2.0
16,2,29,4.24938726425,2.0
16,2,101,4.78392362595,5.0
16,2,101,4.61574220657,5.0
16,2,56,3.97913527489,4.75
16,2,56,4.11037111282,4.75
16,2,31,3.53968548775,2.0
16,2,31,3.48406505585,2.0
16,2,103,3.0771791935,3.25
16,2,103,3.69443702698,3.25
16,2,58,4.15935897827,2.25
16,2,58,3.75115299225,2.25
16,2,89,4.30606555939,1.75
16,2,89,3.85207295418,1.75
16,2,60,4.1413602829,3.0
16,2,60,3.87279963493,3.0
16,2,91,3.16753315926,3.25
16,2,91,3.22588896751,3.25
16,2,21,3.25900173187,3.75
16,2,21,3.39784407616,3.75
16,2,93,3.98619556427,4.0
16,2,93,4.46369600296,4.0
16,2,48,4.53170394897,3.25
16,2,48,4.42818307877,3.25
16,2,23,3.87800526619,2.5
16,2,23,3.68491220474,2.5
16,2,95,4.36382055283,3.5
16,2,95,4.67965078354,3.5
16,2,50,3.10855436325,2.25
16,2,50,3.28139662743,2.25
16,2,9,4.19442224503,3.5
16,2,9,4.32784366608,3.5
16,2,81,2.51296663284,2.5
16,2,81,2.83092045784,2.5
16,2,52,2.98307657242,2.25
16,2,52,3.2573568821,2.25
16,2,11,4.68943977356,4.5
16,2,11,5.62986707687,4.5
16,2,83,2.88652229309,4.5
16,2,83,3.04873275757,4.5
16,2,54,3.45230579376,1.25
16,2,54,3.36935472488,1.25
16,2,13,4.74037647247,4.5
16,2,13,5.11297941208,4.5
16,2,85,3.35180497169,3.5
16,2,85,3.38449430466,3.5
16,2,40,3.70854091644,2.0
16,2,40,3.78223276138,2.0
16,2,15,3.54606342316,4.25
16,2,15,3.47648692131,4.25
16,2,112,2.21222782135,1.5
16,2,112,2.30890417099,1.5
16,2,87,3.14092159271,3.5
16,2,87,3.48633527756,3.5
16,2,42,2.6615819931,2.5
16,2,42,2.89860296249,2.5
16,2,114,4.00253295898,3.5
16,2,114,4.40198802948,3.5
16,2,73,2.73110103607,4.0
16,2,73,3.15977954865,4.0
16,2,44,3.72457408905,2.75
16,2,44,3.76947522163,2.75
16,2,116,3.52799868584,4.0
16,2,116,3.33908414841,4.0
16,2,46,3.27139949799,2.5
16,2,46,3.86289668083,2.5
16,2,5,3.12766194344,4.0
16,2,5,2.91736745834,4.0
16,2,77,2.85527420044,5.5
16,2,77,3.30903291702,5.5
16,2,32,3.43297100067,2.75
16,2,32,3.84824490547,2.75
16,2,7,4.65453624725,5.0
16,2,7,5.15984630585,5.0
16,2,104,3.96650624275,1.75
16,2,104,4.45649194717,1.75
16,2,79,3.2790620327,5.0
16,2,79,2.81240034103,5.0
16,2,34,3.51891303062,2.25
16,2,34,3.14268875122,2.25
16,2,106,3.21824002266,2.75
16,2,106,3.87860369682,2.75
16,2,65,4.17847681046,5.0
16,2,65,3.55039286613,5.0
16,2,36,3.69634127617,3.75
16,2,36,3.41319155693,3.75
16,2,108,1.43280994892,2.75
16,2,108,0.482118904591,2.75
16,2,67,3.34396314621,3.5
16,2,67,3.37281107903,3.5
16,2,38,3.17801332474,4.0
16,2,38,3.38261270523,4.0
16,2,110,3.21173930168,2.25
16,2,110,3.53044748306,2.25
16,2,69,3.19402003288,1.75
16,2,69,3.48285698891,1.75
16,2,24,4.60333633423,3.5
16,2,24,4.70305633545,3.5
16,2,96,2.58602666855,3.5
16,2,96,2.68636322021,3.5
16,2,71,3.52439856529,4.0
16,2,71,3.66038894653,4.0
16,2,26,3.36995959282,3.25
16,2,26,3.46252202988,3.25
16,2,98,3.73215436935,4.5
16,2,98,4.31349134445,4.5
16,2,57,3.15695214272,3.0
16,2,57,3.25356698036,3.0
16,2,28,3.98065495491,3.25
16,2,28,4.16454648972,3.25
16,2,100,2.73838496208,3.25
16,2,100,2.18094015121,3.25
16,2,59,3.25760483742,3.0
16,2,59,3.31550645828,3.0
16,2,30,3.77314639091,3.0
16,2,30,3.86780285835,3.0
16,2,102,2.92450046539,1.75
16,2,102,3.04559755325,1.75
16,2,61,3.59755277634,2.5
16,2,61,4.08484745026,2.5
16,2,88,3.79431819916,3.75
16,2,88,4.3034453392,3.75
16,2,90,2.0924077034,1.75
16,2,90,2.16761803627,1.75
16,2,49,4.01208925247,2.75
16,2,49,3.67423868179,2.75
16,2,92,4.01114702225,2.5
16,2,92,3.90877461433,2.5
16,2,51,3.84281086922,3.5
16,2,51,3.74955582619,3.5
16,2,22,3.73985910416,1.75
16,2,22,3.38573026657,1.75
16,2,94,2.51744294167,4.0
16,2,94,2.51477432251,4.0
16,2,53,3.63396573067,4.0
16,2,53,4.14050960541,4.0
16,2,8,3.27518248558,3.25
16,2,8,3.69794750214,3.25
16,2,80,3.22620606422,4.0
16,2,80,3.48384857178,4.0
16,2,55,4.06959962845,4.0
16,2,55,4.0664563179,4.0
16,2,10,4.53720235825,5.5
16,2,10,5.16922855377,5.5
16,2,82,3.39399218559,2.25
16,2,82,3.18678951263,2.25
16,2,41,4.19139480591,1.75
16,2,41,4.51757240295,1.75
16,2,12,4.20971822739,5.5
16,2,12,4.62670326233,5.5
16,2,113,3.84554576874,2.5
16,2,113,3.84658908844,2.5
16,2,84,2.10586357117,3.75
16,2,84,2.19410943985,3.75
16,2,43,3.28672289848,2.25
16,2,43,3.10113286972,2.25
16,2,14,4.4519572258,4.0
16,2,14,3.96777176857,4.0
16,2,115,3.911216259,2.75
16,2,115,3.92239117622,2.75
16,2,86,3.7700073719,4.5
16,2,86,4.4515748024,4.5
16,2,45,4.17895460129,3.0
16,2,45,4.12151241302,3.0
16,2,72,2.90688896179,2.25
16,2,72,3.20600748062,2.25
16,2,47,3.6832215786,1.75
16,2,47,4.06449127197,1.75
16,2,33,3.88197779655,1.5
16,2,33,3.85536932945,1.5
16,2,105,3.20967817307,3.75
16,2,105,3.32460045815,3.75
16,2,76,3.22641348839,3.0
16,2,76,2.72309398651,3.0
16,2,35,4.2276301384,2.5
16,2,35,4.80803775787,2.5
16,2,6,4.50819158554,4.5
16,2,6,4.05410003662,4.5
17,1,87,4.26023101807,2.5
17,1,87,4.65708065033,2.5
17,1,56,4.06986284256,3.25
17,1,56,3.97496271133,3.25
17,1,31,1.98083138466,4.0
17,1,31,2.35700440407,4.0
17,1,73,4.26354265213,4.25
17,1,73,4.14365720749,4.25
17,1,17,4.88967990875,3.0
17,1,17,5.5508351326,3.0
17,1,75,2.47226238251,1.75
17,1,75,1.79756438732,1.75
17,1,60,2.26829886436,3.0
17,1,60,2.05789804459,3.0
17,1,19,4.68427419662,4.0
17,1,19,4.93818664551,4.0
17,1,77,2.59334874153,3.5
17,1,77,2.57668685913,3.5
17,1,62,1.44829463959,1.75
17,1,62,1.12885916233,1.75
17,1,21,3.0516936779,2.5
17,1,21,3.09975624084,2.5
17,1,104,3.95926761627,3.25
17,1,104,4.24776315689,3.25
17,1,79,4.19616365433,3.25
17,1,79,4.44298553467,3.25
17,1,23,4.56576347351,2.5
17,1,23,5.19377279282,2.5
17,1,106,4.29885101318,2.75
17,1,106,4.74289512634,2.75
17,1,65,1.55128026009,1.25
17,1,65,1.24005770683,1.25
17,1,50,3.57139897346,3.75
17,1,50,4.2120256424,3.75
17,1,9,1.24066627026,1.5
17,1,9,0.97910630703,1.5
17,1,108,2.53015136719,2.5
17,1,108,2.89722204208,2.5
17,1,67,2.72537827492,3.0
17,1,67,2.68933749199,3.0
17,1,52,3.67350101471,2.75
17,1,52,3.96087217331,2.75
17,1,11,1.24226629734,1.5
17,1,11,0.895844817162,1.5
17,1,110,3.29731917381,3.5
17,1,110,3.10235667229,3.5
17,1,69,2.98497891426,2.5
17,1,69,2.47393345833,2.5
17,1,54,3.54793000221,3.25
17,1,54,4.44274234772,3.25
17,1,96,3.3273627758,1.5
17,1,96,3.00677752495,1.5
17,1,40,4.39916038513,3.0
17,1,40,4.63491153717,3.0
17,1,98,3.59112715721,3.5
17,1,98,3.38725471497,3.5
17,1,42,2.29130649567,3.75
17,1,42,1.71724736691,3.75
17,1,100,4.66166734695,2.75
17,1,100,4.8894739151,2.75
17,1,44,3.64602208138,3.5
17,1,44,3.99783968925,3.5
17,1,102,2.2326233387,3.75
17,1,102,2.52914214134,3.75
17,1,46,2.79293632507,4.0
17,1,46,2.57359480858,4.0
17,1,5,3.06191277504,2.75
17,1,5,2.83865094185,2.75
17,1,88,3.50852847099,4.25
17,1,88,3.52526497841,4.25
17,1,32,4.64008331299,4.5
17,1,32,4.9313211441,4.5
17,1,7,3.68341374397,2.75
17,1,7,3.27078747749,2.75
17,1,90,3.96478056908,5.5
17,1,90,4.1884522438,5.5
17,1,34,1.92005944252,3.25
17,1,34,1.76284062862,3.25
17,1,92,4.26394796371,5.25
17,1,92,4.65902662277,5.25
17,1,36,3.45500922203,2.75
17,1,36,3.22806191444,2.75
17,1,94,5.07936191559,3.5
17,1,94,5.31555747986,3.5
17,1,38,3.58785843849,2.25
17,1,38,3.62068200111,2.25
17,1,80,4.3517999649,4.25
17,1,80,4.97977399826,4.25
17,1,24,4.69927740097,3.25
17,1,24,5.21765565872,3.25
17,1,82,3.7274684906,5.0
17,1,82,3.803835392,5.0
17,1,26,3.34220314026,3.0
17,1,26,3.58728790283,3.0
17,1,84,4.19267034531,4.25
17,1,84,4.31821393967,4.25
17,1,28,4.48926210403,4.25
17,1,28,5.11482381821,4.25
17,1,86,3.35093021393,4.0
17,1,86,3.92990231514,4.0
17,1,59,1.51497256756,2.5
17,1,59,0.699370741844,2.5
17,1,30,2.6295645237,5.25
17,1,30,2.46576666832,5.25
17,1,72,3.72335290909,5.25
17,1,72,3.58470582962,5.25
17,1,61,2.90847706795,2.25
17,1,61,2.47765374184,2.25
17,1,74,3.49169969559,3.25
17,1,74,3.75097680092,3.25
17,1,63,2.90040564537,1.75
17,1,63,2.1346988678,1.75
17,1,18,3.13707470894,2.75
17,1,18,4.02767515182,2.75
17,1,105,3.40761041641,3.75
17,1,105,3.30635905266,3.75
17,1,76,4.38681936264,4.5
17,1,76,4.54455423355,4.5
17,1,20,3.10097813606,3.5
17,1,20,3.10634303093,3.5
17,1,107,2.86782979965,3.25
17,1,107,2.95849108696,3.25
17,1,78,3.40204715729,4.25
17,1,78,3.30990028381,4.25
17,1,51,4.2911362648,3.0
17,1,51,4.55197286606,3.0
17,1,22,2.95543456078,3.0
17,1,22,2.85955929756,3.0
17,1,109,2.73851370811,2.5
17,1,109,3.00356030464,2.5
17,1,64,2.86490535736,1.0
17,1,64,2.55372047424,1.0
17,1,53,4.79788446426,2.75
17,1,53,5.36641120911,2.75
17,1,8,2.83313012123,2.75
17,1,8,2.8893725872,2.75
17,1,111,2.53569173813,2.0
17,1,111,2.55770468712,2.0
17,1,66,3.09618496895,0.75
17,1,66,3.39483809471,0.75
17,1,55,2.67767810822,2.5
17,1,55,2.92794394493,2.5
17,1,10,1.41901886463,1.5
17,1,10,1.13425135612,1.5
17,1,97,4.30647039413,2.5
17,1,97,4.58531236649,2.5
17,1,68,2.35185885429,3.75
17,1,68,2.72032237053,3.75
17,1,41,3.40248918533,3.25
17,1,41,3.60217571259,3.25
17,1,12,2.90740585327,2.25
17,1,12,2.48258805275,2.25
17,1,99,3.98030781746,3.5
17,1,99,4.08257865906,3.5
17,1,43,4.09519863129,4.25
17,1,43,4.7612361908,4.25
17,1,14,2.66517066956,1.5
17,1,14,2.84863328934,1.5
17,1,101,4.31120347977,3.0
17,1,101,3.83737063408,3.0
17,1,45,3.76820397377,3.0
17,1,45,3.72554278374,3.0
17,1,103,2.40207719803,3.0
17,1,103,2.91650700569,3.0
17,1,89,3.70981955528,3.25
17,1,89,4.23931980133,3.25
17,1,33,3.19172525406,3.75
17,1,33,3.49373435974,3.75
17,1,4,1.48909449577,2.75
17,1,4,1.1989480257,2.75
17,1,91,3.59597659111,3.5
17,1,91,3.5999019146,3.5
17,1,35,3.93313241005,2.5
17,1,35,4.47229480743,2.5
17,1,6,1.86089873314,2.75
17,1,6,1.85866987705,2.75
17,1,93,3.10450577736,3.5
17,1,93,3.74028658867,3.5
17,1,37,4.76149940491,2.5
17,1,37,5.2319188118,2.5
17,1,95,4.56951379776,5.25
17,1,95,4.85234308243,5.25
17,1,39,2.14757037163,4.5
17,1,39,1.61130583286,4.5
17,1,81,3.03923726082,4.5
17,1,81,3.0004067421,4.5
17,1,25,3.32245755196,3.75
17,1,25,3.77120041847,3.75
17,1,83,3.39325118065,3.5
17,1,83,3.36556768417,3.5
17,1,27,5.30146169662,4.5
17,1,27,5.50082683563,4.5
17,1,85,3.07334113121,4.75
17,1,85,3.4178841114,4.75
17,1,29,4.36303281784,4.0
17,1,29,4.32499313354,4.0
18,1,94,0.267707288265,2.5
18,1,94,0.355697214603,2.5
18,1,20,0.397695958614,2.75
18,1,20,0.215613797307,2.75
18,1,49,0.309410601854,1.5
18,1,49,0.232552468777,1.5
18,1,92,0.183890402317,2.25
18,1,92,0.336472183466,2.25
18,1,18,0.274823307991,2.75
18,1,18,0.167851835489,2.75
18,1,47,1.04190969467,1.75
18,1,47,0.301258355379,1.75
18,1,90,0.870010852814,2.5
18,1,90,0.392360895872,2.5
18,1,16,0.890808403492,2.33333
18,1,16,0.311252236366,2.33333
18,1,45,0.298401832581,4.75
18,1,45,0.309679359198,4.75
18,1,88,0.037556219846,2.75
18,1,88,0.491844028234,2.75
18,1,43,0.233599752188,4.25
18,1,43,0.207401797175,4.25
18,1,86,0.255680978298,2.5
18,1,86,0.289574712515,2.5
18,1,12,0.503085017204,6.0
18,1,12,0.19533392787,6.0
18,1,41,0.424634814262,4.0
18,1,41,0.171144261956,4.0
18,1,84,0.297123074532,4.5
18,1,84,0.422227293253,4.5
18,1,10,0.409955173731,1.75
18,1,10,0.227512180805,1.75
18,1,39,0.414797395468,4.0
18,1,39,0.188753783703,4.0
18,1,82,0.279064655304,3.25
18,1,82,0.28280878067,3.25
18,1,111,0.218617767096,2.75
18,1,111,0.304628372192,2.75
18,1,8,1.29984354973,2.25
18,1,8,-0.170079797506,2.25
18,1,37,0.393585830927,2.75
18,1,37,0.320374369621,2.75
18,1,80,0.208590596914,3.5
18,1,80,0.36475622654,3.5
18,1,109,0.507292687893,3.0
18,1,109,0.333759844303,3.0
18,1,6,0.370275199413,3.5
18,1,6,0.0789699777961,3.5
18,1,35,0.271849066019,2.25
18,1,35,0.305034697056,2.25
18,1,78,0.0583058446646,2.0
18,1,78,0.540556907654,2.0
18,1,107,0.306610494852,3.0
18,1,107,0.334505051374,3.0
18,1,4,0.396048158407,3.0
18,1,4,0.0143809551373,3.0
18,1,33,0.304487228394,1.0
18,1,33,0.313466668129,1.0
18,1,76,0.209742456675,2.0
18,1,76,0.265178859234,2.0
18,1,105,0.415517419577,1.75
18,1,105,0.399822384119,1.75
18,1,2,0.502450823784,4.25
18,1,2,-0.0235114768147,4.25
18,1,74,0.992676138878,1.5
18,1,74,0.325330644846,1.5
18,1,103,0.334362596273,2.0
18,1,103,0.289018511772,2.0
18,1,101,0.140146762133,2.25
18,1,101,0.379745841026,2.25
18,1,62,1.08768320084,1.5
18,1,62,0.265391051769,1.5
18,1,99,0.90788680315,2.5
18,1,99,0.305171698332,2.5
18,1,60,1.19347667694,1.0
18,1,60,0.199152097106,1.0
18,1,68,0.865754187107,2.5
18,1,68,0.205451205373,2.5
18,1,97,0.312746554613,3.25
18,1,97,0.38685002923,3.25
18,1,66,1.0481030941,1.75
18,1,66,0.23354254663,1.75
18,1,31,0.341608941555,3.75
18,1,31,0.153478741646,3.75
18,1,56,0.192786410451,3.25
18,1,56,0.522867202759,3.25
18,1,64,0.349642664194,2.25
18,1,64,0.302146613598,2.25
18,1,29,0.332347780466,3.75
18,1,29,0.194418817759,3.75
18,1,54,1.01731038094,1.25
18,1,54,0.227160319686,1.25
18,1,27,0.515086889267,3.75
18,1,27,0.113338015974,3.75
18,1,25,0.424550831318,3.0
18,1,25,0.0819403007627,3.0
18,1,50,1.1038018465,2.25
18,1,50,0.292401462793,2.25
18,1,23,0.457311302423,2.5
18,1,23,0.190088391304,2.5
18,1,48,0.340015411377,1.75
18,1,48,0.304083734751,1.75
18,1,95,0.331609427929,4.25
18,1,95,0.524148702621,4.25
18,1,21,0.313867032528,2.5
18,1,21,-0.0830399170518,2.5
18,1,46,0.456750035286,2.25
18,1,46,0.187414780259,2.25
18,1,93,0.484715640545,2.0
18,1,93,0.454788088799,2.0
18,1,19,0.257612377405,2.75
18,1,19,0.197142481804,2.75
18,1,44,0.364938765764,2.5
18,1,44,0.119735561311,2.5
18,1,91,0.366572141647,2.5
18,1,91,0.446721315384,2.5
18,1,17,0.489955216646,3.0
18,1,17,0.160077393055,3.0
18,1,42,0.43287935853,2.5
18,1,42,0.225280538201,2.5
18,1,89,0.0710893645883,2.25
18,1,89,0.664123535156,2.25
18,1,40,0.277650713921,4.0
18,1,40,0.166300952435,4.0
18,1,87,0.383839190006,3.25
18,1,87,0.272495478392,3.25
18,1,112,0.47894051671,1.25
18,1,112,0.19607912004,1.25
18,1,38,0.518713772297,3.5
18,1,38,0.103008411825,3.5
18,1,85,-0.0152187878266,4.0
18,1,85,0.463896363974,4.0
18,1,110,0.186535477638,1.75
18,1,110,0.568026661873,1.75
18,1,11,0.243687644601,5.75
18,1,11,0.301592350006,5.75
18,1,36,0.211483493447,2.25
18,1,36,0.296763032675,2.25
18,1,83,0.233046099544,3.75
18,1,83,0.539750635624,3.75
18,1,108,0.227732077241,2.5
18,1,108,0.357849061489,2.5
18,1,9,0.303264170885,2.0
18,1,9,0.102923989296,2.0
18,1,34,0.391614586115,2.25
18,1,34,0.25022867322,2.25
18,1,81,0.245753094554,3.75
18,1,81,0.380445480347,3.75
18,1,106,0.302853763103,1.25
18,1,106,0.219441279769,1.25
18,1,7,1.17210316658,2.5
18,1,7,0.268895208836,2.5
18,1,32,0.353131949902,1.25
18,1,32,0.115439355373,1.25
18,1,79,0.103339977562,2.25
18,1,79,0.418570011854,2.25
18,1,104,0.289328753948,3.25
18,1,104,0.131750226021,3.25
18,1,5,0.325560212135,1.5
18,1,5,0.395111918449,1.5
18,1,77,0.812373638153,1.0
18,1,77,0.338240534067,1.0
18,1,102,0.266337811947,2.25
18,1,102,0.254104316235,2.25
18,1,3,0.156572446227,2.25
18,1,3,0.120659463108,2.25
18,1,75,0.191864281893,1.0
18,1,75,0.532234489918,1.0
18,1,100,0.145601093769,3.75
18,1,100,0.533995866776,3.75
18,1,73,-0.0505618825555,2.0
18,1,73,0.531098008156,2.0
18,1,98,0.0897656902671,2.25
18,1,98,0.396487802267,2.25
18,1,96,0.367260783911,2.5
18,1,96,0.168080836535,2.5
18,1,61,1.29692566395,3.25
18,1,61,0.108945831656,3.25
18,1,69,0.899949967861,1.0
18,1,69,0.324907809496,1.0
18,1,30,0.437793016434,2.75
18,1,30,0.268240362406,2.75
18,1,59,1.38913404942,1.66667
18,1,59,-0.294128715992,1.66667
18,1,67,1.2368452549,1.0
18,1,67,0.0126034915447,1.0
18,1,28,0.32558503747,3.25
18,1,28,0.263509780169,3.25
18,1,65,1.0110707283,1.0
18,1,65,0.517167448997,1.0
18,1,26,0.394056767225,2.75
18,1,26,0.156022816896,2.75
18,1,55,0.250356048346,1.75
18,1,55,0.441755801439,1.75
18,1,24,0.366844624281,3.25
18,1,24,0.224444836378,3.25
18,1,53,0.237036928535,3.25
18,1,53,0.154948964715,3.25
18,1,22,0.354971706867,3.75
18,1,22,0.241270452738,3.75
18,1,51,0.825099825859,1.25
18,1,51,0.287468135357,1.25
