3,1,47,4.99926614761,4.25
3,1,47,4.99903583527,4.25
3,1,10,5.06319475174,2.875
3,1,10,5.06310272217,2.875
3,1,101,4.04310846329,4.375
3,1,101,4.0423207283,4.375
3,1,64,5.01607656479,5.75
3,1,64,5.01641559601,5.75
3,1,45,4.55634069443,4.25
3,1,45,4.55634593964,4.25
3,1,8,4.98268318176,3.5
3,1,8,4.98327112198,3.5
3,1,99,3.43109107018,1.5
3,1,99,3.42914009094,1.5
3,1,94,3.73689651489,3.25
3,1,94,3.73738598824,3.25
3,1,43,4.61744213104,4.0
3,1,43,4.61744117737,4.0
3,1,6,4.55564260483,4.5
3,1,6,4.55610799789,4.5
3,1,97,3.70022940636,1.25
3,1,97,3.69770169258,1.25
3,1,92,4.42574977875,3.5
3,1,92,4.42613935471,3.5
3,1,41,3.11222839355,3.25
3,1,41,3.11202168465,3.25
3,1,4,4.86616325378,3.25
3,1,4,4.86667394638,3.25
3,1,90,4.03616666794,3.75
3,1,90,4.03544330597,3.75
3,1,39,4.99336862564,5.75
3,1,39,4.99332094193,5.75
3,1,2,2.94239211082,4.5
3,1,2,2.94486236572,4.5
3,1,88,3.45860648155,4.0
3,1,88,3.45910525322,4.0
3,1,37,4.39669895172,3.125
3,1,37,4.39673471451,3.125
3,1,86,3.9541413784,4.25
3,1,86,3.95399451256,4.25
3,1,35,4.50259637833,4.375
3,1,35,4.50203704834,4.375
3,1,30,3.75041508675,4.5
3,1,30,3.75064659119,4.5
3,1,84,4.47700977325,3.75
3,1,84,4.47735309601,3.75
3,1,33,4.30983495712,3.0
3,1,33,4.30975246429,3.0
3,1,28,5.13352394104,4.75
3,1,28,5.13360548019,4.75
3,1,82,3.82122969627,3.0
3,1,82,3.82089519501,3.0
3,1,63,4.81515693665,4.75
3,1,63,4.81469869614,4.75
3,1,26,4.88168954849,4.0
3,1,26,4.88177490234,4.0
3,1,80,3.8687441349,2.75
3,1,80,3.86838698387,2.75
3,1,61,4.75766944885,5.5
3,1,61,4.75772094727,5.5
3,1,24,4.69740104675,4.5
3,1,24,4.69701814651,4.5
3,1,59,4.57645559311,5.5
3,1,59,4.57682609558,5.5
3,1,22,5.06618309021,4.83333
3,1,22,5.06595849991,4.83333
3,1,57,4.6446557045,4.875
3,1,57,4.64437484741,4.875
3,1,20,4.09664964676,2.5
3,1,20,4.09743738174,2.5
3,1,79,3.70654630661,5.25
3,1,79,3.70691180229,5.25
3,1,55,3.1378467083,3.25
3,1,55,3.13810062408,3.25
3,1,18,4.55050468445,3.75
3,1,18,4.5508055687,3.75
3,1,77,4.4558506012,4.5
3,1,77,4.45596122742,4.5
3,1,16,4.62516212463,4.75
3,1,16,4.62529754639,4.75
3,1,75,4.22556257248,4.0
3,1,75,4.2264919281,4.0
3,1,51,4.30691289902,4.5
3,1,51,4.30569982529,4.5
3,1,73,3.87541174889,3.0
3,1,73,3.87405729294,3.0
3,1,49,4.83592176437,5.0
3,1,49,4.83594322205,5.0
3,1,108,4.1274523735,2.25
3,1,108,4.13152647018,2.25
3,1,71,3.57746505737,2.0
3,1,71,3.57785487175,2.0
3,1,15,4.24465036392,5.0
3,1,15,4.24471473694,5.0
3,1,106,2.4847099781,2.75
3,1,106,2.4941239357,2.75
3,1,104,4.13332223892,3.5
3,1,104,4.13398456573,3.5
3,1,102,4.45713710785,5.25
3,1,102,4.4563794136,5.25
3,1,65,4.66717100143,6.25
3,1,65,4.66632127762,6.25
3,1,46,4.33704710007,5.0
3,1,46,4.33745765686,5.0
3,1,9,4.06474161148,2.75
3,1,9,4.06460428238,2.75
3,1,100,4.02900266647,2.375
3,1,100,4.02798700333,2.375
3,1,95,4.19655132294,3.75
3,1,95,4.1940574646,3.75
3,1,44,3.74776887894,3.0
3,1,44,3.75018334389,3.0
3,1,7,5.0884013176,4.75
3,1,7,5.08838701248,4.75
3,1,98,3.60911488533,1.75
3,1,98,3.60828948021,1.75
3,1,93,3.97721123695,3.25
3,1,93,3.97657060623,3.25
3,1,5,5.17061376572,6.0
3,1,5,5.17088651657,6.0
3,1,96,4.10051774979,3.875
3,1,96,4.10089302063,3.875
3,1,91,4.26867389679,4.0
3,1,91,4.27300739288,4.0
3,1,40,4.44526433945,5.0
3,1,40,4.44415473938,5.0
3,1,3,4.60700416565,3.0
3,1,3,4.60634899139,3.0
3,1,89,4.27631616592,4.25
3,1,89,4.2749376297,4.25
3,1,38,4.41677331924,4.5
3,1,38,4.41713142395,4.5
3,1,1,2.48816204071,3.875
3,1,1,2.48773622513,3.875
3,1,87,4.30278539658,4.25
3,1,87,4.30195379257,4.25
3,1,36,4.44345235825,3.5
3,1,36,4.44292020798,3.5
3,1,31,3.8610560894,3.66667
3,1,31,3.86152553558,3.66667
3,1,85,4.08050632477,2.0
3,1,85,4.08035373688,2.0
3,1,34,4.67930841446,4.125
3,1,34,4.67878627777,4.125
3,1,29,4.9862909317,1.25
3,1,29,4.98622465134,1.25
3,1,83,4.37202358246,4.5
3,1,83,4.37151575089,4.5
3,1,32,3.54734349251,4.5
3,1,32,3.54862618446,4.5
3,1,27,4.20228481293,5.25
3,1,27,4.20196485519,5.25
3,1,81,4.56504154205,2.75
3,1,81,4.5645775795,2.75
3,1,62,4.54153728485,4.375
3,1,62,4.54437208176,4.375
3,1,25,5.17915058136,5.5
3,1,25,5.17891597748,5.5
3,1,60,4.69194555283,5.5
3,1,60,4.69207715988,5.5
3,1,23,3.89988017082,3.875
3,1,23,3.89952278137,3.875
3,1,58,4.32070159912,4.5
3,1,58,4.32149839401,4.5
3,1,21,4.5976099968,4.5
3,1,21,4.59713983536,4.5
3,1,56,2.81903386116,4.0
3,1,56,2.83709764481,4.0
3,1,19,4.08706235886,4.125
3,1,19,4.08757400513,4.125
3,1,78,4.46319437027,5.25
3,1,78,4.46208286285,5.25
3,1,17,4.62763834,5.0
3,1,17,4.62730407715,5.0
3,1,76,4.53252410889,4.0
3,1,76,4.53265810013,4.0
3,1,52,4.42603302002,3.5
3,1,52,4.42582654953,3.5
3,1,74,4.01947832108,4.0
3,1,74,4.01979827881,4.0
3,1,50,4.49311065674,4.66667
3,1,50,4.49341821671,4.66667
3,1,48,4.50827264786,2.5
3,1,48,4.50859260559,2.5
3,1,107,3.78867411613,5.25
3,1,107,3.78707313538,5.25
3,1,70,3.87340283394,2.75
3,1,70,3.87149190903,2.75
3,1,14,3.83531713486,3.75
3,1,14,3.83554553986,3.75
3,1,105,2.71224379539,1.25
3,1,105,2.71376800537,1.25
3,1,103,3.07245111465,1.5
3,1,103,3.07362675667,1.5
3,1,66,3.59510183334,3.0
3,1,66,3.59358692169,3.0
3,2,82,2.25339460373,3.25
3,2,82,2.26316571236,3.25
3,2,61,4.23558330536,4.375
3,2,61,4.23545789719,4.375
3,2,80,3.92278146744,4.75
3,2,80,3.9222266674,4.75
3,2,30,2.28052854538,3.625
3,2,30,2.27936935425,3.625
3,2,35,2.7896604538,3.875
3,2,35,2.7867026329,3.875
3,2,86,2.32173681259,2.75
3,2,86,2.32083535194,2.75
3,2,28,2.94097280502,4.0
3,2,28,2.93729352951,4.0
3,2,33,4.42242527008,5.0
3,2,33,4.42224740982,5.0
3,2,84,3.42749166489,4.0
3,2,84,3.4278781414,4.0
3,2,2,2.96385526657,1.875
3,2,2,2.96570539474,1.875
3,2,39,4.34804487228,4.25
3,2,39,4.34804391861,4.25
3,2,90,2.99374270439,4.25
3,2,90,2.99233746529,4.25
3,2,37,2.78541088104,2.25
3,2,37,2.78586101532,2.25
3,2,88,3.96914887428,4.0
3,2,88,3.96892046928,4.0
3,2,6,4.18914842606,5.25
3,2,6,4.18959140778,5.25
3,2,43,2.23826336861,4.0
3,2,43,2.24006032944,4.0
3,2,94,4.56684589386,3.75
3,2,94,4.56611251831,3.75
3,2,99,3.44953012466,2.625
3,2,99,3.44987535477,2.625
3,2,41,4.13366699219,3.5
3,2,41,4.13346242905,3.5
3,2,92,3.94359779358,3.25
3,2,92,3.94653558731,3.25
3,2,97,3.24718499184,5.0
3,2,97,3.2462618351,5.0
3,2,10,4.14917898178,4.0
3,2,10,4.14832019806,4.0
3,2,47,3.3382768631,3.875
3,2,47,3.33408069611,3.875
3,2,66,4.077064991,3.75
3,2,66,4.0767455101,3.75
3,2,103,4.07796192169,4.0
3,2,103,4.07684278488,4.0
3,2,8,3.63693141937,6.0
3,2,8,3.637196064,6.0
3,2,45,3.66330099106,3.25
3,2,45,3.66368222237,3.25
3,2,64,3.20705318451,2.375
3,2,64,3.20926523209,2.375
3,2,101,4.07662630081,3.125
3,2,101,4.07583332062,3.125
3,2,14,2.89932703972,3.75
3,2,14,2.89908981323,3.75
3,2,70,3.48805522919,3.66667
3,2,70,3.48686790466,3.66667
3,2,107,2.26685833931,4.625
3,2,107,2.269718647,4.625
3,2,12,4.63050794601,5.25
3,2,12,4.63158130646,5.25
3,2,68,3.51399159431,5.5
3,2,68,3.51451325417,5.5
3,2,105,3.53441667557,3.5
3,2,105,3.53616213799,3.5
3,2,50,4.60858392715,3.75
3,2,50,4.60826063156,3.75
3,2,74,3.77098965645,3.25
3,2,74,3.77188873291,3.25
3,2,111,3.54385566711,3.5
3,2,111,3.54184579849,3.5
3,2,48,2.37815594673,4.25
3,2,48,2.38033175468,4.25
3,2,109,3.3285279274,1.95833
3,2,109,3.32810950279,1.95833
3,2,78,4.11368894577,2.75
3,2,78,4.11327314377,2.75
3,2,52,4.4156627655,1.5
3,2,52,4.41589689255,1.5
3,2,56,4.25065660477,4.25
3,2,56,4.25052261353,4.25
3,2,112,2.99437880516,4.0
3,2,112,2.99536061287,4.0
3,2,62,4.38739538193,5.25
3,2,62,4.3865070343,5.25
3,2,27,3.77328491211,4.0
3,2,27,3.7737185955,4.0
3,2,60,3.56044054031,3.75
3,2,60,3.5611436367,3.75
3,2,83,3.8408036232,4.25
3,2,83,3.83985161781,4.25
3,2,34,2.82030153275,3.5
3,2,34,2.82149386406,3.5
3,2,81,4.32103300095,4.375
3,2,81,4.32084274292,4.375
3,2,31,4.20852565765,3.25
3,2,31,4.20882081985,3.25
3,2,32,4.46313047409,3.25
3,2,32,4.46326446533,3.25
3,2,87,2.71547055244,3.75
3,2,87,2.71882510185,3.75
3,2,29,1.7626761198,4.0
3,2,29,1.76331973076,4.0
3,2,38,4.85411262512,3.25
3,2,38,4.85426998138,3.25
3,2,85,3.30069804192,3.25
3,2,85,3.30443143845,3.25
3,2,36,3.45059728622,2.75
3,2,36,3.45135617256,2.75
3,2,91,4.34938240051,4.5
3,2,91,4.34765005112,4.5
3,2,42,1.73125481606,2.5
3,2,42,1.73256528378,2.5
3,2,89,3.90733337402,3.25
3,2,89,3.90854215622,3.25
3,2,98,3.82476735115,4.5
3,2,98,3.823335886,4.5
3,2,7,2.81107544899,6.0
3,2,7,2.81234455109,6.0
3,2,40,4.1891913414,2.75
3,2,40,4.18870925903,2.75
3,2,95,2.66024446487,1.5
3,2,95,2.6593132019,1.5
3,2,96,3.47591423988,3.125
3,2,96,3.47613048553,3.125
3,2,5,3.51901173592,3.25
3,2,5,3.51782631874,3.25
3,2,46,3.9513437748,4.5
3,2,46,3.95089936256,4.5
3,2,93,4.37804603577,5.0
3,2,93,4.37968015671,5.0
3,2,102,3.96026110649,2.0
3,2,102,3.95958375931,2.0
3,2,11,4.36081647873,4.125
3,2,11,4.36165714264,4.125
3,2,44,2.21525907516,5.0
3,2,44,2.21426868439,5.0
3,2,67,4.53306531906,5.25
3,2,67,4.52964782715,5.25
3,2,100,3.48194909096,1.25
3,2,100,3.48129677773,1.25
3,2,9,3.66959118843,4.5
3,2,9,3.66893672943,4.5
3,2,65,2.91602277756,3.0
3,2,65,2.91401553154,3.0
3,2,106,3.26340579987,3.875
3,2,106,3.26470828056,3.875
3,2,71,4.12517261505,2.375
3,2,71,4.12683868408,2.375
3,2,104,1.64803016186,3.5
3,2,104,1.63934540749,3.5
3,2,13,4.57143068314,5.0
3,2,13,4.57213163376,5.0
3,2,69,2.20298337936,1.25
3,2,69,2.20278191566,1.25
3,2,110,4.06574964523,4.25
3,2,110,4.06554889679,4.25
3,2,51,4.05267000198,4.0
3,2,51,4.05261564255,4.0
3,2,108,2.69155430794,4.0
3,2,108,2.69322729111,4.0
3,2,49,3.35438895226,2.75
3,2,49,3.35397982597,2.75
3,2,73,3.84851717949,3.75
3,2,73,3.84782743454,3.75
3,2,55,3.89050936699,3.33333
3,2,55,3.88960075378,3.33333
3,2,79,3.64439439774,3.75
3,2,79,3.64481759071,3.75
3,2,53,3.43902993202,4.5
3,2,53,3.43868660927,4.5
3,2,77,4.06681966782,2.25
3,2,77,4.06726980209,2.25
3,2,59,3.87533926964,2.25
3,2,59,3.87557220459,2.25
3,2,113,3.21156859398,3.0
3,2,113,3.21091842651,3.0
3,2,26,3.07590723038,2.5
3,2,26,3.07651185989,2.5
3,2,63,1.81841611862,1.25
3,2,63,1.81332862377,1.25
4,1,29,3.05504322052,3.0
4,1,29,3.05385160446,3.0
4,1,58,4.32911396027,2.25
4,1,58,4.32832574844,2.25
4,1,85,2.83891248703,2.5
4,1,85,2.83873558044,2.5
4,1,114,2.40403413773,1.5
4,1,114,2.40276789665,1.5
4,1,31,3.03972005844,2.25
4,1,31,3.04162025452,2.25
4,1,36,2.36686897278,0.875
4,1,36,2.36855864525,0.875
4,1,87,2.52733612061,3.25
4,1,87,2.5265557766,3.25
4,1,25,2.91702055931,1.5
4,1,25,2.9164981842,1.5
4,1,38,3.27757620811,2.5
4,1,38,3.2760117054,2.5
4,1,81,2.93060302734,3.0
4,1,81,2.93141245842,3.0
4,1,27,2.02127671242,2.75
4,1,27,2.01979732513,2.75
4,1,32,2.81149673462,1.5
4,1,32,2.80905938148,1.5
4,1,83,2.35594105721,3.25
4,1,83,2.36121273041,3.25
4,1,5,1.68710136414,1.0
4,1,5,1.68753051758,1.0
4,1,34,2.55891942978,1.5
4,1,34,2.56116294861,1.5
4,1,93,3.30472397804,3.0
4,1,93,3.30465006828,3.0
4,1,7,2.27401733398,1.75
4,1,7,2.27415060997,1.75
4,1,95,2.42449951172,3.5
4,1,95,2.42429995537,3.5
4,1,100,3.0150244236,0.75
4,1,100,3.01612138748,0.75
4,1,46,3.7547750473,3.75
4,1,46,3.75474596024,3.75
4,1,89,2.56025242805,1.75
4,1,89,2.55630660057,1.75
4,1,102,2.14110946655,1.5
4,1,102,2.13919854164,1.5
4,1,3,2.23298549652,3.5
4,1,3,2.23201608658,3.5
4,1,40,3.61599826813,4.0
4,1,40,3.6157681942,4.0
4,1,91,3.08113718033,2.25
4,1,91,3.08225274086,2.25
4,1,96,2.868227005,2.75
4,1,96,2.86731791496,2.75
4,1,13,1.92110061646,1.5
4,1,13,1.92033815384,1.5
4,1,42,3.12874555588,1.75
4,1,42,3.12700033188,1.75
4,1,69,4.44294548035,5.5
4,1,69,4.44239711761,5.5
4,1,98,3.19878315926,3.25
4,1,98,3.19990897179,3.25
4,1,15,1.95786523819,0.75
4,1,15,1.95859336853,0.75
4,1,71,4.4081196785,2.125
4,1,71,4.40537548065,2.125
4,1,108,3.58095264435,3.25
4,1,108,3.58357000351,3.25
4,1,9,1.68371605873,1.0
4,1,9,1.68237805367,1.0
4,1,65,3.77336478233,4.75
4,1,65,3.77247810364,4.75
4,1,110,2.816208601,4.0
4,1,110,2.82039761543,4.0
4,1,11,1.56896519661,1.0
4,1,11,1.57575654984,1.0
4,1,67,3.41825294495,1.75
4,1,67,3.41622567177,1.75
4,1,104,1.91366147995,1.25
4,1,104,1.91324186325,1.25
4,1,53,4.23887014389,2.5
4,1,53,4.23915433884,2.5
4,1,77,3.75907802582,2.625
4,1,77,3.75699782372,2.625
4,1,106,2.73018980026,2.125
4,1,106,2.72970271111,2.125
4,1,55,3.7052230835,2.5
4,1,55,3.69843649864,2.5
4,1,79,3.98265218735,6.75
4,1,79,3.98168754578,6.75
4,1,49,4.2515912056,4.25
4,1,49,4.25310325623,4.25
4,1,73,4.21250104904,4.25
4,1,73,4.210896492,4.25
4,1,22,2.13200926781,1.25
4,1,22,2.13072443008,1.25
4,1,51,4.3135099411,2.75
4,1,51,4.31182813644,2.75
4,1,75,3.78360128403,4.75
4,1,75,3.78555011749,4.75
4,1,16,1.81066894531,1.0
4,1,16,1.80767512321,1.0
4,1,117,2.70992708206,1.25
4,1,117,2.70949339867,1.25
4,1,63,2.2399225235,1.0
4,1,63,2.23889803886,1.0
4,1,28,2.98996496201,2.625
4,1,28,2.98808908463,2.625
4,1,57,3.96476912498,2.75
4,1,57,3.96320176125,2.75
4,1,84,2.89934325218,2.5
4,1,84,2.90095877647,2.5
4,1,113,2.56136107445,3.25
4,1,113,2.56391835213,3.25
4,1,30,2.855717659,1.125
4,1,30,2.85593605042,1.125
4,1,59,4.16732645035,1.875
4,1,59,4.16788959503,1.875
4,1,86,2.39772057533,1.66667
4,1,86,2.39262127876,1.66667
4,1,115,2.80589532852,3.5
4,1,115,2.80346798897,3.5
4,1,24,2.94580483437,2.0
4,1,24,2.94214200974,2.0
4,1,37,3.55944800377,2.25
4,1,37,3.56083273888,2.25
4,1,80,3.40100550652,3.5
4,1,80,3.40398836136,3.5
4,1,26,3.69428086281,4.375
4,1,26,3.69621181488,4.375
4,1,39,3.49079489708,2.5
4,1,39,3.49139499664,2.5
4,1,82,2.60757303238,6.5
4,1,82,2.60844731331,6.5
4,1,4,1.6783452034,1.5
4,1,4,1.67980885506,1.5
4,1,33,2.5485394001,1.5
4,1,33,2.54409742355,1.5
4,1,92,3.1427128315,2.0
4,1,92,3.1414577961,2.0
4,1,6,1.8746740818,1.5
4,1,6,1.87458443642,1.5
4,1,35,2.79182267189,1.75
4,1,35,2.79185581207,1.75
4,1,94,2.41085600853,1.5
4,1,94,2.41042423248,1.5
4,1,45,3.82256817818,2.125
4,1,45,3.82249522209,2.125
4,1,88,2.4048640728,1.5
4,1,88,2.4037103653,1.5
4,1,101,2.5402340889,3.875
4,1,101,2.54134178162,3.875
4,1,47,3.41448283195,2.125
4,1,47,3.41462826729,2.125
4,1,90,3.78718400002,1.375
4,1,90,3.78526711464,1.375
4,1,103,3.31698584557,1.0
4,1,103,3.31235265732,1.0
4,1,12,2.15010428429,2.5
4,1,12,2.15135335922,2.5
4,1,41,3.96596193314,2.5
4,1,41,3.96473026276,2.5
4,1,68,3.90776658058,5.5
4,1,68,3.90891194344,5.5
4,1,97,2.53424263,1.625
4,1,97,2.5343682766,1.625
4,1,70,3.79918193817,5.25
4,1,70,3.79992485046,5.25
4,1,99,3.71751022339,2.375
4,1,99,3.71812200546,2.375
4,1,8,1.82890415192,0.75
4,1,8,1.82961440086,0.75
4,1,64,3.71637511253,3.5
4,1,64,3.71656274796,3.5
4,1,109,3.14810562134,2.75
4,1,109,3.14889407158,2.75
4,1,10,1.50433564186,3.0
4,1,10,1.50306391716,3.0
4,1,66,2.20018219948,1.0
4,1,66,2.20007681847,1.0
4,1,111,2.58011603355,3.5
4,1,111,2.58005213737,3.5
4,1,52,3.99168252945,3.25
4,1,52,3.99059939384,3.25
4,1,105,3.03961896896,3.625
4,1,105,3.04142737389,3.625
4,1,54,4.40575313568,3.375
4,1,54,4.40556907654,3.375
4,1,78,3.19073462486,3.25
4,1,78,3.19084811211,3.25
4,1,48,4.1565618515,1.5
4,1,48,4.15615749359,1.5
4,1,72,2.41675853729,2.375
4,1,72,2.41671681404,2.375
4,1,50,3.83319163322,2.0
4,1,50,3.83252716064,2.0
4,1,74,3.27328038216,3.5
4,1,74,3.27309775352,3.5
4,1,23,1.83515810966,1.0
4,1,23,1.83517003059,1.0
4,1,116,3.59237647057,1.75
4,1,116,3.58942985535,1.75
4,1,118,4.02818632126,4.5
4,1,118,4.02988004684,4.5
4,1,56,3.86616396904,2.0
4,1,56,3.86462712288,2.0
4,1,112,2.60005116463,1.0
4,1,112,2.60067534447,1.0
7,1,40,4.74585676193,5.5
7,1,40,4.94993305206,5.5
7,1,3,4.30522918701,4.75
7,1,3,4.08388900757,4.75
7,1,102,4.2248134613,4.25
7,1,102,4.35786867142,4.25
7,1,46,4.62896585464,4.0
7,1,46,4.86373901367,4.0
7,1,1,4.15163135529,3.5
7,1,1,3.82950520515,3.5
7,1,44,4.70294761658,6.25
7,1,44,4.5663599968,6.25
7,1,7,4.19483995438,2.25
7,1,7,4.50367641449,2.25
7,1,90,4.32772827148,4.0
7,1,90,4.02978372574,4.0
7,1,34,4.3685631752,5.5
7,1,34,4.51786422729,5.5
7,1,5,4.24817705154,4.75
7,1,5,4.36502933502,4.75
7,1,88,4.75554180145,6.5
7,1,88,4.71070623398,6.5
7,1,32,4.47194719315,3.75
7,1,32,4.48425197601,3.75
7,1,94,4.75801563263,3.0
7,1,94,5.08208084106,3.0
7,1,38,4.38241291046,3.5
7,1,38,4.52945566177,3.5
7,1,92,4.21059370041,5.75
7,1,92,4.24304294586,5.75
7,1,36,4.12428760529,4.25
7,1,36,4.32118940353,4.25
7,1,82,4.4784245491,5.25
7,1,82,4.40071868896,5.25
7,1,26,4.98728704453,3.0
7,1,26,4.76656627655,3.0
7,1,80,4.3797917366,2.0
7,1,80,4.37434530258,2.0
7,1,24,4.88441801071,5.0
7,1,24,4.79391336441,5.0
7,1,86,4.58420705795,3.25
7,1,86,4.55594730377,3.25
7,1,59,4.109187603,5.25
7,1,59,3.99120688438,5.25
7,1,30,4.07783079147,3.0
7,1,30,4.05456161499,3.0
7,1,84,3.54193592072,4.75
7,1,84,3.72703433037,4.75
7,1,57,4.63525772095,4.25
7,1,57,4.83368110657,4.25
7,1,28,4.70377731323,5.25
7,1,28,4.48439025879,5.25
7,1,74,4.5251955986,4.25
7,1,74,4.15205907822,4.25
7,1,63,4.37459945679,5.5
7,1,63,4.39929246902,5.5
7,1,18,4.5269985199,6.0
7,1,18,4.21874094009,6.0
7,1,72,4.67936229706,2.0
7,1,72,4.9507651329,2.0
7,1,61,3.99854660034,5.0
7,1,61,4.0482749939,5.0
7,1,107,3.90043830872,4.0
7,1,107,3.99154281616,4.0
7,1,78,3.52313780785,4.0
7,1,78,3.755402565,4.0
7,1,51,4.73112678528,3.5
7,1,51,4.94506025314,3.5
7,1,22,4.41496181488,3.75
7,1,22,4.08538341522,3.75
7,1,105,4.65732479095,4.75
7,1,105,4.51598453522,4.75
7,1,76,4.82920265198,2.75
7,1,76,5.09711647034,2.75
7,1,49,4.59809398651,4.5
7,1,49,4.34797430038,4.5
7,1,20,4.38067245483,5.25
7,1,20,4.03348445892,5.25
7,1,66,3.60341191292,4.25
7,1,66,3.53661608696,4.25
7,1,55,4.27954053879,2.5
7,1,55,4.07447385788,2.5
7,1,10,4.38043355942,2.75
7,1,10,4.09344530106,2.75
7,1,109,3.94309306145,6.25
7,1,109,4.08209943771,6.25
7,1,64,3.52025747299,5.0
7,1,64,3.62755513191,5.0
7,1,53,4.62333393097,5.5
7,1,53,4.58772516251,5.5
7,1,8,4.75352287292,4.5
7,1,8,4.79059076309,4.5
7,1,70,4.55828380585,5.5
7,1,70,4.60361719131,5.5
7,1,43,4.361120224,3.5
7,1,43,4.69641447067,3.5
7,1,14,3.19515776634,1.75
7,1,14,3.18237757683,1.75
7,1,97,3.77141165733,5.5
7,1,97,3.91144418716,5.5
7,1,68,3.65307950974,4.25
7,1,68,3.65363955498,4.25
7,1,41,4.05242681503,4.75
7,1,41,4.23651790619,4.75
7,1,12,3.62414097786,5.0
7,1,12,3.60870099068,5.0
7,1,103,3.75731158257,3.25
7,1,103,3.62712621689,3.25
7,1,47,4.93469572067,4.5
7,1,47,4.8969244957,4.5
7,1,2,4.11651134491,5.5
7,1,2,4.29068279266,5.5
7,1,101,4.12352752686,4.0
7,1,101,4.01650047302,4.0
7,1,45,4.61206388474,4.5
7,1,45,4.46876573563,4.5
7,1,35,4.820540905,6.0
7,1,35,4.74612808228,6.0
7,1,89,4.24040460587,5.25
7,1,89,4.18518447876,5.25
7,1,33,4.41677522659,4.75
7,1,33,4.41963672638,4.75
7,1,4,4.34599351883,3.25
7,1,4,4.34162282944,3.25
7,1,95,4.41096258163,4.75
7,1,95,4.49704742432,4.75
7,1,39,4.48371934891,5.5
7,1,39,4.46385860443,5.5
7,1,93,4.636095047,4.25
7,1,93,4.31982660294,4.25
7,1,37,4.25040817261,4.25
7,1,37,4.39426517487,4.25
7,1,83,4.22284650803,4.75
7,1,83,4.33567285538,4.75
7,1,27,4.57990169525,4.25
7,1,27,4.29715013504,4.25
7,1,81,4.58269643784,4.0
7,1,81,4.6110625267,4.0
7,1,25,4.16375255585,4.5
7,1,25,4.29059171677,4.5
7,1,31,3.9663271904,4.5
7,1,31,4.14642572403,4.5
7,1,58,3.79728126526,6.0
7,1,58,3.89284825325,6.0
7,1,29,4.38535881042,4.25
7,1,29,4.38472127914,4.25
7,1,75,4.34580755234,4.75
7,1,75,4.7708067894,4.75
7,1,19,4.21470928192,4.75
7,1,19,4.46504116058,4.75
7,1,73,4.54327726364,1.0
7,1,73,4.43379688263,1.0
7,1,62,4.27452135086,4.5
7,1,62,4.51359653473,4.5
7,1,79,4.04063987732,3.0
7,1,79,4.16472530365,3.0
7,1,60,4.26873540878,3.25
7,1,60,4.16372489929,3.25
7,1,23,4.41949129105,4.0
7,1,23,4.5351190567,4.0
7,1,106,4.16024303436,4.75
7,1,106,4.51279258728,4.75
7,1,50,4.66912984848,5.0
7,1,50,4.69968366623,5.0
7,1,104,4.33387231827,4.75
7,1,104,4.39236211777,4.75
7,1,67,3.64089226723,4.75
7,1,67,3.46538376808,4.75
7,1,48,4.56770849228,1.5
7,1,48,4.79243516922,1.5
7,1,11,2.24316382408,1.75
7,1,11,2.26855134964,1.75
7,1,65,2.85440778732,5.25
7,1,65,3.15893602371,5.25
7,1,54,4.29128456116,5.5
7,1,54,4.42594957352,5.5
7,1,9,4.21190214157,2.0
7,1,9,4.30515956879,2.0
7,1,108,4.0565943718,2.75
7,1,108,3.91583681107,2.75
7,1,71,4.35686254501,4.75
7,1,71,4.37633895874,4.75
7,1,52,4.6199631691,0.75
7,1,52,4.63345718384,0.75
7,1,98,4.33417081833,3.25
7,1,98,4.50012111664,3.25
7,1,69,4.19131040573,5.5
7,1,69,4.02406549454,5.5
7,1,42,4.90929412842,3.0
7,1,42,4.87177610397,3.0
7,1,13,3.45389437675,3.0
7,1,13,3.46375131607,3.0
7,1,96,4.28778362274,5.5
7,1,96,4.378885746,5.5
7,2,77,3.59406876564,4.25
7,2,77,3.62194538116,4.25
7,2,102,3.667740345,5.25
7,2,102,3.80037260056,5.25
7,2,3,3.72962474823,5.75
7,2,3,3.56800174713,5.75
7,2,75,3.97500348091,3.5
7,2,75,3.88519644737,3.5
7,2,100,2.72699332237,1.75
7,2,100,2.82538461685,1.75
7,2,1,2.5643017292,4.25
7,2,1,2.59128928185,4.25
7,2,73,3.20313096046,3.25
7,2,73,3.11691117287,3.25
7,2,98,3.79179883003,3.75
7,2,98,3.22412276268,3.75
7,2,63,3.58022928238,5.25
7,2,63,3.11397647858,5.25
7,2,71,2.93192219734,4.0
7,2,71,3.05014181137,4.0
7,2,96,3.59362101555,3.5
7,2,96,3.58702397346,3.5
7,2,61,2.85676312447,5.5
7,2,61,2.5739364624,5.5
7,2,69,3.58570599556,4.25
7,2,69,3.81069755554,4.25
7,2,30,3.46466040611,3.0
7,2,30,3.52992296219,3.0
7,2,28,3.92432594299,5.75
7,2,28,4.06127595901,5.75
7,2,57,3.069003582,1.5
7,2,57,3.00662255287,1.5
7,2,65,3.76587319374,5.0
7,2,65,3.8150267601,5.0
7,2,26,3.79312348366,4.25
7,2,26,3.32083153725,4.25
7,2,55,2.76050186157,4.0
7,2,55,2.85198616982,4.0
7,2,24,3.72489237785,3.75
7,2,24,3.93886828423,3.75
7,2,53,3.33501076698,5.0
7,2,53,3.32846570015,5.0
7,2,22,3.8692715168,3.0
7,2,22,3.85710024834,3.0
7,2,51,3.53370690346,4.75
7,2,51,3.27349901199,4.75
7,2,94,3.42869496346,3.25
7,2,94,2.92606163025,3.25
7,2,20,3.95431423187,5.5
7,2,20,4.64249658585,5.5
7,2,49,3.93531322479,4.0
7,2,49,3.83021330833,4.0
7,2,92,3.37781524658,4.66667
7,2,92,3.35367655754,4.66667
7,2,18,3.58029580116,3.5
7,2,18,3.46028161049,3.5
7,2,47,4.53982686996,4.0
7,2,47,4.62631082535,4.0
7,2,90,3.97868561745,4.0
7,2,90,3.93854904175,4.0
7,2,16,3.4529209137,5.0
7,2,16,3.70932412148,5.0
7,2,45,3.70358324051,2.5
7,2,45,3.7670674324,2.5
7,2,88,3.61682033539,5.0
7,2,88,3.20457720757,5.0
7,2,14,4.32108688354,5.5
7,2,14,4.47486543655,5.5
7,2,43,3.7750878334,2.75
7,2,43,4.48223352432,2.75
7,2,86,3.9804930687,2.5
7,2,86,3.55162739754,2.5
7,2,12,3.94631695747,4.25
7,2,12,3.62632346153,4.25
7,2,84,3.75432300568,3.75
7,2,84,3.78048300743,3.75
7,2,10,3.29340910912,4.0
7,2,10,3.29834938049,4.0
7,2,39,3.44993782043,4.0
7,2,39,3.56855559349,4.0
7,2,82,3.38674521446,3.25
7,2,82,3.39965081215,3.25
7,2,8,3.00449705124,4.0
7,2,8,2.9030919075,4.0
7,2,37,3.61273407936,3.5
7,2,37,3.77094078064,3.5
7,2,80,3.57908558846,4.0
7,2,80,3.4724779129,4.0
7,2,109,3.23934674263,5.25
7,2,109,3.4661962986,5.25
7,2,6,3.8929913044,4.0
7,2,6,3.90068387985,4.0
7,2,35,3.26901841164,3.5
7,2,35,3.04666090012,3.5
7,2,78,2.9613442421,5.0
7,2,78,2.94900989532,5.0
7,2,107,4.18749856949,4.5
7,2,107,3.94946575165,4.5
7,2,4,3.49022746086,3.0
7,2,4,3.73751664162,3.0
7,2,33,3.34199905396,1.5
7,2,33,3.51094985008,1.5
7,2,76,3.85202550888,4.5
7,2,76,3.44587731361,4.5
7,2,105,3.94267106056,3.0
7,2,105,3.97667574883,3.0
7,2,2,3.32335329056,2.75
7,2,2,3.3935739994,2.75
7,2,74,3.43006181717,2.5
7,2,74,2.91452717781,2.5
7,2,103,3.40466833115,4.25
7,2,103,3.21921300888,4.25
7,2,72,4.38327074051,4.25
7,2,72,4.76028490067,4.25
7,2,70,3.56765913963,3.25
7,2,70,3.71392536163,3.25
7,2,99,3.61915802956,4.25
7,2,99,3.34289383888,4.25
7,2,60,2.7883348465,4.0
7,2,60,2.7519094944,4.0
7,2,68,3.25985789299,6.5
7,2,68,3.19812488556,6.5
7,2,97,3.09513950348,3.0
7,2,97,2.53408288956,3.0
7,2,58,2.91893219948,4.0
7,2,58,2.89122438431,4.0
7,2,66,3.53377246857,5.5
7,2,66,3.98660254478,5.5
7,2,31,3.34053778648,3.75
7,2,31,3.42940378189,3.75
7,2,56,3.11936783791,4.75
7,2,56,3.14033985138,4.75
7,2,64,2.91180849075,3.25
7,2,64,2.92289614677,3.25
7,2,29,3.39283895493,1.75
7,2,29,3.40646505356,1.75
7,2,27,3.97019410133,4.25
7,2,27,4.12587785721,4.25
7,2,52,3.52185440063,3.25
7,2,52,3.67834424973,3.25
7,2,25,4.23504114151,4.75
7,2,25,4.58725166321,4.75
7,2,50,4.20977306366,4.25
7,2,50,4.72268819809,4.25
7,2,23,3.16965675354,1.75
7,2,23,3.49802494049,1.75
7,2,48,4.27480268478,3.75
7,2,48,4.55857372284,3.75
7,2,95,3.08569550514,2.5
7,2,95,2.49744987488,2.5
7,2,21,3.38344192505,1.5
7,2,21,3.56312656403,1.5
7,2,46,3.05923891068,4.75
7,2,46,2.76790690422,4.75
7,2,93,3.3591439724,4.75
7,2,93,3.07171368599,4.75
7,2,19,3.34311580658,4.5
7,2,19,3.51793122292,4.5
7,2,44,3.71847128868,4.5
7,2,44,3.45812630653,4.5
7,2,91,4.12892532349,3.75
7,2,91,3.57729673386,3.75
7,2,17,4.09374475479,6.0
7,2,17,4.29330873489,6.0
7,2,42,4.29831504822,3.0
7,2,42,4.50861787796,3.0
7,2,89,3.69453477859,3.0
7,2,89,3.44618010521,3.0
7,2,40,4.04051923752,5.25
7,2,40,3.91248893738,5.25
7,2,87,3.60385203362,4.5
7,2,87,3.21752285957,4.5
7,2,13,2.86207509041,4.75
7,2,13,3.04624795914,4.75
7,2,38,3.97424316406,5.25
7,2,38,4.06261587143,5.25
7,2,85,4.17503404617,2.5
7,2,85,3.63029885292,2.5
7,2,110,2.4807510376,4.75
7,2,110,2.71161985397,4.75
7,2,11,2.94689202309,2.75
7,2,11,2.71934103966,2.75
7,2,36,3.56952810287,2.5
7,2,36,3.68387913704,2.5
7,2,83,4.24249267578,5.0
7,2,83,3.79071474075,5.0
7,2,108,3.04405903816,5.5
7,2,108,2.99653530121,5.5
7,2,9,3.72361087799,4.0
7,2,9,3.53480410576,4.0
7,2,34,3.42911791801,4.25
7,2,34,3.61996889114,4.25
7,2,106,3.5666975975,6.25
7,2,106,3.50941467285,6.25
7,2,7,4.24895191193,5.0
7,2,7,4.2458820343,5.0
7,2,32,3.57512903214,4.5
7,2,32,3.55635118484,4.5
7,2,104,3.25906968117,3.5
7,2,104,2.73345160484,3.5
7,2,5,3.31771302223,3.25
7,2,5,4.08013010025,3.25
8,1,34,3.15162444115,2.5
8,1,34,2.80687761307,2.5
8,1,7,2.14847755432,1.0
8,1,7,2.97345256805,1.0
8,1,94,2.8926897049,1.75
8,1,94,2.44459247589,1.75
8,1,21,2.89131069183,1.75
8,1,21,2.72041988373,1.75
8,1,35,3.14291357994,3.0
8,1,35,2.79447317123,3.0
8,1,49,3.04492902756,2.25
8,1,49,2.71120882034,2.25
8,1,8,2.94133472443,1.0
8,1,8,2.67154502869,1.0
8,1,95,3.02810621262,2.25
8,1,95,2.76677513123,2.25
8,1,22,3.10749816895,3.5
8,1,22,2.91930937767,3.5
8,1,36,3.00855493546,3.75
8,1,36,2.74581480026,3.75
8,1,50,2.62546467781,1.0
8,1,50,2.6764690876,1.0
8,1,9,3.16905069351,2.0
8,1,9,2.7135155201,2.0
8,1,64,2.96301054955,1.25
8,1,64,2.70184516907,1.25
8,1,23,3.26499271393,3.25
8,1,23,2.90095233917,3.25
8,1,37,3.08467745781,1.75
8,1,37,2.72519183159,1.75
8,1,51,2.12306404114,1.0
8,1,51,2.63301301003,1.0
8,1,10,2.21944522858,1.75
8,1,10,2.91487383842,1.75
8,1,65,2.48230433464,2.0
8,1,65,2.76444387436,2.0
8,1,24,3.12087750435,3.75
8,1,24,2.79206442833,3.75
8,1,38,3.12752747536,2.25
8,1,38,2.82239556313,2.25
8,1,52,3.03839182854,1.25
8,1,52,2.58370566368,1.25
8,1,11,2.18050861359,2.0
8,1,11,2.8617374897,2.0
8,1,66,2.89037656784,2.25
8,1,66,2.68011164665,2.25
8,1,25,2.87685823441,2.5
8,1,25,2.44179749489,2.5
8,1,80,3.08689308167,1.75
8,1,80,2.40406751633,1.75
8,1,39,3.07905483246,3.0
8,1,39,2.69204998016,3.0
8,1,53,2.99905562401,2.25
8,1,53,2.50759887695,2.25
8,1,12,2.18313241005,1.0
8,1,12,2.92583346367,1.0
8,1,67,2.14173746109,2.25
8,1,67,3.01668310165,2.25
8,1,26,3.05214691162,2.75
8,1,26,2.73659896851,2.75
8,1,81,2.93868136406,2.25
8,1,81,2.69024920464,2.25
8,1,40,3.11543130875,1.75
8,1,40,2.70640778542,1.75
8,1,54,2.95105552673,3.0
8,1,54,2.78663849831,3.0
8,1,68,2.20016503334,1.5
8,1,68,2.91548657417,1.5
8,1,27,2.95326328278,2.0
8,1,27,2.6166779995,2.0
8,1,82,2.83290052414,1.75
8,1,82,2.71351718903,1.75
8,1,41,3.0050868988,1.5
8,1,41,2.59839963913,1.5
8,1,96,3.02585339546,2.5
8,1,96,2.70633935928,2.5
8,1,69,2.93538117409,2.5
8,1,69,2.72180080414,2.5
8,1,28,2.60422515869,1.0
8,1,28,2.90125012398,1.0
8,1,42,2.99888539314,3.5
8,1,42,2.71205925941,3.5
8,1,97,3.13034152985,2.25
8,1,97,2.8781235218,2.25
8,1,29,3.18547105789,3.25
8,1,29,2.80401468277,3.25
8,1,43,2.96729898453,1.75
8,1,43,2.5752851963,1.75
8,1,98,2.34879565239,0.75
8,1,98,2.89017772675,0.75
8,1,30,3.2701716423,2.5
8,1,30,2.73955965042,2.5
8,1,85,3.06414031982,2.0
8,1,85,2.52344083786,2.0
8,1,44,3.0187060833,3.25
8,1,44,2.59907650948,3.25
8,1,58,2.10617136955,1.0
8,1,58,2.53065872192,1.0
8,1,31,3.10396695137,1.25
8,1,31,2.74769616127,1.25
8,1,86,2.80898737907,1.25
8,1,86,2.7672252655,1.25
8,1,59,2.37217354774,1.5
8,1,59,2.8067817688,1.5
8,1,73,2.95546936989,2.75
8,1,73,2.61741614342,2.75
8,1,87,2.91534590721,1.0
8,1,87,2.74090385437,1.0
8,1,60,2.98111367226,2.5
8,1,60,2.37792038918,2.5
8,1,74,3.0314180851,2.5
8,1,74,2.55688047409,2.5
8,1,88,2.63505482674,2.25
8,1,88,2.7262108326,2.25
8,1,61,2.94680643082,2.75
8,1,61,2.55729937553,2.75
8,1,75,3.17390346527,3.0
8,1,75,2.74240207672,3.0
8,1,2,3.27379608154,2.75
8,1,2,3.01711940765,2.75
8,1,89,2.94015526772,3.5
8,1,89,2.90775561333,3.5
8,1,16,3.09701395035,2.75
8,1,16,2.87163901329,2.75
8,1,62,2.12482333183,1.5
8,1,62,2.50582170486,1.5
8,1,76,2.83151459694,1.0
8,1,76,2.58859419823,1.0
8,1,3,3.07913470268,2.5
8,1,3,2.81501674652,2.5
8,1,17,3.14448332787,3.25
8,1,17,2.97902750969,3.25
8,1,63,2.61163568497,1.0
8,1,63,2.49796628952,1.0
8,1,77,2.94127249718,3.25
8,1,77,2.71483421326,3.25
8,1,4,3.13169336319,1.75
8,1,4,2.58430147171,1.75
8,1,91,2.9992108345,2.75
8,1,91,2.49346041679,2.75
8,1,18,3.13943314552,3.75
8,1,18,2.74696397781,3.75
8,1,32,3.11332082748,2.75
8,1,32,2.75542259216,2.75
8,1,78,2.10799407959,2.75
8,1,78,2.90218281746,2.75
8,1,5,2.93654251099,2.0
8,1,5,2.62053132057,2.0
8,1,92,2.96463775635,1.5
8,1,92,2.65604114532,1.5
8,1,19,3.04159712791,2.25
8,1,19,2.74217915535,2.25
8,1,33,2.9375846386,1.75
8,1,33,2.8385488987,1.75
8,1,79,3.00141072273,2.0
8,1,79,2.55353045464,2.0
8,1,6,2.147179842,1.5
8,1,6,3.00006198883,1.5
8,1,93,2.43103456497,1.75
8,1,93,2.81854629517,1.75
8,1,20,3.0441057682,2.5
8,1,20,2.71342349052,2.5
8,2,17,3.69903993607,3.5
8,2,17,3.69901227951,3.5
8,2,91,2.67138648033,2.25
8,2,91,2.67194056511,2.25
8,2,19,2.43532896042,2.0
8,2,19,2.43567800522,2.0
8,2,93,2.7354323864,4.25
8,2,93,2.73565745354,4.25
8,2,96,2.66759681702,2.0
8,2,96,2.66759514809,2.0
8,2,21,3.20239877701,2.25
8,2,21,3.20293903351,2.25
8,2,56,2.70024228096,2.0
8,2,56,2.70002365112,2.0
8,2,95,3.16535711288,2.0
8,2,95,3.16594791412,2.0
8,2,98,2.74173116684,3.0
8,2,98,2.74093842506,3.0
8,2,23,3.44379472733,2.5
8,2,23,3.44320869446,2.5
8,2,58,3.11097931862,3.0
8,2,58,3.11068344116,3.0
8,2,100,3.02914142609,3.25
8,2,100,3.03078460693,3.25
8,2,25,3.39392924309,2.75
8,2,25,3.3939101696,2.75
8,2,60,2.67905855179,3.5
8,2,60,2.67818212509,3.5
8,2,67,2.9220893383,1.625
8,2,67,2.92253255844,1.625
8,2,27,2.62794685364,4.0
8,2,27,2.62802052498,4.0
8,2,62,3.00311040878,1.75
8,2,62,3.00390768051,1.75
8,2,69,2.50879859924,3.5
8,2,69,2.5090508461,3.5
8,2,29,3.64626955986,4.75
8,2,29,3.64650130272,4.75
8,2,32,3.68483757973,4.0
8,2,32,3.68519878387,4.0
8,2,71,2.66868805885,2.0
8,2,71,2.66871881485,2.0
8,2,31,3.25647521019,2.75
8,2,31,3.25697135925,2.75
8,2,34,3.160125494,3.5
8,2,34,3.16108846664,3.5
8,2,73,2.44631147385,3.5
8,2,73,2.44634222984,3.5
8,2,36,3.57701539993,3.75
8,2,36,3.57722592354,3.75
8,2,75,2.6327009201,4.0
8,2,75,2.63359284401,4.0
8,2,38,3.68238282204,3.75
8,2,38,3.68219828606,3.75
8,2,77,2.42565894127,4.75
8,2,77,2.42443561554,4.75
8,2,5,2.53227114677,3.75
8,2,5,2.53224825859,3.75
8,2,40,3.74298596382,2.0
8,2,40,3.74310660362,2.0
8,2,79,3.22923803329,4.0
8,2,79,3.22812819481,4.0
8,2,7,2.393648386,1.5
8,2,7,2.39387059212,1.5
8,2,42,3.53452086449,3.5
8,2,42,3.53498959541,3.5
8,2,9,2.7308511734,2.0
8,2,9,2.73196458817,2.0
8,2,44,3.53229904175,3.25
8,2,44,3.53304576874,3.25
8,2,11,3.05979990959,3.0
8,2,11,3.05981969833,3.0
8,2,46,3.52349758148,3.25
8,2,46,3.52366065979,3.25
8,2,80,3.22322463989,3.25
8,2,80,3.22363400459,3.25
8,2,15,3.23989057541,2.25
8,2,15,3.24015474319,2.25
8,2,49,3.52729868889,4.0
8,2,49,3.52786946297,4.0
8,2,84,3.26417732239,3.5
8,2,84,3.26382374763,3.5
8,2,86,2.86303663254,3.25
8,2,86,2.86273026466,3.25
8,2,88,3.21456193924,3.75
8,2,88,3.21461987495,3.75
8,2,16,3.82746505737,4.0
8,2,16,3.82712388039,4.0
8,2,55,2.9895222187,3.75
8,2,55,2.99172902107,3.75
8,2,90,2.30466651917,1.5
8,2,90,2.30449151993,1.5
8,2,97,3.28125309944,4.25
8,2,97,3.28110408783,4.25
8,2,18,3.44858574867,3.5
8,2,18,3.44862055779,3.5
8,2,57,3.4128921032,4.75
8,2,57,3.41269993782,4.75
8,2,92,3.25362467766,2.0
8,2,92,3.25363850594,2.0
8,2,99,2.82965326309,4.0
8,2,99,2.82943201065,4.0
8,2,20,3.73171901703,3.75
8,2,20,3.73172879219,3.75
8,2,59,3.08665919304,4.5
8,2,59,3.08697080612,4.5
8,2,94,2.59416413307,3.0
8,2,94,2.59335970879,3.0
8,2,101,2.99006772041,2.75
8,2,101,2.98951363564,2.75
8,2,22,3.57488799095,2.25
8,2,22,3.57515382767,2.25
8,2,61,3.14627099037,4.0
8,2,61,3.14728450775,4.0
8,2,64,3.30370378494,4.75
8,2,64,3.30440473557,4.75
8,2,24,3.10450577736,3.0
8,2,24,3.10485839844,3.0
8,2,63,3.29727911949,5.25
8,2,63,3.29737281799,5.25
8,2,26,2.88628578186,4.0
8,2,26,2.88616776466,4.0
8,2,33,2.55710434914,2.25
8,2,33,2.5578649044,2.25
8,2,68,2.95424747467,2.75
8,2,68,2.95456838608,2.75
8,2,28,2.52743172646,2.5
8,2,28,2.52812719345,2.5
8,2,35,3.66587138176,3.5
8,2,35,3.66587471962,3.5
8,2,70,2.68967080116,4.0
8,2,70,2.69031357765,4.0
8,2,30,3.62455272675,4.25
8,2,30,3.6242275238,4.25
8,2,37,3.6652803421,2.25
8,2,37,3.6652739048,2.25
8,2,72,2.78406000137,3.5
8,2,72,2.78299260139,3.5
8,2,39,3.70889210701,2.0
8,2,39,3.70880198479,2.0
8,2,74,2.55579209328,3.75
8,2,74,2.55426263809,3.75
8,2,41,3.06733560562,4.0
8,2,41,3.06726574898,4.0
8,2,76,3.10090517998,3.25
8,2,76,3.10067200661,3.25
8,2,4,2.60156106949,3.25
8,2,4,2.60157442093,3.25
8,2,43,2.42894649506,2.75
8,2,43,2.42757987976,2.75
8,2,78,2.59883356094,3.25
8,2,78,2.59861469269,3.25
8,2,6,2.33540797234,1.75
8,2,6,2.33567690849,1.75
8,2,45,3.60943317413,2.25
8,2,45,3.60917973518,2.25
8,2,8,3.3897190094,4.25
8,2,8,3.38928222656,4.25
8,2,47,2.48465490341,2.75
8,2,47,2.48419046402,2.75
8,2,10,2.64991855621,1.75
8,2,10,2.6506383419,1.75
8,2,83,2.62458491325,2.75
8,2,83,2.62415933609,2.75
8,2,85,2.73071169853,4.5
8,2,85,2.73048877716,4.5
8,2,48,3.47829508781,4.0
8,2,48,3.47849369049,4.0
8,2,87,3.27309584618,2.0
8,2,87,3.27202749252,2.0
8,2,50,3.73517251015,3.0
8,2,50,3.73507118225,3.0
8,2,89,3.51134371758,2.25
8,2,89,3.51161575317,2.25
9,1,81,2.43409729004,2.25
9,1,81,2.49718570709,2.25
9,1,27,3.30045318604,3.75
9,1,27,3.34773540497,3.75
9,1,83,3.03163385391,4.25
9,1,83,3.25035142899,4.25
9,1,29,3.02846574783,2.5
9,1,29,3.35159254074,2.5
9,1,32,2.41239786148,2.75
9,1,32,2.68332386017,2.75
9,1,85,4.43516969681,4.75
9,1,85,4.1387887001,4.75
9,1,31,3.25182580948,3.5
9,1,31,3.26025390625,3.5
9,1,34,2.53770256042,3.25
9,1,34,2.8454246521,3.25
9,1,87,2.82970905304,3.25
9,1,87,2.91803884506,3.25
9,1,36,2.98827409744,3.5
9,1,36,3.25114202499,3.5
9,1,89,2.9081158638,2.75
9,1,89,3.08601093292,2.75
9,1,3,3.75483131409,4.75
9,1,3,3.69302272797,4.75
9,1,38,3.06507062912,3.5
9,1,38,3.3565826416,3.5
9,1,91,2.72259616852,3.75
9,1,91,3.14743280411,3.75
9,1,5,3.38172626495,5.75
9,1,5,3.10389518738,5.75
9,1,40,3.15197944641,2.25
9,1,40,3.35479927063,2.25
9,1,93,4.12965726852,3.25
9,1,93,3.89560508728,3.25
9,1,96,2.61425495148,4.25
9,1,96,2.89599227905,4.25
9,1,7,3.18086242676,4.25
9,1,7,3.47358131409,4.25
9,1,42,3.31555223465,4.0
9,1,42,3.27041912079,4.0
9,1,95,3.23680782318,4.25
9,1,95,3.05684137344,4.25
9,1,98,4.264128685,2.25
9,1,98,4.14811992645,2.25
9,1,65,2.68078708649,2.0
9,1,65,2.86769294739,2.0
9,1,100,3.08913326263,4.25
9,1,100,3.02305746078,4.25
9,1,67,3.09210968018,4.25
9,1,67,3.25606155396,4.25
9,1,102,2.45008993149,3.75
9,1,102,2.39650678635,3.75
9,1,69,3.03186893463,5.5
9,1,69,2.86531162262,5.5
9,1,104,2.82860136032,3.0
9,1,104,2.62274122238,3.0
9,1,106,3.33282756805,4.0
9,1,106,3.40984106064,4.0
9,1,73,2.84044694901,3.25
9,1,73,2.90750312805,3.25
9,1,51,2.6498041153,3.5
9,1,51,2.82370519638,3.5
9,1,75,3.44762182236,2.5
9,1,75,3.29944372177,2.5
9,1,110,3.58867835999,4.25
9,1,110,3.5141119957,4.25
9,1,53,2.70990800858,3.0
9,1,53,2.71391105652,3.0
9,1,77,2.90943670273,3.25
9,1,77,2.83295154572,3.25
9,1,16,2.38259363174,1.5
9,1,16,2.77570724487,1.5
9,1,55,3.02593612671,3.5
9,1,55,3.03197908401,3.5
9,1,79,3.23560667038,4.0
9,1,79,3.29036045074,4.0
9,1,18,3.19022798538,3.5
9,1,18,3.21270465851,3.5
9,1,20,3.00358819962,4.0
9,1,20,2.93254709244,4.0
9,1,59,2.42605829239,2.75
9,1,59,2.43121528625,2.75
9,1,22,2.43802928925,3.0
9,1,22,2.47943115234,3.0
9,1,61,3.01708507538,3.5
9,1,61,3.03318786621,3.5
9,1,24,3.77863311768,3.5
9,1,24,3.69081449509,3.5
9,1,63,2.44284534454,3.25
9,1,63,2.57751131058,3.25
9,1,80,3.18928146362,3.25
9,1,80,3.1871676445,3.25
9,1,26,2.76009941101,4.5
9,1,26,2.97517204285,4.5
9,1,33,2.98530864716,3.75
9,1,33,3.22858715057,3.75
9,1,82,3.14947557449,4.0
9,1,82,3.09792327881,4.0
9,1,28,3.4259262085,2.75
9,1,28,3.3874502182,2.75
9,1,35,2.96238327026,3.5
9,1,35,3.35063314438,3.5
9,1,84,3.82884931564,3.0
9,1,84,3.8703379631,3.0
9,1,30,2.69039964676,3.0
9,1,30,3.010825634,3.0
9,1,37,3.35262012482,4.5
9,1,37,3.6305937767,4.5
9,1,86,3.51115369797,4.0
9,1,86,3.82309484482,4.0
9,1,39,3.07664060593,2.75
9,1,39,3.27157497406,2.75
9,1,88,2.79847049713,3.25
9,1,88,2.89040327072,3.25
9,1,2,3.284034729,5.25
9,1,2,3.21793460846,5.25
9,1,41,3.33947229385,3.0
9,1,41,3.74885606766,3.0
9,1,90,2.70833587646,2.75
9,1,90,2.54588890076,2.75
9,1,97,3.50037288666,3.5
9,1,97,3.68316602707,3.5
9,1,4,3.61233568192,5.0
9,1,4,3.80321741104,5.0
9,1,92,2.43298578262,4.0
9,1,92,2.7545208931,4.0
9,1,99,2.92901945114,3.0
9,1,99,2.87540006638,3.0
9,1,6,3.487657547,3.5
9,1,6,3.41496562958,3.5
9,1,94,2.76836776733,3.0
9,1,94,2.86070775986,3.0
9,1,101,3.14089870453,2.25
9,1,101,3.02245330811,2.25
9,1,8,3.37795495987,4.5
9,1,8,3.48999118805,4.5
9,1,64,3.06559276581,4.25
9,1,64,2.82373666763,4.25
9,1,103,2.62384319305,2.25
9,1,103,2.81743431091,2.25
9,1,66,2.86643218994,4.75
9,1,66,3.26325273514,4.75
9,1,105,3.51195240021,3.75
9,1,105,3.49275445938,3.75
9,1,12,2.08072853088,4.75
9,1,12,2.10386514664,4.75
9,1,68,2.72803783417,3.5
9,1,68,2.99120855331,3.5
9,1,107,2.606300354,4.25
9,1,107,2.5402302742,4.25
9,1,72,2.15214920044,3.75
9,1,72,2.58101129532,3.75
9,1,111,3.30388355255,3.0
9,1,111,3.5842962265,3.0
9,1,50,3.22627973557,3.5
9,1,50,3.41330099106,3.5
9,1,74,2.79895877838,3.0
9,1,74,2.77771568298,3.0
9,1,17,3.49394083023,4.25
9,1,17,3.35631752014,4.25
9,1,52,3.12375736237,2.75
9,1,52,3.32964515686,2.75
9,1,76,3.06143712997,4.0
9,1,76,2.85394525528,4.0
9,1,19,3.50226449966,3.25
9,1,19,3.69259786606,3.25
9,1,54,3.19323778152,2.75
9,1,54,3.20609664917,2.75
9,1,78,2.28711080551,3.5
9,1,78,2.27339172363,3.5
9,1,21,2.30617666245,4.5
9,1,21,2.66732549667,4.5
9,1,56,3.33420848846,3.75
9,1,56,3.56801843643,3.75
9,1,23,3.41649341583,4.5
9,1,23,3.7663974762,4.5
9,1,25,2.56494903564,3.5
9,1,25,3.17375516891,3.5
9,1,60,2.56354522705,4.0
9,1,60,2.43027353287,4.0
9,2,98,4.2272939682,4.5
9,2,98,4.16009712219,4.5
9,2,71,4.80213308334,5.25
9,2,71,4.68327522278,5.25
9,2,100,4.44617986679,5.75
9,2,100,4.56705904007,5.75
9,2,46,3.55206394196,4.75
9,2,46,3.49313831329,4.75
9,2,102,4.50025844574,3.75
9,2,102,4.63690280914,3.75
9,2,75,4.35908508301,3.75
9,2,75,4.37166881561,3.75
9,2,16,2.88405513763,2.75
9,2,16,3.0283780098,2.75
9,2,104,3.93474197388,3.25
9,2,104,4.21255922318,3.25
9,2,77,4.23493432999,4.25
9,2,77,4.15127944946,4.25
9,2,18,3.61052131653,4.25
9,2,18,3.3353767395,4.25
9,2,106,4.18926620483,5.25
9,2,106,4.04046344757,5.25
9,2,79,4.27351951599,5.25
9,2,79,4.52449274063,5.25
9,2,20,3.19412183762,3.0
9,2,20,2.91254281998,3.0
9,2,108,4.37063312531,4.25
9,2,108,4.39370107651,4.25
9,2,49,3.3428850174,5.25
9,2,49,3.60883617401,5.25
9,2,22,2.93207550049,3.0
9,2,22,2.9753241539,3.0
9,2,110,3.9092040062,3.25
9,2,110,3.49133777618,3.25
9,2,51,2.98325920105,5.0
9,2,51,3.31656837463,5.0
9,2,24,3.5032043457,1.75
9,2,24,3.4210100174,1.75
9,2,80,4.05378770828,4.75
9,2,80,4.16845226288,4.75
9,2,53,2.10507917404,3.75
9,2,53,1.94399285316,3.75
9,2,26,2.60707044601,3.25
9,2,26,1.94620525837,3.25
9,2,82,4.31182289124,3.0
9,2,82,4.3041806221,3.0
9,2,55,3.62169790268,3.25
9,2,55,3.89932346344,3.25
9,2,28,3.23093223572,4.75
9,2,28,3.30352306366,4.75
9,2,84,3.93178224564,3.75
9,2,84,4.1802854538,3.75
9,2,30,3.39371442795,2.75
9,2,30,3.48591184616,2.75
9,2,113,4.13143157959,5.75
9,2,113,4.11432361603,5.75
9,2,86,4.3760008812,4.0
9,2,86,4.49402141571,4.0
9,2,88,4.34555339813,4.5
9,2,88,4.42487478256,4.5
9,2,2,3.13717603683,4.0
9,2,2,3.36549377441,4.0
9,2,90,3.82434034348,3.25
9,2,90,4.10701131821,3.25
9,2,63,4.40143108368,5.0
9,2,63,4.23037528992,5.0
9,2,4,3.21847438812,5.25
9,2,4,2.99782562256,5.25
9,2,92,4.30967855453,4.25
9,2,92,4.36657142639,4.25
9,2,33,2.86662721634,3.0
9,2,33,2.7239947319,3.0
9,2,6,4.27437019348,5.75
9,2,6,4.18821048737,5.75
9,2,94,4.3445982933,4.0
9,2,94,4.18881368637,4.0
9,2,35,2.70698356628,2.5
9,2,35,2.54347610474,2.5
9,2,8,2.59443044662,4.5
9,2,8,2.60855817795,4.5
9,2,64,4.05042743683,4.5
9,2,64,3.98421621323,4.5
9,2,37,2.83762454987,3.75
9,2,37,3.00748920441,3.75
9,2,10,3.7461566925,4.75
9,2,10,3.91249752045,4.75
9,2,66,4.65876197815,5.5
9,2,66,4.63089799881,5.5
9,2,39,2.91531658173,4.0
9,2,39,3.22505998611,4.0
9,2,12,3.27705526352,5.5
9,2,12,3.4525384903,5.5
9,2,68,4.0417842865,3.25
9,2,68,4.00867462158,3.25
9,2,41,3.79115867615,4.5
9,2,41,3.89832210541,4.5
9,2,97,4.2570476532,3.75
9,2,97,4.35765028,3.75
9,2,70,4.53298091888,4.75
9,2,70,4.48427772522,4.75
9,2,99,4.2038936615,4.5
9,2,99,4.44547224045,4.5
9,2,45,2.37659168243,3.0
9,2,45,2.33646440506,3.0
9,2,101,4.4980931282,3.75
9,2,101,4.36352109909,3.75
9,2,74,4.41830635071,5.25
9,2,74,4.66078138351,5.25
9,2,47,3.27249765396,5.0
9,2,47,3.08817481995,5.0
9,2,103,3.9809217453,3.0
9,2,103,4.15677309036,3.0
9,2,76,4.04547739029,3.25
9,2,76,4.19687795639,3.25
9,2,17,3.24950504303,4.0
9,2,17,3.24288225174,4.0
9,2,105,4.5093164444,4.5
9,2,105,4.51875019073,4.5
9,2,78,4.03704071045,5.5
9,2,78,4.13658380508,5.5
9,2,19,3.15446567535,3.25
9,2,19,2.83027791977,3.25
9,2,107,3.7089471817,3.75
9,2,107,3.9173784256,3.75
9,2,48,3.40371513367,5.0
9,2,48,3.41644620895,5.0
9,2,21,2.51018667221,3.75
9,2,21,2.38670682907,3.75
9,2,109,3.97495508194,2.25
9,2,109,4.08378887177,2.25
9,2,50,3.11416769028,4.0
9,2,50,3.32444858551,4.0
9,2,23,2.53486633301,2.75
9,2,23,2.62123823166,2.75
9,2,111,4.12367010117,4.0
9,2,111,4.03845357895,4.0
9,2,52,1.51144373417,2.75
9,2,52,2.18076181412,2.75
9,2,25,2.40212678909,5.75
9,2,25,2.62837362289,5.75
9,2,81,4.51173686981,4.75
9,2,81,4.53542757034,4.75
9,2,54,2.42756271362,5.5
9,2,54,2.4164481163,5.5
9,2,27,2.67138719559,3.25
9,2,27,2.46230840683,3.25
9,2,83,4.40588474274,4.0
9,2,83,4.34025478363,4.0
9,2,56,2.99569320679,5.0
9,2,56,3.11439561844,5.0
9,2,29,2.70982599258,3.0
9,2,29,2.5677819252,3.0
9,2,112,4.11351680756,4.5
9,2,112,4.15761232376,4.5
9,2,85,3.8255314827,4.75
9,2,85,3.98325109482,4.75
9,2,31,2.19220590591,2.75
9,2,31,2.13067674637,2.75
9,2,87,4.12518453598,3.25
9,2,87,4.1572303772,3.25
9,2,89,3.87503814697,2.75
9,2,89,3.91925191879,2.75
9,2,62,4.08310747147,4.0
9,2,62,4.34215784073,4.0
9,2,3,3.78098726273,4.5
9,2,3,3.43799734116,4.5
9,2,91,3.91356563568,4.25
9,2,91,4.1327252388,4.25
9,2,32,2.78568935394,2.25
9,2,32,2.85408401489,2.25
9,2,5,3.26869916916,5.5
9,2,5,3.06569862366,5.5
9,2,93,4.03248214722,4.5
9,2,93,4.26306438446,4.5
9,2,34,3.81905841827,2.5
9,2,34,3.91736650467,2.5
9,2,7,2.03699541092,5.25
9,2,7,2.70578241348,5.25
9,2,95,4.23202371597,5.0
9,2,95,4.24768924713,5.0
9,2,36,3.33804941177,4.75
9,2,36,3.18974399567,4.75
9,2,9,3.54797506332,5.75
9,2,9,3.43124198914,5.75
9,2,65,4.5038189888,4.75
9,2,65,4.53989171982,4.75
9,2,38,1.67395889759,2.0
9,2,38,1.60473227501,2.0
9,2,11,3.28993558884,4.5
9,2,11,3.26710510254,4.5
9,2,67,4.67194986343,4.25
9,2,67,4.66096258163,4.25
9,2,40,2.69548940659,3.25
9,2,40,2.84572601318,3.25
9,2,13,2.81661272049,3.75
9,2,13,2.79507112503,3.75
9,2,96,4.04338359833,3.0
9,2,96,4.1564245224,3.0
9,2,69,4.33120584488,3.25
9,2,69,4.2072224617,3.25
9,2,42,3.6613817215,3.25
9,2,42,3.65012741089,3.25
10,1,63,3.94617652893,4.25
10,1,63,3.93030142784,4.25
10,1,24,4.49410820007,4.75
10,1,24,4.49297857285,4.75
10,1,80,4.37972402573,5.0
10,1,80,4.55207109451,5.0
10,1,61,4.67232179642,4.0
10,1,61,4.68323373795,4.0
10,1,6,4.33677148819,5.0
10,1,6,4.07848501205,5.0
10,1,94,4.17895650864,5.0
10,1,94,4.11786365509,5.0
10,1,4,4.43978595734,5.5
10,1,4,4.26122188568,5.5
10,1,92,4.52380895615,5.0
10,1,92,4.47792577744,5.0
10,1,57,3.92101359367,1.5
10,1,57,3.99235200882,1.5
10,1,90,4.64956474304,3.75
10,1,90,4.72078704834,3.75
10,1,39,3.75166463852,4.0
10,1,39,3.98910260201,4.0
10,1,88,4.70506238937,5.5
10,1,88,4.61002397537,5.5
10,1,37,4.91523456573,6.0
10,1,37,4.81979846954,6.0
10,1,14,4.34975624084,3.75
10,1,14,4.41954040527,3.75
10,1,35,3.89676403999,2.0
10,1,35,4.03919219971,2.0
10,1,12,4.72351503372,4.5
10,1,12,4.657538414,4.5
10,1,68,4.58218860626,3.75
10,1,68,4.55096530914,3.75
10,1,33,4.13903617859,4.5
10,1,33,3.95245218277,4.5
10,1,10,4.53266859055,5.0
10,1,10,4.60117769241,5.0
10,1,66,4.37988138199,6.0
10,1,66,4.21933317184,6.0
10,1,47,4.37709999084,5.25
10,1,47,4.33693218231,5.25
10,1,8,4.68012285233,6.25
10,1,8,4.33172750473,6.25
10,1,103,4.24812936783,3.75
10,1,103,4.37917089462,3.75
10,1,64,3.70874428749,5.0
10,1,64,3.79513049126,5.0
10,1,45,4.29694414139,2.875
10,1,45,4.28068828583,2.875
10,1,101,4.30564928055,5.5
10,1,101,4.46981191635,5.5
10,1,78,4.11551475525,5.5
10,1,78,4.22442388535,5.5
10,1,43,4.87135982513,4.5
10,1,43,4.63082838058,4.5
10,1,99,4.30636644363,5.25
10,1,99,4.4412021637,5.25
10,1,76,4.78507709503,4.75
10,1,76,4.51959276199,4.75
10,1,41,4.33547496796,3.25
10,1,41,4.14960718155,3.25
10,1,97,4.42963933945,3.75
10,1,97,4.0521273613,3.75
10,1,74,4.20225667953,4.75
10,1,74,4.45097589493,4.75
10,1,72,4.62669324875,3.0
10,1,72,4.24932050705,3.0
10,1,21,4.51486158371,5.25
10,1,21,4.45695447922,5.25
10,1,54,3.52074313164,3.5
10,1,54,3.67763924599,3.5
10,1,107,4.45450925827,5.0
10,1,107,4.57483005524,5.0
10,1,52,4.71176862717,5.0
10,1,52,4.50669574738,5.0
10,1,105,4.24061107635,4.0
10,1,105,4.25350522995,4.0
10,1,50,4.50509405136,5.25
10,1,50,4.55913209915,5.25
10,1,31,4.39212703705,4.75
10,1,31,4.28369998932,4.75
10,1,87,4.81057834625,4.75
10,1,87,4.50698566437,4.75
10,1,48,4.76534080505,5.0
10,1,48,4.809882164,5.0
10,1,29,4.65249538422,4.5
10,1,29,4.62578821182,4.5
10,1,85,4.42346763611,4.75
10,1,85,4.44830703735,4.75
10,1,62,4.30102109909,3.75
10,1,62,4.23247003555,3.75
10,1,27,4.46854448318,4.25
10,1,27,4.55888843536,4.25
10,1,83,4.56713247299,3.0
10,1,83,4.43312931061,3.0
10,1,25,4.49119234085,4.5
10,1,25,4.78064727783,4.5
10,1,81,4.30867052078,4.25
10,1,81,4.36205005646,4.25
10,1,7,4.66524600983,5.5
10,1,7,4.59793996811,5.5
10,1,95,4.72514009476,4.75
10,1,95,4.57945203781,4.75
10,1,56,4.192091465,4.5
10,1,56,4.46349239349,4.5
10,1,5,4.29466199875,5.0
10,1,5,4.29712963104,5.0
10,1,93,5.00005817413,4.0
10,1,93,4.44065523148,4.0
10,1,38,4.07604408264,3.75
10,1,38,4.0963807106,3.75
10,1,91,4.75284528732,4.5
10,1,91,4.722864151,4.5
10,1,36,4.57016324997,4.75
10,1,36,4.56912946701,4.75
10,1,89,4.69248008728,5.25
10,1,89,4.50176811218,5.25
10,1,34,4.02379798889,4.0
10,1,34,4.10326433182,4.0
10,1,32,4.62336158752,3.75
10,1,32,4.6674118042,3.75
10,1,13,4.64339113235,4.25
10,1,13,4.53003787994,4.25
10,1,69,4.31045627594,4.5
10,1,69,4.60535812378,4.5
10,1,46,4.58077383041,5.0
10,1,46,4.62569761276,5.0
10,1,11,3.89486527443,4.0
10,1,11,3.82169389725,4.0
10,1,102,4.23011016846,5.0
10,1,102,4.47931098938,5.0
10,1,67,4.23071861267,5.25
10,1,67,4.37142419815,5.25
10,1,44,4.66419315338,4.5
10,1,44,4.48935937881,4.5
10,1,9,4.06225538254,5.5
10,1,9,4.00687265396,5.5
10,1,100,4.20707607269,4.0
10,1,100,4.331782341,4.0
10,1,65,3.81903362274,5.75
10,1,65,3.44650244713,5.75
10,1,42,4.55262184143,5.25
10,1,42,4.70251703262,5.25
10,1,98,4.64732027054,4.5
10,1,98,4.32035112381,4.5
10,1,79,4.5436964035,4.5
10,1,79,4.22287034988,4.5
10,1,40,4.62220621109,4.5
10,1,40,4.45596122742,4.5
10,1,96,4.6129989624,4.5
10,1,96,4.67140102386,4.5
10,1,77,4.7335858345,4.5
10,1,77,4.86210632324,4.5
10,1,22,4.30040407181,4.5
10,1,22,4.32279539108,4.5
10,1,75,4.22606420517,4.5
10,1,75,4.42988681793,4.5
10,1,20,4.52720546722,5.0
10,1,20,4.58376789093,5.0
10,1,108,4.24868392944,5.0
10,1,108,4.18526220322,5.0
10,1,73,4.73558664322,4.25
10,1,73,4.59456586838,4.25
10,1,106,4.33907556534,2.0
10,1,106,4.11352443695,2.0
10,1,55,4.65739440918,5.25
10,1,55,4.69528055191,5.25
10,1,104,4.42640066147,4.5
10,1,104,4.54431247711,4.5
10,1,53,4.61312913895,5.25
10,1,53,4.69145441055,5.25
10,1,30,4.76501369476,5.5
10,1,30,4.8899435997,5.5
10,1,86,4.5827050209,4.0
10,1,86,4.33280992508,4.0
10,1,51,4.52672052383,5.5
10,1,51,4.20516443253,5.5
10,1,28,4.5767364502,4.75
10,1,28,4.4080824852,4.75
10,1,84,4.20066261292,2.75
10,1,84,4.10065364838,2.75
10,1,49,4.40735578537,4.0
10,1,49,4.44711208344,4.0
10,1,26,3.56403374672,2.375
10,1,26,3.76193714142,2.375
10,1,82,4.50868463516,4.5
10,1,82,4.4194483757,4.5
10,2,65,4.21816778183,5.0
10,2,65,3.95484733582,5.0
10,2,26,3.11751556396,3.5
10,2,26,4.22697877884,3.5
10,2,83,3.86688828468,4.25
10,2,83,4.09030151367,4.25
10,2,15,4.26003980637,5.75
10,2,15,4.3450922966,5.75
10,2,25,4.51238107681,4.25
10,2,25,4.3553814888,4.25
10,2,82,4.21790742874,5.25
10,2,82,4.01036834717,5.25
10,2,14,5.09165763855,5.25
10,2,14,5.27491998672,5.25
10,2,71,4.2548866272,4.0
10,2,71,4.24035072327,4.0
10,2,24,4.14181804657,3.5
10,2,24,4.33413314819,3.5
10,2,81,4.64178943634,5.25
10,2,81,4.27956962585,5.25
10,2,35,2.78230834007,2.75
10,2,35,3.23433923721,2.75
10,2,13,3.89877748489,5.25
10,2,13,5.49168300629,5.25
10,2,70,4.54154539108,4.66667
10,2,70,4.46898889542,4.66667
10,2,31,4.48339509964,3.25
10,2,31,4.40150928497,3.25
10,2,80,4.50237941742,4.5
10,2,80,4.53418970108,4.5
10,2,34,4.74742555618,5.0
10,2,34,4.38631296158,5.0
10,2,12,4.48490333557,4.25
10,2,12,4.60168361664,4.25
10,2,69,4.36711359024,5.25
10,2,69,4.01746082306,5.25
10,2,30,4.39561128616,5.75
10,2,30,4.51675033569,5.75
10,2,87,4.62673997879,5.5
10,2,87,4.70398426056,5.5
10,2,33,4.43911933899,4.75
10,2,33,4.38087320328,4.75
10,2,51,4.63228178024,5.5
10,2,51,4.54267168045,5.5
10,2,68,4.74864816666,4.75
10,2,68,4.61227035522,4.75
10,2,29,4.43701410294,5.0
10,2,29,4.22719955444,5.0
10,2,86,4.33192968369,4.5
10,2,86,4.30853748322,4.5
10,2,32,3.7386367321,1.75
10,2,32,3.72649908066,1.75
10,2,50,0.486798465252,4.0
10,2,50,0.933021903038,4.0
10,2,75,4.78070640564,4.5
10,2,75,4.60960197449,4.5
10,2,28,4.48273801804,4.5
10,2,28,4.54875040054,4.5
10,2,85,4.60110378265,5.25
10,2,85,4.56371879578,5.25
10,2,39,4.89392566681,5.25
10,2,39,4.93499994278,5.25
10,2,74,4.37493515015,4.75
10,2,74,4.45531797409,4.75
10,2,3,4.84454631805,3.75
10,2,3,5.04250335693,3.75
10,2,84,4.09330892563,4.0
10,2,84,4.39388370514,4.0
10,2,38,3.32627773285,4.75
10,2,38,3.2156355381,4.75
10,2,73,4.14485025406,5.5
10,2,73,4.270570755,5.5
10,2,91,4.64795160294,4.25
10,2,91,4.53702354431,4.25
10,2,37,4.58440351486,5.0
10,2,37,4.43907165527,5.0
10,2,55,4.90824317932,3.75
10,2,55,4.79639291763,3.75
10,2,72,4.15229940414,6.25
10,2,72,4.35273122787,6.25
10,2,90,4.62405586243,4.25
10,2,90,4.9590678215,4.25
10,2,19,4.50497674942,4.5
10,2,19,4.64901733398,4.5
10,2,36,4.26028633118,3.75
10,2,36,4.38285827637,3.75
10,2,54,4.23630332947,5.5
10,2,54,4.55582427979,5.5
10,2,79,4.42359161377,5.5
10,2,79,4.52238798141,5.5
10,2,89,4.5921459198,4.0
10,2,89,4.71308088303,4.0
10,2,43,4.15521192551,5.75
10,2,43,4.62465810776,5.75
10,2,53,4.42593765259,6.75
10,2,53,4.72732210159,6.75
10,2,78,4.86717891693,5.25
10,2,78,3.80298614502,5.25
10,2,7,4.76535367966,5.25
10,2,7,4.82621526718,5.25
10,2,88,4.23447799683,5.5
10,2,88,2.68053984642,5.5
10,2,42,4.61134529114,5.5
10,2,42,5.06083679199,5.5
10,2,52,4.47671127319,5.5
10,2,52,4.63805675507,5.5
10,2,77,4.06727170944,3.5
10,2,77,4.19486427307,3.5
10,2,6,4.38887548447,5.25
10,2,6,4.23086357117,5.25
10,2,95,4.19008111954,2.0
10,2,95,4.38667488098,2.0
10,2,41,1.87983596325,5.25
10,2,41,1.02613210678,5.25
10,2,76,4.27812337875,4.5
10,2,76,4.06116533279,4.5
10,2,5,4.27861785889,5.5
10,2,5,4.46646499634,5.5
10,2,94,4.02807950974,3.25
10,2,94,4.30206680298,3.25
10,2,23,4.56913471222,5.0
10,2,23,4.5486164093,5.0
10,2,40,4.06579589844,4.5
10,2,40,3.96908044815,4.5
10,2,97,2.93650555611,5.75
10,2,97,2.75415658951,5.75
10,2,58,4.62817907333,5.5
10,2,58,4.5999288559,5.5
10,2,4,4.3178319931,6.25
10,2,4,4.40132951736,6.25
10,2,93,3.84484243393,3.25
10,2,93,3.95207309723,3.25
10,2,22,4.75953578949,5.5
10,2,22,4.37100934982,5.5
10,2,47,2.14189958572,5.25
10,2,47,3.21012735367,5.25
10,2,96,4.75793361664,4.75
10,2,96,4.58151721954,4.75
10,2,11,4.03706121445,4.5
10,2,11,4.4838643074,4.5
10,2,92,4.2895321846,4.75
10,2,92,4.24000024796,4.75
10,2,21,3.9959962368,5.5
10,2,21,3.89945220947,5.5
10,2,46,4.1026763916,4.25
10,2,46,4.06305360794,4.25
10,2,56,4.89824151993,5.25
10,2,56,4.22036552429,5.25
10,2,10,4.42716217041,5.25
10,2,10,4.3776922226,5.25
10,2,67,3.95927834511,4.33333
10,2,67,3.76907444,4.33333
10,2,20,3.88449168205,2.75
10,2,20,4.05843400955,2.75
10,2,45,4.38114547729,3.5
10,2,45,4.21938705444,3.5
10,2,9,3.38540220261,3.25
10,2,9,4.14476203918,3.25
10,2,66,3.9543402195,3.0
10,2,66,4.14773225784,3.0
10,2,27,4.53643083572,5.0
10,2,27,4.28519058228,5.0
10,2,44,4.24125146866,5.0
10,2,44,4.18296432495,5.0
10,2,8,4.42527484894,5.75
10,2,8,4.64468336105,5.75
11,1,5,4.9987282753,4.5
11,1,5,5.16004800797,4.5
11,1,94,4.69387817383,5.75
11,1,94,4.54791593552,5.75
11,1,23,5.17788267136,5.75
11,1,23,4.98968029022,5.75
11,1,32,5.06090164185,4.25
11,1,32,4.88867998123,4.25
11,1,50,4.79362344742,3.0
11,1,50,4.30741262436,3.0
11,1,75,4.59557914734,3.5
11,1,75,4.57148599625,3.5
11,1,4,5.07789468765,5.75
11,1,4,4.95117902756,5.75
11,1,93,5.08196735382,4.25
11,1,93,4.85140562057,4.25
11,1,22,5.17771720886,6.25
11,1,22,4.86812400818,6.25
11,1,47,4.59975814819,4.0
11,1,47,4.41438674927,4.0
11,1,49,4.19579601288,4.5
11,1,49,4.17411422729,4.5
11,1,74,4.68711137772,5.0
11,1,74,4.47693586349,5.0
11,1,92,4.48950004578,4.25
11,1,92,4.42750930786,4.25
11,1,21,4.97721338272,4.25
11,1,21,4.93478298187,4.25
11,1,46,3.90656375885,1.75
11,1,46,3.85941767693,1.75
11,1,48,3.05902075768,2.25
11,1,48,3.53764390945,2.25
11,1,73,5.13862085342,5.25
11,1,73,4.93878316879,5.25
11,1,91,5.01716327667,5.5
11,1,91,5.0916852951,5.5
11,1,20,5.04169368744,5.5
11,1,20,4.85318422318,5.5
11,1,63,4.69060659409,6.25
11,1,63,4.72233295441,6.25
11,1,72,4.90121650696,4.75
11,1,72,5.01350069046,4.75
11,1,90,5.03211259842,4.25
11,1,90,4.84412622452,4.25
11,1,19,5.12200784683,6.25
11,1,19,4.92160129547,6.25
11,1,62,4.12254476547,5.0
11,1,62,4.05052566528,5.0
11,1,89,5.22492027283,5.0
11,1,89,5.34115219116,5.0
11,1,15,4.49884557724,3.5
11,1,15,4.47206115723,3.5
11,1,88,4.84148168564,3.75
11,1,88,4.81351327896,3.75
11,1,99,5.10387611389,6.25
11,1,99,4.84047031403,6.25
11,1,14,4.79832172394,4.25
11,1,14,4.55746507645,4.25
11,1,71,5.02697134018,4.75
11,1,71,4.87594747543,4.75
11,1,98,4.18864011765,4.5
11,1,98,4.03671598434,4.5
11,1,13,4.99235868454,5.25
11,1,13,4.9087061882,5.25
11,1,70,4.7142367363,5.0
11,1,70,4.5905790329,5.0
11,1,31,5.13467073441,5.5
11,1,31,4.87023639679,5.5
11,1,97,4.75832033157,3.75
11,1,97,4.5900144577,3.75
11,1,12,5.21056413651,5.5
11,1,12,5.15137290955,5.5
11,1,69,4.76666784286,4.0
11,1,69,4.51161289215,4.0
11,1,30,5.25505828857,4.25
11,1,30,4.98415374756,4.25
11,1,87,4.52172040939,2.75
11,1,87,4.25424146652,2.75
11,1,96,4.35693120956,4.75
11,1,96,4.26410484314,4.75
11,1,57,3.34080290794,2.5
11,1,57,3.90442419052,2.5
11,1,11,4.91808843613,4.5
11,1,11,4.01356172562,4.5
11,1,68,4.81539535522,4.25
11,1,68,4.55992937088,4.25
11,1,29,4.82285261154,5.5
11,1,29,4.63921689987,5.5
11,1,56,4.38386631012,2.25
11,1,56,4.48489284515,2.25
11,1,10,4.77258872986,4.66667
11,1,10,4.87170362473,4.66667
11,1,67,4.54628801346,6.25
11,1,67,4.62739753723,6.25
11,1,28,5.15917491913,4.5
11,1,28,5.00967884064,4.5
11,1,39,5.62928056717,5.0
11,1,39,6.30764293671,5.0
11,1,9,4.99170637131,4.0
11,1,9,4.86323070526,4.0
11,1,66,4.88205528259,3.25
11,1,66,4.74156761169,3.25
11,1,27,4.8153629303,4.5
11,1,27,4.64121055603,4.5
11,1,84,4.79280853271,3.5
11,1,84,4.63961219788,3.5
11,1,38,5.0642414093,4.5
11,1,38,4.77344608307,4.5
11,1,8,4.96531152725,4.25
11,1,8,4.86595869064,4.25
11,1,65,4.27613639832,4.25
11,1,65,3.78979516029,4.25
11,1,26,5.21734857559,4.0
11,1,26,5.17995452881,4.0
11,1,83,4.97333574295,3.5
11,1,83,4.90616464615,3.5
11,1,37,5.1980304718,3.75
11,1,37,5.2542142868,3.75
11,1,55,4.36639356613,4.0
11,1,55,4.37099123001,4.0
11,1,64,4.93895959854,5.0
11,1,64,4.79288959503,5.0
11,1,25,4.87300157547,5.0
11,1,25,4.89469432831,5.0
11,1,82,4.94055271149,4.5
11,1,82,4.80077409744,4.5
11,1,36,4.93578481674,5.0
11,1,36,4.81034326553,5.0
11,1,54,4.70841312408,2.5
11,1,54,4.6142911911,2.5
11,1,79,4.70022583008,4.5
11,1,79,4.63544893265,4.5
11,1,24,5.7188949585,3.25
11,1,24,5.71045207977,3.25
11,1,81,4.93066310883,4.5
11,1,81,4.73649549484,4.5
11,1,35,5.13904714584,4.5
11,1,35,4.99065351486,4.5
11,1,53,4.68661117554,5.25
11,1,53,4.55462789536,5.25
11,1,78,4.57144784927,5.0
11,1,78,4.48457145691,5.0
11,1,7,5.14384508133,4.25
11,1,7,5.00479078293,4.25
11,1,80,5.53276491165,6.0
11,1,80,5.63974332809,6.0
11,1,34,5.7458486557,4.5
11,1,34,5.44767856598,4.5
11,1,52,5.47622776031,4.25
11,1,52,5.47716426849,4.25
11,1,77,5.36224460602,6.0
11,1,77,5.32624006271,6.0
11,1,6,5.01686239243,5.0
11,1,6,4.4259390831,5.0
11,1,95,4.6240401268,4.25
11,1,95,4.4484872818,4.25
11,1,33,5.04828071594,5.0
11,1,33,4.84736967087,5.0
11,1,51,4.61882162094,4.75
11,1,51,4.43366289139,4.75
11,1,76,5.20594549179,4.0
11,1,76,5.09911632538,4.0
11,2,84,4.37399768829,4.75
11,2,84,4.53441572189,4.75
11,2,28,4.42867517471,4.5
11,2,28,4.5146150589,4.5
11,2,74,4.03314256668,4.25
11,2,74,4.35357236862,4.25
11,2,18,4.54806470871,4.0
11,2,18,4.62587022781,4.0
11,2,72,4.00324630737,4.25
11,2,72,4.36505556107,4.25
11,2,63,3.6718480587,2.75
11,2,63,3.74732422829,2.75
11,2,78,4.85696697235,5.5
11,2,78,5.10099840164,5.5
11,2,61,3.6918964386,3.25
11,2,61,3.86326050758,3.25
11,2,22,4.12221240997,3.75
11,2,22,4.62197446823,3.75
11,2,76,4.79883003235,5.5
11,2,76,4.91452884674,5.5
11,2,51,4.81407403946,4.5
11,2,51,5.00784778595,4.5
11,2,20,4.36786317825,4.75
11,2,20,4.95865488052,4.75
11,2,105,4.80429315567,4.5
11,2,105,5.02770423889,4.5
11,2,66,3.34786319733,1.75
11,2,66,3.64006590843,1.75
11,2,49,4.37980175018,2.75
11,2,49,4.84804677963,2.75
11,2,10,4.40815925598,4.75
11,2,10,4.66443729401,4.75
11,2,111,4.55543041229,4.5
11,2,111,4.44793510437,4.5
11,2,64,4.1508731842,4.25
11,2,64,4.4099650383,4.25
11,2,55,4.39248895645,4.5
11,2,55,4.81181812286,4.5
11,2,8,4.6793589592,5.0
11,2,8,4.86656618118,5.0
11,2,109,4.80194091797,4.75
11,2,109,4.94470262527,4.75
11,2,53,4.28369092941,4.5
11,2,53,4.69269132614,4.5
11,2,99,5.08238649368,5.5
11,2,99,5.41885185242,5.5
11,2,68,4.2999253273,4.0
11,2,68,4.43760681152,4.0
11,2,43,4.52006387711,5.25
11,2,43,4.62722444534,5.25
11,2,12,3.73954796791,2.25
11,2,12,3.79948067665,2.25
11,2,97,4.17040634155,3.75
11,2,97,4.58236503601,3.75
11,2,41,4.37986469269,4.75
11,2,41,4.75241136551,4.75
11,2,103,4.79778909683,5.25
11,2,103,4.98638057709,5.25
11,2,47,4.69454717636,4.0
11,2,47,4.93516778946,4.0
11,2,101,4.60238552094,4.75
11,2,101,4.63370609283,4.75
11,2,45,4.20379590988,4.25
11,2,45,4.45219707489,4.25
11,2,6,4.51264476776,5.5
11,2,6,4.94392681122,5.5
11,2,91,4.25752925873,4.5
11,2,91,4.66825866699,4.5
11,2,35,4.17524290085,3.75
11,2,35,4.34239006042,3.75
11,2,4,4.3574385643,4.0
11,2,4,4.57228136063,4.0
11,2,89,4.76908731461,4.75
11,2,89,4.93028354645,4.75
11,2,33,4.51879119873,4.25
11,2,33,4.73900985718,4.25
11,2,95,4.54047822952,4.0
11,2,95,4.59492969513,4.0
11,2,39,4.15839862823,4.5
11,2,39,4.43356466293,4.5
11,2,93,4.72556400299,5.0
11,2,93,4.95853662491,5.0
11,2,37,4.56224727631,5.0
11,2,37,4.83178663254,5.0
11,2,83,4.57477426529,4.0
11,2,83,4.88156747818,4.0
11,2,27,4.63293123245,5.5
11,2,27,4.83618831635,5.5
11,2,81,3.92577767372,3.0
11,2,81,3.91604304314,3.0
11,2,25,4.73548269272,5.0
11,2,25,4.8739657402,5.0
11,2,87,5.12945318222,4.25
11,2,87,5.25152635574,4.25
11,2,31,4.96336078644,5.0
11,2,31,5.09648180008,5.0
11,2,85,4.50052833557,5.0
11,2,85,4.64346933365,5.0
11,2,56,4.08438825607,4.75
11,2,56,4.50989532471,4.75
11,2,29,4.25832748413,4.75
11,2,29,4.68191862106,4.75
11,2,75,3.41981649399,2.5
11,2,75,3.28162169456,2.5
11,2,62,2.04324865341,1.75
11,2,62,2.35992217064,1.75
11,2,19,4.25996303558,5.25
11,2,19,4.38600444794,5.25
11,2,73,4.18590307236,4.25
11,2,73,4.57233190536,4.25
11,2,60,2.61065721512,2.5
11,2,60,2.7413957119,2.5
11,2,17,4.29230260849,3.75
11,2,17,4.38180065155,3.75
11,2,106,4.48539209366,3.0
11,2,106,4.78552150726,3.0
11,2,79,4.19691801071,4.25
11,2,79,4.47430562973,4.25
11,2,50,4.58443069458,4.25
11,2,50,5.07183361053,4.25
11,2,23,4.45279216766,5.75
11,2,23,4.6676402092,5.75
11,2,104,4.5972661972,6.0
11,2,104,4.92109537125,6.0
11,2,77,4.84867191315,4.5
11,2,77,4.57187986374,4.5
11,2,48,4.62723016739,6.5
11,2,48,4.76389026642,6.5
11,2,21,4.99659967422,6.25
11,2,21,5.13697004318,6.25
11,2,110,5.01065301895,4.75
11,2,110,5.15622377396,4.75
11,2,67,4.22037982941,4.75
11,2,67,4.46069049835,4.75
11,2,54,3.93713188171,3.75
11,2,54,4.4481959343,3.75
11,2,11,1.6838965416,2.5
11,2,11,1.92792105675,2.5
11,2,65,4.21532011032,2.5
11,2,65,4.48083019257,2.5
11,2,52,4.9767036438,5.0
11,2,52,5.1279592514,5.0
11,2,9,4.55786180496,3.5
11,2,9,4.96479129791,3.5
11,2,98,4.38908863068,5.0
11,2,98,4.78123283386,5.0
11,2,42,4.44497442245,4.75
11,2,42,4.83057069778,4.75
11,2,96,4.48221683502,5.0
11,2,96,4.83818769455,5.0
11,2,69,4.4260468483,3.25
11,2,69,4.3841753006,3.25
11,2,40,4.37679052353,4.25
11,2,40,4.6847910881,4.25
11,2,102,4.63981723785,3.75
11,2,102,4.82454013824,3.75
11,2,46,4.74147605896,4.25
11,2,46,4.48934030533,4.25
11,2,3,4.01406049728,5.0
11,2,3,4.20818138123,5.0
11,2,100,4.71805906296,4.5
11,2,100,5.0470457077,4.5
11,2,44,4.82347345352,5.5
11,2,44,5.01324748993,5.5
11,2,90,4.61373901367,3.25
11,2,90,4.98853969574,3.25
11,2,34,4.29467439651,6.5
11,2,34,4.74171686172,6.5
11,2,7,3.56160712242,0.75
11,2,7,3.65107607841,0.75
11,2,88,4.39002561569,5.0
11,2,88,4.46924829483,5.0
11,2,32,4.62140226364,5.25
11,2,32,4.29961442947,5.25
11,2,5,4.11654043198,2.25
11,2,5,4.46608877182,2.25
11,2,94,4.38409233093,4.25
11,2,94,4.67421531677,4.25
11,2,38,4.31903934479,4.25
11,2,38,4.26666593552,4.25
11,2,92,4.59790754318,5.5
11,2,92,4.81747961044,5.5
11,2,36,4.84631633759,4.25
11,2,36,5.20766067505,4.25
11,2,82,4.20565795898,4.75
11,2,82,4.44495201111,4.75
11,2,26,4.12070941925,3.5
11,2,26,4.42255020142,3.5
11,2,80,3.04174208641,3.75
11,2,80,3.48919391632,3.75
11,2,24,4.52300548553,5.0
11,2,24,4.65396165848,5.0
11,2,86,4.4844455719,5.75
11,2,86,4.57972764969,5.75
11,2,30,4.07473993301,4.0
11,2,30,4.48244905472,4.0
12,1,60,4.27302646637,3.75
12,1,60,4.52706003189,3.75
12,1,25,3.18312072754,5.75
12,1,25,3.38683247566,5.75
12,1,83,4.25341176987,5.5
12,1,83,4.58374547958,5.5
12,1,62,3.7385032177,2.5
12,1,62,3.69313716888,2.5
12,1,27,3.99484419823,4.5
12,1,27,4.43368625641,4.5
12,1,77,4.5966053009,4.75
12,1,77,4.53033208847,4.75
12,1,21,4.52106046677,4.5
12,1,21,4.86131048203,4.5
12,1,79,4.46468544006,4.25
12,1,79,4.59415340424,4.25
12,1,23,2.99048066139,3.5
12,1,23,3.24973583221,3.5
12,1,108,4.46333694458,3.25
12,1,108,4.50012874603,3.25
12,1,73,4.58869695663,4.25
12,1,73,4.70705509186,4.25
12,1,17,3.90797543526,5.0
12,1,17,4.1980266571,5.0
12,1,110,4.67605352402,5.0
12,1,110,4.75743722916,5.0
12,1,75,4.7085943222,5.25
12,1,75,4.70566606522,5.25
12,1,54,4.29951190948,4.75
12,1,54,4.52918863297,4.75
12,1,19,5.01598262787,3.75
12,1,19,5.01853370667,3.75
12,1,104,4.21043920517,2.5
12,1,104,4.38602352142,2.5
12,1,69,4.80690336227,3.75
12,1,69,4.87641239166,3.75
12,1,48,4.36366701126,4.5
12,1,48,4.55012321472,4.5
12,1,106,3.69603800774,1.25
12,1,106,3.75834059715,1.25
12,1,100,3.69002771378,2.75
12,1,100,3.86879730225,2.75
12,1,65,4.43100690842,4.5
12,1,65,4.30262613297,4.5
12,1,44,4.28218078613,5.5
12,1,44,4.71903324127,5.5
12,1,9,4.7748208046,4.75
12,1,9,4.90178585052,4.75
12,1,102,4.00953292847,4.5
12,1,102,4.25995349884,4.5
12,1,67,3.59033846855,2.75
12,1,67,3.32234048843,2.75
12,1,46,3.30925273895,3.5
12,1,46,3.58924841881,3.5
12,1,11,3.71489882469,5.0
12,1,11,3.90214395523,5.0
12,1,96,4.35339641571,3.25
12,1,96,4.53145360947,3.25
12,1,40,4.09702682495,4.25
12,1,40,4.43490886688,4.25
12,1,5,4.21570062637,6.0
12,1,5,4.63151741028,6.0
12,1,98,4.79362249374,3.75
12,1,98,4.7355799675,3.75
12,1,42,4.68264341354,4.25
12,1,42,4.79523706436,4.25
12,1,7,4.37068796158,6.25
12,1,7,4.61928987503,6.25
12,1,92,4.60065317154,3.25
12,1,92,4.6778793335,3.25
12,1,36,3.8260409832,5.0
12,1,36,4.40427780151,5.0
12,1,38,3.66538715363,5.5
12,1,38,4.11102056503,5.5
12,1,3,4.39181947708,6.0
12,1,3,4.60933971405,6.0
12,1,88,4.28058481216,4.5
12,1,88,4.49619674683,4.5
12,1,32,3.5020532608,5.25
12,1,32,4.22112035751,5.25
12,1,90,4.55082941055,4.0
12,1,90,4.70379590988,4.0
12,1,34,3.86497616768,5.5
12,1,34,4.35378980637,5.5
12,1,84,5.03958702087,4.5
12,1,84,5.09971809387,4.5
12,1,28,3.02571606636,5.0
12,1,28,3.60997605324,5.0
12,1,86,4.42921686172,3.0
12,1,86,4.76465702057,3.0
12,1,30,3.45176720619,4.0
12,1,30,3.75081562996,4.0
12,1,80,4.44156360626,4.0
12,1,80,4.5565943718,4.0
12,1,24,3.031924963,5.25
12,1,24,3.20378732681,5.25
12,1,82,4.51590871811,4.0
12,1,82,4.73804759979,4.0
12,1,61,4.30659723282,4.0
12,1,61,4.36719083786,4.0
12,1,26,4.15956640244,5.0
12,1,26,4.59985876083,5.0
12,1,76,4.60634756088,4.0
12,1,76,4.77389001846,4.0
12,1,63,3.64491963387,3.0
12,1,63,3.89749026299,3.0
12,1,20,3.96673464775,4.75
12,1,20,4.41874074936,4.75
12,1,78,4.92594623566,6.0
12,1,78,4.98954153061,6.0
12,1,22,4.7469625473,4.5
12,1,22,4.8609457016,4.5
12,1,72,4.78808355331,3.25
12,1,72,4.8659119606,3.25
12,1,16,3.51792883873,5.25
12,1,16,3.8118083477,5.25
12,1,109,4.50761651993,3.5
12,1,109,4.52735567093,3.5
12,1,74,4.43100500107,5.0
12,1,74,4.7283577919,5.0
12,1,53,3.86870956421,4.5
12,1,53,4.26000499725,4.5
12,1,18,2.86258840561,4.25
12,1,18,3.37821912766,4.25
12,1,111,4.26680517197,2.75
12,1,111,4.14997005463,2.75
12,1,68,4.44697284698,4.25
12,1,68,4.68578243256,4.25
12,1,55,3.2216527462,5.0
12,1,55,3.75971603394,5.0
12,1,12,4.15278959274,5.75
12,1,12,4.66421175003,5.75
12,1,105,3.73510885239,3.25
12,1,105,3.95524191856,3.25
12,1,49,4.00770568848,4.75
12,1,49,4.39332580566,4.75
12,1,107,4.23775625229,4.5
12,1,107,4.50075817108,4.5
12,1,64,3.64124011993,4.0
12,1,64,4.14879608154,4.0
12,1,8,4.85393667221,5.25
12,1,8,5.00053787231,5.25
12,1,101,4.37039518356,3.25
12,1,101,4.43407011032,3.25
12,1,66,4.17857074738,3.0
12,1,66,4.02742242813,3.0
12,1,45,3.8240814209,5.0
12,1,45,4.05339670181,5.0
12,1,10,4.50204372406,5.25
12,1,10,4.75659418106,5.25
12,1,103,4.77991056442,4.5
12,1,103,4.81107902527,4.5
12,1,47,3.78843712807,5.5
12,1,47,4.11454868317,5.5
12,1,4,4.52081918716,6.25
12,1,4,4.52886295319,6.25
12,1,97,4.63290166855,4.25
12,1,97,4.60060119629,4.25
12,1,41,3.97123551369,3.75
12,1,41,4.44231414795,3.75
12,1,6,4.26590108871,5.0
12,1,6,4.69171476364,5.0
12,1,99,4.06962490082,1.75
12,1,99,4.30400466919,1.75
12,1,43,3.87004065514,4.75
12,1,43,4.33845901489,4.75
12,1,93,3.88869738579,3.75
12,1,93,4.28914785385,3.75
12,1,37,4.18872356415,4.5
12,1,37,4.51316833496,4.5
12,1,2,4.45903110504,6.5
12,1,2,4.52240133286,6.5
12,1,39,4.01163005829,5.75
12,1,39,4.37998008728,5.75
12,1,89,3.94060540199,3.5
12,1,89,4.03464603424,3.5
12,1,33,3.25292015076,4.25
12,1,33,3.95315170288,4.25
12,1,91,3.77476811409,4.5
12,1,91,4.38285112381,4.5
12,1,35,3.13731026649,4.0
12,1,35,3.60541582108,4.0
12,1,85,4.80949449539,4.75
12,1,85,4.89296531677,4.75
12,1,29,3.28640007973,2.75
12,1,29,3.21222543716,2.75
12,1,87,4.41400814056,5.0
12,1,87,4.60617923737,5.0
12,1,31,4.56750535965,5.0
12,1,31,4.79605865479,5.0
12,1,81,4.02136468887,4.0
12,1,81,4.37876033783,4.0
12,2,14,1.74993538857,4.25
12,2,14,2.84275984764,4.25
12,2,37,2.83011960983,3.5
12,2,37,3.34469938278,3.5
12,2,64,0.754631817341,1.5
12,2,64,2.08278775215,1.5
12,2,8,1.53831505775,4.0
12,2,8,3.02700567245,4.0
12,2,39,2.01293945312,2.0
12,2,39,2.29203009605,2.0
12,2,66,0.878936946392,1.0
12,2,66,2.36798763275,1.0
12,2,10,1.85727334023,4.25
12,2,10,3.09358167648,4.25
12,2,33,2.31092834473,3.75
12,2,33,3.14625310898,3.75
12,2,4,1.6665854454,4.0
12,2,4,2.83135962486,4.0
12,2,35,2.13612985611,3.0
12,2,35,3.01247906685,3.0
12,2,6,1.86362671852,3.5
12,2,6,3.01987075806,3.5
12,2,93,2.27220630646,5.0
12,2,93,2.29669117928,5.0
12,2,95,2.28650927544,4.75
12,2,95,2.43967914581,4.75
12,2,89,1.92665600777,3.75
12,2,89,2.18868303299,3.75
12,2,116,2.45359301567,3.0
12,2,116,2.7868449688,3.0
12,2,91,2.46083641052,4.5
12,2,91,2.94095015526,4.5
12,2,62,0.825117111206,1.75
12,2,62,1.7166428566,1.75
12,2,85,2.38197803497,4.75
12,2,85,2.6395175457,4.75
12,2,112,2.05549144745,3.75
12,2,112,3.19545650482,3.75
12,2,29,2.30500626564,3.0
12,2,29,2.51795434952,3.0
12,2,56,2.01131868362,5.0
12,2,56,2.95499300957,5.0
12,2,87,2.52484846115,4.75
12,2,87,2.85038018227,4.75
12,2,114,1.87230300903,3.5
12,2,114,2.58578634262,3.5
12,2,31,2.1385102272,4.75
12,2,31,2.88420820236,4.75
12,2,58,2.5477976799,3.75
12,2,58,2.90314745903,3.75
12,2,81,2.40097761154,5.5
12,2,81,3.07773900032,5.5
12,2,108,2.01210093498,2.0
12,2,108,2.27960157394,2.0
12,2,25,1.81624937057,4.75
12,2,25,3.11503314972,4.75
12,2,52,1.6965007782,4.75
12,2,52,3.18937301636,4.75
12,2,83,2.14859724045,3.75
12,2,83,2.39780640602,3.75
12,2,110,1.42617988586,2.25
12,2,110,1.57219386101,2.25
12,2,27,2.67171621323,4.5
12,2,27,3.04634976387,4.5
12,2,54,2.45153474808,4.5
12,2,54,3.34941577911,4.5
12,2,77,2.30770111084,5.0
12,2,77,2.73961663246,5.0
12,2,104,1.91180276871,2.0
12,2,104,2.46056985855,2.0
12,2,21,2.11110973358,3.75
12,2,21,2.74096131325,3.75
12,2,48,3.01943898201,4.5
12,2,48,3.29647302628,4.5
12,2,79,2.68177294731,3.75
12,2,79,3.10508060455,3.75
12,2,106,3.07096529007,3.5
12,2,106,2.63207936287,3.5
12,2,23,2.61794877052,5.25
12,2,23,3.02248358727,5.25
12,2,50,2.31879925728,4.75
12,2,50,3.03844642639,4.75
12,2,73,0.781174242496,2.0
12,2,73,2.08686804771,2.0
12,2,100,1.71732258797,2.5
12,2,100,1.96897435188,2.5
12,2,44,1.95605516434,3.75
12,2,44,3.30509185791,3.75
12,2,102,1.79603099823,1.75
12,2,102,2.1764819622,1.75
12,2,19,2.70592713356,4.5
12,2,19,3.04362201691,4.5
12,2,46,2.81800913811,4.25
12,2,46,3.61471176147,4.25
12,2,69,0.790738344193,2.25
12,2,69,2.27461361885,2.25
12,2,96,2.49166059494,4.75
12,2,96,2.77333831787,4.75
12,2,13,1.1000289917,3.5
12,2,13,2.91077423096,3.5
12,2,40,2.81942510605,3.5
12,2,40,3.18556165695,3.5
12,2,71,0.534773945808,1.5
12,2,71,1.6613984108,1.5
12,2,98,2.14404177666,2.75
12,2,98,2.86191225052,2.75
12,2,42,2.59345126152,3.5
12,2,42,3.51972055435,3.5
12,2,65,1.07261919975,2.25
12,2,65,2.06435799599,2.25
12,2,9,2.03338623047,4.0
12,2,9,3.01637291908,4.0
12,2,36,1.924295187,5.75
12,2,36,2.47518157959,5.75
12,2,67,1.12329101562,3.0
12,2,67,2.71250152588,3.0
12,2,11,1.33496665955,5.0
12,2,11,2.74315452576,5.0
12,2,5,1.89811778069,5.25
12,2,5,3.01506948471,5.25
12,2,32,2.6661195755,3.25
12,2,32,2.94815802574,3.25
12,2,7,2.240711689,5.0
12,2,7,2.84381651878,5.0
12,2,34,2.42873263359,4.25
12,2,34,3.40071320534,4.25
12,2,92,2.11587047577,3.5
12,2,92,2.69623851776,3.5
12,2,3,1.14818120003,3.75
12,2,3,2.63118767738,3.75
12,2,94,1.53201246262,2.5
12,2,94,1.76326131821,2.5
12,2,88,2.45690393448,5.0
12,2,88,2.61054611206,5.0
12,2,90,2.52419781685,3.25
12,2,90,2.53529214859,3.25
12,2,113,2.57083487511,3.25
12,2,113,2.96283555031,3.25
12,2,57,3.3945171833,4.75
12,2,57,3.36616873741,4.75
12,2,84,2.20300579071,4.25
12,2,84,2.55258202553,4.25
12,2,115,1.92224788666,2.75
12,2,115,2.25130462646,2.75
12,2,28,2.22133731842,4.75
12,2,28,2.73873019218,4.75
12,2,59,2.65752696991,5.0
12,2,59,3.37001442909,5.0
12,2,86,2.21419048309,4.0
12,2,86,2.41313624382,4.0
12,2,109,2.8487739563,3.25
12,2,109,2.69554662704,3.25
12,2,30,2.34834098816,4.5
12,2,30,2.92631602287,4.5
12,2,53,2.37812542915,3.75
12,2,53,3.32106423378,3.75
12,2,80,2.51355934143,5.25
12,2,80,2.66828203201,5.25
12,2,111,2.21421456337,4.0
12,2,111,2.89886689186,4.0
12,2,24,2.3072988987,4.25
12,2,24,2.73700904846,4.25
12,2,55,2.80457377434,4.5
12,2,55,3.57133102417,4.5
12,2,82,1.75496149063,2.5
12,2,82,2.15674877167,2.5
12,2,105,2.8922688961,4.0
12,2,105,2.85974431038,4.0
12,2,26,2.15204787254,2.75
12,2,26,3.23203754425,2.75
12,2,49,2.42842459679,5.25
12,2,49,3.18344759941,5.25
12,2,107,2.29016447067,2.25
12,2,107,2.45184111595,2.25
12,2,20,2.81335616112,4.0
12,2,20,3.41550755501,4.0
12,2,51,1.84177184105,3.0
12,2,51,2.84550619125,3.0
12,2,78,2.38030076027,4.0
12,2,78,2.55217289925,4.0
12,2,101,2.15566015244,3.0
12,2,101,2.27622461319,3.0
12,2,22,2.72838068008,5.0
12,2,22,3.09676408768,5.0
12,2,45,2.92064738274,4.0
12,2,45,3.41500377655,4.0
12,2,103,1.86882066727,2.5
12,2,103,2.16969966888,2.5
12,2,47,3.02901053429,4.75
12,2,47,2.8985388279,4.75
12,2,97,2.41747331619,1.5
12,2,97,2.53987836838,1.5
12,2,41,2.96002578735,5.25
12,2,41,3.30074477196,5.25
12,2,68,0.557512104511,2.0
12,2,68,1.77721714973,2.0
12,2,99,2.10817503929,3.25
12,2,99,2.54850459099,3.25
12,2,12,1.69184541702,5.25
12,2,12,2.89801359177,5.25
12,2,43,3.01143860817,4.5
12,2,43,3.41660523415,4.5
12,2,70,0.535693764687,1.25
12,2,70,2.10904741287,1.25
16,2,107,4.11540937424,3.25
16,2,107,3.61908459663,3.25
16,2,78,4.01680660248,4.25
16,2,78,3.45403242111,4.25
16,2,37,3.67381381989,4.5
16,2,37,3.19887804985,4.5
16,2,109,3.10878562927,4.5
16,2,109,3.20767688751,4.5
16,2,39,3.97613334656,2.25
16,2,39,3.50401926041,2.25
16,2,111,3.26464438438,3.5
16,2,111,3.48698735237,3.5
16,2,66,4.65883970261,5.75
16,2,66,3.42855787277,5.75
16,2,25,4.00306177139,3.0
16,2,25,3.62040519714,3.0
16,2,97,4.43834781647,2.75
16,2,97,4.24550437927,2.75
16,2,68,3.58928227425,1.25
16,2,68,3.54663825035,1.25
16,2,27,4.90723323822,4.25
16,2,27,4.63387823105,4.25
16,2,99,3.53014874458,3.25
16,2,99,3.76740264893,3.25
16,2,70,2.59088492393,1.75
16,2,70,3.05990767479,1.75
16,2,29,3.89811873436,2.0
16,2,29,3.9975912571,2.0
16,2,101,4.81817722321,5.0
16,2,101,4.1608915329,5.0
16,2,56,4.12182474136,4.75
16,2,56,3.54013586044,4.75
16,2,31,3.3624792099,2.0
16,2,31,3.60331511497,2.0
16,2,103,3.59784054756,3.25
16,2,103,3.8678560257,3.25
16,2,58,4.03242015839,2.25
16,2,58,3.61385297775,2.25
16,2,89,4.22048616409,1.75
16,2,89,3.43651533127,1.75
16,2,60,4.79129171371,3.0
16,2,60,3.53574371338,3.0
16,2,91,2.90383791924,3.25
16,2,91,3.40917420387,3.25
16,2,21,3.99490904808,3.75
16,2,21,3.25095796585,3.75
16,2,93,4.57339096069,4.0
16,2,93,4.20531606674,4.0
16,2,48,4.52370166779,3.25
16,2,48,4.30497598648,3.25
16,2,23,3.75109195709,2.5
16,2,23,3.45792222023,2.5
16,2,95,4.65655231476,3.5
16,2,95,4.46327781677,3.5
16,2,50,3.61114621162,2.25
16,2,50,3.08970713615,2.25
16,2,9,4.33285713196,3.5
16,2,9,4.20807552338,3.5
16,2,81,2.57835149765,2.5
16,2,81,3.03543186188,2.5
16,2,52,3.30036497116,2.25
16,2,52,3.40710639954,2.25
16,2,11,4.80888795853,4.5
16,2,11,4.95330667496,4.5
16,2,83,3.40817952156,4.5
16,2,83,3.26960206032,4.5
16,2,54,4.04579210281,1.25
16,2,54,3.54123306274,1.25
16,2,13,4.66284656525,4.5
16,2,13,4.472615242,4.5
16,2,85,3.53138971329,3.5
16,2,85,3.78478765488,3.5
16,2,40,3.64276051521,2.0
16,2,40,3.74519610405,2.0
16,2,15,3.64922404289,4.25
16,2,15,3.71965622902,4.25
16,2,112,2.75529241562,1.5
16,2,112,3.13371014595,1.5
16,2,87,3.27596402168,3.5
16,2,87,3.34272122383,3.5
16,2,42,2.79728555679,2.5
16,2,42,3.16681885719,2.5
16,2,114,4.19484519958,3.5
16,2,114,4.02864933014,3.5
16,2,73,3.81208562851,4.0
16,2,73,3.60727739334,4.0
16,2,44,4.38534736633,2.75
16,2,44,4.10065364838,2.75
16,2,116,3.37480521202,4.0
16,2,116,3.3872051239,4.0
16,2,46,3.48451399803,2.5
16,2,46,3.94707870483,2.5
16,2,5,2.97366094589,4.0
16,2,5,3.14458012581,4.0
16,2,77,3.07745933533,5.5
16,2,77,3.19156265259,5.5
16,2,32,4.20970726013,2.75
16,2,32,3.37710475922,2.75
16,2,7,4.74604129791,5.0
16,2,7,4.04299640656,5.0
16,2,104,4.45986843109,1.75
16,2,104,4.39611673355,1.75
16,2,79,3.6328587532,5.0
16,2,79,3.15922427177,5.0
16,2,34,3.48932361603,2.25
16,2,34,2.89918875694,2.25
16,2,106,4.00488805771,2.75
16,2,106,3.49151444435,2.75
16,2,65,4.21504974365,5.0
16,2,65,3.92697286606,5.0
16,2,36,3.82456183434,3.75
16,2,36,3.54764008522,3.75
16,2,108,1.28759503365,2.75
16,2,108,1.45831763744,2.75
16,2,67,3.57387089729,3.5
16,2,67,3.11169147491,3.5
16,2,38,3.8255944252,4.0
16,2,38,3.32976651192,4.0
16,2,110,3.91516375542,2.25
16,2,110,3.63267421722,2.25
16,2,69,3.27447581291,1.75
16,2,69,3.39305233955,1.75
16,2,24,4.90873765945,3.5
16,2,24,3.59740781784,3.5
16,2,96,2.80311083794,3.5
16,2,96,3.06346201897,3.5
16,2,71,4.14685058594,4.0
16,2,71,3.82362937927,4.0
16,2,26,3.80025601387,3.25
16,2,26,3.23097610474,3.25
16,2,98,4.24234485626,4.5
16,2,98,4.32759284973,4.5
16,2,57,3.3420188427,3.0
16,2,57,3.4157500267,3.0
16,2,28,4.75241088867,3.25
16,2,28,4.1995344162,3.25
16,2,100,2.86624073982,3.25
16,2,100,2.72771382332,3.25
16,2,59,3.57198429108,3.0
16,2,59,3.44003152847,3.0
16,2,30,3.99406337738,3.0
16,2,30,3.3501226902,3.0
16,2,102,3.38627195358,1.75
16,2,102,3.90756821632,1.75
16,2,61,4.55984210968,2.5
16,2,61,3.98742032051,2.5
16,2,88,3.43019270897,3.75
16,2,88,3.23471045494,3.75
16,2,90,2.45949172974,1.75
16,2,90,2.86775064468,1.75
16,2,49,3.82780647278,2.75
16,2,49,3.54224014282,2.75
16,2,92,4.27351474762,2.5
16,2,92,3.39014720917,2.5
16,2,51,4.57516098022,3.5
16,2,51,3.28334116936,3.5
16,2,22,3.89963579178,1.75
16,2,22,3.30980849266,1.75
16,2,94,2.38043522835,4.0
16,2,94,2.39497327805,4.0
16,2,53,3.5605237484,4.0
16,2,53,3.89098358154,4.0
16,2,8,3.92045235634,3.25
16,2,8,3.94207334518,3.25
16,2,80,3.65519857407,4.0
16,2,80,3.34198641777,4.0
16,2,55,3.95346689224,4.0
16,2,55,3.8770866394,4.0
16,2,10,4.32783699036,5.5
16,2,10,4.26475572586,5.5
16,2,82,3.64853024483,2.25
16,2,82,3.25232815742,2.25
16,2,41,4.04378509521,1.75
16,2,41,4.02512931824,1.75
16,2,12,4.61864089966,5.5
16,2,12,4.24070644379,5.5
16,2,113,3.56600308418,2.5
16,2,113,3.46318149567,2.5
16,2,84,2.09552311897,3.75
16,2,84,2.23501372337,3.75
16,2,43,3.12878131866,2.25
16,2,43,3.34295248985,2.25
16,2,14,4.2871556282,4.0
16,2,14,3.91150283813,4.0
16,2,115,3.48377776146,2.75
16,2,115,3.51536560059,2.75
16,2,86,4.20784044266,4.5
16,2,86,3.83037948608,4.5
16,2,45,4.1051940918,3.0
16,2,45,3.97338080406,3.0
16,2,72,3.13064193726,2.25
16,2,72,3.30716729164,2.25
16,2,47,3.79248332977,1.75
16,2,47,3.93311572075,1.75
16,2,33,4.54421710968,1.5
16,2,33,3.62563157082,1.5
16,2,105,3.63227057457,3.75
16,2,105,3.73034286499,3.75
16,2,76,3.076638937,3.0
16,2,76,2.43818426132,3.0
16,2,35,4.48751115799,2.5
16,2,35,4.15557432175,2.5
16,2,6,3.87802004814,4.5
16,2,6,3.53362774849,4.5
17,1,87,3.27398705482,2.5
17,1,87,3.38177156448,2.5
17,1,56,2.85393857956,3.25
17,1,56,3.13035607338,3.25
17,1,31,2.10383367538,4.0
17,1,31,2.79542517662,4.0
17,1,73,2.8955180645,4.25
17,1,73,2.78810715675,4.25
17,1,17,3.43091726303,3.0
17,1,17,3.45703077316,3.0
17,1,75,2.16207671165,1.75
17,1,75,2.14586114883,1.75
17,1,60,1.94537043571,3.0
17,1,60,1.98636364937,3.0
17,1,19,3.24927330017,4.0
17,1,19,2.89928412437,4.0
17,1,77,2.33820223808,3.5
17,1,77,2.43058133125,3.5
17,1,62,1.96642518044,1.75
17,1,62,2.39573383331,1.75
17,1,21,2.7100622654,2.5
17,1,21,3.15881443024,2.5
17,1,104,2.92522525787,3.25
17,1,104,3.32625198364,3.25
17,1,79,2.90676832199,3.25
17,1,79,3.29840517044,3.25
17,1,23,3.48500299454,2.5
17,1,23,3.69736146927,2.5
17,1,106,2.89276099205,2.75
17,1,106,3.03342819214,2.75
17,1,65,1.62572097778,1.25
17,1,65,1.81189119816,1.25
17,1,50,2.44768977165,3.75
17,1,50,2.74931097031,3.75
17,1,9,1.8982656002,1.5
17,1,9,2.3430211544,1.5
17,1,108,2.37474942207,2.5
17,1,108,3.06999850273,2.5
17,1,67,1.87437832355,3.0
17,1,67,2.2011578083,3.0
17,1,52,2.38384032249,2.75
17,1,52,3.16424584389,2.75
17,1,11,2.0281829834,1.5
17,1,11,2.54677939415,1.5
17,1,110,2.13795018196,3.5
17,1,110,2.15633630753,3.5
17,1,69,2.36628365517,2.5
17,1,69,2.33955740929,2.5
17,1,54,2.44225144386,3.25
17,1,54,3.04104995728,3.25
17,1,96,2.55158305168,1.5
17,1,96,2.85150265694,1.5
17,1,40,2.80731892586,3.0
17,1,40,3.02812385559,3.0
17,1,98,2.47720122337,3.5
17,1,98,2.4407043457,3.5
17,1,42,2.08470582962,3.75
17,1,42,2.19932460785,3.75
17,1,100,3.14370846748,2.75
17,1,100,3.35130572319,2.75
17,1,44,2.96453523636,3.5
17,1,44,3.05018234253,3.5
17,1,102,2.51770949364,3.75
17,1,102,3.22847414017,3.75
17,1,46,2.35048699379,4.0
17,1,46,2.28479552269,4.0
17,1,5,2.58856248856,2.75
17,1,5,2.76494169235,2.75
17,1,88,3.02963399887,4.25
17,1,88,3.3007543087,4.25
17,1,32,2.70855402946,4.5
17,1,32,2.89193129539,4.5
17,1,7,2.57103943825,2.75
17,1,7,2.49737071991,2.75
17,1,90,2.42754650116,5.5
17,1,90,2.24657845497,5.5
17,1,34,2.21163678169,3.25
17,1,34,2.31276845932,3.25
17,1,92,2.51648402214,5.25
17,1,92,2.35743355751,5.25
17,1,36,2.5922908783,2.75
17,1,36,2.84468269348,2.75
17,1,94,2.99380517006,3.5
17,1,94,3.23252153397,3.5
17,1,38,2.93672275543,2.25
17,1,38,3.34018421173,2.25
17,1,80,3.14658045769,4.25
17,1,80,3.31576299667,4.25
17,1,24,2.88517928123,3.25
17,1,24,2.9055981636,3.25
17,1,82,2.43759179115,5.0
17,1,82,2.37332630157,5.0
17,1,26,2.59003424644,3.0
17,1,26,3.2698431015,3.0
17,1,84,3.10087990761,4.25
17,1,84,3.35765004158,4.25
17,1,28,3.06240415573,4.25
17,1,28,3.30136919022,4.25
17,1,86,2.33339476585,4.0
17,1,86,2.61864185333,4.0
17,1,59,1.79133522511,2.5
17,1,59,1.96724748611,2.5
17,1,30,2.23744773865,5.25
17,1,30,2.30893802643,5.25
17,1,72,2.30110216141,5.25
17,1,72,2.2287812233,5.25
17,1,61,2.90380358696,2.25
17,1,61,2.96442985535,2.25
17,1,74,2.93638134003,3.25
17,1,74,3.28857040405,3.25
17,1,63,2.88741493225,1.75
17,1,63,2.76856303215,1.75
17,1,18,2.58530807495,2.75
17,1,18,2.81858468056,2.75
17,1,105,2.57597327232,3.75
17,1,105,3.2009408474,3.75
17,1,76,2.43706417084,4.5
17,1,76,2.3290040493,4.5
17,1,20,2.33341908455,3.5
17,1,20,2.58302640915,3.5
17,1,107,2.79769802094,3.25
17,1,107,3.25100874901,3.25
17,1,78,2.29588031769,4.25
17,1,78,2.2295320034,4.25
17,1,51,2.84915328026,3.0
17,1,51,3.35090184212,3.0
17,1,22,2.69733309746,3.0
17,1,22,2.98684215546,3.0
17,1,109,2.40856385231,2.5
17,1,109,2.76913499832,2.5
17,1,64,2.72742915154,1.0
17,1,64,2.72121572495,1.0
17,1,53,3.00316905975,2.75
17,1,53,3.43281197548,2.75
17,1,8,2.78148674965,2.75
17,1,8,3.02774405479,2.75
17,1,111,2.26641535759,2.0
17,1,111,2.41584467888,2.0
17,1,66,2.2351732254,0.75
17,1,66,2.09608006477,0.75
17,1,55,2.57806611061,2.5
17,1,55,2.7040719986,2.5
17,1,10,1.90945017338,1.5
17,1,10,2.37914800644,1.5
17,1,97,2.83193826675,2.5
17,1,97,2.80018019676,2.5
17,1,68,1.84860742092,3.75
17,1,68,2.30872607231,3.75
17,1,41,2.57079076767,3.25
17,1,41,2.6704351902,3.25
17,1,12,3.00513148308,2.25
17,1,12,3.01476550102,2.25
17,1,99,3.05222034454,3.5
17,1,99,3.43343353271,3.5
17,1,43,3.01243185997,4.25
17,1,43,3.27618145943,4.25
17,1,14,2.65191292763,1.5
17,1,14,2.94332194328,1.5
17,1,101,2.8177318573,3.0
17,1,101,2.8797326088,3.0
17,1,45,2.57126164436,3.0
17,1,45,2.78731799126,3.0
17,1,103,2.42204618454,3.0
17,1,103,3.21868872643,3.0
17,1,89,2.48483681679,3.25
17,1,89,2.54607820511,3.25
17,1,33,2.28489112854,3.75
17,1,33,2.98273348808,3.75
17,1,4,2.15328860283,2.75
17,1,4,2.17401623726,2.75
17,1,91,2.81947875023,3.5
17,1,91,3.3276219368,3.5
17,1,35,2.81400537491,2.5
17,1,35,2.92979860306,2.5
17,1,6,1.94555795193,2.75
17,1,6,2.61077165604,2.75
17,1,93,2.08216905594,3.5
17,1,93,2.46533465385,3.5
17,1,37,3.17938232422,2.5
17,1,37,3.34653258324,2.5
17,1,95,3.04041075706,5.25
17,1,95,3.12140798569,5.25
17,1,39,2.02577662468,4.5
17,1,39,2.02114748955,4.5
17,1,81,2.19352316856,4.5
17,1,81,2.85595965385,4.5
17,1,25,2.49228215218,3.75
17,1,25,2.38507318497,3.75
17,1,83,2.28308773041,3.5
17,1,83,2.82371330261,3.5
17,1,27,3.05476951599,4.5
17,1,27,3.3117017746,4.5
17,1,85,2.61491250992,4.75
17,1,85,2.80615973473,4.75
17,1,29,3.09200549126,4.0
17,1,29,3.2194943428,4.0
18,1,94,0.714681625366,2.5
18,1,94,0.747802734375,2.5
18,1,20,0.783702254295,2.75
18,1,20,0.766602635384,2.75
18,1,49,0.837270438671,1.5
18,1,49,0.758461713791,1.5
18,1,92,0.766255617142,2.25
18,1,92,0.846043765545,2.25
18,1,18,0.802264511585,2.75
18,1,18,0.768308877945,2.75
18,1,47,1.01844799519,1.75
18,1,47,1.12039852142,1.75
18,1,90,1.13498342037,2.5
18,1,90,1.07357180119,2.5
18,1,16,1.03166222572,2.33333
18,1,16,1.11053419113,2.33333
18,1,45,0.880762577057,4.75
18,1,45,0.897301614285,4.75
18,1,88,0.707631587982,2.75
18,1,88,0.81220471859,2.75
18,1,43,0.835928976536,4.25
18,1,43,0.868728458881,4.25
18,1,86,0.817459046841,2.5
18,1,86,0.76088988781,2.5
18,1,12,1.01112782955,6.0
18,1,12,0.924750268459,6.0
18,1,41,0.925054311752,4.0
18,1,41,0.803044259548,4.0
18,1,84,0.836437404156,4.5
18,1,84,0.881614744663,4.5
18,1,10,0.815487444401,1.75
18,1,10,0.781387925148,1.75
18,1,39,0.902327656746,4.0
18,1,39,0.920030653477,4.0
18,1,82,0.83753234148,3.25
18,1,82,0.80325782299,3.25
18,1,111,0.727828025818,2.75
18,1,111,0.849998056889,2.75
18,1,8,0.465286821127,2.25
18,1,8,0.575912237167,2.25
18,1,37,0.772857546806,2.75
18,1,37,0.739622473717,2.75
18,1,80,0.732957839966,3.5
18,1,80,0.78541046381,3.5
18,1,109,0.963850677013,3.0
18,1,109,0.806169390678,3.0
18,1,6,0.98310226202,3.5
18,1,6,0.812800884247,3.5
18,1,35,0.805924832821,2.25
18,1,35,0.825282633305,2.25
18,1,78,0.62301838398,2.0
18,1,78,0.891500413418,2.0
18,1,107,0.773929417133,3.0
18,1,107,0.730132341385,3.0
18,1,4,0.911142647266,3.0
18,1,4,0.829834759235,3.0
18,1,33,0.832073628902,1.0
18,1,33,0.905448615551,1.0
18,1,76,0.632397472858,2.0
18,1,76,0.82571387291,2.0
18,1,105,0.746608436108,1.75
18,1,105,0.708518087864,1.75
18,1,2,0.975400209427,4.25
18,1,2,0.846799373627,4.25
18,1,74,1.05392825603,1.5
18,1,74,1.09830486774,1.5
18,1,103,0.907852470875,2.0
18,1,103,0.871092200279,2.0
18,1,101,0.732660472393,2.25
18,1,101,0.853182554245,2.25
18,1,62,0.950147867203,1.5
18,1,62,1.06707370281,1.5
18,1,99,1.08727300167,2.5
18,1,99,1.08238911629,2.5
18,1,60,0.962297379971,1.0
18,1,60,1.1133903265,1.0
18,1,68,1.01839506626,2.5
18,1,68,1.04426038265,2.5
18,1,97,0.693508148193,3.25
18,1,97,0.726590394974,3.25
18,1,66,1.03962802887,1.75
18,1,66,1.09725189209,1.75
18,1,31,0.843273818493,3.75
18,1,31,0.797033250332,3.75
18,1,56,0.793932855129,3.25
18,1,56,0.860174536705,3.25
18,1,64,0.722276866436,2.25
18,1,64,0.777272164822,2.25
18,1,29,0.957891702652,3.75
18,1,29,0.825277864933,3.75
18,1,54,1.01451277733,1.25
18,1,54,1.06357097626,1.25
18,1,27,0.847918510437,3.75
18,1,27,0.782362043858,3.75
18,1,25,0.995609104633,3.0
18,1,25,0.865235328674,3.0
18,1,50,0.973724961281,2.25
18,1,50,1.06924116611,2.25
18,1,23,0.914246499538,2.5
18,1,23,0.707226753235,2.5
18,1,48,0.779738903046,1.75
18,1,48,0.796719670296,1.75
18,1,95,0.896644353867,4.25
18,1,95,0.923953235149,4.25
18,1,21,0.877175629139,2.5
18,1,21,0.820806264877,2.5
18,1,46,0.993809223175,2.25
18,1,46,0.791033387184,2.25
18,1,93,0.827877759933,2.0
18,1,93,0.813310086727,2.0
18,1,19,0.834979474545,2.75
18,1,19,0.894475460052,2.75
18,1,44,0.918192327023,2.5
18,1,44,0.820964515209,2.5
18,1,91,0.812400460243,2.5
18,1,91,0.823460578918,2.5
18,1,17,0.889215648174,3.0
18,1,17,0.820642769337,3.0
18,1,42,0.871513485909,2.5
18,1,42,0.851498126984,2.5
18,1,89,0.598002076149,2.25
18,1,89,0.833939373493,2.25
18,1,40,0.891863763332,4.0
18,1,40,0.918366670609,4.0
18,1,87,0.728024482727,3.25
18,1,87,0.759660065174,3.25
18,1,112,0.926263988018,1.25
18,1,112,0.831885874271,1.25
18,1,38,0.950474143028,3.5
18,1,38,0.826430261135,3.5
18,1,85,0.66084843874,4.0
18,1,85,0.794896185398,4.0
18,1,110,0.726487755775,1.75
18,1,110,0.79784154892,1.75
18,1,11,0.777124881744,5.75
18,1,11,0.814236819744,5.75
18,1,36,0.727728068829,2.25
18,1,36,0.824527204037,2.25
18,1,83,0.677175819874,3.75
18,1,83,0.853331446648,3.75
18,1,108,0.778648376465,2.5
18,1,108,0.879294574261,2.5
18,1,9,0.901749849319,2.0
18,1,9,0.806243777275,2.0
18,1,34,0.900803625584,2.25
18,1,34,0.915305614471,2.25
18,1,81,0.766610980034,3.75
18,1,81,0.832897603512,3.75
18,1,106,0.877740263939,1.25
18,1,106,0.893945991993,1.25
18,1,7,0.889059841633,2.5
18,1,7,1.00727713108,2.5
18,1,32,0.791806340218,1.25
18,1,32,0.813114285469,1.25
18,1,79,0.655315577984,2.25
18,1,79,0.829504728317,2.25
18,1,104,0.808500409126,3.25
18,1,104,0.770270824432,3.25
18,1,5,0.81201505661,1.5
18,1,5,0.735166251659,1.5
18,1,77,1.05207359791,1.0
18,1,77,1.06378090382,1.0
18,1,102,0.867858707905,2.25
18,1,102,0.773902893066,2.25
18,1,3,0.984341263771,2.25
18,1,3,0.95355284214,2.25
18,1,75,0.586268305779,1.0
18,1,75,0.802152633667,1.0
18,1,100,0.710979163647,3.75
18,1,100,0.816098690033,3.75
18,1,73,0.657945811749,2.0
18,1,73,0.836469113827,2.0
18,1,98,0.671501457691,2.25
18,1,98,0.819923460484,2.25
18,1,96,0.796490550041,2.5
18,1,96,0.776619911194,2.5
18,1,61,0.932348608971,3.25
18,1,61,1.0413582325,3.25
18,1,69,1.05704128742,1.0
18,1,69,1.17282783985,1.0
18,1,30,0.805106043816,2.75
18,1,30,0.733698785305,2.75
18,1,59,0.719274699688,1.66667
18,1,59,0.799178123474,1.66667
18,1,67,0.679140686989,1.0
18,1,67,0.730946600437,1.0
18,1,28,0.898795545101,3.25
18,1,28,0.858955383301,3.25
18,1,65,1.02876675129,1.0
18,1,65,1.11738753319,1.0
18,1,26,0.747105717659,2.75
18,1,26,0.773241579533,2.75
18,1,55,0.893109619617,1.75
18,1,55,0.806872010231,1.75
18,1,24,0.714630663395,3.25
18,1,24,0.73334723711,3.25
18,1,53,0.879032790661,3.25
18,1,53,0.854955673218,3.25
18,1,22,0.928310036659,3.75
18,1,22,0.815697669983,3.75
18,1,51,1.04135465622,1.25
18,1,51,1.08531796932,1.25
