3,1,1,2.0858,3.875
3,1,1,2.7173,3.875
3,1,2,1.3773,4.5
3,1,2,2.7513,4.5
3,1,3,1.5996,3.0
3,1,3,2.3172,3.0
3,1,4,1.2921,3.25
3,1,4,2.2707,3.25
3,1,5,1.1024,6.0
3,1,5,1.9769,6.0
3,1,6,1.0281,4.5
3,1,6,1.9925,4.5
3,1,7,1.3138,4.75
3,1,7,2.1671,4.75
3,1,8,1.2863,3.5
3,1,8,2.1399,3.5
3,1,10,1.1496,2.875
3,1,10,2.2844,2.875
3,1,14,1.2395,3.75
3,1,14,2.8664,3.75
3,1,15,1.1605,5.0
3,1,15,2.3502,5.0
3,1,16,1.1201,4.75
3,1,16,2.2502,4.75
3,1,17,1.1769,5.0
3,1,17,2.0792,5.0
3,1,18,0.9256,3.75
3,1,18,2.0424,3.75
3,1,20,0.9515,2.5
3,1,20,1.9056,2.5
3,1,21,1.1242,4.5
3,1,21,2.2726,4.5
3,1,22,1.4369,4.83333
3,1,22,2.1648,4.83333
3,1,24,1.2639,4.5
3,1,24,1.7790,4.5
3,1,25,1.1992,5.5
3,1,25,2.4286,5.5
3,1,26,1.1705,4.0
3,1,26,2.4040,4.0
3,1,27,1.2830,5.25
3,1,27,2.5920,5.25
3,1,28,0.9144,4.75
3,1,28,2.2945,4.75
3,1,29,1.3241,1.25
3,1,29,2.7422,1.25
3,1,30,0.8217,4.5
3,1,30,2.8426,4.5
3,1,33,0.9784,3.0
3,1,33,2.3474,3.0
3,1,34,0.9722,4.125
3,1,34,2.1267,4.125
3,1,35,1.1145,4.375
3,1,35,2.2138,4.375
3,1,40,1.0767,5.0
3,1,40,2.8178,5.0
3,1,43,0.8657,4.0
3,1,43,2.5964,4.0
3,1,44,0.8302,3.0
3,1,44,2.6448,3.0
3,1,45,0.9326,4.25
3,1,45,2.8059,4.25
3,1,46,0.7643,5.0
3,1,46,2.7250,5.0
3,1,47,0.9148,4.25
3,1,47,2.6348,4.25
3,1,48,1.1158,2.5
3,1,48,2.5066,2.5
3,1,49,0.9686,5.0
3,1,49,2.6400,5.0
3,1,50,0.9545,4.66667
3,1,50,2.9018,4.66667
3,1,51,0.8027,4.5
3,1,51,2.4490,4.5
3,1,52,0.9471,3.5
3,1,52,2.8508,3.5
3,1,55,1.4726,3.25
3,1,55,2.7964,3.25
3,1,56,1.0719,4.0
3,1,56,2.6517,4.0
3,1,57,1.0404,4.875
3,1,57,2.8694,4.875
3,1,58,1.1095,4.5
3,1,58,2.8987,4.5
3,1,59,1.2322,5.5
3,1,59,2.8742,5.5
3,1,60,0.9636,5.5
3,1,60,3.0090,5.5
3,1,61,1.1849,5.5
3,1,61,3.0959,5.5
3,1,62,1.2977,4.375
3,1,62,2.5988,4.375
3,1,63,1.0439,4.75
3,1,63,2.4696,4.75
3,1,64,0.9754,5.75
3,1,64,2.8037,5.75
3,1,65,1.0272,6.25
3,1,65,2.9343,6.25
3,1,66,1.4042,3.0
3,1,66,2.5896,3.0
3,1,70,0.9278,2.75
3,1,70,2.7604,2.75
3,1,71,1.1075,2.0
3,1,71,2.6527,2.0
3,1,73,1.0161,3.0
3,1,73,2.5916,3.0
3,1,74,1.1652,4.0
3,1,74,2.2621,4.0
3,1,75,1.1009,4.0
3,1,75,1.8933,4.0
3,1,78,1.0019,5.25
3,1,78,2.3355,5.25
3,1,79,1.1060,5.25
3,1,79,2.9796,5.25
3,1,80,1.0415,2.75
3,1,80,3.0293,2.75
3,1,81,0.9873,2.75
3,1,81,2.1230,2.75
3,1,82,0.8412,3.0
3,1,82,3.0996,3.0
3,1,83,0.7756,4.5
3,1,83,2.8862,4.5
3,1,84,0.6959,3.75
3,1,84,2.7604,3.75
3,1,85,0.7633,2.0
3,1,85,2.7971,2.0
3,1,86,0.8143,4.25
3,1,86,2.6468,4.25
3,1,87,1.1875,4.25
3,1,87,2.5495,4.25
3,1,88,0.9931,4.0
3,1,88,2.7513,4.0
3,1,89,1.2609,4.25
3,1,89,2.5047,4.25
3,1,90,1.1475,3.75
3,1,90,2.4314,3.75
3,1,91,0.7721,4.0
3,1,91,2.4851,4.0
3,1,92,0.6793,3.5
3,1,92,1.8772,3.5
3,1,93,0.8276,3.25
3,1,93,2.3499,3.25
3,1,94,0.8729,3.25
3,1,94,2.6354,3.25
3,1,95,0.7989,3.75
3,1,95,2.8521,3.75
3,1,96,0.9593,3.875
3,1,96,2.7342,3.875
3,1,97,0.8215,1.25
3,1,97,2.3066,1.25
3,1,98,0.9833,1.75
3,1,98,2.5161,1.75
3,1,99,0.9615,1.5
3,1,99,2.6890,1.5
3,1,100,0.8436,2.375
3,1,100,2.1018,2.375
3,1,101,0.9499,4.375
3,1,101,2.1513,4.375
3,1,102,1.0491,5.25
3,1,102,1.4726,5.25
3,1,103,0.7627,1.5
3,1,103,2.6484,1.5
3,1,104,0.8499,3.5
3,1,104,2.1058,3.5
3,1,105,0.7669,1.25
3,1,105,2.1998,1.25
3,1,106,0.9000,2.75
3,1,106,2.0868,1.875
3,2,2,2.5780,1.875
3,2,2,2.9053,3.25
3,2,5,2.7918,3.25
3,2,5,2.7712,5.25
3,2,6,2.6146,5.25
3,2,6,3.0341,6.0
3,2,7,3.0556,6.0
3,2,7,3.0859,6.0
3,2,8,2.8966,6.0
3,2,8,2.9762,4.5
3,2,9,2.2328,4.5
3,2,9,2.8649,4.0
3,2,10,2.4451,4.0
3,2,10,2.9367,4.125
3,2,11,2.2530,4.125
3,2,11,2.9642,5.25
3,2,12,2.4345,5.25
3,2,12,2.8939,5.0
3,2,13,2.4846,5.0
3,2,13,3.0018,3.75
3,2,14,2.2416,3.75
3,2,14,2.1746,2.5
3,2,26,1.9337,2.5
3,2,26,2.2197,4.0
3,2,27,1.8215,4.0
3,2,27,2.3345,4.0
3,2,28,1.7942,4.0
3,2,28,2.3424,4.0
3,2,29,1.7346,4.0
3,2,29,2.3662,3.625
3,2,30,2.0385,3.625
3,2,30,2.3990,3.25
3,2,31,1.9691,3.25
3,2,31,2.4228,3.25
3,2,32,1.9106,3.25
3,2,32,1.9877,3.5
3,2,34,1.8643,3.5
3,2,34,2.1838,3.875
3,2,35,1.6593,3.875
3,2,35,1.8401,2.75
3,2,36,1.7234,2.75
3,2,36,2.1433,2.25
3,2,37,2.1590,2.25
3,2,37,2.2962,3.25
3,2,38,1.8142,3.25
3,2,38,2.0360,4.25
3,2,39,1.7385,4.25
3,2,39,1.9979,2.75
3,2,40,1.7819,2.75
3,2,40,2.2804,3.5
3,2,41,1.5697,3.5
3,2,41,2.2419,2.5
3,2,42,1.8752,2.5
3,2,42,2.0657,4.0
3,2,43,1.7719,4.0
3,2,43,2.3102,5.0
3,2,44,2.0478,5.0
3,2,44,2.3310,3.25
3,2,45,1.5058,3.25
3,2,45,2.0086,4.5
3,2,46,1.7531,4.5
3,2,46,1.9280,3.875
3,2,47,1.8271,3.875
3,2,47,2.9818,4.25
3,2,48,1.8816,4.25
3,2,48,2.1314,3.75
3,2,50,1.8202,3.75
3,2,50,2.3587,4.0
3,2,51,2.1714,4.0
3,2,51,2.3334,1.5
3,2,52,1.5614,1.5
3,2,52,2.3719,4.5
3,2,53,1.3754,4.5
3,2,53,2.1354,3.33333
3,2,55,2.0797,3.33333
3,2,55,2.0331,4.25
3,2,56,1.4864,4.25
3,2,56,1.7234,2.25
3,2,59,2.2519,2.25
3,2,59,2.6030,3.75
3,2,60,2.5776,3.75
3,2,60,2.4810,4.375
3,2,61,2.0027,4.375
3,2,61,2.7398,5.25
3,2,62,2.1515,5.25
3,2,62,2.2392,1.25
3,2,63,2.0436,1.25
3,2,63,2.3683,2.375
3,2,64,1.9580,2.375
3,2,64,2.8682,3.75
3,2,66,1.9062,3.75
3,2,66,2.5175,5.25
3,2,67,1.7829,5.25
3,2,67,2.7284,5.5
3,2,68,1.9608,5.5
3,2,68,2.2812,1.25
3,2,69,1.9750,1.25
3,2,69,2.2979,3.66667
3,2,70,1.8560,3.66667
3,2,70,2.4480,2.375
3,2,71,1.7774,2.375
3,2,71,2.5871,3.75
3,2,73,2.0335,3.75
3,2,73,2.2758,2.75
3,2,78,1.8445,2.75
3,2,78,2.6905,3.75
3,2,79,1.7263,3.75
3,2,79,2.6222,4.75
3,2,80,1.9581,4.75
3,2,80,2.4581,4.375
3,2,81,1.5827,4.375
3,2,81,2.3186,3.25
3,2,82,1.4078,3.25
3,2,82,2.5846,4.25
3,2,83,1.7576,4.25
3,2,83,2.5863,4.0
3,2,84,1.5595,4.0
3,2,84,2.4550,3.25
3,2,85,1.2354,3.25
3,2,85,2.3753,2.75
3,2,86,1.8027,2.75
3,2,86,2.5993,3.75
3,2,87,1.7016,3.75
3,2,87,2.3072,4.0
3,2,88,1.8107,4.0
3,2,88,2.4608,4.25
3,2,90,1.8861,4.25
3,2,90,2.3734,4.5
3,2,91,1.8552,4.5
3,2,91,2.3923,3.75
3,2,94,1.6059,3.75
3,2,94,2.2871,1.5
3,2,95,1.7464,1.5
3,2,95,2.0189,3.125
3,2,96,1.5879,3.125
3,2,96,2.4700,5.0
3,2,97,1.8198,5.0
3,2,97,2.6091,4.5
3,2,98,1.8000,4.5
3,2,98,2.1648,2.625
3,2,99,1.7687,2.625
3,2,99,2.7371,1.25
3,2,100,1.8551,1.25
3,2,100,2.4829,3.125
3,2,101,2.2274,3.125
3,2,101,2.5239,2.0
3,2,102,1.9556,2.0
3,2,102,2.4997,4.0
3,2,103,2.1841,4.0
3,2,103,2.2418,3.5
3,2,104,1.6227,3.5
3,2,104,2.3192,3.5
3,2,105,1.5141,3.5
3,2,105,2.4108,3.875
3,2,106,1.7028,3.875
3,2,106,2.6001,4.625
3,2,107,1.6923,4.625
3,2,107,2.6333,4.0
3,2,108,1.3475,4.0
3,2,108,2.4497,4.25
3,2,110,1.7978,4.25
3,2,110,2.0976,3.5
3,2,111,1.1865,3.5
3,2,111,2.3200,3.0
4,1,23,1.7181,1.0
4,1,23,3.2320,1.0
4,1,30,3.2404,1.125
4,1,30,2.8623,1.125
4,1,31,2.7771,2.25
4,1,31,2.7494,2.25
4,1,32,3.5069,1.5
4,1,32,2.8192,1.5
4,1,33,2.4924,1.5
4,1,33,2.7816,1.5
4,1,34,2.7714,1.5
4,1,34,2.6570,1.5
4,1,35,2.4679,1.75
4,1,35,2.8623,1.75
4,1,36,2.3265,0.875
4,1,36,2.4705,0.875
4,1,37,2.4264,2.25
4,1,37,2.6808,2.25
4,1,38,2.7513,2.5
4,1,38,2.6584,2.5
4,1,39,2.6574,2.5
4,1,39,2.7820,2.5
4,1,40,3.0211,4.0
4,1,40,2.6351,4.0
4,1,41,2.7305,2.5
4,1,41,2.7044,2.5
4,1,42,3.7251,1.75
4,1,42,2.1519,1.75
4,1,45,2.7375,2.125
4,1,45,2.3802,2.125
4,1,46,2.3987,3.75
4,1,46,2.5523,3.75
4,1,48,2.9835,1.5
4,1,48,2.5314,1.5
4,1,49,2.6942,4.25
4,1,49,2.5949,4.25
4,1,50,2.4329,2.0
4,1,50,2.5198,2.0
4,1,51,2.5229,2.75
4,1,51,2.5515,2.75
4,1,52,2.5623,3.25
4,1,52,2.4218,3.25
4,1,54,2.8653,3.375
4,1,54,2.4904,3.375
4,1,55,2.4404,2.5
4,1,55,2.3609,2.5
4,1,56,2.5853,2.0
4,1,56,2.3784,2.0
4,1,57,2.1391,2.75
4,1,57,2.5350,2.75
4,1,58,2.4681,2.25
4,1,58,2.4611,2.25
4,1,59,3.0827,1.875
4,1,59,2.4496,1.875
4,1,63,2.6963,1.0
4,1,63,1.6710,1.0
4,1,64,3.3822,3.5
4,1,64,1.8208,3.5
4,1,65,2.0769,4.75
4,1,65,1.4478,4.75
4,1,66,2.1764,1.0
4,1,66,1.6594,1.0
4,1,67,2.6694,1.75
4,1,67,1.7090,1.75
4,1,68,3.5615,5.5
4,1,68,1.7647,5.5
4,1,69,2.9563,5.5
4,1,69,1.7069,5.5
4,1,70,3.2544,5.25
4,1,70,1.7045,5.25
4,1,71,3.3069,2.125
4,1,71,1.8552,2.125
4,1,72,3.5363,2.375
4,1,72,2.1610,2.375
4,1,73,2.7474,4.25
4,1,73,1.9497,4.25
4,1,74,3.7413,3.5
4,1,74,2.0498,3.5
4,1,75,3.4798,4.75
4,1,75,2.1274,4.75
4,1,77,2.0435,2.625
4,1,77,2.2721,2.625
4,1,99,3.2618,2.375
4,1,99,1.9877,2.375
4,1,102,2.7248,1.5
4,1,102,1.8098,1.5
4,1,104,3.0291,1.25
4,1,104,2.0074,1.25
4,1,105,3.3520,3.625
4,1,105,2.0817,3.625
4,1,110,3.5650,4.0
4,1,110,1.8440,4.0
4,1,111,3.7057,3.5
4,1,111,1.5217,3.5
4,1,112,3.1506,1.0
7,1,1,3.3898,3.5
7,1,1,3.0859,3.5
7,1,2,3.7457,5.5
7,1,2,3.4370,5.5
7,1,3,3.5815,4.75
7,1,3,3.3278,4.75
7,1,4,4.8392,3.25
7,1,4,3.4770,3.25
7,1,5,4.8455,4.75
7,1,5,3.3613,4.75
7,1,7,3.5655,2.25
7,1,7,2.6317,2.25
7,1,8,3.3709,4.5
7,1,8,2.7598,4.5
7,1,9,2.1396,2.0
7,1,9,2.7768,2.0
7,1,10,2.2426,2.75
7,1,10,2.4875,2.75
7,1,11,2.8145,1.75
7,1,11,3.3637,1.75
7,1,12,2.3666,5.0
7,1,12,2.9341,5.0
7,1,13,2.7071,3.0
7,1,13,2.8072,3.0
7,1,14,2.0320,1.75
7,1,14,3.1359,1.75
7,1,18,3.7465,6.0
7,1,18,3.6010,6.0
7,1,19,4.0066,4.75
7,1,19,3.9361,4.75
7,1,20,4.3770,5.25
7,1,20,3.4125,5.25
7,1,22,3.6474,3.75
7,1,22,4.1065,3.75
7,1,23,3.4165,4.0
7,1,23,3.3116,4.0
7,1,24,2.8711,5.0
7,1,24,3.5810,5.0
7,1,25,3.0164,4.5
7,1,25,3.8544,4.5
7,1,26,3.7319,3.0
7,1,26,3.2447,3.0
7,1,27,3.8512,4.25
7,1,27,3.8631,4.25
7,1,28,3.6723,5.25
7,1,28,3.6190,5.25
7,1,29,3.1378,4.25
7,1,29,3.7087,4.25
7,1,30,3.5183,3.0
7,1,30,3.6762,3.0
7,1,31,3.6502,4.5
7,1,31,3.8184,4.5
7,1,32,4.1260,3.75
7,1,32,3.8960,3.75
7,1,33,3.9183,4.75
7,1,33,3.6050,4.75
7,1,34,2.9346,5.5
7,1,34,3.7955,5.5
7,1,35,3.2689,6.0
7,1,35,3.3899,6.0
7,1,36,3.9785,4.25
7,1,36,3.7321,4.25
7,1,37,4.2257,4.25
7,1,37,3.7890,4.25
7,1,38,3.4375,3.5
7,1,38,3.0650,3.5
7,1,39,3.5432,5.5
7,1,39,2.9995,5.5
7,1,40,3.6711,5.5
7,1,40,3.7028,5.5
7,1,41,3.7810,4.75
7,1,41,3.2076,4.75
7,1,42,3.6810,3.0
7,1,42,3.5523,3.0
7,1,43,3.3765,3.5
7,1,43,3.7690,3.5
7,1,44,4.0541,6.25
7,1,44,2.8683,6.25
7,1,45,3.4664,4.5
7,1,45,3.0882,4.5
7,1,46,3.6262,4.0
7,1,46,3.1638,4.0
7,1,47,3.5461,4.5
7,1,47,3.4069,4.5
7,1,48,3.0846,1.5
7,1,48,3.4215,1.5
7,1,49,2.7588,4.5
7,1,49,3.3224,4.5
7,1,50,3.6004,5.0
7,1,50,3.6545,5.0
7,1,51,4.0478,3.5
7,1,51,3.2986,3.5
7,1,52,3.4639,0.75
7,1,52,3.5047,0.75
7,1,53,3.9535,5.5
7,1,53,3.4120,5.5
7,1,55,2.8473,2.5
7,1,55,2.8519,2.5
7,1,57,3.8997,4.25
7,1,57,2.9481,4.25
7,1,58,2.8118,6.0
7,1,58,2.7630,6.0
7,1,59,2.7505,5.25
7,1,59,2.5685,5.25
7,1,60,2.6347,3.25
7,1,60,2.5888,3.25
7,1,61,2.8254,5.0
7,1,61,2.9930,5.0
7,1,62,3.1706,4.5
7,1,62,2.8384,4.5
7,1,63,2.5178,5.5
7,1,63,2.9104,5.5
7,1,64,1.5178,5.0
7,1,64,2.3496,5.0
7,1,65,1.4530,5.25
7,1,65,1.7526,5.25
7,1,66,3.0386,4.25
7,1,66,2.6064,4.25
7,1,67,1.3197,4.75
7,1,67,2.1817,4.75
7,1,68,2.4849,4.25
7,1,68,2.3385,4.25
7,1,69,3.2318,5.5
7,1,69,2.8670,5.5
7,1,70,3.7394,5.5
7,1,70,3.1614,5.5
7,1,71,3.3321,4.75
7,1,71,3.2293,4.75
7,1,72,3.1264,2.0
7,1,72,2.6972,2.0
7,1,73,3.0911,1.0
7,1,73,2.5358,1.0
7,1,74,2.6451,4.25
7,1,74,3.1884,4.25
7,1,75,3.0310,4.75
7,1,75,2.4660,4.75
7,1,76,3.2199,2.75
7,1,76,3.1981,2.75
7,1,78,3.6816,4.0
7,1,78,2.8943,4.0
7,1,79,3.2840,3.0
7,1,79,2.3050,3.0
7,1,80,2.7296,2.0
7,1,80,2.5861,2.0
7,1,81,3.7780,4.0
7,1,81,2.7355,4.0
7,1,82,3.5502,5.25
7,1,82,2.3391,5.25
7,1,83,4.0882,4.75
7,1,83,2.8186,4.75
7,1,84,2.8398,4.75
7,1,84,3.1246,4.75
7,1,86,2.9867,3.25
7,1,86,2.6903,3.25
7,1,88,3.3762,6.5
7,1,88,2.9647,6.5
7,1,90,4.8425,4.0
7,1,90,2.3852,4.0
7,1,92,2.7517,5.75
7,1,92,3.3677,5.75
7,1,93,3.7866,4.25
7,1,93,3.0046,4.25
7,1,94,3.8238,3.0
7,1,94,2.8282,3.0
7,1,95,4.5485,4.75
7,1,95,3.4719,4.75
7,1,96,4.2406,5.5
7,1,96,2.9461,5.5
7,1,97,4.0701,5.5
7,1,97,2.7699,5.5
7,1,98,3.6973,3.25
7,1,98,2.8653,3.25
7,1,101,3.0902,4.0
7,1,101,2.8705,4.0
7,1,102,3.9772,4.25
7,1,102,2.2963,4.25
7,1,103,4.3420,3.25
7,1,103,2.7097,3.25
7,1,104,2.0512,4.75
7,1,104,2.2434,4.75
7,1,105,1.7975,4.75
7,1,105,2.7269,4.75
7,1,106,3.4623,4.75
7,1,106,3.2552,4.75
7,1,109,2.2293,6.25
7,1,109,2.9950,4.25
7,2,1,3.6172,4.25
7,2,1,2.3332,2.75
7,2,2,3.5126,2.75
7,2,2,3.2289,5.75
7,2,3,4.2825,5.75
7,2,3,3.1785,3.0
7,2,4,4.4617,3.0
7,2,4,3.1166,3.25
7,2,5,4.4385,3.25
7,2,5,4.3134,4.0
7,2,6,4.5531,4.0
7,2,6,3.4173,5.0
7,2,7,4.7565,5.0
7,2,7,3.0322,4.0
7,2,8,3.8293,4.0
7,2,8,2.9738,4.0
7,2,9,4.2271,4.0
7,2,9,2.6211,4.0
7,2,10,4.5427,4.0
7,2,10,1.3672,2.75
7,2,11,3.6442,2.75
7,2,11,2.1759,4.25
7,2,12,3.6747,4.25
7,2,12,3.4553,4.75
7,2,13,4.0348,4.75
7,2,13,3.1042,5.5
7,2,14,4.9563,5.5
7,2,14,3.4914,5.0
7,2,16,4.6484,5.0
7,2,16,3.1274,6.0
7,2,17,3.8169,6.0
7,2,17,3.3382,3.5
7,2,18,4.9038,3.5
7,2,18,2.9553,4.5
7,2,19,4.6024,4.5
7,2,19,3.2157,5.5
7,2,20,3.7270,5.5
7,2,20,3.2974,1.5
7,2,21,3.7533,1.5
7,2,21,2.7454,3.0
7,2,22,3.7100,3.0
7,2,22,3.6002,1.75
7,2,23,4.6507,1.75
7,2,23,3.2251,3.75
7,2,24,3.8759,3.75
7,2,24,2.7852,4.75
7,2,25,3.7351,4.75
7,2,25,3.2295,4.25
7,2,26,4.9383,4.25
7,2,26,3.4407,4.25
7,2,27,4.7827,4.25
7,2,27,2.3694,5.75
7,2,28,3.9651,5.75
7,2,28,3.0703,1.75
7,2,29,4.4060,1.75
7,2,29,3.0515,3.0
7,2,30,3.7720,3.0
7,2,30,3.2260,3.75
7,2,31,4.3663,3.75
7,2,31,2.5746,4.5
7,2,32,3.9320,4.5
7,2,32,2.5343,1.5
7,2,33,4.0265,1.5
7,2,33,2.4621,4.25
7,2,34,4.0945,4.25
7,2,34,2.0394,3.5
7,2,35,4.2469,3.5
7,2,35,3.3462,2.5
7,2,36,3.4529,2.5
7,2,36,2.8390,3.5
7,2,37,4.5125,3.5
7,2,37,2.5364,5.25
7,2,38,3.1130,5.25
7,2,38,3.2447,4.0
7,2,39,3.0625,4.0
7,2,39,2.7035,5.25
7,2,40,4.0497,5.25
7,2,40,2.4077,3.0
7,2,42,3.5029,3.0
7,2,42,2.8514,2.75
7,2,43,4.2290,2.75
7,2,43,2.4436,4.5
7,2,44,3.5513,4.5
7,2,44,1.9450,2.5
7,2,45,3.6353,2.5
7,2,45,2.9612,4.75
7,2,46,3.6767,4.75
7,2,46,2.6437,4.0
7,2,47,4.1877,4.0
7,2,47,2.3940,3.75
7,2,48,4.0719,3.75
7,2,48,2.2672,4.0
7,2,49,3.0140,4.0
7,2,49,2.4046,4.25
7,2,50,3.3674,4.25
7,2,50,2.4773,4.75
7,2,51,3.9512,4.75
7,2,51,3.1686,3.25
7,2,52,4.0093,3.25
7,2,52,2.4134,5.0
7,2,53,3.4447,5.0
7,2,53,3.0136,4.0
7,2,55,3.7783,4.0
7,2,55,3.2518,4.75
7,2,56,3.9796,4.75
7,2,56,2.7281,1.5
7,2,57,3.6303,1.5
7,2,57,2.3723,4.0
7,2,58,3.6184,4.0
7,2,58,2.6097,4.0
7,2,60,2.9677,4.0
7,2,60,1.7882,5.5
7,2,61,2.8862,5.5
7,2,61,2.8796,5.25
7,2,63,3.4493,5.25
7,2,63,3.2239,3.25
7,2,64,4.2623,3.25
7,2,64,2.9565,5.0
7,2,65,3.9184,5.0
7,2,65,1.4428,5.5
7,2,66,2.7742,5.5
7,2,66,2.6556,6.5
7,2,68,2.7014,6.5
7,2,68,3.4910,4.25
7,2,69,4.0226,4.25
7,2,69,2.8492,3.25
7,2,70,3.4369,3.25
7,2,70,3.2829,4.0
7,2,71,3.0064,4.0
7,2,71,3.5144,4.25
7,2,72,3.8074,4.25
7,2,72,3.1072,3.25
7,2,73,2.8515,3.25
7,2,73,3.1823,2.5
7,2,74,3.7127,2.5
7,2,74,3.4277,3.5
7,2,75,3.3153,3.5
7,2,75,3.4683,4.5
7,2,76,3.6075,4.5
7,2,76,3.0561,4.25
7,2,77,3.1865,4.25
7,2,77,2.7932,5.0
7,2,78,3.3959,5.0
7,2,78,3.8303,4.0
7,2,80,3.9160,4.0
7,2,80,4.1859,3.25
7,2,82,3.4888,3.25
7,2,82,2.4891,5.0
7,2,83,3.5959,5.0
7,2,83,3.0564,3.75
7,2,84,3.5243,3.75
7,2,84,2.7353,2.5
7,2,85,3.6386,2.5
7,2,85,2.7178,2.5
7,2,86,3.7450,2.5
7,2,86,2.2431,4.5
7,2,87,3.1526,4.5
7,2,87,2.6805,5.0
7,2,88,3.4732,5.0
7,2,88,2.6645,3.0
7,2,89,3.8995,3.0
7,2,89,2.5466,4.0
7,2,90,3.2255,4.0
7,2,90,2.9431,3.75
7,2,91,3.4781,3.75
7,2,91,3.3292,4.66667
7,2,92,3.8785,4.66667
7,2,92,2.4912,4.75
7,2,93,3.7821,4.75
7,2,93,1.3945,3.25
7,2,94,2.5579,3.25
7,2,94,3.5291,2.5
7,2,95,3.3105,2.5
7,2,95,3.0959,3.5
7,2,96,3.4300,3.5
7,2,96,2.7586,3.0
7,2,97,2.8762,3.0
7,2,97,2.6126,3.75
7,2,98,3.7151,3.75
7,2,98,2.8690,4.25
7,2,99,3.2249,4.25
7,2,99,2.5595,1.75
7,2,100,2.8376,1.75
7,2,100,3.2111,5.25
7,2,102,3.2998,5.25
7,2,102,3.0468,4.25
7,2,103,3.9361,4.25
7,2,103,3.1667,3.5
7,2,104,3.2095,3.5
7,2,104,3.0454,3.0
7,2,105,3.5670,3.0
7,2,105,3.0848,6.25
7,2,106,3.8976,6.25
7,2,106,3.3344,4.5
7,2,107,3.1120,4.5
7,2,107,1.3996,5.5
7,2,108,3.4109,5.5
7,2,108,0.8566,5.25
7,2,109,2.9321,5.25
7,2,109,2.0782,4.75
8,1,9,2.6249,2.0
8,1,9,2.1912,2.0
8,1,10,2.6240,1.75
8,1,10,2.0494,1.75
8,1,16,3.3710,2.75
8,1,16,1.8576,2.75
8,1,17,3.7099,3.25
8,1,17,1.9727,3.25
8,1,18,3.2666,3.75
8,1,18,1.5028,3.75
8,1,20,3.4293,2.5
8,1,20,2.1620,2.5
8,1,21,4.0930,1.75
8,1,21,2.0046,1.75
8,1,22,3.2991,3.5
8,1,22,2.1084,3.5
8,1,27,2.9598,2.0
8,1,27,1.8347,2.0
8,1,30,3.5173,2.5
8,1,30,1.8905,2.5
8,1,54,2.4961,3.0
8,1,54,1.4440,3.0
8,1,58,3.0453,1.0
8,1,58,2.1252,1.0
8,1,68,3.0347,1.5
8,1,68,2.7175,1.5
8,1,73,3.4011,2.75
8,1,73,2.8241,2.75
8,1,74,3.4358,2.5
8,1,74,2.5002,2.5
8,1,75,3.9359,3.0
8,1,75,2.2719,3.0
8,1,76,3.6278,1.0
8,1,76,1.9977,1.0
8,1,77,4.2860,3.25
8,1,77,2.3536,3.25
8,1,78,3.9240,2.75
8,1,78,2.5570,2.75
8,1,79,4.0653,2.0
8,1,79,2.3854,2.0
8,1,80,3.8230,1.75
8,1,80,2.1595,1.75
8,1,81,3.7669,2.25
8,1,81,2.0291,2.25
8,1,82,3.1493,1.75
8,1,82,2.2046,1.75
8,1,85,3.9559,2.0
8,1,85,2.0612,2.0
8,1,88,3.6995,2.25
8,1,88,1.8876,2.25
8,1,89,4.0781,3.5
8,1,89,2.8066,3.25
8,2,4,2.8425,3.25
8,2,4,1.7743,3.75
8,2,5,2.7009,3.75
8,2,5,2.5737,1.5
8,2,7,2.1705,1.5
8,2,7,2.4116,4.25
8,2,8,3.0831,4.25
8,2,8,2.0974,2.0
8,2,9,1.7656,2.0
8,2,9,2.8009,3.0
8,2,11,2.8203,3.0
8,2,11,2.0400,2.25
8,2,15,2.5719,2.25
8,2,15,1.9213,4.0
8,2,16,3.5386,4.0
8,2,16,2.2777,3.5
8,2,18,2.5026,3.5
8,2,18,2.7196,3.75
8,2,20,2.7988,3.75
8,2,20,3.0072,2.25
8,2,21,2.2888,2.25
8,2,21,1.8064,2.25
8,2,22,2.3678,2.25
8,2,22,1.6829,2.5
8,2,23,2.3049,2.5
8,2,23,2.7754,3.0
8,2,24,2.9769,3.0
8,2,24,1.7593,4.0
8,2,27,2.6961,4.0
8,2,27,1.6250,2.5
8,2,28,2.2375,2.5
8,2,28,2.1985,4.75
8,2,29,3.7431,4.75
8,2,29,2.3577,4.25
8,2,30,2.8992,4.25
8,2,30,2.1013,2.75
8,2,31,2.1634,2.75
8,2,31,1.5117,4.0
8,2,32,3.4775,4.0
8,2,32,1.4533,3.5
8,2,35,3.0076,3.5
8,2,35,1.3399,3.75
8,2,36,3.4575,3.75
8,2,36,1.2108,2.25
8,2,37,2.2354,2.25
8,2,37,1.7359,3.75
8,2,38,2.9518,3.75
8,2,38,1.2451,2.0
8,2,39,2.9566,2.0
8,2,39,1.3291,2.0
8,2,40,2.9996,2.0
8,2,40,1.4954,4.0
8,2,41,2.5149,4.0
8,2,41,1.2015,3.5
8,2,42,2.2094,3.5
8,2,42,1.5552,2.25
8,2,45,3.1629,2.25
8,2,45,2.2975,4.0
8,2,48,2.9133,4.0
8,2,48,2.4830,4.0
8,2,49,3.0802,4.0
8,2,49,1.6657,3.0
8,2,50,2.5184,3.0
8,2,50,2.4209,3.75
8,2,55,3.4431,3.75
8,2,55,1.9779,4.75
8,2,57,2.6321,4.75
8,2,57,2.6877,3.0
8,2,58,3.5545,3.0
8,2,58,2.1261,1.75
8,2,62,3.3938,1.75
8,2,62,1.6074,5.25
8,2,63,3.0770,5.25
8,2,63,2.0356,1.625
8,2,67,3.4296,1.625
8,2,67,2.3605,2.75
8,2,68,3.9326,2.75
8,2,68,2.1779,3.5
8,2,69,3.6717,3.5
8,2,69,2.2129,2.0
8,2,71,3.0739,2.0
8,2,71,2.4808,3.5
8,2,72,2.7139,3.5
8,2,72,2.0175,3.75
8,2,74,3.1405,3.75
8,2,74,2.2098,4.0
9,1,2,0.0901,5.25
9,1,2,0.3739,5.25
9,1,3,0.2857,4.75
9,1,3,0.4348,4.75
9,1,4,0.3391,5.0
9,1,4,0.2778,5.0
9,1,5,0.2797,5.75
9,1,5,0.4715,5.75
9,1,6,0.1374,3.5
9,1,6,0.2700,3.5
9,1,7,0.1844,4.25
9,1,7,0.4147,4.25
9,1,8,0.2753,4.5
9,1,8,0.3824,4.5
9,1,12,-0.0803,4.75
9,1,12,0.1900,4.75
9,1,16,0.0882,1.5
9,1,16,0.6568,1.5
9,1,17,-0.0404,4.25
9,1,17,0.7599,4.25
9,1,18,-0.0809,3.5
9,1,18,0.7529,3.5
9,1,19,0.0790,3.25
9,1,19,0.5421,3.25
9,1,20,0.1088,4.0
9,1,20,0.6129,4.0
9,1,21,-0.1708,4.5
9,1,21,0.5645,4.5
9,1,22,-0.0959,3.0
9,1,22,0.5685,3.0
9,1,23,-0.0086,4.5
9,1,23,0.3677,4.5
9,1,24,-0.0425,3.5
9,1,24,0.2351,3.5
9,1,25,-0.0822,3.5
9,1,25,0.6484,3.5
9,1,26,-0.0037,4.5
9,1,26,0.4508,4.5
9,1,27,0.0087,3.75
9,1,27,0.4729,3.75
9,1,28,-0.0216,2.75
9,1,28,0.3474,2.75
9,1,29,-0.0916,2.5
9,1,29,0.4289,2.5
9,1,30,0.0284,3.0
9,1,30,0.3866,3.0
9,1,31,-0.1825,3.5
9,1,31,0.4749,3.5
9,1,32,-0.1293,2.75
9,1,32,0.5117,2.75
9,1,33,-0.1069,3.75
9,1,33,0.5179,3.75
9,1,34,-0.0879,3.25
9,1,34,0.4725,3.25
9,1,35,-0.0732,3.5
9,1,35,0.5313,3.5
9,1,36,-0.1381,3.5
9,1,36,0.5115,3.5
9,1,37,0.0558,4.5
9,1,37,0.6091,4.5
9,1,38,-0.0806,3.5
9,1,38,0.4812,3.5
9,1,39,-0.2432,2.75
9,1,39,0.6374,2.75
9,1,40,-0.1160,2.25
9,1,40,0.4946,2.25
9,1,41,0.0198,3.0
9,1,41,0.4493,3.0
9,1,42,0.0468,4.0
9,1,42,0.5546,4.0
9,1,50,-0.1950,3.5
9,1,50,0.5993,3.5
9,1,51,-0.1903,3.5
9,1,51,0.4845,3.5
9,1,52,-0.0520,2.75
9,1,52,0.4886,2.75
9,1,53,-0.1388,3.0
9,1,53,0.4032,3.0
9,1,54,-0.2790,2.75
9,1,54,0.3096,2.75
9,1,55,-0.1175,3.5
9,1,55,0.2694,3.5
9,1,56,-0.0683,3.75
9,1,56,0.3544,3.75
9,1,59,-0.1066,2.75
9,1,59,0.0124,2.75
9,1,60,0.1321,4.0
9,1,60,0.2717,4.0
9,1,61,0.1019,3.5
9,1,61,0.2038,3.5
9,1,63,0.2561,3.25
9,1,63,0.1500,3.25
9,1,64,0.0839,4.25
9,1,64,0.0443,4.25
9,1,65,0.2399,2.0
9,1,65,0.1168,2.0
9,1,66,0.2018,4.75
9,1,66,0.1825,4.75
9,1,67,-0.0251,4.25
9,1,67,0.0581,4.25
9,1,68,0.3349,3.5
9,1,68,0.3880,3.5
9,1,69,0.2646,5.5
9,1,69,0.3558,5.5
9,1,72,-0.0910,3.75
9,1,72,0.3457,3.75
9,1,73,0.2302,3.25
9,1,73,0.3655,3.25
9,1,74,-0.0217,3.0
9,1,74,0.4918,3.0
9,1,75,0.1175,2.5
9,1,75,0.2186,2.5
9,1,76,0.0805,4.0
9,1,76,0.3832,4.0
9,1,77,0.0884,3.25
9,1,77,0.4504,3.25
9,1,78,-0.0276,3.5
9,1,78,0.3857,3.5
9,1,79,-0.0468,4.0
9,1,79,0.5157,4.0
9,1,81,-0.0935,2.25
9,1,81,0.1971,2.25
9,1,82,0.2558,4.0
9,1,82,0.1406,4.0
9,1,83,0.3055,4.25
9,1,83,0.2548,4.25
9,1,84,0.1686,3.0
9,1,84,0.2308,3.0
9,1,85,0.2689,4.75
9,1,85,0.1325,4.75
9,1,86,0.1279,4.0
9,1,86,0.3341,4.0
9,1,87,-0.0436,3.25
9,1,87,0.2396,3.25
9,1,88,0.1474,3.25
9,1,88,0.3737,3.25
9,1,89,0.2550,2.75
9,1,89,0.1297,2.75
9,1,90,0.0680,2.75
9,1,90,0.0888,2.75
9,1,91,-0.0190,3.75
9,1,91,0.0920,3.75
9,1,92,0.1306,4.0
9,1,92,0.1090,4.0
9,1,93,0.1100,3.25
9,1,93,0.0466,3.25
9,1,94,0.0417,3.0
9,1,94,0.1908,3.0
9,1,95,0.0432,4.25
9,1,95,0.1070,4.25
9,1,96,-0.0608,4.25
9,1,96,0.0267,4.25
9,1,97,-0.0522,3.5
9,1,97,0.1867,3.5
9,1,98,-0.1228,2.25
9,1,98,-0.0742,2.25
9,1,99,0.0431,3.0
9,1,99,0.2710,3.0
9,1,100,-0.0863,4.25
9,1,100,0.2219,4.25
9,1,101,0.1913,2.25
9,1,101,0.2102,2.25
9,1,102,-0.0362,3.75
9,1,102,0.0367,3.75
9,1,103,-0.1028,2.25
9,1,103,0.2539,2.25
9,1,104,-0.1703,3.0
9,1,104,0.2237,3.0
9,1,105,-0.0631,3.75
9,1,105,0.3130,3.75
9,1,106,-0.0679,4.0
9,1,106,0.1835,4.0
9,1,107,-0.0678,4.25
9,1,107,0.0981,4.25
9,1,110,-0.0128,4.25
9,1,110,0.5126,4.25
9,1,111,-0.2498,3.0
9,1,111,0.1365,4.0
9,2,2,0.2236,4.0
9,2,2,0.1496,4.5
9,2,3,0.1693,4.5
9,2,3,0.2063,5.25
9,2,4,0.0972,5.25
9,2,4,-0.0885,5.5
9,2,5,-0.0782,5.5
9,2,5,0.2049,5.75
9,2,6,0.0601,5.75
9,2,6,0.1534,5.25
9,2,7,0.1312,5.25
9,2,7,0.2817,4.5
9,2,8,0.0766,4.5
9,2,8,0.4437,5.75
9,2,9,0.0762,5.75
9,2,9,0.7398,4.75
9,2,10,0.2677,4.75
9,2,10,0.4658,4.5
9,2,11,0.1262,4.5
9,2,11,0.4553,5.5
9,2,12,0.1917,5.5
9,2,12,-0.1048,3.75
9,2,13,0.2044,3.75
9,2,13,-0.2719,2.75
9,2,16,0.2549,2.75
9,2,16,-0.2441,4.0
9,2,17,0.2779,4.0
9,2,17,-0.2915,4.25
9,2,18,0.3435,4.25
9,2,18,-0.2832,3.0
9,2,20,0.1234,3.0
9,2,20,-0.1338,3.75
9,2,21,0.2217,3.75
9,2,21,-0.1920,3.0
9,2,22,0.2455,3.0
9,2,22,-0.2456,2.75
9,2,23,0.3577,2.75
9,2,23,-0.2370,1.75
9,2,24,0.2184,1.75
9,2,24,-0.1504,5.75
9,2,25,0.2699,5.75
9,2,25,-0.2521,3.25
9,2,27,0.1819,3.25
9,2,27,-0.0945,2.75
9,2,30,0.1728,2.75
9,2,30,-0.2050,2.75
9,2,31,0.1764,2.75
9,2,31,-0.2201,2.25
9,2,32,0.0490,2.25
9,2,32,-0.2116,2.5
9,2,34,0.1110,2.5
9,2,34,-0.1204,4.75
9,2,36,0.2508,4.75
9,2,36,-0.2456,3.75
9,2,37,0.2393,3.75
9,2,37,-0.2881,2.0
9,2,38,0.0923,2.0
9,2,38,-0.1835,3.25
9,2,42,0.3390,3.25
9,2,42,-0.1042,3.0
9,2,45,0.2067,3.0
9,2,45,-0.1100,4.75
9,2,46,0.2789,4.75
9,2,46,-0.1521,4.0
9,2,50,0.2311,4.0
9,2,50,-0.1106,3.75
9,2,53,0.0365,3.75
9,2,53,0.1329,4.0
9,2,62,-0.1467,4.0
9,2,62,0.0404,5.0
9,2,63,0.1111,5.0
9,2,63,-0.0337,4.5
9,2,64,0.1814,4.5
9,2,64,0.2766,5.5
9,2,66,0.1507,5.5
9,2,66,0.1228,4.25
9,2,67,0.1359,4.25
9,2,67,0.0752,3.25
9,2,68,-0.0102,3.25
9,2,68,0.4233,3.25
9,2,69,0.0893,3.25
9,2,69,0.1515,4.75
9,2,70,0.0977,4.75
9,2,70,0.3695,5.25
9,2,71,0.1153,5.25
9,2,71,0.0644,5.25
9,2,74,0.1203,5.25
9,2,74,0.1864,3.75
9,2,75,0.2104,3.75
9,2,75,-0.0536,4.25
9,2,77,0.0513,4.25
9,2,77,0.0813,5.5
9,2,78,0.3643,5.5
9,2,78,0.0076,5.25
9,2,79,0.1712,5.25
9,2,79,0.1226,4.75
9,2,81,0.2101,4.75
9,2,81,-0.0821,3.75
9,2,84,0.1631,3.75
9,2,84,0.2212,4.75
9,2,85,0.1794,4.75
9,2,85,0.2741,4.0
9,2,86,-0.0147,4.0
9,2,86,0.0341,3.25
9,2,87,0.1083,3.25
9,2,87,0.0038,4.5
9,2,88,0.0984,4.5
9,2,88,0.0417,2.75
9,2,89,-0.0368,2.75
9,2,89,0.0705,3.25
9,2,90,0.0770,3.25
9,2,90,-0.0331,4.25
9,2,91,0.2124,4.25
9,2,91,0.1747,4.25
9,2,92,0.1886,4.25
9,2,92,-0.2102,5.0
9,2,95,0.0927,5.0
9,2,95,-0.1437,3.0
9,2,96,0.1461,3.0
9,2,96,0.0842,4.5
9,2,98,0.2180,4.5
9,2,98,0.4134,5.75
9,2,100,0.1390,5.75
9,2,100,0.0674,3.0
9,2,103,0.1944,3.0
9,2,103,-0.0290,3.25
9,2,104,0.1905,3.25
9,2,104,-0.0578,4.5
9,2,105,0.3141,4.5
9,2,105,-0.1308,3.75
9,2,107,0.0920,3.75
9,2,107,-0.0480,4.25
9,2,108,0.1897,4.25
9,2,108,-0.2130,2.25
9,2,109,0.0233,2.25
9,2,109,0.2382,4.5
10,1,4,1.4401,5.5
10,1,4,2.0435,5.5
10,1,5,1.4053,5.0
10,1,5,2.2210,5.0
10,1,6,1.3084,5.0
10,1,6,2.2075,5.0
10,1,7,1.3069,5.5
10,1,7,2.0464,5.5
10,1,8,1.3849,6.25
10,1,8,1.9535,6.25
10,1,9,1.2696,5.5
10,1,9,2.1755,5.5
10,1,10,1.4334,5.0
10,1,10,2.3763,5.0
10,1,11,1.1945,4.0
10,1,11,1.9111,4.0
10,1,12,1.4587,4.5
10,1,12,1.9226,4.5
10,1,13,1.2269,4.25
10,1,13,2.0249,4.25
10,1,14,1.2742,3.75
10,1,14,1.6450,3.75
10,1,20,1.1336,5.0
10,1,20,2.2869,5.0
10,1,21,0.8366,5.25
10,1,21,1.9600,5.25
10,1,22,0.9640,4.5
10,1,22,1.7605,4.5
10,1,24,0.4298,4.75
10,1,24,2.0776,4.75
10,1,25,1.0219,4.5
10,1,25,2.0701,4.5
10,1,26,0.2754,2.375
10,1,26,1.9510,2.375
10,1,27,0.7300,4.25
10,1,27,1.7396,4.25
10,1,28,0.7151,4.75
10,1,28,1.7135,4.75
10,1,29,0.9560,4.5
10,1,29,1.8068,4.5
10,1,30,1.0907,5.5
10,1,30,1.8203,5.5
10,1,31,0.7731,4.75
10,1,31,1.7629,4.75
10,1,32,0.3458,3.75
10,1,32,1.9096,3.75
10,1,33,0.7589,4.5
10,1,33,1.6799,4.5
10,1,36,0.5287,4.75
10,1,36,1.8486,4.75
10,1,39,0.0366,4.0
10,1,39,1.9751,4.0
10,1,42,0.5121,5.25
10,1,42,2.1283,5.25
10,1,43,0.2150,4.5
10,1,43,2.0697,4.5
10,1,44,0.4834,4.5
10,1,44,1.8996,4.5
10,1,45,-0.0720,2.875
10,1,45,1.8676,2.875
10,1,46,1.1401,5.0
10,1,46,2.0716,5.0
10,1,47,0.7731,5.25
10,1,47,1.9137,5.25
10,1,48,0.4231,5.0
10,1,48,1.6536,5.0
10,1,49,0.5320,4.0
10,1,49,1.9611,4.0
10,1,50,0.6041,5.25
10,1,50,1.7587,5.25
10,1,51,0.2462,5.5
10,1,51,1.7253,5.5
10,1,52,0.7108,5.0
10,1,52,1.8552,5.0
10,1,53,0.8362,5.25
10,1,53,1.8940,5.25
10,1,55,0.1323,5.25
10,1,55,1.9979,5.25
10,1,56,0.5326,4.5
10,1,56,2.0198,4.5
10,1,57,-0.0702,1.5
10,1,57,1.7851,1.5
10,1,61,1.4663,4.0
10,1,61,1.9167,4.0
10,1,62,1.3687,3.75
10,1,62,1.9326,3.75
10,1,63,1.2677,4.25
10,1,63,1.6554,4.25
10,1,64,1.6544,5.0
10,1,64,1.8414,5.0
10,1,65,1.5578,5.75
10,1,65,1.7133,5.75
10,1,66,1.2923,6.0
10,1,66,1.8395,6.0
10,1,67,1.5549,5.25
10,1,67,1.7680,5.25
10,1,68,1.5292,3.75
10,1,68,1.7653,3.75
10,1,69,1.7630,4.5
10,1,69,1.8383,4.5
10,1,72,1.3278,3.0
10,1,72,2.0934,3.0
10,1,73,0.8391,4.25
10,1,73,2.1089,4.25
10,1,74,0.8116,4.75
10,1,74,1.8414,4.75
10,1,75,1.1223,4.5
10,1,75,1.9216,4.5
10,1,76,0.8138,4.75
10,1,76,1.8182,4.75
10,1,77,1.0212,4.5
10,1,77,1.6559,4.5
10,1,78,1.1471,5.5
10,1,78,1.8091,5.5
10,1,79,1.0906,4.5
10,1,79,1.6667,4.5
10,1,80,1.3762,5.0
10,1,80,1.9376,5.0
10,1,81,0.8772,4.25
10,1,81,2.0044,4.25
10,1,82,0.7213,4.5
10,1,82,1.8721,4.5
10,1,83,0.7558,3.0
10,1,83,2.1476,3.0
10,1,84,0.4583,2.75
10,1,84,2.0828,2.75
10,1,85,0.7123,4.75
10,1,85,2.0782,4.75
10,1,86,0.4865,4.0
10,1,86,2.1637,4.0
10,1,87,1.1208,4.75
10,1,87,2.1413,4.75
10,1,88,1.3353,5.5
10,1,88,2.1298,5.5
10,1,89,0.9205,5.25
10,1,89,2.1847,5.25
10,1,90,0.7021,3.75
10,1,90,2.1448,3.75
10,1,91,0.4781,4.5
10,1,91,2.2470,4.5
10,1,92,0.9074,5.0
10,1,92,1.8675,5.0
10,1,93,0.7435,4.0
10,1,93,1.9044,4.0
10,1,94,0.6914,5.0
10,1,94,1.8503,5.0
10,1,95,1.0606,4.75
10,1,95,1.9417,4.75
10,1,96,0.4097,4.5
10,1,96,1.7945,4.5
10,1,97,0.6981,3.75
10,1,97,1.0868,3.75
10,1,98,0.5138,4.5
10,1,98,1.8854,4.5
10,1,99,0.7156,5.25
10,1,99,1.9712,5.25
10,1,100,1.0248,4.0
10,1,100,1.6535,4.0
10,1,101,1.0235,5.5
10,1,101,1.8090,5.5
10,1,102,0.6175,5.0
10,1,102,1.8295,5.0
10,1,103,0.9215,3.75
10,1,103,1.8885,3.75
10,1,104,0.9326,4.5
10,1,104,1.9634,4.5
10,1,105,0.5434,4.0
10,1,105,1.5894,4.0
10,1,106,0.4532,2.0
10,1,106,1.4090,2.0
10,1,107,0.5380,5.0
10,1,107,1.7814,5.0
10,1,108,1.1959,5.0
10,1,108,1.0831,3.75
10,2,3,1.9947,3.75
10,2,3,1.1884,6.25
10,2,4,2.0991,6.25
10,2,4,1.4590,5.5
10,2,5,2.1328,5.5
10,2,5,1.4030,5.25
10,2,6,2.0454,5.25
10,2,6,1.4002,5.25
10,2,7,2.1663,5.25
10,2,7,1.4369,5.75
10,2,8,1.9100,5.75
10,2,8,1.3485,3.25
10,2,9,1.7203,3.25
10,2,9,1.4056,5.25
10,2,10,2.1085,5.25
10,2,10,1.4789,4.5
10,2,11,1.8733,4.5
10,2,11,1.4711,4.25
10,2,12,1.9335,4.25
10,2,12,1.4951,5.25
10,2,13,2.0869,5.25
10,2,13,1.5127,5.25
10,2,14,1.9922,5.25
10,2,14,1.5063,5.75
10,2,15,1.8842,5.75
10,2,15,0.7261,4.5
10,2,19,2.1215,4.5
10,2,19,0.5690,2.75
10,2,20,1.8453,2.75
10,2,20,1.1827,5.5
10,2,21,1.6625,5.5
10,2,21,0.6139,5.5
10,2,22,2.0229,5.5
10,2,22,0.4581,5.0
10,2,23,1.9938,5.0
10,2,23,0.3633,3.5
10,2,26,2.1197,3.5
10,2,26,0.3268,4.5
10,2,28,2.0012,4.5
10,2,28,0.2685,5.0
10,2,29,1.8377,5.0
10,2,29,0.6988,5.75
10,2,30,1.9502,5.75
10,2,30,0.0601,4.75
10,2,33,2.1087,4.75
10,2,33,-0.0015,3.75
10,2,36,2.1718,3.75
10,2,36,0.4574,5.0
10,2,37,2.1642,5.0
10,2,37,1.0549,4.75
10,2,38,2.2561,4.75
10,2,38,1.4283,5.25
10,2,39,2.1244,5.25
10,2,39,0.3344,5.25
10,2,41,1.9187,5.25
10,2,41,0.8284,5.5
10,2,42,1.8286,5.5
10,2,42,1.0867,5.75
10,2,43,1.1988,5.75
10,2,43,0.4017,5.25
10,2,47,1.8724,5.25
10,2,47,1.6428,5.5
10,2,51,1.8065,5.5
10,2,51,1.6087,5.5
10,2,52,1.8256,5.5
10,2,52,1.5586,6.75
10,2,53,1.8607,6.75
10,2,53,1.7204,5.5
10,2,54,1.6949,5.5
10,2,54,1.3702,3.75
10,2,55,1.5785,3.75
10,2,55,1.5460,5.25
10,2,56,1.5641,5.25
10,2,56,1.5664,5.5
10,2,58,1.7503,5.5
10,2,58,1.1507,5.0
10,2,65,1.6586,5.0
10,2,65,1.0889,3.0
10,2,66,1.6754,3.0
10,2,66,0.7060,4.33333
10,2,67,1.6325,4.33333
10,2,67,0.5808,4.75
10,2,68,1.8251,4.75
10,2,68,0.9533,5.25
10,2,69,1.8424,5.25
10,2,69,1.0398,4.66667
10,2,70,1.9219,4.66667
10,2,70,0.6094,4.0
10,2,71,1.7363,4.0
10,2,71,0.8655,6.25
10,2,72,1.8574,6.25
10,2,72,0.6939,5.5
10,2,73,1.7044,5.5
10,2,73,0.9504,4.75
10,2,74,1.7921,4.75
10,2,74,1.1763,4.5
10,2,75,1.7090,4.5
10,2,75,0.2716,4.5
10,2,76,1.8333,4.5
10,2,76,0.5772,3.5
10,2,77,1.5951,3.5
10,2,77,1.1063,5.25
10,2,78,1.8232,5.25
10,2,78,0.6814,5.5
10,2,79,1.6868,5.5
10,2,79,0.8191,4.5
10,2,80,1.4994,4.5
10,2,80,0.6779,5.25
10,2,81,2.0850,5.25
10,2,81,0.9980,5.25
10,2,82,1.7185,5.25
10,2,82,0.9327,4.25
10,2,83,2.2033,4.25
10,2,83,1.1278,4.0
10,2,84,1.6748,4.0
10,2,84,0.7882,5.25
10,2,85,1.3965,5.25
10,2,85,0.8731,4.5
10,2,86,1.6071,4.5
10,2,86,0.7164,5.5
10,2,87,1.8831,5.5
10,2,87,0.7724,5.5
10,2,88,2.0834,5.5
10,2,88,0.7525,4.0
10,2,89,1.3866,4.0
10,2,89,1.0708,4.25
10,2,90,1.7377,4.25
10,2,90,1.0183,4.25
10,2,91,1.5303,4.25
10,2,91,1.2350,5.75
11,1,4,4.3212,5.75
11,1,4,3.6410,5.75
11,1,5,3.6616,4.5
11,1,5,3.2047,4.5
11,1,6,3.3296,5.0
11,1,6,2.7532,5.0
11,1,7,3.4604,4.25
11,1,7,3.3095,4.25
11,1,8,3.0360,4.25
11,1,8,3.5639,4.25
11,1,9,2.9142,4.0
11,1,9,3.6965,4.0
11,1,10,4.6154,4.66667
11,1,10,3.6980,4.66667
11,1,11,4.2581,4.5
11,1,11,3.6043,4.5
11,1,12,3.7402,5.5
11,1,12,3.3773,5.5
11,1,13,4.8443,5.25
11,1,13,3.8040,5.25
11,1,14,4.3151,4.25
11,1,14,3.1493,4.25
11,1,15,3.4627,3.5
11,1,15,3.0184,3.5
11,1,19,2.4966,6.25
11,1,19,3.6569,6.25
11,1,20,2.4765,5.5
11,1,20,3.4596,5.5
11,1,21,2.0765,4.25
11,1,21,3.6511,4.25
11,1,22,2.4001,6.25
11,1,22,3.4205,6.25
11,1,23,2.3963,5.75
11,1,23,3.5039,5.75
11,1,24,1.3809,3.25
11,1,24,3.6009,3.25
11,1,25,2.7429,5.0
11,1,25,3.7967,5.0
11,1,26,1.7321,4.0
11,1,26,3.8105,4.0
11,1,27,2.6230,4.5
11,1,27,3.5650,4.5
11,1,28,2.1310,4.5
11,1,28,3.6063,4.5
11,1,29,2.3539,5.5
11,1,29,3.7528,5.5
11,1,30,2.4540,4.25
11,1,30,3.8883,4.25
11,1,31,2.1627,5.5
11,1,31,3.7374,5.5
11,1,32,2.9409,4.25
11,1,32,3.5970,4.25
11,1,33,2.4356,5.0
11,1,33,3.8056,5.0
11,1,34,2.5794,4.5
11,1,34,3.6980,4.5
11,1,35,2.3019,4.5
11,1,35,3.7336,4.5
11,1,36,2.0061,5.0
11,1,36,3.3625,5.0
11,1,37,2.6215,3.75
11,1,37,3.5088,3.75
11,1,38,2.6995,4.5
11,1,38,3.4895,4.5
11,1,39,3.1645,5.0
11,1,39,2.8149,5.0
11,1,48,2.8031,2.25
11,1,48,2.9193,2.25
11,1,50,4.1237,3.0
11,1,50,3.7561,3.0
11,1,51,2.7086,4.75
11,1,51,3.8066,4.75
11,1,57,2.7373,2.5
11,1,57,3.0793,2.5
11,1,62,3.0505,5.0
11,1,62,3.9697,5.0
11,1,63,3.0679,6.25
11,1,63,3.3707,6.25
11,1,64,2.9525,5.0
11,1,64,2.8728,5.0
11,1,66,2.9238,3.25
11,1,66,3.2850,3.25
11,1,68,3.0919,4.25
11,1,68,3.2449,4.25
11,1,69,3.1473,4.0
11,1,69,2.3438,4.0
11,1,70,2.9969,5.0
11,1,70,2.9502,5.0
11,1,73,3.4525,5.25
11,1,73,3.2947,5.25
11,1,75,3.1332,3.5
11,1,75,2.4827,3.5
11,1,76,3.3576,4.0
11,1,76,2.7032,4.0
11,1,77,3.2821,6.0
11,1,77,3.4172,6.0
11,1,78,2.3805,5.0
11,1,78,3.4862,5.0
11,1,79,3.0207,4.5
11,1,79,2.4358,4.5
11,1,80,2.4515,6.0
11,1,80,2.4139,6.0
11,1,81,2.9283,4.5
11,1,81,3.7331,4.5
11,1,82,2.6821,4.5
11,1,82,3.0975,4.5
11,1,83,2.3896,3.5
11,1,83,2.6530,3.5
11,1,84,2.6063,3.5
11,1,84,2.8720,3.5
11,1,87,2.6736,2.75
11,1,87,3.4220,2.75
11,1,88,2.6607,3.75
11,1,88,3.0084,3.75
11,1,90,2.3793,4.25
11,1,90,3.2843,4.25
11,1,91,2.9748,5.5
11,1,91,3.9225,5.5
11,1,93,3.1854,4.25
11,1,93,3.1189,4.25
11,1,94,2.9451,5.75
11,1,94,3.1304,5.75
11,1,95,2.7819,4.25
11,1,95,2.6535,4.25
11,1,96,2.9092,4.75
11,1,96,2.5148,4.75
11,1,97,2.1919,3.75
11,1,97,2.8508,3.75
11,1,98,2.9440,4.5
11,1,98,2.7943,4.5
11,1,99,2.8112,6.25
11,1,99,3.3355,5.0
11,2,3,2.3323,5.0
11,2,3,3.1167,4.0
11,2,4,3.2909,4.0
11,2,4,3.1814,2.25
11,2,5,2.4528,2.25
11,2,5,3.9365,5.5
11,2,6,2.5593,5.5
11,2,6,2.3802,0.75
11,2,7,2.9398,0.75
11,2,7,3.5065,5.0
11,2,8,2.9365,5.0
11,2,8,3.4931,3.5
11,2,9,2.9706,3.5
11,2,9,3.1543,4.75
11,2,10,2.6299,4.75
11,2,10,2.9170,2.25
11,2,12,2.8137,2.25
11,2,12,2.5555,3.75
11,2,17,3.0173,3.75
11,2,17,2.5788,4.0
11,2,18,2.7465,4.0
11,2,18,3.3936,5.25
11,2,19,3.5202,5.25
11,2,19,3.4218,4.75
11,2,20,2.8937,4.75
11,2,20,2.9585,6.25
11,2,21,3.0328,6.25
11,2,21,3.3773,3.75
11,2,22,3.2144,3.75
11,2,22,3.3032,5.75
11,2,23,3.0862,5.75
11,2,23,3.0163,5.0
11,2,24,2.9828,5.0
11,2,24,3.4831,5.0
11,2,25,2.5642,5.0
11,2,25,2.9502,3.5
11,2,26,3.0079,3.5
11,2,26,2.5781,5.5
11,2,27,3.5306,5.5
11,2,27,2.4424,4.5
11,2,28,3.3494,4.5
11,2,28,2.1186,4.75
11,2,29,3.2593,4.75
11,2,29,1.9484,4.0
11,2,30,2.8706,4.0
11,2,30,3.4675,5.0
11,2,31,3.0262,5.0
11,2,31,3.2001,5.25
11,2,32,3.6729,5.25
11,2,32,2.8165,4.25
11,2,33,3.5867,4.25
11,2,33,3.9109,6.5
11,2,34,3.3858,6.5
11,2,34,2.9842,3.75
11,2,35,3.2168,3.75
11,2,35,3.0497,4.25
11,2,36,3.3084,4.25
11,2,36,2.7057,5.0
11,2,37,3.1919,5.0
11,2,37,3.2092,4.25
11,2,38,3.0198,4.25
11,2,38,2.3749,4.5
11,2,39,3.1858,4.5
11,2,39,2.9513,4.25
11,2,40,3.4693,4.25
11,2,40,3.5530,4.75
11,2,41,3.0647,4.75
11,2,41,2.4368,4.75
11,2,42,2.9990,4.75
11,2,42,3.0715,5.25
11,2,43,2.6432,5.25
11,2,43,3.1658,5.5
11,2,44,2.9597,5.5
11,2,44,2.9584,4.25
11,2,45,3.2125,4.25
11,2,45,3.0118,4.25
11,2,46,3.0945,4.25
11,2,46,3.1845,4.0
11,2,47,3.1950,4.0
11,2,47,3.3369,6.5
11,2,48,3.2832,6.5
11,2,48,3.2778,2.75
11,2,49,3.3966,2.75
11,2,49,3.3943,4.25
11,2,50,3.1898,4.25
11,2,50,3.1227,4.5
11,2,51,3.0647,4.5
11,2,51,3.5899,5.0
11,2,52,2.9875,5.0
11,2,52,3.4489,4.5
11,2,53,3.1026,4.5
11,2,53,3.1329,3.75
11,2,54,3.3527,3.75
11,2,54,2.8215,4.5
11,2,55,3.5443,4.5
11,2,55,3.0104,4.75
11,2,56,3.3715,4.75
11,2,56,3.1663,2.5
11,2,60,2.7214,2.5
11,2,60,2.6211,3.25
11,2,61,3.0931,3.25
11,2,61,3.4201,1.75
11,2,62,3.4645,1.75
11,2,62,2.6488,2.75
11,2,63,2.3634,2.75
11,2,63,3.3372,4.25
11,2,64,3.3662,4.25
11,2,64,3.0859,2.5
11,2,65,3.6637,2.5
11,2,65,2.9897,1.75
11,2,66,3.7340,1.75
11,2,66,2.6508,4.75
11,2,67,3.6020,4.75
11,2,67,2.6494,4.0
11,2,68,3.4660,4.0
11,2,68,3.3976,3.25
11,2,69,3.1918,3.25
11,2,69,3.8077,4.25
11,2,72,2.7849,4.25
11,2,72,3.7711,4.25
11,2,73,2.4070,4.25
11,2,73,3.6073,4.25
11,2,74,2.3047,4.25
11,2,74,3.3704,2.5
11,2,75,2.4204,2.5
11,2,75,4.0055,5.5
11,2,76,2.4490,5.5
11,2,76,3.6583,4.5
11,2,77,2.2574,4.5
11,2,77,3.9308,5.5
11,2,78,2.6025,5.5
11,2,78,3.8172,4.25
11,2,79,2.6056,4.25
11,2,79,3.6009,3.75
11,2,80,2.7341,3.75
11,2,80,3.4180,3.0
11,2,81,2.4449,3.0
11,2,81,3.4518,4.75
11,2,82,2.4677,4.75
11,2,82,3.6851,4.0
11,2,83,2.7226,4.0
11,2,83,3.9888,4.75
11,2,84,2.5127,4.75
11,2,84,3.4166,5.0
11,2,85,2.8426,5.0
11,2,85,3.5170,5.75
11,2,86,2.6383,5.75
11,2,86,3.7631,4.25
11,2,87,2.7084,4.25
11,2,87,3.7382,5.0
11,2,88,3.0009,5.0
11,2,88,3.4982,4.75
11,2,89,3.1663,4.75
11,2,89,3.2736,3.25
11,2,90,2.4928,3.25
11,2,90,3.5820,4.5
11,2,91,2.3148,4.5
11,2,91,3.1618,5.5
11,2,92,1.6860,5.5
11,2,92,3.5658,5.0
11,2,93,3.0879,5.0
11,2,93,3.1020,4.25
11,2,94,3.5370,4.25
11,2,94,2.4867,4.0
11,2,95,2.7611,4.0
11,2,95,3.5877,5.0
11,2,96,2.5051,5.0
11,2,96,3.2352,3.75
11,2,97,2.4429,3.75
11,2,97,3.5892,5.0
11,2,98,2.4124,5.0
11,2,98,3.6920,5.5
11,2,99,3.2015,5.5
11,2,99,2.5130,4.5
11,2,100,2.8520,4.5
11,2,100,2.7919,4.75
11,2,101,3.2086,4.75
11,2,101,3.5323,3.75
11,2,102,3.0333,3.75
11,2,102,3.5085,5.25
11,2,103,2.1438,5.25
11,2,103,2.4410,6.0
11,2,104,2.2225,6.0
11,2,104,3.3080,4.5
11,2,105,2.9625,4.5
11,2,105,2.8176,3.0
11,2,106,2.4340,3.0
11,2,106,3.3486,4.75
11,2,109,2.6585,4.75
11,2,109,3.8588,4.75
11,2,110,2.7087,4.75
11,2,110,3.4469,4.5
12,1,2,0.3689,6.5
12,1,2,0.6847,6.5
12,1,3,0.7226,6.0
12,1,3,0.5501,6.0
12,1,5,0.5151,6.0
12,1,5,0.5704,6.0
12,1,6,0.6337,5.0
12,1,6,0.5701,5.0
12,1,7,0.5656,6.25
12,1,7,0.5054,6.25
12,1,8,0.7075,5.25
12,1,8,0.5162,5.25
12,1,9,0.6386,4.75
12,1,9,0.5252,4.75
12,1,10,0.7184,5.25
12,1,10,0.5733,5.25
12,1,11,0.6955,5.0
12,1,11,0.4766,5.0
12,1,12,0.4348,5.75
12,1,12,0.5198,5.75
12,1,69,0.4494,3.75
12,1,69,0.7539,4.0
12,2,4,0.1587,4.0
12,2,4,0.7698,5.25
12,2,5,0.3910,5.25
12,2,5,0.6575,5.0
12,2,11,0.3304,5.0
12,2,11,0.4375,5.25
16,2,5,3.7711,4.0
16,2,5,3.7331,4.0
16,2,6,3.9812,4.5
16,2,6,4.6636,4.5
16,2,7,3.8469,5.0
16,2,7,3.4361,5.0
16,2,8,3.0077,3.25
16,2,8,3.7052,3.25
16,2,9,3.6146,3.5
16,2,9,3.7359,3.5
16,2,10,3.9615,5.5
16,2,10,3.9469,5.5
16,2,11,3.2000,4.5
16,2,11,4.2894,4.5
16,2,12,3.1474,5.5
16,2,12,3.1229,5.5
16,2,13,3.5865,4.5
16,2,13,3.2687,4.5
16,2,14,3.7538,4.0
16,2,14,3.2684,4.0
16,2,15,4.4609,4.25
16,2,15,2.8522,4.25
16,2,21,3.4106,3.75
16,2,21,4.7914,3.75
16,2,22,4.4793,1.75
16,2,22,5.2342,1.75
16,2,23,3.3656,2.5
16,2,23,4.9304,2.5
16,2,24,2.6118,3.5
16,2,24,3.7937,3.5
16,2,25,2.4702,3.0
16,2,25,3.3161,3.0
16,2,26,3.3799,3.25
16,2,26,3.8483,3.25
16,2,27,3.3969,4.25
16,2,27,2.9341,4.25
16,2,28,3.2329,3.25
16,2,28,1.9903,3.25
16,2,29,3.4946,2.0
16,2,29,2.7621,2.0
16,2,30,4.5492,3.0
16,2,30,3.2081,3.0
16,2,31,3.1665,2.0
16,2,31,4.4742,2.0
16,2,32,2.0392,2.75
16,2,32,4.5555,2.75
16,2,33,3.4690,1.5
16,2,33,4.5823,1.5
16,2,34,2.6674,2.25
16,2,34,4.1560,2.25
16,2,35,2.3334,2.5
16,2,35,3.7822,2.5
16,2,36,3.5418,3.75
16,2,36,3.0924,3.75
16,2,37,1.9732,4.5
16,2,37,4.7258,4.5
16,2,38,4.1802,4.0
16,2,38,4.5211,4.0
16,2,39,3.7581,2.25
16,2,39,3.8165,2.25
16,2,40,2.9912,2.0
16,2,40,3.0483,2.0
16,2,41,3.6871,1.75
16,2,41,3.0131,1.75
16,2,42,3.3609,2.5
16,2,42,2.7452,2.5
16,2,43,2.3594,2.25
16,2,43,3.2048,2.25
16,2,44,2.6627,2.75
16,2,44,2.9869,2.75
16,2,45,2.2814,3.0
16,2,45,3.3171,3.0
16,2,46,3.0676,2.5
16,2,46,4.0586,2.5
16,2,47,3.0946,1.75
16,2,47,3.1407,1.75
16,2,48,2.2311,3.25
16,2,48,2.7651,3.25
16,2,49,2.9258,2.75
16,2,49,2.4884,2.75
16,2,50,2.5600,2.25
16,2,50,3.8868,2.25
16,2,51,2.6265,3.5
16,2,51,4.0506,3.5
16,2,52,2.8177,2.25
16,2,52,3.7087,2.25
16,2,53,3.3414,4.0
16,2,53,4.2174,4.0
16,2,54,2.8752,1.25
16,2,54,3.0264,1.25
16,2,55,3.5914,4.0
16,2,55,3.0425,4.0
16,2,56,3.9477,4.75
16,2,56,4.2133,4.75
16,2,57,2.7931,3.0
16,2,57,4.5283,3.0
16,2,58,3.9127,2.25
16,2,58,4.1763,2.25
16,2,60,3.7146,3.0
16,2,60,4.0307,3.0
16,2,61,3.9606,2.5
16,2,61,3.5002,2.5
16,2,65,4.0597,5.0
16,2,65,3.8099,5.0
16,2,66,3.9522,5.75
16,2,66,4.1889,5.75
16,2,67,3.7099,3.5
16,2,67,3.3020,3.5
16,2,68,2.8465,1.25
16,2,68,3.6003,1.25
16,2,69,3.0970,1.75
16,2,69,3.7642,1.75
16,2,70,2.8678,1.75
16,2,70,3.7344,1.75
16,2,71,4.4532,4.0
16,2,71,3.8601,4.0
16,2,72,3.9640,2.25
16,2,72,3.6656,2.25
16,2,73,3.6721,4.0
16,2,73,3.2939,4.0
16,2,76,3.2145,3.0
16,2,76,3.8109,3.0
16,2,77,2.7953,5.5
16,2,77,3.2609,5.5
16,2,78,3.5097,4.25
16,2,78,4.7067,4.25
16,2,79,4.1812,5.0
16,2,79,4.6979,5.0
16,2,80,3.0656,4.0
16,2,80,4.8664,4.0
16,2,81,2.3076,2.5
16,2,81,3.6024,2.5
16,2,82,2.8499,2.25
16,2,82,4.9501,2.25
16,2,83,2.9456,4.5
16,2,83,4.3982,4.5
16,2,84,2.6648,3.75
16,2,84,4.2705,3.75
16,2,85,2.4345,3.5
16,2,85,4.6175,3.5
16,2,86,3.3887,4.5
16,2,86,4.4818,4.5
16,2,87,2.5667,3.5
16,2,87,4.6052,3.5
16,2,88,2.4073,3.75
16,2,88,4.2890,3.75
16,2,89,2.3183,1.75
16,2,89,4.7440,1.75
16,2,90,2.8897,1.75
16,2,90,2.5727,1.75
16,2,91,2.6671,3.25
16,2,91,4.0379,3.25
16,2,92,3.2013,2.5
16,2,92,5.1374,2.5
16,2,93,3.8179,4.0
16,2,93,3.5347,4.0
16,2,94,3.1286,4.0
16,2,94,4.2552,4.0
16,2,95,3.3548,3.5
16,2,95,3.9993,3.5
16,2,96,3.6409,3.5
16,2,96,3.9818,3.5
16,2,97,2.1901,2.75
16,2,97,5.0153,2.75
16,2,98,1.3368,4.5
16,2,98,4.4010,4.5
16,2,99,2.1149,3.25
16,2,99,4.1235,3.25
16,2,100,2.6546,3.25
16,2,100,3.8202,3.25
16,2,101,3.6216,5.0
16,2,101,4.4371,5.0
16,2,102,3.3511,1.75
16,2,102,4.7114,1.75
16,2,103,2.4747,3.25
16,2,103,4.7488,3.25
16,2,104,2.4772,1.75
16,2,104,4.7605,1.75
16,2,105,3.0613,3.75
16,2,105,4.7674,3.75
16,2,106,3.5292,2.75
16,2,106,4.2714,2.75
16,2,107,2.8555,3.25
16,2,107,5.0508,3.25
16,2,108,3.3744,2.75
16,2,108,4.9451,2.75
16,2,109,3.6875,4.5
16,2,109,4.1094,4.5
16,2,110,3.1422,2.25
16,2,110,3.2891,2.25
16,2,111,3.6807,3.5
16,2,111,3.8413,3.5
16,2,112,1.9880,1.5
16,2,112,4.6620,1.5
16,2,113,2.1944,2.5
16,2,113,4.8251,2.5
16,2,114,3.4227,3.5
16,2,114,3.9662,3.5
16,2,115,3.7794,2.75
16,2,115,3.7417,2.75
16,2,116,3.2623,4.0
17,1,4,3.9060,2.75
17,1,4,2.3504,2.75
17,1,5,3.7867,2.75
17,1,5,1.4311,2.75
17,1,6,3.6617,2.75
17,1,6,1.2330,2.75
17,1,7,3.7062,2.75
17,1,7,1.4074,2.75
17,1,8,3.0070,2.75
17,1,8,1.4275,2.75
17,1,9,3.2883,1.5
17,1,9,1.5522,1.5
17,1,10,3.4579,1.5
17,1,10,1.8080,1.5
17,1,12,2.9623,2.25
17,1,12,2.9213,2.25
17,1,17,3.8456,3.0
17,1,17,0.1028,3.0
17,1,18,3.7699,2.75
17,1,18,0.1923,2.75
17,1,19,3.6512,4.0
17,1,19,0.0438,4.0
17,1,20,3.7305,3.5
17,1,20,0.2659,3.5
17,1,21,3.7026,2.5
17,1,21,-0.2028,2.5
17,1,22,3.8690,3.0
17,1,22,-0.0592,3.0
17,1,23,4.2544,2.5
17,1,23,-0.1785,2.5
17,1,24,3.8141,3.25
17,1,24,0.9454,3.25
17,1,25,4.3712,3.75
17,1,25,0.4676,3.75
17,1,26,4.3573,3.0
17,1,26,-0.9435,3.0
17,1,27,4.1777,4.5
17,1,27,0.2174,4.5
17,1,29,3.9116,4.0
17,1,29,-0.1822,4.0
17,1,30,4.6935,5.25
17,1,30,0.0754,5.25
17,1,31,4.1401,4.0
17,1,31,-0.1149,4.0
17,1,32,4.0980,4.5
17,1,32,0.8608,4.5
17,1,33,3.9644,3.75
17,1,33,-0.3980,3.75
17,1,34,3.1024,3.25
17,1,34,0.0213,3.25
17,1,35,3.8150,2.5
17,1,35,-0.2837,2.5
17,1,36,3.0586,2.75
17,1,36,0.0970,2.75
17,1,37,4.3481,2.5
17,1,37,0.4882,2.5
17,1,38,3.9861,2.25
17,1,38,-0.4612,2.25
17,1,39,3.0838,4.5
17,1,39,-0.0020,4.5
17,1,40,3.7030,3.0
17,1,40,-0.5284,3.0
17,1,41,2.7822,3.25
17,1,41,0.3565,3.25
17,1,42,3.2999,3.75
17,1,42,0.4131,3.75
17,1,43,3.8945,4.25
17,1,43,-0.0551,4.25
17,1,44,3.3600,3.5
17,1,44,-0.2719,3.5
17,1,45,3.1748,3.0
17,1,45,0.7959,3.0
17,1,46,3.1029,4.0
17,1,46,0.5452,4.0
17,1,51,3.2244,3.0
17,1,51,-0.0210,3.0
17,1,52,4.1830,2.75
17,1,52,0.9093,2.75
17,1,53,3.7884,2.75
17,1,53,0.6656,2.75
17,1,54,3.7542,3.25
17,1,54,0.2784,3.25
17,1,55,2.7778,2.5
17,1,55,1.6879,2.5
17,1,56,3.5192,3.25
17,1,56,-0.3198,3.25
17,1,59,3.9307,2.5
17,1,59,2.2626,2.5
17,1,60,4.0609,3.0
17,1,60,2.0369,3.0
17,1,61,3.1889,2.25
17,1,61,1.2731,2.25
17,1,62,3.0846,1.75
17,1,62,1.5547,1.75
17,1,63,3.2438,1.75
17,1,63,1.8026,1.75
17,1,64,3.4162,1.0
17,1,64,1.2859,1.0
17,1,65,2.7539,1.25
17,1,65,1.3849,1.25
17,1,67,4.7980,3.0
17,1,67,2.1493,3.0
17,1,68,4.5208,3.75
17,1,68,1.5182,3.75
17,1,69,3.5016,2.5
17,1,69,1.8647,2.5
17,1,72,5.0511,5.25
17,1,72,1.5215,5.25
17,1,73,3.5733,4.25
17,1,73,0.0628,4.25
17,1,74,3.8766,3.25
17,1,74,0.6749,3.25
17,1,75,3.2953,1.75
17,1,75,0.7718,1.75
17,1,76,4.1650,4.5
17,1,76,1.1319,4.5
17,1,77,4.5874,3.5
17,1,77,0.5003,3.5
17,1,78,3.9263,4.25
17,1,78,0.8618,4.25
17,1,79,4.3310,3.25
17,1,79,1.1272,3.25
17,1,80,4.2167,4.25
17,1,80,0.4860,4.25
17,1,81,4.5237,4.5
17,1,81,-0.7388,4.5
17,1,82,4.7126,5.0
17,1,82,-0.2265,5.0
17,1,83,4.8696,3.5
17,1,83,0.2315,3.5
17,1,84,4.4113,4.25
17,1,84,0.7809,4.25
17,1,85,3.8748,4.75
17,1,85,0.9605,4.75
17,1,86,4.3416,4.0
17,1,86,0.5329,4.0
17,1,87,4.6100,2.5
17,1,87,0.5261,2.5
17,1,88,5.0171,4.25
17,1,88,0.3135,4.25
17,1,89,4.6379,3.25
17,1,89,0.7283,3.25
17,1,90,4.8445,5.5
17,1,90,0.1998,5.5
17,1,91,4.6090,3.5
17,1,91,0.8992,3.5
17,1,92,4.5348,5.25
17,1,92,0.4709,5.25
17,1,93,3.7960,3.5
17,1,93,1.3338,3.5
17,1,94,5.1088,3.5
17,1,94,0.3168,3.5
17,1,95,4.9954,5.25
17,1,95,1.2530,5.25
17,1,96,3.7421,1.5
17,1,96,0.2279,1.5
17,1,97,3.9283,2.5
17,1,97,0.5306,2.5
17,1,98,5.0162,3.5
17,1,98,0.9828,3.5
17,1,99,4.1341,3.5
17,1,99,0.1636,3.5
17,1,100,4.2173,2.75
17,1,100,0.8849,2.75
17,1,101,4.0904,3.0
17,1,101,0.6235,3.0
17,1,102,3.7195,3.75
17,1,102,0.6648,3.75
17,1,104,4.2801,3.25
17,1,104,1.1836,3.25
17,1,105,4.8399,3.75
17,1,105,0.5828,3.75
17,1,106,4.4842,2.75
17,1,106,1.2569,2.75
17,1,107,4.8674,3.25
17,1,107,0.7090,3.25
17,1,108,4.4191,2.5
17,1,108,0.4367,2.5
17,1,109,4.2697,2.5
18,1,2,0.9594,4.25
18,1,2,0.5841,4.25
18,1,3,1.0433,2.25
18,1,3,0.5759,2.25
18,1,4,1.0888,3.0
18,1,4,0.4726,3.0
18,1,5,1.0031,1.5
18,1,5,0.0724,1.5
18,1,6,1.1604,3.5
18,1,6,0.3609,3.5
18,1,7,1.1438,2.5
18,1,7,0.1194,2.5
18,1,8,1.1399,2.25
18,1,8,-0.0400,2.25
18,1,9,1.2997,2.0
18,1,9,0.1802,2.0
18,1,10,1.3717,1.75
18,1,10,0.3850,1.75
18,1,11,1.2931,5.75
18,1,11,0.3347,5.75
18,1,12,1.2929,6.0
18,1,12,0.4472,6.0
18,1,16,-0.4196,2.33333
18,1,16,0.7273,2.33333
18,1,17,-0.1872,3.0
18,1,17,0.5672,3.0
18,1,18,0.0289,2.75
18,1,18,0.6300,2.75
18,1,19,-0.0005,2.75
18,1,19,0.3694,2.75
18,1,20,0.2375,2.75
18,1,20,0.6757,2.75
18,1,21,0.2875,2.5
18,1,21,0.6644,2.5
18,1,28,0.4222,3.25
18,1,28,0.9019,3.25
18,1,29,0.3998,3.75
18,1,29,0.8221,3.75
18,1,30,0.4094,2.75
18,1,30,0.5833,2.75
18,1,31,-0.0029,3.75
18,1,31,0.7840,3.75
18,1,32,0.2623,1.25
18,1,32,0.7765,1.25
18,1,33,0.3674,1.0
18,1,33,0.7446,1.0
18,1,34,0.1843,2.25
18,1,34,0.5620,2.25
18,1,35,0.4858,2.25
18,1,35,0.4047,2.25
18,1,36,0.2196,2.25
18,1,36,0.6363,2.25
18,1,37,0.4087,2.75
18,1,37,0.6300,2.75
18,1,38,-0.2269,3.5
18,1,38,0.5794,3.5
18,1,39,0.1821,4.0
18,1,39,0.2944,4.0
18,1,40,0.1536,4.0
18,1,40,0.5964,4.0
18,1,41,0.1679,4.0
18,1,41,0.4243,4.0
18,1,42,-0.1433,2.5
18,1,42,0.2957,2.5
18,1,43,-0.1417,4.25
18,1,43,0.4030,4.25
18,1,44,-0.1291,2.5
18,1,44,0.2716,2.5
18,1,45,0.4779,4.75
18,1,45,0.3108,4.75
18,1,46,0.1196,2.25
18,1,46,0.5826,2.25
18,1,47,0.0711,1.75
18,1,47,0.3739,1.75
18,1,48,-0.0476,1.75
18,1,48,0.3030,1.75
18,1,49,0.1188,1.5
18,1,49,0.5235,1.5
18,1,50,0.0305,2.25
18,1,50,0.4328,2.25
18,1,51,0.1865,1.25
18,1,51,0.4485,1.25
18,1,53,0.6013,3.25
18,1,53,0.7208,3.25
18,1,54,0.8829,1.25
18,1,54,0.2935,1.25
18,1,55,0.4788,1.75
18,1,55,0.5019,1.75
18,1,56,0.6738,3.25
18,1,56,0.2936,3.25
18,1,59,0.5681,1.66667
18,1,59,0.4852,1.66667
18,1,60,0.8731,1.0
18,1,60,0.5721,1.0
18,1,61,0.7550,3.25
18,1,61,0.3873,3.25
18,1,62,0.9163,1.5
18,1,62,0.4878,1.5
18,1,64,0.9112,2.25
18,1,64,0.3529,2.25
18,1,65,0.5001,1.0
18,1,65,0.4145,1.0
18,1,66,0.2670,1.75
18,1,66,0.0558,1.75
18,1,67,0.3590,1.0
18,1,67,0.1130,1.0
18,1,68,0.6657,2.5
18,1,68,0.2470,2.5
18,1,74,0.3183,1.5
18,1,74,0.4017,1.5
18,1,75,0.4071,1.0
18,1,75,0.6052,1.0
18,1,76,0.6536,2.0
18,1,76,0.6056,2.0
18,1,77,0.7043,1.0
18,1,77,0.6189,1.0
18,1,78,0.4556,2.0
18,1,78,0.3011,2.0
18,1,79,0.0118,2.25
18,1,79,0.6233,2.25
18,1,80,0.0896,3.5
18,1,80,0.6459,3.5
18,1,81,0.3888,3.75
18,1,81,0.5408,3.75
18,1,82,0.0045,3.25
18,1,82,0.4571,3.25
18,1,84,0.5145,4.5
18,1,84,0.6477,4.5
18,1,85,0.1522,4.0
18,1,85,0.6825,4.0
18,1,90,0.3938,2.5
18,1,90,0.4616,2.5
18,1,91,0.1534,2.5
18,1,91,0.7402,2.5
18,1,92,0.3790,2.25
18,1,92,0.4230,2.25
18,1,93,0.3154,2.0
18,1,93,0.3720,2.0
18,1,94,0.2813,2.5
18,1,94,0.3860,2.5
18,1,95,0.1999,4.25
18,1,95,0.5771,4.25
18,1,96,0.4338,2.5
18,1,96,0.3288,2.5
18,1,97,-0.1743,3.25
18,1,97,0.6202,3.25
18,1,98,0.3041,2.25
18,1,98,0.3659,2.25
18,1,99,0.7735,2.5
18,1,99,0.3020,2.5
18,1,100,-0.0418,3.75
18,1,100,0.4949,3.75
18,1,101,0.0635,2.25
18,1,101,0.6476,2.25
18,1,102,0.2805,2.25
18,1,102,0.4068,2.25
18,1,103,0.2484,2.0
18,1,103,0.2684,2.0
18,1,104,0.2248,3.25
18,1,104,0.2092,3.25
18,1,105,0.3491,1.75
18,1,105,0.3400,1.75
18,1,109,0.1232,3.0
18,1,109,0.5374,3.0
18,1,111,0.3254,2.75
18,1,111,0.4668,2.75
18,1,112,-0.2388,1.25
