3,1,47,6.27207136154,4.25
3,1,47,6.27298355103,4.25
3,1,10,6.36709547043,2.875
3,1,10,6.36658668518,2.875
3,1,101,3.86055445671,4.375
3,1,101,3.86037445068,4.375
3,1,64,5.16578626633,5.75
3,1,64,5.17143058777,5.75
3,1,45,5.26960420609,4.25
3,1,45,5.27112054825,4.25
3,1,8,5.67365503311,3.5
3,1,8,5.67239570618,3.5
3,1,99,4.17467403412,1.5
3,1,99,4.17356872559,1.5
3,1,94,4.0639333725,3.25
3,1,94,4.06546163559,3.25
3,1,43,5.08050346375,4.0
3,1,43,5.08101081848,4.0
3,1,6,5.4647731781,4.5
3,1,6,5.46348524094,4.5
3,1,97,4.05894470215,1.25
3,1,97,4.06076049805,1.25
3,1,92,5.17575788498,3.5
3,1,92,5.17519903183,3.5
3,1,41,2.72188448906,3.25
3,1,41,2.72288537025,3.25
3,1,4,5.23468542099,3.25
3,1,4,5.23435354233,3.25
3,1,90,4.26028871536,3.75
3,1,90,4.26182317734,3.75
3,1,39,5.96836709976,5.75
3,1,39,5.96793556213,5.75
3,1,2,2.7389497757,4.5
3,1,2,2.73972582817,4.5
3,1,88,4.00448560715,4.0
3,1,88,3.99664878845,4.0
3,1,37,4.95100879669,3.125
3,1,37,4.95301437378,3.125
3,1,86,4.67032527924,4.25
3,1,86,4.66905641556,4.25
3,1,35,5.14345836639,4.375
3,1,35,5.14323425293,4.375
3,1,30,3.58763718605,4.5
3,1,30,3.58678483963,4.5
3,1,84,4.98723220825,3.75
3,1,84,4.98778486252,3.75
3,1,33,4.81853532791,3.0
3,1,33,4.81551361084,3.0
3,1,28,5.76619386673,4.75
3,1,28,5.76692247391,4.75
3,1,82,4.59410715103,3.0
3,1,82,4.59418058395,3.0
3,1,63,5.04605865479,4.75
3,1,63,5.0465669632,4.75
3,1,26,5.79221343994,4.0
3,1,26,5.79223060608,4.0
3,1,80,4.43727064133,2.75
3,1,80,4.44093608856,2.75
3,1,61,5.81924915314,5.5
3,1,61,5.81864929199,5.5
3,1,24,5.12539768219,4.5
3,1,24,5.12545490265,4.5
3,1,59,5.1123380661,5.5
3,1,59,5.11608028412,5.5
3,1,22,5.56434392929,4.83333
3,1,22,5.56325435638,4.83333
3,1,57,5.31767749786,4.875
3,1,57,5.31865310669,4.875
3,1,20,4.07336378098,2.5
3,1,20,4.07249927521,2.5
3,1,79,4.22782754898,5.25
3,1,79,4.22356653214,5.25
3,1,55,2.39984369278,3.25
3,1,55,2.39782738686,3.25
3,1,18,4.42131185532,3.75
3,1,18,4.42001676559,3.75
3,1,77,5.34501123428,4.5
3,1,77,5.3480629921,4.5
3,1,16,5.29585266113,4.75
3,1,16,5.29590845108,4.75
3,1,75,4.71604204178,4.0
3,1,75,4.71573972702,4.0
3,1,51,4.52715969086,4.5
3,1,51,4.53015375137,4.5
3,1,73,4.67958641052,3.0
3,1,73,4.67856311798,3.0
3,1,49,5.63461780548,5.0
3,1,49,5.63679885864,5.0
3,1,108,4.21154737473,2.25
3,1,108,4.20602083206,2.25
3,1,71,3.95201206207,2.0
3,1,71,3.95195102692,2.0
3,1,15,4.89627075195,5.0
3,1,15,4.89572620392,5.0
3,1,106,2.62517666817,2.75
3,1,106,2.62129187584,2.75
3,1,104,3.76279139519,3.5
3,1,104,3.7696044445,3.5
3,1,102,4.28198385239,5.25
3,1,102,4.28511667252,5.25
3,1,65,4.86277961731,6.25
3,1,65,4.86260271072,6.25
3,1,46,4.85666799545,5.0
3,1,46,4.85753965378,5.0
3,1,9,4.3355588913,2.75
3,1,9,4.33248662949,2.75
3,1,100,4.25291109085,2.375
3,1,100,4.25320005417,2.375
3,1,95,4.98290872574,3.75
3,1,95,4.98543930054,3.75
3,1,44,3.88355255127,3.0
3,1,44,3.88267636299,3.0
3,1,7,6.36781406403,4.75
3,1,7,6.3678560257,4.75
3,1,98,3.77907800674,1.75
3,1,98,3.78021192551,1.75
3,1,93,4.88939762115,3.25
3,1,93,4.88812828064,3.25
3,1,5,6.58835935593,6.0
3,1,5,6.58838748932,6.0
3,1,96,4.91256999969,3.875
3,1,96,4.91071224213,3.875
3,1,91,5.14877414703,4.0
3,1,91,5.15315914154,4.0
3,1,40,4.74964380264,5.0
3,1,40,4.75213003159,5.0
3,1,3,4.81479358673,3.0
3,1,3,4.81484222412,3.0
3,1,89,4.78790426254,4.25
3,1,89,4.79208850861,4.25
3,1,38,4.60591745377,4.5
3,1,38,4.6073102951,4.5
3,1,1,3.10726642609,3.875
3,1,1,3.10837173462,3.875
3,1,87,5.09653663635,4.25
3,1,87,5.09615182877,4.25
3,1,36,4.81957817078,3.5
3,1,36,4.81858682632,3.5
3,1,31,3.86357164383,3.66667
3,1,31,3.86470222473,3.66667
3,1,85,4.81246423721,2.0
3,1,85,4.81431770325,2.0
3,1,34,5.69809007645,4.125
3,1,34,5.69892215729,4.125
3,1,29,5.81115627289,1.25
3,1,29,5.80918502808,1.25
3,1,83,5.29966783524,4.5
3,1,83,5.29818964005,4.5
3,1,32,3.58989095688,4.5
3,1,32,3.59336018562,4.5
3,1,27,4.72685575485,5.25
3,1,27,4.72437858582,5.25
3,1,81,5.49359369278,2.75
3,1,81,5.49650335312,2.75
3,1,62,5.38485193253,4.375
3,1,62,5.38357639313,4.375
3,1,25,6.93672609329,5.5
3,1,25,6.93670034409,5.5
3,1,60,5.44664764404,5.5
3,1,60,5.44727611542,5.5
3,1,23,4.54885053635,3.875
3,1,23,4.54977750778,3.875
3,1,58,4.47709941864,4.5
3,1,58,4.47966384888,4.5
3,1,21,5.46353435516,4.5
3,1,21,5.46423053741,4.5
3,1,56,1.92162263393,4.0
3,1,56,1.90355849266,4.0
3,1,19,4.40779066086,4.125
3,1,19,4.40850639343,4.125
3,1,78,5.10537528992,5.25
3,1,78,5.10726833344,5.25
3,1,17,5.33589839935,5.0
3,1,17,5.33557891846,5.0
3,1,76,5.10450220108,4.0
3,1,76,5.10492610931,4.0
3,1,52,5.47252702713,3.5
3,1,52,5.47476863861,3.5
3,1,74,4.87227106094,4.0
3,1,74,4.87161779404,4.0
3,1,50,4.86711168289,4.66667
3,1,50,4.86671543121,4.66667
3,1,48,5.36716651917,2.5
3,1,48,5.36227226257,2.5
3,1,107,3.56254959106,5.25
3,1,107,3.55766916275,5.25
3,1,70,4.08864498138,2.75
3,1,70,4.0912399292,2.75
3,1,14,3.69631385803,3.75
3,1,14,3.69312238693,3.75
3,1,105,1.90336239338,1.25
3,1,105,1.90114712715,1.25
3,1,103,2.69560599327,1.5
3,1,103,2.6998000145,1.5
3,1,66,3.73312568665,3.0
3,1,66,3.73257899284,3.0
3,2,82,2.6595826149,3.25
3,2,82,2.65511155128,3.25
3,2,61,4.11387109756,4.375
3,2,61,4.11664915085,4.375
3,2,80,4.20248651505,4.75
3,2,80,4.2020277977,4.75
3,2,30,1.65865588188,3.625
3,2,30,1.65967011452,3.625
3,2,35,2.61774945259,3.875
3,2,35,2.61616373062,3.875
3,2,86,2.73067903519,2.75
3,2,86,2.73211073875,2.75
3,2,28,2.05793762207,4.0
3,2,28,2.05742406845,4.0
3,2,33,4.63377666473,5.0
3,2,33,4.63440561295,5.0
3,2,84,2.63072919846,4.0
3,2,84,2.62831878662,4.0
3,2,2,3.04458189011,1.875
3,2,2,3.0416059494,1.875
3,2,39,4.39558744431,4.25
3,2,39,4.39748287201,4.25
3,2,90,3.45832157135,4.25
3,2,90,3.45710277557,4.25
3,2,37,2.9440984726,2.25
3,2,37,2.94291520119,2.25
3,2,88,4.34049844742,4.0
3,2,88,4.3375711441,4.0
3,2,6,4.13033485413,5.25
3,2,6,4.13079786301,5.25
3,2,43,2.46237039566,4.0
3,2,43,2.4611582756,4.0
3,2,94,5.02766084671,3.75
3,2,94,5.02884244919,3.75
3,2,99,3.99016785622,2.625
3,2,99,3.99066448212,2.625
3,2,41,4.05429410934,3.5
3,2,41,4.05584096909,3.5
3,2,92,3.52689385414,3.25
3,2,92,3.52795648575,3.25
3,2,97,3.54362225533,5.0
3,2,97,3.54302978516,5.0
3,2,10,4.68941020966,4.0
3,2,10,4.68540477753,4.0
3,2,47,3.20490145683,3.875
3,2,47,3.2068169117,3.875
3,2,66,3.98724222183,3.75
3,2,66,3.9888048172,3.75
3,2,103,4.31481647491,4.0
3,2,103,4.31178998947,4.0
3,2,8,3.81447815895,6.0
3,2,8,3.81606173515,6.0
3,2,45,3.26041150093,3.25
3,2,45,3.25987505913,3.25
3,2,64,3.03013825417,2.375
3,2,64,3.02710032463,2.375
3,2,101,3.43756723404,3.125
3,2,101,3.43631696701,3.125
3,2,14,2.44459652901,3.75
3,2,14,2.44443964958,3.75
3,2,70,2.64724683762,3.66667
3,2,70,2.64906573296,3.66667
3,2,107,2.17862081528,4.625
3,2,107,2.17915415764,4.625
3,2,12,5.33624076843,5.25
3,2,12,5.33636569977,5.25
3,2,68,3.52473044395,5.5
3,2,68,3.52542114258,5.5
3,2,105,3.48194122314,3.5
3,2,105,3.48272252083,3.5
3,2,50,5.21067810059,3.75
3,2,50,5.20849990845,3.75
3,2,74,3.82032322884,3.25
3,2,74,3.81996440887,3.25
3,2,111,3.67811393738,3.5
3,2,111,3.67674994469,3.5
3,2,48,2.30198526382,4.25
3,2,48,2.30282592773,4.25
3,2,109,2.72386956215,1.95833
3,2,109,2.7277109623,1.95833
3,2,78,4.88117218018,2.75
3,2,78,4.88212299347,2.75
3,2,52,4.0334777832,1.5
3,2,52,4.03382635117,1.5
3,2,56,4.17849349976,4.25
3,2,56,4.1774892807,4.25
3,2,112,2.84460091591,4.0
3,2,112,2.84174346924,4.0
3,2,62,4.63101863861,5.25
3,2,62,4.63030099869,5.25
3,2,27,4.36433315277,4.0
3,2,27,4.36726522446,4.0
3,2,60,2.90728211403,3.75
3,2,60,2.90164232254,3.75
3,2,83,4.52535247803,4.25
3,2,83,4.52592897415,4.25
3,2,34,3.00330877304,3.5
3,2,34,3.00591945648,3.5
3,2,81,3.95537948608,4.375
3,2,81,3.95007967949,4.375
3,2,31,4.24982213974,3.25
3,2,31,4.25081729889,3.25
3,2,32,4.2617020607,3.25
3,2,32,4.26231145859,3.25
3,2,87,2.86119747162,3.75
3,2,87,2.85802960396,3.75
3,2,29,2.11281609535,4.0
3,2,29,2.11397910118,4.0
3,2,38,5.57262134552,3.25
3,2,38,5.56651496887,3.25
3,2,85,2.91670489311,3.25
3,2,85,2.9220123291,3.25
3,2,36,3.72505736351,2.75
3,2,36,3.7219877243,2.75
3,2,91,4.70984172821,4.5
3,2,91,4.70114803314,4.5
3,2,42,1.94855976105,2.5
3,2,42,1.94663405418,2.5
3,2,89,4.34583902359,3.25
3,2,89,4.34653759003,3.25
3,2,98,4.44955873489,4.5
3,2,98,4.44965219498,4.5
3,2,7,2.59752583504,6.0
3,2,7,2.59586596489,6.0
3,2,40,3.92128634453,2.75
3,2,40,3.92362689972,2.75
3,2,95,2.46841311455,1.5
3,2,95,2.46579289436,1.5
3,2,96,3.20510601997,3.125
3,2,96,3.20537734032,3.125
3,2,5,3.88782739639,3.25
3,2,5,3.88783144951,3.25
3,2,46,3.47674155235,4.5
3,2,46,3.48298549652,4.5
3,2,93,4.23178434372,5.0
3,2,93,4.23288249969,5.0
3,2,102,3.7981262207,2.0
3,2,102,3.79738783836,2.0
3,2,11,4.21586275101,4.125
3,2,11,4.21526575089,4.125
3,2,44,1.68850266933,5.0
3,2,44,1.69342720509,5.0
3,2,67,5.19010066986,5.25
3,2,67,5.19206571579,5.25
3,2,100,3.04199290276,1.25
3,2,100,3.04185986519,1.25
3,2,9,4.1567902565,4.5
3,2,9,4.15794897079,4.5
3,2,65,2.89702415466,3.0
3,2,65,2.90437722206,3.0
3,2,106,3.20215535164,3.875
3,2,106,3.20160102844,3.875
3,2,71,3.47129583359,2.375
3,2,71,3.46929597855,2.375
3,2,104,1.17466950417,3.5
3,2,104,1.17856693268,3.5
3,2,13,5.01024198532,5.0
3,2,13,5.00913143158,5.0
3,2,69,2.25945782661,1.25
3,2,69,2.25649213791,1.25
3,2,110,3.70050430298,4.25
3,2,110,3.70124936104,4.25
3,2,51,4.51422309875,4.0
3,2,51,4.51302862167,4.0
3,2,108,2.82098674774,4.0
3,2,108,2.82000231743,4.0
3,2,49,3.42913389206,2.75
3,2,49,3.43442130089,2.75
3,2,73,3.74990534782,3.75
3,2,73,3.75048851967,3.75
3,2,55,4.52255821228,3.33333
3,2,55,4.52065610886,3.33333
3,2,79,3.11461663246,3.75
3,2,79,3.11360740662,3.75
3,2,53,3.77553534508,4.5
3,2,53,3.7785422802,4.5
3,2,77,4.05578947067,2.25
3,2,77,4.05568885803,2.25
3,2,59,3.91824960709,2.25
3,2,59,3.91684389114,2.25
3,2,113,3.24898195267,3.0
3,2,113,3.2474834919,3.0
3,2,26,2.52899241447,2.5
3,2,26,2.5346660614,2.5
3,2,63,1.28527414799,1.25
3,2,63,1.28176474571,1.25
4,1,29,3.23226308823,3.0
4,1,29,3.23892807961,3.0
4,1,58,4.35154533386,2.25
4,1,58,4.34960174561,2.25
4,1,85,2.51356053352,2.5
4,1,85,2.51823472977,2.5
4,1,114,2.06559586525,1.5
4,1,114,2.06630158424,1.5
4,1,31,3.07317709923,2.25
4,1,31,3.07334327698,2.25
4,1,36,2.59593915939,0.875
4,1,36,2.58862519264,0.875
4,1,87,2.54180026054,3.25
4,1,87,2.54172086716,3.25
4,1,25,3.07738757133,1.5
4,1,25,3.07952260971,1.5
4,1,38,3.27131009102,2.5
4,1,38,3.27376699448,2.5
4,1,81,2.66765499115,3.0
4,1,81,2.67151093483,3.0
4,1,27,1.64546000957,2.75
4,1,27,1.64101433754,2.75
4,1,32,3.00391435623,1.5
4,1,32,3.002576828,1.5
4,1,83,2.14641189575,3.25
4,1,83,2.14317011833,3.25
4,1,5,1.53381001949,1.0
4,1,5,1.53357923031,1.0
4,1,34,2.55655097961,1.5
4,1,34,2.55579423904,1.5
4,1,93,2.92481184006,3.0
4,1,93,2.92203378677,3.0
4,1,7,2.16301369667,1.75
4,1,7,2.16435861588,1.75
4,1,95,2.10367655754,3.5
4,1,95,2.10742735863,3.5
4,1,100,2.72861289978,0.75
4,1,100,2.72982573509,0.75
4,1,46,4.59504508972,3.75
4,1,46,4.59061956406,3.75
4,1,89,2.56101322174,1.75
4,1,89,2.56186842918,1.75
4,1,102,2.20316720009,1.5
4,1,102,2.20475792885,1.5
4,1,3,2.03436112404,3.5
4,1,3,2.03599786758,3.5
4,1,40,4.39923000336,4.0
4,1,40,4.39494800568,4.0
4,1,91,2.9430975914,2.25
4,1,91,2.94142794609,2.25
4,1,96,2.3890683651,2.75
4,1,96,2.39118885994,2.75
4,1,13,1.80544340611,1.5
4,1,13,1.80681371689,1.5
4,1,42,3.2982301712,1.75
4,1,42,3.30073690414,1.75
4,1,69,5.50664949417,5.5
4,1,69,5.50949525833,5.5
4,1,98,3.21424102783,3.25
4,1,98,3.21099233627,3.25
4,1,15,1.96450853348,0.75
4,1,15,1.96235001087,0.75
4,1,71,5.70555210114,2.125
4,1,71,5.7073135376,2.125
4,1,108,3.24176073074,3.25
4,1,108,3.24680995941,3.25
4,1,9,1.1356317997,1.0
4,1,9,1.13583111763,1.0
4,1,65,4.01249837875,4.75
4,1,65,4.01074647903,4.75
4,1,110,2.56200098991,4.0
4,1,110,2.55531644821,4.0
4,1,11,1.03341376781,1.0
4,1,11,1.02735793591,1.0
4,1,67,4.1994099617,1.75
4,1,67,4.19761037827,1.75
4,1,104,1.27493751049,1.25
4,1,104,1.27337157726,1.25
4,1,53,4.68092393875,2.5
4,1,53,4.68323516846,2.5
4,1,77,4.05320358276,2.625
4,1,77,4.05278205872,2.625
4,1,106,2.98277378082,2.125
4,1,106,2.98437452316,2.125
4,1,55,4.59007453918,2.5
4,1,55,4.58924007416,2.5
4,1,79,4.559882164,6.75
4,1,79,4.56007099152,6.75
4,1,49,4.78265380859,4.25
4,1,49,4.78129291534,4.25
4,1,73,4.96719741821,4.25
4,1,73,4.97514200211,4.25
4,1,22,1.75635302067,1.25
4,1,22,1.75643289089,1.25
4,1,51,4.81671476364,2.75
4,1,51,4.8145070076,2.75
4,1,75,3.93618130684,4.75
4,1,75,3.93498373032,4.75
4,1,16,1.41179263592,1.0
4,1,16,1.39314627647,1.0
4,1,117,2.16162347794,1.25
4,1,117,2.16384530067,1.25
4,1,63,1.54717361927,1.0
4,1,63,1.54870998859,1.0
4,1,28,3.21656727791,2.625
4,1,28,3.21243333817,2.625
4,1,57,4.73478031158,2.75
4,1,57,4.73767852783,2.75
4,1,84,2.38270354271,2.5
4,1,84,2.37902259827,2.5
4,1,113,1.98243248463,3.25
4,1,113,1.98479962349,3.25
4,1,30,3.12133741379,1.125
4,1,30,3.11729574203,1.125
4,1,59,4.47461128235,1.875
4,1,59,4.47444534302,1.875
4,1,86,1.98203015327,1.66667
4,1,86,1.98394858837,1.66667
4,1,115,2.46823549271,3.5
4,1,115,2.4722328186,3.5
4,1,24,2.93861818314,2.0
4,1,24,2.94443845749,2.0
4,1,37,3.85099601746,2.25
4,1,37,3.8497531414,2.25
4,1,80,3.10561442375,3.5
4,1,80,3.11228108406,3.5
4,1,26,4.14348888397,4.375
4,1,26,4.13907051086,4.375
4,1,39,3.86358094215,2.5
4,1,39,3.86725115776,2.5
4,1,82,2.50350165367,6.5
4,1,82,2.50260329247,6.5
4,1,4,1.26629018784,1.5
4,1,4,1.26768302917,1.5
4,1,33,2.65654301643,1.5
4,1,33,2.65939617157,1.5
4,1,92,2.78406977654,2.0
4,1,92,2.78688263893,2.0
4,1,6,1.55005323887,1.5
4,1,6,1.55010688305,1.5
4,1,35,2.8535091877,1.75
4,1,35,2.84749054909,1.75
4,1,94,2.27998924255,1.5
4,1,94,2.28314495087,1.5
4,1,45,3.81097316742,2.125
4,1,45,3.80895853043,2.125
4,1,88,2.16002178192,1.5
4,1,88,2.16371679306,1.5
4,1,101,2.26661992073,3.875
4,1,101,2.2674639225,3.875
4,1,47,4.0980052948,2.125
4,1,47,4.10082912445,2.125
4,1,90,2.99673843384,1.375
4,1,90,3.00366091728,1.375
4,1,103,2.83153772354,1.0
4,1,103,2.8362326622,1.0
4,1,12,2.28596758842,2.5
4,1,12,2.28639101982,2.5
4,1,41,4.6182217598,2.5
4,1,41,4.62216758728,2.5
4,1,68,3.89617586136,5.5
4,1,68,3.89822793007,5.5
4,1,97,2.50546050072,1.625
4,1,97,2.50305008888,1.625
4,1,70,3.63602495193,5.25
4,1,70,3.63335967064,5.25
4,1,99,3.59468102455,2.375
4,1,99,3.59369516373,2.375
4,1,8,1.14727449417,0.75
4,1,8,1.14613735676,0.75
4,1,64,3.60729646683,3.5
4,1,64,3.60873532295,3.5
4,1,109,2.61443519592,2.75
4,1,109,2.61382126808,2.75
4,1,10,1.25305771828,3.0
4,1,10,1.25492095947,3.0
4,1,66,1.24751853943,1.0
4,1,66,1.24367296696,1.0
4,1,111,2.50015091896,3.5
4,1,111,2.49873495102,3.5
4,1,52,5.18758487701,3.25
4,1,52,5.18415880203,3.25
4,1,105,2.81582713127,3.625
4,1,105,2.81786203384,3.625
4,1,54,4.78652620316,3.375
4,1,54,4.78998184204,3.375
4,1,78,2.85054922104,3.25
4,1,78,2.85188341141,3.25
4,1,48,4.5750336647,1.5
4,1,48,4.57915639877,1.5
4,1,72,2.36904740334,2.375
4,1,72,2.36825656891,2.375
4,1,50,4.39503383636,2.0
4,1,50,4.39522314072,2.0
4,1,74,3.07779526711,3.5
4,1,74,3.07896137238,3.5
4,1,23,1.71566081047,1.0
4,1,23,1.71435630322,1.0
4,1,116,3.21183633804,1.75
4,1,116,3.20903301239,1.75
4,1,118,3.74303269386,4.5
4,1,118,3.74307394028,4.5
4,1,56,4.53434896469,2.0
4,1,56,4.53472614288,2.0
4,1,112,1.91979396343,1.0
4,1,112,1.91896140575,1.0
7,1,40,5.12614631653,5.5
7,1,40,5.25197553635,5.5
7,1,3,4.32200956345,4.75
7,1,3,4.20979738235,4.75
7,1,102,3.89210534096,4.25
7,1,102,4.04732751846,4.25
7,1,46,5.28684282303,4.0
7,1,46,5.08330917358,4.0
7,1,1,4.0461025238,3.5
7,1,1,4.30384111404,3.5
7,1,44,4.22127485275,6.25
7,1,44,4.45505905151,6.25
7,1,7,4.24635648727,2.25
7,1,7,4.48694705963,2.25
7,1,90,4.43181705475,4.0
7,1,90,4.45435285568,4.0
7,1,34,4.276679039,5.5
7,1,34,4.93717765808,5.5
7,1,5,4.26723480225,4.75
7,1,5,4.29024648666,4.75
7,1,88,4.6806845665,6.5
7,1,88,4.70669794083,6.5
7,1,32,4.51466703415,3.75
7,1,32,4.3983168602,3.75
7,1,94,4.94966125488,3.0
7,1,94,5.00777626038,3.0
7,1,38,4.4232506752,3.5
7,1,38,4.35695266724,3.5
7,1,92,4.29731321335,5.75
7,1,92,4.56494855881,5.75
7,1,36,4.03192138672,4.25
7,1,36,3.86365675926,4.25
7,1,82,4.57548189163,5.25
7,1,82,4.90834331512,5.25
7,1,26,5.04934549332,3.0
7,1,26,5.2910490036,3.0
7,1,80,4.32821464539,2.0
7,1,80,4.40001964569,2.0
7,1,24,4.77942991257,5.0
7,1,24,4.96442937851,5.0
7,1,86,4.59639453888,3.25
7,1,86,4.95260858536,3.25
7,1,59,4.23150587082,5.25
7,1,59,4.25396060944,5.25
7,1,30,4.02580833435,3.0
7,1,30,4.21711540222,3.0
7,1,84,4.10179328918,4.75
7,1,84,3.93207788467,4.75
7,1,57,5.17674875259,4.25
7,1,57,4.95528936386,4.25
7,1,28,4.34307050705,5.25
7,1,28,4.90359830856,5.25
7,1,74,4.69175958633,4.25
7,1,74,4.7258310318,4.25
7,1,63,4.1842675209,5.5
7,1,63,4.25413799286,5.5
7,1,18,4.77234601974,6.0
7,1,18,4.88193225861,6.0
7,1,72,4.77833986282,2.0
7,1,72,4.93986368179,2.0
7,1,61,4.22520112991,5.0
7,1,61,4.23608016968,5.0
7,1,107,3.69767165184,4.0
7,1,107,3.79516339302,4.0
7,1,78,3.237449646,4.0
7,1,78,2.89671874046,4.0
7,1,51,4.99155139923,3.5
7,1,51,5.10845947266,3.5
7,1,22,4.21945524216,3.75
7,1,22,4.25472784042,3.75
7,1,105,4.70709848404,4.75
7,1,105,4.78765583038,4.75
7,1,76,5.12661409378,2.75
7,1,76,5.3626742363,2.75
7,1,49,4.25306606293,4.5
7,1,49,4.51549291611,4.5
7,1,20,4.05473709106,5.25
7,1,20,4.47145271301,5.25
7,1,66,3.29171895981,4.25
7,1,66,3.37528038025,4.25
7,1,55,3.85636663437,2.5
7,1,55,3.89110851288,2.5
7,1,10,4.26047372818,2.75
7,1,10,4.58566331863,2.75
7,1,109,4.00213575363,6.25
7,1,109,4.13132047653,6.25
7,1,64,3.49148011208,5.0
7,1,64,3.54586029053,5.0
7,1,53,4.89974927902,5.5
7,1,53,4.76374053955,5.5
7,1,8,4.69815397263,4.5
7,1,8,4.72126245499,4.5
7,1,70,4.20549678802,5.5
7,1,70,4.49066781998,5.5
7,1,43,4.84891843796,3.5
7,1,43,5.17918252945,3.5
7,1,14,2.5525393486,1.75
7,1,14,2.72809505463,1.75
7,1,97,3.15242600441,5.5
7,1,97,3.19767951965,5.5
7,1,68,3.03075790405,4.25
7,1,68,2.90121150017,4.25
7,1,41,4.00262451172,4.75
7,1,41,4.84881830215,4.75
7,1,12,2.96880936623,5.0
7,1,12,3.10558915138,5.0
7,1,103,3.57815408707,3.25
7,1,103,4.20599412918,3.25
7,1,47,5.09729862213,4.5
7,1,47,5.24215173721,4.5
7,1,2,4.31247282028,5.5
7,1,2,4.4125494957,5.5
7,1,101,3.52093648911,4.0
7,1,101,4.10153579712,4.0
7,1,45,4.45719718933,4.5
7,1,45,4.71630048752,4.5
7,1,35,4.35753393173,6.0
7,1,35,4.5509428978,6.0
7,1,89,4.22038888931,5.25
7,1,89,4.47254800797,5.25
7,1,33,4.5387506485,4.75
7,1,33,4.70364904404,4.75
7,1,4,4.36572599411,3.25
7,1,4,4.77841663361,3.25
7,1,95,4.72438430786,4.75
7,1,95,4.40930128098,4.75
7,1,39,4.1246471405,5.5
7,1,39,4.41216516495,5.5
7,1,93,4.47478961945,4.25
7,1,93,4.66376543045,4.25
7,1,37,4.33702516556,4.25
7,1,37,4.11772537231,4.25
7,1,83,4.1281709671,4.75
7,1,83,4.53016901016,4.75
7,1,27,4.61852121353,4.25
7,1,27,4.66491746902,4.25
7,1,81,4.772149086,4.0
7,1,81,4.8686466217,4.0
7,1,25,4.00817966461,4.5
7,1,25,4.09997558594,4.5
7,1,31,4.04830121994,4.5
7,1,31,4.1486415863,4.5
7,1,58,4.38989686966,6.0
7,1,58,4.30517625809,6.0
7,1,29,4.55991649628,4.25
7,1,29,4.89035654068,4.25
7,1,75,4.43487453461,4.75
7,1,75,5.04305076599,4.75
7,1,19,4.32887601852,4.75
7,1,19,4.38675880432,4.75
7,1,73,4.19735717773,1.0
7,1,73,4.65814065933,1.0
7,1,62,4.47557258606,4.5
7,1,62,4.4551448822,4.5
7,1,79,3.71869301796,3.0
7,1,79,3.90733885765,3.0
7,1,60,3.95045471191,3.25
7,1,60,3.87511372566,3.25
7,1,23,4.26428365707,4.0
7,1,23,4.7080745697,4.0
7,1,106,4.30791044235,4.75
7,1,106,4.55418014526,4.75
7,1,50,4.65266895294,5.0
7,1,50,4.96491384506,5.0
7,1,104,4.31768321991,4.75
7,1,104,4.35165596008,4.75
7,1,67,3.3340010643,4.75
7,1,67,3.00864195824,4.75
7,1,48,4.82755231857,1.5
7,1,48,5.31777238846,1.5
7,1,11,2.87513780594,1.75
7,1,11,2.9336411953,1.75
7,1,65,3.15669751167,5.25
7,1,65,3.03059482574,5.25
7,1,54,4.51980352402,5.5
7,1,54,4.61856555939,5.5
7,1,9,3.70342540741,2.0
7,1,9,3.95606207848,2.0
7,1,108,3.68421530724,2.75
7,1,108,3.66890978813,2.75
7,1,71,4.3685836792,4.75
7,1,71,4.59202098846,4.75
7,1,52,4.83815765381,0.75
7,1,52,5.13622140884,0.75
7,1,98,4.20372629166,3.25
7,1,98,4.61601924896,3.25
7,1,69,3.75757098198,5.5
7,1,69,4.28075647354,5.5
7,1,42,5.45789670944,3.0
7,1,42,5.51154088974,3.0
7,1,13,2.5287668705,3.0
7,1,13,3.17783403397,3.0
7,1,96,4.49534368515,5.5
7,1,96,4.71694469452,5.5
7,2,77,3.41848540306,4.25
7,2,77,3.66492962837,4.25
7,2,102,4.09659767151,5.25
7,2,102,4.33502006531,5.25
7,2,3,3.31657910347,5.75
7,2,3,4.11366701126,5.75
7,2,75,3.57960891724,3.5
7,2,75,3.81683397293,3.5
7,2,100,2.75195503235,1.75
7,2,100,2.60481619835,1.75
7,2,1,2.71295714378,4.25
7,2,1,3.06423616409,4.25
7,2,73,3.28685450554,3.25
7,2,73,3.34750747681,3.25
7,2,98,4.10138368607,3.75
7,2,98,4.43369626999,3.75
7,2,63,3.80330824852,5.25
7,2,63,4.24590301514,5.25
7,2,71,3.03243613243,4.0
7,2,71,3.62349653244,4.0
7,2,96,4.1304564476,3.5
7,2,96,4.46598243713,3.5
7,2,61,3.06691646576,5.5
7,2,61,3.32063484192,5.5
7,2,69,3.88650345802,4.25
7,2,69,4.09546470642,4.25
7,2,30,3.50059056282,3.0
7,2,30,3.83256387711,3.0
7,2,28,4.38362884521,5.75
7,2,28,4.48866987228,5.75
7,2,57,3.38651776314,1.5
7,2,57,3.23803710938,1.5
7,2,65,4.36657857895,5.0
7,2,65,4.21153783798,5.0
7,2,26,3.84930562973,4.25
7,2,26,3.94834256172,4.25
7,2,55,2.95152378082,4.0
7,2,55,2.70945096016,4.0
7,2,24,4.09383296967,3.75
7,2,24,4.14137983322,3.75
7,2,53,3.74834561348,5.0
7,2,53,4.11392593384,5.0
7,2,22,3.93809890747,3.0
7,2,22,4.11708879471,3.0
7,2,51,3.96309661865,4.75
7,2,51,4.05127668381,4.75
7,2,94,3.57858633995,3.25
7,2,94,3.86805891991,3.25
7,2,20,4.79933643341,5.5
7,2,20,4.68058729172,5.5
7,2,49,4.42736005783,4.0
7,2,49,4.84468793869,4.0
7,2,92,3.9487156868,4.66667
7,2,92,4.08122587204,4.66667
7,2,18,3.87253403664,3.5
7,2,18,4.06616020203,3.5
7,2,47,4.86267995834,4.0
7,2,47,5.11637067795,4.0
7,2,90,4.12708234787,4.0
7,2,90,4.52214670181,4.0
7,2,16,4.06063890457,5.0
7,2,16,4.35848045349,5.0
7,2,45,3.86181974411,2.5
7,2,45,4.18454551697,2.5
7,2,88,3.91216659546,5.0
7,2,88,4.49535083771,5.0
7,2,14,4.58595466614,5.5
7,2,14,4.91399669647,5.5
7,2,43,4.44589567184,2.75
7,2,43,4.53131628036,2.75
7,2,86,4.05407333374,2.5
7,2,86,4.84592437744,2.5
7,2,12,4.08926057816,4.25
7,2,12,4.01055383682,4.25
7,2,84,3.77845573425,3.75
7,2,84,4.06056022644,3.75
7,2,10,3.20940542221,4.0
7,2,10,3.82073378563,4.0
7,2,39,3.79365301132,4.0
7,2,39,3.90010285378,4.0
7,2,82,3.64895749092,3.25
7,2,82,4.25600767136,3.25
7,2,8,3.24073767662,4.0
7,2,8,3.35411143303,4.0
7,2,37,4.27072429657,3.5
7,2,37,4.14664840698,3.5
7,2,80,4.37199258804,4.0
7,2,80,4.21187448502,4.0
7,2,109,2.79251861572,5.25
7,2,109,3.38562703133,5.25
7,2,6,4.37353038788,4.0
7,2,6,4.63057470322,4.0
7,2,35,3.21694302559,3.5
7,2,35,2.92176795006,3.5
7,2,78,3.03376293182,5.0
7,2,78,3.42040085793,5.0
7,2,107,4.45554161072,4.5
7,2,107,4.95172071457,4.5
7,2,4,3.39010262489,3.0
7,2,4,3.54857993126,3.0
7,2,33,3.39874601364,1.5
7,2,33,3.55488181114,1.5
7,2,76,3.91143989563,4.5
7,2,76,4.61227750778,4.5
7,2,105,4.2545337677,3.0
7,2,105,4.59479379654,3.0
7,2,2,2.92453074455,2.75
7,2,2,3.43079161644,2.75
7,2,74,3.47644615173,2.5
7,2,74,3.9195535183,2.5
7,2,103,3.56021618843,4.25
7,2,103,3.59187340736,4.25
7,2,72,4.8031001091,4.25
7,2,72,5.12530231476,4.25
7,2,70,3.58748197556,3.25
7,2,70,3.93094444275,3.25
7,2,99,3.88944840431,4.25
7,2,99,4.28518390656,4.25
7,2,60,3.12871956825,4.0
7,2,60,2.47037386894,4.0
7,2,68,3.18926405907,6.5
7,2,68,3.26034808159,6.5
7,2,97,3.07674026489,3.0
7,2,97,3.59985494614,3.0
7,2,58,3.3902220726,4.0
7,2,58,3.19923520088,4.0
7,2,66,4.03320741653,5.5
7,2,66,3.99058914185,5.5
7,2,31,3.81048583984,3.75
7,2,31,3.96010231972,3.75
7,2,56,3.00632166862,4.75
7,2,56,3.62038350105,4.75
7,2,64,3.12940144539,3.25
7,2,64,2.89181780815,3.25
7,2,29,3.71995949745,1.75
7,2,29,3.91908812523,1.75
7,2,27,4.23936653137,4.25
7,2,27,4.8578119278,4.25
7,2,52,3.62185525894,3.25
7,2,52,3.85617637634,3.25
7,2,25,4.56850337982,4.75
7,2,25,4.50407600403,4.75
7,2,50,4.26023721695,4.25
7,2,50,4.79770612717,4.25
7,2,23,3.68393111229,1.75
7,2,23,3.73993611336,1.75
7,2,48,4.79169130325,3.75
7,2,48,4.74783611298,3.75
7,2,95,3.50172066689,2.5
7,2,95,4.02071905136,2.5
7,2,21,3.70424103737,1.5
7,2,21,3.81981706619,1.5
7,2,46,3.43214964867,4.75
7,2,46,3.29283809662,4.75
7,2,93,3.63228774071,4.75
7,2,93,3.60526919365,4.75
7,2,19,3.48425602913,4.5
7,2,19,3.79946613312,4.5
7,2,44,3.61051392555,4.5
7,2,44,3.82899236679,4.5
7,2,91,4.26483631134,3.75
7,2,91,4.44546508789,3.75
7,2,17,4.16996717453,6.0
7,2,17,4.57881069183,6.0
7,2,42,4.63808822632,3.0
7,2,42,5.11389064789,3.0
7,2,89,3.89379501343,3.0
7,2,89,4.20244264603,3.0
7,2,40,4.40411567688,5.25
7,2,40,4.72472286224,5.25
7,2,87,3.90630173683,4.5
7,2,87,4.08335018158,4.5
7,2,13,2.9084918499,4.75
7,2,13,3.61182332039,4.75
7,2,38,4.45620107651,5.25
7,2,38,4.34370422363,5.25
7,2,85,3.91525316238,2.5
7,2,85,4.49017286301,2.5
7,2,110,2.38348174095,4.75
7,2,110,3.24589419365,4.75
7,2,11,2.80375933647,2.75
7,2,11,2.81498336792,2.75
7,2,36,4.28746700287,2.5
7,2,36,4.0221657753,2.5
7,2,83,4.19763374329,5.0
7,2,83,4.90512800217,5.0
7,2,108,3.21510243416,5.5
7,2,108,3.35907864571,5.5
7,2,9,3.61350369453,4.0
7,2,9,3.82428121567,4.0
7,2,34,3.39529395103,4.25
7,2,34,3.62483429909,4.25
7,2,106,3.88789725304,6.25
7,2,106,4.03264760971,6.25
7,2,7,4.26494312286,5.0
7,2,7,4.60473775864,5.0
7,2,32,4.08378982544,4.5
7,2,32,4.33714056015,4.5
7,2,104,3.66913247108,3.5
7,2,104,3.31556391716,3.5
7,2,5,3.73839426041,3.25
7,2,5,3.98400020599,3.25
8,1,34,3.4921066761,2.5
8,1,34,3.41214966774,2.5
8,1,7,2.27343606949,1.0
8,1,7,2.69461488724,1.0
8,1,94,1.16183364391,1.75
8,1,94,1.51717317104,1.75
8,1,21,2.34843111038,1.75
8,1,21,2.86520862579,1.75
8,1,35,3.41559720039,3.0
8,1,35,3.11687397957,3.0
8,1,49,2.78779268265,2.25
8,1,49,2.69766259193,2.25
8,1,8,2.10949993134,1.0
8,1,8,2.51341867447,1.0
8,1,95,2.51080870628,2.25
8,1,95,2.71354365349,2.25
8,1,22,3.31308722496,3.5
8,1,22,3.23412132263,3.5
8,1,36,2.64541292191,3.75
8,1,36,2.75976133347,3.75
8,1,50,2.01513838768,1.0
8,1,50,1.30535709858,1.0
8,1,9,3.31576824188,2.0
8,1,9,3.19165682793,2.0
8,1,64,2.39120292664,1.25
8,1,64,2.40543866158,1.25
8,1,23,4.30061292648,3.25
8,1,23,3.93655133247,3.25
8,1,37,2.69322490692,1.75
8,1,37,2.70637488365,1.75
8,1,51,1.57146966457,1.0
8,1,51,1.6334053278,1.0
8,1,10,2.6042137146,1.75
8,1,10,2.72171378136,1.75
8,1,65,1.91960179806,2.0
8,1,65,1.55546295643,2.0
8,1,24,2.85607409477,3.75
8,1,24,2.54555702209,3.75
8,1,38,3.50549197197,2.25
8,1,38,3.38388609886,2.25
8,1,52,2.47291493416,1.25
8,1,52,2.30600166321,1.25
8,1,11,2.40209341049,2.0
8,1,11,2.28328347206,2.0
8,1,66,1.97684311867,2.25
8,1,66,2.10841727257,2.25
8,1,25,1.26390695572,2.5
8,1,25,1.49126875401,2.5
8,1,80,1.62252938747,1.75
8,1,80,1.74737215042,1.75
8,1,39,3.42890763283,3.0
8,1,39,3.24539709091,3.0
8,1,53,1.86457276344,2.25
8,1,53,2.05400013924,2.25
8,1,12,2.57874250412,1.0
8,1,12,2.85466742516,1.0
8,1,67,1.86716079712,2.25
8,1,67,1.86371254921,2.25
8,1,26,2.35032558441,2.75
8,1,26,2.60121154785,2.75
8,1,81,1.95738375187,2.25
8,1,81,2.21603512764,2.25
8,1,40,3.43353438377,1.75
8,1,40,3.02235412598,1.75
8,1,54,2.60033655167,3.0
8,1,54,2.74983024597,3.0
8,1,68,3.13863873482,1.5
8,1,68,2.61048388481,1.5
8,1,27,1.93452048302,2.0
8,1,27,1.73012876511,2.0
8,1,82,2.21901917458,1.75
8,1,82,2.08654284477,1.75
8,1,41,2.20286440849,1.5
8,1,41,2.1788790226,1.5
8,1,96,2.6172914505,2.5
8,1,96,2.65259695053,2.5
8,1,69,2.67901539803,2.5
8,1,69,2.71794223785,2.5
8,1,28,2.14792990685,1.0
8,1,28,1.31798362732,1.0
8,1,42,2.46790552139,3.5
8,1,42,2.21514987946,3.5
8,1,97,3.49535632133,2.25
8,1,97,3.6071434021,2.25
8,1,29,4.10317087173,3.25
8,1,29,3.63241529465,3.25
8,1,43,2.04848337173,1.75
8,1,43,1.85670614243,1.75
8,1,98,3.00370573997,0.75
8,1,98,2.7631983757,0.75
8,1,30,4.22977352142,2.5
8,1,30,3.448959589,2.5
8,1,85,2.58201670647,2.0
8,1,85,2.40705871582,2.0
8,1,44,2.58870863914,3.25
8,1,44,2.55570292473,3.25
8,1,58,1.58460175991,1.0
8,1,58,1.89498078823,1.0
8,1,31,3.29785943031,1.25
8,1,31,3.05874943733,1.25
8,1,86,2.02695822716,1.25
8,1,86,2.18867301941,1.25
8,1,59,2.79334497452,1.5
8,1,59,2.58540701866,1.5
8,1,73,1.44191944599,2.75
8,1,73,2.01902866364,2.75
8,1,87,1.68115413189,1.0
8,1,87,1.45994889736,1.0
8,1,60,1.2907449007,2.5
8,1,60,1.60983860493,2.5
8,1,74,2.04029083252,2.5
8,1,74,2.50255060196,2.5
8,1,88,1.72170734406,2.25
8,1,88,1.54269528389,2.25
8,1,61,1.67183792591,2.75
8,1,61,1.86265051365,2.75
8,1,75,2.9405143261,3.0
8,1,75,3.30314898491,3.0
8,1,2,4.4957780838,2.75
8,1,2,4.36916160583,2.75
8,1,89,1.62822437286,3.5
8,1,89,2.43473386765,3.5
8,1,16,3.90301990509,2.75
8,1,16,3.85849237442,2.75
8,1,62,1.23007822037,1.5
8,1,62,1.45965695381,1.5
8,1,76,1.98629057407,1.0
8,1,76,2.18276023865,1.0
8,1,3,2.97900414467,2.5
8,1,3,2.98082518578,2.5
8,1,17,3.90961551666,3.25
8,1,17,3.91736388206,3.25
8,1,63,2.66693878174,1.0
8,1,63,2.83300352097,1.0
8,1,77,2.24125409126,3.25
8,1,77,2.35386514664,3.25
8,1,4,2.12096762657,1.75
8,1,4,2.09996414185,1.75
8,1,91,2.06479740143,2.75
8,1,91,2.22102212906,2.75
8,1,18,3.18345975876,3.75
8,1,18,3.35321760178,3.75
8,1,32,3.43061065674,2.75
8,1,32,2.88762974739,2.75
8,1,78,2.22714424133,2.75
8,1,78,2.10300970078,2.75
8,1,5,2.10675930977,2.0
8,1,5,2.12975478172,2.0
8,1,92,1.7790902853,1.5
8,1,92,1.827491045,1.5
8,1,19,2.69726538658,2.25
8,1,19,2.52694320679,2.25
8,1,33,2.01235246658,1.75
8,1,33,1.97004163265,1.75
8,1,79,1.87691891193,2.0
8,1,79,1.81637918949,2.0
8,1,6,2.7652258873,1.5
8,1,6,2.59747481346,1.5
8,1,93,2.57613801956,1.75
8,1,93,2.54494071007,1.75
8,1,20,2.73124432564,2.5
8,1,20,2.3773598671,2.5
8,2,17,4.73434209824,3.5
8,2,17,4.7354016304,3.5
8,2,91,0.454892963171,2.25
8,2,91,0.454079389572,2.25
8,2,19,1.79195165634,2.0
8,2,19,1.79187548161,2.0
8,2,93,1.60678875446,4.25
8,2,93,1.60762190819,4.25
8,2,96,0.399150878191,2.0
8,2,96,0.400830447674,2.0
8,2,21,3.72099256516,2.25
8,2,21,3.72689533234,2.25
8,2,56,2.03625011444,2.0
8,2,56,2.04041194916,2.0
8,2,95,2.13276362419,2.0
8,2,95,2.13226747513,2.0
8,2,98,0.962558329105,3.0
8,2,98,0.967203199863,3.0
8,2,23,3.89623165131,2.5
8,2,23,3.89143705368,2.5
8,2,58,3.73618388176,3.0
8,2,58,3.73804354668,3.0
8,2,100,2.88004279137,3.25
8,2,100,2.8835234642,3.25
8,2,25,3.7253704071,2.75
8,2,25,3.72257995605,2.75
8,2,60,1.68456983566,3.5
8,2,60,1.68784224987,3.5
8,2,67,2.50920701027,1.625
8,2,67,2.50552296638,1.625
8,2,27,0.798910737038,4.0
8,2,27,0.79936760664,4.0
8,2,62,2.67031550407,1.75
8,2,62,2.6707611084,1.75
8,2,69,0.939029097557,3.5
8,2,69,0.939656257629,3.5
8,2,29,5.69884252548,4.75
8,2,29,5.68590593338,4.75
8,2,32,4.87901306152,4.0
8,2,32,4.87895584106,4.0
8,2,71,1.34833359718,2.0
8,2,71,1.33986330032,2.0
8,2,31,3.14032316208,2.75
8,2,31,3.14221334457,2.75
8,2,34,3.49865269661,3.5
8,2,34,3.4992454052,3.5
8,2,73,1.02722263336,3.5
8,2,73,1.03193056583,3.5
8,2,36,4.77074384689,3.75
8,2,36,4.76632452011,3.75
8,2,75,1.71998560429,4.0
8,2,75,1.71968173981,4.0
8,2,38,4.97375535965,3.75
8,2,38,4.97797727585,3.75
8,2,77,1.53952872753,4.75
8,2,77,1.52456748486,4.75
8,2,5,1.36496436596,3.75
8,2,5,1.36715769768,3.75
8,2,40,5.46457862854,2.0
8,2,40,5.46860742569,2.0
8,2,79,3.23760318756,4.0
8,2,79,3.229773283,4.0
8,2,7,1.61606442928,1.5
8,2,7,1.61872124672,1.5
8,2,42,4.02540206909,3.5
8,2,42,4.02884912491,3.5
8,2,9,1.91010904312,2.0
8,2,9,1.91447818279,2.0
8,2,44,3.6739461422,3.25
8,2,44,3.6785223484,3.25
8,2,11,2.29263448715,3.0
8,2,11,2.29412746429,3.0
8,2,46,3.49283337593,3.25
8,2,46,3.4936568737,3.25
8,2,80,3.83531403542,3.25
8,2,80,3.83313441277,3.25
8,2,15,2.7303583622,2.25
8,2,15,2.729855299,2.25
8,2,49,4.6402463913,4.0
8,2,49,4.64016103745,4.0
8,2,84,3.5950961113,3.5
8,2,84,3.58532381058,3.5
8,2,86,1.54598629475,3.25
8,2,86,1.54538714886,3.25
8,2,88,3.64408516884,3.75
8,2,88,3.64214968681,3.75
8,2,16,5.84049034119,4.0
8,2,16,5.84281158447,4.0
8,2,55,2.85765814781,3.75
8,2,55,2.85309410095,3.75
8,2,90,1.56062471867,1.5
8,2,90,1.56449341774,1.5
8,2,97,4.12458992004,4.25
8,2,97,4.12361812592,4.25
8,2,18,3.71582961082,3.5
8,2,18,3.7171216011,3.5
8,2,57,4.01701402664,4.75
8,2,57,4.01637220383,4.75
8,2,92,3.16253066063,2.0
8,2,92,3.16019558907,2.0
8,2,99,2.55020451546,4.0
8,2,99,2.55088543892,4.0
8,2,20,5.35708713531,3.75
8,2,20,5.35698461533,3.75
8,2,59,3.08423519135,4.5
8,2,59,3.08096623421,4.5
8,2,94,1.27821230888,3.0
8,2,94,1.2759758234,3.0
8,2,101,2.65709853172,2.75
8,2,101,2.66575288773,2.75
8,2,22,4.12575292587,2.25
8,2,22,4.12966823578,2.25
8,2,61,3.40299201012,4.0
8,2,61,3.40095353127,4.0
8,2,64,3.74097490311,4.75
8,2,64,3.74032068253,4.75
8,2,24,2.15917873383,3.0
8,2,24,2.15344762802,3.0
8,2,63,4.091588974,5.25
8,2,63,4.0906920433,5.25
8,2,26,1.2160513401,4.0
8,2,26,1.21569812298,4.0
8,2,33,1.53450989723,2.25
8,2,33,1.53315937519,2.25
8,2,68,2.13182020187,2.75
8,2,68,2.13468813896,2.75
8,2,28,1.37405514717,2.5
8,2,28,1.37826323509,2.5
8,2,35,4.51291561127,3.5
8,2,35,4.51478290558,3.5
8,2,70,2.60583329201,4.0
8,2,70,2.60440063477,4.0
8,2,30,4.55254936218,4.25
8,2,30,4.55087375641,4.25
8,2,37,4.369389534,2.25
8,2,37,4.36838054657,2.25
8,2,72,1.81604647636,3.5
8,2,72,1.8113540411,3.5
8,2,39,5.05658245087,2.0
8,2,39,5.06056213379,2.0
8,2,74,1.523884058,3.75
8,2,74,1.52277898788,3.75
8,2,41,2.81454515457,4.0
8,2,41,2.80970692635,4.0
8,2,76,4.03212499619,3.25
8,2,76,4.03204345703,3.25
8,2,4,0.55197429657,3.25
8,2,4,0.556008517742,3.25
8,2,43,1.53655648232,2.75
8,2,43,1.5402469635,2.75
8,2,78,1.46488511562,3.25
8,2,78,1.46769368649,3.25
8,2,6,0.972995221615,1.75
8,2,6,0.975212872028,1.75
8,2,45,4.79000616074,2.25
8,2,45,4.7915430069,2.25
8,2,8,3.72736477852,4.25
8,2,8,3.73318791389,4.25
8,2,47,1.48122155666,2.75
8,2,47,1.48308670521,2.75
8,2,10,1.74895381927,1.75
8,2,10,1.74004209042,1.75
8,2,83,1.28617250919,2.75
8,2,83,1.28823721409,2.75
8,2,85,1.70707094669,4.5
8,2,85,1.71401321888,4.5
8,2,48,4.22914600372,4.0
8,2,48,4.22690534592,4.0
8,2,87,3.71198391914,2.0
8,2,87,3.71182990074,2.0
8,2,50,5.03666353226,3.0
8,2,50,5.03649759293,3.0
8,2,89,4.0368103981,2.25
8,2,89,4.04119062424,2.25
9,1,81,2.96809697151,2.25
9,1,81,3.92211151123,2.25
9,1,27,3.85459780693,3.75
9,1,27,4.14115715027,3.75
9,1,83,3.51034879684,4.25
9,1,83,3.51604509354,4.25
9,1,29,2.7693169117,2.5
9,1,29,3.40163469315,2.5
9,1,32,2.96760296822,2.75
9,1,32,3.70357584953,2.75
9,1,85,4.36374092102,4.75
9,1,85,4.45819330215,4.75
9,1,31,3.68708205223,3.5
9,1,31,4.180975914,3.5
9,1,34,2.77770137787,3.25
9,1,34,2.81414580345,3.25
9,1,87,3.05794978142,3.25
9,1,87,2.84855723381,3.25
9,1,36,3.29526352882,3.5
9,1,36,3.35826158524,3.5
9,1,89,3.22433948517,2.75
9,1,89,3.6924905777,2.75
9,1,3,4.3372592926,4.75
9,1,3,4.9780254364,4.75
9,1,38,3.50788807869,3.5
9,1,38,3.87367367744,3.5
9,1,91,2.89717507362,3.75
9,1,91,3.4799849987,3.75
9,1,5,3.82363796234,5.75
9,1,5,4.59231328964,5.75
9,1,40,3.79546499252,2.25
9,1,40,3.9686229229,2.25
9,1,93,3.62689352036,3.25
9,1,93,3.78389239311,3.25
9,1,96,3.04569792747,4.25
9,1,96,3.93266439438,4.25
9,1,7,4.30043554306,4.25
9,1,7,4.12108612061,4.25
9,1,42,3.6970038414,4.0
9,1,42,4.1192650795,4.0
9,1,95,3.34220695496,4.25
9,1,95,3.60039663315,4.25
9,1,98,3.72918200493,2.25
9,1,98,3.99681997299,2.25
9,1,65,3.23644590378,2.0
9,1,65,3.28310990334,2.0
9,1,100,3.67859864235,4.25
9,1,100,4.08441114426,4.25
9,1,67,3.40288066864,4.25
9,1,67,3.43123936653,4.25
9,1,102,3.03853392601,3.75
9,1,102,3.0791478157,3.75
9,1,69,3.49807405472,5.5
9,1,69,4.01713562012,5.5
9,1,104,3.19463372231,3.0
9,1,104,3.398219347,3.0
9,1,106,3.30819582939,4.0
9,1,106,3.83175468445,4.0
9,1,73,3.21860814095,3.25
9,1,73,3.98267054558,3.25
9,1,51,3.63248491287,3.5
9,1,51,3.83177018166,3.5
9,1,75,3.1093711853,2.5
9,1,75,3.89469027519,2.5
9,1,110,3.32634997368,4.25
9,1,110,3.43456625938,4.25
9,1,53,3.30604720116,3.0
9,1,53,3.62502455711,3.0
9,1,77,3.42229962349,3.25
9,1,77,3.95931720734,3.25
9,1,16,3.47268104553,1.5
9,1,16,3.37023472786,1.5
9,1,55,3.26249217987,3.5
9,1,55,3.63140702248,3.5
9,1,79,3.29656243324,4.0
9,1,79,3.57225036621,4.0
9,1,18,3.94405293465,3.5
9,1,18,4.2333407402,3.5
9,1,20,3.58302378654,4.0
9,1,20,4.01250886917,4.0
9,1,59,2.9123737812,2.75
9,1,59,3.23310685158,2.75
9,1,22,3.61996293068,3.0
9,1,22,3.27746701241,3.0
9,1,61,3.43819665909,3.5
9,1,61,3.19455552101,3.5
9,1,24,3.33130192757,3.5
9,1,24,3.61717319489,3.5
9,1,63,2.69155693054,3.25
9,1,63,2.40156769753,3.25
9,1,80,3.09731245041,3.25
9,1,80,3.42333364487,3.25
9,1,26,3.57152080536,4.5
9,1,26,4.0143532753,4.5
9,1,33,4.03015518188,3.75
9,1,33,3.88568162918,3.75
9,1,82,3.50080752373,4.0
9,1,82,4.10090303421,4.0
9,1,28,3.65849280357,2.75
9,1,28,3.70453596115,2.75
9,1,35,3.47570538521,3.5
9,1,35,3.64783453941,3.5
9,1,84,4.11714553833,3.0
9,1,84,3.87744569778,3.0
9,1,30,3.17622113228,3.0
9,1,30,3.5679936409,3.0
9,1,37,3.7185754776,4.5
9,1,37,3.7218515873,4.5
9,1,86,3.23594045639,4.0
9,1,86,4.04867076874,4.0
9,1,39,3.14150953293,2.75
9,1,39,2.91239833832,2.75
9,1,88,2.91544413567,3.25
9,1,88,2.9907605648,3.25
9,1,2,3.57223057747,5.25
9,1,2,4.13471651077,5.25
9,1,41,4.42790985107,3.0
9,1,41,3.86465954781,3.0
9,1,90,3.00530481339,2.75
9,1,90,3.28645372391,2.75
9,1,97,3.79268431664,3.5
9,1,97,4.28532361984,3.5
9,1,4,4.32598829269,5.0
9,1,4,4.95001125336,5.0
9,1,92,3.06381940842,4.0
9,1,92,3.68426012993,4.0
9,1,99,2.60374641418,3.0
9,1,99,2.83115196228,3.0
9,1,6,3.96999907494,3.5
9,1,6,4.20630073547,3.5
9,1,94,3.39596033096,3.0
9,1,94,3.38855481148,3.0
9,1,101,3.14307236671,2.25
9,1,101,3.47243571281,2.25
9,1,8,3.83289408684,4.5
9,1,8,4.33917188644,4.5
9,1,64,3.62229561806,4.25
9,1,64,4.34572839737,4.25
9,1,103,3.09439492226,2.25
9,1,103,3.02170372009,2.25
9,1,66,3.77486348152,4.75
9,1,66,3.81461143494,4.75
9,1,105,3.51506853104,3.75
9,1,105,4.28464031219,3.75
9,1,12,3.2540602684,4.75
9,1,12,3.0352268219,4.75
9,1,68,3.38783812523,3.5
9,1,68,3.49638319016,3.5
9,1,107,3.10668730736,4.25
9,1,107,2.97172665596,4.25
9,1,72,2.90454959869,3.75
9,1,72,3.12922859192,3.75
9,1,111,3.88064837456,3.0
9,1,111,4.25840377808,3.0
9,1,50,3.56889629364,3.5
9,1,50,4.10299921036,3.5
9,1,74,3.09804606438,3.0
9,1,74,3.0914940834,3.0
9,1,17,4.09187221527,4.25
9,1,17,3.64807653427,4.25
9,1,52,3.44448256493,2.75
9,1,52,3.58661723137,2.75
9,1,76,2.78470802307,4.0
9,1,76,3.62587332726,4.0
9,1,19,3.48574972153,3.25
9,1,19,3.85786342621,3.25
9,1,54,2.89477944374,2.75
9,1,54,3.19372677803,2.75
9,1,78,2.74244141579,3.5
9,1,78,3.59222269058,3.5
9,1,21,3.24015522003,4.5
9,1,21,3.57803201675,4.5
9,1,56,3.3297662735,3.75
9,1,56,3.76461863518,3.75
9,1,23,3.68001699448,4.5
9,1,23,3.74842000008,4.5
9,1,25,2.87140965462,3.5
9,1,25,3.41372847557,3.5
9,1,60,3.53359770775,4.0
9,1,60,3.55411410332,4.0
9,2,98,3.61704349518,4.5
9,2,98,4.01453304291,4.5
9,2,71,5.01170730591,5.25
9,2,71,5.57889175415,5.25
9,2,100,4.28446769714,5.75
9,2,100,4.58133983612,5.75
9,2,46,4.33616781235,4.75
9,2,46,4.4699048996,4.75
9,2,102,4.7346124649,3.75
9,2,102,5.23274374008,3.75
9,2,75,4.5569601059,3.75
9,2,75,4.02788257599,3.75
9,2,16,3.29622292519,2.75
9,2,16,3.72483658791,2.75
9,2,104,3.95224022865,3.25
9,2,104,3.60388231277,3.25
9,2,77,3.64894485474,4.25
9,2,77,4.06050109863,4.25
9,2,18,3.16034197807,4.25
9,2,18,3.62740588188,4.25
9,2,106,4.54668140411,5.25
9,2,106,4.56597137451,5.25
9,2,79,4.73653125763,5.25
9,2,79,5.33033370972,5.25
9,2,20,2.97587275505,3.0
9,2,20,3.37321186066,3.0
9,2,108,4.2778468132,4.25
9,2,108,4.92640972137,4.25
9,2,49,4.41435241699,5.25
9,2,49,4.55077075958,5.25
9,2,22,3.35738992691,3.0
9,2,22,3.46333503723,3.0
9,2,110,2.99112725258,3.25
9,2,110,3.82526111603,3.25
9,2,51,3.92680931091,5.0
9,2,51,4.66145849228,5.0
9,2,24,2.8917350769,1.75
9,2,24,3.49480080605,1.75
9,2,80,3.86009502411,4.75
9,2,80,4.53698682785,4.75
9,2,53,2.5341553688,3.75
9,2,53,2.37207555771,3.75
9,2,26,2.73822855949,3.25
9,2,26,3.55129647255,3.25
9,2,82,4.05918979645,3.0
9,2,82,4.34539079666,3.0
9,2,55,3.70033550262,3.25
9,2,55,4.04615497589,3.25
9,2,28,3.94078922272,4.75
9,2,28,4.16732645035,4.75
9,2,84,3.94088554382,3.75
9,2,84,4.02691745758,3.75
9,2,30,4.74526643753,2.75
9,2,30,4.16944932938,2.75
9,2,113,3.99153494835,5.75
9,2,113,4.60351133347,5.75
9,2,86,4.07465314865,4.0
9,2,86,4.73176383972,4.0
9,2,88,4.07401561737,4.5
9,2,88,4.64198541641,4.5
9,2,2,3.47922730446,4.0
9,2,2,4.18578672409,4.0
9,2,90,3.74569392204,3.25
9,2,90,4.24915933609,3.25
9,2,63,4.04462337494,5.0
9,2,63,4.22208786011,5.0
9,2,4,3.41697692871,5.25
9,2,4,4.0496134758,5.25
9,2,92,3.88766765594,4.25
9,2,92,4.40245771408,4.25
9,2,33,4.18225812912,3.0
9,2,33,4.02407598495,3.0
9,2,6,4.36108398438,5.75
9,2,6,4.65036487579,5.75
9,2,94,3.86826372147,4.0
9,2,94,3.9737329483,4.0
9,2,35,3.41596913338,2.5
9,2,35,3.53908753395,2.5
9,2,8,3.32074260712,4.5
9,2,8,3.54845499992,4.5
9,2,64,3.51111531258,4.5
9,2,64,4.1318359375,4.5
9,2,37,3.50982403755,3.75
9,2,37,3.91237020493,3.75
9,2,10,3.89480924606,4.75
9,2,10,3.87593436241,4.75
9,2,66,4.7373547554,5.5
9,2,66,4.88098669052,5.5
9,2,39,3.74996209145,4.0
9,2,39,3.71551823616,4.0
9,2,12,4.19025373459,5.5
9,2,12,4.56759786606,5.5
9,2,68,3.86864280701,3.25
9,2,68,4.34396076202,3.25
9,2,41,4.13793087006,4.5
9,2,41,4.30617427826,4.5
9,2,97,3.73859381676,3.75
9,2,97,3.88878631592,3.75
9,2,70,4.34842061996,4.75
9,2,70,4.69469928741,4.75
9,2,99,4.03982067108,4.5
9,2,99,4.55916309357,4.5
9,2,45,3.04499578476,3.0
9,2,45,2.86647367477,3.0
9,2,101,4.30560255051,3.75
9,2,101,4.50728034973,3.75
9,2,74,4.44278097153,5.25
9,2,74,4.49532318115,5.25
9,2,47,3.84011769295,5.0
9,2,47,4.13072395325,5.0
9,2,103,4.13143777847,3.0
9,2,103,4.55220937729,3.0
9,2,76,4.26039171219,3.25
9,2,76,4.87051868439,3.25
9,2,17,3.94903492928,4.0
9,2,17,3.84381365776,4.0
9,2,105,4.65372133255,4.5
9,2,105,4.66249322891,4.5
9,2,78,4.41076231003,5.5
9,2,78,4.54715633392,5.5
9,2,19,3.62740516663,3.25
9,2,19,4.06238269806,3.25
9,2,107,3.75051832199,3.75
9,2,107,3.89433240891,3.75
9,2,48,3.89964914322,5.0
9,2,48,4.50523757935,5.0
9,2,21,2.97975564003,3.75
9,2,21,3.57668280602,3.75
9,2,109,3.63493776321,2.25
9,2,109,4.0685377121,2.25
9,2,50,3.28700470924,4.0
9,2,50,3.47202563286,4.0
9,2,23,2.91841602325,2.75
9,2,23,2.7356865406,2.75
9,2,111,4.09852075577,4.0
9,2,111,4.23639535904,4.0
9,2,52,1.80623221397,2.75
9,2,52,2.33427667618,2.75
9,2,25,3.41933989525,5.75
9,2,25,3.77452278137,5.75
9,2,81,4.18778276443,4.75
9,2,81,4.43881702423,4.75
9,2,54,3.48955798149,5.5
9,2,54,3.90882897377,5.5
9,2,27,2.23802852631,3.25
9,2,27,2.79258561134,3.25
9,2,83,4.2562918663,4.0
9,2,83,4.84665870667,4.0
9,2,56,3.34249782562,5.0
9,2,56,3.61664128304,5.0
9,2,29,3.66964054108,3.0
9,2,29,3.27786922455,3.0
9,2,112,3.76851820946,4.5
9,2,112,3.94997239113,4.5
9,2,85,3.50696921349,4.75
9,2,85,3.76472663879,4.75
9,2,31,3.31722259521,2.75
9,2,31,3.19101810455,2.75
9,2,87,3.73911333084,3.25
9,2,87,4.22910165787,3.25
9,2,89,3.18354773521,2.75
9,2,89,3.82960796356,2.75
9,2,62,4.40127372742,4.0
9,2,62,4.68214082718,4.0
9,2,3,3.43280005455,4.5
9,2,3,4.26600456238,4.5
9,2,91,4.19492864609,4.25
9,2,91,4.84961414337,4.25
9,2,32,2.78782987595,2.25
9,2,32,2.93958520889,2.25
9,2,5,3.71242403984,5.5
9,2,5,3.9256901741,5.5
9,2,93,3.764503479,4.5
9,2,93,4.40175867081,4.5
9,2,34,3.56711649895,2.5
9,2,34,3.59873533249,2.5
9,2,7,2.85733652115,5.25
9,2,7,3.24093151093,5.25
9,2,95,4.10906219482,5.0
9,2,95,4.35263681412,5.0
9,2,36,4.20685052872,4.75
9,2,36,4.23449039459,4.75
9,2,9,3.96609473228,5.75
9,2,9,4.19821166992,5.75
9,2,65,4.23020029068,4.75
9,2,65,4.67985010147,4.75
9,2,38,2.51786732674,2.0
9,2,38,2.75376725197,2.0
9,2,11,3.66162323952,4.5
9,2,11,4.08598947525,4.5
9,2,67,4.94551229477,4.25
9,2,67,5.24291944504,4.25
9,2,40,4.10938405991,3.25
9,2,40,4.33765745163,3.25
9,2,13,2.89755010605,3.75
9,2,13,3.58020687103,3.75
9,2,96,4.16181325912,3.0
9,2,96,3.6970243454,3.0
9,2,69,3.9317278862,3.25
9,2,69,4.1230764389,3.25
9,2,42,4.0353269577,3.25
9,2,42,3.84359312057,3.25
10,1,63,4.20738697052,4.25
10,1,63,4.22754621506,4.25
10,1,24,4.96790647507,4.75
10,1,24,5.20981454849,4.75
10,1,80,4.25620937347,5.0
10,1,80,4.98007822037,5.0
10,1,61,5.12874555588,4.0
10,1,61,5.43124294281,4.0
10,1,6,3.8442401886,5.0
10,1,6,4.19507074356,5.0
10,1,94,3.98658585548,5.0
10,1,94,4.49597597122,5.0
10,1,4,4.268491745,5.5
10,1,4,4.76236391068,5.5
10,1,92,3.56344389915,5.0
10,1,92,4.65603685379,5.0
10,1,57,4.21766901016,1.5
10,1,57,4.52965545654,1.5
10,1,90,4.6588640213,3.75
10,1,90,4.89613056183,3.75
10,1,39,4.03096008301,4.0
10,1,39,4.24758577347,4.0
10,1,88,4.54922246933,5.5
10,1,88,4.94366598129,5.5
10,1,37,5.22324848175,6.0
10,1,37,5.17873334885,6.0
10,1,14,4.32887458801,3.75
10,1,14,4.97451257706,3.75
10,1,35,3.81231379509,2.0
10,1,35,3.32733368874,2.0
10,1,12,4.77662801743,4.5
10,1,12,5.38080215454,4.5
10,1,68,4.81017780304,3.75
10,1,68,5.30162286758,3.75
10,1,33,4.22103500366,4.5
10,1,33,4.29394674301,4.5
10,1,10,4.09860181808,5.0
10,1,10,4.50355434418,5.0
10,1,66,4.38932323456,6.0
10,1,66,4.94416332245,6.0
10,1,47,4.53519916534,5.25
10,1,47,4.2474822998,5.25
10,1,8,4.62208223343,6.25
10,1,8,5.08849191666,6.25
10,1,103,3.94255185127,3.75
10,1,103,4.33404779434,3.75
10,1,64,3.58949947357,5.0
10,1,64,4.03426218033,5.0
10,1,45,4.16222143173,2.875
10,1,45,4.07588005066,2.875
10,1,101,3.761105299,5.5
10,1,101,4.99966907501,5.5
10,1,78,4.0627951622,5.5
10,1,78,4.78499603271,5.5
10,1,43,4.49853229523,4.5
10,1,43,5.03803682327,4.5
10,1,99,4.46397161484,5.25
10,1,99,4.69996643066,5.25
10,1,76,4.25666379929,4.75
10,1,76,5.02154064178,4.75
10,1,41,4.07403421402,3.25
10,1,41,4.52926826477,3.25
10,1,97,4.32694578171,3.75
10,1,97,4.51561355591,3.75
10,1,74,4.32953453064,4.75
10,1,74,4.51037549973,4.75
10,1,72,4.33890008926,3.0
10,1,72,4.70588970184,3.0
10,1,21,4.42325925827,5.25
10,1,21,4.74926662445,5.25
10,1,54,3.347260952,3.5
10,1,54,3.59607481956,3.5
10,1,107,4.40674495697,5.0
10,1,107,5.16359186172,5.0
10,1,52,4.39700269699,5.0
10,1,52,4.90946578979,5.0
10,1,105,4.2892575264,4.0
10,1,105,4.25186920166,4.0
10,1,50,4.75471782684,5.25
10,1,50,5.06365871429,5.25
10,1,31,4.19300699234,4.75
10,1,31,4.85218191147,4.75
10,1,87,5.00568532944,4.75
10,1,87,5.30668497086,4.75
10,1,48,5.08509302139,5.0
10,1,48,5.4480099678,5.0
10,1,29,4.7639040947,4.5
10,1,29,5.32547330856,4.5
10,1,85,3.85723257065,4.75
10,1,85,4.58600091934,4.75
10,1,62,3.35128760338,3.75
10,1,62,4.28008985519,3.75
10,1,27,4.53080415726,4.25
10,1,27,4.80769491196,4.25
10,1,83,4.39654684067,3.0
10,1,83,4.91570949554,3.0
10,1,25,4.309258461,4.5
10,1,25,4.68965244293,4.5
10,1,81,3.92002129555,4.25
10,1,81,3.94098353386,4.25
10,1,7,5.13274002075,5.5
10,1,7,5.18387460709,5.5
10,1,95,4.88233995438,4.75
10,1,95,5.17152118683,4.75
10,1,56,3.86871647835,4.5
10,1,56,4.65729856491,4.5
10,1,5,4.44912290573,5.0
10,1,5,4.75540494919,5.0
10,1,93,4.53042125702,4.0
10,1,93,4.79193353653,4.0
10,1,38,4.1353635788,3.75
10,1,38,4.46575784683,3.75
10,1,91,5.01044559479,4.5
10,1,91,5.35046243668,4.5
10,1,36,4.90052223206,4.75
10,1,36,5.5443482399,4.75
10,1,89,4.95834255219,5.25
10,1,89,5.39214229584,5.25
10,1,34,3.31093525887,4.0
10,1,34,3.44223475456,4.0
10,1,32,4.84124755859,3.75
10,1,32,4.51517724991,3.75
10,1,13,4.44409513474,4.25
10,1,13,4.73844814301,4.25
10,1,69,4.56416654587,4.5
10,1,69,5.0745639801,4.5
10,1,46,4.71209859848,5.0
10,1,46,5.12957525253,5.0
10,1,11,3.8254673481,4.0
10,1,11,4.03353595734,4.0
10,1,102,3.56039190292,5.0
10,1,102,4.19376468658,5.0
10,1,67,3.97847175598,5.25
10,1,67,4.9555644989,5.25
10,1,44,4.63075351715,4.5
10,1,44,4.60260868073,4.5
10,1,9,3.82251286507,5.5
10,1,9,3.69239020348,5.5
10,1,100,3.7393860817,4.0
10,1,100,4.30191659927,4.0
10,1,65,3.56945014,5.75
10,1,65,3.71803307533,5.75
10,1,42,4.99427032471,5.25
10,1,42,5.48539590836,5.25
10,1,98,4.82702159882,4.5
10,1,98,4.92572212219,4.5
10,1,79,3.83118271828,4.5
10,1,79,4.27968120575,4.5
10,1,40,4.0298705101,4.5
10,1,40,4.73345088959,4.5
10,1,96,4.60565662384,4.5
10,1,96,5.22436618805,4.5
10,1,77,4.68103742599,4.5
10,1,77,5.2092089653,4.5
10,1,22,4.23642969131,4.5
10,1,22,4.84177064896,4.5
10,1,75,4.8823261261,4.5
10,1,75,4.89566087723,4.5
10,1,20,4.93902683258,5.0
10,1,20,5.04735803604,5.0
10,1,108,4.30018186569,5.0
10,1,108,4.64094495773,5.0
10,1,73,4.85942983627,4.25
10,1,73,5.30119848251,4.25
10,1,106,4.20843315125,2.0
10,1,106,4.39552497864,2.0
10,1,55,4.56583547592,5.25
10,1,55,4.72933530807,5.25
10,1,104,4.35039901733,4.5
10,1,104,5.11881446838,4.5
10,1,53,4.38057899475,5.25
10,1,53,5.16560459137,5.25
10,1,30,4.85052251816,5.5
10,1,30,5.40433645248,5.5
10,1,86,4.38831615448,4.0
10,1,86,4.7104268074,4.0
10,1,51,4.11504840851,5.5
10,1,51,4.28082370758,5.5
10,1,28,4.36464691162,4.75
10,1,28,4.8227930069,4.75
10,1,84,3.56073665619,2.75
10,1,84,4.04454660416,2.75
10,1,49,4.14016723633,4.0
10,1,49,4.21266698837,4.0
10,1,26,3.17426276207,2.375
10,1,26,3.08649992943,2.375
10,1,82,4.37673425674,4.5
10,1,82,4.99451303482,4.5
10,2,65,4.19037723541,5.0
10,2,65,4.06576251984,5.0
10,2,26,3.18960428238,3.5
10,2,26,4.65014791489,3.5
10,2,83,3.52451443672,4.25
10,2,83,3.93777108192,4.25
10,2,15,5.1820640564,5.75
10,2,15,4.43263959885,5.75
10,2,25,3.4106092453,4.25
10,2,25,2.6902217865,4.25
10,2,82,3.80688118935,5.25
10,2,82,4.19053649902,5.25
10,2,14,5.56359863281,5.25
10,2,14,5.18104028702,5.25
10,2,71,4.4343662262,4.0
10,2,71,4.27092504501,4.0
10,2,24,3.38099884987,3.5
10,2,24,3.51167750359,3.5
10,2,81,4.20538282394,5.25
10,2,81,4.56993913651,5.25
10,2,35,2.89030742645,2.75
10,2,35,3.23215770721,2.75
10,2,13,4.62415885925,5.25
10,2,13,5.77494287491,5.25
10,2,70,4.79133319855,4.66667
10,2,70,4.82459115982,4.66667
10,2,31,5.14429235458,3.25
10,2,31,3.97676682472,3.25
10,2,80,4.27707958221,4.5
10,2,80,4.12344169617,4.5
10,2,34,4.54622030258,5.0
10,2,34,4.42649412155,5.0
10,2,12,5.70930147171,4.25
10,2,12,5.04661989212,4.25
10,2,69,4.04123210907,5.25
10,2,69,4.21815109253,5.25
10,2,30,4.276699543,5.75
10,2,30,3.93541288376,5.75
10,2,87,4.90755319595,5.5
10,2,87,4.85958957672,5.5
10,2,33,4.62513160706,4.75
10,2,33,4.06169939041,4.75
10,2,51,5.14712572098,5.5
10,2,51,5.3148431778,5.5
10,2,68,4.75216960907,4.75
10,2,68,4.13197422028,4.75
10,2,29,3.84952902794,5.0
10,2,29,3.83318781853,5.0
10,2,86,4.51703596115,4.5
10,2,86,4.45503950119,4.5
10,2,32,3.77375936508,1.75
10,2,32,3.95777058601,1.75
10,2,50,1.61191618443,4.0
10,2,50,2.79200649261,4.0
10,2,75,5.18008232117,4.5
10,2,75,4.97514104843,4.5
10,2,28,4.32821273804,4.5
10,2,28,4.49461603165,4.5
10,2,85,4.76101636887,5.25
10,2,85,3.98596954346,5.25
10,2,39,5.18041419983,5.25
10,2,39,5.10054922104,5.25
10,2,74,4.70359611511,4.75
10,2,74,4.83649492264,4.75
10,2,3,4.96749925613,3.75
10,2,3,5.20081329346,3.75
10,2,84,4.30887460709,4.0
10,2,84,4.39356470108,4.0
10,2,38,5.24135541916,4.75
10,2,38,3.84606671333,4.75
10,2,73,4.85378456116,5.5
10,2,73,4.50684309006,5.5
10,2,91,4.75808143616,4.25
10,2,91,4.36679267883,4.25
10,2,37,3.435546875,5.0
10,2,37,4.44288492203,5.0
10,2,55,5.2909078598,3.75
10,2,55,5.12764596939,3.75
10,2,72,4.1417350769,6.25
10,2,72,4.17305135727,6.25
10,2,90,5.2472281456,4.25
10,2,90,5.30285978317,4.25
10,2,19,4.89885997772,4.5
10,2,19,4.47673988342,4.5
10,2,36,4.85851335526,3.75
10,2,36,4.52193880081,3.75
10,2,54,4.77873420715,5.5
10,2,54,4.90061330795,5.5
10,2,79,4.66270446777,5.5
10,2,79,4.58604669571,5.5
10,2,89,4.69574642181,4.0
10,2,89,4.93938684464,4.0
10,2,43,4.71948623657,5.75
10,2,43,4.54814815521,5.75
10,2,53,6.01232528687,6.75
10,2,53,5.50195407867,6.75
10,2,78,5.04205608368,5.25
10,2,78,5.45127058029,5.25
10,2,7,4.54381370544,5.25
10,2,7,4.20642518997,5.25
10,2,88,5.45901346207,5.5
10,2,88,5.03246831894,5.5
10,2,42,5.74869298935,5.5
10,2,42,5.33032655716,5.5
10,2,52,3.70109677315,5.5
10,2,52,4.75135278702,5.5
10,2,77,3.61838102341,3.5
10,2,77,3.7983276844,3.5
10,2,6,4.38112926483,5.25
10,2,6,5.39092254639,5.25
10,2,95,4.11507034302,2.0
10,2,95,4.69125652313,2.0
10,2,41,4.13351106644,5.25
10,2,41,4.34163427353,5.25
10,2,76,4.83518409729,4.5
10,2,76,4.02824020386,4.5
10,2,5,4.04400873184,5.5
10,2,5,3.94560098648,5.5
10,2,94,4.00528144836,3.25
10,2,94,4.32481241226,3.25
10,2,23,4.56231880188,5.0
10,2,23,4.46336460114,5.0
10,2,40,3.46445345879,4.5
10,2,40,2.68444943428,4.5
10,2,97,5.04422521591,5.75
10,2,97,5.31771230698,5.75
10,2,58,4.57023525238,5.5
10,2,58,4.72890615463,5.5
10,2,4,5.12703752518,6.25
10,2,4,4.45600748062,6.25
10,2,93,3.66616487503,3.25
10,2,93,3.66181063652,3.25
10,2,22,5.0896282196,5.5
10,2,22,4.24661254883,5.5
10,2,47,5.62029695511,5.25
10,2,47,5.40783548355,5.25
10,2,96,4.93049478531,4.75
10,2,96,4.28274345398,4.75
10,2,11,4.74765348434,4.5
10,2,11,3.64287519455,4.5
10,2,92,4.45146846771,4.75
10,2,92,4.00592184067,4.75
10,2,21,3.87846875191,5.5
10,2,21,3.39395523071,5.5
10,2,46,4.30717849731,4.25
10,2,46,4.37821102142,4.25
10,2,56,5.63783836365,5.25
10,2,56,5.75224685669,5.25
10,2,10,4.81693649292,5.25
10,2,10,5.26428985596,5.25
10,2,67,5.298848629,4.33333
10,2,67,5.14611625671,4.33333
10,2,20,4.59777593613,2.75
10,2,20,4.57836055756,2.75
10,2,45,2.93111228943,3.5
10,2,45,3.25682497025,3.5
10,2,9,4.05252695084,3.25
10,2,9,3.46882534027,3.25
10,2,66,3.48287081718,3.0
10,2,66,3.98810005188,3.0
10,2,27,4.39727306366,5.0
10,2,27,3.79610276222,5.0
10,2,44,5.01115179062,5.0
10,2,44,4.55162715912,5.0
10,2,8,4.33634996414,5.75
10,2,8,4.87175989151,5.75
11,1,5,5.16618728638,4.5
11,1,5,5.29469013214,4.5
11,1,94,4.85675096512,5.75
11,1,94,4.96120214462,5.75
11,1,23,5.76404619217,5.75
11,1,23,6.2076716423,5.75
11,1,32,5.03096723557,4.25
11,1,32,4.9541311264,4.25
11,1,50,3.18542838097,3.0
11,1,50,3.81947731972,3.0
11,1,75,3.69504594803,3.5
11,1,75,3.8417198658,3.5
11,1,4,5.92860078812,5.75
11,1,4,6.00386714935,5.75
11,1,93,4.80911254883,4.25
11,1,93,4.45108270645,4.25
11,1,22,6.29675769806,6.25
11,1,22,5.3069319725,6.25
11,1,47,3.66474795341,4.0
11,1,47,3.449187994,4.0
11,1,49,3.15668606758,4.5
11,1,49,3.61402487755,4.5
11,1,74,4.60876274109,5.0
11,1,74,4.32782649994,5.0
11,1,92,3.9500837326,4.25
11,1,92,3.87574005127,4.25
11,1,21,4.89402580261,4.25
11,1,21,4.56535482407,4.25
11,1,46,3.26039814949,1.75
11,1,46,3.23550772667,1.75
11,1,48,2.63957619667,2.25
11,1,48,3.09751105309,2.25
11,1,73,5.12684202194,5.25
11,1,73,5.12638092041,5.25
11,1,91,4.65134429932,5.5
11,1,91,4.59611654282,5.5
11,1,20,5.43242359161,5.5
11,1,20,5.3580198288,5.5
11,1,63,4.35882520676,6.25
11,1,63,4.22218036652,6.25
11,1,72,4.73454046249,4.75
11,1,72,4.74816703796,4.75
11,1,90,4.82675266266,4.25
11,1,90,4.69360780716,4.25
11,1,19,5.14939212799,6.25
11,1,19,5.255838871,6.25
11,1,62,3.90822005272,5.0
11,1,62,3.42719459534,5.0
11,1,89,4.9926571846,5.0
11,1,89,5.04302310944,5.0
11,1,15,5.07608366013,3.5
11,1,15,5.15190315247,3.5
11,1,88,4.32805633545,3.75
11,1,88,4.26707649231,3.75
11,1,99,5.42472314835,6.25
11,1,99,5.34209060669,6.25
11,1,14,4.94510602951,4.25
11,1,14,4.6649312973,4.25
11,1,71,4.68770217896,4.75
11,1,71,4.35261917114,4.75
11,1,98,4.10820245743,4.5
11,1,98,4.31507968903,4.5
11,1,13,4.85617208481,5.25
11,1,13,4.6180729866,5.25
11,1,70,4.08240318298,5.0
11,1,70,4.35092020035,5.0
11,1,31,5.27781820297,5.5
11,1,31,5.1345615387,5.5
11,1,97,3.63282084465,3.75
11,1,97,3.59338545799,3.75
11,1,12,5.36152744293,5.5
11,1,12,5.3891749382,5.5
11,1,69,4.67878055573,4.0
11,1,69,4.57483005524,4.0
11,1,30,5.61779880524,4.25
11,1,30,5.20793771744,4.25
11,1,87,4.22893810272,2.75
11,1,87,3.9545481205,2.75
11,1,96,4.0387172699,4.75
11,1,96,4.36476564407,4.75
11,1,57,1.78635263443,2.5
11,1,57,1.90254831314,2.5
11,1,11,3.88011598587,4.5
11,1,11,3.85797524452,4.5
11,1,68,3.48321604729,4.25
11,1,68,3.66633439064,4.25
11,1,29,4.78616189957,5.5
11,1,29,5.05442047119,5.5
11,1,56,3.46815848351,2.25
11,1,56,3.02397584915,2.25
11,1,10,4.26188230515,4.66667
11,1,10,4.33629989624,4.66667
11,1,67,4.76040267944,6.25
11,1,67,4.41592121124,6.25
11,1,28,5.03418588638,4.5
11,1,28,5.05637645721,4.5
11,1,39,6.24419260025,5.0
11,1,39,6.10893917084,5.0
11,1,9,4.94104814529,4.0
11,1,9,5.1010928154,4.0
11,1,66,5.18278121948,3.25
11,1,66,3.75873684883,3.25
11,1,27,4.45963382721,4.5
11,1,27,4.49496841431,4.5
11,1,84,4.32636022568,3.5
11,1,84,4.50661945343,3.5
11,1,38,5.5531744957,4.5
11,1,38,5.57665395737,4.5
11,1,8,5.17271709442,4.25
11,1,8,5.20188140869,4.25
11,1,65,4.0468211174,4.25
11,1,65,4.43960142136,4.25
11,1,26,5.31843519211,4.0
11,1,26,5.18966722488,4.0
11,1,83,5.21848487854,3.5
11,1,83,4.64853477478,3.5
11,1,37,5.20720672607,3.75
11,1,37,4.8457942009,3.75
11,1,55,3.51518368721,4.0
11,1,55,3.44845080376,4.0
11,1,64,4.16534328461,5.0
11,1,64,4.57784509659,5.0
11,1,25,5.23708438873,5.0
11,1,25,5.63822793961,5.0
11,1,82,4.67079734802,4.5
11,1,82,4.16893291473,4.5
11,1,36,4.8389248848,5.0
11,1,36,4.51247596741,5.0
11,1,54,3.63590145111,2.5
11,1,54,3.27215242386,2.5
11,1,79,4.1029419899,4.5
11,1,79,4.29673337936,4.5
11,1,24,5.91671609879,3.25
11,1,24,4.72750520706,3.25
11,1,81,4.07574701309,4.5
11,1,81,3.56117200851,4.5
11,1,35,5.21892166138,4.5
11,1,35,4.79257392883,4.5
11,1,53,3.95037603378,5.25
11,1,53,3.70966529846,5.25
11,1,78,4.1200003624,5.0
11,1,78,4.13650560379,5.0
11,1,7,4.73120355606,4.25
11,1,7,4.41144418716,4.25
11,1,80,5.42367267609,6.0
11,1,80,4.92956447601,6.0
11,1,34,6.2055439949,4.5
11,1,34,6.45158529282,4.5
11,1,52,6.32873487473,4.25
11,1,52,5.81995296478,4.25
11,1,77,5.45959472656,6.0
11,1,77,4.9881644249,6.0
11,1,6,5.88809299469,5.0
11,1,6,4.8149638176,5.0
11,1,95,4.16335105896,4.25
11,1,95,4.03161716461,4.25
11,1,33,5.29630756378,5.0
11,1,33,5.08462667465,5.0
11,1,51,4.17713546753,4.75
11,1,51,4.27520704269,4.75
11,1,76,4.6176609993,4.0
11,1,76,4.61275100708,4.0
11,2,84,3.05865383148,4.75
11,2,84,3.38958382607,4.75
11,2,28,3.523396492,4.5
11,2,28,3.37975883484,4.5
11,2,74,2.84321665764,4.25
11,2,74,2.57457995415,4.25
11,2,18,4.02345752716,4.0
11,2,18,4.0493388176,4.0
11,2,72,2.7061419487,4.25
11,2,72,2.48361253738,4.25
11,2,63,2.72540998459,2.75
11,2,63,2.52599716187,2.75
11,2,78,4.2268075943,5.5
11,2,78,3.88213825226,5.5
11,2,61,3.34327435493,3.25
11,2,61,2.47018480301,3.25
11,2,22,3.0027961731,3.75
11,2,22,3.58324670792,3.75
11,2,76,4.1515250206,5.5
11,2,76,3.95071148872,5.5
11,2,51,4.72302627563,4.5
11,2,51,4.70615148544,4.5
11,2,20,4.0528383255,4.75
11,2,20,3.2943174839,4.75
11,2,105,3.76262164116,4.5
11,2,105,4.53934955597,4.5
11,2,66,2.55712580681,1.75
11,2,66,1.97364675999,1.75
11,2,49,3.21088433266,2.75
11,2,49,3.32059311867,2.75
11,2,10,3.41408348083,4.75
11,2,10,3.4693312645,4.75
11,2,111,3.72625803947,4.5
11,2,111,3.63063907623,4.5
11,2,64,3.11396503448,4.25
11,2,64,3.43939948082,4.25
11,2,55,3.55750584602,4.5
11,2,55,3.73954892159,4.5
11,2,8,3.99348115921,5.0
11,2,8,3.92129206657,5.0
11,2,109,3.6791639328,4.75
11,2,109,4.73385953903,4.75
11,2,53,3.02083587646,4.5
11,2,53,3.53501701355,4.5
11,2,99,4.00549840927,5.5
11,2,99,3.47612452507,5.5
11,2,68,3.23254227638,4.0
11,2,68,3.2273144722,4.0
11,2,43,3.09119200706,5.25
11,2,43,3.63794064522,5.25
11,2,12,2.99614048004,2.25
11,2,12,2.76001858711,2.25
11,2,97,2.90406703949,3.75
11,2,97,3.02489256859,3.75
11,2,41,3.17646622658,4.75
11,2,41,3.04774832726,4.75
11,2,103,4.10117292404,5.25
11,2,103,3.78718090057,5.25
11,2,47,3.9086253643,4.0
11,2,47,3.87466859818,4.0
11,2,101,3.26191926003,4.75
11,2,101,3.51822447777,4.75
11,2,45,2.89928531647,4.25
11,2,45,3.16737508774,4.25
11,2,6,3.78744649887,5.5
11,2,6,3.73587679863,5.5
11,2,91,3.23891401291,4.5
11,2,91,2.82610917091,4.5
11,2,35,2.84284973145,3.75
11,2,35,3.22446393967,3.75
11,2,4,3.22290539742,4.0
11,2,4,3.59501981735,4.0
11,2,89,3.86587715149,4.75
11,2,89,3.88719701767,4.75
11,2,33,3.2687048912,4.25
11,2,33,3.54974913597,4.25
11,2,95,2.98504257202,4.0
11,2,95,3.48915696144,4.0
11,2,39,3.02152562141,4.5
11,2,39,2.78894138336,4.5
11,2,93,3.72996473312,5.0
11,2,93,3.93272233009,5.0
11,2,37,4.17810058594,5.0
11,2,37,3.54449510574,5.0
11,2,83,3.82492303848,4.0
11,2,83,3.98206758499,4.0
11,2,27,3.62687587738,5.5
11,2,27,3.4208779335,5.5
11,2,81,2.11910247803,3.0
11,2,81,1.83197963238,3.0
11,2,25,3.65210390091,5.0
11,2,25,3.23803901672,5.0
11,2,87,4.5415854454,4.25
11,2,87,4.61041402817,4.25
11,2,31,4.66264009476,5.0
11,2,31,4.31890106201,5.0
11,2,85,3.39133095741,5.0
11,2,85,2.95076560974,5.0
11,2,56,2.97545170784,4.75
11,2,56,3.42387366295,4.75
11,2,29,3.75507116318,4.75
11,2,29,3.52949595451,4.75
11,2,75,2.66478323936,2.5
11,2,75,2.00023412704,2.5
11,2,62,2.26699280739,1.75
11,2,62,1.75270235538,1.75
11,2,19,2.68255901337,5.25
11,2,19,3.16424489021,5.25
11,2,73,2.45109653473,4.25
11,2,73,2.91011214256,4.25
11,2,60,2.84180045128,2.5
11,2,60,2.18595433235,2.5
11,2,17,2.72509121895,3.75
11,2,17,2.41575169563,3.75
11,2,106,3.57046771049,3.0
11,2,106,3.48363351822,3.0
11,2,79,2.87306714058,4.25
11,2,79,3.11371088028,4.25
11,2,50,4.25416469574,4.25
11,2,50,4.31267881393,4.25
11,2,23,3.06976342201,5.75
11,2,23,3.31853461266,5.75
11,2,104,3.87188982964,6.0
11,2,104,3.63915920258,6.0
11,2,77,3.82304525375,4.5
11,2,77,3.54553055763,4.5
11,2,48,3.68897676468,6.5
11,2,48,3.72223591805,6.5
11,2,21,4.26444149017,6.25
11,2,21,4.88375425339,6.25
11,2,110,4.42595338821,4.75
11,2,110,4.21889352798,4.75
11,2,67,3.24973535538,4.75
11,2,67,3.67074179649,4.75
11,2,54,2.894541502,3.75
11,2,54,2.60684275627,3.75
11,2,11,2.28200960159,2.5
11,2,11,1.89168298244,2.5
11,2,65,3.31325531006,2.5
11,2,65,3.30990719795,2.5
11,2,52,4.62855529785,5.0
11,2,52,5.51480388641,5.0
11,2,9,3.69562983513,3.5
11,2,9,3.97735118866,3.5
11,2,98,3.39217305183,5.0
11,2,98,3.20749187469,5.0
11,2,42,3.70414495468,4.75
11,2,42,3.74986672401,4.75
11,2,96,3.68511867523,5.0
11,2,96,3.04405641556,5.0
11,2,69,3.36249494553,3.25
11,2,69,3.58716535568,3.25
11,2,40,3.39761042595,4.25
11,2,40,2.94771552086,4.25
11,2,102,3.83466124535,3.75
11,2,102,3.89147233963,3.75
11,2,46,3.71787023544,4.25
11,2,46,3.47972631454,4.25
11,2,3,3.01572489738,5.0
11,2,3,2.82925820351,5.0
11,2,100,3.71237421036,4.5
11,2,100,3.55164957047,4.5
11,2,44,4.61661434174,5.5
11,2,44,4.90264177322,5.5
11,2,90,4.12490701675,3.25
11,2,90,4.50805902481,3.25
11,2,34,4.13884067535,6.5
11,2,34,3.7013733387,6.5
11,2,7,2.4501657486,0.75
11,2,7,2.35417246819,0.75
11,2,88,3.38301587105,5.0
11,2,88,2.84629154205,5.0
11,2,32,3.54696393013,5.25
11,2,32,2.75631713867,5.25
11,2,5,2.83756709099,2.25
11,2,5,2.46255207062,2.25
11,2,94,3.30732178688,4.25
11,2,94,3.41046309471,4.25
11,2,38,3.28783226013,4.25
11,2,38,2.87691807747,4.25
11,2,92,3.79666423798,5.5
11,2,92,3.25269198418,5.5
11,2,36,4.06494426727,4.25
11,2,36,4.18988513947,4.25
11,2,82,2.82142496109,4.75
11,2,82,2.70196771622,4.75
11,2,26,3.25525689125,3.5
11,2,26,2.958578825,3.5
11,2,80,2.96099019051,3.75
11,2,80,2.50647950172,3.75
11,2,24,3.36250782013,5.0
11,2,24,3.23476576805,5.0
11,2,86,3.60755085945,5.75
11,2,86,3.76241445541,5.75
11,2,30,3.04263830185,4.0
11,2,30,3.04302763939,4.0
12,1,60,4.86276197433,3.75
12,1,60,4.46366262436,3.75
12,1,25,3.84813570976,5.75
12,1,25,4.17675876617,5.75
12,1,83,5.23112010956,5.5
12,1,83,5.32687473297,5.5
12,1,62,2.81078410149,2.5
12,1,62,2.93701338768,2.5
12,1,27,4.45185136795,4.5
12,1,27,4.81112480164,4.5
12,1,77,5.02441263199,4.75
12,1,77,4.43811225891,4.75
12,1,21,5.5256857872,4.5
12,1,21,5.6337594986,4.5
12,1,79,5.15836143494,4.25
12,1,79,4.67917919159,4.25
12,1,23,3.78361821175,3.5
12,1,23,3.78527116776,3.5
12,1,108,4.9164276123,3.25
12,1,108,4.52495193481,3.25
12,1,73,5.21811580658,4.25
12,1,73,5.09937763214,4.25
12,1,17,4.43045520782,5.0
12,1,17,4.87155532837,5.0
12,1,110,5.369120121,5.0
12,1,110,5.09356117249,5.0
12,1,75,5.26146364212,5.25
12,1,75,5.18207740784,5.25
12,1,54,4.80649709702,4.75
12,1,54,5.28975772858,4.75
12,1,19,5.81794786453,3.75
12,1,19,5.48562812805,3.75
12,1,104,4.64840173721,2.5
12,1,104,4.27437925339,2.5
12,1,69,5.74949789047,3.75
12,1,69,5.28785133362,3.75
12,1,48,5.04966497421,4.5
12,1,48,5.22465276718,4.5
12,1,106,2.89002585411,1.25
12,1,106,2.83312821388,1.25
12,1,100,4.32067155838,2.75
12,1,100,3.97529268265,2.75
12,1,65,4.9366645813,4.5
12,1,65,4.86328840256,4.5
12,1,44,5.1624417305,5.5
12,1,44,5.47311782837,5.5
12,1,9,5.66102313995,4.75
12,1,9,5.76646900177,4.75
12,1,102,4.68669223785,4.5
12,1,102,4.84983110428,4.5
12,1,67,3.49757361412,2.75
12,1,67,3.67517638206,2.75
12,1,46,4.52191448212,3.5
12,1,46,4.51854038239,3.5
12,1,11,4.26219367981,5.0
12,1,11,4.86535310745,5.0
12,1,96,4.90802288055,3.25
12,1,96,5.03531122208,3.25
12,1,40,4.89600658417,4.25
12,1,40,4.89384317398,4.25
12,1,5,5.34029483795,6.0
12,1,5,5.44004392624,6.0
12,1,98,5.32949590683,3.75
12,1,98,4.69239616394,3.75
12,1,42,5.24370193481,4.25
12,1,42,5.47384309769,4.25
12,1,7,5.44053125381,6.25
12,1,7,5.53050756454,6.25
12,1,92,4.72885465622,3.25
12,1,92,4.6460313797,3.25
12,1,36,4.64783859253,5.0
12,1,36,4.72665786743,5.0
12,1,38,4.7990732193,5.5
12,1,38,4.7413277626,5.5
12,1,3,5.10040330887,6.0
12,1,3,5.42648935318,6.0
12,1,88,5.07324886322,4.5
12,1,88,4.83142375946,4.5
12,1,32,4.26282119751,5.25
12,1,32,4.19318532944,5.25
12,1,90,4.91209745407,4.0
12,1,90,5.08538675308,4.0
12,1,34,4.5725069046,5.5
12,1,34,4.64335298538,5.5
12,1,84,5.80221891403,4.5
12,1,84,5.69695281982,4.5
12,1,28,3.85674524307,5.0
12,1,28,3.59003424644,5.0
12,1,86,5.00957202911,3.0
12,1,86,5.07554721832,3.0
12,1,30,4.19737577438,4.0
12,1,30,3.63574075699,4.0
12,1,80,4.76156282425,4.0
12,1,80,4.30140447617,4.0
12,1,24,3.81211256981,5.25
12,1,24,3.18693256378,5.25
12,1,82,5.20845079422,4.0
12,1,82,5.47854995728,4.0
12,1,61,4.40991401672,4.0
12,1,61,4.21554708481,4.0
12,1,26,5.3481259346,5.0
12,1,26,5.34686279297,5.0
12,1,76,5.2047867775,4.0
12,1,76,5.24719238281,4.0
12,1,63,3.98929309845,3.0
12,1,63,4.11802196503,3.0
12,1,20,4.92669868469,4.75
12,1,20,5.2186627388,4.75
12,1,78,5.84744596481,6.0
12,1,78,5.78439664841,6.0
12,1,22,5.43433475494,4.5
12,1,22,5.05386972427,4.5
12,1,72,5.66686344147,3.25
12,1,72,5.35083723068,3.25
12,1,16,4.20207166672,5.25
12,1,16,4.39088153839,5.25
12,1,109,4.9148182869,3.5
12,1,109,4.26008749008,3.5
12,1,74,5.16549921036,5.0
12,1,74,5.19405555725,5.0
12,1,53,4.82717657089,4.5
12,1,53,4.27443933487,4.5
12,1,18,3.53199481964,4.25
12,1,18,3.95697450638,4.25
12,1,111,4.69464206696,2.75
12,1,111,4.06231069565,2.75
12,1,68,4.98561668396,4.25
12,1,68,5.02701377869,4.25
12,1,55,4.27525234222,5.0
12,1,55,4.36707735062,5.0
12,1,12,5.32105970383,5.75
12,1,12,5.88326597214,5.75
12,1,105,4.250248909,3.25
12,1,105,3.69140100479,3.25
12,1,49,4.4931473732,4.75
12,1,49,4.68988370895,4.75
12,1,107,4.82823610306,4.5
12,1,107,4.54112672806,4.5
12,1,64,4.7139415741,4.0
12,1,64,4.91209220886,4.0
12,1,8,5.87271785736,5.25
12,1,8,6.11321878433,5.25
12,1,101,4.52639007568,3.25
12,1,101,4.18279695511,3.25
12,1,66,4.76702547073,3.0
12,1,66,4.24414348602,3.0
12,1,45,4.60408163071,5.0
12,1,45,4.99424886703,5.0
12,1,10,5.50061416626,5.25
12,1,10,5.68793010712,5.25
12,1,103,5.3597984314,4.5
12,1,103,5.02087163925,4.5
12,1,47,4.71273088455,5.5
12,1,47,5.03065919876,5.5
12,1,4,5.34128284454,6.25
12,1,4,5.25752258301,6.25
12,1,97,5.17401075363,4.25
12,1,97,4.18109750748,4.25
12,1,41,4.98038721085,3.75
12,1,41,4.52857685089,3.75
12,1,6,5.40426111221,5.0
12,1,6,5.16177368164,5.0
12,1,99,4.26508235931,1.75
12,1,99,3.51284432411,1.75
12,1,43,4.80472421646,4.75
12,1,43,5.17344284058,4.75
12,1,93,4.39203739166,3.75
12,1,93,4.55774307251,3.75
12,1,37,4.69481515884,4.5
12,1,37,5.34495639801,4.5
12,1,2,5.43870592117,6.5
12,1,2,5.31656360626,6.5
12,1,39,4.76011991501,5.75
12,1,39,4.66149902344,5.75
12,1,89,4.56102466583,3.5
12,1,89,4.1976017952,3.5
12,1,33,3.95912694931,4.25
12,1,33,4.24364280701,4.25
12,1,91,4.74814128876,4.5
12,1,91,4.72407674789,4.5
12,1,35,4.08665657043,4.0
12,1,35,4.33009529114,4.0
12,1,85,5.53450107574,4.75
12,1,85,5.41470861435,4.75
12,1,29,2.79276418686,2.75
12,1,29,2.97364449501,2.75
12,1,87,5.01379060745,5.0
12,1,87,4.89708566666,5.0
12,1,31,5.09477376938,5.0
12,1,31,5.48625040054,5.0
12,1,81,4.46230077744,4.0
12,1,81,4.44901132584,4.0
12,2,14,2.52418589592,4.25
12,2,14,3.20726013184,4.25
12,2,37,2.78005123138,3.5
12,2,37,3.46355128288,3.5
12,2,64,1.1806344986,1.5
12,2,64,2.2209341526,1.5
12,2,8,2.48946452141,4.0
12,2,8,3.09113883972,4.0
12,2,39,1.76643681526,2.0
12,2,39,2.29709362984,2.0
12,2,66,1.40498197079,1.0
12,2,66,2.30010652542,1.0
12,2,10,3.39337491989,4.25
12,2,10,3.07911396027,4.25
12,2,33,3.29200315475,3.75
12,2,33,3.24000382423,3.75
12,2,4,2.53060030937,4.0
12,2,4,3.12426519394,4.0
12,2,35,2.68352460861,3.0
12,2,35,2.92064189911,3.0
12,2,6,2.39044523239,3.5
12,2,6,3.1496732235,3.5
12,2,93,2.58589100838,5.0
12,2,93,2.23791837692,5.0
12,2,95,2.46962141991,4.75
12,2,95,2.69144320488,4.75
12,2,89,2.40110254288,3.75
12,2,89,2.77428102493,3.75
12,2,116,2.88347101212,3.0
12,2,116,3.05904650688,3.0
12,2,91,2.75421333313,4.5
12,2,91,3.2160487175,4.5
12,2,62,1.47631418705,1.75
12,2,62,2.24022603035,1.75
12,2,85,2.27105545998,4.75
12,2,85,2.80041599274,4.75
12,2,112,3.00233650208,3.75
12,2,112,2.92788529396,3.75
12,2,29,3.15126347542,3.0
12,2,29,2.79769992828,3.0
12,2,56,3.03461909294,5.0
12,2,56,2.6640048027,5.0
12,2,87,2.73149800301,4.75
12,2,87,3.41540646553,4.75
12,2,114,2.26767778397,3.5
12,2,114,3.09199333191,3.5
12,2,31,2.26349616051,4.75
12,2,31,3.07803273201,4.75
12,2,58,3.17398166656,3.75
12,2,58,3.37157464027,3.75
12,2,81,3.05582165718,5.5
12,2,81,3.29212093353,5.5
12,2,108,2.92135763168,2.0
12,2,108,2.19211649895,2.0
12,2,25,2.61510324478,4.75
12,2,25,3.26396965981,4.75
12,2,52,2.94577670097,4.75
12,2,52,3.1948568821,4.75
12,2,83,2.0506029129,3.75
12,2,83,2.36490416527,3.75
12,2,110,1.76794171333,2.25
12,2,110,1.72479641438,2.25
12,2,27,3.20781254768,4.5
12,2,27,3.3946788311,4.5
12,2,54,3.04988455772,4.5
12,2,54,3.66810083389,4.5
12,2,77,2.73627972603,5.0
12,2,77,2.83167076111,5.0
12,2,104,2.58302855492,2.0
12,2,104,2.78187823296,2.0
12,2,21,2.731539011,3.75
12,2,21,3.25180959702,3.75
12,2,48,3.25202178955,4.5
12,2,48,3.36687636375,4.5
12,2,79,3.23273301125,3.75
12,2,79,3.14471817017,3.75
12,2,106,2.69356322289,3.5
12,2,106,2.55530405045,3.5
12,2,23,3.34715437889,5.25
12,2,23,3.10325813293,5.25
12,2,50,3.33311653137,4.75
12,2,50,3.19119119644,4.75
12,2,73,1.02140629292,2.0
12,2,73,2.3557972908,2.0
12,2,100,2.16231155396,2.5
12,2,100,2.38261032104,2.5
12,2,44,2.4627828598,3.75
12,2,44,3.24183297157,3.75
12,2,102,1.49187016487,1.75
12,2,102,2.08607435226,1.75
12,2,19,3.0762219429,4.5
12,2,19,2.77276158333,4.5
12,2,46,3.70733428001,4.25
12,2,46,3.35301923752,4.25
12,2,69,0.970438420773,2.25
12,2,69,2.55527997017,2.25
12,2,96,3.00868535042,4.75
12,2,96,3.24524688721,4.75
12,2,13,2.17675447464,3.5
12,2,13,3.43511843681,3.5
12,2,40,3.34384226799,3.5
12,2,40,3.52812290192,3.5
12,2,71,0.217427536845,1.5
12,2,71,0.897166609764,1.5
12,2,98,3.12531542778,2.75
12,2,98,3.23786759377,2.75
12,2,42,3.25345206261,3.5
12,2,42,3.09607958794,3.5
12,2,65,1.00104379654,2.25
12,2,65,2.09797525406,2.25
12,2,9,2.51695895195,4.0
12,2,9,2.85567975044,4.0
12,2,36,1.94602584839,5.75
12,2,36,2.63394331932,5.75
12,2,67,1.75051808357,3.0
12,2,67,2.50869035721,3.0
12,2,11,1.88199174404,5.0
12,2,11,3.04887890816,5.0
12,2,5,2.54608607292,5.25
12,2,5,3.49281549454,5.25
12,2,32,3.021504879,3.25
12,2,32,3.59843611717,3.25
12,2,7,2.7570245266,5.0
12,2,7,3.0306789875,5.0
12,2,34,3.23181271553,4.25
12,2,34,3.53628134727,4.25
12,2,92,2.75254750252,3.5
12,2,92,3.00607442856,3.5
12,2,3,1.73496806622,3.75
12,2,3,2.49244236946,3.75
12,2,94,2.67911148071,2.5
12,2,94,2.56890058517,2.5
12,2,88,2.92765545845,5.0
12,2,88,2.71293830872,5.0
12,2,90,2.96594524384,3.25
12,2,90,3.16031646729,3.25
12,2,113,3.56268429756,3.25
12,2,113,3.19262886047,3.25
12,2,57,4.37127256393,4.75
12,2,57,3.89926600456,4.75
12,2,84,2.59932971001,4.25
12,2,84,2.82473421097,4.25
12,2,115,2.64150285721,2.75
12,2,115,2.74401593208,2.75
12,2,28,2.47620034218,4.75
12,2,28,3.13044571877,4.75
12,2,59,3.17266941071,5.0
12,2,59,3.67094349861,5.0
12,2,86,2.18192434311,4.0
12,2,86,2.1972694397,4.0
12,2,109,2.89345169067,3.25
12,2,109,2.80877184868,3.25
12,2,30,3.12088751793,4.5
12,2,30,3.1264257431,4.5
12,2,53,3.12444734573,3.75
12,2,53,3.4347755909,3.75
12,2,80,3.22573399544,5.25
12,2,80,3.15280604362,5.25
12,2,111,2.84538245201,4.0
12,2,111,3.07788491249,4.0
12,2,24,2.98347449303,4.25
12,2,24,3.55225038528,4.25
12,2,55,4.02872753143,4.5
12,2,55,3.95489358902,4.5
12,2,82,1.62762176991,2.5
12,2,82,1.91897392273,2.5
12,2,105,3.16393947601,4.0
12,2,105,3.3846540451,4.0
12,2,26,2.5178129673,2.75
12,2,26,3.25737833977,2.75
12,2,49,3.62720727921,5.25
12,2,49,3.53866839409,5.25
12,2,107,2.53256177902,2.25
12,2,107,2.87524795532,2.25
12,2,20,3.37585926056,4.0
12,2,20,3.723331213,4.0
12,2,51,1.96113467216,3.0
12,2,51,2.41494655609,3.0
12,2,78,2.8739361763,4.0
12,2,78,3.03008079529,4.0
12,2,101,3.36811900139,3.0
12,2,101,2.93879699707,3.0
12,2,22,3.6551451683,5.0
12,2,22,3.48320007324,5.0
12,2,45,3.25515961647,4.0
12,2,45,3.78405880928,4.0
12,2,103,2.03732466698,2.5
12,2,103,2.42918610573,2.5
12,2,47,2.6495616436,4.75
12,2,47,3.11669206619,4.75
12,2,97,2.89510726929,1.5
12,2,97,2.85332131386,1.5
12,2,41,3.04951477051,5.25
12,2,41,3.18135666847,5.25
12,2,68,0.827780842781,2.0
12,2,68,1.91417145729,2.0
12,2,99,2.16978621483,3.25
12,2,99,2.69520783424,3.25
12,2,12,2.78888916969,5.25
12,2,12,3.36386322975,5.25
12,2,43,2.9480073452,4.5
12,2,43,3.17745757103,4.5
12,2,70,0.291602611542,1.25
12,2,70,1.61093509197,1.25
16,2,107,3.87278795242,3.25
16,2,107,3.89596772194,3.25
16,2,78,3.51043486595,4.25
16,2,78,3.5669631958,4.25
16,2,37,3.0483944416,4.5
16,2,37,3.24424910545,4.5
16,2,109,3.21245598793,4.5
16,2,109,2.88154792786,4.5
16,2,39,3.61938595772,2.25
16,2,39,3.88046383858,2.25
16,2,111,3.89896845818,3.5
16,2,111,3.55373597145,3.5
16,2,66,4.12861347198,5.75
16,2,66,3.89169025421,5.75
16,2,25,3.7262775898,3.0
16,2,25,3.44128155708,3.0
16,2,97,3.9053273201,2.75
16,2,97,4.19997787476,2.75
16,2,68,3.02189946175,1.25
16,2,68,2.95931506157,1.25
16,2,27,4.5898976326,4.25
16,2,27,4.2557759285,4.25
16,2,99,3.43550109863,3.25
16,2,99,3.3054265976,3.25
16,2,70,2.68883180618,1.75
16,2,70,2.13493132591,1.75
16,2,29,3.97633719444,2.0
16,2,29,4.05628681183,2.0
16,2,101,4.96883440018,5.0
16,2,101,4.92234611511,5.0
16,2,56,3.94857192039,4.75
16,2,56,3.95625710487,4.75
16,2,31,3.45762825012,2.0
16,2,31,3.11518359184,2.0
16,2,103,3.507335186,3.25
16,2,103,3.57345080376,3.25
16,2,58,3.49931049347,2.25
16,2,58,3.42498230934,2.25
16,2,89,3.91738343239,1.75
16,2,89,3.45450139046,1.75
16,2,60,3.98684215546,3.0
16,2,60,3.92002439499,3.0
16,2,91,3.44787096977,3.25
16,2,91,2.84078812599,3.25
16,2,21,3.78790903091,3.75
16,2,21,3.41772079468,3.75
16,2,93,4.3351316452,4.0
16,2,93,4.40915822983,4.0
16,2,48,4.35898256302,3.25
16,2,48,4.66465139389,3.25
16,2,23,3.93223190308,2.5
16,2,23,3.64971184731,2.5
16,2,95,4.35582065582,3.5
16,2,95,4.24317455292,3.5
16,2,50,3.23714327812,2.25
16,2,50,3.08875536919,2.25
16,2,9,4.30794811249,3.5
16,2,9,3.97367429733,3.5
16,2,81,2.9518558979,2.5
16,2,81,2.47065854073,2.5
16,2,52,3.01841473579,2.25
16,2,52,2.86628603935,2.25
16,2,11,4.71524190903,4.5
16,2,11,4.94173908234,4.5
16,2,83,2.89025115967,4.5
16,2,83,3.03748440742,4.5
16,2,54,3.60352301598,1.25
16,2,54,3.81696891785,1.25
16,2,13,4.63336229324,4.5
16,2,13,4.82269477844,4.5
16,2,85,3.43974375725,3.5
16,2,85,3.20866894722,3.5
16,2,40,4.08705854416,2.0
16,2,40,3.57094478607,2.0
16,2,15,3.71475529671,4.25
16,2,15,3.48262023926,4.25
16,2,112,2.66162443161,1.5
16,2,112,2.0562312603,1.5
16,2,87,2.9009437561,3.5
16,2,87,2.69816875458,3.5
16,2,42,2.8433637619,2.5
16,2,42,2.35026288033,2.5
16,2,114,3.91203212738,3.5
16,2,114,4.27881002426,3.5
16,2,73,2.94861745834,4.0
16,2,73,3.13365101814,4.0
16,2,44,3.92907762527,2.75
16,2,44,3.87490749359,2.75
16,2,116,3.06407737732,4.0
16,2,116,3.46889901161,4.0
16,2,46,3.76620030403,2.5
16,2,46,3.3505423069,2.5
16,2,5,3.20312452316,4.0
16,2,5,2.99611568451,4.0
16,2,77,2.84967398643,5.5
16,2,77,3.09470677376,5.5
16,2,32,3.80827641487,2.75
16,2,32,3.72563052177,2.75
16,2,7,4.78345298767,5.0
16,2,7,4.40359115601,5.0
16,2,104,4.21878433228,1.75
16,2,104,4.0449347496,1.75
16,2,79,3.37149190903,5.0
16,2,79,3.20895552635,5.0
16,2,34,3.41166138649,2.25
16,2,34,3.55198192596,2.25
16,2,106,3.48359155655,2.75
16,2,106,3.3032450676,2.75
16,2,65,4.08262443542,5.0
16,2,65,3.69917440414,5.0
16,2,36,3.56671452522,3.75
16,2,36,3.23883223534,3.75
16,2,108,1.23568403721,2.75
16,2,108,1.03629529476,2.75
16,2,67,3.20317029953,3.5
16,2,67,2.83235692978,3.5
16,2,38,3.1834461689,4.0
16,2,38,3.61589026451,4.0
16,2,110,3.66347670555,2.25
16,2,110,3.32843661308,2.25
16,2,69,3.24862241745,1.75
16,2,69,3.35490870476,1.75
16,2,24,4.2605175972,3.5
16,2,24,4.37342309952,3.5
16,2,96,2.53457522392,3.5
16,2,96,2.50499653816,3.5
16,2,71,3.89465618134,4.0
16,2,71,3.83506202698,4.0
16,2,26,3.86275839806,3.25
16,2,26,3.4688000679,3.25
16,2,98,3.97714209557,4.5
16,2,98,4.03977584839,4.5
16,2,57,3.56849956512,3.0
16,2,57,2.7860147953,3.0
16,2,28,4.23237419128,3.25
16,2,28,4.09313821793,3.25
16,2,100,2.99752449989,3.25
16,2,100,2.84932303429,3.25
16,2,59,3.39178967476,3.0
16,2,59,3.18184733391,3.0
16,2,30,3.76269698143,3.0
16,2,30,4.02672147751,3.0
16,2,102,3.30093502998,1.75
16,2,102,2.64835906029,1.75
16,2,61,3.55230545998,2.5
16,2,61,3.95351362228,2.5
16,2,88,4.02546834946,3.75
16,2,88,3.70445632935,3.75
16,2,90,2.5386762619,1.75
16,2,90,1.97138512135,1.75
16,2,49,4.05741119385,2.75
16,2,49,3.23931193352,2.75
16,2,92,4.00042629242,2.5
16,2,92,3.63881254196,2.5
16,2,51,3.91299343109,3.5
16,2,51,4.11916160583,3.5
16,2,22,3.33749365807,1.75
16,2,22,3.13937735558,1.75
16,2,94,2.8036134243,4.0
16,2,94,2.74579048157,4.0
16,2,53,3.78893852234,4.0
16,2,53,3.72327804565,4.0
16,2,8,3.33788251877,3.25
16,2,8,3.06419754028,3.25
16,2,80,3.89746046066,4.0
16,2,80,3.52814936638,4.0
16,2,55,4.24763298035,4.0
16,2,55,3.68884944916,4.0
16,2,10,4.40116167068,5.5
16,2,10,4.6028137207,5.5
16,2,82,3.45293951035,2.25
16,2,82,2.91883039474,2.25
16,2,41,4.33537626266,1.75
16,2,41,4.19729804993,1.75
16,2,12,4.16128730774,5.5
16,2,12,4.48980283737,5.5
16,2,113,3.60855031013,2.5
16,2,113,3.30585551262,2.5
16,2,84,2.35446643829,3.75
16,2,84,2.37483525276,3.75
16,2,43,3.10940742493,2.25
16,2,43,2.96033453941,2.25
16,2,14,4.07733631134,4.0
16,2,14,3.71098399162,4.0
16,2,115,4.11767816544,2.75
16,2,115,3.69146251678,2.75
16,2,86,4.08038854599,4.5
16,2,86,3.85214042664,4.5
16,2,45,3.90580677986,3.0
16,2,45,3.94475460052,3.0
16,2,72,2.93716430664,2.25
16,2,72,2.70112228394,2.25
16,2,47,3.68475604057,1.75
16,2,47,3.49766135216,1.75
16,2,33,4.13774871826,1.5
16,2,33,4.19693040848,1.5
16,2,105,3.46175050735,3.75
16,2,105,3.54990744591,3.75
16,2,76,3.34788703918,3.0
16,2,76,3.04988884926,3.0
16,2,35,4.08510923386,2.5
16,2,35,4.05415678024,2.5
16,2,6,4.19060277939,4.5
16,2,6,4.14088773727,4.5
17,1,87,3.7688293457,2.5
17,1,87,4.03860759735,2.5
17,1,56,3.83409881592,3.25
17,1,56,3.83538150787,3.25
17,1,31,1.76632356644,4.0
17,1,31,1.91483330727,4.0
17,1,73,3.65152907372,4.25
17,1,73,3.86370420456,4.25
17,1,17,5.07539367676,3.0
17,1,17,4.99370622635,3.0
17,1,75,2.02075195312,1.75
17,1,75,1.82573103905,1.75
17,1,60,2.00844144821,3.0
17,1,60,1.63505876064,3.0
17,1,19,4.2751250267,4.0
17,1,19,4.62679433823,4.0
17,1,77,2.41418123245,3.5
17,1,77,2.14065670967,3.5
17,1,62,1.18311417103,1.75
17,1,62,0.877464711666,1.75
17,1,21,2.99586319923,2.5
17,1,21,2.67239069939,2.5
17,1,104,3.81562328339,3.25
17,1,104,4.01246786118,3.25
17,1,79,4.33581829071,3.25
17,1,79,3.99320530891,3.25
17,1,23,4.95698785782,2.5
17,1,23,5.18148612976,2.5
17,1,106,3.78072690964,2.75
17,1,106,3.7995967865,2.75
17,1,65,1.53494513035,1.25
17,1,65,1.34710025787,1.25
17,1,50,3.21647334099,3.75
17,1,50,3.18076062202,3.75
17,1,9,1.33489263058,1.5
17,1,9,1.07008635998,1.5
17,1,108,2.18623876572,2.5
17,1,108,2.44277429581,2.5
17,1,67,2.40841364861,3.0
17,1,67,2.26724457741,3.0
17,1,52,3.82904171944,2.75
17,1,52,3.73171639442,2.75
17,1,11,1.04729056358,1.5
17,1,11,0.762936353683,1.5
17,1,110,2.42408895493,3.5
17,1,110,2.69747614861,3.5
17,1,69,2.74584126472,2.5
17,1,69,2.11127114296,2.5
17,1,54,3.19091129303,3.25
17,1,54,3.8610522747,3.25
17,1,96,2.86593604088,1.5
17,1,96,3.11248850822,1.5
17,1,40,3.88300967216,3.0
17,1,40,4.07966327667,3.0
17,1,98,3.04182314873,3.5
17,1,98,3.13237905502,3.5
17,1,42,1.94048202038,3.75
17,1,42,1.45807433128,3.75
17,1,100,4.46368980408,2.75
17,1,100,4.5519528389,2.75
17,1,44,3.43430757523,3.5
17,1,44,3.20905947685,3.5
17,1,102,2.50709080696,3.75
17,1,102,2.14242935181,3.75
17,1,46,2.5041821003,4.0
17,1,46,2.81211948395,4.0
17,1,5,3.09704828262,2.75
17,1,5,2.53544449806,2.75
17,1,88,3.5387673378,4.25
17,1,88,3.41247272491,4.25
17,1,32,3.7760207653,4.5
17,1,32,4.31691169739,4.5
17,1,7,3.53204488754,2.75
17,1,7,2.80709838867,2.75
17,1,90,3.40139174461,5.5
17,1,90,3.52800011635,5.5
17,1,34,1.73098301888,3.25
17,1,34,1.27127873898,3.25
17,1,92,3.4811372757,5.25
17,1,92,4.0215678215,5.25
17,1,36,2.81703615189,2.75
17,1,36,3.44324731827,2.75
17,1,94,4.55605983734,3.5
17,1,94,4.68943357468,3.5
17,1,38,3.236130476,2.25
17,1,38,3.59770131111,2.25
17,1,80,4.2198767662,4.25
17,1,80,4.04317522049,4.25
17,1,24,4.21679449081,3.25
17,1,24,4.4169459343,3.25
17,1,82,2.93896007538,5.0
17,1,82,3.2296257019,5.0
17,1,26,3.18628907204,3.0
17,1,26,3.31310296059,3.0
17,1,84,3.99683356285,4.25
17,1,84,4.12332582474,4.25
17,1,28,4.14032077789,4.25
17,1,28,4.7326169014,4.25
17,1,86,2.92529344559,4.0
17,1,86,2.79480648041,4.0
17,1,59,1.72905373573,2.5
17,1,59,0.794308245182,2.5
17,1,30,2.3398206234,5.25
17,1,30,2.07862877846,5.25
17,1,72,3.518846035,5.25
17,1,72,3.34714126587,5.25
17,1,61,2.72440958023,2.25
17,1,61,2.26880502701,2.25
17,1,74,3.62423825264,3.25
17,1,74,3.39092302322,3.25
17,1,63,2.87121248245,1.75
17,1,63,2.16466355324,1.75
17,1,18,3.19533324242,2.75
17,1,18,3.10729312897,2.75
17,1,105,3.5533759594,3.75
17,1,105,3.19347405434,3.75
17,1,76,3.53324222565,4.5
17,1,76,4.28840065002,4.5
17,1,20,2.7588186264,3.5
17,1,20,2.22552108765,3.5
17,1,107,3.10609817505,3.25
17,1,107,2.90863394737,3.25
17,1,78,2.80094075203,4.25
17,1,78,2.90219259262,4.25
17,1,51,3.87382698059,3.0
17,1,51,3.81795310974,3.0
17,1,22,3.10565066338,3.0
17,1,22,2.83240532875,3.0
17,1,109,2.80444812775,2.5
17,1,109,2.8269610405,2.5
17,1,64,2.97230887413,1.0
17,1,64,2.53827095032,1.0
17,1,53,4.1566028595,2.75
17,1,53,4.80263137817,2.75
17,1,8,2.75426197052,2.75
17,1,8,2.68073701859,2.75
17,1,111,1.88385558128,2.0
17,1,111,2.0677986145,2.0
17,1,66,3.35426354408,0.75
17,1,66,3.13657999039,0.75
17,1,55,2.60832023621,2.5
17,1,55,2.56348896027,2.5
17,1,10,1.34886419773,1.5
17,1,10,1.12104952335,1.5
17,1,97,3.85928010941,2.5
17,1,97,3.98011159897,2.5
17,1,68,2.18919014931,3.75
17,1,68,2.22498488426,3.75
17,1,41,2.75763773918,3.25
17,1,41,2.79132699966,3.25
17,1,12,2.8092713356,2.25
17,1,12,2.57731866837,2.25
17,1,99,3.72263431549,3.5
17,1,99,3.69725418091,3.5
17,1,43,4.07877874374,4.25
17,1,43,3.76228761673,4.25
17,1,14,2.91454195976,1.5
17,1,14,2.77886867523,1.5
17,1,101,3.83721017838,3.0
17,1,101,3.36136364937,3.0
17,1,45,2.92459869385,3.0
17,1,45,3.33454871178,3.0
17,1,103,2.57958769798,3.0
17,1,103,2.95106124878,3.0
17,1,89,2.99304270744,3.25
17,1,89,3.58028388023,3.25
17,1,33,2.71138119698,3.75
17,1,33,3.00225281715,3.75
17,1,4,1.45042073727,2.75
17,1,4,0.902999103069,2.75
17,1,91,3.35872769356,3.5
17,1,91,3.2131357193,3.5
17,1,35,4.02486085892,2.5
17,1,35,3.70404458046,2.5
17,1,6,1.77084541321,2.75
17,1,6,1.51103115082,2.75
17,1,93,2.70180797577,3.5
17,1,93,3.28540301323,3.5
17,1,37,4.19334459305,2.5
17,1,37,4.85123872757,2.5
17,1,95,4.06486034393,5.25
17,1,95,4.22408819199,5.25
17,1,39,1.87899196148,4.5
17,1,39,2.01928377151,4.5
17,1,81,2.69566774368,4.5
17,1,81,2.93931341171,4.5
17,1,25,3.00371050835,3.75
17,1,25,3.48709511757,3.75
17,1,83,3.01159739494,3.5
17,1,83,2.69322705269,3.5
17,1,27,4.94793176651,4.5
17,1,27,4.8028845787,4.5
17,1,85,2.80756759644,4.75
17,1,85,2.74439787865,4.75
17,1,29,3.89684271812,4.0
17,1,29,4.11331892014,4.0
18,1,94,1.66453135014,2.5
18,1,94,2.65755844116,2.5
18,1,20,1.88262307644,2.75
18,1,20,2.48818731308,2.75
18,1,49,2.17884612083,1.5
18,1,49,2.82965898514,1.5
18,1,92,2.5028860569,2.25
18,1,92,2.8685002327,2.25
18,1,18,2.59069132805,2.75
18,1,18,2.54463005066,2.75
18,1,47,2.5792195797,1.75
18,1,47,2.5372338295,1.75
18,1,90,2.2556347847,2.5
18,1,90,2.45104312897,2.5
18,1,16,2.33741044998,2.33333
18,1,16,2.48930025101,2.33333
18,1,45,1.87484407425,4.75
18,1,45,2.08295702934,4.75
18,1,88,1.23702633381,2.75
18,1,88,1.91971385479,2.75
18,1,43,1.27290344238,4.25
18,1,43,2.01185083389,4.25
18,1,86,3.09132885933,2.5
18,1,86,3.44061946869,2.5
18,1,12,2.96720099449,6.0
18,1,12,3.40190076828,6.0
18,1,41,3.75029778481,4.0
18,1,41,4.40004491806,4.0
18,1,84,1.86822223663,4.5
18,1,84,2.3805706501,4.5
18,1,10,3.00716972351,1.75
18,1,10,3.54099488258,1.75
18,1,39,2.53564786911,4.0
18,1,39,3.21932220459,4.0
18,1,82,1.57822680473,3.25
18,1,82,1.66048109531,3.25
18,1,111,0.953155398369,2.75
18,1,111,1.6665006876,2.75
18,1,8,0.193034902215,2.25
18,1,8,0.347030133009,2.25
18,1,37,2.1208524704,2.75
18,1,37,2.99742770195,2.75
18,1,80,0.675909042358,3.5
18,1,80,1.11804938316,3.5
18,1,109,3.46138072014,3.0
18,1,109,3.31357574463,3.0
18,1,6,3.13098859787,3.5
18,1,6,3.42255520821,3.5
18,1,35,1.32458627224,2.25
18,1,35,1.85093963146,2.25
18,1,78,0.57938170433,2.0
18,1,78,1.03520214558,2.0
18,1,107,1.80954813957,3.0
18,1,107,3.03139615059,3.0
18,1,4,3.07527208328,3.0
18,1,4,3.46491074562,3.0
18,1,33,1.11152648926,1.0
18,1,33,1.83025789261,1.0
18,1,76,0.840818822384,2.0
18,1,76,1.10534512997,2.0
18,1,105,2.3320376873,1.75
18,1,105,2.62279009819,1.75
18,1,2,3.11771178246,4.25
18,1,2,3.06532788277,4.25
18,1,74,1.9462069273,1.5
18,1,74,1.9349899292,1.5
18,1,103,1.64572966099,2.0
18,1,103,2.15979647636,2.0
18,1,101,1.16302680969,2.25
18,1,101,1.89406073093,2.25
18,1,62,2.85717463493,1.5
18,1,62,2.34618782997,1.5
18,1,99,1.52333188057,2.5
18,1,99,2.26957821846,2.5
18,1,60,1.56188416481,1.0
18,1,60,1.8948264122,1.0
18,1,68,1.67507588863,2.5
18,1,68,2.36382222176,2.5
18,1,97,2.12172722816,3.25
18,1,97,2.85462641716,3.25
18,1,66,1.99671828747,1.75
18,1,66,2.28710603714,1.75
18,1,31,2.50844216347,3.75
18,1,31,2.65822529793,3.75
18,1,56,1.75556278229,3.25
18,1,56,2.43852090836,3.25
18,1,64,1.55315172672,2.25
18,1,64,1.91555976868,2.25
18,1,29,2.68911957741,3.75
18,1,29,2.68112301826,3.75
18,1,54,2.04092693329,1.25
18,1,54,2.49228143692,1.25
18,1,27,3.09481191635,3.75
18,1,27,3.74977517128,3.75
18,1,25,3.97946691513,3.0
18,1,25,4.57031726837,3.0
18,1,50,2.36236429214,2.25
18,1,50,2.28622126579,2.25
18,1,23,4.02898263931,2.5
18,1,23,4.68302106857,2.5
18,1,48,2.06604909897,1.75
18,1,48,2.99875736237,1.75
18,1,95,2.30174827576,4.25
18,1,95,2.86713886261,4.25
18,1,21,2.29951572418,2.5
18,1,21,3.12610268593,2.5
18,1,46,2.92852401733,2.25
18,1,46,3.04548215866,2.25
18,1,93,2.56492590904,2.0
18,1,93,2.69629049301,2.0
18,1,19,0.934061765671,2.75
18,1,19,1.67757093906,2.75
18,1,44,3.80109834671,2.5
18,1,44,4.55688285828,2.5
18,1,91,2.05858278275,2.5
18,1,91,2.50554227829,2.5
18,1,17,3.15158104897,3.0
18,1,17,2.85230326653,3.0
18,1,42,3.07693004608,2.5
18,1,42,3.24181127548,2.5
18,1,89,0.871079087257,2.25
18,1,89,1.76792228222,2.25
18,1,40,1.31871974468,4.0
18,1,40,2.11333918571,4.0
18,1,87,2.69809699059,3.25
18,1,87,3.86606693268,3.25
18,1,112,2.84775590897,1.25
18,1,112,3.22087883949,1.25
18,1,38,3.24422192574,3.5
18,1,38,3.76631951332,3.5
18,1,85,1.05543363094,4.0
18,1,85,1.75109314919,4.0
18,1,110,1.15827262402,1.75
18,1,110,1.91047954559,1.75
18,1,11,1.26764321327,5.75
18,1,11,1.3992651701,5.75
18,1,36,1.21613395214,2.25
18,1,36,1.8956772089,2.25
18,1,83,1.09656703472,3.75
18,1,83,1.63574957848,3.75
18,1,108,1.40300500393,2.5
18,1,108,1.98458600044,2.5
18,1,9,1.6622146368,2.0
18,1,9,1.89801585674,2.0
18,1,34,1.99429225922,2.25
18,1,34,1.90145802498,2.25
18,1,81,1.58336257935,3.75
18,1,81,2.42018270493,3.75
18,1,106,1.96365594864,1.25
18,1,106,2.68794894218,1.25
18,1,7,3.02536082268,2.5
18,1,7,2.5490899086,2.5
18,1,32,1.83104813099,1.25
18,1,32,2.39862036705,1.25
18,1,79,0.777520418167,2.25
18,1,79,1.46087896824,2.25
18,1,104,2.28908348083,3.25
18,1,104,3.08220624924,3.25
18,1,5,2.51567268372,1.5
18,1,5,2.55409669876,1.5
18,1,77,2.36120653152,1.0
18,1,77,2.19965815544,1.0
18,1,102,2.86816740036,2.25
18,1,102,3.44827485085,2.25
18,1,3,1.4256080389,2.25
18,1,3,1.44433259964,2.25
18,1,75,0.424596786499,1.0
18,1,75,1.16538095474,1.0
18,1,100,1.45843839645,3.75
18,1,100,2.27725958824,3.75
18,1,73,0.715709924698,2.0
18,1,73,1.13060736656,2.0
18,1,98,0.850825369358,2.25
18,1,98,1.61603391171,2.25
18,1,96,2.55193138123,2.5
18,1,96,3.12402367592,2.5
18,1,61,3.23091697693,3.25
18,1,61,2.39254927635,3.25
18,1,69,2.15250730515,1.0
18,1,69,2.54472136497,1.0
18,1,30,2.312915802,2.75
18,1,30,3.40443754196,2.75
18,1,59,2.51323652267,1.66667
18,1,59,3.06002926826,1.66667
18,1,67,2.72611951828,1.0
18,1,67,2.52360796928,1.0
18,1,28,2.96520423889,3.25
18,1,28,3.41419529915,3.25
18,1,65,2.65901231766,1.0
18,1,65,2.40747714043,1.0
18,1,26,2.55739116669,2.75
18,1,26,3.72557759285,2.75
18,1,55,2.6611020565,1.75
18,1,55,2.85401272774,1.75
18,1,24,2.73616409302,3.25
18,1,24,3.92721629143,3.25
18,1,53,2.82257223129,3.25
18,1,53,3.27441334724,3.25
18,1,22,3.30945205688,3.75
18,1,22,3.63925361633,3.75
18,1,51,1.70005965233,1.25
18,1,51,1.91865539551,1.25
