3,1,47,5.5588,4.25
3,1,47,5.5587,4.25
3,1,10,5.3855,2.875
3,1,10,5.3851,2.875
3,1,101,4.2182,4.375
3,1,101,4.2270,4.375
3,1,64,5.0924,5.75
3,1,64,5.0929,5.75
3,1,45,4.7574,4.25
3,1,45,4.7571,4.25
3,1,8,5.1208,3.5
3,1,8,5.1205,3.5
3,1,99,4.4829,1.5
3,1,99,4.4791,1.5
3,1,94,4.4571,3.25
3,1,94,4.4566,3.25
3,1,43,4.4992,4.0
3,1,43,4.4952,4.0
3,1,6,4.9425,4.5
3,1,6,4.9428,4.5
3,1,97,4.4680,1.25
3,1,97,4.4674,1.25
3,1,92,4.8752,3.5
3,1,92,4.8749,3.5
3,1,41,3.5079,3.25
3,1,41,3.5082,3.25
3,1,4,4.8322,3.25
3,1,4,4.8324,3.25
3,1,90,4.7214,3.75
3,1,90,4.7204,3.75
3,1,39,5.2270,5.75
3,1,39,5.2249,5.75
3,1,2,3.7989,4.5
3,1,2,3.7952,4.5
3,1,88,3.9789,4.0
3,1,88,3.9722,4.0
3,1,37,4.7587,3.125
3,1,37,4.7582,3.125
3,1,86,4.8591,4.25
3,1,86,4.8591,4.25
3,1,35,5.0652,4.375
3,1,35,5.0645,4.375
3,1,30,3.5994,4.5
3,1,30,3.5961,4.5
3,1,84,4.7669,3.75
3,1,84,4.7669,3.75
3,1,33,4.1340,3.0
3,1,33,4.1359,3.0
3,1,28,5.1921,4.75
3,1,28,5.1922,4.75
3,1,82,4.7450,3.0
3,1,82,4.7476,3.0
3,1,63,4.8397,4.75
3,1,63,4.8389,4.75
3,1,26,5.1942,4.0
3,1,26,5.1942,4.0
3,1,80,4.2836,2.75
3,1,80,4.2844,2.75
3,1,61,4.9424,5.5
3,1,61,4.9414,5.5
3,1,24,4.7399,4.5
3,1,24,4.7397,4.5
3,1,59,4.7329,5.5
3,1,59,4.7334,5.5
3,1,22,5.0567,4.83333
3,1,22,5.0567,4.83333
3,1,57,5.0983,4.875
3,1,57,5.0985,4.875
3,1,20,4.4442,2.5
3,1,20,4.4456,2.5
3,1,79,4.5592,5.25
3,1,79,4.5626,5.25
3,1,55,4.1629,3.25
3,1,55,4.1564,3.25
3,1,18,4.3008,3.75
3,1,18,4.3004,3.75
3,1,77,4.9014,4.5
3,1,77,4.9017,4.5
3,1,16,5.0146,4.75
3,1,16,5.0143,4.75
3,1,75,4.7903,4.0
3,1,75,4.7855,4.0
3,1,51,4.5330,4.5
3,1,51,4.5255,4.5
3,1,73,4.5875,3.0
3,1,73,4.5865,3.0
3,1,49,4.7337,5.0
3,1,49,4.7348,5.0
3,1,108,4.8335,2.25
3,1,108,4.8319,2.25
3,1,71,4.2463,2.0
3,1,71,4.2538,2.0
3,1,15,4.4625,5.0
3,1,15,4.4625,5.0
3,1,106,3.8471,2.75
3,1,106,3.8473,2.75
3,1,104,4.5716,3.5
3,1,104,4.5707,3.5
3,1,102,4.2243,5.25
3,1,102,4.2237,5.25
3,1,65,4.7103,6.25
3,1,65,4.7078,6.25
3,1,46,4.4768,5.0
3,1,46,4.4770,5.0
3,1,9,4.5244,2.75
3,1,9,4.5257,2.75
3,1,100,4.2493,2.375
3,1,100,4.2474,2.375
3,1,95,4.3090,3.75
3,1,95,4.3071,3.75
3,1,44,3.9592,3.0
3,1,44,3.9599,3.0
3,1,7,5.5052,4.75
3,1,7,5.5054,4.75
3,1,98,4.2161,1.75
3,1,98,4.2023,1.75
3,1,93,4.5355,3.25
3,1,93,4.5342,3.25
3,1,5,5.3889,6.0
3,1,5,5.3889,6.0
3,1,96,4.7702,3.875
3,1,96,4.7703,3.875
3,1,91,4.6521,4.0
3,1,91,4.6559,4.0
3,1,40,4.6053,5.0
3,1,40,4.6085,5.0
3,1,3,4.9746,3.0
3,1,3,4.9758,3.0
3,1,89,4.9039,4.25
3,1,89,4.8992,4.25
3,1,38,4.6496,4.5
3,1,38,4.6491,4.5
3,1,1,3.8095,3.875
3,1,1,3.8101,3.875
3,1,87,4.5698,4.25
3,1,87,4.5650,4.25
3,1,36,4.6570,3.5
3,1,36,4.6554,3.5
3,1,31,4.2946,3.66667
3,1,31,4.2949,3.66667
3,1,85,4.3203,2.0
3,1,85,4.3214,2.0
3,1,34,4.9265,4.125
3,1,34,4.9282,4.125
3,1,29,5.2119,1.25
3,1,29,5.2117,1.25
3,1,83,4.9455,4.5
3,1,83,4.9449,4.5
3,1,32,3.9611,4.5
3,1,32,3.9688,4.5
3,1,27,4.3387,5.25
3,1,27,4.3383,5.25
3,1,81,5.0073,2.75
3,1,81,5.0071,2.75
3,1,62,4.7234,4.375
3,1,62,4.7157,4.375
3,1,25,5.6312,5.5
3,1,25,5.6313,5.5
3,1,60,4.9335,5.5
3,1,60,4.9333,5.5
3,1,23,4.6533,3.875
3,1,23,4.6542,3.875
3,1,58,4.5768,4.5
3,1,58,4.5711,4.5
3,1,21,5.0077,4.5
3,1,21,5.0075,4.5
3,1,56,3.5041,4.0
3,1,56,3.5208,4.0
3,1,19,4.0768,4.125
3,1,19,4.0750,4.125
3,1,78,4.8079,5.25
3,1,78,4.8077,5.25
3,1,17,4.7274,5.0
3,1,17,4.7259,5.0
3,1,76,5.0696,4.0
3,1,76,5.0695,4.0
3,1,52,4.8816,3.5
3,1,52,4.8814,3.5
3,1,74,4.4617,4.0
3,1,74,4.4622,4.0
3,1,50,4.8633,4.66667
3,1,50,4.8632,4.66667
3,1,48,4.9212,2.5
3,1,48,4.9258,2.5
3,1,107,3.9071,5.25
3,1,107,3.9114,5.25
3,1,70,4.4559,2.75
3,1,70,4.4638,2.75
3,1,14,3.6094,3.75
3,1,14,3.6099,3.75
3,1,105,2.9932,1.25
3,1,105,2.9945,1.25
3,1,103,4.0949,1.5
3,1,103,4.1045,1.5
3,1,66,4.2589,3.0
3,1,66,4.2623,3.0
3,2,82,3.1435,3.25
3,2,82,3.1460,3.25
3,2,61,3.8095,4.375
3,2,61,3.8164,4.375
3,2,80,3.1704,4.75
3,2,80,3.1704,4.75
3,2,30,2.5311,3.625
3,2,30,2.5341,3.625
3,2,35,2.2840,3.875
3,2,35,2.2852,3.875
3,2,86,2.7991,2.75
3,2,86,2.7969,2.75
3,2,28,2.9393,4.0
3,2,28,2.9422,4.0
3,2,33,4.5022,5.0
3,2,33,4.5061,5.0
3,2,84,3.2992,4.0
3,2,84,3.2930,4.0
3,2,2,4.2150,1.875
3,2,2,4.2159,1.875
3,2,39,4.6647,4.25
3,2,39,4.6642,4.25
3,2,90,3.8107,4.25
3,2,90,3.8138,4.25
3,2,37,4.0544,2.25
3,2,37,4.0571,2.25
3,2,88,4.0548,4.0
3,2,88,4.0583,4.0
3,2,6,4.8426,5.25
3,2,6,4.8427,5.25
3,2,43,2.3030,4.0
3,2,43,2.3067,4.0
3,2,94,4.5003,3.75
3,2,94,4.5005,3.75
3,2,99,4.1992,2.625
3,2,99,4.1995,2.625
3,2,41,4.3190,3.5
3,2,41,4.3209,3.5
3,2,92,3.5751,3.25
3,2,92,3.5747,3.25
3,2,97,3.7165,5.0
3,2,97,3.7174,5.0
3,2,10,4.7259,4.0
3,2,10,4.7259,4.0
3,2,47,2.6256,3.875
3,2,47,2.6280,3.875
3,2,66,4.0746,3.75
3,2,66,4.0747,3.75
3,2,103,4.2941,4.0
3,2,103,4.2939,4.0
3,2,8,4.4043,6.0
3,2,8,4.4062,6.0
3,2,45,3.9891,3.25
3,2,45,3.9897,3.25
3,2,64,3.1926,2.375
3,2,64,3.1882,2.375
3,2,101,3.6463,3.125
3,2,101,3.6448,3.125
3,2,14,2.9327,3.75
3,2,14,2.9363,3.75
3,2,70,3.7890,3.66667
3,2,70,3.7840,3.66667
3,2,107,2.2015,4.625
3,2,107,2.1994,4.625
3,2,12,5.2320,5.25
3,2,12,5.2320,5.25
3,2,68,4.1323,5.5
3,2,68,4.1363,5.5
3,2,105,4.0949,3.5
3,2,105,4.0774,3.5
3,2,50,4.4266,3.75
3,2,50,4.4286,3.75
3,2,74,3.8169,3.25
3,2,74,3.8172,3.25
3,2,111,3.7274,3.5
3,2,111,3.7300,3.5
3,2,48,2.8283,4.25
3,2,48,2.8235,4.25
3,2,109,2.8826,1.95833
3,2,109,2.8911,1.95833
3,2,78,4.1702,2.75
3,2,78,4.1727,2.75
3,2,52,4.4543,1.5
3,2,52,4.4534,1.5
3,2,56,4.4588,4.25
3,2,56,4.4600,4.25
3,2,112,2.8231,4.0
3,2,112,2.8178,4.0
3,2,62,4.5352,5.25
3,2,62,4.5338,5.25
3,2,27,3.3536,4.0
3,2,27,3.3523,4.0
3,2,60,3.7294,3.75
3,2,60,3.7246,3.75
3,2,83,3.9821,4.25
3,2,83,3.9814,4.25
3,2,34,2.1307,3.5
3,2,34,2.1212,3.5
3,2,81,4.3673,4.375
3,2,81,4.3725,4.375
3,2,31,4.1619,3.25
3,2,31,4.1636,3.25
3,2,32,4.8088,3.25
3,2,32,4.8136,3.25
3,2,87,3.4368,3.75
3,2,87,3.4338,3.75
3,2,29,2.2870,4.0
3,2,29,2.2826,4.0
3,2,38,4.4610,3.25
3,2,38,4.4632,3.25
3,2,85,3.5516,3.25
3,2,85,3.5498,3.25
3,2,36,4.3242,2.75
3,2,36,4.3246,2.75
3,2,91,4.3264,4.5
3,2,91,4.3273,4.5
3,2,42,1.9812,2.5
3,2,42,1.9787,2.5
3,2,89,3.8342,3.25
3,2,89,3.8358,3.25
3,2,98,4.4382,4.5
3,2,98,4.4380,4.5
3,2,7,4.0237,6.0
3,2,7,4.0230,6.0
3,2,40,4.2614,2.75
3,2,40,4.2605,2.75
3,2,95,2.9960,1.5
3,2,95,3.0011,1.5
3,2,96,3.5135,3.125
3,2,96,3.5158,3.125
3,2,5,4.4290,3.25
3,2,5,4.4308,3.25
3,2,46,3.3016,4.5
3,2,46,3.3151,4.5
3,2,93,4.0855,5.0
3,2,93,4.0850,5.0
3,2,102,4.5866,2.0
3,2,102,4.5861,2.0
3,2,11,5.1290,4.125
3,2,11,5.1274,4.125
3,2,44,2.5513,5.0
3,2,44,2.5500,5.0
3,2,67,4.4271,5.25
3,2,67,4.4317,5.25
3,2,100,4.2559,1.25
3,2,100,4.2533,1.25
3,2,9,4.5955,4.5
3,2,9,4.5952,4.5
3,2,65,2.8791,3.0
3,2,65,2.8567,3.0
3,2,106,4.0704,3.875
3,2,106,4.0686,3.875
3,2,71,3.7805,2.375
3,2,71,3.7827,2.375
3,2,104,2.9479,3.5
3,2,104,2.9511,3.5
3,2,13,5.2058,5.0
3,2,13,5.2064,5.0
3,2,69,2.1503,1.25
3,2,69,2.1490,1.25
3,2,110,4.6172,4.25
3,2,110,4.6178,4.25
3,2,51,3.8370,4.0
3,2,51,3.8365,4.0
3,2,108,3.0519,4.0
3,2,108,3.0537,4.0
3,2,49,2.5124,2.75
3,2,49,2.5101,2.75
3,2,73,3.7174,3.75
3,2,73,3.7164,3.75
3,2,55,4.0701,3.33333
3,2,55,4.0684,3.33333
3,2,79,3.6276,3.75
3,2,79,3.6302,3.75
3,2,53,3.8623,4.5
3,2,53,3.8587,4.5
3,2,77,4.2121,2.25
3,2,77,4.2131,2.25
3,2,59,3.9716,2.25
3,2,59,3.9678,2.25
3,2,113,3.7470,3.0
3,2,113,3.7508,3.0
3,2,26,2.6386,2.5
3,2,26,2.6380,2.5
3,2,63,1.6729,1.25
3,2,63,1.6706,1.25
4,1,29,2.7282,3.0
4,1,29,2.7276,3.0
4,1,58,4.3065,2.25
4,1,58,4.3056,2.25
4,1,85,2.9366,2.5
4,1,85,2.9360,2.5
4,1,114,2.4256,1.5
4,1,114,2.4256,1.5
4,1,31,2.6617,2.25
4,1,31,2.6615,2.25
4,1,36,2.4557,0.875
4,1,36,2.4551,0.875
4,1,87,2.5905,3.25
4,1,87,2.5904,3.25
4,1,25,3.0064,1.5
4,1,25,3.0062,1.5
4,1,38,2.9424,2.5
4,1,38,2.9407,2.5
4,1,81,2.9299,3.0
4,1,81,2.9306,3.0
4,1,27,2.0937,2.75
4,1,27,2.0951,2.75
4,1,32,2.8085,1.5
4,1,32,2.8138,1.5
4,1,83,2.4346,3.25
4,1,83,2.4342,3.25
4,1,5,2.1680,1.0
4,1,5,2.1683,1.0
4,1,34,2.5412,1.5
4,1,34,2.5414,1.5
4,1,93,3.0219,3.0
4,1,93,3.0219,3.0
4,1,7,2.2337,1.75
4,1,7,2.2296,1.75
4,1,95,2.5765,3.5
4,1,95,2.5759,3.5
4,1,100,2.8619,0.75
4,1,100,2.8623,0.75
4,1,46,3.8552,3.75
4,1,46,3.8602,3.75
4,1,89,2.5185,1.75
4,1,89,2.5171,1.75
4,1,102,2.4681,1.5
4,1,102,2.4682,1.5
4,1,3,2.4878,3.5
4,1,3,2.4874,3.5
4,1,40,3.7199,4.0
4,1,40,3.7197,4.0
4,1,91,2.8544,2.25
4,1,91,2.8548,2.25
4,1,96,2.8937,2.75
4,1,96,2.8942,2.75
4,1,13,2.3849,1.5
4,1,13,2.3851,1.5
4,1,42,2.7443,1.75
4,1,42,2.7439,1.75
4,1,69,4.5160,5.5
4,1,69,4.5164,5.5
4,1,98,2.8713,3.25
4,1,98,2.8712,3.25
4,1,15,2.2752,0.75
4,1,15,2.2753,0.75
4,1,71,4.4964,2.125
4,1,71,4.4932,2.125
4,1,108,3.1483,3.25
4,1,108,3.1255,3.25
4,1,9,2.1637,1.0
4,1,9,2.1643,1.0
4,1,65,3.3837,4.75
4,1,65,3.3820,4.75
4,1,110,3.0107,4.0
4,1,110,3.0095,4.0
4,1,11,2.6750,1.0
4,1,11,2.6739,1.0
4,1,67,3.5974,1.75
4,1,67,3.5955,1.75
4,1,104,2.6276,1.25
4,1,104,2.6276,1.25
4,1,53,4.1668,2.5
4,1,53,4.1656,2.5
4,1,77,3.8105,2.625
4,1,77,3.8095,2.625
4,1,106,2.7155,2.125
4,1,106,2.7154,2.125
4,1,55,3.9385,2.5
4,1,55,3.9391,2.5
4,1,79,4.0319,6.75
4,1,79,4.0309,6.75
4,1,49,4.2749,4.25
4,1,49,4.2748,4.25
4,1,73,4.0659,4.25
4,1,73,4.0636,4.25
4,1,22,2.4149,1.25
4,1,22,2.4151,1.25
4,1,51,4.1133,2.75
4,1,51,4.1141,2.75
4,1,75,3.7678,4.75
4,1,75,3.7647,4.75
4,1,16,2.2934,1.0
4,1,16,2.2930,1.0
4,1,117,2.6205,1.25
4,1,117,2.6204,1.25
4,1,63,2.4422,1.0
4,1,63,2.4420,1.0
4,1,28,2.7840,2.625
4,1,28,2.7883,2.625
4,1,57,4.1582,2.75
4,1,57,4.1577,2.75
4,1,84,2.6587,2.5
4,1,84,2.6593,2.5
4,1,113,2.8465,3.25
4,1,113,2.8461,3.25
4,1,30,2.8703,1.125
4,1,30,2.8693,1.125
4,1,59,3.9391,1.875
4,1,59,3.9370,1.875
4,1,86,2.4556,1.66667
4,1,86,2.4556,1.66667
4,1,115,2.6570,3.5
4,1,115,2.6561,3.5
4,1,24,2.7267,2.0
4,1,24,2.7276,2.0
4,1,37,3.5306,2.25
4,1,37,3.5293,2.25
4,1,80,3.1291,3.5
4,1,80,3.1311,3.5
4,1,26,3.8069,4.375
4,1,26,3.8010,4.375
4,1,39,3.6135,2.5
4,1,39,3.6167,2.5
4,1,82,3.1091,6.5
4,1,82,3.1104,6.5
4,1,4,2.1055,1.5
4,1,4,2.1109,1.5
4,1,33,2.3619,1.5
4,1,33,2.3622,1.5
4,1,92,2.8151,2.0
4,1,92,2.8154,2.0
4,1,6,2.3967,1.5
4,1,6,2.3968,1.5
4,1,35,2.6322,1.75
4,1,35,2.6328,1.75
4,1,94,2.4283,1.5
4,1,94,2.4269,1.5
4,1,45,3.4545,2.125
4,1,45,3.4495,2.125
4,1,88,2.5639,1.5
4,1,88,2.5602,1.5
4,1,101,2.6362,3.875
4,1,101,2.6364,3.875
4,1,47,3.6114,2.125
4,1,47,3.6105,2.125
4,1,90,3.0976,1.375
4,1,90,3.0943,1.375
4,1,103,2.8984,1.0
4,1,103,2.8986,1.0
4,1,12,2.3184,2.5
4,1,12,2.3188,2.5
4,1,41,3.9514,2.5
4,1,41,3.9497,2.5
4,1,68,3.5717,5.5
4,1,68,3.5677,5.5
4,1,97,2.6644,1.625
4,1,97,2.6644,1.625
4,1,70,3.3141,5.25
4,1,70,3.3141,5.25
4,1,99,3.1513,2.375
4,1,99,3.1514,2.375
4,1,8,2.2846,0.75
4,1,8,2.2852,0.75
4,1,64,3.5579,3.5
4,1,64,3.5543,3.5
4,1,109,2.7292,2.75
4,1,109,2.7294,2.75
4,1,10,2.7118,3.0
4,1,10,2.7116,3.0
4,1,66,2.3181,1.0
4,1,66,2.3181,1.0
4,1,111,2.5414,3.5
4,1,111,2.5413,3.5
4,1,52,4.1480,3.25
4,1,52,4.1486,3.25
4,1,105,3.0603,3.625
4,1,105,3.0536,3.625
4,1,54,3.9905,3.375
4,1,54,3.9901,3.375
4,1,78,2.7691,3.25
4,1,78,2.7691,3.25
4,1,48,4.3800,1.5
4,1,48,4.3805,1.5
4,1,72,2.5366,2.375
4,1,72,2.5367,2.375
4,1,50,3.7492,2.0
4,1,50,3.7519,2.0
4,1,74,3.1113,3.5
4,1,74,3.1114,3.5
4,1,23,2.2636,1.0
4,1,23,2.2641,1.0
4,1,116,3.2001,1.75
4,1,116,3.2068,1.75
4,1,118,4.1466,4.5
4,1,118,4.1647,4.5
4,1,56,4.0367,2.0
4,1,56,4.0359,2.0
4,1,112,2.7448,1.0
4,1,112,2.7454,1.0
7,1,40,5.0914,5.5
7,1,40,5.3504,5.5
7,1,3,4.7685,4.75
7,1,3,4.6080,4.75
7,1,102,4.2593,4.25
7,1,102,3.9780,4.25
7,1,46,5.3080,4.0
7,1,46,5.1578,4.0
7,1,1,4.1279,3.5
7,1,1,4.2030,3.5
7,1,44,4.7915,6.25
7,1,44,4.7340,6.25
7,1,7,4.9255,2.25
7,1,7,4.7860,2.25
7,1,90,4.4638,4.0
7,1,90,4.4623,4.0
7,1,34,5.2482,5.5
7,1,34,5.1183,5.5
7,1,5,4.8538,4.75
7,1,5,4.7115,4.75
7,1,88,4.6468,6.5
7,1,88,5.0779,6.5
7,1,32,4.8698,3.75
7,1,32,4.8270,3.75
7,1,94,4.8422,3.0
7,1,94,4.9149,3.0
7,1,38,4.8957,3.5
7,1,38,4.1171,3.5
7,1,92,4.7107,5.75
7,1,92,4.7331,5.75
7,1,36,4.5364,4.25
7,1,36,4.4074,4.25
7,1,82,4.6958,5.25
7,1,82,4.6009,5.25
7,1,26,5.2294,3.0
7,1,26,5.2135,3.0
7,1,80,4.7698,2.0
7,1,80,4.8121,2.0
7,1,24,5.1963,5.0
7,1,24,4.7973,5.0
7,1,86,5.1541,3.25
7,1,86,4.7665,3.25
7,1,59,4.5566,5.25
7,1,59,4.4313,5.25
7,1,30,4.8897,3.0
7,1,30,4.3664,3.0
7,1,84,4.9897,4.75
7,1,84,4.3773,4.75
7,1,57,4.8699,4.25
7,1,57,4.9519,4.25
7,1,28,4.4536,5.25
7,1,28,4.8095,5.25
7,1,74,4.5976,4.25
7,1,74,4.5057,4.25
7,1,63,4.4234,5.5
7,1,63,4.2807,5.5
7,1,18,4.7853,6.0
7,1,18,4.9965,6.0
7,1,72,4.7950,2.0
7,1,72,4.3301,2.0
7,1,61,4.5200,5.0
7,1,61,4.5939,5.0
7,1,107,4.5994,4.0
7,1,107,4.1441,4.0
7,1,78,3.8343,4.0
7,1,78,3.3917,4.0
7,1,51,5.1087,3.5
7,1,51,5.0828,3.5
7,1,22,4.9033,3.75
7,1,22,4.2602,3.75
7,1,105,5.0784,4.75
7,1,105,4.5624,4.75
7,1,76,5.4728,2.75
7,1,76,5.0522,2.75
7,1,49,4.7971,4.5
7,1,49,4.6831,4.5
7,1,20,5.0776,5.25
7,1,20,4.7606,5.25
7,1,66,3.9029,4.25
7,1,66,3.2462,4.25
7,1,55,4.0729,2.5
7,1,55,3.9408,2.5
7,1,10,4.3523,2.75
7,1,10,4.2540,2.75
7,1,109,4.1633,6.25
7,1,109,3.8001,6.25
7,1,64,3.9403,5.0
7,1,64,4.2302,5.0
7,1,53,4.7374,5.5
7,1,53,4.8226,5.5
7,1,8,4.9434,4.5
7,1,8,4.9780,4.5
7,1,70,4.7823,5.5
7,1,70,4.1627,5.5
7,1,43,5.1693,3.5
7,1,43,5.1563,3.5
7,1,14,3.5392,1.75
7,1,14,3.4286,1.75
7,1,97,3.7303,5.5
7,1,97,3.5768,5.5
7,1,68,3.5292,4.25
7,1,68,3.3047,4.25
7,1,41,4.7154,4.75
7,1,41,4.7000,4.75
7,1,12,3.5133,5.0
7,1,12,3.2048,5.0
7,1,103,4.1562,3.25
7,1,103,4.2623,3.25
7,1,47,5.2660,4.5
7,1,47,5.4098,4.5
7,1,2,4.6557,5.5
7,1,2,4.0907,5.5
7,1,101,4.6129,4.0
7,1,101,4.3883,4.0
7,1,45,5.1348,4.5
7,1,45,4.8919,4.5
7,1,35,4.8361,6.0
7,1,35,4.9699,6.0
7,1,89,4.7251,5.25
7,1,89,4.7115,5.25
7,1,33,4.8405,4.75
7,1,33,4.8301,4.75
7,1,4,5.0699,3.25
7,1,4,4.8802,3.25
7,1,95,4.6432,4.75
7,1,95,4.4944,4.75
7,1,39,4.5536,5.5
7,1,39,4.3475,5.5
7,1,93,4.7718,4.25
7,1,93,4.7414,4.25
7,1,37,4.3621,4.25
7,1,37,4.2265,4.25
7,1,83,4.9686,4.75
7,1,83,4.6881,4.75
7,1,27,4.7565,4.25
7,1,27,5.0313,4.25
7,1,81,4.9436,4.0
7,1,81,5.2215,4.0
7,1,25,4.5810,4.5
7,1,25,4.2616,4.5
7,1,31,4.4806,4.5
7,1,31,4.2002,4.5
7,1,58,5.1169,6.0
7,1,58,4.5359,6.0
7,1,29,5.1442,4.25
7,1,29,4.7524,4.25
7,1,75,5.2762,4.75
7,1,75,5.0050,4.75
7,1,19,5.0085,4.75
7,1,19,4.1812,4.75
7,1,73,4.7830,1.0
7,1,73,4.3705,1.0
7,1,62,4.6163,4.5
7,1,62,4.4593,4.5
7,1,79,4.2825,3.0
7,1,79,3.6399,3.0
7,1,60,4.2121,3.25
7,1,60,4.1309,3.25
7,1,23,4.7407,4.0
7,1,23,4.7517,4.0
7,1,106,5.1198,4.75
7,1,106,4.8325,4.75
7,1,50,5.1492,5.0
7,1,50,5.4043,5.0
7,1,104,4.4845,4.75
7,1,104,4.0759,4.75
7,1,67,3.8137,4.75
7,1,67,3.6019,4.75
7,1,48,5.4991,1.5
7,1,48,5.2304,1.5
7,1,11,2.5307,1.75
7,1,11,2.2682,1.75
7,1,65,3.2817,5.25
7,1,65,3.2224,5.25
7,1,54,4.9434,5.5
7,1,54,4.8587,5.5
7,1,9,4.5273,2.0
7,1,9,4.5529,2.0
7,1,108,4.3454,2.75
7,1,108,3.9281,2.75
7,1,71,4.6938,4.75
7,1,71,4.2534,4.75
7,1,52,5.4284,0.75
7,1,52,5.0780,0.75
7,1,98,4.5778,3.25
7,1,98,5.0005,3.25
7,1,69,4.6036,5.5
7,1,69,4.1793,5.5
7,1,42,5.4098,3.0
7,1,42,5.3871,3.0
7,1,13,3.5821,3.0
7,1,13,3.2777,3.0
7,1,96,4.5358,5.5
7,1,96,4.1069,5.5
7,2,77,3.7899,4.25
7,2,77,3.4610,4.25
7,2,102,3.7568,5.25
7,2,102,3.6100,5.25
7,2,3,3.4847,5.75
7,2,3,3.7990,5.75
7,2,75,3.2272,3.5
7,2,75,3.4297,3.5
7,2,100,2.5697,1.75
7,2,100,2.7703,1.75
7,2,1,3.0915,4.25
7,2,1,2.9728,4.25
7,2,73,3.2920,3.25
7,2,73,3.2002,3.25
7,2,98,3.9176,3.75
7,2,98,3.9012,3.75
7,2,63,3.8668,5.25
7,2,63,3.6449,5.25
7,2,71,3.3298,4.0
7,2,71,3.4117,4.0
7,2,96,4.1440,3.5
7,2,96,3.9355,3.5
7,2,61,2.8059,5.5
7,2,61,2.5612,5.5
7,2,69,3.8658,4.25
7,2,69,3.7322,4.25
7,2,30,3.7909,3.0
7,2,30,3.7584,3.0
7,2,28,4.0453,5.75
7,2,28,3.8482,5.75
7,2,57,3.3188,1.5
7,2,57,3.1468,1.5
7,2,65,3.8404,5.0
7,2,65,4.0007,5.0
7,2,26,3.6649,4.25
7,2,26,3.6956,4.25
7,2,55,3.1893,4.0
7,2,55,2.6051,4.0
7,2,24,4.0311,3.75
7,2,24,3.8894,3.75
7,2,53,3.8226,5.0
7,2,53,3.1261,5.0
7,2,22,4.0361,3.0
7,2,22,3.8754,3.0
7,2,51,3.6853,4.75
7,2,51,3.6142,4.75
7,2,94,3.6077,3.25
7,2,94,3.8875,3.25
7,2,20,4.4226,5.5
7,2,20,4.2640,5.5
7,2,49,4.0054,4.0
7,2,49,4.2241,4.0
7,2,92,3.6621,4.66667
7,2,92,3.8126,4.66667
7,2,18,3.6990,3.5
7,2,18,3.4966,3.5
7,2,47,4.4191,4.0
7,2,47,4.3407,4.0
7,2,90,4.0710,4.0
7,2,90,4.1310,4.0
7,2,16,3.7685,5.0
7,2,16,3.5701,5.0
7,2,45,3.7839,2.5
7,2,45,3.1878,2.5
7,2,88,3.9288,5.0
7,2,88,3.6368,5.0
7,2,14,4.1024,5.5
7,2,14,4.5444,5.5
7,2,43,4.0764,2.75
7,2,43,3.8678,2.75
7,2,86,4.2103,2.5
7,2,86,3.9369,2.5
7,2,12,3.5250,4.25
7,2,12,3.1018,4.25
7,2,84,3.6820,3.75
7,2,84,4.0557,3.75
7,2,10,3.6185,4.0
7,2,10,3.2135,4.0
7,2,39,3.7382,4.0
7,2,39,3.4306,4.0
7,2,82,3.6871,3.25
7,2,82,3.9449,3.25
7,2,8,3.4326,4.0
7,2,8,2.9526,4.0
7,2,37,4.0117,3.5
7,2,37,3.2776,3.5
7,2,80,3.6989,4.0
7,2,80,3.4581,4.0
7,2,109,3.3387,5.25
7,2,109,2.7683,5.25
7,2,6,4.5005,4.0
7,2,6,4.2715,4.0
7,2,35,3.0060,3.5
7,2,35,3.0019,3.5
7,2,78,3.2001,5.0
7,2,78,3.2813,5.0
7,2,107,4.6516,4.5
7,2,107,4.2983,4.5
7,2,4,3.6630,3.0
7,2,4,3.0764,3.0
7,2,33,3.7981,1.5
7,2,33,3.4290,1.5
7,2,76,3.5093,4.5
7,2,76,3.6909,4.5
7,2,105,4.4901,3.0
7,2,105,4.4700,3.0
7,2,2,3.1946,2.75
7,2,2,2.6780,2.75
7,2,74,3.4527,2.5
7,2,74,3.8491,2.5
7,2,103,3.5024,4.25
7,2,103,3.5002,4.25
7,2,72,4.6789,4.25
7,2,72,4.4750,4.25
7,2,70,3.7146,3.25
7,2,70,3.6497,3.25
7,2,99,3.7239,4.25
7,2,99,3.8389,4.25
7,2,60,3.3148,4.0
7,2,60,2.6599,4.0
7,2,68,3.5014,6.5
7,2,68,3.0073,6.5
7,2,97,3.2366,3.0
7,2,97,3.3769,3.0
7,2,58,3.0237,4.0
7,2,58,2.5327,4.0
7,2,66,3.5431,5.5
7,2,66,3.5565,5.5
7,2,31,3.6377,3.75
7,2,31,4.2033,3.75
7,2,56,3.6189,4.75
7,2,56,3.2112,4.75
7,2,64,3.0132,3.25
7,2,64,2.6820,3.25
7,2,29,3.6131,1.75
7,2,29,3.7732,1.75
7,2,27,4.6046,4.25
7,2,27,4.2257,4.25
7,2,52,4.0813,3.25
7,2,52,3.5995,3.25
7,2,25,4.3776,4.75
7,2,25,4.2274,4.75
7,2,50,4.0670,4.25
7,2,50,3.6448,4.25
7,2,23,3.7975,1.75
7,2,23,3.4216,1.75
7,2,48,4.0746,3.75
7,2,48,4.1305,3.75
7,2,95,3.2928,2.5
7,2,95,3.6907,2.5
7,2,21,3.8274,1.5
7,2,21,3.3446,1.5
7,2,46,3.1532,4.75
7,2,46,2.7739,4.75
7,2,93,3.3923,4.75
7,2,93,3.8699,4.75
7,2,19,3.6411,4.5
7,2,19,3.4982,4.5
7,2,44,3.6060,4.5
7,2,44,3.1915,4.5
7,2,91,3.8310,3.75
7,2,91,3.9048,3.75
7,2,17,4.2065,6.0
7,2,17,3.4287,6.0
7,2,42,4.6574,3.0
7,2,42,4.4529,3.0
7,2,89,3.7403,3.0
7,2,89,3.6171,3.0
7,2,40,4.4975,5.25
7,2,40,4.4095,5.25
7,2,87,3.5682,4.5
7,2,87,3.7782,4.5
7,2,13,3.3513,4.75
7,2,13,3.2081,4.75
7,2,38,4.2820,5.25
7,2,38,4.5004,5.25
7,2,85,4.0364,2.5
7,2,85,4.3387,2.5
7,2,110,2.0778,4.75
7,2,110,2.9931,4.75
7,2,11,2.9786,2.75
7,2,11,2.7148,2.75
7,2,36,3.9459,2.5
7,2,36,3.5403,2.5
7,2,83,4.2967,5.0
7,2,83,4.4307,5.0
7,2,108,3.5757,5.5
7,2,108,3.2515,5.5
7,2,9,3.8416,4.0
7,2,9,4.0772,4.0
7,2,34,3.8227,4.25
7,2,34,3.7192,4.25
7,2,106,3.7426,6.25
7,2,106,3.7564,6.25
7,2,7,4.1050,5.0
7,2,7,4.3528,5.0
7,2,32,3.9591,4.5
7,2,32,4.0657,4.5
7,2,104,3.3896,3.5
7,2,104,3.3853,3.5
7,2,5,3.6035,3.25
7,2,5,3.6882,3.25
8,1,34,2.4773,2.5
8,1,34,2.4743,2.5
8,1,7,3.1275,1.0
8,1,7,2.7135,1.0
8,1,94,-0.0146,1.75
8,1,94,0.5958,1.75
8,1,21,1.8466,1.75
8,1,21,2.4481,1.75
8,1,35,2.4417,3.0
8,1,35,2.3235,3.0
8,1,49,1.9361,2.25
8,1,49,2.1764,2.25
8,1,8,1.8828,1.0
8,1,8,1.5781,1.0
8,1,95,1.5087,2.25
8,1,95,1.9994,2.25
8,1,22,2.6640,3.5
8,1,22,3.0252,3.5
8,1,36,1.9908,3.75
8,1,36,2.3299,3.75
8,1,50,1.8963,1.0
8,1,50,2.0676,1.0
8,1,9,2.3530,2.0
8,1,9,2.5068,2.0
8,1,64,1.9999,1.25
8,1,64,1.7716,1.25
8,1,23,3.5557,3.25
8,1,23,3.8494,3.25
8,1,37,2.0460,1.75
8,1,37,2.0099,1.75
8,1,51,1.4977,1.0
8,1,51,0.8301,1.0
8,1,10,2.9993,1.75
8,1,10,2.8343,1.75
8,1,65,1.7808,2.0
8,1,65,1.8762,2.0
8,1,24,2.3096,3.75
8,1,24,2.1716,3.75
8,1,38,2.9151,2.25
8,1,38,2.3959,2.25
8,1,52,1.9425,1.25
8,1,52,1.8017,1.25
8,1,11,2.4632,2.0
8,1,11,2.2642,2.0
8,1,66,1.6386,2.25
8,1,66,1.8008,2.25
8,1,25,0.1711,2.5
8,1,25,0.7753,2.5
8,1,80,0.8334,1.75
8,1,80,0.9703,1.75
8,1,39,2.2651,3.0
8,1,39,2.3274,3.0
8,1,53,0.4452,2.25
8,1,53,0.9481,2.25
8,1,12,2.6699,1.0
8,1,12,2.2296,1.0
8,1,67,2.4784,2.25
8,1,67,1.4479,2.25
8,1,26,1.6846,2.75
8,1,26,1.9546,2.75
8,1,81,1.3810,2.25
8,1,81,1.6155,2.25
8,1,40,2.4822,1.75
8,1,40,2.0347,1.75
8,1,54,1.4543,3.0
8,1,54,1.9550,3.0
8,1,68,2.4743,1.5
8,1,68,2.5766,1.5
8,1,27,1.4317,2.0
8,1,27,1.2920,2.0
8,1,82,1.1322,1.75
8,1,82,1.8894,1.75
8,1,41,0.8417,1.5
8,1,41,1.2366,1.5
8,1,96,2.6072,2.5
8,1,96,2.1898,2.5
8,1,69,1.9391,2.5
8,1,69,1.8417,2.5
8,1,28,1.4819,1.0
8,1,28,1.3567,1.0
8,1,42,1.9220,3.5
8,1,42,1.9656,3.5
8,1,97,2.1375,2.25
8,1,97,2.4362,2.25
8,1,29,2.9665,3.25
8,1,29,3.1317,3.25
8,1,43,1.6141,1.75
8,1,43,1.6049,1.75
8,1,98,2.8694,0.75
8,1,98,2.9256,0.75
8,1,30,2.8710,2.5
8,1,30,2.6031,2.5
8,1,85,1.7573,2.0
8,1,85,1.5441,2.0
8,1,44,1.7677,3.25
8,1,44,1.6607,3.25
8,1,58,1.3718,1.0
8,1,58,0.6586,1.0
8,1,31,1.8305,1.25
8,1,31,2.3463,1.25
8,1,86,2.3800,1.25
8,1,86,1.9816,1.25
8,1,59,2.5667,1.5
8,1,59,2.6944,1.5
8,1,73,1.0137,2.75
8,1,73,1.2915,2.75
8,1,87,0.8009,1.0
8,1,87,0.9174,1.0
8,1,60,0.3379,2.5
8,1,60,1.2079,2.5
8,1,74,1.1581,2.5
8,1,74,1.5509,2.5
8,1,88,2.1104,2.25
8,1,88,2.2762,2.25
8,1,61,1.1734,2.75
8,1,61,1.4103,2.75
8,1,75,1.9272,3.0
8,1,75,2.2990,3.0
8,1,2,3.7267,2.75
8,1,2,4.1118,2.75
8,1,89,1.5202,3.5
8,1,89,2.0873,3.5
8,1,16,3.2610,2.75
8,1,16,3.4888,2.75
8,1,62,0.9308,1.5
8,1,62,-0.0023,1.5
8,1,76,1.8415,1.0
8,1,76,2.1224,1.0
8,1,3,2.3157,2.5
8,1,3,2.5027,2.5
8,1,17,3.0600,3.25
8,1,17,3.1275,3.25
8,1,63,2.7037,1.0
8,1,63,2.9765,1.0
8,1,77,2.0401,3.25
8,1,77,2.0222,3.25
8,1,4,0.8655,1.75
8,1,4,1.5447,1.75
8,1,91,1.0149,2.75
8,1,91,1.3543,2.75
8,1,18,2.4305,3.75
8,1,18,2.6770,3.75
8,1,32,2.7026,2.75
8,1,32,2.2058,2.75
8,1,78,2.1459,2.75
8,1,78,2.2766,2.75
8,1,5,1.7468,2.0
8,1,5,1.4929,2.0
8,1,92,1.4818,1.5
8,1,92,1.1231,1.5
8,1,19,2.5232,2.25
8,1,19,2.1309,2.25
8,1,33,0.9036,1.75
8,1,33,1.3532,1.75
8,1,79,1.4947,2.0
8,1,79,1.3321,2.0
8,1,6,2.9123,1.5
8,1,6,2.5657,1.5
8,1,93,2.3672,1.75
8,1,93,2.4557,1.75
8,1,20,2.1050,2.5
8,1,20,2.0160,2.5
8,2,17,3.2325,3.5
8,2,17,3.2343,3.5
8,2,91,0.3647,2.25
8,2,91,0.3621,2.25
8,2,19,2.9126,2.0
8,2,19,2.9087,2.0
8,2,93,0.9669,4.25
8,2,93,0.9725,4.25
8,2,96,0.2637,2.0
8,2,96,0.2642,2.0
8,2,21,2.8711,2.25
8,2,21,2.8776,2.25
8,2,56,1.6053,2.0
8,2,56,1.6076,2.0
8,2,95,1.4830,2.0
8,2,95,1.4793,2.0
8,2,98,0.6796,3.0
8,2,98,0.6794,3.0
8,2,23,2.6004,2.5
8,2,23,2.5972,2.5
8,2,58,3.5568,3.0
8,2,58,3.5569,3.0
8,2,100,2.0708,3.25
8,2,100,2.0714,3.25
8,2,25,2.7188,2.75
8,2,25,2.7170,2.75
8,2,60,1.5638,3.5
8,2,60,1.5637,3.5
8,2,67,1.7712,1.625
8,2,67,1.7591,1.625
8,2,27,0.7849,4.0
8,2,27,0.7801,4.0
8,2,62,2.2041,1.75
8,2,62,2.2047,1.75
8,2,69,1.1908,3.5
8,2,69,1.1908,3.5
8,2,29,4.2199,4.75
8,2,29,4.2046,4.75
8,2,32,3.0690,4.0
8,2,32,3.0678,4.0
8,2,71,1.2787,2.0
8,2,71,1.2796,2.0
8,2,31,2.3874,2.75
8,2,31,2.3798,2.75
8,2,34,2.7352,3.5
8,2,34,2.7322,3.5
8,2,73,1.2688,3.5
8,2,73,1.2698,3.5
8,2,36,3.0970,3.75
8,2,36,3.0968,3.75
8,2,75,1.2355,4.0
8,2,75,1.2341,4.0
8,2,38,3.2904,3.75
8,2,38,3.2933,3.75
8,2,77,2.4626,4.75
8,2,77,2.4636,4.75
8,2,5,1.3930,3.75
8,2,5,1.3917,3.75
8,2,40,3.4360,2.0
8,2,40,3.4339,2.0
8,2,79,2.6764,4.0
8,2,79,2.6620,4.0
8,2,7,1.4276,1.5
8,2,7,1.4369,1.5
8,2,42,2.5140,3.5
8,2,42,2.5139,3.5
8,2,9,1.3986,2.0
8,2,9,1.3981,2.0
8,2,44,2.4110,3.25
8,2,44,2.4139,3.25
8,2,11,1.5597,3.0
8,2,11,1.5600,3.0
8,2,46,2.0068,3.25
8,2,46,2.0072,3.25
8,2,80,3.3608,3.25
8,2,80,3.3613,3.25
8,2,15,1.7112,2.25
8,2,15,1.7106,2.25
8,2,49,3.2525,4.0
8,2,49,3.2521,4.0
8,2,84,2.5952,3.5
8,2,84,2.5938,3.5
8,2,86,0.9782,3.25
8,2,86,0.9778,3.25
8,2,88,2.6435,3.75
8,2,88,2.6351,3.75
8,2,16,3.6637,4.0
8,2,16,3.6631,4.0
8,2,55,2.9563,3.75
8,2,55,2.9464,3.75
8,2,90,2.6024,1.5
8,2,90,2.6011,1.5
8,2,97,3.3499,4.25
8,2,97,3.3504,4.25
8,2,18,2.4364,3.5
8,2,18,2.4364,3.5
8,2,57,2.4679,4.75
8,2,57,2.4706,4.75
8,2,92,1.6692,2.0
8,2,92,1.6669,2.0
8,2,99,2.2413,4.0
8,2,99,2.2413,4.0
8,2,20,3.6589,3.75
8,2,20,3.6587,3.75
8,2,59,2.7607,4.5
8,2,59,2.7571,4.5
8,2,94,0.8445,3.0
8,2,94,0.8429,3.0
8,2,101,1.8168,2.75
8,2,101,1.8186,2.75
8,2,22,2.8271,2.25
8,2,22,2.8271,2.25
8,2,61,2.9126,4.0
8,2,61,2.9101,4.0
8,2,64,2.9538,4.75
8,2,64,2.9568,4.75
8,2,24,1.1928,3.0
8,2,24,1.1894,3.0
8,2,63,3.2102,5.25
8,2,63,3.2087,5.25
8,2,26,0.8335,4.0
8,2,26,0.8338,4.0
8,2,33,1.1821,2.25
8,2,33,1.1823,2.25
8,2,68,1.2588,2.75
8,2,68,1.2600,2.75
8,2,28,1.2928,2.5
8,2,28,1.2945,2.5
8,2,35,3.3204,3.5
8,2,35,3.3181,3.5
8,2,70,2.8486,4.0
8,2,70,2.8428,4.0
8,2,30,3.1008,4.25
8,2,30,3.1029,4.25
8,2,37,2.9364,2.25
8,2,37,2.9546,2.25
8,2,72,1.3840,3.5
8,2,72,1.3834,3.5
8,2,39,3.2908,2.0
8,2,39,3.2896,2.0
8,2,74,1.5252,3.75
8,2,74,1.5255,3.75
8,2,41,2.1567,4.0
8,2,41,2.1568,4.0
8,2,76,3.3815,3.25
8,2,76,3.3836,3.25
8,2,4,0.9858,3.25
8,2,4,0.9829,3.25
8,2,43,1.8025,2.75
8,2,43,1.7991,2.75
8,2,78,2.3129,3.25
8,2,78,2.3175,3.25
8,2,6,1.1365,1.75
8,2,6,1.1367,1.75
8,2,45,3.0194,2.25
8,2,45,3.0160,2.25
8,2,8,2.9552,4.25
8,2,8,2.9504,4.25
8,2,47,1.4159,2.75
8,2,47,1.4157,2.75
8,2,10,1.4350,1.75
8,2,10,1.4408,1.75
8,2,83,0.9978,2.75
8,2,83,0.9980,2.75
8,2,85,1.3980,4.5
8,2,85,1.3982,4.5
8,2,48,2.9317,4.0
8,2,48,2.9303,4.0
8,2,87,2.7527,2.0
8,2,87,2.7609,2.0
8,2,50,3.6684,3.0
8,2,50,3.6716,3.0
8,2,89,2.6433,2.25
8,2,89,2.6452,2.25
9,1,81,3.2137,2.25
9,1,81,2.7649,2.25
9,1,27,3.9610,3.75
9,1,27,4.0296,3.75
9,1,83,3.1500,4.25
9,1,83,3.2979,4.25
9,1,29,2.8426,2.5
9,1,29,2.1623,2.5
9,1,32,3.8976,2.75
9,1,32,2.9703,2.75
9,1,85,4.5717,4.75
9,1,85,4.0639,4.75
9,1,31,3.8715,3.5
9,1,31,3.3616,3.5
9,1,34,3.3239,3.25
9,1,34,2.6203,3.25
9,1,87,3.2277,3.25
9,1,87,2.8118,3.25
9,1,36,3.2226,3.5
9,1,36,2.9823,3.5
9,1,89,3.3178,2.75
9,1,89,3.2524,2.75
9,1,3,4.3598,4.75
9,1,3,4.0601,4.75
9,1,38,3.4744,3.5
9,1,38,2.8339,3.5
9,1,91,3.3341,3.75
9,1,91,3.3031,3.75
9,1,5,4.1565,5.75
9,1,5,4.2327,5.75
9,1,40,2.4652,2.25
9,1,40,2.3484,2.25
9,1,93,4.0587,3.25
9,1,93,3.6977,3.25
9,1,96,3.4354,4.25
9,1,96,3.5848,4.25
9,1,7,3.9987,4.25
9,1,7,3.9706,4.25
9,1,42,3.5537,4.0
9,1,42,3.6230,4.0
9,1,95,3.2899,4.25
9,1,95,3.3639,4.25
9,1,98,4.1890,2.25
9,1,98,4.3088,2.25
9,1,65,3.2415,2.0
9,1,65,3.0777,2.0
9,1,100,3.5720,4.25
9,1,100,3.7798,4.25
9,1,67,3.6445,4.25
9,1,67,2.9945,4.25
9,1,102,2.7269,3.75
9,1,102,2.5151,3.75
9,1,69,3.3089,5.5
9,1,69,3.1608,5.5
9,1,104,3.4734,3.0
9,1,104,3.7136,3.0
9,1,106,4.0459,4.0
9,1,106,4.0208,4.0
9,1,73,3.6542,3.25
9,1,73,3.6914,3.25
9,1,51,3.3746,3.5
9,1,51,3.2706,3.5
9,1,75,3.4800,2.5
9,1,75,3.2881,2.5
9,1,110,3.3295,4.25
9,1,110,3.3380,4.25
9,1,53,3.6545,3.0
9,1,53,3.2417,3.0
9,1,77,3.5547,3.25
9,1,77,3.4420,3.25
9,1,16,3.5838,1.5
9,1,16,2.8426,1.5
9,1,55,3.5345,3.5
9,1,55,2.7578,3.5
9,1,79,3.9630,4.0
9,1,79,3.8088,4.0
9,1,18,4.3230,3.5
9,1,18,4.1517,3.5
9,1,20,3.7283,4.0
9,1,20,3.1844,4.0
9,1,59,3.0631,2.75
9,1,59,2.7955,2.75
9,1,22,3.1562,3.0
9,1,22,2.7451,3.0
9,1,61,3.9410,3.5
9,1,61,3.4068,3.5
9,1,24,3.9944,3.5
9,1,24,3.0047,3.5
9,1,63,2.4905,3.25
9,1,63,2.6262,3.25
9,1,80,3.1822,3.25
9,1,80,3.4049,3.25
9,1,26,3.6065,4.5
9,1,26,3.6160,4.5
9,1,33,3.4647,3.75
9,1,33,3.0621,3.75
9,1,82,3.5163,4.0
9,1,82,3.4636,4.0
9,1,28,3.7881,2.75
9,1,28,2.9514,2.75
9,1,35,4.0217,3.5
9,1,35,3.5575,3.5
9,1,84,3.9080,3.0
9,1,84,3.7626,3.0
9,1,30,3.4969,3.0
9,1,30,3.3218,3.0
9,1,37,4.1170,4.5
9,1,37,3.6407,4.5
9,1,86,3.3900,4.0
9,1,86,3.4553,4.0
9,1,39,3.7614,2.75
9,1,39,2.9439,2.75
9,1,88,2.6079,3.25
9,1,88,2.6398,3.25
9,1,2,4.0842,5.25
9,1,2,3.9445,5.25
9,1,41,3.9303,3.0
9,1,41,3.4775,3.0
9,1,90,3.0988,2.75
9,1,90,2.8673,2.75
9,1,97,4.0078,3.5
9,1,97,4.0630,3.5
9,1,4,4.3168,5.0
9,1,4,4.4614,5.0
9,1,92,3.1338,4.0
9,1,92,3.1143,4.0
9,1,99,2.6343,3.0
9,1,99,2.5423,3.0
9,1,6,3.9780,3.5
9,1,6,3.9319,3.5
9,1,94,3.3182,3.0
9,1,94,3.4242,3.0
9,1,101,3.1967,2.25
9,1,101,3.0506,2.25
9,1,8,4.0334,4.5
9,1,8,4.0823,4.5
9,1,64,3.4634,4.25
9,1,64,3.8371,4.25
9,1,103,2.6064,2.25
9,1,103,2.9265,2.25
9,1,66,3.5751,4.75
9,1,66,3.0872,4.75
9,1,105,3.9199,3.75
9,1,105,2.8233,3.75
9,1,12,2.6938,4.75
9,1,12,2.0512,4.75
9,1,68,3.5211,3.5
9,1,68,3.5032,3.5
9,1,107,3.0307,4.25
9,1,107,2.6876,4.25
9,1,72,3.1057,3.75
9,1,72,3.1113,3.75
9,1,111,3.7142,3.0
9,1,111,3.8300,3.0
9,1,50,3.4565,3.5
9,1,50,3.6827,3.5
9,1,74,2.7950,3.0
9,1,74,2.8288,3.0
9,1,17,4.2297,4.25
9,1,17,3.4946,4.25
9,1,52,3.9277,2.75
9,1,52,2.7287,2.75
9,1,76,3.2214,4.0
9,1,76,3.5281,4.0
9,1,19,3.6173,3.25
9,1,19,3.3446,3.25
9,1,54,3.4907,2.75
9,1,54,2.5111,2.75
9,1,78,3.4875,3.5
9,1,78,3.2051,3.5
9,1,21,3.5995,4.5
9,1,21,3.4254,4.5
9,1,56,3.6954,3.75
9,1,56,3.3875,3.75
9,1,23,3.9892,4.5
9,1,23,4.1808,4.5
9,1,25,3.8136,3.5
9,1,25,2.5764,3.5
9,1,60,3.7793,4.0
9,1,60,2.5674,4.0
9,2,98,3.7340,4.5
9,2,98,3.9819,4.5
9,2,71,4.9252,5.25
9,2,71,4.9676,5.25
9,2,100,4.3790,5.75
9,2,100,4.6533,5.75
9,2,46,3.6587,4.75
9,2,46,3.9497,4.75
9,2,102,4.6498,3.75
9,2,102,4.5840,3.75
9,2,75,4.3061,3.75
9,2,75,4.4412,3.75
9,2,16,3.1571,2.75
9,2,16,2.4490,2.75
9,2,104,4.2609,3.25
9,2,104,3.9566,3.25
9,2,77,3.6498,4.25
9,2,77,4.2465,4.25
9,2,18,3.4572,4.25
9,2,18,3.3917,4.25
9,2,106,4.9172,5.25
9,2,106,4.7390,5.25
9,2,79,4.4009,5.25
9,2,79,4.1587,5.25
9,2,20,3.1479,3.0
9,2,20,3.4730,3.0
9,2,108,4.3997,4.25
9,2,108,4.6451,4.25
9,2,49,4.2072,5.25
9,2,49,4.2925,5.25
9,2,22,3.6905,3.0
9,2,22,3.4780,3.0
9,2,110,3.7017,3.25
9,2,110,3.6099,3.25
9,2,51,4.3225,5.0
9,2,51,3.8948,5.0
9,2,24,3.5555,1.75
9,2,24,3.2181,1.75
9,2,80,3.8053,4.75
9,2,80,3.9090,4.75
9,2,53,2.4583,3.75
9,2,53,1.9483,3.75
9,2,26,3.2757,3.25
9,2,26,3.2265,3.25
9,2,82,4.3832,3.0
9,2,82,4.4507,3.0
9,2,55,3.6248,3.25
9,2,55,3.2801,3.25
9,2,28,3.7782,4.75
9,2,28,3.6361,4.75
9,2,84,4.1354,3.75
9,2,84,3.8795,3.75
9,2,30,4.2502,2.75
9,2,30,3.6722,2.75
9,2,113,4.7026,5.75
9,2,113,4.6316,5.75
9,2,86,4.2305,4.0
9,2,86,4.6056,4.0
9,2,88,4.3689,4.5
9,2,88,4.3302,4.5
9,2,2,3.2449,4.0
9,2,2,3.7792,4.0
9,2,90,3.5750,3.25
9,2,90,3.6298,3.25
9,2,63,4.2768,5.0
9,2,63,4.2604,5.0
9,2,4,3.6092,5.25
9,2,4,3.5671,5.25
9,2,92,3.9247,4.25
9,2,92,4.1584,4.25
9,2,33,3.7292,3.0
9,2,33,3.2837,3.0
9,2,6,4.4375,5.75
9,2,6,4.7198,5.75
9,2,94,4.0231,4.0
9,2,94,4.3279,4.0
9,2,35,2.3597,2.5
9,2,35,1.9722,2.5
9,2,8,3.9512,4.5
9,2,8,3.5049,4.5
9,2,64,3.9658,4.5
9,2,64,3.7220,4.5
9,2,37,3.2120,3.75
9,2,37,3.3545,3.75
9,2,10,3.9085,4.75
9,2,10,3.4991,4.75
9,2,66,4.4390,5.5
9,2,66,4.7672,5.5
9,2,39,3.3955,4.0
9,2,39,3.2199,4.0
9,2,12,3.9315,5.5
9,2,12,4.1379,5.5
9,2,68,4.3193,3.25
9,2,68,4.2067,3.25
9,2,41,3.9050,4.5
9,2,41,4.2324,4.5
9,2,97,4.1902,3.75
9,2,97,4.3253,3.75
9,2,70,4.4531,4.75
9,2,70,4.6636,4.75
9,2,99,4.2147,4.5
9,2,99,4.2603,4.5
9,2,45,2.9896,3.0
9,2,45,2.7198,3.0
9,2,101,4.2577,3.75
9,2,101,4.5511,3.75
9,2,74,4.5612,5.25
9,2,74,4.5895,5.25
9,2,47,3.9833,5.0
9,2,47,4.1690,5.0
9,2,103,3.7701,3.0
9,2,103,4.0798,3.0
9,2,76,4.2231,3.25
9,2,76,4.1910,3.25
9,2,17,3.7516,4.0
9,2,17,3.5123,4.0
9,2,105,4.5813,4.5
9,2,105,4.8100,4.5
9,2,78,3.9692,5.5
9,2,78,3.9003,5.5
9,2,19,3.7412,3.25
9,2,19,3.5447,3.25
9,2,107,3.9624,3.75
9,2,107,3.5027,3.75
9,2,48,3.7661,5.0
9,2,48,4.1270,5.0
9,2,21,3.2770,3.75
9,2,21,3.3621,3.75
9,2,109,4.1686,2.25
9,2,109,4.3306,2.25
9,2,50,3.9356,4.0
9,2,50,2.7044,4.0
9,2,23,2.9506,2.75
9,2,23,2.8839,2.75
9,2,111,3.8838,4.0
9,2,111,4.3794,4.0
9,2,52,1.8357,2.75
9,2,52,1.6578,2.75
9,2,25,3.9379,5.75
9,2,25,3.6157,5.75
9,2,81,4.4318,4.75
9,2,81,4.3158,4.75
9,2,54,3.7993,5.5
9,2,54,4.0386,5.5
9,2,27,2.3480,3.25
9,2,27,2.6057,3.25
9,2,83,4.2066,4.0
9,2,83,4.3962,4.0
9,2,56,3.7301,5.0
9,2,56,3.5579,5.0
9,2,29,3.7980,3.0
9,2,29,3.2010,3.0
9,2,112,4.4500,4.5
9,2,112,3.9169,4.5
9,2,85,4.2639,4.75
9,2,85,3.5007,4.75
9,2,31,3.5047,2.75
9,2,31,3.4662,2.75
9,2,87,3.8843,3.25
9,2,87,4.2985,3.25
9,2,89,4.3131,2.75
9,2,89,3.5761,2.75
9,2,62,4.0789,4.0
9,2,62,4.1279,4.0
9,2,3,3.6682,4.5
9,2,3,3.7102,4.5
9,2,91,3.7160,4.25
9,2,91,3.6502,4.25
9,2,32,3.7849,2.25
9,2,32,2.4178,2.25
9,2,5,3.6955,5.5
9,2,5,3.6964,5.5
9,2,93,4.0471,4.5
9,2,93,4.1238,4.5
9,2,34,3.9068,2.5
9,2,34,4.0285,2.5
9,2,7,2.5152,5.25
9,2,7,3.4559,5.25
9,2,95,4.3388,5.0
9,2,95,4.3404,5.0
9,2,36,3.7704,4.75
9,2,36,3.5166,4.75
9,2,9,4.1449,5.75
9,2,9,3.6034,5.75
9,2,65,4.5288,4.75
9,2,65,4.4540,4.75
9,2,38,2.3176,2.0
9,2,38,2.0349,2.0
9,2,11,3.9500,4.5
9,2,11,3.6729,4.5
9,2,67,4.8553,4.25
9,2,67,4.8683,4.25
9,2,40,4.2229,3.25
9,2,40,4.0938,3.25
9,2,13,3.3756,3.75
9,2,13,3.3675,3.75
9,2,96,4.3350,3.0
9,2,96,3.9978,3.0
9,2,69,4.2522,3.25
9,2,69,4.2484,3.25
9,2,42,3.7020,3.25
9,2,42,2.9499,3.25
10,1,63,3.7991,4.25
10,1,63,4.1752,4.25
10,1,24,5.0793,4.75
10,1,24,5.0286,4.75
10,1,80,4.9850,5.0
10,1,80,4.6677,5.0
10,1,61,5.1971,4.0
10,1,61,4.9677,4.0
10,1,6,3.9810,5.0
10,1,6,4.4231,5.0
10,1,94,4.0648,5.0
10,1,94,4.5323,5.0
10,1,4,4.5516,5.5
10,1,4,4.8147,5.5
10,1,92,4.0308,5.0
10,1,92,4.4019,5.0
10,1,57,3.8986,1.5
10,1,57,4.3695,1.5
10,1,90,4.5450,3.75
10,1,90,4.4057,3.75
10,1,39,3.7549,4.0
10,1,39,4.0757,4.0
10,1,88,5.1895,5.5
10,1,88,5.0438,5.5
10,1,37,5.0992,6.0
10,1,37,4.9729,6.0
10,1,14,4.6415,3.75
10,1,14,4.7105,3.75
10,1,35,3.1205,2.0
10,1,35,2.9632,2.0
10,1,12,5.1492,4.5
10,1,12,5.0092,4.5
10,1,68,4.9923,3.75
10,1,68,5.0054,3.75
10,1,33,4.4349,4.5
10,1,33,4.1890,4.5
10,1,10,4.7046,5.0
10,1,10,4.6479,5.0
10,1,66,4.5048,6.0
10,1,66,5.0266,6.0
10,1,47,4.4940,5.25
10,1,47,4.3269,5.25
10,1,8,4.9764,6.25
10,1,8,4.7588,6.25
10,1,103,3.9383,3.75
10,1,103,3.8822,3.75
10,1,64,3.6763,5.0
10,1,64,4.1841,5.0
10,1,45,4.2137,2.875
10,1,45,4.5091,2.875
10,1,101,4.5684,5.5
10,1,101,4.6639,5.5
10,1,78,4.5974,5.5
10,1,78,4.7561,5.5
10,1,43,4.7195,4.5
10,1,43,4.7008,4.5
10,1,99,4.6948,5.25
10,1,99,4.6350,5.25
10,1,76,4.6442,4.75
10,1,76,4.6954,4.75
10,1,41,3.9156,3.25
10,1,41,4.2782,3.25
10,1,97,4.0787,3.75
10,1,97,4.4228,3.75
10,1,74,4.1475,4.75
10,1,74,4.6037,4.75
10,1,72,4.3970,3.0
10,1,72,4.7486,3.0
10,1,21,4.3006,5.25
10,1,21,4.7764,5.25
10,1,54,3.5071,3.5
10,1,54,3.1097,3.5
10,1,107,4.6437,5.0
10,1,107,4.9533,5.0
10,1,52,4.6092,5.0
10,1,52,4.8030,5.0
10,1,105,4.4049,4.0
10,1,105,4.1963,4.0
10,1,50,5.0429,5.25
10,1,50,5.0701,5.25
10,1,31,4.5348,4.75
10,1,31,4.8765,4.75
10,1,87,5.0022,4.75
10,1,87,4.9852,4.75
10,1,48,5.2022,5.0
10,1,48,5.1274,5.0
10,1,29,4.7929,4.5
10,1,29,4.9158,4.5
10,1,85,4.3700,4.75
10,1,85,4.1428,4.75
10,1,62,4.0715,3.75
10,1,62,4.4521,3.75
10,1,27,4.5234,4.25
10,1,27,4.5271,4.25
10,1,83,4.1580,3.0
10,1,83,4.3325,3.0
10,1,25,4.7265,4.5
10,1,25,4.8875,4.5
10,1,81,4.1258,4.25
10,1,81,4.1821,4.25
10,1,7,5.0884,5.5
10,1,7,5.0524,5.5
10,1,95,5.1354,4.75
10,1,95,4.9947,4.75
10,1,56,4.1132,4.5
10,1,56,4.3682,4.5
10,1,5,3.9020,5.0
10,1,5,4.5700,5.0
10,1,93,4.5987,4.0
10,1,93,4.3886,4.0
10,1,38,4.0759,3.75
10,1,38,4.4840,3.75
10,1,91,5.0871,4.5
10,1,91,5.0740,4.5
10,1,36,5.0462,4.75
10,1,36,4.9274,4.75
10,1,89,4.6734,5.25
10,1,89,4.5096,5.25
10,1,34,3.4447,4.0
10,1,34,4.0131,4.0
10,1,32,4.7042,3.75
10,1,32,4.6837,3.75
10,1,13,4.4240,4.25
10,1,13,4.8049,4.25
10,1,69,4.7764,4.5
10,1,69,4.8677,4.5
10,1,46,4.9851,5.0
10,1,46,4.9636,5.0
10,1,11,4.0487,4.0
10,1,11,4.0913,4.0
10,1,102,3.7814,5.0
10,1,102,4.0717,5.0
10,1,67,4.3004,5.25
10,1,67,4.8205,5.25
10,1,44,4.6926,4.5
10,1,44,4.6478,4.5
10,1,9,4.4812,5.5
10,1,9,4.3429,5.5
10,1,100,4.2740,4.0
10,1,100,4.3602,4.0
10,1,65,4.3412,5.75
10,1,65,4.5272,5.75
10,1,42,5.2200,5.25
10,1,42,5.2000,5.25
10,1,98,4.4617,4.5
10,1,98,4.7727,4.5
10,1,79,3.9919,4.5
10,1,79,4.1723,4.5
10,1,40,4.6883,4.5
10,1,40,4.6661,4.5
10,1,96,4.8695,4.5
10,1,96,4.6636,4.5
10,1,77,4.9515,4.5
10,1,77,4.9834,4.5
10,1,22,4.0243,4.5
10,1,22,4.3656,4.5
10,1,75,4.5673,4.5
10,1,75,4.9991,4.5
10,1,20,4.8499,5.0
10,1,20,4.9465,5.0
10,1,108,4.2256,5.0
10,1,108,4.5821,5.0
10,1,73,4.9707,4.25
10,1,73,5.1211,4.25
10,1,106,4.3847,2.0
10,1,106,4.6654,2.0
10,1,55,4.7974,5.25
10,1,55,4.8803,5.25
10,1,104,4.9311,4.5
10,1,104,5.0155,4.5
10,1,53,5.2046,5.25
10,1,53,5.0882,5.25
10,1,30,5.5393,5.5
10,1,30,5.3417,5.5
10,1,86,4.4431,4.0
10,1,86,4.3991,4.0
10,1,51,3.9571,5.5
10,1,51,4.2601,5.5
10,1,28,5.0822,4.75
10,1,28,4.9728,4.75
10,1,84,4.2927,2.75
10,1,84,4.0737,2.75
10,1,49,3.8517,4.0
10,1,49,3.7001,4.0
10,1,26,3.8909,2.375
10,1,26,3.6054,2.375
10,1,82,4.7297,4.5
10,1,82,5.1195,4.5
10,2,65,4.3353,5.0
10,2,65,3.8252,5.0
10,2,26,4.5780,3.5
10,2,26,5.0395,3.5
10,2,83,3.6695,4.25
10,2,83,3.5354,4.25
10,2,15,4.5914,5.75
10,2,15,4.4299,5.75
10,2,25,3.4972,4.25
10,2,25,3.3107,4.25
10,2,82,4.2872,5.25
10,2,82,4.3121,5.25
10,2,14,4.6583,5.25
10,2,14,4.0702,5.25
10,2,71,4.1266,4.0
10,2,71,3.9639,4.0
10,2,24,3.8591,3.5
10,2,24,3.5506,3.5
10,2,81,4.4178,5.25
10,2,81,4.0939,5.25
10,2,35,2.6280,2.75
10,2,35,3.1313,2.75
10,2,13,5.1758,5.25
10,2,13,4.7077,5.25
10,2,70,4.3973,4.66667
10,2,70,4.7138,4.66667
10,2,31,4.2978,3.25
10,2,31,3.7512,3.25
10,2,80,4.2066,4.5
10,2,80,4.1416,4.5
10,2,34,4.0409,5.0
10,2,34,3.6792,5.0
10,2,12,4.7582,4.25
10,2,12,3.8888,4.25
10,2,69,4.1799,5.25
10,2,69,4.4022,5.25
10,2,30,3.7477,5.75
10,2,30,3.6461,5.75
10,2,87,5.0161,5.5
10,2,87,4.7726,5.5
10,2,33,4.7312,4.75
10,2,33,4.1206,4.75
10,2,51,5.1936,5.5
10,2,51,5.0282,5.5
10,2,68,4.6356,4.75
10,2,68,4.4850,4.75
10,2,29,3.8335,5.0
10,2,29,3.6916,5.0
10,2,86,4.4130,4.5
10,2,86,3.9947,4.5
10,2,32,3.6620,1.75
10,2,32,2.9062,1.75
10,2,50,1.0999,4.0
10,2,50,1.2984,4.0
10,2,75,4.9804,4.5
10,2,75,4.8845,4.5
10,2,28,4.4955,4.5
10,2,28,3.9468,4.5
10,2,85,4.6544,5.25
10,2,85,4.6934,5.25
10,2,39,5.0069,5.25
10,2,39,4.7680,5.25
10,2,74,4.8575,4.75
10,2,74,4.5373,4.75
10,2,3,5.1862,3.75
10,2,3,5.2125,3.75
10,2,84,4.3413,4.0
10,2,84,4.2760,4.0
10,2,38,4.6038,4.75
10,2,38,3.9009,4.75
10,2,73,4.3777,5.5
10,2,73,4.8961,5.5
10,2,91,4.4259,4.25
10,2,91,3.9013,4.25
10,2,37,4.3607,5.0
10,2,37,4.1458,5.0
10,2,55,4.7669,3.75
10,2,55,4.5795,3.75
10,2,72,4.2840,6.25
10,2,72,4.2274,6.25
10,2,90,5.2349,4.25
10,2,90,4.9900,4.25
10,2,19,4.1952,4.5
10,2,19,3.4619,4.5
10,2,36,4.5666,3.75
10,2,36,3.8528,3.75
10,2,54,4.7847,5.5
10,2,54,4.6024,5.5
10,2,79,4.0140,5.5
10,2,79,4.1493,5.5
10,2,89,4.5976,4.0
10,2,89,4.7622,4.0
10,2,43,4.2786,5.75
10,2,43,4.8085,5.75
10,2,53,6.2105,6.75
10,2,53,6.2120,6.75
10,2,78,5.9498,5.25
10,2,78,5.4956,5.25
10,2,7,4.1481,5.25
10,2,7,4.2921,5.25
10,2,88,5.5723,5.5
10,2,88,5.2952,5.5
10,2,42,5.2304,5.5
10,2,42,5.1532,5.5
10,2,52,4.8923,5.5
10,2,52,4.7359,5.5
10,2,77,4.0775,3.5
10,2,77,3.6303,3.5
10,2,6,4.6308,5.25
10,2,6,3.9433,5.25
10,2,95,4.2709,2.0
10,2,95,3.8436,2.0
10,2,41,3.0653,5.25
10,2,41,4.7441,5.25
10,2,76,4.6521,4.5
10,2,76,4.4271,4.5
10,2,5,3.6838,5.5
10,2,5,3.3095,5.5
10,2,94,4.5506,3.25
10,2,94,3.9425,3.25
10,2,23,4.1919,5.0
10,2,23,4.1170,5.0
10,2,40,2.9581,4.5
10,2,40,2.7601,4.5
10,2,97,3.1111,5.75
10,2,97,2.6581,5.75
10,2,58,4.7296,5.5
10,2,58,4.3860,5.5
10,2,4,3.8391,6.25
10,2,4,3.2153,6.25
10,2,93,3.3069,3.25
10,2,93,2.8857,3.25
10,2,22,4.6774,5.5
10,2,22,4.4482,5.5
10,2,47,3.5495,5.25
10,2,47,3.4450,5.25
10,2,96,4.2127,4.75
10,2,96,4.1518,4.75
10,2,11,4.7789,4.5
10,2,11,3.9898,4.5
10,2,92,4.5734,4.75
10,2,92,4.2319,4.75
10,2,21,3.6255,5.5
10,2,21,3.8238,5.5
10,2,46,3.6562,4.25
10,2,46,3.1499,4.25
10,2,56,4.8742,5.25
10,2,56,4.9854,5.25
10,2,10,4.1717,5.25
10,2,10,3.6367,5.25
10,2,67,5.0811,4.33333
10,2,67,5.0008,4.33333
10,2,20,3.8889,2.75
10,2,20,3.4881,2.75
10,2,45,3.6130,3.5
10,2,45,3.5128,3.5
10,2,9,4.4158,3.25
10,2,9,3.8952,3.25
10,2,66,3.0971,3.0
10,2,66,2.8879,3.0
10,2,27,4.0319,5.0
10,2,27,3.9874,5.0
10,2,44,4.7245,5.0
10,2,44,5.1418,5.0
10,2,8,4.4785,5.75
10,2,8,4.0314,5.75
11,1,5,4.8171,4.5
11,1,5,4.5384,4.5
11,1,94,4.3356,5.75
11,1,94,4.0850,5.75
11,1,23,6.0697,5.75
11,1,23,5.4356,5.75
11,1,32,5.1102,4.25
11,1,32,4.2981,4.25
11,1,50,4.8574,3.0
11,1,50,4.4644,3.0
11,1,75,3.2922,3.5
11,1,75,3.2752,3.5
11,1,4,4.9054,5.75
11,1,4,4.6760,5.75
11,1,93,4.8490,4.25
11,1,93,4.3393,4.25
11,1,22,5.1649,6.25
11,1,22,4.7575,6.25
11,1,47,3.7358,4.0
11,1,47,3.4377,4.0
11,1,49,3.3062,4.5
11,1,49,3.3990,4.5
11,1,74,4.2514,5.0
11,1,74,4.0543,5.0
11,1,92,4.1115,4.25
11,1,92,3.5642,4.25
11,1,21,4.6817,4.25
11,1,21,3.9681,4.25
11,1,46,4.0664,1.75
11,1,46,3.3521,1.75
11,1,48,3.0098,2.25
11,1,48,2.4309,2.25
11,1,73,5.3999,5.25
11,1,73,4.4296,5.25
11,1,91,4.7049,5.5
11,1,91,3.7228,5.5
11,1,20,4.7186,5.5
11,1,20,4.3935,5.5
11,1,63,4.7087,6.25
11,1,63,4.1718,6.25
11,1,72,4.0572,4.75
11,1,72,3.7602,4.75
11,1,90,5.0991,4.25
11,1,90,4.3722,4.25
11,1,19,5.3577,6.25
11,1,19,4.5277,6.25
11,1,62,4.2166,5.0
11,1,62,3.6162,5.0
11,1,89,5.1847,5.0
11,1,89,4.5359,5.0
11,1,15,4.5970,3.5
11,1,15,4.7123,3.5
11,1,88,4.2926,3.75
11,1,88,3.9205,3.75
11,1,99,5.9908,6.25
11,1,99,4.7494,6.25
11,1,14,5.1553,4.25
11,1,14,4.1922,4.25
11,1,71,4.3096,4.75
11,1,71,3.7600,4.75
11,1,98,4.0446,4.5
11,1,98,3.8872,4.5
11,1,13,4.3672,5.25
11,1,13,4.1966,5.25
11,1,70,4.3159,5.0
11,1,70,3.9904,5.0
11,1,31,5.5405,5.5
11,1,31,4.6433,5.5
11,1,97,4.1473,3.75
11,1,97,4.0092,3.75
11,1,12,5.4296,5.5
11,1,12,4.6340,5.5
11,1,69,4.2406,4.0
11,1,69,4.1937,4.0
11,1,30,5.4660,4.25
11,1,30,4.6503,4.25
11,1,87,4.4825,2.75
11,1,87,3.9330,2.75
11,1,96,4.4471,4.75
11,1,96,3.8456,4.75
11,1,57,2.0670,2.5
11,1,57,2.4573,2.5
11,1,11,4.0829,4.5
11,1,11,3.7780,4.5
11,1,68,3.6668,4.25
11,1,68,3.7822,4.25
11,1,29,5.2821,5.5
11,1,29,4.2972,5.5
11,1,56,3.0186,2.25
11,1,56,3.2422,2.25
11,1,10,4.5241,4.66667
11,1,10,4.0991,4.66667
11,1,67,4.0678,6.25
11,1,67,3.6358,6.25
11,1,28,4.8478,4.5
11,1,28,4.2129,4.5
11,1,39,3.9788,5.0
11,1,39,3.7229,5.0
11,1,9,5.6699,4.0
11,1,9,4.4686,4.0
11,1,66,4.2035,3.25
11,1,66,3.9229,3.25
11,1,27,4.4755,4.5
11,1,27,3.9908,4.5
11,1,84,4.1803,3.5
11,1,84,4.0814,3.5
11,1,38,5.6187,4.5
11,1,38,5.2460,4.5
11,1,8,5.1058,4.25
11,1,8,4.3545,4.25
11,1,65,3.2812,4.25
11,1,65,3.4609,4.25
11,1,26,4.6176,4.0
11,1,26,4.4378,4.0
11,1,83,5.0070,3.5
11,1,83,4.0838,3.5
11,1,37,4.7412,3.75
11,1,37,4.2572,3.75
11,1,55,3.5113,4.0
11,1,55,3.3427,4.0
11,1,64,4.3590,5.0
11,1,64,4.0586,5.0
11,1,25,5.0849,5.0
11,1,25,4.6217,5.0
11,1,82,4.6954,4.5
11,1,82,4.1094,4.5
11,1,36,4.7036,5.0
11,1,36,4.4143,5.0
11,1,54,4.1606,2.5
11,1,54,4.0503,2.5
11,1,79,4.2997,4.5
11,1,79,3.9696,4.5
11,1,24,4.3082,3.25
11,1,24,4.6775,3.25
11,1,81,3.6130,4.5
11,1,81,3.7175,4.5
11,1,35,4.3486,4.5
11,1,35,4.0980,4.5
11,1,53,4.4302,5.25
11,1,53,4.0541,5.25
11,1,78,4.9839,5.0
11,1,78,4.1075,5.0
11,1,7,4.9453,4.25
11,1,7,4.1278,4.25
11,1,80,5.4037,6.0
11,1,80,5.5822,6.0
11,1,34,6.2441,4.5
11,1,34,5.5716,4.5
11,1,52,5.8218,4.25
11,1,52,5.2665,4.25
11,1,77,5.0255,6.0
11,1,77,4.1883,6.0
11,1,6,5.3920,5.0
11,1,6,4.3446,5.0
11,1,95,4.6262,4.25
11,1,95,4.1364,4.25
11,1,33,5.5474,5.0
11,1,33,4.6875,5.0
11,1,51,4.0494,4.75
11,1,51,3.7132,4.75
11,1,76,4.8901,4.0
11,1,76,4.2850,4.0
11,2,84,2.8892,4.75
11,2,84,3.1175,4.75
11,2,28,3.7969,4.5
11,2,28,3.8602,4.5
11,2,74,3.2375,4.25
11,2,74,2.2733,4.25
11,2,18,4.2764,4.0
11,2,18,3.7720,4.0
11,2,72,3.6461,4.25
11,2,72,2.5274,4.25
11,2,63,2.1645,2.75
11,2,63,2.5023,2.75
11,2,78,3.6254,5.5
11,2,78,3.5237,5.5
11,2,61,2.3315,3.25
11,2,61,3.0836,3.25
11,2,22,3.1130,3.75
11,2,22,3.0966,3.75
11,2,76,3.8083,5.5
11,2,76,3.5233,5.5
11,2,51,4.4075,4.5
11,2,51,4.1476,4.5
11,2,20,3.2980,4.75
11,2,20,3.9904,4.75
11,2,105,3.8225,4.5
11,2,105,3.5805,4.5
11,2,66,2.4692,1.75
11,2,66,2.6954,1.75
11,2,49,4.0212,2.75
11,2,49,3.4719,2.75
11,2,10,3.5108,4.75
11,2,10,3.6217,4.75
11,2,111,2.9379,4.5
11,2,111,3.4679,4.5
11,2,64,4.0774,4.25
11,2,64,3.3683,4.25
11,2,55,3.8290,4.5
11,2,55,3.6293,4.5
11,2,8,3.8709,5.0
11,2,8,3.7497,5.0
11,2,109,4.4800,4.75
11,2,109,4.1721,4.75
11,2,53,3.7731,4.5
11,2,53,3.2584,4.5
11,2,99,3.9788,5.5
11,2,99,3.3856,5.5
11,2,68,3.7662,4.0
11,2,68,3.4722,4.0
11,2,43,3.8030,5.25
11,2,43,4.1905,5.25
11,2,12,3.5145,2.25
11,2,12,2.8786,2.25
11,2,97,2.8337,3.75
11,2,97,2.5923,3.75
11,2,41,3.5233,4.75
11,2,41,3.1033,4.75
11,2,103,3.4814,5.25
11,2,103,3.6622,5.25
11,2,47,3.9714,4.0
11,2,47,4.2345,4.0
11,2,101,3.8723,4.75
11,2,101,3.5216,4.75
11,2,45,3.3575,4.25
11,2,45,2.7758,4.25
11,2,6,3.5110,5.5
11,2,6,3.1474,5.5
11,2,91,3.0760,4.5
11,2,91,3.0266,4.5
11,2,35,3.5188,3.75
11,2,35,3.2168,3.75
11,2,4,3.0383,4.0
11,2,4,2.9200,4.0
11,2,89,3.1628,4.75
11,2,89,3.2666,4.75
11,2,33,3.6478,4.25
11,2,33,3.4903,4.25
11,2,95,3.2703,4.0
11,2,95,2.7834,4.0
11,2,39,3.3669,4.5
11,2,39,3.4393,4.5
11,2,93,3.7237,5.0
11,2,93,3.3866,5.0
11,2,37,4.3118,5.0
11,2,37,3.6839,5.0
11,2,83,3.9486,4.0
11,2,83,3.6461,4.0
11,2,27,3.9108,5.5
11,2,27,3.7682,5.5
11,2,81,2.1370,3.0
11,2,81,2.0262,3.0
11,2,25,3.5130,5.0
11,2,25,3.8191,5.0
11,2,87,4.1621,4.25
11,2,87,3.5475,4.25
11,2,31,4.2268,5.0
11,2,31,4.7293,5.0
11,2,85,3.5044,5.0
11,2,85,3.0586,5.0
11,2,56,3.3769,4.75
11,2,56,2.9648,4.75
11,2,29,3.2519,4.75
11,2,29,3.1331,4.75
11,2,75,2.0079,2.5
11,2,75,2.2640,2.5
11,2,62,2.8597,1.75
11,2,62,2.9708,1.75
11,2,19,3.4485,5.25
11,2,19,3.2137,5.25
11,2,73,2.5937,4.25
11,2,73,3.0687,4.25
11,2,60,1.9863,2.5
11,2,60,1.9253,2.5
11,2,17,3.2671,3.75
11,2,17,3.0560,3.75
11,2,106,2.4380,3.0
11,2,106,3.3324,3.0
11,2,79,2.9692,4.25
11,2,79,2.8420,4.25
11,2,50,4.5436,4.25
11,2,50,3.6210,4.25
11,2,23,3.1503,5.75
11,2,23,2.9598,5.75
11,2,104,3.9757,6.0
11,2,104,3.6452,6.0
11,2,77,3.4021,4.5
11,2,77,3.5177,4.5
11,2,48,3.3906,6.5
11,2,48,3.3153,6.5
11,2,21,4.2819,6.25
11,2,21,4.0284,6.25
11,2,110,4.0955,4.75
11,2,110,4.3680,4.75
11,2,67,3.5171,4.75
11,2,67,3.1044,4.75
11,2,54,2.8574,3.75
11,2,54,3.1544,3.75
11,2,11,2.5692,2.5
11,2,11,2.2511,2.5
11,2,65,2.7273,2.5
11,2,65,2.6970,2.5
11,2,52,4.0430,5.0
11,2,52,4.3127,5.0
11,2,9,3.5639,3.5
11,2,9,3.5166,3.5
11,2,98,3.0599,5.0
11,2,98,2.8533,5.0
11,2,42,2.9328,4.75
11,2,42,3.4959,4.75
11,2,96,3.5172,5.0
11,2,96,3.0824,5.0
11,2,69,2.8252,3.25
11,2,69,3.2225,3.25
11,2,40,2.7864,4.25
11,2,40,3.6795,4.25
11,2,102,3.8637,3.75
11,2,102,4.0573,3.75
11,2,46,3.9152,4.25
11,2,46,3.4915,4.25
11,2,3,2.4454,5.0
11,2,3,2.2963,5.0
11,2,100,4.1324,4.5
11,2,100,3.7144,4.5
11,2,44,4.7349,5.5
11,2,44,4.0781,5.5
11,2,90,4.3413,3.25
11,2,90,3.3468,3.25
11,2,34,3.7174,6.5
11,2,34,3.8194,6.5
11,2,7,3.1331,0.75
11,2,7,2.6098,0.75
11,2,88,2.9832,5.0
11,2,88,2.6606,5.0
11,2,32,3.3132,5.25
11,2,32,4.0844,5.25
11,2,5,2.3483,2.25
11,2,5,2.7282,2.25
11,2,94,3.1051,4.25
11,2,94,3.0038,4.25
11,2,38,3.3902,4.25
11,2,38,2.9276,4.25
11,2,92,3.4222,5.5
11,2,92,3.4097,5.5
11,2,36,4.3648,4.25
11,2,36,3.9988,4.25
11,2,82,3.0454,4.75
11,2,82,3.2272,4.75
11,2,26,3.4489,3.5
11,2,26,2.6179,3.5
11,2,80,2.5501,3.75
11,2,80,2.3315,3.75
11,2,24,3.2665,5.0
11,2,24,3.1109,5.0
11,2,86,4.1329,5.75
11,2,86,3.4159,5.75
11,2,30,3.9913,4.0
11,2,30,3.0451,4.0
12,1,60,4.6649,3.75
12,1,60,4.2855,3.75
12,1,25,3.7242,5.75
12,1,25,3.9916,5.75
12,1,83,5.0143,5.5
12,1,83,5.0850,5.5
12,1,62,3.1330,2.5
12,1,62,2.8926,2.5
12,1,27,4.7633,4.5
12,1,27,5.0270,4.5
12,1,77,4.6030,4.75
12,1,77,5.0074,4.75
12,1,21,5.1554,4.5
12,1,21,5.4410,4.5
12,1,79,4.5267,4.25
12,1,79,4.7948,4.25
12,1,23,3.5510,3.5
12,1,23,4.1076,3.5
12,1,108,4.8060,3.25
12,1,108,4.7965,3.25
12,1,73,5.2303,4.25
12,1,73,5.2687,4.25
12,1,17,4.7980,5.0
12,1,17,4.9299,5.0
12,1,110,5.0277,5.0
12,1,110,5.0317,5.0
12,1,75,5.1868,5.25
12,1,75,5.1607,5.25
12,1,54,5.1445,4.75
12,1,54,4.9699,4.75
12,1,19,5.1652,3.75
12,1,19,5.4291,3.75
12,1,104,4.3056,2.5
12,1,104,4.2840,2.5
12,1,69,5.1369,3.75
12,1,69,5.1228,3.75
12,1,48,4.7752,4.5
12,1,48,5.1677,4.5
12,1,106,2.9351,1.25
12,1,106,3.1033,1.25
12,1,100,4.1644,2.75
12,1,100,4.3587,2.75
12,1,65,4.7618,4.5
12,1,65,4.6630,4.5
12,1,44,5.0793,5.5
12,1,44,5.1836,5.5
12,1,9,5.2731,4.75
12,1,9,5.2571,4.75
12,1,102,4.7454,4.5
12,1,102,4.8782,4.5
12,1,67,3.1975,2.75
12,1,67,3.4950,2.75
12,1,46,3.7963,3.5
12,1,46,4.2161,3.5
12,1,11,4.4465,5.0
12,1,11,4.5532,5.0
12,1,96,4.4143,3.25
12,1,96,4.6401,3.25
12,1,40,4.7903,4.25
12,1,40,4.8770,4.25
12,1,5,5.3092,6.0
12,1,5,5.3986,6.0
12,1,98,4.9509,3.75
12,1,98,5.2261,3.75
12,1,42,5.3080,4.25
12,1,42,5.2852,4.25
12,1,7,5.2234,6.25
12,1,7,5.4271,6.25
12,1,92,4.5287,3.25
12,1,92,4.7045,3.25
12,1,36,4.3570,5.0
12,1,36,4.9145,5.0
12,1,38,4.7697,5.5
12,1,38,4.8338,5.5
12,1,3,5.2963,6.0
12,1,3,5.2670,6.0
12,1,88,4.7697,4.5
12,1,88,5.0064,4.5
12,1,32,4.0168,5.25
12,1,32,4.5371,5.25
12,1,90,5.0741,4.0
12,1,90,5.0305,4.0
12,1,34,4.3409,5.5
12,1,34,4.6638,5.5
12,1,84,5.3484,4.5
12,1,84,5.4668,4.5
12,1,28,3.3662,5.0
12,1,28,3.6599,5.0
12,1,86,4.6390,3.0
12,1,86,4.8091,3.0
12,1,30,3.7696,4.0
12,1,30,4.0422,4.0
12,1,80,4.5922,4.0
12,1,80,4.3531,4.0
12,1,24,3.4973,5.25
12,1,24,3.7723,5.25
12,1,82,5.2118,4.0
12,1,82,5.1476,4.0
12,1,61,4.2710,4.0
12,1,61,3.9554,4.0
12,1,26,4.8441,5.0
12,1,26,4.8112,5.0
12,1,76,5.1823,4.0
12,1,76,5.2757,4.0
12,1,63,4.0086,3.0
12,1,63,3.6011,3.0
12,1,20,4.6600,4.75
12,1,20,4.9844,4.75
12,1,78,5.4773,6.0
12,1,78,5.4399,6.0
12,1,22,4.8121,4.5
12,1,22,5.0115,4.5
12,1,72,5.0296,3.25
12,1,72,5.1858,3.25
12,1,16,3.7981,5.25
12,1,16,4.0135,5.25
12,1,109,4.4226,3.5
12,1,109,4.7860,3.5
12,1,74,4.9315,5.0
12,1,74,5.3436,5.0
12,1,53,4.3170,4.5
12,1,53,4.5681,4.5
12,1,18,3.5229,4.25
12,1,18,4.1725,4.25
12,1,111,4.3044,2.75
12,1,111,4.3235,2.75
12,1,68,4.8357,4.25
12,1,68,5.1151,4.25
12,1,55,3.9990,5.0
12,1,55,4.2249,5.0
12,1,12,5.3668,5.75
12,1,12,5.4242,5.75
12,1,105,4.0398,3.25
12,1,105,3.9814,3.25
12,1,49,4.2819,4.75
12,1,49,4.4195,4.75
12,1,107,4.8230,4.5
12,1,107,4.6861,4.5
12,1,64,4.3773,4.0
12,1,64,4.9640,4.0
12,1,8,5.6763,5.25
12,1,8,5.6005,5.25
12,1,101,4.4043,3.25
12,1,101,4.1150,3.25
12,1,66,4.5401,3.0
12,1,66,4.4762,3.0
12,1,45,4.5033,5.0
12,1,45,4.9309,5.0
12,1,10,5.3795,5.25
12,1,10,5.3320,5.25
12,1,103,5.0252,4.5
12,1,103,5.0607,4.5
12,1,47,4.6617,5.5
12,1,47,4.6707,5.5
12,1,4,5.0969,6.25
12,1,4,5.3905,6.25
12,1,97,4.5029,4.25
12,1,97,4.5833,4.25
12,1,41,4.5714,3.75
12,1,41,4.6190,3.75
12,1,6,5.1687,5.0
12,1,6,5.4133,5.0
12,1,99,3.3909,1.75
12,1,99,3.9183,1.75
12,1,43,4.7599,4.75
12,1,43,5.0402,4.75
12,1,93,4.3370,3.75
12,1,93,4.2574,3.75
12,1,37,5.2400,4.5
12,1,37,5.0181,4.5
12,1,2,5.1911,6.5
12,1,2,5.2456,6.5
12,1,39,4.5944,5.75
12,1,39,4.8257,5.75
12,1,89,4.0369,3.5
12,1,89,4.2409,3.5
12,1,33,3.7471,4.25
12,1,33,4.2091,4.25
12,1,91,4.5500,4.5
12,1,91,5.0499,4.5
12,1,35,3.9023,4.0
12,1,35,4.0326,4.0
12,1,85,5.2501,4.75
12,1,85,5.3867,4.75
12,1,29,2.6125,2.75
12,1,29,3.0506,2.75
12,1,87,4.6360,5.0
12,1,87,4.9919,5.0
12,1,31,5.1564,5.0
12,1,31,5.2340,5.0
12,1,81,4.3781,4.0
12,1,81,4.5977,4.0
12,2,14,2.2489,4.25
12,2,14,2.1082,4.25
12,2,37,3.0976,3.5
12,2,37,2.7217,3.5
12,2,64,0.6727,1.5
12,2,64,1.1875,1.5
12,2,8,2.0970,4.0
12,2,8,1.6630,4.0
12,2,39,2.3275,2.0
12,2,39,2.1509,2.0
12,2,66,0.9529,1.0
12,2,66,1.1757,1.0
12,2,10,2.5497,4.25
12,2,10,2.2995,4.25
12,2,33,2.9395,3.75
12,2,33,2.6686,3.75
12,2,4,2.1872,4.0
12,2,4,1.9023,4.0
12,2,35,2.6425,3.0
12,2,35,2.8838,3.0
12,2,6,2.2646,3.5
12,2,6,2.8086,3.5
12,2,93,2.0127,5.0
12,2,93,1.8002,5.0
12,2,95,2.4295,4.75
12,2,95,2.2297,4.75
12,2,89,2.2768,3.75
12,2,89,1.8683,3.75
12,2,116,3.0794,3.0
12,2,116,2.8269,3.0
12,2,91,2.7638,4.5
12,2,91,2.7721,4.5
12,2,62,1.3008,1.75
12,2,62,1.6677,1.75
12,2,85,2.3473,4.75
12,2,85,2.3722,4.75
12,2,112,2.4901,3.75
12,2,112,2.5517,3.75
12,2,29,2.5864,3.0
12,2,29,2.3995,3.0
12,2,56,2.4230,5.0
12,2,56,2.3870,5.0
12,2,87,2.6422,4.75
12,2,87,2.9888,4.75
12,2,114,2.5169,3.5
12,2,114,2.0933,3.5
12,2,31,2.5569,4.75
12,2,31,2.7183,4.75
12,2,58,3.4648,3.75
12,2,58,3.4286,3.75
12,2,81,2.6522,5.5
12,2,81,2.6760,5.5
12,2,108,2.4370,2.0
12,2,108,1.9872,2.0
12,2,25,2.2076,4.75
12,2,25,1.8053,4.75
12,2,52,2.3563,4.75
12,2,52,2.5909,4.75
12,2,83,1.9546,3.75
12,2,83,1.6313,3.75
12,2,110,1.3176,2.25
12,2,110,1.7258,2.25
12,2,27,3.4251,4.5
12,2,27,3.5049,4.5
12,2,54,2.9325,4.5
12,2,54,3.0461,4.5
12,2,77,2.6042,5.0
12,2,77,2.3896,5.0
12,2,104,2.2260,2.0
12,2,104,2.1881,2.0
12,2,21,3.0904,3.75
12,2,21,2.5985,3.75
12,2,48,3.4025,4.5
12,2,48,3.4072,4.5
12,2,79,3.1435,3.75
12,2,79,3.2568,3.75
12,2,106,2.5777,3.5
12,2,106,2.4175,3.5
12,2,23,2.9426,5.25
12,2,23,3.0429,5.25
12,2,50,3.4589,4.75
12,2,50,3.2246,4.75
12,2,73,1.2790,2.0
12,2,73,0.8916,2.0
12,2,100,1.6826,2.5
12,2,100,1.5493,2.5
12,2,44,2.7135,3.75
12,2,44,2.5224,3.75
12,2,102,1.5547,1.75
12,2,102,1.5235,1.75
12,2,19,2.8245,4.5
12,2,19,2.8345,4.5
12,2,46,3.3992,4.25
12,2,46,3.4941,4.25
12,2,69,1.3549,2.25
12,2,69,1.4449,2.25
12,2,96,2.8631,4.75
12,2,96,3.2265,4.75
12,2,13,1.9856,3.5
12,2,13,2.3505,3.5
12,2,40,3.4867,3.5
12,2,40,3.3513,3.5
12,2,71,0.3368,1.5
12,2,71,0.2675,1.5
12,2,98,3.0006,2.75
12,2,98,2.5874,2.75
12,2,42,3.2106,3.5
12,2,42,3.5235,3.5
12,2,65,0.6941,2.25
12,2,65,0.7996,2.25
12,2,9,2.2973,4.0
12,2,9,1.9939,4.0
12,2,36,2.5460,5.75
12,2,36,2.2075,5.75
12,2,67,1.5450,3.0
12,2,67,1.3779,3.0
12,2,11,1.9029,5.0
12,2,11,1.8272,5.0
12,2,5,2.5693,5.25
12,2,5,2.5276,5.25
12,2,32,3.1235,3.25
12,2,32,3.1130,3.25
12,2,7,2.4498,5.0
12,2,7,2.6771,5.0
12,2,34,2.9742,4.25
12,2,34,3.0250,4.25
12,2,92,2.7730,3.5
12,2,92,2.3960,3.5
12,2,3,0.7167,3.75
12,2,3,0.9551,3.75
12,2,94,2.1959,2.5
12,2,94,2.1820,2.5
12,2,88,2.2864,5.0
12,2,88,2.3261,5.0
12,2,90,2.9369,3.25
12,2,90,2.7632,3.25
12,2,113,2.7364,3.25
12,2,113,2.4231,3.25
12,2,57,3.5515,4.75
12,2,57,3.6808,4.75
12,2,84,2.4991,4.25
12,2,84,2.2137,4.25
12,2,115,2.0508,2.75
12,2,115,2.1654,2.75
12,2,28,2.6205,4.75
12,2,28,2.1255,4.75
12,2,59,3.0634,5.0
12,2,59,3.6098,5.0
12,2,86,2.1819,4.0
12,2,86,1.7124,4.0
12,2,109,2.9823,3.25
12,2,109,2.0542,3.25
12,2,30,2.6134,4.5
12,2,30,2.7563,4.5
12,2,53,3.3448,3.75
12,2,53,3.5988,3.75
12,2,80,2.6295,5.25
12,2,80,3.1487,5.25
12,2,111,2.9463,4.0
12,2,111,2.8926,4.0
12,2,24,3.0811,4.25
12,2,24,3.1501,4.25
12,2,55,3.9016,4.5
12,2,55,3.8317,4.5
12,2,82,1.4559,2.5
12,2,82,1.2627,2.5
12,2,105,3.2392,4.0
12,2,105,3.0903,4.0
12,2,26,2.6476,2.75
12,2,26,2.4264,2.75
12,2,49,3.1518,5.25
12,2,49,3.3072,5.25
12,2,107,2.4251,2.25
12,2,107,2.0155,2.25
12,2,20,3.2503,4.0
12,2,20,3.1350,4.0
12,2,51,1.9775,3.0
12,2,51,2.0006,3.0
12,2,78,2.7113,4.0
12,2,78,2.1816,4.0
12,2,101,2.9642,3.0
12,2,101,2.9011,3.0
12,2,22,3.3323,5.0
12,2,22,3.3019,5.0
12,2,45,3.3038,4.0
12,2,45,3.1968,4.0
12,2,103,1.7828,2.5
12,2,103,1.8697,2.5
12,2,47,3.2639,4.75
12,2,47,2.9568,4.75
12,2,97,2.5235,1.5
12,2,97,2.3562,1.5
12,2,41,3.3300,5.25
12,2,41,3.3674,5.25
12,2,68,0.9576,2.0
12,2,68,0.6618,2.0
12,2,99,2.3197,3.25
12,2,99,2.0048,3.25
12,2,12,2.1824,5.25
12,2,12,2.2005,5.25
12,2,43,3.6871,4.5
12,2,43,3.4736,4.5
12,2,70,0.3071,1.25
12,2,70,0.6194,1.25
16,2,107,3.5790,3.25
16,2,107,3.9974,3.25
16,2,78,3.6018,4.25
16,2,78,3.4052,4.25
16,2,37,3.1913,4.5
16,2,37,2.9868,4.5
16,2,109,3.2842,4.5
16,2,109,3.4073,4.5
16,2,39,3.4809,2.25
16,2,39,3.2423,2.25
16,2,111,3.6181,3.5
16,2,111,3.5820,3.5
16,2,66,3.4699,5.75
16,2,66,3.6381,5.75
16,2,25,3.9148,3.0
16,2,25,3.5730,3.0
16,2,97,3.9779,2.75
16,2,97,4.3012,2.75
16,2,68,3.2249,1.25
16,2,68,3.4930,1.25
16,2,27,4.4093,4.25
16,2,27,4.2146,4.25
16,2,99,3.4351,3.25
16,2,99,3.8035,3.25
16,2,70,2.5498,1.75
16,2,70,2.5730,1.75
16,2,29,4.0780,2.0
16,2,29,3.8955,2.0
16,2,101,4.2355,5.0
16,2,101,4.3187,5.0
16,2,56,3.5609,4.75
16,2,56,3.1954,4.75
16,2,31,3.5835,2.0
16,2,31,3.4412,2.0
16,2,103,4.1810,3.25
16,2,103,3.7114,3.25
16,2,58,3.8371,2.25
16,2,58,3.9556,2.25
16,2,89,3.3339,1.75
16,2,89,3.3262,1.75
16,2,60,3.7408,3.0
16,2,60,3.6846,3.0
16,2,91,3.7485,3.25
16,2,91,3.3228,3.25
16,2,21,3.4211,3.75
16,2,21,3.2748,3.75
16,2,93,4.1083,4.0
16,2,93,4.0414,4.0
16,2,48,4.1170,3.25
16,2,48,4.1894,3.25
16,2,23,3.3277,2.5
16,2,23,3.3334,2.5
16,2,95,3.7389,3.5
16,2,95,3.8119,3.5
16,2,50,3.0289,2.25
16,2,50,2.9051,2.25
16,2,9,3.7405,3.5
16,2,9,3.5034,3.5
16,2,81,3.5988,2.5
16,2,81,3.3678,2.5
16,2,52,3.2268,2.25
16,2,52,2.9835,2.25
16,2,11,4.7010,4.5
16,2,11,4.6682,4.5
16,2,83,3.1596,4.5
16,2,83,3.3127,4.5
16,2,54,3.4108,1.25
16,2,54,3.1170,1.25
16,2,13,4.5263,4.5
16,2,13,4.6474,4.5
16,2,85,3.3887,3.5
16,2,85,3.3274,3.5
16,2,40,4.2454,2.0
16,2,40,3.7401,2.0
16,2,15,3.6026,4.25
16,2,15,3.4064,4.25
16,2,112,2.8267,1.5
16,2,112,2.8389,1.5
16,2,87,3.7778,3.5
16,2,87,3.4560,3.5
16,2,42,3.3863,2.5
16,2,42,3.1455,2.5
16,2,114,4.2511,3.5
16,2,114,3.9887,3.5
16,2,73,3.0034,4.0
16,2,73,3.1815,4.0
16,2,44,3.7687,2.75
16,2,44,3.6052,2.75
16,2,116,3.4020,4.0
16,2,116,3.4355,4.0
16,2,46,4.0040,2.5
16,2,46,3.8557,2.5
16,2,5,3.3127,4.0
16,2,5,3.1612,4.0
16,2,77,3.1456,5.5
16,2,77,3.3140,5.5
16,2,32,3.5066,2.75
16,2,32,3.4912,2.75
16,2,7,4.8868,5.0
16,2,7,4.9782,5.0
16,2,104,4.5372,1.75
16,2,104,4.0129,1.75
16,2,79,3.2318,5.0
16,2,79,3.1300,5.0
16,2,34,3.2694,2.25
16,2,34,2.8728,2.25
16,2,106,3.3008,2.75
16,2,106,3.5513,2.75
16,2,65,4.1078,5.0
16,2,65,3.7069,5.0
16,2,36,4.2331,3.75
16,2,36,3.9147,3.75
16,2,108,1.4444,2.75
16,2,108,1.6474,2.75
16,2,67,3.1037,3.5
16,2,67,2.4576,3.5
16,2,38,3.0178,4.0
16,2,38,2.7021,4.0
16,2,110,3.8638,2.25
16,2,110,3.9057,2.25
16,2,69,3.2506,1.75
16,2,69,3.2004,1.75
16,2,24,4.6363,3.5
16,2,24,4.3190,3.5
16,2,96,3.2199,3.5
16,2,96,3.0408,3.5
16,2,71,3.4658,4.0
16,2,71,3.4548,4.0
16,2,26,3.3141,3.25
16,2,26,3.2713,3.25
16,2,98,4.3971,4.5
16,2,98,4.1403,4.5
16,2,57,3.6728,3.0
16,2,57,3.2242,3.0
16,2,28,4.1389,3.25
16,2,28,3.9187,3.25
16,2,100,2.7544,3.25
16,2,100,2.7299,3.25
16,2,59,3.4291,3.0
16,2,59,3.1351,3.0
16,2,30,4.2014,3.0
16,2,30,3.9691,3.0
16,2,102,2.8558,1.75
16,2,102,3.3151,1.75
16,2,61,3.5785,2.5
16,2,61,3.4478,2.5
16,2,88,4.1194,3.75
16,2,88,3.6524,3.75
16,2,90,2.6457,1.75
16,2,90,2.3639,1.75
16,2,49,3.7480,2.75
16,2,49,3.6195,2.75
16,2,92,3.6958,2.5
16,2,92,3.7668,2.5
16,2,51,3.7087,3.5
16,2,51,3.5598,3.5
16,2,22,3.4896,1.75
16,2,22,3.2127,1.75
16,2,94,2.8602,4.0
16,2,94,2.2234,4.0
16,2,53,4.0745,4.0
16,2,53,3.7465,4.0
16,2,8,3.8269,3.25
16,2,8,3.7627,3.25
16,2,80,3.3747,4.0
16,2,80,3.4578,4.0
16,2,55,3.6918,4.0
16,2,55,3.2472,4.0
16,2,10,4.4778,5.5
16,2,10,4.1750,5.5
16,2,82,3.4351,2.25
16,2,82,3.3659,2.25
16,2,41,4.6097,1.75
16,2,41,4.0791,1.75
16,2,12,4.0868,5.5
16,2,12,4.3229,5.5
16,2,113,3.5100,2.5
16,2,113,3.5045,2.5
16,2,84,2.6696,3.75
16,2,84,2.0797,3.75
16,2,43,3.5783,2.25
16,2,43,3.0187,2.25
16,2,14,3.9239,4.0
16,2,14,3.5112,4.0
16,2,115,3.7787,2.75
16,2,115,3.7699,2.75
16,2,86,3.9719,4.5
16,2,86,3.5238,4.5
16,2,45,3.7695,3.0
16,2,45,3.6070,3.0
16,2,72,3.0221,2.25
16,2,72,3.3164,2.25
16,2,47,4.1454,1.75
16,2,47,3.9784,1.75
16,2,33,3.6950,1.5
16,2,33,3.8655,1.5
16,2,105,3.7210,3.75
16,2,105,3.6643,3.75
16,2,76,3.5492,3.0
16,2,76,3.5526,3.0
16,2,35,4.6612,2.5
16,2,35,4.7242,2.5
16,2,6,4.2470,4.5
16,2,6,4.2580,4.5
17,1,87,3.7319,2.5
17,1,87,4.2158,2.5
17,1,56,3.5745,3.25
17,1,56,3.9327,3.25
17,1,31,1.9045,4.0
17,1,31,2.1175,4.0
17,1,73,3.3606,4.25
17,1,73,3.0552,4.25
17,1,17,3.9554,3.0
17,1,17,4.6007,3.0
17,1,75,2.6724,1.75
17,1,75,2.3255,1.75
17,1,60,2.0206,3.0
17,1,60,2.0015,3.0
17,1,19,3.5637,4.0
17,1,19,3.9025,4.0
17,1,77,2.5400,3.5
17,1,77,2.4846,3.5
17,1,62,1.0521,1.75
17,1,62,1.4223,1.75
17,1,21,2.4426,2.5
17,1,21,2.8101,2.5
17,1,104,3.6993,3.25
17,1,104,3.3622,3.25
17,1,79,3.7776,3.25
17,1,79,3.5396,3.25
17,1,23,4.5796,2.5
17,1,23,4.4335,2.5
17,1,106,3.7177,2.75
17,1,106,3.8200,2.75
17,1,65,1.5129,1.25
17,1,65,1.6872,1.25
17,1,50,3.1160,3.75
17,1,50,3.5180,3.75
17,1,9,0.9587,1.5
17,1,9,1.5241,1.5
17,1,108,2.7935,2.5
17,1,108,2.7018,2.5
17,1,67,2.6993,3.0
17,1,67,2.4093,3.0
17,1,52,4.1341,2.75
17,1,52,3.6700,2.75
17,1,11,1.0616,1.5
17,1,11,1.6432,1.5
17,1,110,2.9152,3.5
17,1,110,3.1883,3.5
17,1,69,2.4186,2.5
17,1,69,2.2798,2.5
17,1,54,3.4780,3.25
17,1,54,3.2760,3.25
17,1,96,3.1718,1.5
17,1,96,3.0264,1.5
17,1,40,4.4094,3.0
17,1,40,4.5786,3.0
17,1,98,3.3428,3.5
17,1,98,3.6971,3.5
17,1,42,2.2883,3.75
17,1,42,2.1809,3.75
17,1,100,4.3563,2.75
17,1,100,4.6529,2.75
17,1,44,3.6036,3.5
17,1,44,3.7795,3.5
17,1,102,3.1961,3.75
17,1,102,2.9070,3.75
17,1,46,2.5695,4.0
17,1,46,2.8939,4.0
17,1,5,2.1250,2.75
17,1,5,2.2914,2.75
17,1,88,3.3538,4.25
17,1,88,3.3689,4.25
17,1,32,3.8834,4.5
17,1,32,4.1401,4.5
17,1,7,2.7690,2.75
17,1,7,3.2630,2.75
17,1,90,3.1690,5.5
17,1,90,3.3175,5.5
17,1,34,2.2611,3.25
17,1,34,2.2253,3.25
17,1,92,3.1357,5.25
17,1,92,3.4555,5.25
17,1,36,2.9979,2.75
17,1,36,2.8318,2.75
17,1,94,3.7866,3.5
17,1,94,4.1943,3.5
17,1,38,2.8444,2.25
17,1,38,3.0829,2.25
17,1,80,4.0337,4.25
17,1,80,4.3019,4.25
17,1,24,3.5918,3.25
17,1,24,4.0444,3.25
17,1,82,3.3768,5.0
17,1,82,3.4243,5.0
17,1,26,3.0390,3.0
17,1,26,3.5561,3.0
17,1,84,3.6403,4.25
17,1,84,3.6627,4.25
17,1,28,3.8717,4.25
17,1,28,4.0416,4.25
17,1,86,2.8127,4.0
17,1,86,2.7604,4.0
17,1,59,1.3954,2.5
17,1,59,1.5767,2.5
17,1,30,2.1755,5.25
17,1,30,2.6974,5.25
17,1,72,2.9088,5.25
17,1,72,3.2559,5.25
17,1,61,1.4912,2.25
17,1,61,2.2328,2.25
17,1,74,2.9235,3.25
17,1,74,2.9731,3.25
17,1,63,1.3029,1.75
17,1,63,2.2686,1.75
17,1,18,3.6560,2.75
17,1,18,3.1972,2.75
17,1,105,3.1096,3.75
17,1,105,3.1480,3.75
17,1,76,3.1915,4.5
17,1,76,3.8216,4.5
17,1,20,3.1078,3.5
17,1,20,2.9543,3.5
17,1,107,2.9117,3.25
17,1,107,2.8246,3.25
17,1,78,2.7476,4.25
17,1,78,3.0597,4.25
17,1,51,3.8095,3.0
17,1,51,3.7154,3.0
17,1,22,2.4417,3.0
17,1,22,2.6942,3.0
17,1,109,2.7859,2.5
17,1,109,2.6359,2.5
17,1,64,1.6159,1.0
17,1,64,2.2865,1.0
17,1,53,4.2142,2.75
17,1,53,4.5599,2.75
17,1,8,1.6672,2.75
17,1,8,2.3003,2.75
17,1,111,2.7285,2.0
17,1,111,2.8141,2.0
17,1,66,2.0179,0.75
17,1,66,2.4228,0.75
17,1,55,2.7263,2.5
17,1,55,2.6494,2.5
17,1,10,1.1631,1.5
17,1,10,1.7314,1.5
17,1,97,3.7115,2.5
17,1,97,4.1493,2.5
17,1,68,2.3989,3.75
17,1,68,2.4089,3.75
17,1,41,3.1994,3.25
17,1,41,2.8773,3.25
17,1,12,1.5495,2.25
17,1,12,2.2516,2.25
17,1,99,3.6903,3.5
17,1,99,3.5532,3.5
17,1,43,3.7279,4.25
17,1,43,3.9442,4.25
17,1,14,1.8828,1.5
17,1,14,2.2374,1.5
17,1,101,3.5900,3.0
17,1,101,3.6346,3.0
17,1,45,3.4847,3.0
17,1,45,3.5879,3.0
17,1,103,3.0903,3.0
17,1,103,3.0496,3.0
17,1,89,3.2771,3.25
17,1,89,3.5424,3.25
17,1,33,3.1894,3.75
17,1,33,3.0305,3.75
17,1,4,2.1656,2.75
17,1,4,1.9260,2.75
17,1,91,3.4000,3.5
17,1,91,3.2885,3.5
17,1,35,3.5086,2.5
17,1,35,3.7044,2.5
17,1,6,1.6494,2.75
17,1,6,1.9902,2.75
17,1,93,2.9845,3.5
17,1,93,3.1212,3.5
17,1,37,3.9038,2.5
17,1,37,4.4885,2.5
17,1,95,3.7691,5.25
17,1,95,4.0637,5.25
17,1,39,2.0432,4.5
17,1,39,2.1384,4.5
17,1,81,2.8123,4.5
17,1,81,2.9748,4.5
17,1,25,2.8090,3.75
17,1,25,3.1899,3.75
17,1,83,3.3946,3.5
17,1,83,3.0244,3.5
17,1,27,4.6825,4.5
17,1,27,4.5106,4.5
17,1,85,3.3418,4.75
17,1,85,3.0276,4.75
17,1,29,3.7002,4.0
17,1,29,3.9786,4.0
18,1,94,1.5700,2.5
18,1,94,1.8773,2.5
18,1,20,1.3809,2.75
18,1,20,1.3426,2.75
18,1,49,2.1667,1.5
18,1,49,2.0283,1.5
18,1,92,2.5494,2.25
18,1,92,2.4554,2.25
18,1,18,1.9534,2.75
18,1,18,1.8449,2.75
18,1,47,2.2146,1.75
18,1,47,2.0556,1.75
18,1,90,2.0668,2.5
18,1,90,2.2945,2.5
18,1,16,2.3482,2.33333
18,1,16,2.4550,2.33333
18,1,45,2.4745,4.75
18,1,45,2.4601,4.75
18,1,88,2.2264,2.75
18,1,88,2.0000,2.75
18,1,43,2.3962,4.25
18,1,43,2.0979,4.25
18,1,86,2.9746,2.5
18,1,86,3.0811,2.5
18,1,12,3.3034,6.0
18,1,12,2.9475,6.0
18,1,41,3.1673,4.0
18,1,41,3.8779,4.0
18,1,84,2.5194,4.5
18,1,84,2.3595,4.5
18,1,10,2.4002,1.75
18,1,10,2.3722,1.75
18,1,39,3.5652,4.0
18,1,39,2.9282,4.0
18,1,82,1.9080,3.25
18,1,82,1.5879,3.25
18,1,111,2.0204,2.75
18,1,111,1.7202,2.75
18,1,8,1.1192,2.25
18,1,8,0.7802,2.25
18,1,37,1.9164,2.75
18,1,37,1.9250,2.75
18,1,80,1.2333,3.5
18,1,80,1.1456,3.5
18,1,109,3.0755,3.0
18,1,109,2.9535,3.0
18,1,6,3.3948,3.5
18,1,6,2.7155,3.5
18,1,35,1.6819,2.25
18,1,35,1.5195,2.25
18,1,78,0.7523,2.0
18,1,78,0.8912,2.0
18,1,107,2.1145,3.0
18,1,107,2.1119,3.0
18,1,4,2.0682,3.0
18,1,4,1.9245,3.0
18,1,33,1.4931,1.0
18,1,33,1.4695,1.0
18,1,76,0.8891,2.0
18,1,76,0.9188,2.0
18,1,105,2.1083,1.75
18,1,105,2.2756,1.75
18,1,2,2.4262,4.25
18,1,2,2.4271,4.25
18,1,74,1.6863,1.5
18,1,74,1.7023,1.5
18,1,103,2.2804,2.0
18,1,103,2.4757,2.0
18,1,101,2.1098,2.25
18,1,101,1.7526,2.25
18,1,62,1.7858,1.5
18,1,62,1.8365,1.5
18,1,99,1.3056,2.5
18,1,99,1.4828,2.5
18,1,60,1.0817,1.0
18,1,60,1.3564,1.0
18,1,68,1.7148,2.5
18,1,68,1.5091,2.5
18,1,97,1.9565,3.25
18,1,97,2.0526,3.25
18,1,66,1.9687,1.75
18,1,66,1.9585,1.75
18,1,31,1.8934,3.75
18,1,31,1.9674,3.75
18,1,56,2.7697,3.25
18,1,56,2.4135,3.25
18,1,64,1.4178,2.25
18,1,64,1.3526,2.25
18,1,29,3.7867,3.75
18,1,29,3.0005,3.75
18,1,54,2.2541,1.25
18,1,54,1.9341,1.25
18,1,27,2.5052,3.75
18,1,27,2.9083,3.75
18,1,25,4.2411,3.0
18,1,25,3.8539,3.0
18,1,50,1.8683,2.25
18,1,50,2.0725,2.25
18,1,23,3.1297,2.5
18,1,23,3.4545,2.5
18,1,48,2.0771,1.75
18,1,48,2.2390,1.75
18,1,95,3.3211,4.25
18,1,95,2.8007,4.25
18,1,21,1.8449,2.5
18,1,21,1.6199,2.5
18,1,46,2.8369,2.25
18,1,46,2.8523,2.25
18,1,93,2.6586,2.0
18,1,93,2.3820,2.0
18,1,19,1.4694,2.75
18,1,19,1.4311,2.75
18,1,44,3.2509,2.5
18,1,44,3.7663,2.5
18,1,91,2.3803,2.5
18,1,91,2.2675,2.5
18,1,17,2.2020,3.0
18,1,17,2.2002,3.0
18,1,42,2.6639,2.5
18,1,42,2.2154,2.5
18,1,89,1.7246,2.25
18,1,89,1.3501,2.25
18,1,40,2.0468,4.0
18,1,40,1.8537,4.0
18,1,87,2.3390,3.25
18,1,87,2.5818,3.25
18,1,112,2.2366,1.25
18,1,112,2.2000,1.25
18,1,38,2.6416,3.5
18,1,38,2.4736,3.5
18,1,85,1.7416,4.0
18,1,85,1.5301,4.0
18,1,110,2.2476,1.75
18,1,110,1.8176,1.75
18,1,11,1.6966,5.75
18,1,11,1.7506,5.75
18,1,36,2.0584,2.25
18,1,36,1.6905,2.25
18,1,83,1.4807,3.75
18,1,83,1.5298,3.75
18,1,108,2.3100,2.5
18,1,108,2.1400,2.5
18,1,9,1.7225,2.0
18,1,9,1.7378,2.0
18,1,34,2.9570,2.25
18,1,34,2.3532,2.25
18,1,81,2.2729,3.75
18,1,81,1.9054,3.75
18,1,106,2.1807,1.25
18,1,106,2.1001,1.25
18,1,7,2.3817,2.5
18,1,7,2.0029,2.5
18,1,32,1.5284,1.25
18,1,32,1.4308,1.25
18,1,79,1.2015,2.25
18,1,79,1.0152,2.25
18,1,104,2.1788,3.25
18,1,104,2.3077,3.25
18,1,5,1.9075,1.5
18,1,5,1.7662,1.5
18,1,77,1.9134,1.0
18,1,77,2.0492,1.0
18,1,102,2.1448,2.25
18,1,102,2.3669,2.25
18,1,3,2.6705,2.25
18,1,3,1.9818,2.25
18,1,75,0.7544,1.0
18,1,75,0.7872,1.0
18,1,100,2.1421,3.75
18,1,100,1.9132,3.75
18,1,73,1.0937,2.0
18,1,73,1.1726,2.0
18,1,98,1.7234,2.25
18,1,98,1.2963,2.25
18,1,96,1.9057,2.5
18,1,96,2.0264,2.5
18,1,61,1.5577,3.25
18,1,61,1.8244,3.25
18,1,69,1.8504,1.0
18,1,69,1.8354,1.0
18,1,30,1.8819,2.75
18,1,30,2.0351,2.75
18,1,59,2.1363,1.66667
18,1,59,2.2426,1.66667
18,1,67,2.1430,1.0
18,1,67,1.9456,1.0
18,1,28,3.8515,3.25
18,1,28,3.2904,3.25
18,1,65,2.6120,1.0
18,1,65,2.5097,1.0
18,1,26,2.3805,2.75
18,1,26,2.2838,2.75
18,1,55,2.5381,1.75
18,1,55,2.6417,1.75
18,1,24,2.5513,3.25
18,1,24,2.5439,3.25
18,1,53,2.4156,3.25
18,1,53,2.7874,3.25
18,1,22,2.9599,3.75
18,1,22,3.0743,3.75
18,1,51,1.9262,1.25
18,1,51,1.4934,1.25
