3,1,47,5.7626,4.25
3,1,47,5.7629,4.25
3,1,10,5.6236,2.875
3,1,10,5.6230,2.875
3,1,101,5.1207,4.375
3,1,101,5.1193,4.375
3,1,64,5.0437,5.75
3,1,64,5.0424,5.75
3,1,45,4.9778,4.25
3,1,45,4.9774,4.25
3,1,8,5.2293,3.5
3,1,8,5.2304,3.5
3,1,99,4.4344,1.5
3,1,99,4.4290,1.5
3,1,94,4.3840,3.25
3,1,94,4.3830,3.25
3,1,43,5.2630,4.0
3,1,43,5.2646,4.0
3,1,6,5.3485,4.5
3,1,6,5.3525,4.5
3,1,97,3.0069,1.25
3,1,97,3.0115,1.25
3,1,92,5.2023,3.5
3,1,92,5.2040,3.5
3,1,41,3.2143,3.25
3,1,41,3.2181,3.25
3,1,4,5.0846,3.25
3,1,4,5.0932,3.25
3,1,90,4.1187,3.75
3,1,90,4.1209,3.75
3,1,39,5.2613,5.75
3,1,39,5.2600,5.75
3,1,2,4.5217,4.5
3,1,2,4.5254,4.5
3,1,88,3.5776,4.0
3,1,88,3.5765,4.0
3,1,37,5.1927,3.125
3,1,37,5.1778,3.125
3,1,86,4.5988,4.25
3,1,86,4.6011,4.25
3,1,35,5.3565,4.375
3,1,35,5.3550,4.375
3,1,30,3.6385,4.5
3,1,30,3.6335,4.5
3,1,84,4.6898,3.75
3,1,84,4.6898,3.75
3,1,33,4.5493,3.0
3,1,33,4.5415,3.0
3,1,28,5.1682,4.75
3,1,28,5.1686,4.75
3,1,82,5.1169,3.0
3,1,82,5.1186,3.0
3,1,63,4.9663,4.75
3,1,63,4.9673,4.75
3,1,26,5.5798,4.0
3,1,26,5.5804,4.0
3,1,80,3.9458,2.75
3,1,80,3.9446,2.75
3,1,61,5.2538,5.5
3,1,61,5.2535,5.5
3,1,24,4.6071,4.5
3,1,24,4.6068,4.5
3,1,59,4.9297,5.5
3,1,59,4.9371,5.5
3,1,22,5.0313,4.83333
3,1,22,5.0288,4.83333
3,1,57,4.8135,4.875
3,1,57,4.8132,4.875
3,1,20,5.0206,2.5
3,1,20,5.0207,2.5
3,1,79,5.0983,5.25
3,1,79,5.0977,5.25
3,1,55,3.9310,3.25
3,1,55,3.9257,3.25
3,1,18,4.3406,3.75
3,1,18,4.3351,3.75
3,1,77,5.0339,4.5
3,1,77,5.0274,4.5
3,1,16,4.8914,4.75
3,1,16,4.8913,4.75
3,1,75,5.0906,4.0
3,1,75,5.0854,4.0
3,1,51,4.7237,4.5
3,1,51,4.7281,4.5
3,1,73,4.5217,3.0
3,1,73,4.5245,3.0
3,1,49,4.7071,5.0
3,1,49,4.7099,5.0
3,1,108,4.2492,2.25
3,1,108,4.2481,2.25
3,1,71,3.7693,2.0
3,1,71,3.7766,2.0
3,1,15,4.2933,5.0
3,1,15,4.2932,5.0
3,1,106,3.5050,2.75
3,1,106,3.5087,2.75
3,1,104,4.7611,3.5
3,1,104,4.7630,3.5
3,1,102,3.5836,5.25
3,1,102,3.5822,5.25
3,1,65,4.6838,6.25
3,1,65,4.6830,6.25
3,1,46,5.1863,5.0
3,1,46,5.1868,5.0
3,1,9,4.1651,2.75
3,1,9,4.1601,2.75
3,1,100,4.6460,2.375
3,1,100,4.6468,2.375
3,1,95,4.6502,3.75
3,1,95,4.6522,3.75
3,1,44,3.9839,3.0
3,1,44,4.0071,3.0
3,1,7,5.4368,4.75
3,1,7,5.4368,4.75
3,1,98,4.6112,1.75
3,1,98,4.6118,1.75
3,1,93,4.6486,3.25
3,1,93,4.6457,3.25
3,1,5,5.5264,6.0
3,1,5,5.5244,6.0
3,1,96,4.4917,3.875
3,1,96,4.4883,3.875
3,1,91,4.5739,4.0
3,1,91,4.5680,4.0
3,1,40,4.3749,5.0
3,1,40,4.3767,5.0
3,1,3,3.9321,3.0
3,1,3,3.9273,3.0
3,1,89,5.1417,4.25
3,1,89,5.2013,4.25
3,1,38,4.8369,4.5
3,1,38,4.8359,4.5
3,1,1,3.5370,3.875
3,1,1,3.5418,3.875
3,1,87,4.2358,4.25
3,1,87,4.2348,4.25
3,1,36,4.9695,3.5
3,1,36,4.9660,3.5
3,1,31,4.4981,3.66667
3,1,31,4.4983,3.66667
3,1,85,4.4678,2.0
3,1,85,4.4686,2.0
3,1,34,5.4874,4.125
3,1,34,5.4865,4.125
3,1,29,5.5196,1.25
3,1,29,5.5204,1.25
3,1,83,4.9242,4.5
3,1,83,4.9259,4.5
3,1,32,4.1970,4.5
3,1,32,4.1921,4.5
3,1,27,4.1029,5.25
3,1,27,4.1029,5.25
3,1,81,5.0436,2.75
3,1,81,5.0492,2.75
3,1,62,5.0668,4.375
3,1,62,4.8511,4.375
3,1,25,5.7885,5.5
3,1,25,5.7891,5.5
3,1,60,5.2184,5.5
3,1,60,5.2173,5.5
3,1,23,4.9289,3.875
3,1,23,4.9265,3.875
3,1,58,4.8281,4.5
3,1,58,4.8020,4.5
3,1,21,5.1984,4.5
3,1,21,5.1993,4.5
3,1,56,3.7577,4.0
3,1,56,3.7658,4.0
3,1,19,4.3318,4.125
3,1,19,4.3222,4.125
3,1,78,5.3976,5.25
3,1,78,5.3988,5.25
3,1,17,5.0504,5.0
3,1,17,5.0449,5.0
3,1,76,5.1566,4.0
3,1,76,5.1578,4.0
3,1,52,4.6904,3.5
3,1,52,4.6864,3.5
3,1,74,4.4549,4.0
3,1,74,4.4566,4.0
3,1,50,4.9687,4.66667
3,1,50,4.9677,4.66667
3,1,48,4.9524,2.5
3,1,48,4.9550,2.5
3,1,107,4.0297,5.25
3,1,107,4.0331,5.25
3,1,70,4.6929,2.75
3,1,70,4.7177,2.75
3,1,14,4.2488,3.75
3,1,14,4.2493,3.75
3,1,105,3.3176,1.25
3,1,105,3.3157,1.25
3,1,103,4.2310,1.5
3,1,103,4.2285,1.5
3,1,66,4.3921,3.0
3,1,66,4.4063,3.0
3,2,82,2.3635,3.25
3,2,82,2.3494,3.25
3,2,61,4.8445,4.375
3,2,61,4.8474,4.375
3,2,80,3.4819,4.75
3,2,80,3.4783,4.75
3,2,30,3.3204,3.625
3,2,30,3.3179,3.625
3,2,35,3.9995,3.875
3,2,35,3.9970,3.875
3,2,86,3.0058,2.75
3,2,86,3.0042,2.75
3,2,28,3.9322,4.0
3,2,28,3.9329,4.0
3,2,33,4.7332,5.0
3,2,33,4.7283,5.0
3,2,84,4.3327,4.0
3,2,84,4.3332,4.0
3,2,2,4.5988,1.875
3,2,2,4.5951,1.875
3,2,39,4.9610,4.25
3,2,39,4.9620,4.25
3,2,90,4.3362,4.25
3,2,90,4.3491,4.25
3,2,37,4.3579,2.25
3,2,37,4.3442,2.25
3,2,88,4.5059,4.0
3,2,88,4.5043,4.0
3,2,6,4.3968,5.25
3,2,6,4.3967,5.25
3,2,43,3.1339,4.0
3,2,43,3.1162,4.0
3,2,94,4.1988,3.75
3,2,94,4.1997,3.75
3,2,99,2.9918,2.625
3,2,99,2.9935,2.625
3,2,41,4.0495,3.5
3,2,41,4.0564,3.5
3,2,92,4.1427,3.25
3,2,92,4.1338,3.25
3,2,97,2.6853,5.0
3,2,97,2.6868,5.0
3,2,10,4.6413,4.0
3,2,10,4.6419,4.0
3,2,47,4.0043,3.875
3,2,47,3.9977,3.875
3,2,66,4.9357,3.75
3,2,66,4.9335,3.75
3,2,103,3.9829,4.0
3,2,103,3.9866,4.0
3,2,8,4.5074,6.0
3,2,8,4.5063,6.0
3,2,45,4.3630,3.25
3,2,45,4.3624,3.25
3,2,64,3.2833,2.375
3,2,64,3.2802,2.375
3,2,101,4.1764,3.125
3,2,101,4.1814,3.125
3,2,14,4.2996,3.75
3,2,14,4.2987,3.75
3,2,70,4.0196,3.66667
3,2,70,4.0214,3.66667
3,2,107,3.0407,4.625
3,2,107,3.0362,4.625
3,2,12,5.7252,5.25
3,2,12,5.7185,5.25
3,2,68,4.8612,5.5
3,2,68,4.8659,5.5
3,2,105,3.6198,3.5
3,2,105,3.6138,3.5
3,2,50,5.0244,3.75
3,2,50,5.0257,3.75
3,2,74,4.3245,3.25
3,2,74,4.3228,3.25
3,2,111,3.1085,3.5
3,2,111,3.1927,3.5
3,2,48,2.2863,4.25
3,2,48,2.2994,4.25
3,2,109,4.6161,1.95833
3,2,109,4.6124,1.95833
3,2,78,4.5330,2.75
3,2,78,4.5319,2.75
3,2,52,4.6484,1.5
3,2,52,4.6499,1.5
3,2,56,5.1545,4.25
3,2,56,5.1532,4.25
3,2,112,3.3369,4.0
3,2,112,3.3254,4.0
3,2,62,4.7101,5.25
3,2,62,4.7141,5.25
3,2,27,4.3272,4.0
3,2,27,4.3305,4.0
3,2,60,2.3774,3.75
3,2,60,2.3772,3.75
3,2,83,4.5968,4.25
3,2,83,4.5982,4.25
3,2,34,2.7368,3.5
3,2,34,2.7368,3.5
3,2,81,4.9427,4.375
3,2,81,4.9482,4.375
3,2,31,4.1289,3.25
3,2,31,4.1319,3.25
3,2,32,5.1258,3.25
3,2,32,5.1202,3.25
3,2,87,3.9943,3.75
3,2,87,3.9935,3.75
3,2,29,3.2491,4.0
3,2,29,3.2451,4.0
3,2,38,4.8899,3.25
3,2,38,4.8974,3.25
3,2,85,3.8208,3.25
3,2,85,3.8135,3.25
3,2,36,4.7915,2.75
3,2,36,4.7916,2.75
3,2,91,4.6365,4.5
3,2,91,4.6366,4.5
3,2,42,2.2173,2.5
3,2,42,2.2081,2.5
3,2,89,4.6244,3.25
3,2,89,4.6221,3.25
3,2,98,5.1760,4.5
3,2,98,5.1764,4.5
3,2,7,4.5489,6.0
3,2,7,4.5507,6.0
3,2,40,4.7128,2.75
3,2,40,4.7113,2.75
3,2,95,2.9377,1.5
3,2,95,2.9368,1.5
3,2,96,2.9502,3.125
3,2,96,2.9571,3.125
3,2,5,4.1574,3.25
3,2,5,4.1436,3.25
3,2,46,3.6937,4.5
3,2,46,3.6959,4.5
3,2,93,4.4132,5.0
3,2,93,4.4220,5.0
3,2,102,4.6441,2.0
3,2,102,4.6461,2.0
3,2,11,5.3584,4.125
3,2,11,5.3658,4.125
3,2,44,3.4258,5.0
3,2,44,3.4166,5.0
3,2,67,4.6335,5.25
3,2,67,4.8406,5.25
3,2,100,4.0566,1.25
3,2,100,4.0623,1.25
3,2,9,4.2708,4.5
3,2,9,4.2790,4.5
3,2,65,3.4282,3.0
3,2,65,3.4324,3.0
3,2,106,4.2067,3.875
3,2,106,4.2056,3.875
3,2,71,3.3075,2.375
3,2,71,3.3033,2.375
3,2,104,3.2240,3.5
3,2,104,3.2376,3.5
3,2,13,5.2612,5.0
3,2,13,5.2605,5.0
3,2,69,2.5921,1.25
3,2,69,2.5878,1.25
3,2,110,4.8057,4.25
3,2,110,4.8014,4.25
3,2,51,4.3998,4.0
3,2,51,4.3938,4.0
3,2,108,3.2508,4.0
3,2,108,3.2227,4.0
3,2,49,2.9936,2.75
3,2,49,2.9858,2.75
3,2,73,4.2342,3.75
3,2,73,4.2379,3.75
3,2,55,3.9322,3.33333
3,2,55,3.9356,3.33333
3,2,79,3.5123,3.75
3,2,79,3.5115,3.75
3,2,53,3.9099,4.5
3,2,53,3.9070,4.5
3,2,77,4.8503,2.25
3,2,77,4.8495,2.25
3,2,59,3.3166,2.25
3,2,59,3.3194,2.25
3,2,113,4.4414,3.0
3,2,113,4.4392,3.0
3,2,26,3.6509,2.5
3,2,26,3.6517,2.5
3,2,63,2.3165,1.25
3,2,63,2.3100,1.25
4,1,29,2.2220,3.0
4,1,29,2.2237,3.0
4,1,58,4.1277,2.25
4,1,58,4.1277,2.25
4,1,85,2.9404,2.5
4,1,85,2.9332,2.5
4,1,114,1.9706,1.5
4,1,114,1.9715,1.5
4,1,31,2.5161,2.25
4,1,31,2.5162,2.25
4,1,36,1.4874,0.875
4,1,36,1.4887,0.875
4,1,87,1.6212,3.25
4,1,87,1.6207,3.25
4,1,25,2.5533,1.5
4,1,25,2.5536,1.5
4,1,38,2.6933,2.5
4,1,38,2.6904,2.5
4,1,81,2.3796,3.0
4,1,81,2.3814,3.0
4,1,27,1.2419,2.75
4,1,27,1.2439,2.75
4,1,32,1.7744,1.5
4,1,32,1.7756,1.5
4,1,83,2.0674,3.25
4,1,83,2.0658,3.25
4,1,5,1.6184,1.0
4,1,5,1.6200,1.0
4,1,34,1.7994,1.5
4,1,34,1.8003,1.5
4,1,93,2.7321,3.0
4,1,93,2.7387,3.0
4,1,7,1.4523,1.75
4,1,7,1.4515,1.75
4,1,95,2.2985,3.5
4,1,95,2.2934,3.5
4,1,100,2.2353,0.75
4,1,100,2.2364,0.75
4,1,46,3.3400,3.75
4,1,46,3.3411,3.75
4,1,89,1.7670,1.75
4,1,89,1.7667,1.75
4,1,102,1.6319,1.5
4,1,102,1.6176,1.5
4,1,3,2.2123,3.5
4,1,3,2.2119,3.5
4,1,40,2.7530,4.0
4,1,40,2.7503,4.0
4,1,91,2.4917,2.25
4,1,91,2.4911,2.25
4,1,96,2.6759,2.75
4,1,96,2.6781,2.75
4,1,13,1.8673,1.5
4,1,13,1.8663,1.5
4,1,42,2.6173,1.75
4,1,42,2.6157,1.75
4,1,69,4.0172,5.5
4,1,69,4.0329,5.5
4,1,98,2.6268,3.25
4,1,98,2.6238,3.25
4,1,15,1.4294,0.75
4,1,15,1.4283,0.75
4,1,71,4.0924,2.125
4,1,71,4.0914,2.125
4,1,108,3.1689,3.25
4,1,108,3.1697,3.25
4,1,9,1.5721,1.0
4,1,9,1.5688,1.0
4,1,65,3.3234,4.75
4,1,65,3.3244,4.75
4,1,110,2.3828,4.0
4,1,110,2.3833,4.0
4,1,11,2.4729,1.0
4,1,11,2.4773,1.0
4,1,67,3.2834,1.75
4,1,67,3.2860,1.75
4,1,104,2.4888,1.25
4,1,104,2.4901,1.25
4,1,53,3.9785,2.5
4,1,53,3.9785,2.5
4,1,77,3.0115,2.625
4,1,77,3.0108,2.625
4,1,106,1.9309,2.125
4,1,106,1.9302,2.125
4,1,55,3.3184,2.5
4,1,55,3.3191,2.5
4,1,79,3.4447,6.75
4,1,79,3.4437,6.75
4,1,49,3.8632,4.25
4,1,49,3.8642,4.25
4,1,73,3.8587,4.25
4,1,73,3.8590,4.25
4,1,22,1.7419,1.25
4,1,22,1.7418,1.25
4,1,51,3.7572,2.75
4,1,51,3.7568,2.75
4,1,75,3.2832,4.75
4,1,75,3.2814,4.75
4,1,16,1.6606,1.0
4,1,16,1.6650,1.0
4,1,117,1.9638,1.25
4,1,117,1.9647,1.25
4,1,63,1.9237,1.0
4,1,63,1.9239,1.0
4,1,28,2.5346,2.625
4,1,28,2.5324,2.625
4,1,57,3.7311,2.75
4,1,57,3.7320,2.75
4,1,84,2.2920,2.5
4,1,84,2.2957,2.5
4,1,113,2.7961,3.25
4,1,113,2.7985,3.25
4,1,30,2.2394,1.125
4,1,30,2.2396,1.125
4,1,59,4.0709,1.875
4,1,59,4.0707,1.875
4,1,86,1.8108,1.66667
4,1,86,1.8113,1.66667
4,1,115,2.2282,3.5
4,1,115,2.2288,3.5
4,1,24,2.0041,2.0
4,1,24,2.0031,2.0
4,1,37,2.8937,2.25
4,1,37,2.8930,2.25
4,1,80,2.8844,3.5
4,1,80,2.8836,3.5
4,1,26,3.0397,4.375
4,1,26,3.0436,4.375
4,1,39,3.0631,2.5
4,1,39,3.0632,2.5
4,1,82,1.6866,6.5
4,1,82,1.6856,6.5
4,1,4,1.4328,1.5
4,1,4,1.4371,1.5
4,1,33,1.6266,1.5
4,1,33,1.6269,1.5
4,1,92,2.1059,2.0
4,1,92,2.1082,2.0
4,1,6,1.5122,1.5
4,1,6,1.5139,1.5
4,1,35,1.7888,1.75
4,1,35,1.7888,1.75
4,1,94,1.5850,1.5
4,1,94,1.5838,1.5
4,1,45,3.3361,2.125
4,1,45,3.3427,2.125
4,1,88,1.9587,1.5
4,1,88,1.9615,1.5
4,1,101,1.7901,3.875
4,1,101,1.7897,3.875
4,1,47,2.9292,2.125
4,1,47,2.9298,2.125
4,1,90,2.8737,1.375
4,1,90,2.8811,1.375
4,1,103,2.7002,1.0
4,1,103,2.7020,1.0
4,1,12,1.8069,2.5
4,1,12,1.8067,2.5
4,1,41,3.8265,2.5
4,1,41,3.8267,2.5
4,1,68,3.3789,5.5
4,1,68,3.3794,5.5
4,1,97,2.0776,1.625
4,1,97,2.0821,1.625
4,1,70,3.3619,5.25
4,1,70,3.3607,5.25
4,1,99,3.0581,2.375
4,1,99,3.0587,2.375
4,1,8,1.9004,0.75
4,1,8,1.9028,0.75
4,1,64,3.0638,3.5
4,1,64,3.0646,3.5
4,1,109,2.2292,2.75
4,1,109,2.2309,2.75
4,1,10,2.4621,3.0
4,1,10,2.4633,3.0
4,1,66,1.7198,1.0
4,1,66,1.7122,1.0
4,1,111,2.0562,3.5
4,1,111,2.0571,3.5
4,1,52,3.4765,3.25
4,1,52,3.4745,3.25
4,1,105,2.8070,3.625
4,1,105,2.8091,3.625
4,1,54,3.6722,3.375
4,1,54,3.6718,3.375
4,1,78,2.3824,3.25
4,1,78,2.3824,3.25
4,1,48,4.3850,1.5
4,1,48,4.3853,1.5
4,1,72,2.1654,2.375
4,1,72,2.1664,2.375
4,1,50,3.2141,2.0
4,1,50,3.2145,2.0
4,1,74,2.8867,3.5
4,1,74,2.8873,3.5
4,1,23,1.7673,1.0
4,1,23,1.7662,1.0
4,1,116,3.3708,1.75
4,1,116,3.3688,1.75
4,1,118,4.4265,4.5
4,1,118,4.4282,4.5
4,1,56,3.6430,2.0
4,1,56,3.6436,2.0
4,1,112,2.2551,1.0
4,1,112,2.2546,1.0
7,1,40,5.3622,5.5
7,1,40,4.8964,5.5
7,1,3,4.7897,4.75
7,1,3,4.6207,4.75
7,1,102,4.7823,4.25
7,1,102,4.2770,4.25
7,1,46,5.2722,4.0
7,1,46,5.0062,4.0
7,1,1,4.7037,3.5
7,1,1,4.3732,3.5
7,1,44,4.9362,6.25
7,1,44,4.6812,6.25
7,1,7,4.7289,2.25
7,1,7,4.4740,2.25
7,1,90,4.7044,4.0
7,1,90,4.8092,4.0
7,1,34,5.1002,5.5
7,1,34,4.9556,5.5
7,1,5,4.9312,4.75
7,1,5,4.5822,4.75
7,1,88,5.0704,6.5
7,1,88,4.7922,6.5
7,1,32,4.9318,3.75
7,1,32,4.6967,3.75
7,1,94,5.3013,3.0
7,1,94,4.8342,3.0
7,1,38,4.8443,3.5
7,1,38,4.3342,3.5
7,1,92,4.8041,5.75
7,1,92,4.6196,5.75
7,1,36,4.9105,4.25
7,1,36,4.4457,4.25
7,1,82,4.7670,5.25
7,1,82,4.7101,5.25
7,1,26,5.3491,3.0
7,1,26,4.9667,3.0
7,1,80,4.7544,2.0
7,1,80,4.7131,2.0
7,1,24,5.0395,5.0
7,1,24,5.1323,5.0
7,1,86,5.0226,3.25
7,1,86,4.9811,3.25
7,1,59,4.6786,5.25
7,1,59,4.4067,5.25
7,1,30,4.8569,3.0
7,1,30,4.5795,3.0
7,1,84,4.9497,4.75
7,1,84,4.2957,4.75
7,1,57,5.2000,4.25
7,1,57,4.7416,4.25
7,1,28,4.7534,5.25
7,1,28,4.9175,5.25
7,1,74,4.4802,4.25
7,1,74,4.8300,4.25
7,1,63,4.8200,5.5
7,1,63,4.6252,5.5
7,1,18,5.0529,6.0
7,1,18,4.8575,6.0
7,1,72,5.1881,2.0
7,1,72,4.4526,2.0
7,1,61,4.7003,5.0
7,1,61,4.6370,5.0
7,1,107,4.6816,4.0
7,1,107,4.3561,4.0
7,1,78,4.2342,4.0
7,1,78,3.6799,4.0
7,1,51,5.1412,3.5
7,1,51,4.8552,3.5
7,1,22,4.8690,3.75
7,1,22,4.7676,3.75
7,1,105,4.8819,4.75
7,1,105,4.7842,4.75
7,1,76,5.2578,2.75
7,1,76,4.9252,2.75
7,1,49,4.7510,4.5
7,1,49,5.0365,4.5
7,1,20,4.6442,5.25
7,1,20,4.9687,5.25
7,1,66,4.4433,4.25
7,1,66,4.1804,4.25
7,1,55,4.4591,2.5
7,1,55,4.2933,2.5
7,1,10,4.4552,2.75
7,1,10,4.8561,2.75
7,1,109,4.6624,6.25
7,1,109,4.0953,6.25
7,1,64,4.5176,5.0
7,1,64,4.3124,5.0
7,1,53,5.0362,5.5
7,1,53,4.6581,5.5
7,1,8,5.0771,4.5
7,1,8,4.8195,4.5
7,1,70,4.8737,5.5
7,1,70,4.4934,5.5
7,1,43,5.2545,3.5
7,1,43,4.7967,3.5
7,1,14,3.9398,1.75
7,1,14,3.9750,1.75
7,1,97,4.5393,5.5
7,1,97,3.8746,5.5
7,1,68,4.1625,4.25
7,1,68,3.5600,4.25
7,1,41,4.8626,4.75
7,1,41,4.7482,4.75
7,1,12,4.1580,5.0
7,1,12,4.0633,5.0
7,1,103,4.4097,3.25
7,1,103,4.7525,3.25
7,1,47,5.0920,4.5
7,1,47,5.1119,4.5
7,1,2,5.0046,5.5
7,1,2,4.5396,5.5
7,1,101,4.6175,4.0
7,1,101,4.5362,4.0
7,1,45,4.9915,4.5
7,1,45,4.9915,4.5
7,1,35,4.8394,6.0
7,1,35,4.8937,6.0
7,1,89,4.9763,5.25
7,1,89,4.8243,5.25
7,1,33,4.9298,4.75
7,1,33,4.8379,4.75
7,1,4,4.9218,3.25
7,1,4,4.8129,3.25
7,1,95,4.9247,4.75
7,1,95,4.4968,4.75
7,1,39,4.7384,5.5
7,1,39,4.7560,5.5
7,1,93,4.8403,4.25
7,1,93,4.5735,4.25
7,1,37,4.7625,4.25
7,1,37,4.3648,4.25
7,1,83,5.0497,4.75
7,1,83,4.8568,4.75
7,1,27,4.9612,4.25
7,1,27,4.7565,4.25
7,1,81,5.0529,4.0
7,1,81,4.8550,4.0
7,1,25,4.7651,4.5
7,1,25,4.5577,4.5
7,1,31,4.7361,4.5
7,1,31,4.4356,4.5
7,1,58,4.9560,6.0
7,1,58,4.4207,6.0
7,1,29,4.9490,4.25
7,1,29,4.7867,4.25
7,1,75,5.1689,4.75
7,1,75,4.7273,4.75
7,1,19,4.8343,4.75
7,1,19,4.6022,4.75
7,1,73,5.0650,1.0
7,1,73,4.6301,1.0
7,1,62,4.7925,4.5
7,1,62,4.4982,4.5
7,1,79,4.8185,3.0
7,1,79,4.3650,3.0
7,1,60,4.6947,3.25
7,1,60,4.4780,3.25
7,1,23,4.8680,4.0
7,1,23,4.7522,4.0
7,1,106,4.9973,4.75
7,1,106,4.6287,4.75
7,1,50,5.2558,5.0
7,1,50,4.9634,5.0
7,1,104,4.9836,4.75
7,1,104,4.5489,4.75
7,1,67,4.0373,4.75
7,1,67,4.1662,4.75
7,1,48,5.0824,1.5
7,1,48,4.9776,1.5
7,1,11,2.4974,1.75
7,1,11,3.1215,1.75
7,1,65,3.6699,5.25
7,1,65,3.5347,5.25
7,1,54,4.9439,5.5
7,1,54,4.9040,5.5
7,1,9,4.7080,2.0
7,1,9,4.5146,2.0
7,1,108,4.5808,2.75
7,1,108,4.3800,2.75
7,1,71,4.7361,4.75
7,1,71,4.4307,4.75
7,1,52,5.1244,0.75
7,1,52,5.0694,0.75
7,1,98,4.8636,3.25
7,1,98,4.7118,3.25
7,1,69,4.6442,5.5
7,1,69,4.6289,5.5
7,1,42,5.2975,3.0
7,1,42,5.1349,3.0
7,1,13,4.2086,3.0
7,1,13,4.1283,3.0
7,1,96,4.8322,5.5
7,1,96,4.7228,5.5
7,2,77,4.0162,4.25
7,2,77,3.6983,4.25
7,2,102,4.2735,5.25
7,2,102,3.6276,5.25
7,2,3,3.9308,5.75
7,2,3,3.8288,5.75
7,2,75,3.5384,3.5
7,2,75,3.6868,3.5
7,2,100,3.0010,1.75
7,2,100,2.9528,1.75
7,2,1,3.1203,4.25
7,2,1,3.4743,4.25
7,2,73,3.2794,3.25
7,2,73,3.5475,3.25
7,2,98,4.0456,3.75
7,2,98,4.1284,3.75
7,2,63,3.3561,5.25
7,2,63,3.8247,5.25
7,2,71,3.7081,4.0
7,2,71,3.7337,4.0
7,2,96,4.3818,3.5
7,2,96,3.9182,3.5
7,2,61,2.0754,5.5
7,2,61,3.1305,5.5
7,2,69,4.2390,4.25
7,2,69,3.8141,4.25
7,2,30,3.8201,3.0
7,2,30,3.8862,3.0
7,2,28,3.9103,5.75
7,2,28,3.8331,5.75
7,2,57,2.5945,1.5
7,2,57,3.6379,1.5
7,2,65,4.3408,5.0
7,2,65,3.6363,5.0
7,2,26,3.3224,4.25
7,2,26,3.8741,4.25
7,2,55,3.0764,4.0
7,2,55,2.9981,4.0
7,2,24,4.1953,3.75
7,2,24,3.7822,3.75
7,2,53,3.4506,5.0
7,2,53,3.8265,5.0
7,2,22,4.4755,3.0
7,2,22,3.8666,3.0
7,2,51,3.2233,4.75
7,2,51,3.9598,4.75
7,2,94,3.4965,3.25
7,2,94,3.9764,3.25
7,2,20,4.5783,5.5
7,2,20,4.3655,5.5
7,2,49,3.7415,4.0
7,2,49,4.2248,4.0
7,2,92,3.6638,4.66667
7,2,92,3.7872,4.66667
7,2,18,3.4249,3.5
7,2,18,3.7783,3.5
7,2,47,4.6968,4.0
7,2,47,4.3787,4.0
7,2,90,4.0316,4.0
7,2,90,4.3944,4.0
7,2,16,4.0498,5.0
7,2,16,3.9538,5.0
7,2,45,3.3120,2.5
7,2,45,3.6706,2.5
7,2,88,3.3299,5.0
7,2,88,4.2926,5.0
7,2,14,4.6842,5.5
7,2,14,4.2706,5.5
7,2,43,4.4184,2.75
7,2,43,4.1113,2.75
7,2,86,3.9246,2.5
7,2,86,4.4027,2.5
7,2,12,3.7540,4.25
7,2,12,3.5309,4.25
7,2,84,3.7924,3.75
7,2,84,4.0114,3.75
7,2,10,3.3506,4.0
7,2,10,3.7222,4.0
7,2,39,3.9445,4.0
7,2,39,3.7548,4.0
7,2,82,3.8062,3.25
7,2,82,4.0626,3.25
7,2,8,2.7841,4.0
7,2,8,3.4243,4.0
7,2,37,3.9731,3.5
7,2,37,3.7947,3.5
7,2,80,3.2114,4.0
7,2,80,3.8629,4.0
7,2,109,3.5116,5.25
7,2,109,3.5994,5.25
7,2,6,4.4065,4.0
7,2,6,4.3698,4.0
7,2,35,2.9678,3.5
7,2,35,3.4205,3.5
7,2,78,3.2950,5.0
7,2,78,3.5132,5.0
7,2,107,4.2523,4.5
7,2,107,4.4820,4.5
7,2,4,4.0094,3.0
7,2,4,3.6398,3.0
7,2,33,3.9295,1.5
7,2,33,3.7001,1.5
7,2,76,2.7818,4.5
7,2,76,4.0532,4.5
7,2,105,4.4361,3.0
7,2,105,4.3605,3.0
7,2,2,3.5550,2.75
7,2,2,3.2606,2.75
7,2,74,2.9957,2.5
7,2,74,4.0417,2.5
7,2,103,3.4502,4.25
7,2,103,3.7875,4.25
7,2,72,4.4995,4.25
7,2,72,4.1534,4.25
7,2,70,3.7324,3.25
7,2,70,3.8273,3.25
7,2,99,4.0260,4.25
7,2,99,4.0277,4.25
7,2,60,2.6863,4.0
7,2,60,3.6491,4.0
7,2,68,3.6544,6.5
7,2,68,3.5487,6.5
7,2,97,3.0492,3.0
7,2,97,3.8820,3.0
7,2,58,2.7647,4.0
7,2,58,2.9425,4.0
7,2,66,4.1775,5.5
7,2,66,3.2166,5.5
7,2,31,3.7045,3.75
7,2,31,3.8873,3.75
7,2,56,3.5648,4.75
7,2,56,3.8830,4.75
7,2,64,2.4864,3.25
7,2,64,2.9461,3.25
7,2,29,3.9742,1.75
7,2,29,3.8890,1.75
7,2,27,4.5708,4.25
7,2,27,4.4978,4.25
7,2,52,4.1614,3.25
7,2,52,3.9238,3.25
7,2,25,4.2223,4.75
7,2,25,4.2760,4.75
7,2,50,4.3261,4.25
7,2,50,3.9164,4.25
7,2,23,3.8280,1.75
7,2,23,3.8204,1.75
7,2,48,4.5051,3.75
7,2,48,4.0764,3.75
7,2,95,3.0518,2.5
7,2,95,3.7893,2.5
7,2,21,3.7919,1.5
7,2,21,3.5946,1.5
7,2,46,2.1495,4.75
7,2,46,3.3634,4.75
7,2,93,3.1434,4.75
7,2,93,3.8108,4.75
7,2,19,3.7874,4.5
7,2,19,3.7323,4.5
7,2,44,3.5384,4.5
7,2,44,3.6934,4.5
7,2,91,3.4602,3.75
7,2,91,4.0163,3.75
7,2,17,4.3262,6.0
7,2,17,3.8206,6.0
7,2,42,4.5540,3.0
7,2,42,4.4173,3.0
7,2,89,3.3805,3.0
7,2,89,3.8232,3.0
7,2,40,4.3046,5.25
7,2,40,4.4492,5.25
7,2,87,3.0629,4.5
7,2,87,4.0075,4.5
7,2,13,3.6413,4.75
7,2,13,3.1411,4.75
7,2,38,4.3124,5.25
7,2,38,4.2087,5.25
7,2,85,3.6370,2.5
7,2,85,4.3186,2.5
7,2,110,3.0217,4.75
7,2,110,2.8327,4.75
7,2,11,2.7094,2.75
7,2,11,3.3717,2.75
7,2,36,4.0258,2.5
7,2,36,3.8087,2.5
7,2,83,3.7685,5.0
7,2,83,4.5377,5.0
7,2,108,2.9424,5.5
7,2,108,3.6230,5.5
7,2,9,3.9966,4.0
7,2,9,3.9330,4.0
7,2,34,3.6458,4.25
7,2,34,3.6472,4.25
7,2,106,3.4892,6.25
7,2,106,4.0717,6.25
7,2,7,4.2845,5.0
7,2,7,4.1210,5.0
7,2,32,3.9018,4.5
7,2,32,4.0759,4.5
7,2,104,2.6680,3.5
7,2,104,3.8519,3.5
7,2,5,3.9041,3.25
7,2,5,3.7866,3.25
8,1,34,2.9032,2.5
8,1,34,2.0222,2.5
8,1,7,2.2760,1.0
8,1,7,3.2056,1.0
8,1,94,1.9539,1.75
8,1,94,0.9872,1.75
8,1,21,3.1547,1.75
8,1,21,2.6825,1.75
8,1,35,3.0689,3.0
8,1,35,1.5907,3.0
8,1,49,2.7519,2.25
8,1,49,1.6077,2.25
8,1,8,2.4101,1.0
8,1,8,2.4774,1.0
8,1,95,2.9752,2.25
8,1,95,2.2488,2.25
8,1,22,3.7273,3.5
8,1,22,3.1778,3.5
8,1,36,3.2000,3.75
8,1,36,2.4950,3.75
8,1,50,2.4601,1.0
8,1,50,2.7922,1.0
8,1,9,2.9169,2.0
8,1,9,2.2349,2.0
8,1,64,2.9520,1.25
8,1,64,2.0058,1.25
8,1,23,4.0848,3.25
8,1,23,1.7249,3.25
8,1,37,2.8277,1.75
8,1,37,2.1849,1.75
8,1,51,0.9071,1.0
8,1,51,1.9926,1.0
8,1,10,2.4292,1.75
8,1,10,3.1111,1.75
8,1,65,2.0931,2.0
8,1,65,2.3343,2.0
8,1,24,2.7221,3.75
8,1,24,1.4364,3.75
8,1,38,2.9474,2.25
8,1,38,1.6878,2.25
8,1,52,2.4079,1.25
8,1,52,2.2345,1.25
8,1,11,1.8628,2.0
8,1,11,2.4455,2.0
8,1,66,2.5473,2.25
8,1,66,2.6619,2.25
8,1,25,1.9937,2.5
8,1,25,0.7249,2.5
8,1,80,2.1875,1.75
8,1,80,1.0035,1.75
8,1,39,3.1967,3.0
8,1,39,1.2959,3.0
8,1,53,2.2351,2.25
8,1,53,0.6254,2.25
8,1,12,1.7991,1.0
8,1,12,2.8754,1.0
8,1,67,1.7407,2.25
8,1,67,2.6418,2.25
8,1,26,2.6340,2.75
8,1,26,1.7950,2.75
8,1,81,2.3483,2.25
8,1,81,1.7925,2.25
8,1,40,2.6957,1.75
8,1,40,1.4633,1.75
8,1,54,2.8021,3.0
8,1,54,2.1562,3.0
8,1,68,2.2611,1.5
8,1,68,2.7919,1.5
8,1,27,1.8831,2.0
8,1,27,1.4824,2.0
8,1,82,2.0903,1.75
8,1,82,1.3014,1.75
8,1,41,2.6662,1.5
8,1,41,0.8264,1.5
8,1,96,2.7143,2.5
8,1,96,0.7519,2.5
8,1,69,2.6455,2.5
8,1,69,1.9775,2.5
8,1,28,1.1547,1.0
8,1,28,2.4704,1.0
8,1,42,2.4184,3.5
8,1,42,0.6309,3.5
8,1,97,3.2704,2.25
8,1,97,3.5978,2.25
8,1,29,3.3838,3.25
8,1,29,1.8980,3.25
8,1,43,2.5182,1.75
8,1,43,2.4140,1.75
8,1,98,2.3760,0.75
8,1,98,3.1075,0.75
8,1,30,3.3969,2.5
8,1,30,1.7802,2.5
8,1,85,2.6695,2.0
8,1,85,1.2554,2.0
8,1,44,2.6083,3.25
8,1,44,1.1634,3.25
8,1,58,1.3750,1.0
8,1,58,1.9510,1.0
8,1,31,3.2131,1.25
8,1,31,0.9768,1.25
8,1,86,2.8686,1.25
8,1,86,2.9066,1.25
8,1,59,2.4378,1.5
8,1,59,2.9381,1.5
8,1,73,2.2574,2.75
8,1,73,1.1464,2.75
8,1,87,2.3546,1.0
8,1,87,2.3478,1.0
8,1,60,1.8076,2.5
8,1,60,0.8989,2.5
8,1,74,2.5457,2.5
8,1,74,1.3236,2.5
8,1,88,2.3168,2.25
8,1,88,2.8018,2.25
8,1,61,2.6929,2.75
8,1,61,2.1912,2.75
8,1,75,3.1022,3.0
8,1,75,3.7121,3.0
8,1,2,3.6637,2.75
8,1,2,4.2482,2.75
8,1,89,2.8113,3.5
8,1,89,2.1418,3.5
8,1,16,3.7305,2.75
8,1,16,2.2809,2.75
8,1,62,0.8572,1.5
8,1,62,1.1850,1.5
8,1,76,2.5404,1.0
8,1,76,2.3135,1.0
8,1,3,2.9602,2.5
8,1,3,1.9547,2.5
8,1,17,3.5649,3.25
8,1,17,2.7438,3.25
8,1,63,2.5385,1.0
8,1,63,2.8776,1.0
8,1,77,2.6681,3.25
8,1,77,2.1086,3.25
8,1,4,2.4610,1.75
8,1,4,1.0532,1.75
8,1,91,2.3207,2.75
8,1,91,1.2668,2.75
8,1,18,3.0199,3.75
8,1,18,1.9462,3.75
8,1,32,2.9080,2.75
8,1,32,1.6948,2.75
8,1,78,1.7809,2.75
8,1,78,3.0983,2.75
8,1,5,2.2771,2.0
8,1,5,2.1783,2.0
8,1,92,1.9504,1.5
8,1,92,1.8870,1.5
8,1,19,3.1948,2.25
8,1,19,2.7421,2.25
8,1,33,3.0119,1.75
8,1,33,1.6135,1.75
8,1,79,2.3230,2.0
8,1,79,1.8027,2.0
8,1,6,2.3080,1.5
8,1,6,2.7099,1.5
8,1,93,2.2475,1.75
8,1,93,2.7346,1.75
8,1,20,2.7779,2.5
8,1,20,2.2867,2.5
8,2,17,2.8205,3.5
8,2,17,2.8205,3.5
8,2,91,-0.2403,2.25
8,2,91,-0.2413,2.25
8,2,19,1.4859,2.0
8,2,19,1.4850,2.0
8,2,93,0.4667,4.25
8,2,93,0.4734,4.25
8,2,96,-0.1939,2.0
8,2,96,-0.1997,2.0
8,2,21,2.4553,2.25
8,2,21,2.4598,2.25
8,2,56,1.0776,2.0
8,2,56,1.0647,2.0
8,2,95,1.0123,2.0
8,2,95,1.0290,2.0
8,2,98,0.3415,3.0
8,2,98,0.3425,3.0
8,2,23,1.8702,2.5
8,2,23,1.8605,2.5
8,2,58,3.0123,3.0
8,2,58,3.0135,3.0
8,2,100,1.6072,3.25
8,2,100,1.6048,3.25
8,2,25,1.2502,2.75
8,2,25,1.2404,2.75
8,2,60,1.4415,3.5
8,2,60,1.4445,3.5
8,2,67,1.0886,1.625
8,2,67,1.0927,1.625
8,2,27,-0.6618,4.0
8,2,27,-0.6626,4.0
8,2,62,2.4016,1.75
8,2,62,2.3972,1.75
8,2,69,0.6741,3.5
8,2,69,0.6721,3.5
8,2,29,4.3112,4.75
8,2,29,4.2067,4.75
8,2,32,2.1312,4.0
8,2,32,2.0309,4.0
8,2,71,0.9424,2.0
8,2,71,0.9474,2.0
8,2,31,2.0442,2.75
8,2,31,2.0431,2.75
8,2,34,3.1920,3.5
8,2,34,3.1725,3.5
8,2,73,0.9850,3.5
8,2,73,0.9848,3.5
8,2,36,1.9245,3.75
8,2,36,1.8120,3.75
8,2,75,0.5258,4.0
8,2,75,0.5246,4.0
8,2,38,3.0247,3.75
8,2,38,3.0216,3.75
8,2,77,1.3470,4.75
8,2,77,1.3466,4.75
8,2,5,0.7634,3.75
8,2,5,0.7680,3.75
8,2,40,2.0113,2.0
8,2,40,2.0057,2.0
8,2,79,2.5890,4.0
8,2,79,2.5871,4.0
8,2,7,0.4167,1.5
8,2,7,0.4396,1.5
8,2,42,1.1244,3.5
8,2,42,1.1229,3.5
8,2,9,0.8714,2.0
8,2,9,0.8650,2.0
8,2,44,1.0268,3.25
8,2,44,1.0068,3.25
8,2,11,0.2602,3.0
8,2,11,0.2651,3.0
8,2,46,1.6825,3.25
8,2,46,1.6838,3.25
8,2,80,3.5842,3.25
8,2,80,3.5852,3.25
8,2,15,1.9904,2.25
8,2,15,1.9880,2.25
8,2,49,1.2992,4.0
8,2,49,1.2928,4.0
8,2,84,2.0635,3.5
8,2,84,2.0590,3.5
8,2,86,-0.3833,3.25
8,2,86,-0.3839,3.25
8,2,88,2.1039,3.75
8,2,88,2.1044,3.75
8,2,16,2.7070,4.0
8,2,16,2.7051,4.0
8,2,55,2.4239,3.75
8,2,55,2.4249,3.75
8,2,90,0.4808,1.5
8,2,90,0.4797,1.5
8,2,97,2.6431,4.25
8,2,97,2.6449,4.25
8,2,18,2.1851,3.5
8,2,18,2.1872,3.5
8,2,57,1.4708,4.75
8,2,57,1.4756,4.75
8,2,92,-0.0903,2.0
8,2,92,-0.0971,2.0
8,2,99,1.5029,4.0
8,2,99,1.4954,4.0
8,2,20,3.5019,3.75
8,2,20,3.4994,3.75
8,2,59,1.9463,4.5
8,2,59,1.9423,4.5
8,2,94,0.6816,3.0
8,2,94,0.6831,3.0
8,2,101,1.6029,2.75
8,2,101,1.6060,2.75
8,2,22,3.2457,2.25
8,2,22,3.2479,2.25
8,2,61,2.9579,4.0
8,2,61,2.9736,4.0
8,2,64,3.4805,4.75
8,2,64,3.4799,4.75
8,2,24,-0.1570,3.0
8,2,24,-0.1586,3.0
8,2,63,3.0105,5.25
8,2,63,3.0145,5.25
8,2,26,0.2775,4.0
8,2,26,0.2813,4.0
8,2,33,1.0990,2.25
8,2,33,1.0995,2.25
8,2,68,-0.4595,2.75
8,2,68,-0.4654,2.75
8,2,28,0.5250,2.5
8,2,28,0.5244,2.5
8,2,35,2.9654,3.5
8,2,35,2.9693,3.5
8,2,70,2.5290,4.0
8,2,70,2.5294,4.0
8,2,30,3.0812,4.25
8,2,30,3.0841,4.25
8,2,37,0.8674,2.25
8,2,37,0.8345,2.25
8,2,72,0.9198,3.5
8,2,72,0.9215,3.5
8,2,39,2.6826,2.0
8,2,39,2.6825,2.0
8,2,74,-0.1210,3.75
8,2,74,-0.1171,3.75
8,2,41,2.6355,4.0
8,2,41,2.6352,4.0
8,2,76,3.8129,3.25
8,2,76,3.8123,3.25
8,2,4,-0.1367,3.25
8,2,4,-0.1494,3.25
8,2,43,0.8496,2.75
8,2,43,0.8517,2.75
8,2,78,1.8811,3.25
8,2,78,1.8815,3.25
8,2,6,-0.0016,1.75
8,2,6,0.0007,1.75
8,2,45,3.1082,2.25
8,2,45,3.1042,2.25
8,2,8,2.8879,4.25
8,2,8,2.8882,4.25
8,2,47,0.0766,2.75
8,2,47,0.0941,2.75
8,2,10,0.9197,1.75
8,2,10,0.9125,1.75
8,2,83,-0.0903,2.75
8,2,83,-0.0885,2.75
8,2,85,0.3639,4.5
8,2,85,0.3600,4.5
8,2,48,1.5791,4.0
8,2,48,1.5789,4.0
8,2,87,2.1320,2.0
8,2,87,2.1315,2.0
8,2,50,2.6059,3.0
8,2,50,2.6091,3.0
8,2,89,2.4062,2.25
8,2,89,2.4051,2.25
9,1,81,2.3684,2.25
9,1,81,2.5171,2.25
9,1,27,2.9775,3.75
9,1,27,3.7127,3.75
9,1,83,3.1509,4.25
9,1,83,3.4859,4.25
9,1,29,3.2272,2.5
9,1,29,2.3683,2.5
9,1,32,3.5273,2.75
9,1,32,2.8741,2.75
9,1,85,4.2270,4.75
9,1,85,4.0516,4.75
9,1,31,3.2327,3.5
9,1,31,3.6940,3.5
9,1,34,2.8722,3.25
9,1,34,2.1760,3.25
9,1,87,2.7250,3.25
9,1,87,3.5211,3.25
9,1,36,2.9701,3.5
9,1,36,2.9439,3.5
9,1,89,3.2534,2.75
9,1,89,3.2977,2.75
9,1,3,3.9639,4.75
9,1,3,3.5328,4.75
9,1,38,3.5524,3.5
9,1,38,3.2586,3.5
9,1,91,3.2458,3.75
9,1,91,3.0706,3.75
9,1,5,3.4440,5.75
9,1,5,3.5257,5.75
9,1,40,2.2517,2.25
9,1,40,1.9722,2.25
9,1,93,4.0273,3.25
9,1,93,3.8287,3.25
9,1,96,1.9727,4.25
9,1,96,3.5699,4.25
9,1,7,4.0907,4.25
9,1,7,3.5849,4.25
9,1,42,3.9682,4.0
9,1,42,2.6577,4.0
9,1,95,2.1182,4.25
9,1,95,3.5591,4.25
9,1,98,3.3735,2.25
9,1,98,3.8936,2.25
9,1,65,3.0494,2.0
9,1,65,3.0710,2.0
9,1,100,2.9214,4.25
9,1,100,3.5683,4.25
9,1,67,3.3248,4.25
9,1,67,2.9633,4.25
9,1,102,2.6612,3.75
9,1,102,2.9513,3.75
9,1,69,2.9772,5.5
9,1,69,3.5219,5.5
9,1,104,3.1860,3.0
9,1,104,3.6754,3.0
9,1,106,3.3815,4.0
9,1,106,3.5687,4.0
9,1,73,2.9046,3.25
9,1,73,3.4748,3.25
9,1,51,3.4716,3.5
9,1,51,2.7864,3.5
9,1,75,3.2073,2.5
9,1,75,3.7771,2.5
9,1,110,2.9907,4.25
9,1,110,3.2659,4.25
9,1,53,3.4309,3.0
9,1,53,2.6911,3.0
9,1,77,3.1742,3.25
9,1,77,3.4209,3.25
9,1,16,3.5100,1.5
9,1,16,2.5857,1.5
9,1,55,3.4315,3.5
9,1,55,2.4438,3.5
9,1,79,2.9320,4.0
9,1,79,3.4602,4.0
9,1,18,3.9805,3.5
9,1,18,2.9859,3.5
9,1,20,3.3493,4.0
9,1,20,3.2312,4.0
9,1,59,2.7792,2.75
9,1,59,3.0193,2.75
9,1,22,2.9611,3.0
9,1,22,2.7646,3.0
9,1,61,3.2919,3.5
9,1,61,3.5066,3.5
9,1,24,3.9517,3.5
9,1,24,3.4530,3.5
9,1,63,2.5903,3.25
9,1,63,2.6025,3.25
9,1,80,2.7921,3.25
9,1,80,3.3304,3.25
9,1,26,3.4650,4.5
9,1,26,2.8830,4.5
9,1,33,3.0985,3.75
9,1,33,3.2380,3.75
9,1,82,2.8783,4.0
9,1,82,3.5700,4.0
9,1,28,3.1308,2.75
9,1,28,3.4138,2.75
9,1,35,3.8010,3.5
9,1,35,3.0933,3.5
9,1,84,3.6817,3.0
9,1,84,3.8507,3.0
9,1,30,3.1676,3.0
9,1,30,2.8403,3.0
9,1,37,3.3989,4.5
9,1,37,3.1931,4.5
9,1,86,3.4140,4.0
9,1,86,3.3570,4.0
9,1,39,2.4005,2.75
9,1,39,2.9783,2.75
9,1,88,2.8635,3.25
9,1,88,3.2671,3.25
9,1,2,3.5305,5.25
9,1,2,3.4523,5.25
9,1,41,3.9485,3.0
9,1,41,2.7088,3.0
9,1,90,2.4550,2.75
9,1,90,3.0056,2.75
9,1,97,3.4669,3.5
9,1,97,3.3207,3.5
9,1,4,4.2081,5.0
9,1,4,3.7268,5.0
9,1,92,3.1008,4.0
9,1,92,3.1848,4.0
9,1,99,2.7986,3.0
9,1,99,3.1773,3.0
9,1,6,3.9345,3.5
9,1,6,3.6255,3.5
9,1,94,2.6444,3.0
9,1,94,3.5676,3.0
9,1,101,3.0086,2.25
9,1,101,3.2392,2.25
9,1,8,3.8796,4.5
9,1,8,3.1654,4.5
9,1,64,3.5959,4.25
9,1,64,3.6651,4.25
9,1,103,2.6286,2.25
9,1,103,2.5258,2.25
9,1,66,3.7960,4.75
9,1,66,3.3676,4.75
9,1,105,3.7752,3.75
9,1,105,3.0424,3.75
9,1,12,2.2302,4.75
9,1,12,2.1285,4.75
9,1,68,2.6955,3.5
9,1,68,3.4761,3.5
9,1,107,2.4067,4.25
9,1,107,2.8534,4.25
9,1,72,2.3765,3.75
9,1,72,2.5692,3.75
9,1,111,3.5400,3.0
9,1,111,2.9989,3.0
9,1,50,3.6177,3.5
9,1,50,2.5803,3.5
9,1,74,3.1594,3.0
9,1,74,3.2668,3.0
9,1,17,3.3786,4.25
9,1,17,3.3071,4.25
9,1,52,3.6705,2.75
9,1,52,2.9467,2.75
9,1,76,3.1415,4.0
9,1,76,3.2021,4.0
9,1,19,3.6952,3.25
9,1,19,2.4756,3.25
9,1,54,2.5503,2.75
9,1,54,2.1453,2.75
9,1,78,2.0977,3.5
9,1,78,3.1915,3.5
9,1,21,2.9329,4.5
9,1,21,2.4018,4.5
9,1,56,3.8940,3.75
9,1,56,3.5802,3.75
9,1,23,3.4146,4.5
9,1,23,3.5196,4.5
9,1,25,3.5082,3.5
9,1,25,2.6316,3.5
9,1,60,3.4198,4.0
9,1,60,2.7085,4.0
9,2,98,4.2263,4.5
9,2,98,4.0828,4.5
9,2,71,4.9244,5.25
9,2,71,4.9786,5.25
9,2,100,4.6226,5.75
9,2,100,4.5563,5.75
9,2,46,3.8276,4.75
9,2,46,2.8448,4.75
9,2,102,4.5925,3.75
9,2,102,4.2999,3.75
9,2,75,4.5938,3.75
9,2,75,4.4291,3.75
9,2,16,3.0148,2.75
9,2,16,3.0578,2.75
9,2,104,4.3267,3.25
9,2,104,4.2726,3.25
9,2,77,4.3531,4.25
9,2,77,4.0688,4.25
9,2,18,3.2136,4.25
9,2,18,2.9244,4.25
9,2,106,4.8795,5.25
9,2,106,4.9007,5.25
9,2,79,4.3261,5.25
9,2,79,4.1704,5.25
9,2,20,2.9655,3.0
9,2,20,2.2700,3.0
9,2,108,4.6698,4.25
9,2,108,4.6243,4.25
9,2,49,3.8129,5.25
9,2,49,3.5238,5.25
9,2,22,3.6007,3.0
9,2,22,2.4027,3.0
9,2,110,4.0116,3.25
9,2,110,4.2567,3.25
9,2,51,3.8756,5.0
9,2,51,3.4061,5.0
9,2,24,3.3952,1.75
9,2,24,2.7481,1.75
9,2,80,4.0542,4.75
9,2,80,4.2099,4.75
9,2,53,2.1832,3.75
9,2,53,2.2674,3.75
9,2,26,2.9109,3.25
9,2,26,2.4207,3.25
9,2,82,4.4810,3.0
9,2,82,4.3811,3.0
9,2,55,4.0853,3.25
9,2,55,3.3221,3.25
9,2,28,3.5251,4.75
9,2,28,2.4680,4.75
9,2,84,4.2572,3.75
9,2,84,4.0486,3.75
9,2,30,4.1379,2.75
9,2,30,3.6307,2.75
9,2,113,4.7255,5.75
9,2,113,4.5579,5.75
9,2,86,4.4721,4.0
9,2,86,4.5361,4.0
9,2,88,4.5731,4.5
9,2,88,4.2251,4.5
9,2,2,3.2084,4.0
9,2,2,3.0138,4.0
9,2,90,4.1008,3.25
9,2,90,3.9387,3.25
9,2,63,4.5754,5.0
9,2,63,4.6313,5.0
9,2,4,3.8052,5.25
9,2,4,3.2168,5.25
9,2,92,4.4647,4.25
9,2,92,4.4529,4.25
9,2,33,3.6472,3.0
9,2,33,2.1147,3.0
9,2,6,3.4243,5.75
9,2,6,4.1346,5.75
9,2,94,4.2875,4.0
9,2,94,4.0033,4.0
9,2,35,1.7120,2.5
9,2,35,1.8425,2.5
9,2,8,3.0006,4.5
9,2,8,3.2953,4.5
9,2,64,4.1785,4.5
9,2,64,4.2825,4.5
9,2,37,3.2637,3.75
9,2,37,1.9857,3.75
9,2,10,3.6032,4.75
9,2,10,3.4538,4.75
9,2,66,4.9607,5.5
9,2,66,4.7208,5.5
9,2,39,3.4716,4.0
9,2,39,2.3176,4.0
9,2,12,3.8974,5.5
9,2,12,3.7870,5.5
9,2,68,4.2429,3.25
9,2,68,4.2597,3.25
9,2,41,3.7637,4.5
9,2,41,2.9582,4.5
9,2,97,4.3895,3.75
9,2,97,4.2279,3.75
9,2,70,4.8420,4.75
9,2,70,4.7134,4.75
9,2,99,4.5982,4.5
9,2,99,4.1481,4.5
9,2,45,2.0196,3.0
9,2,45,2.7904,3.0
9,2,101,4.5114,3.75
9,2,101,4.3560,3.75
9,2,74,4.6084,5.25
9,2,74,4.5252,5.25
9,2,47,3.4417,5.0
9,2,47,3.6868,5.0
9,2,103,4.1669,3.0
9,2,103,4.1389,3.0
9,2,76,4.4415,3.25
9,2,76,4.1435,3.25
9,2,17,2.9397,4.0
9,2,17,2.9834,4.0
9,2,105,4.6383,4.5
9,2,105,4.8948,4.5
9,2,78,4.2235,5.5
9,2,78,4.0895,5.5
9,2,19,2.9971,3.25
9,2,19,3.2847,3.25
9,2,107,4.1078,3.75
9,2,107,3.8996,3.75
9,2,48,3.7148,5.0
9,2,48,3.3652,5.0
9,2,21,3.3953,3.75
9,2,21,2.2799,3.75
9,2,109,4.4643,2.25
9,2,109,4.4318,2.25
9,2,50,3.2134,4.0
9,2,50,2.3788,4.0
9,2,23,2.9437,2.75
9,2,23,2.6892,2.75
9,2,111,4.3054,4.0
9,2,111,4.6345,4.0
9,2,52,2.0439,2.75
9,2,52,1.6479,2.75
9,2,25,3.5814,5.75
9,2,25,2.9458,5.75
9,2,81,4.7265,4.75
9,2,81,4.3012,4.75
9,2,54,3.6294,5.5
9,2,54,3.7384,5.5
9,2,27,2.3961,3.25
9,2,27,1.8771,3.25
9,2,83,4.8639,4.0
9,2,83,4.5735,4.0
9,2,56,3.2846,5.0
9,2,56,3.4308,5.0
9,2,29,3.2466,3.0
9,2,29,2.9857,3.0
9,2,112,4.3376,4.5
9,2,112,4.5196,4.5
9,2,85,4.4108,4.75
9,2,85,4.1732,4.75
9,2,31,3.0639,2.75
9,2,31,2.0401,2.75
9,2,87,4.4459,3.25
9,2,87,4.2502,3.25
9,2,89,4.3781,2.75
9,2,89,4.3042,2.75
9,2,62,4.4688,4.0
9,2,62,4.2758,4.0
9,2,3,3.9928,4.5
9,2,3,3.3098,4.5
9,2,91,3.9908,4.25
9,2,91,3.5425,4.25
9,2,32,3.1686,2.25
9,2,32,2.1178,2.25
9,2,5,3.5697,5.5
9,2,5,3.1663,5.5
9,2,93,4.2766,4.5
9,2,93,4.0082,4.5
9,2,34,3.7940,2.5
9,2,34,3.2256,2.5
9,2,7,2.5660,5.25
9,2,7,1.9187,5.25
9,2,95,4.5068,5.0
9,2,95,4.3878,5.0
9,2,36,3.3128,4.75
9,2,36,3.0063,4.75
9,2,9,4.0234,5.75
9,2,9,3.7025,5.75
9,2,65,4.6398,4.75
9,2,65,4.4657,4.75
9,2,38,1.8246,2.0
9,2,38,2.2693,2.0
9,2,11,2.9792,4.5
9,2,11,3.4471,4.5
9,2,67,4.8848,4.25
9,2,67,4.7873,4.25
9,2,40,3.7071,3.25
9,2,40,3.7998,3.25
9,2,13,3.5815,3.75
9,2,13,3.1275,3.75
9,2,96,4.2952,3.0
9,2,96,4.0922,3.0
9,2,69,4.3620,3.25
9,2,69,4.3729,3.25
9,2,42,3.7566,3.25
9,2,42,2.9432,3.25
10,1,63,4.5335,4.25
10,1,63,4.5950,4.25
10,1,24,4.8820,4.75
10,1,24,4.9855,4.75
10,1,80,4.6677,5.0
10,1,80,4.7218,5.0
10,1,61,5.2284,4.0
10,1,61,5.0688,4.0
10,1,6,4.6945,5.0
10,1,6,4.6277,5.0
10,1,94,4.5291,5.0
10,1,94,4.6280,5.0
10,1,4,4.9666,5.5
10,1,4,4.9403,5.5
10,1,92,4.5883,5.0
10,1,92,4.2784,5.0
10,1,57,4.3451,1.5
10,1,57,4.5950,1.5
10,1,90,5.2538,3.75
10,1,90,4.7616,3.75
10,1,39,4.4211,4.0
10,1,39,4.4886,4.0
10,1,88,4.7672,5.5
10,1,88,5.1296,5.5
10,1,37,5.0739,6.0
10,1,37,5.0930,6.0
10,1,14,4.6535,3.75
10,1,14,4.9671,3.75
10,1,35,4.3932,2.0
10,1,35,3.9368,2.0
10,1,12,5.0900,4.5
10,1,12,5.0221,4.5
10,1,68,5.0142,3.75
10,1,68,5.0972,3.75
10,1,33,4.5388,4.5
10,1,33,4.5198,4.5
10,1,10,4.9372,5.0
10,1,10,4.7996,5.0
10,1,66,4.7725,6.0
10,1,66,4.9947,6.0
10,1,47,4.6976,5.25
10,1,47,4.5310,5.25
10,1,8,5.0447,6.25
10,1,8,4.9119,6.25
10,1,103,4.4772,3.75
10,1,103,4.4589,3.75
10,1,64,4.4837,5.0
10,1,64,4.5352,5.0
10,1,45,4.6716,2.875
10,1,45,4.6337,2.875
10,1,101,4.6471,5.5
10,1,101,4.7136,5.5
10,1,78,4.6679,5.5
10,1,78,4.9677,5.5
10,1,43,4.9387,4.5
10,1,43,4.8150,4.5
10,1,99,4.9181,5.25
10,1,99,4.9467,5.25
10,1,76,4.8363,4.75
10,1,76,5.0426,4.75
10,1,41,4.3517,3.25
10,1,41,4.6665,3.25
10,1,97,4.5219,3.75
10,1,97,4.8287,3.75
10,1,74,4.5285,4.75
10,1,74,4.6700,4.75
10,1,72,4.8420,3.0
10,1,72,4.6546,3.0
10,1,21,4.8432,5.25
10,1,21,4.8300,5.25
10,1,54,4.2225,3.5
10,1,54,4.0771,3.5
10,1,107,5.0150,5.0
10,1,107,4.7189,5.0
10,1,52,4.6327,5.0
10,1,52,4.9452,5.0
10,1,105,4.6522,4.0
10,1,105,4.7894,4.0
10,1,50,4.8467,5.25
10,1,50,4.9876,5.25
10,1,31,4.6687,4.75
10,1,31,4.7610,4.75
10,1,87,4.7146,4.75
10,1,87,5.2418,4.75
10,1,48,5.0131,5.0
10,1,48,5.1951,5.0
10,1,29,4.8263,4.5
10,1,29,4.9132,4.5
10,1,85,4.8655,4.75
10,1,85,4.7091,4.75
10,1,62,4.6654,3.75
10,1,62,4.7447,3.75
10,1,27,4.7792,4.25
10,1,27,4.6885,4.25
10,1,83,4.8513,3.0
10,1,83,4.7353,3.0
10,1,25,4.8833,4.5
10,1,25,4.8652,4.5
10,1,81,4.4810,4.25
10,1,81,4.4429,4.25
10,1,7,5.0104,5.5
10,1,7,4.9418,5.5
10,1,95,4.7235,4.75
10,1,95,5.0226,4.75
10,1,56,4.5941,4.5
10,1,56,4.6365,4.5
10,1,5,4.5462,5.0
10,1,5,4.8217,5.0
10,1,93,4.7054,4.0
10,1,93,5.0822,4.0
10,1,38,4.8466,3.75
10,1,38,4.7038,3.75
10,1,91,4.9048,4.5
10,1,91,5.0673,4.5
10,1,36,4.8998,4.75
10,1,36,4.9797,4.75
10,1,89,5.0548,5.25
10,1,89,4.8344,5.25
10,1,34,4.3272,4.0
10,1,34,4.4995,4.0
10,1,32,4.9449,3.75
10,1,32,4.6279,3.75
10,1,13,4.9502,4.25
10,1,13,4.9491,4.25
10,1,69,4.8180,4.5
10,1,69,4.8173,4.5
10,1,46,4.9552,5.0
10,1,46,5.0890,5.0
10,1,11,4.4666,4.0
10,1,11,4.4703,4.0
10,1,102,4.4475,5.0
10,1,102,4.5782,5.0
10,1,67,4.5381,5.25
10,1,67,4.7608,5.25
10,1,44,4.8168,4.5
10,1,44,4.6841,4.5
10,1,9,4.7020,5.5
10,1,9,4.4694,5.5
10,1,100,4.3535,4.0
10,1,100,4.5329,4.0
10,1,65,4.8201,5.75
10,1,65,4.5243,5.75
10,1,42,4.8810,5.25
10,1,42,4.8776,5.25
10,1,98,4.8134,4.5
10,1,98,4.9871,4.5
10,1,79,4.5767,4.5
10,1,79,4.7014,4.5
10,1,40,4.5841,4.5
10,1,40,4.9464,4.5
10,1,96,5.0746,4.5
10,1,96,4.7202,4.5
10,1,77,4.9829,4.5
10,1,77,5.0087,4.5
10,1,22,4.6696,4.5
10,1,22,4.7524,4.5
10,1,75,4.6627,4.5
10,1,75,4.9101,4.5
10,1,20,4.7699,5.0
10,1,20,4.8468,5.0
10,1,108,4.8141,5.0
10,1,108,4.6624,5.0
10,1,73,4.7840,4.25
10,1,73,5.0937,4.25
10,1,106,4.5394,2.0
10,1,106,4.7823,2.0
10,1,55,4.9118,5.25
10,1,55,4.8812,5.25
10,1,104,4.7258,4.5
10,1,104,4.9223,4.5
10,1,53,4.8782,5.25
10,1,53,4.8578,5.25
10,1,30,4.9423,5.5
10,1,30,5.0186,5.5
10,1,86,4.6210,4.0
10,1,86,4.5745,4.0
10,1,51,4.4761,5.5
10,1,51,4.6990,5.5
10,1,28,4.7448,4.75
10,1,28,4.9471,4.75
10,1,84,4.5687,2.75
10,1,84,4.5295,2.75
10,1,49,4.7759,4.0
10,1,49,4.6377,4.0
10,1,26,4.2399,2.375
10,1,26,4.1874,2.375
10,1,82,4.6859,4.5
10,1,82,4.9317,4.5
10,2,65,4.5642,5.0
10,2,65,4.4146,5.0
10,2,26,4.9380,3.5
10,2,26,4.8477,3.5
10,2,83,4.1867,4.25
10,2,83,4.3658,4.25
10,2,15,4.7608,5.75
10,2,15,4.6369,5.75
10,2,25,3.9926,4.25
10,2,25,3.8341,4.25
10,2,82,4.6341,5.25
10,2,82,4.5236,5.25
10,2,14,4.0683,5.25
10,2,14,4.2715,5.25
10,2,71,4.7723,4.0
10,2,71,4.6112,4.0
10,2,24,4.3233,3.5
10,2,24,4.2708,3.5
10,2,81,4.8187,5.25
10,2,81,4.5990,5.25
10,2,35,2.3347,2.75
10,2,35,2.3054,2.75
10,2,13,5.0662,5.25
10,2,13,4.7011,5.25
10,2,70,4.9347,4.66667
10,2,70,4.7011,4.66667
10,2,31,4.1508,3.25
10,2,31,3.9269,3.25
10,2,80,4.8511,4.5
10,2,80,4.6302,4.5
10,2,34,4.3869,5.0
10,2,34,4.2097,5.0
10,2,12,4.2583,4.25
10,2,12,4.3902,4.25
10,2,69,4.6071,5.25
10,2,69,4.8480,5.25
10,2,30,4.3192,5.75
10,2,30,4.1466,5.75
10,2,87,5.0685,5.5
10,2,87,4.8874,5.5
10,2,33,4.8648,4.75
10,2,33,4.6280,4.75
10,2,51,5.2570,5.5
10,2,51,5.0272,5.5
10,2,68,4.8816,4.75
10,2,68,5.0474,4.75
10,2,29,4.2010,5.0
10,2,29,4.1449,5.0
10,2,86,4.1967,4.5
10,2,86,4.1608,4.5
10,2,32,4.4055,1.75
10,2,32,4.4736,1.75
10,2,50,-1.6471,4.0
10,2,50,-0.5669,4.0
10,2,75,5.1130,4.5
10,2,75,4.8680,4.5
10,2,28,4.8255,4.5
10,2,28,4.5257,4.5
10,2,85,4.6712,5.25
10,2,85,4.7070,5.25
10,2,39,5.0159,5.25
10,2,39,5.0155,5.25
10,2,74,5.0241,4.75
10,2,74,4.9997,4.75
10,2,3,5.1146,3.75
10,2,3,5.0801,3.75
10,2,84,4.6230,4.0
10,2,84,4.7456,4.0
10,2,38,4.8798,4.75
10,2,38,4.6326,4.75
10,2,73,4.4238,5.5
10,2,73,4.0537,5.5
10,2,91,4.8478,4.25
10,2,91,4.2655,4.25
10,2,37,4.0595,5.0
10,2,37,4.4228,5.0
10,2,55,4.9126,3.75
10,2,55,5.1296,3.75
10,2,72,4.8707,6.25
10,2,72,4.7611,6.25
10,2,90,5.2189,4.25
10,2,90,5.1579,4.25
10,2,19,4.6598,4.5
10,2,19,4.4932,4.5
10,2,36,5.0440,3.75
10,2,36,4.8719,3.75
10,2,54,5.1118,5.5
10,2,54,4.9797,5.5
10,2,79,4.7446,5.5
10,2,79,4.4218,5.5
10,2,89,5.2334,4.0
10,2,89,4.7543,4.0
10,2,43,4.0543,5.75
10,2,43,3.8878,5.75
10,2,53,5.1808,6.75
10,2,53,5.5845,6.75
10,2,78,4.7887,5.25
10,2,78,5.1913,5.25
10,2,7,4.4762,5.25
10,2,7,4.4217,5.25
10,2,88,5.4639,5.5
10,2,88,5.4086,5.5
10,2,42,5.2166,5.5
10,2,42,5.0536,5.5
10,2,52,4.3384,5.5
10,2,52,4.5878,5.5
10,2,77,4.3102,3.5
10,2,77,3.9160,3.5
10,2,6,4.4274,5.25
10,2,6,4.5266,5.25
10,2,95,4.7380,2.0
10,2,95,4.5647,2.0
10,2,41,3.8489,5.25
10,2,41,3.5620,5.25
10,2,76,4.9234,4.5
10,2,76,4.7927,4.5
10,2,5,4.1240,5.5
10,2,5,4.0129,5.5
10,2,94,4.7885,3.25
10,2,94,4.5725,3.25
10,2,23,4.6697,5.0
10,2,23,4.4369,5.0
10,2,40,3.6924,4.5
10,2,40,3.3598,4.5
10,2,97,-0.0702,5.75
10,2,97,-1.1454,5.75
10,2,58,4.7670,5.5
10,2,58,4.5512,5.5
10,2,4,3.8933,6.25
10,2,4,3.5978,6.25
10,2,93,4.4323,3.25
10,2,93,4.3782,3.25
10,2,22,4.8019,5.5
10,2,22,4.8627,5.5
10,2,47,-2.4967,5.25
10,2,47,-0.7910,5.25
10,2,96,4.4276,4.75
10,2,96,4.6196,4.75
10,2,11,4.4897,4.5
10,2,11,4.4086,4.5
10,2,92,4.7643,4.75
10,2,92,4.4904,4.75
10,2,21,3.7971,5.5
10,2,21,4.0576,5.5
10,2,46,4.4288,4.25
10,2,46,4.3709,4.25
10,2,56,4.6647,5.25
10,2,56,4.7548,5.25
10,2,10,3.7612,5.25
10,2,10,4.0065,5.25
10,2,67,5.5002,4.33333
10,2,67,5.0184,4.33333
10,2,20,4.5175,2.75
10,2,20,4.5741,2.75
10,2,45,4.0022,3.5
10,2,45,4.0054,3.5
10,2,9,4.4610,3.25
10,2,9,4.3891,3.25
10,2,66,4.4856,3.0
10,2,66,4.0238,3.0
10,2,27,4.5989,5.0
10,2,27,4.5512,5.0
10,2,44,4.7600,5.0
10,2,44,4.3756,5.0
10,2,8,4.5136,5.75
10,2,8,4.5445,5.75
11,1,5,4.6902,4.5
11,1,5,4.1480,4.5
11,1,94,4.2221,5.75
11,1,94,4.3680,5.75
11,1,23,4.7675,5.75
11,1,23,5.6242,5.75
11,1,32,4.3841,4.25
11,1,32,4.8607,4.25
11,1,50,3.9361,3.0
11,1,50,4.6305,3.0
11,1,75,4.0780,3.5
11,1,75,3.9240,3.5
11,1,4,4.0434,5.75
11,1,4,4.3400,5.75
11,1,93,4.4362,4.25
11,1,93,4.4536,4.25
11,1,22,4.4640,6.25
11,1,22,4.8198,6.25
11,1,47,3.8160,4.0
11,1,47,3.7055,4.0
11,1,49,3.6306,4.5
11,1,49,3.6736,4.5
11,1,74,4.0552,5.0
11,1,74,4.1953,5.0
11,1,92,3.9513,4.25
11,1,92,4.1175,4.25
11,1,21,4.3071,4.25
11,1,21,4.2939,4.25
11,1,46,3.5816,1.75
11,1,46,3.8413,1.75
11,1,48,2.8146,2.25
11,1,48,3.6117,2.25
11,1,73,4.6634,5.25
11,1,73,4.4991,5.25
11,1,91,4.4645,5.5
11,1,91,4.1509,5.5
11,1,20,4.1694,5.5
11,1,20,4.9476,5.5
11,1,63,4.3057,6.25
11,1,63,4.5997,6.25
11,1,72,4.4649,4.75
11,1,72,4.1811,4.75
11,1,90,4.5498,4.25
11,1,90,4.8139,4.25
11,1,19,4.5326,6.25
11,1,19,4.9231,6.25
11,1,62,3.7654,5.0
11,1,62,3.9672,5.0
11,1,89,4.5877,5.0
11,1,89,4.5433,5.0
11,1,15,4.2309,3.5
11,1,15,4.6659,3.5
11,1,88,4.4203,3.75
11,1,88,4.3223,3.75
11,1,99,4.5597,6.25
11,1,99,5.3369,6.25
11,1,14,4.3437,4.25
11,1,14,4.5138,4.25
11,1,71,4.3729,4.75
11,1,71,4.1392,4.75
11,1,98,3.7202,4.5
11,1,98,3.9427,4.5
11,1,13,4.3828,5.25
11,1,13,4.5415,5.25
11,1,70,4.2040,5.0
11,1,70,4.3931,5.0
11,1,31,4.5259,5.5
11,1,31,4.7431,5.5
11,1,97,3.9658,3.75
11,1,97,3.6839,3.75
11,1,12,4.6509,5.5
11,1,12,4.9064,5.5
11,1,69,4.4537,4.0
11,1,69,4.4951,4.0
11,1,30,4.6902,4.25
11,1,30,5.3101,4.25
11,1,87,3.9833,2.75
11,1,87,4.0904,2.75
11,1,96,3.9776,4.75
11,1,96,4.1743,4.75
11,1,57,3.0489,2.5
11,1,57,3.0660,2.5
11,1,11,3.5315,4.5
11,1,11,3.9784,4.5
11,1,68,4.0878,4.25
11,1,68,3.7697,4.25
11,1,29,4.2316,5.5
11,1,29,4.7329,5.5
11,1,56,3.8937,2.25
11,1,56,3.4109,2.25
11,1,10,4.1461,4.66667
11,1,10,4.2544,4.66667
11,1,67,3.4921,6.25
11,1,67,3.4977,6.25
11,1,28,4.3980,4.5
11,1,28,4.8440,4.5
11,1,39,-1.9569,5.0
11,1,39,1.4115,5.0
11,1,9,4.1803,4.0
11,1,9,4.7190,4.0
11,1,66,4.1010,3.25
11,1,66,4.2174,3.25
11,1,27,4.1043,4.5
11,1,27,4.5710,4.5
11,1,84,4.3279,3.5
11,1,84,4.3919,3.5
11,1,38,4.4770,4.5
11,1,38,4.9014,4.5
11,1,8,4.4908,4.25
11,1,8,4.5431,4.25
11,1,65,3.5632,4.25
11,1,65,3.0754,4.25
11,1,26,4.7212,4.0
11,1,26,5.1277,4.0
11,1,83,4.5124,3.5
11,1,83,4.4806,3.5
11,1,37,4.5242,3.75
11,1,37,4.5596,3.75
11,1,55,3.6381,4.0
11,1,55,3.9055,4.0
11,1,64,4.4159,5.0
11,1,64,3.9165,5.0
11,1,25,4.5200,5.0
11,1,25,4.9631,5.0
11,1,82,4.3495,4.5
11,1,82,4.2663,4.5
11,1,36,4.2849,5.0
11,1,36,4.8214,5.0
11,1,54,4.1332,2.5
11,1,54,3.8068,2.5
11,1,79,4.3942,4.5
11,1,79,4.2604,4.5
11,1,24,4.0822,3.25
11,1,24,4.2559,3.25
11,1,81,4.2773,4.5
11,1,81,3.9488,4.5
11,1,35,4.3845,4.5
11,1,35,4.4185,4.5
11,1,53,4.0377,5.25
11,1,53,4.2817,5.25
11,1,78,4.3559,5.0
11,1,78,4.2830,5.0
11,1,7,4.6266,4.25
11,1,7,4.5467,4.25
11,1,80,5.1028,6.0
11,1,80,5.2419,6.0
11,1,34,4.9975,4.5
11,1,34,5.5520,4.5
11,1,52,4.6457,4.25
11,1,52,4.5506,4.25
11,1,77,4.6623,6.0
11,1,77,4.5585,6.0
11,1,6,3.9389,5.0
11,1,6,4.5311,5.0
11,1,95,4.1662,4.25
11,1,95,4.6087,4.25
11,1,33,4.4860,5.0
11,1,33,4.9219,5.0
11,1,51,3.9567,4.75
11,1,51,4.3132,4.75
11,1,76,4.6535,4.0
11,1,76,4.5712,4.0
11,2,84,3.4364,4.75
11,2,84,3.0143,4.75
11,2,28,3.8210,4.5
11,2,28,4.0495,4.5
11,2,74,2.8940,4.25
11,2,74,2.9236,4.25
11,2,18,4.1026,4.0
11,2,18,3.7665,4.0
11,2,72,3.1347,4.25
11,2,72,3.5822,4.25
11,2,63,2.5821,2.75
11,2,63,3.0768,2.75
11,2,78,4.0149,5.5
11,2,78,3.4880,5.5
11,2,61,3.0989,3.25
11,2,61,3.3333,3.25
11,2,22,3.0547,3.75
11,2,22,3.7640,3.75
11,2,76,3.4626,5.5
11,2,76,3.6587,5.5
11,2,51,4.1503,4.5
11,2,51,4.3096,4.5
11,2,20,3.9161,4.75
11,2,20,3.8311,4.75
11,2,105,3.6233,4.5
11,2,105,3.9842,4.5
11,2,66,2.5812,1.75
11,2,66,2.8687,1.75
11,2,49,3.3517,2.75
11,2,49,3.0149,2.75
11,2,10,3.2963,4.75
11,2,10,3.2955,4.75
11,2,111,3.4349,4.5
11,2,111,2.9450,4.5
11,2,64,3.5194,4.25
11,2,64,3.8091,4.25
11,2,55,3.5970,4.5
11,2,55,3.9511,4.5
11,2,8,3.5382,5.0
11,2,8,4.0091,5.0
11,2,109,3.9347,4.75
11,2,109,4.1878,4.75
11,2,53,4.0559,4.5
11,2,53,3.6208,4.5
11,2,99,4.1816,5.5
11,2,99,4.1930,5.5
11,2,68,3.2791,4.0
11,2,68,3.7907,4.0
11,2,43,3.7521,5.25
11,2,43,3.6242,5.25
11,2,12,3.2336,2.25
11,2,12,3.5834,2.25
11,2,97,3.0642,3.75
11,2,97,3.2174,3.75
11,2,41,3.4218,4.75
11,2,41,3.7091,4.75
11,2,103,3.6462,5.25
11,2,103,3.6326,5.25
11,2,47,3.7112,4.0
11,2,47,3.8108,4.0
11,2,101,3.8018,4.75
11,2,101,3.4490,4.75
11,2,45,3.5405,4.25
11,2,45,3.6069,4.25
11,2,6,3.6438,5.5
11,2,6,3.8454,5.5
11,2,91,2.9999,4.5
11,2,91,3.5561,4.5
11,2,35,3.1015,3.75
11,2,35,3.5839,3.75
11,2,4,2.7964,4.0
11,2,4,2.8500,4.0
11,2,89,4.0043,4.75
11,2,89,3.5771,4.75
11,2,33,3.5633,4.25
11,2,33,3.4819,4.25
11,2,95,3.3658,4.0
11,2,95,3.2906,4.0
11,2,39,2.9171,4.5
11,2,39,3.2385,4.5
11,2,93,4.0251,5.0
11,2,93,3.9136,5.0
11,2,37,3.9689,5.0
11,2,37,4.2417,5.0
11,2,83,4.0681,4.0
11,2,83,3.7582,4.0
11,2,27,3.6496,5.5
11,2,27,3.8899,5.5
11,2,81,2.2967,3.0
11,2,81,2.6340,3.0
11,2,25,3.5934,5.0
11,2,25,3.4758,5.0
11,2,87,3.6020,4.25
11,2,87,4.0718,4.25
11,2,31,4.3571,5.0
11,2,31,4.6508,5.0
11,2,85,3.2001,5.0
11,2,85,3.6576,5.0
11,2,56,3.6029,4.75
11,2,56,3.8199,4.75
11,2,29,3.3798,4.75
11,2,29,3.5226,4.75
11,2,75,2.2187,2.5
11,2,75,2.4828,2.5
11,2,62,1.9679,1.75
11,2,62,2.5963,1.75
11,2,19,3.7075,5.25
11,2,19,3.4555,5.25
11,2,73,3.2609,4.25
11,2,73,2.6954,4.25
11,2,60,1.7221,2.5
11,2,60,2.8022,2.5
11,2,17,3.6968,3.75
11,2,17,3.1763,3.75
11,2,106,3.3850,3.0
11,2,106,3.3949,3.0
11,2,79,3.4909,4.25
11,2,79,3.2363,4.25
11,2,50,3.9542,4.25
11,2,50,4.2803,4.25
11,2,23,3.5675,5.75
11,2,23,3.2654,5.75
11,2,104,3.7415,6.0
11,2,104,3.6322,6.0
11,2,77,3.5785,4.5
11,2,77,4.0627,4.5
11,2,48,3.5846,6.5
11,2,48,3.7528,6.5
11,2,21,4.3245,6.25
11,2,21,4.3360,6.25
11,2,110,4.3385,4.75
11,2,110,4.1991,4.75
11,2,67,3.2993,4.75
11,2,67,3.7130,4.75
11,2,54,3.2689,3.75
11,2,54,2.9097,3.75
11,2,11,2.3920,2.5
11,2,11,2.4320,2.5
11,2,65,2.7657,2.5
11,2,65,3.2943,2.5
11,2,52,4.4637,5.0
11,2,52,4.6380,5.0
11,2,9,3.7014,3.5
11,2,9,3.8056,3.5
11,2,98,3.4178,5.0
11,2,98,3.5277,5.0
11,2,42,3.5934,4.75
11,2,42,3.7029,4.75
11,2,96,3.4734,5.0
11,2,96,3.7102,5.0
11,2,69,3.2635,3.25
11,2,69,3.2085,3.25
11,2,40,3.5118,4.25
11,2,40,3.3511,4.25
11,2,102,3.6953,3.75
11,2,102,3.9109,3.75
11,2,46,3.4972,4.25
11,2,46,3.6876,4.25
11,2,3,2.8977,5.0
11,2,3,2.9581,5.0
11,2,100,3.9116,4.5
11,2,100,4.1030,4.5
11,2,44,4.5138,5.5
11,2,44,4.1828,5.5
11,2,90,4.0563,3.25
11,2,90,4.0405,3.25
11,2,34,4.0611,6.5
11,2,34,3.4283,6.5
11,2,7,3.1262,0.75
11,2,7,3.0662,0.75
11,2,88,2.6579,5.0
11,2,88,3.0689,5.0
11,2,32,3.5068,5.25
11,2,32,3.7888,5.25
11,2,5,2.7176,2.25
11,2,5,3.0195,2.25
11,2,94,3.3151,4.25
11,2,94,3.4126,4.25
11,2,38,3.2132,4.25
11,2,38,3.8208,4.25
11,2,92,3.9687,5.5
11,2,92,3.7315,5.5
11,2,36,3.6492,4.25
11,2,36,4.3156,4.25
11,2,82,3.0199,4.75
11,2,82,3.4400,4.75
11,2,26,3.2621,3.5
11,2,26,3.4861,3.5
11,2,80,2.3374,3.75
11,2,80,3.3443,3.75
11,2,24,3.1956,5.0
11,2,24,3.2228,5.0
11,2,86,3.6347,5.75
11,2,86,3.9826,5.75
11,2,30,3.2190,4.0
11,2,30,3.5977,4.0
12,1,60,4.6543,3.75
12,1,60,4.5968,3.75
12,1,25,3.6863,5.75
12,1,25,3.2852,5.75
12,1,83,4.8469,5.5
12,1,83,5.0798,5.5
12,1,62,3.5688,2.5
12,1,62,3.3979,2.5
12,1,27,4.4500,4.5
12,1,27,4.3663,4.5
12,1,77,4.7835,4.75
12,1,77,4.6934,4.75
12,1,21,4.8918,4.5
12,1,21,4.8681,4.5
12,1,79,4.7305,4.25
12,1,79,4.6628,4.25
12,1,23,3.7137,3.5
12,1,23,2.9606,3.5
12,1,108,4.6547,3.25
12,1,108,4.5347,3.25
12,1,73,4.9531,4.25
12,1,73,4.8917,4.25
12,1,17,4.6144,5.0
12,1,17,4.4737,5.0
12,1,110,5.1086,5.0
12,1,110,4.9470,5.0
12,1,75,4.8520,5.25
12,1,75,4.9233,5.25
12,1,54,4.5827,4.75
12,1,54,4.7486,4.75
12,1,19,5.2034,3.75
12,1,19,4.9942,3.75
12,1,104,4.5781,2.5
12,1,104,4.6055,2.5
12,1,69,5.2035,3.75
12,1,69,4.9687,3.75
12,1,48,4.6012,4.5
12,1,48,4.4266,4.5
12,1,106,3.2755,1.25
12,1,106,3.2956,1.25
12,1,100,4.0416,2.75
12,1,100,4.1471,2.75
12,1,65,4.9921,4.5
12,1,65,4.8735,4.5
12,1,44,4.7752,5.5
12,1,44,4.9506,5.5
12,1,9,5.0057,4.75
12,1,9,5.1148,4.75
12,1,102,4.5409,4.5
12,1,102,4.5440,4.5
12,1,67,3.5818,2.75
12,1,67,3.4894,2.75
12,1,46,4.0531,3.5
12,1,46,4.1487,3.5
12,1,11,4.2463,5.0
12,1,11,4.3965,5.0
12,1,96,4.5873,3.25
12,1,96,4.5154,3.25
12,1,40,4.5187,4.25
12,1,40,4.6067,4.25
12,1,5,4.9514,6.0
12,1,5,5.1056,6.0
12,1,98,4.7860,3.75
12,1,98,4.8256,3.75
12,1,42,4.8905,4.25
12,1,42,4.9393,4.25
12,1,7,4.8934,6.25
12,1,7,5.0362,6.25
12,1,92,4.8515,3.25
12,1,92,4.7808,3.25
12,1,36,4.3565,5.0
12,1,36,4.4985,5.0
12,1,38,4.3778,5.5
12,1,38,4.3520,5.5
12,1,3,4.8188,6.0
12,1,3,4.7007,6.0
12,1,88,4.6369,4.5
12,1,88,4.6811,4.5
12,1,32,4.2966,5.25
12,1,32,4.2050,5.25
12,1,90,4.8354,4.0
12,1,90,4.8734,4.0
12,1,34,4.2492,5.5
12,1,34,4.1022,5.5
12,1,84,5.1288,4.5
12,1,84,4.9634,4.5
12,1,28,3.5801,5.0
12,1,28,3.7256,5.0
12,1,86,4.8610,3.0
12,1,86,4.8138,3.0
12,1,30,3.9751,4.0
12,1,30,4.1176,4.0
12,1,80,4.6927,4.0
12,1,80,4.5747,4.0
12,1,24,3.6197,5.25
12,1,24,3.1130,5.25
12,1,82,4.8489,4.0
12,1,82,4.7582,4.0
12,1,61,4.4418,4.0
12,1,61,4.4278,4.0
12,1,26,4.6874,5.0
12,1,26,4.1931,5.0
12,1,76,4.8643,4.0
12,1,76,4.8722,4.0
12,1,63,4.2305,3.0
12,1,63,4.2007,3.0
12,1,20,4.5948,4.75
12,1,20,4.6263,4.75
12,1,78,5.0665,6.0
12,1,78,5.0177,6.0
12,1,22,4.9183,4.5
12,1,22,4.5932,4.5
12,1,72,5.0839,3.25
12,1,72,4.9030,3.25
12,1,16,4.2013,5.25
12,1,16,4.0967,5.25
12,1,109,4.5973,3.5
12,1,109,4.4877,3.5
12,1,74,4.8975,5.0
12,1,74,4.9328,5.0
12,1,53,4.3573,4.5
12,1,53,4.3948,4.5
12,1,18,3.7974,4.25
12,1,18,2.9054,4.25
12,1,111,4.3630,2.75
12,1,111,4.2113,2.75
12,1,68,4.7366,4.25
12,1,68,4.8469,4.25
12,1,55,4.0951,5.0
12,1,55,4.3901,5.0
12,1,12,4.8359,5.75
12,1,12,5.0144,5.75
12,1,105,4.2127,3.25
12,1,105,4.3968,3.25
12,1,49,4.4120,4.75
12,1,49,4.3607,4.75
12,1,107,4.6463,4.5
12,1,107,4.5629,4.5
12,1,64,4.3967,4.0
12,1,64,4.3839,4.0
12,1,8,5.2301,5.25
12,1,8,5.1845,5.25
12,1,101,4.6517,3.25
12,1,101,4.5097,3.25
12,1,66,4.6188,3.0
12,1,66,4.5099,3.0
12,1,45,4.4288,5.0
12,1,45,4.6127,5.0
12,1,10,5.0807,5.25
12,1,10,5.1016,5.25
12,1,103,4.9499,4.5
12,1,103,4.8669,4.5
12,1,47,4.4196,5.5
12,1,47,4.1293,5.5
12,1,4,4.8429,6.25
12,1,4,5.1184,6.25
12,1,97,4.8163,4.25
12,1,97,4.5124,4.25
12,1,41,4.5647,3.75
12,1,41,4.4672,3.75
12,1,6,4.8804,5.0
12,1,6,4.8367,5.0
12,1,99,4.3060,1.75
12,1,99,4.1808,1.75
12,1,43,4.6236,4.75
12,1,43,4.6832,4.75
12,1,93,4.3443,3.75
12,1,93,4.2722,3.75
12,1,37,4.5484,4.5
12,1,37,4.6525,4.5
12,1,2,4.8933,6.5
12,1,2,4.9247,6.5
12,1,39,4.4243,5.75
12,1,39,4.1889,5.75
12,1,89,4.1307,3.5
12,1,89,4.1630,3.5
12,1,33,3.8827,4.25
12,1,33,3.8859,4.25
12,1,91,4.4288,4.5
12,1,91,4.5360,4.5
12,1,35,3.9496,4.0
12,1,35,3.8523,4.0
12,1,85,4.8868,4.75
12,1,85,4.8600,4.75
12,1,29,3.2990,2.75
12,1,29,3.1075,2.75
12,1,87,4.7138,5.0
12,1,87,4.6407,5.0
12,1,31,4.7615,5.0
12,1,31,4.8900,5.0
12,1,81,4.4265,4.0
12,1,81,4.4281,4.0
12,2,14,1.2786,4.25
12,2,14,1.5836,4.25
12,2,37,2.7239,3.5
12,2,37,3.0141,3.5
12,2,64,0.5015,1.5
12,2,64,0.7430,1.5
12,2,8,1.1428,4.0
12,2,8,1.7731,4.0
12,2,39,2.0797,2.0
12,2,39,2.2881,2.0
12,2,66,0.6659,1.0
12,2,66,1.1348,1.0
12,2,10,1.5025,4.25
12,2,10,2.1780,4.25
12,2,33,2.3985,3.75
12,2,33,2.7691,3.75
12,2,4,1.3133,4.0
12,2,4,1.6241,4.0
12,2,35,2.1109,3.0
12,2,35,2.5638,3.0
12,2,6,1.1542,3.5
12,2,6,2.0703,3.5
12,2,93,2.0873,5.0
12,2,93,2.0123,5.0
12,2,95,2.2074,4.75
12,2,95,2.1555,4.75
12,2,89,1.3726,3.75
12,2,89,1.7512,3.75
12,2,116,2.6442,3.0
12,2,116,2.6459,3.0
12,2,91,2.5909,4.5
12,2,91,2.4778,4.5
12,2,62,1.3001,1.75
12,2,62,0.9292,1.75
12,2,85,2.3358,4.75
12,2,85,2.4588,4.75
12,2,112,2.0777,3.75
12,2,112,2.3837,3.75
12,2,29,2.1486,3.0
12,2,29,2.3102,3.0
12,2,56,2.0165,5.0
12,2,56,2.4119,5.0
12,2,87,2.6107,4.75
12,2,87,2.6659,4.75
12,2,114,1.9107,3.5
12,2,114,2.1711,3.5
12,2,31,1.9605,4.75
12,2,31,2.5294,4.75
12,2,58,2.2739,3.75
12,2,58,2.7247,3.75
12,2,81,2.1307,5.5
12,2,81,2.7545,5.5
12,2,108,2.4113,2.0
12,2,108,2.1532,2.0
12,2,25,1.3391,4.75
12,2,25,1.9149,4.75
12,2,52,1.3194,4.75
12,2,52,2.3760,4.75
12,2,83,1.8483,3.75
12,2,83,1.9691,3.75
12,2,110,1.6930,2.25
12,2,110,1.1908,2.25
12,2,27,3.0257,4.5
12,2,27,3.0701,4.5
12,2,54,2.4004,4.5
12,2,54,2.8920,4.5
12,2,77,2.2353,5.0
12,2,77,2.5078,5.0
12,2,104,2.0938,2.0
12,2,104,2.0979,2.0
12,2,21,2.1584,3.75
12,2,21,2.6194,3.75
12,2,48,3.2087,4.5
12,2,48,3.4934,4.5
12,2,79,2.7173,3.75
12,2,79,2.8047,3.75
12,2,106,2.7111,3.5
12,2,106,2.8428,3.5
12,2,23,2.6324,5.25
12,2,23,2.9210,5.25
12,2,50,2.7487,4.75
12,2,50,2.9407,4.75
12,2,73,0.7006,2.0
12,2,73,0.4723,2.0
12,2,100,1.8488,2.5
12,2,100,1.6318,2.5
12,2,44,2.1123,3.75
12,2,44,3.0262,3.75
12,2,102,1.7521,1.75
12,2,102,1.9694,1.75
12,2,19,2.3966,4.5
12,2,19,2.8444,4.5
12,2,46,3.0241,4.25
12,2,46,3.6732,4.25
12,2,69,0.7198,2.25
12,2,69,0.9551,2.25
12,2,96,2.5875,4.75
12,2,96,2.7108,4.75
12,2,13,0.9726,3.5
12,2,13,1.2532,3.5
12,2,40,3.0119,3.5
12,2,40,3.5341,3.5
12,2,71,0.3815,1.5
12,2,71,-0.1118,1.5
12,2,98,1.7373,2.75
12,2,98,2.2310,2.75
12,2,42,3.1321,3.5
12,2,42,3.0658,3.5
12,2,65,0.5145,2.25
12,2,65,0.7268,2.25
12,2,9,1.3886,4.0
12,2,9,1.8711,4.0
12,2,36,2.0338,5.75
12,2,36,2.3566,5.75
12,2,67,0.6615,3.0
12,2,67,1.2576,3.0
12,2,11,1.0779,5.0
12,2,11,1.7284,5.0
12,2,5,1.2927,5.25
12,2,5,1.8750,5.25
12,2,32,2.7147,3.25
12,2,32,2.7803,3.25
12,2,7,2.0234,5.0
12,2,7,2.4702,5.0
12,2,34,2.4953,4.25
12,2,34,2.9184,4.25
12,2,92,2.2858,3.5
12,2,92,2.2609,3.5
12,2,3,0.5872,3.75
12,2,3,0.9374,3.75
12,2,94,1.8879,2.5
12,2,94,1.9088,2.5
12,2,88,2.3996,5.0
12,2,88,2.4170,5.0
12,2,90,2.6458,3.25
12,2,90,2.7326,3.25
12,2,113,2.7533,3.25
12,2,113,2.4646,3.25
12,2,57,3.4194,4.75
12,2,57,3.4019,4.75
12,2,84,2.3274,4.25
12,2,84,2.2626,4.25
12,2,115,2.0230,2.75
12,2,115,2.0188,2.75
12,2,28,2.2880,4.75
12,2,28,2.1815,4.75
12,2,59,2.6325,5.0
12,2,59,3.1559,5.0
12,2,86,2.0658,4.0
12,2,86,2.2690,4.0
12,2,109,2.8454,3.25
12,2,109,2.7762,3.25
12,2,30,1.8034,4.5
12,2,30,2.4124,4.5
12,2,53,2.5693,3.75
12,2,53,3.0043,3.75
12,2,80,2.3499,5.25
12,2,80,2.4697,5.25
12,2,111,2.3007,4.0
12,2,111,2.5507,4.0
12,2,24,2.3740,4.25
12,2,24,2.6235,4.25
12,2,55,3.6160,4.5
12,2,55,4.1422,4.5
12,2,82,1.5724,2.5
12,2,82,1.7548,2.5
12,2,105,2.8133,4.0
12,2,105,2.7999,4.0
12,2,26,2.1390,2.75
12,2,26,2.5227,2.75
12,2,49,2.5276,5.25
12,2,49,2.8897,5.25
12,2,107,2.6490,2.25
12,2,107,2.4042,2.25
12,2,20,2.7733,4.0
12,2,20,2.9398,4.0
12,2,51,1.9730,3.0
12,2,51,2.1443,3.0
12,2,78,2.1842,4.0
12,2,78,2.1971,4.0
12,2,101,2.3863,3.0
12,2,101,2.2215,3.0
12,2,22,2.7591,5.0
12,2,22,3.0416,5.0
12,2,45,2.9359,4.0
12,2,45,3.3400,4.0
12,2,103,1.8401,2.5
12,2,103,1.9154,2.5
12,2,47,2.9766,4.75
12,2,47,3.4845,4.75
12,2,97,2.5168,1.5
12,2,97,2.5509,1.5
12,2,41,2.9830,5.25
12,2,41,3.5190,5.25
12,2,68,0.7172,2.0
12,2,68,0.5038,2.0
12,2,99,2.1486,3.25
12,2,99,2.2641,3.25
12,2,12,1.3875,5.25
12,2,12,1.6708,5.25
12,2,43,3.2524,4.5
12,2,43,3.8021,4.5
12,2,70,0.3584,1.25
12,2,70,0.3925,1.25
16,2,107,2.9074,3.25
16,2,107,3.0215,3.25
16,2,78,3.2640,4.25
16,2,78,2.3973,4.25
16,2,37,2.9413,4.5
16,2,37,2.2831,4.5
16,2,109,3.5824,4.5
16,2,109,2.2711,4.5
16,2,39,2.8073,2.25
16,2,39,2.8203,2.25
16,2,111,3.2031,3.5
16,2,111,2.6367,3.5
16,2,66,3.5522,5.75
16,2,66,2.7832,5.75
16,2,25,3.8723,3.0
16,2,25,4.0255,3.0
16,2,97,4.0241,2.75
16,2,97,3.4464,2.75
16,2,68,2.9624,1.25
16,2,68,2.4394,1.25
16,2,27,4.1747,4.25
16,2,27,3.5534,4.25
16,2,99,3.2232,3.25
16,2,99,3.4066,3.25
16,2,70,2.7843,1.75
16,2,70,2.2747,1.75
16,2,29,3.6940,2.0
16,2,29,3.2056,2.0
16,2,101,3.8543,5.0
16,2,101,3.2004,5.0
16,2,56,3.4202,4.75
16,2,56,3.5835,4.75
16,2,31,3.0716,2.0
16,2,31,3.5390,2.0
16,2,103,3.9785,3.25
16,2,103,3.4519,3.25
16,2,58,3.8122,2.25
16,2,58,4.1063,2.25
16,2,89,3.1847,1.75
16,2,89,4.2320,1.75
16,2,60,3.5590,3.0
16,2,60,2.8619,3.0
16,2,91,3.2049,3.25
16,2,91,2.5695,3.25
16,2,21,3.5126,3.75
16,2,21,2.6195,3.75
16,2,93,3.8823,4.0
16,2,93,3.0624,4.0
16,2,48,3.9297,3.25
16,2,48,3.6864,3.25
16,2,23,2.9138,2.5
16,2,23,2.6010,2.5
16,2,95,3.6876,3.5
16,2,95,3.3399,3.5
16,2,50,3.1305,2.25
16,2,50,3.2421,2.25
16,2,9,3.1056,3.5
16,2,9,3.0275,3.5
16,2,81,3.5626,2.5
16,2,81,2.5413,2.5
16,2,52,2.9307,2.25
16,2,52,3.5105,2.25
16,2,11,5.2305,4.5
16,2,11,5.3431,4.5
16,2,83,3.0725,4.5
16,2,83,3.0346,4.5
16,2,54,3.2599,1.25
16,2,54,2.2805,1.25
16,2,13,5.4293,4.5
16,2,13,4.6241,4.5
16,2,85,3.1211,3.5
16,2,85,3.6268,3.5
16,2,40,3.5803,2.0
16,2,40,3.7095,2.0
16,2,15,3.5856,4.25
16,2,15,3.2093,4.25
16,2,112,2.3848,1.5
16,2,112,2.3774,1.5
16,2,87,3.4495,3.5
16,2,87,3.2664,3.5
16,2,42,2.9708,2.5
16,2,42,3.1413,2.5
16,2,114,4.2523,3.5
16,2,114,3.7299,3.5
16,2,73,3.1673,4.0
16,2,73,2.5185,4.0
16,2,44,3.6034,2.75
16,2,44,2.9237,2.75
16,2,116,2.9444,4.0
16,2,116,2.8391,4.0
16,2,46,3.5496,2.5
16,2,46,3.7248,2.5
16,2,5,3.1559,4.0
16,2,5,2.6936,4.0
16,2,77,3.3216,5.5
16,2,77,2.8474,5.5
16,2,32,2.9949,2.75
16,2,32,2.9525,2.75
16,2,7,4.7470,5.0
16,2,7,3.9721,5.0
16,2,104,4.3284,1.75
16,2,104,4.0730,1.75
16,2,79,3.2766,5.0
16,2,79,2.5234,5.0
16,2,34,2.7699,2.25
16,2,34,3.0041,2.25
16,2,106,3.4203,2.75
16,2,106,2.4721,2.75
16,2,65,2.4775,5.0
16,2,65,3.2107,5.0
16,2,36,3.6299,3.75
16,2,36,3.8868,3.75
16,2,108,1.1096,2.75
16,2,108,1.7883,2.75
16,2,67,2.8885,3.5
16,2,67,2.7128,3.5
16,2,38,3.1066,4.0
16,2,38,2.1981,4.0
16,2,110,3.5396,2.25
16,2,110,3.9906,2.25
16,2,69,3.3266,1.75
16,2,69,2.7518,1.75
16,2,24,3.7102,3.5
16,2,24,3.9072,3.5
16,2,96,2.5717,3.5
16,2,96,2.6183,3.5
16,2,71,3.7449,4.0
16,2,71,2.6815,4.0
16,2,26,3.1039,3.25
16,2,26,2.3765,3.25
16,2,98,4.1026,4.5
16,2,98,2.8320,4.5
16,2,57,2.9964,3.0
16,2,57,3.0963,3.0
16,2,28,3.6414,3.25
16,2,28,3.3338,3.25
16,2,100,2.5485,3.25
16,2,100,3.0593,3.25
16,2,59,3.5200,3.0
16,2,59,2.9483,3.0
16,2,30,3.7515,3.0
16,2,30,3.2561,3.0
16,2,102,3.1235,1.75
16,2,102,2.4418,1.75
16,2,61,2.4786,2.5
16,2,61,3.3004,2.5
16,2,88,4.3289,3.75
16,2,88,3.1801,3.75
16,2,90,2.3798,1.75
16,2,90,1.8365,1.75
16,2,49,3.4505,2.75
16,2,49,3.0784,2.75
16,2,92,3.3152,2.5
16,2,92,2.5342,2.5
16,2,51,3.2272,3.5
16,2,51,2.9609,3.5
16,2,22,3.0841,1.75
16,2,22,3.6225,1.75
16,2,94,2.7747,4.0
16,2,94,2.3765,4.0
16,2,53,3.6534,4.0
16,2,53,3.5151,4.0
16,2,8,4.3236,3.25
16,2,8,3.3162,3.25
16,2,80,3.4209,4.0
16,2,80,2.3319,4.0
16,2,55,3.0792,4.0
16,2,55,3.0472,4.0
16,2,10,4.6307,5.5
16,2,10,3.8285,5.5
16,2,82,3.6330,2.25
16,2,82,2.6665,2.25
16,2,41,3.6248,1.75
16,2,41,4.3335,1.75
16,2,12,3.8854,5.5
16,2,12,2.5007,5.5
16,2,113,3.2033,2.5
16,2,113,3.2333,2.5
16,2,84,3.2563,3.75
16,2,84,2.4650,3.75
16,2,43,2.9191,2.25
16,2,43,2.6247,2.25
16,2,14,3.7246,4.0
16,2,14,3.4288,4.0
16,2,115,3.9376,2.75
16,2,115,3.2450,2.75
16,2,86,3.7193,4.5
16,2,86,3.3015,4.5
16,2,45,3.3904,3.0
16,2,45,3.4464,3.0
16,2,72,2.6978,2.25
16,2,72,2.5766,2.25
16,2,47,3.8141,1.75
16,2,47,4.1854,1.75
16,2,33,3.3116,1.5
16,2,33,2.9152,1.5
16,2,105,3.5309,3.75
16,2,105,3.2002,3.75
16,2,76,3.3747,3.0
16,2,76,3.4192,3.0
16,2,35,4.7620,2.5
16,2,35,5.1448,2.5
16,2,6,3.3228,4.5
16,2,6,3.7239,4.5
17,1,87,4.5059,2.5
17,1,87,4.1653,2.5
17,1,56,3.9755,3.25
17,1,56,3.5568,3.25
17,1,31,1.9404,4.0
17,1,31,1.8290,4.0
17,1,73,3.5497,4.25
17,1,73,3.6263,4.25
17,1,17,4.5050,3.0
17,1,17,4.1700,3.0
17,1,75,1.5849,1.75
17,1,75,2.7511,1.75
17,1,60,1.8295,3.0
17,1,60,2.3453,3.0
17,1,19,4.2591,4.0
17,1,19,3.6152,4.0
17,1,77,2.2230,3.5
17,1,77,2.9276,3.5
17,1,62,0.8950,1.75
17,1,62,1.5590,1.75
17,1,21,2.5714,2.5
17,1,21,2.6278,2.5
17,1,104,3.4060,3.25
17,1,104,3.2067,3.25
17,1,79,3.3950,3.25
17,1,79,3.3105,3.25
17,1,23,4.3704,2.5
17,1,23,3.9901,2.5
17,1,106,4.1846,2.75
17,1,106,3.6837,2.75
17,1,65,1.2355,1.25
17,1,65,2.0224,1.25
17,1,50,3.7258,3.75
17,1,50,3.2496,3.75
17,1,9,0.9689,1.5
17,1,9,1.5268,1.5
17,1,108,2.7020,2.5
17,1,108,2.5226,2.5
17,1,67,2.5246,3.0
17,1,67,2.5463,3.0
17,1,52,3.3432,2.75
17,1,52,2.8425,2.75
17,1,11,0.9941,1.5
17,1,11,1.7800,1.5
17,1,110,2.1110,3.5
17,1,110,3.2024,3.5
17,1,69,2.1417,2.5
17,1,69,2.3356,2.5
17,1,54,3.5432,3.25
17,1,54,2.8375,3.25
17,1,96,3.1194,1.5
17,1,96,3.1681,1.5
17,1,40,3.9792,3.0
17,1,40,4.0947,3.0
17,1,98,3.0103,3.5
17,1,98,3.9675,3.5
17,1,42,1.5935,3.75
17,1,42,2.6293,3.75
17,1,100,4.4644,2.75
17,1,100,4.2946,2.75
17,1,44,3.7996,3.5
17,1,44,3.5233,3.5
17,1,102,3.0238,3.75
17,1,102,2.4778,3.75
17,1,46,1.7393,4.0
17,1,46,2.9929,4.0
17,1,5,1.7478,2.75
17,1,5,1.9873,2.75
17,1,88,3.2762,4.25
17,1,88,2.9773,4.25
17,1,32,4.1528,4.5
17,1,32,4.3783,4.5
17,1,7,2.3933,2.75
17,1,7,2.9705,2.75
17,1,90,2.7895,5.5
17,1,90,2.9950,5.5
17,1,34,1.6648,3.25
17,1,34,2.5139,3.25
17,1,92,3.5915,5.25
17,1,92,2.9106,5.25
17,1,36,2.6991,2.75
17,1,36,3.1643,2.75
17,1,94,4.7139,3.5
17,1,94,4.1326,3.5
17,1,38,3.3509,2.25
17,1,38,2.8859,2.25
17,1,80,4.6235,4.25
17,1,80,3.7655,4.25
17,1,24,4.0927,3.25
17,1,24,3.7807,3.25
17,1,82,3.3566,5.0
17,1,82,3.2882,5.0
17,1,26,3.6645,3.0
17,1,26,3.0797,3.0
17,1,84,3.5836,4.25
17,1,84,3.5816,4.25
17,1,28,4.2322,4.25
17,1,28,3.9178,4.25
17,1,86,2.5937,4.0
17,1,86,2.7888,4.0
17,1,59,1.3584,2.5
17,1,59,1.7986,2.5
17,1,30,2.3633,5.25
17,1,30,2.8007,5.25
17,1,72,3.0950,5.25
17,1,72,2.9149,5.25
17,1,61,1.6097,2.25
17,1,61,2.2267,2.25
17,1,74,2.8113,3.25
17,1,74,2.9483,3.25
17,1,63,1.6675,1.75
17,1,63,2.0375,1.75
17,1,18,3.1654,2.75
17,1,18,3.2880,2.75
17,1,105,2.8646,3.75
17,1,105,2.4956,3.75
17,1,76,2.6918,4.5
17,1,76,2.8713,4.5
17,1,20,2.8197,3.5
17,1,20,2.7010,3.5
17,1,107,3.1549,3.25
17,1,107,2.8271,3.25
17,1,78,2.5469,4.25
17,1,78,2.9131,4.25
17,1,51,3.9376,3.0
17,1,51,3.5711,3.0
17,1,22,2.4038,3.0
17,1,22,2.0811,3.0
17,1,109,2.1667,2.5
17,1,109,2.5822,2.5
17,1,64,1.5447,1.0
17,1,64,1.9937,1.0
17,1,53,4.5831,2.75
17,1,53,4.1957,2.75
17,1,8,1.9338,2.75
17,1,8,2.3021,2.75
17,1,111,1.8761,2.0
17,1,111,3.0136,2.0
17,1,66,1.8796,0.75
17,1,66,2.4356,0.75
17,1,55,2.2135,2.5
17,1,55,2.8760,2.5
17,1,10,1.1937,1.5
17,1,10,1.6423,1.5
17,1,97,3.5372,2.5
17,1,97,4.0268,2.5
17,1,68,2.9436,3.75
17,1,68,2.1326,3.75
17,1,41,3.2049,3.25
17,1,41,3.2250,3.25
17,1,12,1.6992,2.25
17,1,12,2.2585,2.25
17,1,99,3.3657,3.5
17,1,99,2.9408,3.5
17,1,43,3.8433,4.25
17,1,43,3.7564,4.25
17,1,14,1.8244,1.5
17,1,14,2.0713,1.5
17,1,101,3.4825,3.0
17,1,101,4.1466,3.0
17,1,45,3.7197,3.0
17,1,45,3.6425,3.0
17,1,103,3.0367,3.0
17,1,103,2.4613,3.0
17,1,89,3.3565,3.25
17,1,89,3.2859,3.25
17,1,33,2.7863,3.75
17,1,33,2.2692,3.75
17,1,4,1.6941,2.75
17,1,4,2.1352,2.75
17,1,91,3.5062,3.5
17,1,91,3.1341,3.5
17,1,35,3.9830,2.5
17,1,35,3.4953,2.5
17,1,6,1.8064,2.75
17,1,6,1.7363,2.75
17,1,93,3.2373,3.5
17,1,93,2.4620,3.5
17,1,37,4.4020,2.5
17,1,37,4.2086,2.5
17,1,95,4.1604,5.25
17,1,95,4.0718,5.25
17,1,39,1.4354,4.5
17,1,39,2.6676,4.5
17,1,81,2.9272,4.5
17,1,81,2.5835,4.5
17,1,25,1.9842,3.75
17,1,25,3.3449,3.75
17,1,83,3.0575,3.5
17,1,83,2.8404,3.5
17,1,27,4.5863,4.5
17,1,27,4.6888,4.5
17,1,85,3.2921,4.75
17,1,85,3.3065,4.75
17,1,29,3.1338,4.0
17,1,29,3.6112,4.0
18,1,94,1.3998,2.5
18,1,94,3.2561,2.5
18,1,20,1.7754,2.75
18,1,20,2.5720,2.75
18,1,49,1.9118,1.5
18,1,49,2.8961,1.5
18,1,92,2.1824,2.25
18,1,92,3.5652,2.25
18,1,18,2.3187,2.75
18,1,18,2.6955,2.75
18,1,47,2.2302,1.75
18,1,47,2.4348,1.75
18,1,90,2.0782,2.5
18,1,90,2.6307,2.5
18,1,16,2.4372,2.33333
18,1,16,2.7332,2.33333
18,1,45,1.7242,4.75
18,1,45,3.0122,4.75
18,1,88,1.4200,2.75
18,1,88,2.9253,2.75
18,1,43,1.4320,4.25
18,1,43,2.6582,4.25
18,1,86,2.9254,2.5
18,1,86,3.5499,2.5
18,1,12,2.6444,6.0
18,1,12,3.4145,6.0
18,1,41,3.2566,4.0
18,1,41,4.7805,4.0
18,1,84,1.9465,4.5
18,1,84,3.4347,4.5
18,1,10,2.6340,1.75
18,1,10,3.3661,1.75
18,1,39,2.4098,4.0
18,1,39,4.1749,4.0
18,1,82,0.9897,3.25
18,1,82,2.4908,3.25
18,1,111,0.9197,2.75
18,1,111,2.2731,2.75
18,1,8,1.6913,2.25
18,1,8,0.5606,2.25
18,1,37,1.9505,2.75
18,1,37,2.9789,2.75
18,1,80,0.3768,3.5
18,1,80,1.9372,3.5
18,1,109,2.7960,3.0
18,1,109,4.6789,3.0
18,1,6,3.2249,3.5
18,1,6,2.8195,3.5
18,1,35,0.8560,2.25
18,1,35,2.4256,2.25
18,1,78,-0.3368,2.0
18,1,78,1.7954,2.0
18,1,107,1.7178,3.0
18,1,107,3.0468,3.0
18,1,4,2.1331,3.0
18,1,4,2.4074,3.0
18,1,33,0.6329,1.0
18,1,33,2.1940,1.0
18,1,76,-0.0857,2.0
18,1,76,2.0706,2.0
18,1,105,1.7637,1.75
18,1,105,3.5162,1.75
18,1,2,2.6260,4.25
18,1,2,2.2415,4.25
18,1,74,1.7667,1.5
18,1,74,1.9362,1.5
18,1,103,1.4849,2.0
18,1,103,2.5940,2.0
18,1,101,1.2383,2.25
18,1,101,2.3623,2.25
18,1,62,2.1461,1.5
18,1,62,2.1321,1.5
18,1,99,1.5460,2.5
18,1,99,2.3836,2.5
18,1,60,1.6655,1.0
18,1,60,1.8499,1.0
18,1,68,1.6387,2.5
18,1,68,2.2405,2.5
18,1,97,2.0847,3.25
18,1,97,3.6268,3.25
18,1,66,1.9855,1.75
18,1,66,2.1699,1.75
18,1,31,2.0699,3.75
18,1,31,2.6779,3.75
18,1,56,1.7344,3.25
18,1,56,3.0437,3.25
18,1,64,1.4304,2.25
18,1,64,2.2259,2.25
18,1,29,2.5290,3.75
18,1,29,3.8133,3.75
18,1,54,1.9852,1.25
18,1,54,2.3851,1.25
18,1,27,2.4312,3.75
18,1,27,4.3102,3.75
18,1,25,3.9439,3.0
18,1,25,5.0129,3.0
18,1,50,2.0070,2.25
18,1,50,2.1683,2.25
18,1,23,3.2219,2.5
18,1,23,5.3380,2.5
18,1,48,1.6354,1.75
18,1,48,3.1284,1.75
18,1,95,2.2624,4.25
18,1,95,3.5052,4.25
18,1,21,2.1261,2.5
18,1,21,2.3571,2.5
18,1,46,2.5952,2.25
18,1,46,3.2202,2.25
18,1,93,1.8237,2.0
18,1,93,2.9675,2.0
18,1,19,0.5774,2.75
18,1,19,2.2508,2.75
18,1,44,3.1170,2.5
18,1,44,5.0086,2.5
18,1,91,1.6926,2.5
18,1,91,2.7324,2.5
18,1,17,2.3468,3.0
18,1,17,3.0155,3.0
18,1,42,2.2950,2.5
18,1,42,2.8195,2.5
18,1,89,0.9019,2.25
18,1,89,3.0883,2.25
18,1,40,1.5154,4.0
18,1,40,2.5148,4.0
18,1,87,2.1268,3.25
18,1,87,4.0610,3.25
18,1,112,2.1627,1.25
18,1,112,4.1268,1.25
18,1,38,2.2891,3.5
18,1,38,3.1177,3.5
18,1,85,0.7958,4.0
18,1,85,2.9547,4.0
18,1,110,1.4747,1.75
18,1,110,2.9397,1.75
18,1,11,1.1613,5.75
18,1,11,2.6473,5.75
18,1,36,0.9116,2.25
18,1,36,2.5378,2.25
18,1,83,0.7587,3.75
18,1,83,2.5928,3.75
18,1,108,1.5858,2.5
18,1,108,2.6520,2.5
18,1,9,1.2117,2.0
18,1,9,2.3277,2.0
18,1,34,2.0133,2.25
18,1,34,2.5720,2.25
18,1,81,1.2236,3.75
18,1,81,3.1646,3.75
18,1,106,1.3918,1.25
18,1,106,2.9842,1.25
18,1,7,2.2155,2.5
18,1,7,2.3426,2.5
18,1,32,1.7086,1.25
18,1,32,2.2150,1.25
18,1,79,0.4552,2.25
18,1,79,2.4016,2.25
18,1,104,2.1206,3.25
18,1,104,2.4582,3.25
18,1,5,1.9886,1.5
18,1,5,2.2841,1.5
18,1,77,2.2137,1.0
18,1,77,2.3702,1.0
18,1,102,2.2911,2.25
18,1,102,3.3633,2.25
18,1,3,1.6297,2.25
18,1,3,2.3611,2.25
18,1,75,-0.3486,1.0
18,1,75,1.9453,1.0
18,1,100,1.4224,3.75
18,1,100,2.9777,3.75
18,1,73,0.3843,2.0
18,1,73,1.9717,2.0
18,1,98,0.6541,2.25
18,1,98,2.3968,2.25
18,1,96,2.1981,2.5
18,1,96,2.6283,2.5
18,1,61,1.9409,3.25
18,1,61,1.8326,3.25
18,1,69,1.7901,1.0
18,1,69,2.3826,1.0
18,1,30,1.9637,2.75
18,1,30,2.8669,2.75
18,1,59,1.9389,1.66667
18,1,59,2.3495,1.66667
18,1,67,2.1297,1.0
18,1,67,1.9245,1.0
18,1,28,2.7194,3.25
18,1,28,4.4864,3.25
18,1,65,2.7031,1.0
18,1,65,2.7317,1.0
18,1,26,2.5114,2.75
18,1,26,4.0174,2.75
18,1,55,1.9813,1.75
18,1,55,3.0409,1.75
18,1,24,2.5493,3.25
18,1,24,4.6633,3.25
18,1,53,2.4032,3.25
18,1,53,3.1279,3.25
18,1,22,3.1723,3.75
18,1,22,3.6761,3.75
18,1,51,1.8906,1.25
18,1,51,2.2169,1.25
