3,1,47,6.72287273407,4.25
3,1,47,6.72279214859,4.25
3,1,10,4.9784078598,2.875
3,1,10,4.97804737091,2.875
3,1,101,5.39643335342,4.375
3,1,101,5.39644002914,4.375
3,1,64,4.7242975235,5.75
3,1,64,4.72444438934,5.75
3,1,45,4.60257291794,4.25
3,1,45,4.6032705307,4.25
3,1,8,4.12314128876,3.5
3,1,8,4.12279653549,3.5
3,1,99,4.19017410278,1.5
3,1,99,4.19679832458,1.5
3,1,94,3.74556469917,3.25
3,1,94,3.74558353424,3.25
3,1,43,4.23839902878,4.0
3,1,43,4.23826122284,4.0
3,1,6,4.08729076385,4.5
3,1,6,4.08758115768,4.5
3,1,97,3.53398633003,1.25
3,1,97,3.53409790993,1.25
3,1,92,4.38473176956,3.5
3,1,92,4.38370418549,3.5
3,1,41,4.75442266464,3.25
3,1,41,4.75437259674,3.25
3,1,4,5.52844238281,3.25
3,1,4,5.52853679657,3.25
3,1,90,5.03026008606,3.75
3,1,90,5.0296330452,3.75
3,1,39,3.9759106636,5.75
3,1,39,3.97598648071,5.75
3,1,2,4.13071393967,4.5
3,1,2,4.13082647324,4.5
3,1,88,2.77095937729,4.0
3,1,88,2.7712020874,4.0
3,1,37,4.54237413406,3.125
3,1,37,4.54240655899,3.125
3,1,86,4.42236614227,4.25
3,1,86,4.42223119736,4.25
3,1,35,6.46437549591,4.375
3,1,35,6.46463346481,4.375
3,1,30,4.07498168945,4.5
3,1,30,4.07514858246,4.5
3,1,84,5.18038845062,3.75
3,1,84,5.18195962906,3.75
3,1,33,3.15434217453,3.0
3,1,33,3.15446305275,3.0
3,1,28,4.7136554718,4.75
3,1,28,4.71362304688,4.75
3,1,82,3.88613438606,3.0
3,1,82,3.8644721508,3.0
3,1,63,5.08538722992,4.75
3,1,63,5.08524274826,4.75
3,1,26,5.22639799118,4.0
3,1,26,5.2263712883,4.0
3,1,80,3.21296334267,2.75
3,1,80,3.21149468422,2.75
3,1,61,3.35224843025,5.5
3,1,61,3.35221385956,5.5
3,1,24,3.69375109673,4.5
3,1,24,3.69329214096,4.5
3,1,59,4.60362672806,5.5
3,1,59,4.60333013535,5.5
3,1,22,4.060546875,4.83333
3,1,22,4.06053781509,4.83333
3,1,57,4.64012908936,4.875
3,1,57,4.64041233063,4.875
3,1,20,5.66125583649,2.5
3,1,20,5.66156148911,2.5
3,1,79,4.74488353729,5.25
3,1,79,4.74477910995,5.25
3,1,55,5.02718400955,3.25
3,1,55,5.02707242966,3.25
3,1,18,4.07157182693,3.75
3,1,18,4.07157087326,3.75
3,1,77,4.17169237137,4.5
3,1,77,4.17237901688,4.5
3,1,16,6.19873666763,4.75
3,1,16,6.19859695435,4.75
3,1,75,4.34429216385,4.0
3,1,75,4.34481430054,4.0
3,1,51,3.68868279457,4.5
3,1,51,3.6885766983,4.5
3,1,73,3.32175421715,3.0
3,1,73,3.32164239883,3.0
3,1,49,4.67206192017,5.0
3,1,49,4.67162322998,5.0
3,1,108,4.74814271927,2.25
3,1,108,4.74826622009,2.25
3,1,71,4.67935943604,2.0
3,1,71,4.67980718613,2.0
3,1,15,4.89117002487,5.0
3,1,15,4.89110898972,5.0
3,1,106,3.70298910141,2.75
3,1,106,3.7028093338,2.75
3,1,104,5.69401168823,3.5
3,1,104,5.69413566589,3.5
3,1,102,2.98816251755,5.25
3,1,102,2.98816347122,5.25
3,1,65,4.74093914032,6.25
3,1,65,4.74076032639,6.25
3,1,46,5.65062046051,5.0
3,1,46,5.65073394775,5.0
3,1,9,3.96135044098,2.75
3,1,9,3.96126937866,2.75
3,1,100,3.50083088875,2.375
3,1,100,3.50058913231,2.375
3,1,95,3.17078304291,3.75
3,1,95,3.17068696022,3.75
3,1,44,4.10743141174,3.0
3,1,44,4.10811805725,3.0
3,1,7,6.6970911026,4.75
3,1,7,6.6971373558,4.75
3,1,98,5.67834854126,1.75
3,1,98,5.67836809158,1.75
3,1,93,4.10447788239,3.25
3,1,93,4.10457611084,3.25
3,1,5,4.4568157196,6.0
3,1,5,4.45659160614,6.0
3,1,96,4.18214607239,3.875
3,1,96,4.18241596222,3.875
3,1,91,4.07219791412,4.0
3,1,91,4.07192659378,4.0
3,1,40,4.85576868057,5.0
3,1,40,4.85576295853,5.0
3,1,3,5.4619474411,3.0
3,1,3,5.4620552063,3.0
3,1,89,5.64454889297,4.25
3,1,89,5.63897371292,4.25
3,1,38,3.57235264778,4.5
3,1,38,3.57239747047,4.5
3,1,1,3.65211582184,3.875
3,1,1,3.65200710297,3.875
3,1,87,3.79576730728,4.25
3,1,87,3.79802203178,4.25
3,1,36,5.22695541382,3.5
3,1,36,5.22708511353,3.5
3,1,31,3.86754179001,3.66667
3,1,31,3.8675661087,3.66667
3,1,85,3.53495669365,2.0
3,1,85,3.53450012207,2.0
3,1,34,4.7871837616,4.125
3,1,34,4.78734064102,4.125
3,1,29,6.32469129562,1.25
3,1,29,6.32474803925,1.25
3,1,83,4.12470340729,4.5
3,1,83,4.1241941452,4.5
3,1,32,3.6412320137,4.5
3,1,32,3.64173722267,4.5
3,1,27,3.72533965111,5.25
3,1,27,3.74242758751,5.25
3,1,81,3.59646892548,2.75
3,1,81,3.59627580643,2.75
3,1,62,4.42630672455,4.375
3,1,62,4.4276175499,4.375
3,1,25,5.84947538376,5.5
3,1,25,5.84914207458,5.5
3,1,60,3.83178186417,5.5
3,1,60,3.83185839653,5.5
3,1,23,4.06303119659,3.875
3,1,23,4.06295776367,3.875
3,1,58,5.25203704834,4.5
3,1,58,5.25240421295,4.5
3,1,21,4.59927415848,4.5
3,1,21,4.59923315048,4.5
3,1,56,4.63993167877,4.0
3,1,56,4.64040088654,4.0
3,1,19,5.92779827118,4.125
3,1,19,5.92821741104,4.125
3,1,78,4.06977415085,5.25
3,1,78,4.07001543045,5.25
3,1,17,3.5856153965,5.0
3,1,17,3.58544230461,5.0
3,1,76,5.35963106155,4.0
3,1,76,5.35955524445,4.0
3,1,52,4.1976480484,3.5
3,1,52,4.19811582565,3.5
3,1,74,4.86328411102,4.0
3,1,74,4.86338663101,4.0
3,1,50,4.36546897888,4.66667
3,1,50,4.36565589905,4.66667
3,1,48,5.05469703674,2.5
3,1,48,5.05461359024,2.5
3,1,107,2.84888696671,5.25
3,1,107,2.84887385368,5.25
3,1,70,4.12874174118,2.75
3,1,70,4.12831640244,2.75
3,1,14,3.67234802246,3.75
3,1,14,3.67235851288,3.75
3,1,105,3.12412691116,1.25
3,1,105,3.12396764755,1.25
3,1,103,4.37603473663,1.5
3,1,103,4.37645149231,1.5
3,1,66,3.7360868454,3.0
3,1,66,3.73518514633,3.0
3,2,82,3.37547254562,3.25
3,2,82,3.37501788139,3.25
3,2,61,5.01158094406,4.375
3,2,61,5.01163768768,4.375
3,2,80,4.07815933228,4.75
3,2,80,4.07822990417,4.75
3,2,30,6.33987092972,3.625
3,2,30,6.33964109421,3.625
3,2,35,4.50323057175,3.875
3,2,35,4.50288057327,3.875
3,2,86,3.62855625153,2.75
3,2,86,3.628937006,2.75
3,2,28,4.48996925354,4.0
3,2,28,4.48948383331,4.0
3,2,33,4.86135625839,5.0
3,2,33,4.86154699326,5.0
3,2,84,5.47471952438,4.0
3,2,84,5.47463417053,4.0
3,2,2,5.08263587952,1.875
3,2,2,5.08197021484,1.875
3,2,39,4.41223907471,4.25
3,2,39,4.4124007225,4.25
3,2,90,3.44805312157,4.25
3,2,90,3.44833803177,4.25
3,2,37,3.77566981316,2.25
3,2,37,3.77670907974,2.25
3,2,88,3.51346874237,4.0
3,2,88,3.5130879879,4.0
3,2,6,5.26735544205,5.25
3,2,6,5.26692867279,5.25
3,2,43,3.75910305977,4.0
3,2,43,3.75764107704,4.0
3,2,94,5.15883874893,3.75
3,2,94,5.15873908997,3.75
3,2,99,3.95462322235,2.625
3,2,99,3.95486783981,2.625
3,2,41,4.89521741867,3.5
3,2,41,4.89517688751,3.5
3,2,92,6.80461359024,3.25
3,2,92,6.80459737778,3.25
3,2,97,3.61997079849,5.0
3,2,97,3.62002587318,5.0
3,2,10,4.18365812302,4.0
3,2,10,4.18514680862,4.0
3,2,47,4.72972297668,3.875
3,2,47,4.72988891602,3.875
3,2,66,4.90500545502,3.75
3,2,66,4.90491628647,3.75
3,2,103,3.79780650139,4.0
3,2,103,3.79765057564,4.0
3,2,8,3.13826751709,6.0
3,2,8,3.1382393837,6.0
3,2,45,5.40461969376,3.25
3,2,45,5.40243434906,3.25
3,2,64,4.55893611908,2.375
3,2,64,4.55878067017,2.375
3,2,101,2.66905331612,3.125
3,2,101,2.66886568069,3.125
3,2,14,4.12759160995,3.75
3,2,14,4.12718248367,3.75
3,2,70,5.6963968277,3.66667
3,2,70,5.69641399384,3.66667
3,2,107,3.71362686157,4.625
3,2,107,3.71391844749,4.625
3,2,12,5.02613925934,5.25
3,2,12,5.02739191055,5.25
3,2,68,5.15304422379,5.5
3,2,68,5.15309238434,5.5
3,2,105,5.51556634903,3.5
3,2,105,5.51578140259,3.5
3,2,50,4.6073384285,3.75
3,2,50,4.60856723785,3.75
3,2,74,3.99349999428,3.25
3,2,74,3.99360823631,3.25
3,2,111,2.74761891365,3.5
3,2,111,2.74947762489,3.5
3,2,48,3.44185018539,4.25
3,2,48,3.44172310829,4.25
3,2,109,4.87137460709,1.95833
3,2,109,4.87132072449,1.95833
3,2,78,2.71000361443,2.75
3,2,78,2.710034132,2.75
3,2,52,3.62583565712,1.5
3,2,52,3.62497663498,1.5
3,2,56,4.20842981339,4.25
3,2,56,4.2086482048,4.25
3,2,112,3.68887019157,4.0
3,2,112,3.68846511841,4.0
3,2,62,5.20799875259,5.25
3,2,62,5.20812273026,5.25
3,2,27,3.13081169128,4.0
3,2,27,3.13104295731,4.0
3,2,60,4.61913156509,3.75
3,2,60,4.61907243729,3.75
3,2,83,3.13208007812,4.25
3,2,83,3.13204789162,4.25
3,2,34,3.45572566986,3.5
3,2,34,3.455337286,3.5
3,2,81,5.1906170845,4.375
3,2,81,5.19083690643,4.375
3,2,31,5.54403400421,3.25
3,2,31,5.54401874542,3.25
3,2,32,5.10691976547,3.25
3,2,32,5.10686969757,3.25
3,2,87,4.80770778656,3.75
3,2,87,4.80766630173,3.75
3,2,29,3.99763607979,4.0
3,2,29,3.998670578,4.0
3,2,38,5.46039962769,3.25
3,2,38,5.46024465561,3.25
3,2,85,4.36867904663,3.25
3,2,85,4.36864614487,3.25
3,2,36,5.52837181091,2.75
3,2,36,5.5265378952,2.75
3,2,91,3.93697047234,4.5
3,2,91,3.93683481216,4.5
3,2,42,4.9332857132,2.5
3,2,42,4.93304729462,2.5
3,2,89,4.64315700531,3.25
3,2,89,4.64343070984,3.25
3,2,98,4.12727832794,4.5
3,2,98,4.13133859634,4.5
3,2,7,4.16545534134,6.0
3,2,7,4.1654176712,6.0
3,2,40,4.28371286392,2.75
3,2,40,4.28746891022,2.75
3,2,95,1.74112415314,1.5
3,2,95,1.74112284184,1.5
3,2,96,3.23271036148,3.125
3,2,96,3.23188924789,3.125
3,2,5,4.71265029907,3.25
3,2,5,4.7128071785,3.25
3,2,46,6.30479812622,4.5
3,2,46,6.30476617813,4.5
3,2,93,0.84463685751,5.0
3,2,93,0.84434658289,5.0
3,2,102,2.12694096565,2.0
3,2,102,2.12676501274,2.0
3,2,11,6.34648036957,4.125
3,2,11,6.34615087509,4.125
3,2,44,4.52073001862,5.0
3,2,44,4.52075099945,5.0
3,2,67,3.91615891457,5.25
3,2,67,3.91280913353,5.25
3,2,100,5.32656955719,1.25
3,2,100,5.32614994049,1.25
3,2,9,3.4445681572,4.5
3,2,9,3.44440507889,4.5
3,2,65,3.69208931923,3.0
3,2,65,3.69191431999,3.0
3,2,106,3.61956787109,3.875
3,2,106,3.61960434914,3.875
3,2,71,5.14188718796,2.375
3,2,71,5.14161539078,2.375
3,2,104,3.90053892136,3.5
3,2,104,3.89673089981,3.5
3,2,13,5.81557416916,5.0
3,2,13,5.81545162201,5.0
3,2,69,5.2701177597,1.25
3,2,69,5.27014303207,1.25
3,2,110,3.95161557198,4.25
3,2,110,3.95133304596,4.25
3,2,51,3.01365637779,4.0
3,2,51,3.01348590851,4.0
3,2,108,3.13078117371,4.0
3,2,108,3.13077878952,4.0
3,2,49,3.79448795319,2.75
3,2,49,3.79490923882,2.75
3,2,73,3.6889629364,3.75
3,2,73,3.68828773499,3.75
3,2,55,3.6878194809,3.33333
3,2,55,3.68783211708,3.33333
3,2,79,4.02955675125,3.75
3,2,79,4.02944278717,3.75
3,2,53,3.33468389511,4.5
3,2,53,3.33483839035,4.5
3,2,77,4.18979883194,2.25
3,2,77,4.1900267601,2.25
3,2,59,3.43379020691,2.25
3,2,59,3.43353891373,2.25
3,2,113,4.47382259369,3.0
3,2,113,4.4737663269,3.0
3,2,26,4.92399072647,2.5
3,2,26,4.92337322235,2.5
3,2,63,4.10478019714,1.25
3,2,63,4.10483169556,1.25
4,1,29,2.12887024879,3.0
4,1,29,2.12886738777,3.0
4,1,58,5.08001613617,2.25
4,1,58,5.07992696762,2.25
4,1,85,3.04416418076,2.5
4,1,85,3.04423046112,2.5
4,1,114,2.64573669434,1.5
4,1,114,2.64583921432,1.5
4,1,31,2.55065107346,2.25
4,1,31,2.55060744286,2.25
4,1,36,2.39718437195,0.875
4,1,36,2.39713335037,0.875
4,1,87,2.63890123367,3.25
4,1,87,2.6389465332,3.25
4,1,25,3.38909482956,1.5
4,1,25,3.38899970055,1.5
4,1,38,2.32728385925,2.5
4,1,38,2.32727980614,2.5
4,1,81,2.74671888351,3.0
4,1,81,2.74670314789,3.0
4,1,27,2.45995545387,2.75
4,1,27,2.45958948135,2.75
4,1,32,2.2589597702,1.5
4,1,32,2.25841927528,1.5
4,1,83,2.59776139259,3.25
4,1,83,2.59774160385,3.25
4,1,5,2.38832163811,1.0
4,1,5,2.38831686974,1.0
4,1,34,2.56548523903,1.5
4,1,34,2.56605005264,1.5
4,1,93,2.75155329704,3.0
4,1,93,2.75154733658,3.0
4,1,7,2.72763156891,1.75
4,1,7,2.72776675224,1.75
4,1,95,2.6969435215,3.5
4,1,95,2.69681477547,3.5
4,1,100,2.5114235878,0.75
4,1,100,2.51154065132,0.75
4,1,46,2.32057642937,3.75
4,1,46,2.32054829597,3.75
4,1,89,2.25208377838,1.75
4,1,89,2.25215888023,1.75
4,1,102,2.37668991089,1.5
4,1,102,2.37687659264,1.5
4,1,3,2.77394938469,3.5
4,1,3,2.77385997772,3.5
4,1,40,2.54440617561,4.0
4,1,40,2.54455780983,4.0
4,1,91,2.68331694603,2.25
4,1,91,2.68345832825,2.25
4,1,96,2.6390235424,2.75
4,1,96,2.63870215416,2.75
4,1,13,2.43091273308,1.5
4,1,13,2.43092393875,1.5
4,1,42,2.53520917892,1.75
4,1,42,2.53523159027,1.75
4,1,69,3.21655416489,5.5
4,1,69,3.21668124199,5.5
4,1,98,2.52577233315,3.25
4,1,98,2.52236509323,3.25
4,1,15,2.23960542679,0.75
4,1,15,2.23927927017,0.75
4,1,71,2.57611870766,2.125
4,1,71,2.57606244087,2.125
4,1,108,2.82042622566,3.25
4,1,108,2.82039260864,3.25
4,1,9,2.61373376846,1.0
4,1,9,2.61260032654,1.0
4,1,65,2.87472915649,4.75
4,1,65,2.87477874756,4.75
4,1,110,2.79224395752,4.0
4,1,110,2.79212975502,4.0
4,1,11,2.48704242706,1.0
4,1,11,2.48707413673,1.0
4,1,67,2.72214460373,1.75
4,1,67,2.72229909897,1.75
4,1,104,2.91118788719,1.25
4,1,104,2.91106152534,1.25
4,1,53,4.57010984421,2.5
4,1,53,4.57010602951,2.5
4,1,77,3.3610599041,2.625
4,1,77,3.36109280586,2.625
4,1,106,2.34813952446,2.125
4,1,106,2.34806442261,2.125
4,1,55,2.63592982292,2.5
4,1,55,2.6359205246,2.5
4,1,79,2.88166284561,6.75
4,1,79,2.88164639473,6.75
4,1,49,4.15067863464,4.25
4,1,49,4.15070056915,4.25
4,1,73,2.8963098526,4.25
4,1,73,2.89627456665,4.25
4,1,22,2.61414980888,1.25
4,1,22,2.61416292191,1.25
4,1,51,4.41845607758,2.75
4,1,51,4.4183139801,2.75
4,1,75,3.02821040154,4.75
4,1,75,3.02248573303,4.75
4,1,16,2.36570572853,1.0
4,1,16,2.36641764641,1.0
4,1,117,2.68800711632,1.25
4,1,117,2.68805813789,1.25
4,1,63,2.784491539,1.0
4,1,63,2.78450536728,1.0
4,1,28,2.49988675117,2.625
4,1,28,2.4999973774,2.625
4,1,57,2.7057056427,2.75
4,1,57,2.70573592186,2.75
4,1,84,2.96462988853,2.5
4,1,84,2.96458363533,2.5
4,1,113,2.86389255524,3.25
4,1,113,2.86435580254,3.25
4,1,30,2.81592559814,1.125
4,1,30,2.81583595276,1.125
4,1,59,4.19177722931,1.875
4,1,59,4.19181346893,1.875
4,1,86,2.21147894859,1.66667
4,1,86,2.21179294586,1.66667
4,1,115,2.6365339756,3.5
4,1,115,2.63687133789,3.5
4,1,24,2.86142349243,2.0
4,1,24,2.86142086983,2.0
4,1,37,2.81493544579,2.25
4,1,37,2.81504654884,2.25
4,1,80,2.71599888802,3.5
4,1,80,2.71597266197,3.5
4,1,26,2.59226560593,4.375
4,1,26,2.59208369255,4.375
4,1,39,3.55290913582,2.5
4,1,39,3.55269670486,2.5
4,1,82,2.64021801949,6.5
4,1,82,2.6402361393,6.5
4,1,4,2.51991200447,1.5
4,1,4,2.51972222328,1.5
4,1,33,2.18068790436,1.5
4,1,33,2.17901539803,1.5
4,1,92,3.23563051224,2.0
4,1,92,3.23596692085,2.0
4,1,6,2.47156023979,1.5
4,1,6,2.47162365913,1.5
4,1,35,2.68071770668,1.75
4,1,35,2.6806435585,1.75
4,1,94,2.55642533302,1.5
4,1,94,2.55616402626,1.5
4,1,45,4.31293058395,2.125
4,1,45,4.31299543381,2.125
4,1,88,2.9198486805,1.5
4,1,88,2.91988420486,1.5
4,1,101,2.71309137344,3.875
4,1,101,2.7131664753,3.875
4,1,47,2.55216121674,2.125
4,1,47,2.55224275589,2.125
4,1,90,3.8119430542,1.375
4,1,90,3.81209874153,1.375
4,1,103,2.65050983429,1.0
4,1,103,2.65050172806,1.0
4,1,12,2.35123181343,2.5
4,1,12,2.35052371025,2.5
4,1,41,3.70647573471,2.5
4,1,41,3.70648312569,2.5
4,1,68,2.71814918518,5.5
4,1,68,2.71817946434,5.5
4,1,97,2.68762397766,1.625
4,1,97,2.68814349174,1.625
4,1,70,4.28761291504,5.25
4,1,70,4.28787231445,5.25
4,1,99,2.58529353142,2.375
4,1,99,2.58528518677,2.375
4,1,8,2.54587745667,0.75
4,1,8,2.54585790634,0.75
4,1,64,2.7583990097,3.5
4,1,64,2.75826454163,3.5
4,1,109,2.87527918816,2.75
4,1,109,2.87521862984,2.75
4,1,10,2.37079381943,3.0
4,1,10,2.37073636055,3.0
4,1,66,2.78383708,1.0
4,1,66,2.78381848335,1.0
4,1,111,2.37823152542,3.5
4,1,111,2.37816643715,3.5
4,1,52,2.40250563622,3.25
4,1,52,2.40248155594,3.25
4,1,105,3.17920517921,3.625
4,1,105,3.17916679382,3.625
4,1,54,4.2463183403,3.375
4,1,54,4.24629592896,3.375
4,1,78,3.86704564095,3.25
4,1,78,3.86692476273,3.25
4,1,48,5.07508945465,1.5
4,1,48,5.07508802414,1.5
4,1,72,2.34610152245,2.375
4,1,72,2.34606647491,2.375
4,1,50,2.52360153198,2.0
4,1,50,2.52359223366,2.0
4,1,74,2.54794669151,3.5
4,1,74,2.54824566841,3.5
4,1,23,2.55560231209,1.0
4,1,23,2.55568146706,1.0
4,1,116,3.29187059402,1.75
4,1,116,3.29183411598,1.75
4,1,118,3.26738905907,4.5
4,1,118,3.26731085777,4.5
4,1,56,2.64904785156,2.0
4,1,56,2.6487827301,2.0
4,1,112,2.6214261055,1.0
4,1,112,2.62174534798,1.0
7,1,40,3.99402880669,5.5
7,1,40,3.90483117104,5.5
7,1,3,3.93922567368,4.75
7,1,3,3.87318563461,4.75
7,1,102,3.91280722618,4.25
7,1,102,4.15871143341,4.25
7,1,46,3.86580181122,4.0
7,1,46,3.94848656654,4.0
7,1,1,4.00393772125,3.5
7,1,1,4.01600837708,3.5
7,1,44,3.94908237457,6.25
7,1,44,3.93740606308,6.25
7,1,7,3.97003412247,2.25
7,1,7,4.01767683029,2.25
7,1,90,4.02298545837,4.0
7,1,90,3.94932818413,4.0
7,1,34,4.06356906891,5.5
7,1,34,4.15761756897,5.5
7,1,5,3.89515757561,4.75
7,1,5,3.88072276115,4.75
7,1,88,3.84805059433,6.5
7,1,88,3.9384727478,6.5
7,1,32,4.238073349,3.75
7,1,32,3.94870948792,3.75
7,1,94,4.03087949753,3.0
7,1,94,3.95628070831,3.0
7,1,38,3.88515901566,3.5
7,1,38,4.03800678253,3.5
7,1,92,3.95222115517,5.75
7,1,92,3.98129725456,5.75
7,1,36,4.01443910599,4.25
7,1,36,3.95022726059,4.25
7,1,82,4.04165363312,5.25
7,1,82,3.83727812767,5.25
7,1,26,4.06518650055,3.0
7,1,26,4.08172559738,3.0
7,1,80,3.88033103943,2.0
7,1,80,3.88747262955,2.0
7,1,24,3.88986515999,5.0
7,1,24,3.86454963684,5.0
7,1,86,3.94969177246,3.25
7,1,86,3.97721672058,3.25
7,1,59,3.53501796722,5.25
7,1,59,4.13718366623,5.25
7,1,30,4.07070684433,3.0
7,1,30,4.04063558578,3.0
7,1,84,3.84030914307,4.75
7,1,84,3.97466897964,4.75
7,1,57,3.94562244415,4.25
7,1,57,4.1205739975,4.25
7,1,28,3.96271729469,5.25
7,1,28,4.02551555634,5.25
7,1,74,3.87827157974,4.25
7,1,74,3.97581982613,4.25
7,1,63,3.74504470825,5.5
7,1,63,3.86085128784,5.5
7,1,18,4.07051038742,6.0
7,1,18,4.02471828461,6.0
7,1,72,3.75560903549,2.0
7,1,72,3.59774136543,2.0
7,1,61,4.04342794418,5.0
7,1,61,3.92889857292,5.0
7,1,107,3.5092151165,4.0
7,1,107,3.74968576431,4.0
7,1,78,3.53200483322,4.0
7,1,78,3.58318853378,4.0
7,1,51,3.94857335091,3.5
7,1,51,3.94545483589,3.5
7,1,22,3.53229403496,3.75
7,1,22,3.41414785385,3.75
7,1,105,4.07641124725,4.75
7,1,105,3.96328616142,4.75
7,1,76,4.03548049927,2.75
7,1,76,3.96534585953,2.75
7,1,49,3.94746756554,4.5
7,1,49,3.84747409821,4.5
7,1,20,3.89412951469,5.25
7,1,20,3.91987133026,5.25
7,1,66,4.19013500214,4.25
7,1,66,3.93109536171,4.25
7,1,55,3.98438715935,2.5
7,1,55,3.92533278465,2.5
7,1,10,4.06864261627,2.75
7,1,10,3.91186118126,2.75
7,1,109,3.64200854301,6.25
7,1,109,3.88208460808,6.25
7,1,64,3.87915062904,5.0
7,1,64,3.90865826607,5.0
7,1,53,2.88545155525,5.5
7,1,53,3.00379943848,5.5
7,1,8,3.95122814178,4.5
7,1,8,4.15784168243,4.5
7,1,70,3.49346160889,5.5
7,1,70,3.37333536148,5.5
7,1,43,4.21529054642,3.5
7,1,43,3.92726826668,3.5
7,1,14,3.70169353485,1.75
7,1,14,3.43487381935,1.75
7,1,97,3.96339702606,5.5
7,1,97,4.10766267776,5.5
7,1,68,3.52088499069,4.25
7,1,68,3.29708766937,4.25
7,1,41,3.50263738632,4.75
7,1,41,3.6737909317,4.75
7,1,12,3.91706800461,5.0
7,1,12,3.82472038269,5.0
7,1,103,3.78634595871,3.25
7,1,103,3.46465611458,3.25
7,1,47,4.09704875946,4.5
7,1,47,4.00167036057,4.5
7,1,2,3.70181155205,5.5
7,1,2,3.8501663208,5.5
7,1,101,3.89240026474,4.0
7,1,101,3.94814372063,4.0
7,1,45,3.87866425514,4.5
7,1,45,3.84831523895,4.5
7,1,35,3.91261720657,6.0
7,1,35,3.88516068459,6.0
7,1,89,4.09001636505,5.25
7,1,89,3.96487951279,5.25
7,1,33,4.17135477066,4.75
7,1,33,4.01250648499,4.75
7,1,4,4.10130929947,3.25
7,1,4,3.99768972397,3.25
7,1,95,3.87423872948,4.75
7,1,95,3.99004125595,4.75
7,1,39,4.0134472847,5.5
7,1,39,4.16733264923,5.5
7,1,93,3.81672739983,4.25
7,1,93,4.13569927216,4.25
7,1,37,4.06883001328,4.25
7,1,37,3.824914217,4.25
7,1,83,3.93460965157,4.75
7,1,83,3.86125397682,4.75
7,1,27,3.95527482033,4.25
7,1,27,4.05235767365,4.25
7,1,81,4.08195877075,4.0
7,1,81,3.9439432621,4.0
7,1,25,4.12185811996,4.5
7,1,25,4.10907316208,4.5
7,1,31,3.49269366264,4.5
7,1,31,3.71072268486,4.5
7,1,58,3.67518830299,6.0
7,1,58,3.86121606827,6.0
7,1,29,4.10420894623,4.25
7,1,29,3.93299388885,4.25
7,1,75,4.18339920044,4.75
7,1,75,4.00232172012,4.75
7,1,19,3.92087459564,4.75
7,1,19,3.89413714409,4.75
7,1,73,3.87363481522,1.0
7,1,73,3.96391391754,1.0
7,1,62,4.03313302994,4.5
7,1,62,4.12110805511,4.5
7,1,79,3.63917636871,3.0
7,1,79,3.96375322342,3.0
7,1,60,3.73984909058,3.25
7,1,60,3.94838118553,3.25
7,1,23,3.90858697891,4.0
7,1,23,3.81520152092,4.0
7,1,106,3.86366820335,4.75
7,1,106,3.89294815063,4.75
7,1,50,3.99150729179,5.0
7,1,50,3.98987746239,5.0
7,1,104,4.20306491852,4.75
7,1,104,3.95657205582,4.75
7,1,67,3.83007884026,4.75
7,1,67,3.83112549782,4.75
7,1,48,3.97381901741,1.5
7,1,48,4.04727172852,1.5
7,1,11,2.04740786552,1.75
7,1,11,2.53182148933,1.75
7,1,65,3.55377340317,5.25
7,1,65,2.56609511375,5.25
7,1,54,3.84908246994,5.5
7,1,54,3.91209602356,5.5
7,1,9,3.87589645386,2.0
7,1,9,3.9879860878,2.0
7,1,108,4.01051044464,2.75
7,1,108,3.67880392075,2.75
7,1,71,3.88043546677,4.75
7,1,71,3.91188454628,4.75
7,1,52,4.0458984375,0.75
7,1,52,3.92816305161,0.75
7,1,98,3.96869492531,3.25
7,1,98,3.85624289513,3.25
7,1,69,3.91536068916,5.5
7,1,69,3.82169127464,5.5
7,1,42,4.0789847374,3.0
7,1,42,4.24038171768,3.0
7,1,13,3.8972029686,3.0
7,1,13,3.86756014824,3.0
7,1,96,4.21978998184,5.5
7,1,96,3.67471790314,5.5
7,2,77,4.65542507172,4.25
7,2,77,4.9195728302,4.25
7,2,102,3.92142057419,5.25
7,2,102,4.0726442337,5.25
7,2,3,3.75868034363,5.75
7,2,3,3.83368086815,5.75
7,2,75,3.67933106422,3.5
7,2,75,3.72439694405,3.5
7,2,100,3.43387055397,1.75
7,2,100,3.0339422226,1.75
7,2,1,3.61061930656,4.25
7,2,1,3.5938141346,4.25
7,2,73,3.81749343872,3.25
7,2,73,3.46279549599,3.25
7,2,98,3.8514945507,3.75
7,2,98,4.05743646622,3.75
7,2,63,3.84293317795,5.25
7,2,63,4.19216585159,5.25
7,2,71,3.91694974899,4.0
7,2,71,3.64975476265,4.0
7,2,96,3.58930468559,3.5
7,2,96,3.76242351532,3.5
7,2,61,3.21415376663,5.5
7,2,61,2.76414132118,5.5
7,2,69,3.73172283173,4.25
7,2,69,4.37086677551,4.25
7,2,30,4.00818967819,3.0
7,2,30,4.3012676239,3.0
7,2,28,4.39249134064,5.75
7,2,28,3.98248028755,5.75
7,2,57,4.2585234642,1.5
7,2,57,2.83932614326,1.5
7,2,65,3.81721687317,5.0
7,2,65,3.58676290512,5.0
7,2,26,4.02451324463,4.25
7,2,26,3.93272924423,4.25
7,2,55,4.18231105804,4.0
7,2,55,3.97725605965,4.0
7,2,24,3.48708939552,3.75
7,2,24,3.47736907005,3.75
7,2,53,4.22929191589,5.0
7,2,53,4.12046670914,5.0
7,2,22,4.26948308945,3.0
7,2,22,4.51198720932,3.0
7,2,51,3.74125742912,4.75
7,2,51,3.57109355927,4.75
7,2,94,4.43299293518,3.25
7,2,94,3.76667237282,3.25
7,2,20,4.30938959122,5.5
7,2,20,4.57296800613,5.5
7,2,49,4.18613147736,4.0
7,2,49,3.91577720642,4.0
7,2,92,3.82450175285,4.66667
7,2,92,4.02343559265,4.66667
7,2,18,3.86580657959,3.5
7,2,18,3.82927846909,3.5
7,2,47,4.71802377701,4.0
7,2,47,4.74859571457,4.0
7,2,90,4.06088399887,4.0
7,2,90,4.11965608597,4.0
7,2,16,3.93722581863,5.0
7,2,16,3.75833773613,5.0
7,2,45,4.39113664627,2.5
7,2,45,4.1594004631,2.5
7,2,88,4.19145679474,5.0
7,2,88,2.82818245888,5.0
7,2,14,4.36768960953,5.5
7,2,14,4.44596242905,5.5
7,2,43,4.27686262131,2.75
7,2,43,4.66524076462,2.75
7,2,86,4.38713741302,2.5
7,2,86,4.33415555954,2.5
7,2,12,4.52961015701,4.25
7,2,12,4.63981199265,4.25
7,2,84,3.44305086136,3.75
7,2,84,3.9291446209,3.75
7,2,10,4.45689678192,4.0
7,2,10,4.44799757004,4.0
7,2,39,3.2485332489,4.0
7,2,39,3.76348733902,4.0
7,2,82,3.87466430664,3.25
7,2,82,3.90036487579,3.25
7,2,8,3.57914090157,4.0
7,2,8,3.67166161537,4.0
7,2,37,4.44246578217,3.5
7,2,37,4.12763929367,3.5
7,2,80,3.70806717873,4.0
7,2,80,3.28065848351,4.0
7,2,109,3.62008786201,5.25
7,2,109,3.90364933014,5.25
7,2,6,4.43127727509,4.0
7,2,6,4.43906641006,4.0
7,2,35,3.8308839798,3.5
7,2,35,4.02790117264,3.5
7,2,78,3.68082404137,5.0
7,2,78,3.70061779022,5.0
7,2,107,4.43810415268,4.5
7,2,107,4.60353088379,4.5
7,2,4,4.26984071732,3.0
7,2,4,4.19800806046,3.0
7,2,33,3.75705289841,1.5
7,2,33,3.95659565926,1.5
7,2,76,3.50048828125,4.5
7,2,76,3.08259725571,4.5
7,2,105,4.13384485245,3.0
7,2,105,4.08860206604,3.0
7,2,2,3.77339220047,2.75
7,2,2,3.50925350189,2.75
7,2,74,3.81458830833,2.5
7,2,74,3.62063884735,2.5
7,2,103,3.52895140648,4.25
7,2,103,3.6657307148,4.25
7,2,72,4.83858537674,4.25
7,2,72,4.44142580032,4.25
7,2,70,4.42393684387,3.25
7,2,70,4.30766153336,3.25
7,2,99,3.69750285149,4.25
7,2,99,3.38533782959,4.25
7,2,60,4.41802453995,4.0
7,2,60,2.24655127525,4.0
7,2,68,4.4011387825,6.5
7,2,68,4.11008358002,6.5
7,2,97,3.64196825027,3.0
7,2,97,3.24035429955,3.0
7,2,58,3.67711615562,4.0
7,2,58,3.03442883492,4.0
7,2,66,3.99815011024,5.5
7,2,66,3.88783431053,5.5
7,2,31,3.64316678047,3.75
7,2,31,3.57374787331,3.75
7,2,56,4.80200624466,4.75
7,2,56,4.65908908844,4.75
7,2,64,4.33097028732,3.25
7,2,64,4.05874061584,3.25
7,2,29,3.64335989952,1.75
7,2,29,3.76323723793,1.75
7,2,27,4.36015796661,4.25
7,2,27,4.31819581985,4.25
7,2,52,5.11792039871,3.25
7,2,52,4.83151865005,3.25
7,2,25,4.33434867859,4.75
7,2,25,4.23039722443,4.75
7,2,50,4.02191972733,4.25
7,2,50,4.41106176376,4.25
7,2,23,4.34399366379,1.75
7,2,23,4.35636520386,1.75
7,2,48,4.06097698212,3.75
7,2,48,4.1729850769,3.75
7,2,95,3.63977146149,2.5
7,2,95,3.7379257679,2.5
7,2,21,3.75214934349,1.5
7,2,21,3.70255494118,1.5
7,2,46,3.78472852707,4.75
7,2,46,2.91496253014,4.75
7,2,93,4.00885438919,4.75
7,2,93,3.22077703476,4.75
7,2,19,4.1721906662,4.5
7,2,19,4.06659412384,4.5
7,2,44,3.63328385353,4.5
7,2,44,3.52046298981,4.5
7,2,91,4.49468898773,3.75
7,2,91,2.82660055161,3.75
7,2,17,4.83041191101,6.0
7,2,17,4.78578042984,6.0
7,2,42,4.36511468887,3.0
7,2,42,4.28885650635,3.0
7,2,89,4.95305299759,3.0
7,2,89,4.58118629456,3.0
7,2,40,4.28192615509,5.25
7,2,40,4.34813308716,5.25
7,2,87,3.93031406403,4.5
7,2,87,3.74534106255,4.5
7,2,13,3.75224614143,4.75
7,2,13,4.12025356293,4.75
7,2,38,4.26625680923,5.25
7,2,38,4.14422702789,5.25
7,2,85,4.7774271965,2.5
7,2,85,4.20137929916,2.5
7,2,110,2.3909137249,4.75
7,2,110,3.93189811707,4.75
7,2,11,4.38619947433,2.75
7,2,11,3.13270115852,2.75
7,2,36,3.87218403816,2.5
7,2,36,3.39534687996,2.5
7,2,83,4.34812116623,5.0
7,2,83,4.40352916718,5.0
7,2,108,4.1815533638,5.5
7,2,108,2.84223794937,5.5
7,2,9,3.61166381836,4.0
7,2,9,3.68140888214,4.0
7,2,34,3.61005020142,4.25
7,2,34,3.69346141815,4.25
7,2,106,4.92365837097,6.25
7,2,106,3.65698885918,6.25
7,2,7,4.0628361702,5.0
7,2,7,3.99792861938,5.0
7,2,32,4.38987922668,4.5
7,2,32,3.8503177166,4.5
7,2,104,3.78981375694,3.5
7,2,104,2.68280100822,3.5
7,2,5,3.7849342823,3.25
7,2,5,3.91930580139,3.25
8,1,34,1.53914690018,2.5
8,1,34,1.44401860237,2.5
8,1,7,1.93666148186,1.0
8,1,7,1.42802190781,1.0
8,1,94,1.85738253593,1.75
8,1,94,1.73376226425,1.75
8,1,21,1.94494962692,1.75
8,1,21,1.58904743195,1.75
8,1,35,1.55447053909,3.0
8,1,35,1.90255856514,3.0
8,1,49,1.97706103325,2.25
8,1,49,1.85425686836,2.25
8,1,8,1.53175497055,1.0
8,1,8,1.05035090446,1.0
8,1,95,0.605823516846,2.25
8,1,95,1.10283100605,2.25
8,1,22,3.05566573143,3.5
8,1,22,2.95608854294,3.5
8,1,36,0.742584824562,3.75
8,1,36,0.913473963737,3.75
8,1,50,0.417728602886,1.0
8,1,50,1.30529427528,1.0
8,1,9,2.6136944294,2.0
8,1,9,1.9250690937,2.0
8,1,64,1.01285743713,1.25
8,1,64,0.790224194527,1.25
8,1,23,2.30522584915,3.25
8,1,23,2.45200824738,3.25
8,1,37,0.430001974106,1.75
8,1,37,0.636472225189,1.75
8,1,51,1.9567065239,1.0
8,1,51,1.39734053612,1.0
8,1,10,1.75898742676,1.75
8,1,10,1.7644739151,1.75
8,1,65,1.73012709618,2.0
8,1,65,1.16770124435,2.0
8,1,24,1.56672120094,3.75
8,1,24,2.05232453346,3.75
8,1,38,1.07660377026,2.25
8,1,38,2.32773637772,2.25
8,1,52,0.91546779871,1.25
8,1,52,1.12457489967,1.25
8,1,11,1.70710253716,2.0
8,1,11,1.85749149323,2.0
8,1,66,1.92400956154,2.25
8,1,66,1.75179338455,2.25
8,1,25,1.25835645199,2.5
8,1,25,0.92947691679,2.5
8,1,80,1.26406311989,1.75
8,1,80,1.50504159927,1.75
8,1,39,1.0191347599,3.0
8,1,39,0.97207826376,3.0
8,1,53,1.11118888855,2.25
8,1,53,0.867886543274,2.25
8,1,12,2.94523882866,1.0
8,1,12,1.76840043068,1.0
8,1,67,3.704246521,2.25
8,1,67,2.8940975666,2.25
8,1,26,1.08392190933,2.75
8,1,26,0.939844667912,2.75
8,1,81,1.15649676323,2.25
8,1,81,0.960230648518,2.25
8,1,40,1.05048084259,1.75
8,1,40,1.01515996456,1.75
8,1,54,1.01820802689,3.0
8,1,54,1.50978565216,3.0
8,1,68,1.89647555351,1.5
8,1,68,1.59649682045,1.5
8,1,27,0.966220140457,2.0
8,1,27,1.06380033493,2.0
8,1,82,0.391029477119,1.75
8,1,82,0.431316316128,1.75
8,1,41,0.856578171253,1.5
8,1,41,0.204916760325,1.5
8,1,96,1.45982480049,2.5
8,1,96,1.58131217957,2.5
8,1,69,0.769438624382,2.5
8,1,69,0.86007142067,2.5
8,1,28,1.04127573967,1.0
8,1,28,1.40251231194,1.0
8,1,42,0.817515909672,3.5
8,1,42,1.35882139206,3.5
8,1,97,1.81174230576,2.25
8,1,97,1.86841082573,2.25
8,1,29,1.98794078827,3.25
8,1,29,2.35534572601,3.25
8,1,43,0.647237360477,1.75
8,1,43,0.785706043243,1.75
8,1,98,2.8776538372,0.75
8,1,98,2.07536625862,0.75
8,1,30,2.67536497116,2.5
8,1,30,2.76274180412,2.5
8,1,85,1.42941474915,2.0
8,1,85,1.72242045403,2.0
8,1,44,1.44294047356,3.25
8,1,44,1.59693574905,3.25
8,1,58,3.37452244759,1.0
8,1,58,2.62938690186,1.0
8,1,31,1.78401613235,1.25
8,1,31,1.54707217216,1.25
8,1,86,2.83025670052,1.25
8,1,86,2.14242124557,1.25
8,1,59,1.96928429604,1.5
8,1,59,1.56083345413,1.5
8,1,73,2.0330684185,2.75
8,1,73,2.07976174355,2.75
8,1,87,0.89528131485,1.0
8,1,87,0.773605465889,1.0
8,1,60,1.20082616806,2.5
8,1,60,1.56273293495,2.5
8,1,74,1.00253295898,2.5
8,1,74,1.30188298225,2.5
8,1,88,0.732654690742,2.25
8,1,88,1.8131570816,2.25
8,1,61,0.891721963882,2.75
8,1,61,1.00739693642,2.75
8,1,75,1.05405163765,3.0
8,1,75,1.44891810417,3.0
8,1,2,1.52322101593,2.75
8,1,2,2.10647583008,2.75
8,1,89,1.66573762894,3.5
8,1,89,1.96014618874,3.5
8,1,16,0.262398958206,2.75
8,1,16,1.16004562378,2.75
8,1,62,1.79829216003,1.5
8,1,62,1.47926855087,1.5
8,1,76,1.79868149757,1.0
8,1,76,1.53331685066,1.0
8,1,3,1.60515379906,2.5
8,1,3,1.19220221043,2.5
8,1,17,1.47394013405,3.25
8,1,17,0.988381922245,3.25
8,1,63,1.47993993759,1.0
8,1,63,1.0189602375,1.0
8,1,77,1.3179192543,3.25
8,1,77,1.87210035324,3.25
8,1,4,1.06423616409,1.75
8,1,4,1.7957611084,1.75
8,1,91,1.90325951576,2.75
8,1,91,1.49990010262,2.75
8,1,18,1.88433933258,3.75
8,1,18,1.05261588097,3.75
8,1,32,1.95230054855,2.75
8,1,32,1.95208477974,2.75
8,1,78,2.00607228279,2.75
8,1,78,1.76915073395,2.75
8,1,5,1.30963373184,2.0
8,1,5,1.07256960869,2.0
8,1,92,0.889019310474,1.5
8,1,92,1.13397741318,1.5
8,1,19,1.42384767532,2.25
8,1,19,0.607913970947,2.25
8,1,33,1.91799330711,1.75
8,1,33,2.15621685982,1.75
8,1,79,1.28702783585,2.0
8,1,79,1.29920911789,2.0
8,1,6,2.30620002747,1.5
8,1,6,2.08583927155,1.5
8,1,93,1.04090619087,1.75
8,1,93,1.31461977959,1.75
8,1,20,1.2070543766,2.5
8,1,20,1.12202978134,2.5
8,2,17,0.459689497948,3.5
8,2,17,0.458464324474,3.5
8,2,91,0.686012744904,2.25
8,2,91,0.686062633991,2.25
8,2,19,2.24688124657,2.0
8,2,19,2.24666333199,2.0
8,2,93,0.163187667727,4.25
8,2,93,0.167388722301,4.25
8,2,96,0.808293163776,2.0
8,2,96,0.808682322502,2.0
8,2,21,0.158905342221,2.25
8,2,21,0.157306402922,2.25
8,2,56,0.505988061428,2.0
8,2,56,0.505739808083,2.0
8,2,95,0.999749898911,2.0
8,2,95,0.999636769295,2.0
8,2,98,2.30084228516,3.0
8,2,98,2.29979228973,3.0
8,2,23,0.652705073357,2.5
8,2,23,0.652572989464,2.5
8,2,58,0.690413892269,3.0
8,2,58,0.691495060921,3.0
8,2,100,0.431294411421,3.25
8,2,100,0.470903664827,3.25
8,2,25,0.945756971836,2.75
8,2,25,0.945444583893,2.75
8,2,60,0.68133109808,3.5
8,2,60,0.681711196899,3.5
8,2,67,-0.613556742668,1.625
8,2,67,-0.613767027855,1.625
8,2,27,0.503965973854,4.0
8,2,27,0.503689527512,4.0
8,2,62,0.712464928627,1.75
8,2,62,0.712794721127,1.75
8,2,69,0.983395576477,3.5
8,2,69,0.983314990997,3.5
8,2,29,0.911789417267,4.75
8,2,29,0.861786186695,4.75
8,2,32,0.456919997931,4.0
8,2,32,0.428493559361,4.0
8,2,71,0.813719272614,2.0
8,2,71,0.813637197018,2.0
8,2,31,0.373908787966,2.75
8,2,31,0.365423828363,2.75
8,2,34,0.41007322073,3.5
8,2,34,0.409357398748,3.5
8,2,73,0.642141997814,3.5
8,2,73,0.642272591591,3.5
8,2,36,0.823229372501,3.75
8,2,36,0.823185920715,3.75
8,2,75,0.103159680963,4.0
8,2,75,0.103021800518,4.0
8,2,38,3.26455616951,3.75
8,2,38,3.26322007179,3.75
8,2,77,1.75176405907,4.75
8,2,77,1.74707078934,4.75
8,2,5,0.549064815044,3.75
8,2,5,0.549038648605,3.75
8,2,40,0.256561338902,2.0
8,2,40,0.256413608789,2.0
8,2,79,-0.0498042702675,4.0
8,2,79,-0.0491780936718,4.0
8,2,7,0.738034963608,1.5
8,2,7,0.751755654812,1.5
8,2,42,0.274943858385,3.5
8,2,42,0.275002092123,3.5
8,2,9,0.574512124062,2.0
8,2,9,0.575098156929,2.0
8,2,44,0.288339436054,3.25
8,2,44,0.28535297513,3.25
8,2,11,1.0501601696,3.0
8,2,11,1.05082011223,3.0
8,2,46,-0.101951360703,3.25
8,2,46,-0.101728618145,3.25
8,2,80,0.625567436218,3.25
8,2,80,0.625617146492,3.25
8,2,15,0.776349961758,2.25
8,2,15,0.775920510292,2.25
8,2,49,0.451672434807,4.0
8,2,49,0.451034039259,4.0
8,2,84,0.421484529972,3.5
8,2,84,0.424582451582,3.5
8,2,86,0.839894413948,3.25
8,2,86,0.836830437183,3.25
8,2,88,1.40797829628,3.75
8,2,88,1.40797400475,3.75
8,2,16,0.253421783447,4.0
8,2,16,0.252244204283,4.0
8,2,55,0.299564003944,3.75
8,2,55,0.299483239651,3.75
8,2,90,1.10375499725,1.5
8,2,90,1.10183596611,1.5
8,2,97,0.411199122667,4.25
8,2,97,0.408089160919,4.25
8,2,18,1.43515753746,3.5
8,2,18,1.43525934219,3.5
8,2,57,0.510530531406,4.75
8,2,57,0.511055469513,4.75
8,2,92,1.94920969009,2.0
8,2,92,1.94757008553,2.0
8,2,99,0.890231013298,4.0
8,2,99,0.890269398689,4.0
8,2,20,0.881591498852,3.75
8,2,20,0.882107019424,3.75
8,2,59,0.690687298775,4.5
8,2,59,0.690133452415,4.5
8,2,94,0.634803116322,3.0
8,2,94,0.63756942749,3.0
8,2,101,2.09307074547,2.75
8,2,101,2.09030365944,2.75
8,2,22,0.45490115881,2.25
8,2,22,0.45344889164,2.25
8,2,61,1.20206809044,4.0
8,2,61,1.20287573338,4.0
8,2,64,2.17919111252,4.75
8,2,64,2.17982554436,4.75
8,2,24,0.396421432495,3.0
8,2,24,0.397488296032,3.0
8,2,63,0.728690743446,5.25
8,2,63,0.729732632637,5.25
8,2,26,0.913442969322,4.0
8,2,26,0.913397014141,4.0
8,2,33,0.844408631325,2.25
8,2,33,0.845510065556,2.25
8,2,68,0.683377206326,2.75
8,2,68,0.686384081841,2.75
8,2,28,3.02056694031,2.5
8,2,28,3.02051138878,2.5
8,2,35,0.362812519073,3.5
8,2,35,0.363380789757,3.5
8,2,70,1.11645781994,4.0
8,2,70,1.11645162106,4.0
8,2,30,1.50953626633,4.25
8,2,30,1.51058936119,4.25
8,2,37,0.583379507065,2.25
8,2,37,0.581894755363,2.25
8,2,72,1.14778876305,3.5
8,2,72,1.14801812172,3.5
8,2,39,1.3200404644,2.0
8,2,39,1.31867814064,2.0
8,2,74,0.121891081333,3.75
8,2,74,0.122519865632,3.75
8,2,41,2.94543385506,4.0
8,2,41,2.9478225708,4.0
8,2,76,2.07927536964,3.25
8,2,76,2.07946586609,3.25
8,2,4,-0.0187441706657,3.25
8,2,4,-0.0193493664265,3.25
8,2,43,0.190459236503,2.75
8,2,43,0.190695762634,2.75
8,2,78,1.38363909721,3.25
8,2,78,1.38411211967,3.25
8,2,6,0.550824284554,1.75
8,2,6,0.549964606762,1.75
8,2,45,0.45313590765,2.25
8,2,45,0.452836811543,2.25
8,2,8,0.205708503723,4.25
8,2,8,0.195305138826,4.25
8,2,47,0.335024148226,2.75
8,2,47,0.342627733946,2.75
8,2,10,0.739448547363,1.75
8,2,10,0.739791154861,1.75
8,2,83,0.254645526409,2.75
8,2,83,0.254616439342,2.75
8,2,85,0.478304326534,4.5
8,2,85,0.477989792824,4.5
8,2,48,0.29744374752,4.0
8,2,48,0.297205448151,4.0
8,2,87,1.21302175522,2.0
8,2,87,1.21301841736,2.0
8,2,50,0.723539948463,3.0
8,2,50,0.722287237644,3.0
8,2,89,0.328287959099,2.25
8,2,89,0.328295111656,2.25
9,1,81,3.89977931976,2.25
9,1,81,4.04818344116,2.25
9,1,27,3.77526521683,3.75
9,1,27,3.692040205,3.75
9,1,83,4.89706850052,4.25
9,1,83,4.48598241806,4.25
9,1,29,2.96043157578,2.5
9,1,29,2.92999625206,2.5
9,1,32,2.84692835808,2.75
9,1,32,2.92442393303,2.75
9,1,85,6.62831783295,4.75
9,1,85,5.89179134369,4.75
9,1,31,3.34173369408,3.5
9,1,31,2.96138048172,3.5
9,1,34,2.94584083557,3.25
9,1,34,2.85954594612,3.25
9,1,87,3.54873776436,3.25
9,1,87,3.42107343674,3.25
9,1,36,2.60809397697,3.5
9,1,36,2.51468586922,3.5
9,1,89,4.14264678955,2.75
9,1,89,3.70824146271,2.75
9,1,3,3.85272789001,4.75
9,1,3,3.86756825447,4.75
9,1,38,4.56936359406,3.5
9,1,38,4.02546977997,3.5
9,1,91,4.81910419464,3.75
9,1,91,4.18271780014,3.75
9,1,5,4.13423013687,5.75
9,1,5,4.09780311584,5.75
9,1,40,5.50353813171,2.25
9,1,40,4.40969800949,2.25
9,1,93,6.72929859161,3.25
9,1,93,6.09276342392,3.25
9,1,96,4.11306715012,4.25
9,1,96,3.87159180641,4.25
9,1,7,4.15043067932,4.25
9,1,7,3.60887122154,4.25
9,1,42,3.07297611237,4.0
9,1,42,3.34551095963,4.0
9,1,95,3.96523547173,4.25
9,1,95,3.6983191967,4.25
9,1,98,7.53061008453,2.25
9,1,98,7.5361084938,2.25
9,1,65,4.30983400345,2.0
9,1,65,4.20752239227,2.0
9,1,100,3.4603934288,4.25
9,1,100,3.12313389778,4.25
9,1,67,3.60997796059,4.25
9,1,67,3.49459838867,4.25
9,1,102,4.07487678528,3.75
9,1,102,3.49849128723,3.75
9,1,69,3.42204403877,5.5
9,1,69,3.26264977455,5.5
9,1,104,5.47699928284,3.0
9,1,104,4.80429029465,3.0
9,1,106,5.79352903366,4.0
9,1,106,5.00797939301,4.0
9,1,73,4.15433216095,3.25
9,1,73,4.1585931778,3.25
9,1,51,3.43324017525,3.5
9,1,51,3.23291134834,3.5
9,1,75,6.36378526688,2.5
9,1,75,5.74641132355,2.5
9,1,110,3.70862770081,4.25
9,1,110,3.90553951263,4.25
9,1,53,3.48936963081,3.0
9,1,53,3.44021749496,3.0
9,1,77,3.63778758049,3.25
9,1,77,3.5510661602,3.25
9,1,16,3.45445156097,1.5
9,1,16,3.11342453957,1.5
9,1,55,3.61491894722,3.5
9,1,55,3.68556046486,3.5
9,1,79,5.20523071289,4.0
9,1,79,5.40288066864,4.0
9,1,18,5.03992605209,3.5
9,1,18,4.4677901268,3.5
9,1,20,3.09608626366,4.0
9,1,20,3.13457608223,4.0
9,1,59,2.98693346977,2.75
9,1,59,2.78658032417,2.75
9,1,22,2.79618906975,3.0
9,1,22,2.43847680092,3.0
9,1,61,7.51919984818,3.5
9,1,61,7.0821313858,3.5
9,1,24,6.02542066574,3.5
9,1,24,5.86874008179,3.5
9,1,63,4.5650062561,3.25
9,1,63,4.51844167709,3.25
9,1,80,4.45692634583,3.25
9,1,80,4.91093730927,3.25
9,1,26,4.10915851593,4.5
9,1,26,4.03581571579,4.5
9,1,33,4.14488935471,3.75
9,1,33,3.33507537842,3.75
9,1,82,4.45327568054,4.0
9,1,82,4.0906252861,4.0
9,1,28,2.97875952721,2.75
9,1,28,2.9103910923,2.75
9,1,35,5.3082242012,3.5
9,1,35,4.90497636795,3.5
9,1,84,6.07846450806,3.0
9,1,84,5.41445159912,3.0
9,1,30,2.64222741127,3.0
9,1,30,2.49294233322,3.0
9,1,37,4.44833040237,4.5
9,1,37,4.07738351822,4.5
9,1,86,4.40299463272,4.0
9,1,86,4.09398365021,4.0
9,1,39,3.76457095146,2.75
9,1,39,3.74335765839,2.75
9,1,88,5.09394264221,3.25
9,1,88,4.4030790329,3.25
9,1,2,4.06369256973,5.25
9,1,2,3.80552411079,5.25
9,1,41,3.58881807327,3.0
9,1,41,3.88014864922,3.0
9,1,90,3.61021208763,2.75
9,1,90,3.50874781609,2.75
9,1,97,4.34089565277,3.5
9,1,97,3.97644400597,3.5
9,1,4,3.86035990715,5.0
9,1,4,3.60130834579,5.0
9,1,92,3.71109557152,4.0
9,1,92,3.18109440804,4.0
9,1,99,4.74044799805,3.0
9,1,99,3.81829571724,3.0
9,1,6,4.90554428101,3.5
9,1,6,4.3944196701,3.5
9,1,94,3.92693758011,3.0
9,1,94,3.42192173004,3.0
9,1,101,5.43913984299,2.25
9,1,101,4.75781440735,2.25
9,1,8,4.44270515442,4.5
9,1,8,4.16641139984,4.5
9,1,64,3.99223041534,4.25
9,1,64,3.67161679268,4.25
9,1,103,5.96760797501,2.25
9,1,103,4.83987522125,2.25
9,1,66,4.16607093811,4.75
9,1,66,3.63616204262,4.75
9,1,105,3.8231511116,3.75
9,1,105,3.75245165825,3.75
9,1,12,2.67266249657,4.75
9,1,12,1.82324278355,4.75
9,1,68,5.89220714569,3.5
9,1,68,5.8273601532,3.5
9,1,107,3.54297184944,4.25
9,1,107,3.19669437408,4.25
9,1,72,3.98700499535,3.75
9,1,72,3.67174267769,3.75
9,1,111,4.31258249283,3.0
9,1,111,3.86422014236,3.0
9,1,50,3.47406101227,3.5
9,1,50,3.71758842468,3.5
9,1,74,3.9777431488,3.0
9,1,74,3.19052362442,3.0
9,1,17,4.66690397263,4.25
9,1,17,4.50747346878,4.25
9,1,52,4.833735466,2.75
9,1,52,4.78643369675,2.75
9,1,76,3.73665833473,4.0
9,1,76,3.39225435257,4.0
9,1,19,5.39696931839,3.25
9,1,19,5.77808761597,3.25
9,1,54,4.49726390839,2.75
9,1,54,4.36198186874,2.75
9,1,78,3.70227766037,3.5
9,1,78,3.47297167778,3.5
9,1,21,2.93760561943,4.5
9,1,21,2.60320878029,4.5
9,1,56,6.71333932877,3.75
9,1,56,6.21982622147,3.75
9,1,23,6.12839698792,4.5
9,1,23,6.39958095551,4.5
9,1,25,2.85617399216,3.5
9,1,25,2.93520498276,3.5
9,1,60,3.97626543045,4.0
9,1,60,3.65731906891,4.0
9,2,98,3.63911509514,4.5
9,2,98,3.90320086479,4.5
9,2,71,3.80656337738,5.25
9,2,71,3.71418333054,5.25
9,2,100,3.65503334999,5.75
9,2,100,3.63107180595,5.75
9,2,46,4.32779836655,4.75
9,2,46,4.18358325958,4.75
9,2,102,3.75174331665,3.75
9,2,102,3.3517780304,3.75
9,2,75,3.78741526604,3.75
9,2,75,3.70303416252,3.75
9,2,16,3.7119512558,2.75
9,2,16,3.54930949211,2.75
9,2,104,3.79833102226,3.25
9,2,104,3.89673638344,3.25
9,2,77,3.71271491051,4.25
9,2,77,3.79569864273,4.25
9,2,18,4.96739006042,4.25
9,2,18,4.5053062439,4.25
9,2,106,3.82295966148,5.25
9,2,106,3.87225794792,5.25
9,2,79,4.08145427704,5.25
9,2,79,3.59772968292,5.25
9,2,20,3.43394947052,3.0
9,2,20,3.50032305717,3.0
9,2,108,3.67306041718,4.25
9,2,108,3.61283230782,4.25
9,2,49,4.36180973053,5.25
9,2,49,4.35506105423,5.25
9,2,22,3.77824687958,3.0
9,2,22,3.49205946922,3.0
9,2,110,2.92646694183,3.25
9,2,110,3.54492115974,3.25
9,2,51,3.94924426079,5.0
9,2,51,3.59759354591,5.0
9,2,24,6.42477035522,1.75
9,2,24,6.64289331436,1.75
9,2,80,3.80507230759,4.75
9,2,80,3.71145391464,4.75
9,2,53,4.51755809784,3.75
9,2,53,4.67340373993,3.75
9,2,26,4.07188177109,3.25
9,2,26,3.8957862854,3.25
9,2,82,3.92571306229,3.0
9,2,82,3.83700919151,3.0
9,2,55,4.84572935104,3.25
9,2,55,4.72840166092,3.25
9,2,28,2.6216404438,4.75
9,2,28,2.63809680939,4.75
9,2,84,3.4977478981,3.75
9,2,84,3.37442135811,3.75
9,2,30,5.98178720474,2.75
9,2,30,5.82442522049,2.75
9,2,113,3.54862475395,5.75
9,2,113,3.62895441055,5.75
9,2,86,3.58941459656,4.0
9,2,86,3.63754653931,4.0
9,2,88,3.59988093376,4.5
9,2,88,3.73916649818,4.5
9,2,2,4.55751752853,4.0
9,2,2,4.5779747963,4.0
9,2,90,4.07323217392,3.25
9,2,90,3.89819812775,3.25
9,2,63,3.5987803936,5.0
9,2,63,3.71561312675,5.0
9,2,4,3.90252304077,5.25
9,2,4,3.38873243332,5.25
9,2,92,4.066447258,4.25
9,2,92,3.95489001274,4.25
9,2,33,2.63562107086,3.0
9,2,33,3.04590439796,3.0
9,2,6,5.64054489136,5.75
9,2,6,5.68863868713,5.75
9,2,94,3.55620741844,4.0
9,2,94,3.67307329178,4.0
9,2,35,3.36063170433,2.5
9,2,35,3.06046843529,2.5
9,2,8,3.81380343437,4.5
9,2,8,3.61978936195,4.5
9,2,64,3.50528907776,4.5
9,2,64,3.74262452126,4.5
9,2,37,3.09667277336,3.75
9,2,37,3.36291575432,3.75
9,2,10,5.08871412277,4.75
9,2,10,5.0942325592,4.75
9,2,66,3.63626670837,5.5
9,2,66,3.55470705032,5.5
9,2,39,3.69000458717,4.0
9,2,39,3.76280522346,4.0
9,2,12,4.07041788101,5.5
9,2,12,3.51974701881,5.5
9,2,68,3.58719110489,3.25
9,2,68,3.9075551033,3.25
9,2,41,4.77005386353,4.5
9,2,41,5.34151268005,4.5
9,2,97,3.69180488586,3.75
9,2,97,3.95784902573,3.75
9,2,70,3.66617