3,1,47,4.97673368454,4.25
3,1,47,4.97674846649,4.25
3,1,10,4.99145174026,2.875
3,1,10,4.99143075943,2.875
3,1,101,4.2967543602,4.375
3,1,101,4.29327630997,4.375
3,1,64,4.84793806076,5.75
3,1,64,4.84774589539,5.75
3,1,45,4.81847810745,4.25
3,1,45,4.8185749054,4.25
3,1,8,4.89595651627,3.5
3,1,8,4.89592123032,3.5
3,1,99,4.13024425507,1.5
3,1,99,4.12717819214,1.5
3,1,94,3.90213131905,3.25
3,1,94,3.90170192719,3.25
3,1,43,4.63159894943,4.0
3,1,43,4.63052892685,4.0
3,1,6,4.86944293976,4.5
3,1,6,4.86945819855,4.5
3,1,97,4.12161779404,1.25
3,1,97,4.12225008011,1.25
3,1,92,4.70514535904,3.5
3,1,92,4.70501279831,3.5
3,1,41,3.71178793907,3.25
3,1,41,3.70953226089,3.25
3,1,4,4.84097194672,3.25
3,1,4,4.8412156105,3.25
3,1,90,4.23706436157,3.75
3,1,90,4.23696327209,3.75
3,1,39,4.91339111328,5.75
3,1,39,4.91327953339,5.75
3,1,2,3.24409270287,4.5
3,1,2,3.24226617813,4.5
3,1,88,4.03200101852,4.0
3,1,88,4.0326385498,4.0
3,1,37,4.69545269012,3.125
3,1,37,4.69484329224,3.125
3,1,86,4.50482082367,4.25
3,1,86,4.50489330292,4.25
3,1,35,4.67508125305,4.375
3,1,35,4.67418479919,4.375
3,1,30,3.89306998253,4.5
3,1,30,3.89152240753,4.5
3,1,84,4.51217269897,3.75
3,1,84,4.51191473007,3.75
3,1,33,4.58967065811,3.0
3,1,33,4.58905172348,3.0
3,1,28,4.9445848465,4.75
3,1,28,4.94467639923,4.75
3,1,82,4.30073785782,3.0
3,1,82,4.30114650726,3.0
3,1,63,4.8038687706,4.75
3,1,63,4.80462741852,4.75
3,1,26,4.97161006927,4.0
3,1,26,4.97162008286,4.0
3,1,80,4.30361843109,2.75
3,1,80,4.30247783661,2.75
3,1,61,4.99998950958,5.5
3,1,61,4.99996137619,5.5
3,1,24,4.80774307251,4.5
3,1,24,4.80781078339,4.5
3,1,59,4.81110191345,5.5
3,1,59,4.81230592728,5.5
3,1,22,4.89032554626,4.83333
3,1,22,4.88993883133,4.83333
3,1,57,4.96192073822,4.875
3,1,57,4.96189880371,4.875
3,1,20,4.16805458069,2.5
3,1,20,4.16911697388,2.5
3,1,79,4.03790616989,5.25
3,1,79,4.03922700882,5.25
3,1,55,4.04373455048,3.25
3,1,55,4.04036664963,3.25
3,1,18,4.61680793762,3.75
3,1,18,4.61661434174,3.75
3,1,77,4.82691478729,4.5
3,1,77,4.82657003403,4.5
3,1,16,4.7047996521,4.75
3,1,16,4.70464754105,4.75
3,1,75,4.56860971451,4.0
3,1,75,4.56702041626,4.0
3,1,51,4.68325901031,4.5
3,1,51,4.68515539169,4.5
3,1,73,4.44370222092,3.0
3,1,73,4.4449672699,3.0
3,1,49,4.92095375061,5.0
3,1,49,4.92101860046,5.0
3,1,108,4.38069581985,2.25
3,1,108,4.37849378586,2.25
3,1,71,4.00330209732,2.0
3,1,71,4.00328207016,2.0
3,1,15,4.74153900146,5.0
3,1,15,4.74144601822,5.0
3,1,106,3.83213615417,2.75
3,1,106,3.83322477341,2.75
3,1,104,4.23372125626,3.5
3,1,104,4.23397350311,3.5
3,1,102,4.57399559021,5.25
3,1,102,4.57475709915,5.25
3,1,65,4.70482778549,6.25
3,1,65,4.70402908325,6.25
3,1,46,4.45573234558,5.0
3,1,46,4.45648765564,5.0
3,1,9,4.45353412628,2.75
3,1,9,4.45257663727,2.75
3,1,100,4.31377506256,2.375
3,1,100,4.31419992447,2.375
3,1,95,4.56158399582,3.75
3,1,95,4.56158494949,3.75
3,1,44,4.03655338287,3.0
3,1,44,4.0363073349,3.0
3,1,7,4.99308395386,4.75
3,1,7,4.99307537079,4.75
3,1,98,3.6910264492,1.75
3,1,98,3.69108963013,1.75
3,1,93,4.43155622482,3.25
3,1,93,4.43221569061,3.25
3,1,5,5.0530962944,6.0
3,1,5,5.0530962944,6.0
3,1,96,4.55145978928,3.875
3,1,96,4.55143070221,3.875
3,1,91,4.67693328857,4.0
3,1,91,4.67608833313,4.0
3,1,40,4.56379413605,5.0
3,1,40,4.56450939178,5.0
3,1,3,4.51084709167,3.0
3,1,3,4.51105642319,3.0
3,1,89,4.5953040123,4.25
3,1,89,4.59466838837,4.25
3,1,38,4.59973812103,4.5
3,1,38,4.60012197495,4.5
3,1,1,3.67869782448,3.875
3,1,1,3.68052744865,3.875
3,1,87,4.66742563248,4.25
3,1,87,4.6677274704,4.25
3,1,36,4.47439908981,3.5
3,1,36,4.4731926918,3.5
3,1,31,4.36686372757,3.66667
3,1,31,4.36602497101,3.66667
3,1,85,4.43115234375,2.0
3,1,85,4.43082094193,2.0
3,1,34,4.90232753754,4.125
3,1,34,4.90220928192,4.125
3,1,29,4.89934206009,1.25
3,1,29,4.89938879013,1.25
3,1,83,4.720723629,4.5
3,1,83,4.72092866898,4.5
3,1,32,4.10668039322,4.5
3,1,32,4.10818433762,4.5
3,1,27,4.49089384079,5.25
3,1,27,4.49002361298,5.25
3,1,81,4.85645151138,2.75
3,1,81,4.85651350021,2.75
3,1,62,4.90463781357,4.375
3,1,62,4.90499782562,4.375
3,1,25,5.09127998352,5.5
3,1,25,5.09130001068,5.5
3,1,60,4.91436386108,5.5
3,1,60,4.91444015503,5.5
3,1,23,4.50638723373,3.875
3,1,23,4.50655555725,3.875
3,1,58,4.59502887726,4.5
3,1,58,4.59546661377,4.5
3,1,21,4.87147140503,4.5
3,1,21,4.87158823013,4.5
3,1,56,3.56937503815,4.0
3,1,56,3.57063531876,4.0
3,1,19,4.48298454285,4.125
3,1,19,4.48340797424,4.125
3,1,78,4.5741944313,5.25
3,1,78,4.57495546341,5.25
3,1,17,4.8672337532,5.0
3,1,17,4.8671708107,5.0
3,1,76,4.73637676239,4.0
3,1,76,4.73659896851,4.0
3,1,52,4.84854412079,3.5
3,1,52,4.84881734848,3.5
3,1,74,4.43328762054,4.0
3,1,74,4.43407392502,4.0
3,1,50,4.65815734863,4.66667
3,1,50,4.6586971283,4.66667
3,1,48,4.87516784668,2.5
3,1,48,4.87473678589,2.5
3,1,107,4.3683257103,5.25
3,1,107,4.3697385788,5.25
3,1,70,4.22166538239,2.75
3,1,70,4.22385120392,2.75
3,1,14,4.24394035339,3.75
3,1,14,4.24342107773,3.75
3,1,105,3.54874634743,1.25
3,1,105,3.54798388481,1.25
3,1,103,3.59827923775,1.5
3,1,103,3.60195016861,1.5
3,1,66,3.665320158,3.0
3,1,66,3.66881632805,3.0
3,2,82,2.79970860481,3.25
3,2,82,2.79769253731,3.25
3,2,61,4.36250305176,4.375
3,2,61,4.36199712753,4.375
3,2,80,4.25525045395,4.75
3,2,80,4.25415325165,4.75
3,2,30,1.97444283962,3.625
3,2,30,1.97468304634,3.625
3,2,35,2.70843482018,3.875
3,2,35,2.71031928062,3.875
3,2,86,3.14836907387,2.75
3,2,86,3.14703035355,2.75
3,2,28,2.10315060616,4.0
3,2,28,2.10466337204,4.0
3,2,33,4.3783493042,5.0
3,2,33,4.37843894958,5.0
3,2,84,2.51126456261,4.0
3,2,84,2.50832772255,4.0
3,2,2,3.55106043816,1.875
3,2,2,3.54708170891,1.875
3,2,39,4.08841323853,4.25
3,2,39,4.08789396286,4.25
3,2,90,3.56100797653,4.25
3,2,90,3.56420564651,4.25
3,2,37,3.39636588097,2.25
3,2,37,3.39626765251,2.25
3,2,88,4.4649643898,4.0
3,2,88,4.46438407898,4.0
3,2,6,4.47210502625,5.25
3,2,6,4.47118425369,5.25
3,2,43,2.60427999496,4.0
3,2,43,2.60846710205,4.0
3,2,94,4.72106409073,3.75
3,2,94,4.72086524963,3.75
3,2,99,4.07240581512,2.625
3,2,99,4.07256889343,2.625
3,2,41,4.11796140671,3.5
3,2,41,4.11805009842,3.5
3,2,92,3.33717632294,3.25
3,2,92,3.34471297264,3.25
3,2,97,3.88954806328,5.0
3,2,97,3.88941431046,5.0
3,2,10,4.68605804443,4.0
3,2,10,4.68724775314,4.0
3,2,47,3.2364628315,3.875
3,2,47,3.23511314392,3.875
3,2,66,3.83880186081,3.75
3,2,66,3.83771967888,3.75
3,2,103,4.42703008652,4.0
3,2,103,4.42530727386,4.0
3,2,8,4.16016864777,6.0
3,2,8,4.15927886963,6.0
3,2,45,2.74102258682,3.25
3,2,45,2.74427175522,3.25
3,2,64,3.34494805336,2.375
3,2,64,3.33964109421,2.375
3,2,101,4.08898162842,3.125
3,2,101,4.08896303177,3.125
3,2,14,3.3422999382,3.75
3,2,14,3.34141349792,3.75
3,2,70,3.62721133232,3.66667
3,2,70,3.62538790703,3.66667
3,2,107,2.61304616928,4.625
3,2,107,2.60981154442,4.625
3,2,12,4.8586063385,5.25
3,2,12,4.85840129852,5.25
3,2,68,3.55564928055,5.5
3,2,68,3.5564994812,5.5
3,2,105,3.64481067657,3.5
3,2,105,3.64391374588,3.5
3,2,50,4.71941947937,3.75
3,2,50,4.71936368942,3.75
3,2,74,4.21256542206,3.25
3,2,74,4.21155691147,3.25
3,2,111,4.09021234512,3.5
3,2,111,4.09146785736,3.5
3,2,48,2.32276701927,4.25
3,2,48,2.32526016235,4.25
3,2,109,3.09160733223,1.95833
3,2,109,3.09290862083,1.95833
3,2,78,4.64736795425,2.75
3,2,78,4.64726400375,2.75
3,2,52,3.88932037354,1.5
3,2,52,3.88958311081,1.5
3,2,56,4.01422977448,4.25
3,2,56,4.01268196106,4.25
3,2,112,2.56410551071,4.0
3,2,112,2.56118083,4.0
3,2,62,4.43904018402,5.25
3,2,62,4.4386548996,5.25
3,2,27,4.33929157257,4.0
3,2,27,4.34315872192,4.0
3,2,60,3.33141207695,3.75
3,2,60,3.32714891434,3.75
3,2,83,4.51941251755,4.25
3,2,83,4.51956796646,4.25
3,2,34,3.43823623657,3.5
3,2,34,3.44110417366,3.5
3,2,81,4.03464746475,4.375
3,2,81,4.03643369675,4.375
3,2,31,4.13359498978,3.25
3,2,31,4.13463544846,3.25
3,2,32,4.08804130554,3.25
3,2,32,4.08600473404,3.25
3,2,87,3.00657057762,3.75
3,2,87,3.00552845001,3.75
3,2,29,2.33144378662,4.0
3,2,29,2.33409380913,4.0
3,2,38,4.80583810806,3.25
3,2,38,4.8059797287,3.25
3,2,85,3.44110870361,3.25
3,2,85,3.43922615051,3.25
3,2,36,3.81566643715,2.75
3,2,36,3.81613945961,2.75
3,2,91,4.30020046234,4.5
3,2,91,4.29853487015,4.5
3,2,42,2.33751130104,2.5
3,2,42,2.33691477776,2.5
3,2,89,4.31269931793,3.25
3,2,89,4.3120007515,3.25
3,2,98,4.21729183197,4.5
3,2,98,4.21670055389,4.5
3,2,7,3.93491816521,6.0
3,2,7,3.93452835083,6.0
3,2,40,3.64278078079,2.75
3,2,40,3.64171004295,2.75
3,2,95,2.6606464386,1.5
3,2,95,2.65803050995,1.5
3,2,96,3.49511742592,3.125
3,2,96,3.49649405479,3.125
3,2,5,4.25398540497,3.25
3,2,5,4.25282144547,3.25
3,2,46,3.1833820343,4.5
3,2,46,3.17910599709,4.5
3,2,93,4.40211772919,5.0
3,2,93,4.40164852142,5.0
3,2,102,4.1415104866,2.0
3,2,102,4.13913488388,2.0
3,2,11,4.37918710709,4.125
3,2,11,4.38079595566,4.125
3,2,44,2.15850687027,5.0
3,2,44,2.15691065788,5.0
3,2,67,4.76577758789,5.25
3,2,67,4.76497364044,5.25
3,2,100,3.3163330555,1.25
3,2,100,3.31622600555,1.25
3,2,9,4.47865009308,4.5
3,2,9,4.48010015488,4.5
3,2,65,3.43066167831,3.0
3,2,65,3.43646454811,3.0
3,2,106,3.84014511108,3.875
3,2,106,3.83978915215,3.875
3,2,71,4.05607938766,2.375
3,2,71,4.05477762222,2.375
3,2,104,2.03515911102,3.5
3,2,104,2.03594827652,3.5
3,2,13,4.81561183929,5.0
3,2,13,4.81553936005,5.0
3,2,69,2.68253445625,1.25
3,2,69,2.68248915672,1.25
3,2,110,4.09661865234,4.25
3,2,110,4.09618234634,4.25
3,2,51,4.36455392838,4.0
3,2,51,4.36345911026,4.0
3,2,108,3.5006210804,4.0
3,2,108,3.50205206871,4.0
3,2,49,3.83064770699,2.75
3,2,49,3.82997608185,2.75
3,2,73,4.1472325325,3.75
3,2,73,4.14702606201,3.75
3,2,55,4.35544538498,3.33333
3,2,55,4.35471487045,3.33333
3,2,79,3.70909500122,3.75
3,2,79,3.71112465858,3.75
3,2,53,3.97803044319,4.5
3,2,53,3.97675132751,4.5
3,2,77,4.42424345016,2.25
3,2,77,4.42520618439,2.25
3,2,59,3.96687626839,2.25
3,2,59,3.96705698967,2.25
3,2,113,3.90884375572,3.0
3,2,113,3.90880823135,3.0
3,2,26,2.69388842583,2.5
3,2,26,2.69034838676,2.5
3,2,63,2.80243682861,1.25
3,2,63,2.80093312263,1.25
4,1,29,3.57629537582,3.0
4,1,29,3.56983995438,3.0
4,1,58,4.69527959824,2.25
4,1,58,4.69650268555,2.25
4,1,85,3.41729140282,2.5
4,1,85,3.41705965996,2.5
4,1,114,2.6891977787,1.5
4,1,114,2.68883562088,1.5
4,1,31,3.3415594101,2.25
4,1,31,3.33922386169,2.25
4,1,36,1.99457919598,0.875
4,1,36,1.99505376816,0.875
4,1,87,2.56734108925,3.25
4,1,87,2.56820225716,3.25
4,1,25,2.60462141037,1.5
4,1,25,2.60400676727,1.5
4,1,38,3.81257343292,2.5
4,1,38,3.81761789322,2.5
4,1,81,3.01313281059,3.0
4,1,81,3.01463103294,3.0
4,1,27,1.39266169071,2.75
4,1,27,1.39249908924,2.75
4,1,32,2.84633851051,1.5
4,1,32,2.84652328491,1.5
4,1,83,2.32354998589,3.25
4,1,83,2.31945228577,3.25
4,1,5,1.99739408493,1.0
4,1,5,1.99831974506,1.0
4,1,34,2.42866802216,1.5
4,1,34,2.42785692215,1.5
4,1,93,4.28258466721,3.0
4,1,93,4.28183269501,3.0
4,1,7,1.81276082993,1.75
4,1,7,1.81249248981,1.75
4,1,95,2.82538723946,3.5
4,1,95,2.82295560837,3.5
4,1,100,3.07756543159,0.75
4,1,100,3.07412624359,0.75
4,1,46,5.27402019501,3.75
4,1,46,5.27451610565,3.75
4,1,89,2.82307505608,1.75
4,1,89,2.82589864731,1.75
4,1,102,2.2969455719,1.5
4,1,102,2.29909563065,1.5
4,1,3,2.8518807888,3.5
4,1,3,2.84525322914,3.5
4,1,40,4.83140182495,4.0
4,1,40,4.83299779892,4.0
4,1,91,3.044090271,2.25
4,1,91,3.04397034645,2.25
4,1,96,3.32149791718,2.75
4,1,96,3.32283711433,2.75
4,1,13,2.35446405411,1.5
4,1,13,2.35735154152,1.5
4,1,42,3.50358104706,1.75
4,1,42,3.50135231018,1.75
4,1,69,5.94314670563,5.5
4,1,69,5.9432888031,5.5
4,1,98,3.56290602684,3.25
4,1,98,3.56240463257,3.25
4,1,15,2.48948550224,0.75
4,1,15,2.49013924599,0.75
4,1,71,6.01252174377,2.125
4,1,71,6.01246881485,2.125
4,1,108,3.62219357491,3.25
4,1,108,3.61902999878,3.25
4,1,9,1.82554793358,1.0
4,1,9,1.82670235634,1.0
4,1,65,4.77985191345,4.75
4,1,65,4.77937173843,4.75
4,1,110,3.11008238792,4.0
4,1,110,3.10444664955,4.0
4,1,11,2.95566606522,1.0
4,1,11,2.95261931419,1.0
4,1,67,4.34006595612,1.75
4,1,67,4.33578205109,1.75
4,1,104,2.38208508492,1.25
4,1,104,2.381336689,1.25
4,1,53,5.06119537354,2.5
4,1,53,5.06073617935,2.5
4,1,77,4.35278224945,2.625
4,1,77,4.35291433334,2.625
4,1,106,2.96036815643,2.125
4,1,106,2.96201062202,2.125
4,1,55,5.10470914841,2.5
4,1,55,5.10662603378,2.5
4,1,79,5.30751371384,6.75
4,1,79,5.30801200867,6.75
4,1,49,5.2164349556,4.25
4,1,49,5.21635627747,4.25
4,1,73,5.75425386429,4.25
4,1,73,5.75406551361,4.25
4,1,22,2.43352222443,1.25
4,1,22,2.43580913544,1.25
4,1,51,5.29377937317,2.75
4,1,51,5.29529380798,2.75
4,1,75,4.76711368561,4.75
4,1,75,4.76444005966,4.75
4,1,16,2.03251671791,1.0
4,1,16,2.02955889702,1.0
4,1,117,2.52219748497,1.25
4,1,117,2.519272089,1.25
4,1,63,2.11575245857,1.0
4,1,63,2.11687970161,1.0
4,1,28,3.47557258606,2.625
4,1,28,3.47843956947,2.625
4,1,57,5.49281549454,2.75
4,1,57,5.4928278923,2.75
4,1,84,2.61077356339,2.5
4,1,84,2.60781526566,2.5
4,1,113,3.41549921036,3.25
4,1,113,3.41257596016,3.25
4,1,30,2.79488301277,1.125
4,1,30,2.79600214958,1.125
4,1,59,4.74442672729,1.875
4,1,59,4.74462461472,1.875
4,1,86,2.738250494,1.66667
4,1,86,2.74171662331,1.66667
4,1,115,3.39925432205,3.5
4,1,115,3.40074276924,3.5
4,1,24,2.94428801537,2.0
4,1,24,2.94934749603,2.0
4,1,37,4.30013513565,2.25
4,1,37,4.2993273735,2.25
4,1,80,3.50135374069,3.5
4,1,80,3.50051927567,3.5
4,1,26,4.56448698044,4.375
4,1,26,4.56132459641,4.375
4,1,39,4.00605964661,2.5
4,1,39,4.0066113472,2.5
4,1,82,2.93769025803,6.5
4,1,82,2.93768334389,6.5
4,1,4,1.78178858757,1.5
4,1,4,1.78079879284,1.5
4,1,33,2.36468338966,1.5
4,1,33,2.36345601082,1.5
4,1,92,2.70026373863,2.0
4,1,92,2.69804978371,2.0
4,1,6,2.24356079102,1.5
4,1,6,2.24475073814,1.5
4,1,35,2.45285964012,1.75
4,1,35,2.45495939255,1.75
4,1,94,2.52278423309,1.5
4,1,94,2.52392363548,1.5
4,1,45,3.9895465374,2.125
4,1,45,3.98829746246,2.125
4,1,88,2.53046131134,1.5
4,1,88,2.52764630318,1.5
4,1,101,2.23979115486,3.875
4,1,101,2.24042367935,3.875
4,1,47,4.39704847336,2.125
4,1,47,4.3965511322,2.125
4,1,90,3.43525910378,1.375
4,1,90,3.42358469963,1.375
4,1,103,3.56091856956,1.0
4,1,103,3.55896735191,1.0
4,1,12,2.59801626205,2.5
4,1,12,2.59726667404,2.5
4,1,41,5.14735269547,2.5
4,1,41,5.14782381058,2.5
4,1,68,5.06707715988,5.5
4,1,68,5.06611680984,5.5
4,1,97,2.75439190865,1.625
4,1,97,2.7527680397,1.625
4,1,70,3.66158103943,5.25
4,1,70,3.6631436348,5.25
4,1,99,4.22413253784,2.375
4,1,99,4.22338151932,2.375
4,1,8,2.31569695473,0.75
4,1,8,2.3166115284,0.75
4,1,64,4.60388183594,3.5
4,1,64,4.6021490097,3.5
4,1,109,3.06045913696,2.75
4,1,109,3.05855321884,2.75
4,1,10,3.27041816711,3.0
4,1,10,3.26723980904,3.0
4,1,66,2.00725698471,1.0
4,1,66,2.00915288925,1.0
4,1,111,2.91354465485,3.5
4,1,111,2.91264367104,3.5
4,1,52,5.62862253189,3.25
4,1,52,5.62859153748,3.25
4,1,105,3.67781424522,3.625
4,1,105,3.6725769043,3.625
4,1,54,5.35553503036,3.375
4,1,54,5.35488510132,3.375
4,1,78,2.98060417175,3.25
4,1,78,2.97871541977,3.25
4,1,48,4.8102350235,1.5
4,1,48,4.80945730209,1.5
4,1,72,2.54685783386,2.375
4,1,72,2.54713892937,2.375
4,1,50,5.07454776764,2.0
4,1,50,5.07492208481,2.0
4,1,74,4.02747869492,3.5
4,1,74,4.02835464478,3.5
4,1,23,2.2033560276,1.0
4,1,23,2.20540308952,1.0
4,1,116,4.05026197433,1.75
4,1,116,4.05445051193,1.75
4,1,118,3.69956755638,4.5
4,1,118,3.70431184769,4.5
4,1,56,5.13171005249,2.0
4,1,56,5.13158655167,2.0
4,1,112,3.43950438499,1.0
4,1,112,3.44309449196,1.0
7,1,40,4.99714565277,5.5
7,1,40,4.94005966187,5.5
7,1,3,4.39755821228,4.75
7,1,3,4.4246969223,4.75
7,1,102,4.15971279144,4.25
7,1,102,4.36176872253,4.25
7,1,46,5.15815114975,4.0
7,1,46,5.28003549576,4.0
7,1,1,3.8411796093,3.5
7,1,1,3.78601360321,3.5
7,1,44,3.98788785934,6.25
7,1,44,4.02789878845,6.25
7,1,7,4.29507112503,2.25
7,1,7,4.31350660324,2.25
7,1,90,3.95458602905,4.0
7,1,90,4.21752500534,4.0
7,1,34,4.86162042618,5.5
7,1,34,4.98184394836,5.5
7,1,5,4.10112810135,4.75
7,1,5,3.97846388817,4.75
7,1,88,4.22188234329,6.5
7,1,88,4.14739847183,6.5
7,1,32,4.54059410095,3.75
7,1,32,4.63431310654,3.75
7,1,94,4.74023342133,3.0
7,1,94,4.64362812042,3.0
7,1,38,4.3068318367,3.5
7,1,38,4.38950109482,3.5
7,1,92,3.88193225861,5.75
7,1,92,4.08855056763,5.75
7,1,36,3.62258720398,4.25
7,1,36,3.96257996559,4.25
7,1,82,4.52187871933,5.25
7,1,82,4.58752012253,5.25
7,1,26,5.12189817429,3.0
7,1,26,5.0812420845,3.0
7,1,80,4.08306264877,2.0
7,1,80,4.14614963531,2.0
7,1,24,4.90429067612,5.0
7,1,24,5.01401662827,5.0
7,1,86,4.9374833107,3.25
7,1,86,4.84472322464,3.25
7,1,59,4.39824390411,5.25
7,1,59,4.5754737854,5.25
7,1,30,3.76684093475,3.0
7,1,30,3.99863100052,3.0
7,1,84,4.07246541977,4.75
7,1,84,4.12349796295,4.75
7,1,57,4.95896434784,4.25
7,1,57,4.87809276581,4.25
7,1,28,4.53556919098,5.25
7,1,28,4.54794406891,5.25
7,1,74,4.91271781921,4.25
7,1,74,5.00977325439,4.25
7,1,63,4.29301071167,5.5
7,1,63,4.19791889191,5.5
7,1,18,4.5059094429,6.0
7,1,18,4.4975194931,6.0
7,1,72,4.55426263809,2.0
7,1,72,4.55179691315,2.0
7,1,61,4.04040765762,5.0
7,1,61,4.0079832077,5.0
7,1,107,3.36398077011,4.0
7,1,107,3.39386320114,4.0
7,1,78,3.12465929985,4.0
7,1,78,3.28321838379,4.0
7,1,51,4.90780878067,3.5
7,1,51,5.0703663826,3.5
7,1,22,4.05270671844,3.75
7,1,22,4.13093185425,3.75
7,1,105,4.36405801773,4.75
7,1,105,4.60404729843,4.75
7,1,76,5.00007200241,2.75
7,1,76,5.17164945602,2.75
7,1,49,4.5006108284,4.5
7,1,49,4.3345990181,4.5
7,1,20,4.24211406708,5.25
7,1,20,4.21810817719,5.25
7,1,66,2.61537289619,4.25
7,1,66,2.77880597115,4.25
7,1,55,3.42785978317,2.5
7,1,55,3.49353790283,2.5
7,1,10,4.23685693741,2.75
7,1,10,4.27027320862,2.75
7,1,109,3.82081460953,6.25
7,1,109,4.02153682709,6.25
7,1,64,3.33165669441,5.0
7,1,64,3.19524288177,5.0
7,1,53,5.00886440277,5.5
7,1,53,4.91418790817,5.5
7,1,8,4.62738370895,4.5
7,1,8,4.72908306122,4.5
7,1,70,4.07120704651,5.5
7,1,70,4.30214881897,5.5
7,1,43,4.89470005035,3.5
7,1,43,4.91496801376,3.5
7,1,14,2.24565434456,1.75
7,1,14,2.41203927994,1.75
7,1,97,2.92703294754,5.5
7,1,97,2.80070161819,5.5
7,1,68,2.92617416382,4.25
7,1,68,3.05169487,4.25
7,1,41,4.77991962433,4.75
7,1,41,4.61739206314,4.75
7,1,12,2.33101153374,5.0
7,1,12,2.37872314453,5.0
7,1,103,4.68814516068,3.25
7,1,103,4.49395418167,3.25
7,1,47,5.06334114075,4.5
7,1,47,4.91187524796,4.5
7,1,2,4.29959201813,5.5
7,1,2,4.29377126694,5.5
7,1,101,3.74358534813,4.0
7,1,101,3.68723249435,4.0
7,1,45,4.89792013168,4.5
7,1,45,4.97844362259,4.5
7,1,35,4.40271139145,6.0
7,1,35,4.42975902557,6.0
7,1,89,4.2140007019,5.25
7,1,89,4.29612731934,5.25
7,1,33,4.21453857422,4.75
7,1,33,4.32255172729,4.75
7,1,4,4.56007385254,3.25
7,1,4,4.74781990051,3.25
7,1,95,4.73163795471,4.75
7,1,95,5.06371831894,4.75
7,1,39,4.43210554123,5.5
7,1,39,4.54115486145,5.5
7,1,93,4.68950510025,4.25
7,1,93,4.7667016983,4.25
7,1,37,3.93783903122,4.25
7,1,37,4.07296991348,4.25
7,1,83,4.28477716446,4.75
7,1,83,4.36091136932,4.75
7,1,27,4.62037277222,4.25
7,1,27,4.60044002533,4.25
7,1,81,4.65106916428,4.0
7,1,81,4.63820457458,4.0
7,1,25,3.83945465088,4.5
7,1,25,3.98513865471,4.5
7,1,31,4.07639169693,4.5
7,1,31,4.2448182106,4.5
7,1,58,4.19402551651,6.0
7,1,58,4.41086196899,6.0
7,1,29,4.58386945724,4.25
7,1,29,4.7416267395,4.25
7,1,75,4.71961355209,4.75
7,1,75,4.87811851501,4.75
7,1,19,4.27499628067,4.75
7,1,19,4.3478064537,4.75
7,1,73,4.17798757553,1.0
7,1,73,4.33891916275,1.0
7,1,62,4.68267440796,4.5
7,1,62,4.79234981537,4.5
7,1,79,4.17621469498,3.0
7,1,79,4.25355386734,3.0
7,1,60,3.59572291374,3.25
7,1,60,3.76450037956,3.25
7,1,23,4.35949802399,4.0
7,1,23,4.13842058182,4.0
7,1,106,4.30809211731,4.75
7,1,106,4.46766519547,4.75
7,1,50,4.88487148285,5.0
7,1,50,4.70114850998,5.0
7,1,104,3.71731328964,4.75
7,1,104,3.90839862823,4.75
7,1,67,2.89193987846,4.75
7,1,67,3.11457204819,4.75
7,1,48,5.00038719177,1.5
7,1,48,5.13722515106,1.5
7,1,11,2.25863742828,1.75
7,1,11,2.28154778481,1.75
7,1,65,2.86026120186,5.25
7,1,65,3.009567976,5.25
7,1,54,4.2504234314,5.5
7,1,54,4.35101413727,5.5
7,1,9,3.70156621933,2.0
7,1,9,3.75906729698,2.0
7,1,108,3.4366080761,2.75
7,1,108,3.64681863785,2.75
7,1,71,4.37410497665,4.75
7,1,71,4.5588092804,4.75
7,1,52,5.02819871902,0.75
7,1,52,4.92770719528,0.75
7,1,98,4.08022737503,3.25
7,1,98,3.90397024155,3.25
7,1,69,3.82037425041,5.5
7,1,69,3.94852876663,5.5
7,1,42,5.30055761337,3.0
7,1,42,5.11181020737,3.0
7,1,13,2.88157320023,3.0
7,1,13,2.97564148903,3.0
7,1,96,4.96511125565,5.5
7,1,96,5.05637264252,5.5
7,2,77,4.02127695084,4.25
7,2,77,4.04362106323,4.25
7,2,102,4.40975236893,5.25
7,2,102,4.49089193344,5.25
7,2,3,4.18490028381,5.75
7,2,3,4.00780391693,5.75
7,2,75,4.00839042664,3.5
7,2,75,3.92647266388,3.5
7,2,100,2.88873767853,1.75
7,2,100,2.81867456436,1.75
7,2,1,2.62869358063,4.25
7,2,1,2.82821178436,4.25
7,2,73,3.48138380051,3.25
7,2,73,3.34174203873,3.25
7,2,98,4.63296842575,3.75
7,2,98,4.61142015457,3.75
7,2,63,4.16384506226,5.25
7,2,63,4.36365318298,5.25
7,2,71,3.54986906052,4.0
7,2,71,3.3293492794,4.0
7,2,96,4.78946352005,3.5
7,2,96,4.95828914642,3.5
7,2,61,3.94530272484,5.5
7,2,61,4.0681271553,5.5
7,2,69,4.16226816177,4.25
7,2,69,4.12689399719,4.25
7,2,30,3.9730887413,3.0
7,2,30,4.00483798981,3.0
7,2,28,4.92702007294,5.75
7,2,28,4.87697267532,5.75
7,2,57,3.72832322121,1.5
7,2,57,3.84449100494,1.5
7,2,65,4.1787238121,5.0
7,2,65,4.19920635223,5.0
7,2,26,5.07606458664,4.25
7,2,26,5.0775437355,4.25
7,2,55,3.63236641884,4.0
7,2,55,3.83177137375,4.0
7,2,24,4.60917758942,3.75
7,2,24,4.51345396042,3.75
7,2,53,4.78992033005,5.0
7,2,53,4.84442472458,5.0
7,2,22,4.31784725189,3.0
7,2,22,4.39625358582,3.0
7,2,51,4.8113322258,4.75
7,2,51,4.6741027832,4.75
7,2,94,3.77492976189,3.25
7,2,94,3.7490632534,3.25
7,2,20,4.93192052841,5.5
7,2,20,5.03948497772,5.5
7,2,49,5.49874973297,4.0
7,2,49,5.32240104675,4.0
7,2,92,4.08306741714,4.66667
7,2,92,3.99907135963,4.66667
7,2,18,5.04987287521,3.5
7,2,18,5.02445173264,3.5
7,2,47,5.12342214584,4.0
7,2,47,4.96715593338,4.0
7,2,90,4.77778244019,4.0
7,2,90,4.67133998871,4.0
7,2,16,4.465259552,5.0
7,2,16,4.42776918411,5.0
7,2,45,4.55593967438,2.5
7,2,45,4.60197639465,2.5
7,2,88,5.1814160347,5.0
7,2,88,5.04232120514,5.0
7,2,14,5.03502368927,5.5
7,2,14,4.85654020309,5.5
7,2,43,4.95143651962,2.75
7,2,43,4.86670637131,2.75
7,2,86,4.7464632988,2.5
7,2,86,4.72642421722,2.5
7,2,12,3.95572519302,4.25
7,2,12,4.2127995491,4.25
7,2,84,4.32016611099,3.75
7,2,84,4.22337865829,3.75
7,2,10,3.48184490204,4.0
7,2,10,3.55761408806,4.0
7,2,39,4.23560667038,4.0
7,2,39,4.2615942955,4.0
7,2,82,4.42402935028,3.25
7,2,82,4.26144742966,3.25
7,2,8,4.19592428207,4.0
7,2,8,4.30626344681,4.0
7,2,37,4.8381562233,3.5
7,2,37,4.98998308182,3.5
7,2,80,5.25733232498,4.0
7,2,80,5.25417041779,4.0
7,2,109,3.24376893044,5.25
7,2,109,3.12325119972,5.25
7,2,6,4.79696321487,4.0
7,2,6,4.59234237671,4.0
7,2,35,3.92029571533,3.5
7,2,35,4.20396184921,3.5
7,2,78,3.16157960892,5.0
7,2,78,3.35265517235,5.0
7,2,107,5.01413822174,4.5
7,2,107,4.8342833519,4.5
7,2,4,3.96708607674,3.0
7,2,4,4.02676200867,3.0
7,2,33,4.06671142578,1.5
7,2,33,4.02226495743,1.5
7,2,76,5.55306577682,4.5
7,2,76,5.45343446732,4.5
7,2,105,4.91578578949,3.0
7,2,105,4.79212808609,3.0
7,2,2,3.11645078659,2.75
7,2,2,3.45377826691,2.75
7,2,74,4.14531230927,2.5
7,2,74,4.05565977097,2.5
7,2,103,4.19445133209,4.25
7,2,103,4.20682621002,4.25
7,2,72,5.00433492661,4.25
7,2,72,5.10001373291,4.25
7,2,70,3.84352707863,3.25
7,2,70,3.95813322067,3.25
7,2,99,4.53234672546,4.25
7,2,99,4.44359827042,4.25
7,2,60,3.72418260574,4.0
7,2,60,4.01310014725,4.0
7,2,68,4.04909229279,6.5
7,2,68,4.33418703079,6.5
7,2,97,3.72275614738,3.0
7,2,97,3.79641771317,3.0
7,2,58,3.67858958244,4.0
7,2,58,3.78590011597,4.0
7,2,66,3.75234603882,5.5
7,2,66,3.77685666084,5.5
7,2,31,4.60116004944,3.75
7,2,31,4.31927919388,3.75
7,2,56,3.16336488724,4.75
7,2,56,3.19939517975,4.75
7,2,64,3.42820930481,3.25
7,2,64,3.481372118,3.25
7,2,29,4.23281288147,1.75
7,2,29,4.18731880188,1.75
7,2,27,4.96165084839,4.25
7,2,27,4.82582378387,4.25
7,2,52,3.82791423798,3.25
7,2,52,4.04436922073,3.25
7,2,25,4.89162397385,4.75
7,2,25,4.82718133926,4.75
7,2,50,5.20638084412,4.25
7,2,50,5.07787895203,4.25
7,2,23,4.33858299255,1.75
7,2,23,4.24812602997,1.75
7,2,48,5.08010530472,3.75
7,2,48,5.04628944397,3.75
7,2,95,3.94053888321,2.5
7,2,95,4.01839399338,2.5
7,2,21,4.3894443512,1.5
7,2,21,4.32789325714,1.5
7,2,46,4.05224943161,4.75
7,2,46,4.2631611824,4.75
7,2,93,4.15521669388,4.75
7,2,93,4.14108562469,4.75
7,2,19,4.06410217285,4.5
7,2,19,4.08993148804,4.5
7,2,44,4.10727453232,4.5
7,2,44,4.14331960678,4.5
7,2,91,5.18030595779,3.75
7,2,91,5.23839759827,3.75
7,2,17,5.29379320145,6.0
7,2,17,5.32304191589,6.0
7,2,42,5.15999984741,3.0
7,2,42,4.97401571274,3.0
7,2,89,4.79653120041,3.0
7,2,89,4.93831729889,3.0
7,2,40,4.94895219803,5.25
7,2,40,4.7585940361,5.25
7,2,87,5.28081130981,4.5
7,2,87,5.20571279526,4.5
7,2,13,3.44451904297,4.75
7,2,13,3.31653022766,4.75
7,2,38,4.95541954041,5.25
7,2,38,4.81451368332,5.25
7,2,85,4.62413215637,2.5
7,2,85,4.50458574295,2.5
7,2,110,3.18889808655,4.75
7,2,110,2.93874359131,4.75
7,2,11,3.02219700813,2.75
7,2,11,3.07516002655,2.75
7,2,36,5.04781723022,2.5
7,2,36,4.98496723175,2.5
7,2,83,5.37782526016,5.0
7,2,83,5.17161178589,5.0
7,2,108,3.62480211258,5.5
7,2,108,3.63185477257,5.5
7,2,9,4.31402206421,4.0
7,2,9,4.1631770134,4.0
7,2,34,3.86082696915,4.25
7,2,34,3.88411402702,4.25
7,2,106,5.00525188446,6.25
7,2,106,4.85689067841,6.25
7,2,7,4.75910186768,5.0
7,2,7,4.64200592041,5.0
7,2,32,4.21810102463,4.5
7,2,32,4.20911359787,4.5
7,2,104,3.82880854607,3.5
7,2,104,4.06286287308,3.5
7,2,5,4.31643486023,3.25
7,2,5,4.13796186447,3.25
8,1,34,3.79097962379,2.5
8,1,34,3.7011320591,2.5
8,1,7,3.42579221725,1.0
8,1,7,3.49568104744,1.0
8,1,94,1.87210118771,1.75
8,1,94,1.73676681519,1.75
8,1,21,2.5214138031,1.75
8,1,21,2.31656694412,1.75
8,1,35,4.20553684235,3.0
8,1,35,4.15195941925,3.0
8,1,49,3.32654809952,2.25
8,1,49,3.13686156273,2.25
8,1,8,2.95482087135,1.0
8,1,8,2.63278651237,1.0
8,1,95,3.16711997986,2.25
8,1,95,2.85441875458,2.25
8,1,22,3.78949928284,3.5
8,1,22,3.28772139549,3.5
8,1,36,3.12801742554,3.75
8,1,36,2.82130074501,3.75
8,1,50,2.45053482056,1.0
8,1,50,2.49621748924,1.0
8,1,9,3.93420553207,2.0
8,1,9,3.86089468002,2.0
8,1,64,3.15616297722,1.25
8,1,64,2.86564993858,1.25
8,1,23,4.8658208847,3.25
8,1,23,4.89552402496,3.25
8,1,37,3.49500632286,1.75
8,1,37,3.13418722153,1.75
8,1,51,1.76002085209,1.0
8,1,51,1.72348845005,1.0
8,1,10,3.30640435219,1.75
8,1,10,3.35477089882,1.75
8,1,65,2.34856176376,2.0
8,1,65,2.25065517426,2.0
8,1,24,3.42116880417,3.75
8,1,24,3.19720125198,3.75
8,1,38,4.08927774429,2.25
8,1,38,4.02522277832,2.25
8,1,52,2.91960334778,1.25
8,1,52,2.67130422592,1.25
8,1,11,3.11995267868,2.0
8,1,11,3.32682228088,2.0
8,1,66,2.20533108711,2.25
8,1,66,2.0119137764,2.25
8,1,25,1.92197608948,2.5
8,1,25,2.04461789131,2.5
8,1,80,2.3799571991,1.75
8,1,80,2.40021514893,1.75
8,1,39,3.90192365646,3.0
8,1,39,3.75800991058,3.0
8,1,53,2.22847390175,2.25
8,1,53,2.37656497955,2.25
8,1,12,3.12247800827,1.0
8,1,12,3.37298345566,1.0
8,1,67,2.39880752563,2.25
8,1,67,1.9992249012,2.25
8,1,26,3.3453540802,2.75
8,1,26,3.13443994522,2.75
8,1,81,2.56241130829,2.25
8,1,81,2.22891306877,2.25
8,1,40,3.72456002235,1.75
8,1,40,3.5243229866,1.75
8,1,54,2.88635182381,3.0
8,1,54,2.40515971184,3.0
8,1,68,3.29773855209,1.5
8,1,68,3.16826677322,1.5
8,1,27,2.74005532265,2.0
8,1,27,2.49048066139,2.0
8,1,82,2.66281938553,1.75
8,1,82,2.21011519432,1.75
8,1,41,2.73721766472,1.5
8,1,41,2.866948843,1.5
8,1,96,3.47616314888,2.5
8,1,96,3.21001267433,2.5
8,1,69,3.17915892601,2.5
8,1,69,2.85765314102,2.5
8,1,28,2.68336129189,1.0
8,1,28,2.73174905777,1.0
8,1,42,3.0571167469,3.5
8,1,42,2.82965803146,3.5
8,1,97,3.8640859127,2.25
8,1,97,3.66379523277,2.25
8,1,29,4.49910640717,3.25
8,1,29,4.38249921799,3.25
8,1,43,2.85321712494,1.75
8,1,43,2.54984951019,1.75
8,1,98,3.53714609146,0.75
8,1,98,3.53280448914,0.75
8,1,30,4.08404445648,2.5
8,1,30,4.03063344955,2.5
8,1,85,3.29884147644,2.0
8,1,85,3.14174389839,2.0
8,1,44,3.19352650642,3.25
8,1,44,3.07274365425,3.25
8,1,58,1.93718504906,1.0
8,1,58,1.91877996922,1.0
8,1,31,3.31942176819,1.25
8,1,31,3.54821300507,1.25
8,1,86,2.56201529503,1.25
8,1,86,2.52023029327,1.25
8,1,59,3.3983464241,1.5
8,1,59,3.42545986176,1.5
8,1,73,2.22519397736,2.75
8,1,73,2.4034268856,2.75
8,1,87,2.17280983925,1.0
8,1,87,1.75978136063,1.0
8,1,60,1.899736166,2.5
8,1,60,2.04695153236,2.5
8,1,74,2.80376052856,2.5
8,1,74,2.81235194206,2.5
8,1,88,2.57456636429,2.25
8,1,88,2.42176604271,2.25
8,1,61,2.21037578583,2.75
8,1,61,1.87494623661,2.75
8,1,75,3.30769562721,3.0
8,1,75,3.06793618202,3.0
8,1,2,5.04304027557,2.75
8,1,2,4.90636587143,2.75
8,1,89,2.53661727905,3.5
8,1,89,2.23382496834,3.5
8,1,16,4.40307760239,2.75
8,1,16,4.04363918304,2.75
8,1,62,1.5875159502,1.5
8,1,62,1.77108442783,1.5
8,1,76,3.02375984192,1.0
8,1,76,2.71268033981,1.0
8,1,3,3.83711314201,2.5
8,1,3,3.42595458031,2.5
8,1,17,4.58486413956,3.25
8,1,17,4.30341529846,3.25
8,1,63,2.85187149048,1.0
8,1,63,2.72053551674,1.0
8,1,77,2.97338318825,3.25
8,1,77,2.79333233833,3.25
8,1,4,2.56530976295,1.75
8,1,4,2.59800982475,1.75
8,1,91,2.19439840317,2.75
8,1,91,2.47685956955,2.75
8,1,18,3.72893881798,3.75
8,1,18,3.69920945168,3.75
8,1,32,4.04100608826,2.75
8,1,32,4.0087723732,2.75
8,1,78,3.18268203735,2.75
8,1,78,3.28193759918,2.75
8,1,5,2.65219211578,2.0
8,1,5,2.36513972282,2.0
8,1,92,2.71052336693,1.5
8,1,92,2.49515128136,1.5
8,1,19,3.17437672615,2.25
8,1,19,2.74121022224,2.25
8,1,33,2.48480963707,1.75
8,1,33,2.06164550781,1.75
8,1,79,2.81913757324,2.0
8,1,79,2.71967768669,2.0
8,1,6,3.22900676727,1.5
8,1,6,3.34101629257,1.5
8,1,93,3.13259267807,1.75
8,1,93,3.4123210907,1.75
8,1,20,3.2631020546,2.5
8,1,20,2.96374082565,2.5
8,2,17,5.27727890015,3.5
8,2,17,5.27742385864,3.5
8,2,91,1.30781817436,2.25
8,2,91,1.30718040466,2.25
8,2,19,3.08312082291,2.0
8,2,19,3.08081960678,2.0
8,2,93,1.90253925323,4.25
8,2,93,1.90041053295,4.25
8,2,96,1.22388184071,2.0
8,2,96,1.22391045094,2.0
8,2,21,4.11906194687,2.25
8,2,21,4.1226568222,2.25
8,2,56,2.97168946266,2.0
8,2,56,2.97514915466,2.0
8,2,95,2.38944578171,2.0
8,2,95,2.39092254639,2.0
8,2,98,1.14567196369,3.0
8,2,98,1.14640152454,3.0
8,2,23,4.43961334229,2.5
8,2,23,4.43587493896,2.5
8,2,58,3.96524977684,3.0
8,2,58,3.9662861824,3.0
8,2,100,3.18380951881,3.25
8,2,100,3.18550229073,3.25
8,2,25,4.20941638947,2.75
8,2,25,4.20963096619,2.75
8,2,60,2.16414761543,3.5
8,2,60,2.16367769241,3.5
8,2,67,2.89779233932,1.625
8,2,67,2.89837551117,1.625
8,2,27,1.67416036129,4.0
8,2,27,1.67555582523,4.0
8,2,62,2.91673254967,1.75
8,2,62,2.91083955765,1.75
8,2,69,1.77721858025,3.5
8,2,69,1.77832269669,3.5
8,2,29,5.59799718857,4.75
8,2,29,5.5983877182,4.75
8,2,32,5.21130609512,4.0
8,2,32,5.21273708344,4.0
8,2,71,2.13243174553,2.0
8,2,71,2.12780332565,2.0
8,2,31,3.7930393219,2.75
8,2,31,3.7913274765,2.75
8,2,34,3.72605681419,3.5
8,2,34,3.72220659256,3.5
8,2,73,1.7008844614,3.5
8,2,73,1.70221626759,3.5
8,2,36,5.21180534363,3.75
8,2,36,5.21261930466,3.75
8,2,75,2.18326830864,4.0
8,2,75,2.18220424652,4.0
8,2,38,5.13235569,3.75
8,2,38,5.13222265244,3.75
8,2,77,1.99387669563,4.75
8,2,77,1.99128377438,4.75
8,2,5,2.09232831001,3.75
8,2,5,2.09463095665,3.75
8,2,40,5.70225906372,2.0
8,2,40,5.70198059082,2.0
8,2,79,3.76259207726,4.0
8,2,79,3.75699996948,4.0
8,2,7,2.33029031754,1.5
8,2,7,2.3307197094,1.5
8,2,42,4.78442144394,3.5
8,2,42,4.78534412384,3.5
8,2,9,2.36175203323,2.0
8,2,9,2.36279201508,2.0
8,2,44,4.15352916718,3.25
8,2,44,4.1522436142,3.25
8,2,11,2.67708444595,3.0
8,2,11,2.67554092407,3.0
8,2,46,4.16307592392,3.25
8,2,46,4.16268396378,3.25
8,2,80,4.27740049362,3.25
8,2,80,4.27490520477,3.25
8,2,15,3.49657917023,2.25
8,2,15,3.49371099472,2.25
8,2,49,5.04166412354,4.0
8,2,49,5.03962469101,4.0
8,2,84,3.78229379654,3.5
8,2,84,3.77848362923,3.5
8,2,86,1.66605067253,3.25
8,2,86,1.66524970531,3.25
8,2,88,3.70126628876,3.75
8,2,88,3.7002120018,3.75
8,2,16,5.86827659607,4.0
8,2,16,5.86815166473,4.0
8,2,55,3.29625844955,3.75
8,2,55,3.2903482914,3.75
8,2,90,3.03608727455,1.5
8,2,90,3.03767871857,1.5
8,2,97,4.42855405807,4.25
8,2,97,4.42864179611,4.25
8,2,18,4.23338937759,3.5
8,2,18,4.23570966721,3.5
8,2,57,4.42592716217,4.75
8,2,57,4.42716217041,4.75
8,2,92,3.39507961273,2.0
8,2,92,3.39696311951,2.0
8,2,99,2.7076125145,4.0
8,2,99,2.71097207069,4.0
8,2,20,5.65498971939,3.75
8,2,20,5.65499925613,3.75
8,2,59,3.51258945465,4.5
8,2,59,3.5112631321,4.5
8,2,94,1.69767022133,3.0
8,2,94,1.69735884666,3.0
8,2,101,2.95983099937,2.75
8,2,101,2.96201610565,2.75
8,2,22,4.79034328461,2.25
8,2,22,4.79074144363,2.25
8,2,61,3.65030694008,4.0
8,2,61,3.64670586586,4.0
8,2,64,3.75583767891,4.75
8,2,64,3.75587248802,4.75
8,2,24,2.5422065258,3.0
8,2,24,2.54433989525,3.0
8,2,63,4.32314491272,5.25
8,2,63,4.32406997681,5.25
8,2,26,1.74550783634,4.0
8,2,26,1.74518704414,4.0
8,2,33,1.95918655396,2.25
8,2,33,1.95758056641,2.25
8,2,68,2.20312356949,2.75
8,2,68,2.2031891346,2.75
8,2,28,2.27699303627,2.5
8,2,28,2.2768599987,2.5
8,2,35,5.1916270256,3.5
8,2,35,5.19040441513,3.5
8,2,70,3.38137817383,4.0
8,2,70,3.37869238853,4.0
8,2,30,5.0141415596,4.25
8,2,30,5.01520586014,4.25
8,2,37,5.2749209404,2.25
8,2,37,5.27413845062,2.25
8,2,72,2.05559945107,3.5
8,2,72,2.05730652809,3.5
8,2,39,5.32531881332,2.0
8,2,39,5.32547807693,2.0
8,2,74,1.92325675488,3.75
8,2,74,1.92075014114,3.75
8,2,41,3.01278662682,4.0
8,2,41,3.01253628731,4.0
8,2,76,4.3021531105,3.25
8,2,76,4.30354356766,3.25
8,2,4,1.37963986397,3.25
8,2,4,1.37889206409,3.25
8,2,43,2.24147582054,2.75
8,2,43,2.24466395378,2.75
8,2,78,2.01406764984,3.25
8,2,78,2.01579546928,3.25
8,2,6,2.29556035995,1.75
8,2,6,2.29840087891,1.75
8,2,45,5.47587776184,2.25
8,2,45,5.47517967224,2.25
8,2,8,4.10033226013,4.25
8,2,8,4.09901428223,4.25
8,2,47,2.17243409157,2.75
8,2,47,2.17203474045,2.75
8,2,10,2.46269416809,1.75
8,2,10,2.45715618134,1.75
8,2,83,1.68517613411,2.75
8,2,83,1.68533015251,2.75
8,2,85,2.17079162598,4.5
8,2,85,2.17512249947,4.5
8,2,48,4.57851552963,4.0
8,2,48,4.57610988617,4.0
8,2,87,3.65061068535,2.0
8,2,87,3.65037322044,2.0
8,2,50,5.44797897339,3.0
8,2,50,5.44838619232,3.0
8,2,89,4.5551609993,2.25
8,2,89,4.55795621872,2.25
9,1,81,3.33777880669,2.25
9,1,81,3.40406870842,2.25
9,1,27,4.7662858963,3.75
9,1,27,4.59703540802,3.75
9,1,83,4.19638299942,4.25
9,1,83,4.33895587921,4.25
9,1,29,3.44487285614,2.5
9,1,29,3.235070467,2.5
9,1,32,3.45711946487,2.75
9,1,32,3.23301124573,2.75
9,1,85,5.04467725754,4.75
9,1,85,5.20168113708,4.75
9,1,31,4.60053348541,3.5
9,1,31,4.55257749557,3.5
9,1,34,3.15493392944,3.25
9,1,34,2.89363479614,3.25
9,1,87,3.51255440712,3.25
9,1,87,3.73699021339,3.25
9,1,36,4.00823116302,3.5
9,1,36,3.88552999496,3.5
9,1,89,3.72193694115,2.75
9,1,89,3.54651021957,2.75
9,1,3,4.66410636902,4.75
9,1,3,4.60606908798,4.75
9,1,38,3.58072423935,3.5
9,1,38,3.7121822834,3.5
9,1,91,3.12865543365,3.75
9,1,91,2.94773459435,3.75
9,1,5,4.30936336517,5.75
9,1,5,4.16338157654,5.75
9,1,40,3.51716470718,2.25
9,1,40,3.56658220291,2.25
9,1,93,4.32381296158,3.25
9,1,93,4.39639568329,3.25
9,1,96,3.32816743851,4.25
9,1,96,3.22874426842,4.25
9,1,7,4.70997858047,4.25
9,1,7,4.63016986847,4.25
9,1,42,4.0387635231,4.0
9,1,42,3.91484904289,4.0
9,1,95,3.5996670723,4.25
9,1,95,3.60282516479,4.25
9,1,98,3.20963954926,2.25
9,1,98,3.28653144836,2.25
9,1,65,3.62163877487,2.0
9,1,65,3.37185430527,2.0
9,1,100,4.10594367981,4.25
9,1,100,3.9947309494,4.25
9,1,67,3.87783837318,4.25
9,1,67,3.75114560127,4.25
9,1,102,3.33637857437,3.75
9,1,102,3.53984045982,3.75
9,1,69,3.76684331894,5.5
9,1,69,4.14456272125,5.5
9,1,104,2.72989869118,3.0
9,1,104,2.87663793564,3.0
9,1,106,3.07451272011,4.0
9,1,106,3.03432393074,4.0
9,1,73,3.2900249958,3.25
9,1,73,3.45212554932,3.25
9,1,51,4.17652320862,3.5
9,1,51,4.19409370422,3.5
9,1,75,3.67879939079,2.5
9,1,75,3.61918234825,2.5
9,1,110,3.90897798538,4.25
9,1,110,3.74363541603,4.25
9,1,53,3.49689149857,3.0
9,1,53,3.6455347538,3.0
9,1,77,3.76152896881,3.25
9,1,77,3.7189438343,3.25
9,1,16,3.32680296898,1.5
9,1,16,3.53132605553,1.5
9,1,55,3.64838337898,3.5
9,1,55,3.73316454887,3.5
9,1,79,3.32734799385,4.0
9,1,79,3.62092351913,4.0
9,1,18,4.43313217163,3.5
9,1,18,4.52044820786,3.5
9,1,20,3.7693002224,4.0
9,1,20,3.98442959785,4.0
9,1,59,3.45997166634,2.75
9,1,59,3.36756658554,2.75
9,1,22,3.57451224327,3.0
9,1,22,3.70325827599,3.0
9,1,61,2.95500969887,3.5
9,1,61,3.30096340179,3.5
9,1,24,3.38049459457,3.5
9,1,24,3.5608484745,3.5
9,1,63,2.54403066635,3.25
9,1,63,2.46242308617,3.25
9,1,80,3.20033955574,3.25
9,1,80,3.10984182358,3.25
9,1,26,3.75768780708,4.5
9,1,26,3.56003546715,4.5
9,1,33,4.42458200455,3.75
9,1,33,4.41651344299,3.75
9,1,82,3.4929664135,4.0
9,1,82,3.77289319038,4.0
9,1,28,4.17332172394,2.75
9,1,28,3.95083236694,2.75
9,1,35,3.50424838066,3.5
9,1,35,3.65615034103,3.5
9,1,84,4.28036212921,3.0
9,1,84,4.1808681488,3.0
9,1,30,3.72863936424,3.0
9,1,30,3.47848057747,3.0
9,1,37,4.02581501007,4.5
9,1,37,4.01494503021,4.5
9,1,86,3.88814783096,4.0
9,1,86,3.60001039505,4.0
9,1,39,3.76429080963,2.75
9,1,39,3.74801850319,2.75
9,1,88,2.98818945885,3.25
9,1,88,2.9136660099,3.25
9,1,2,4.35504293442,5.25
9,1,2,4.35748004913,5.25
9,1,41,4.20163106918,3.0
9,1,41,4.37253570557,3.0
9,1,90,3.183562994,2.75
9,1,90,3.01504802704,2.75
9,1,97,3.83667325974,3.5
9,1,97,4.16096878052,3.5
9,1,4,4.89427042007,5.0
9,1,4,4.77632379532,5.0
9,1,92,3.14893603325,4.0
9,1,92,3.28489565849,4.0
9,1,99,3.31062650681,3.0
9,1,99,3.15632605553,3.0
9,1,6,3.59103155136,3.5
9,1,6,3.7993657589,3.5
9,1,94,3.85862469673,3.0
9,1,94,4.13656949997,3.0
9,1,101,2.99078178406,2.25
9,1,101,3.1667432785,2.25
9,1,8,4.45284128189,4.5
9,1,8,4.77653837204,4.5
9,1,64,4.05193996429,4.25
9,1,64,4.11151361465,4.25
9,1,103,3.93131422997,2.25
9,1,103,3.93459510803,2.25
9,1,66,4.13289117813,4.75
9,1,66,4.16676187515,4.75
9,1,105,3.95453357697,3.75
9,1,105,3.95881295204,3.75
9,1,12,4.02417707443,4.75
9,1,12,4.12909507751,4.75
9,1,68,3.05893039703,3.5
9,1,68,3.30273509026,3.5
9,1,107,3.34336495399,4.25
9,1,107,3.68107390404,4.25
9,1,72,2.8949534893,3.75
9,1,72,3.02474427223,3.75
9,1,111,3.96640324593,3.0
9,1,111,4.04099655151,3.0
9,1,50,4.24497556686,3.5
9,1,50,4.3955039978,3.5
9,1,74,3.71038818359,3.0
9,1,74,3.83479332924,3.0
9,1,17,4.28492975235,4.25
9,1,17,4.49779748917,4.25
9,1,52,3.58267617226,2.75
9,1,52,3.71664810181,2.75
9,1,76,3.60204601288,4.0
9,1,76,3.54921293259,4.0
9,1,19,4.03820705414,3.25
9,1,19,4.02946662903,3.25
9,1,54,2.69602632523,2.75
9,1,54,2.97155690193,2.75
9,1,78,3.01943349838,3.5
9,1,78,3.35815668106,3.5
9,1,21,3.14721798897,4.5
9,1,21,3.1790561676,4.5
9,1,56,3.25901603699,3.75
9,1,56,3.55896425247,3.75
9,1,23,3.50125050545,4.5
9,1,23,3.6891746521,4.5
9,1,25,4.08706855774,3.5
9,1,25,4.18866682053,3.5
9,1,60,3.19084000587,4.0
9,1,60,3.55416440964,4.0
9,2,98,3.47338724136,4.5
9,2,98,3.57861423492,4.5
9,2,71,5.07955312729,5.25
9,2,71,4.96404409409,5.25
9,2,100,4.1607260704,5.75
9,2,100,4.32001876831,5.75
9,2,46,4.86386442184,4.75
9,2,46,4.87255764008,4.75
9,2,102,5.05971574783,3.75
9,2,102,5.12685966492,3.75
9,2,75,4.78597354889,3.75
9,2,75,4.94294929504,3.75
9,2,16,3.39276742935,2.75
9,2,16,3.35311484337,2.75
9,2,104,3.97573065758,3.25
9,2,104,3.98152279854,3.25
9,2,77,3.57104945183,4.25
9,2,77,3.60793352127,4.25
9,2,18,2.78623247147,4.25
9,2,18,3.21595263481,4.25
9,2,106,4.54972600937,5.25
9,2,106,4.52921104431,5.25
9,2,79,4.9735045433,5.25
9,2,79,4.86749219894,5.25
9,2,20,3.27114129066,3.0
9,2,20,3.51493740082,3.0
9,2,108,4.53183269501,4.25
9,2,108,4.41158294678,4.25
9,2,49,4.78772449493,5.25
9,2,49,4.75417613983,5.25
9,2,22,3.44805836678,3.0
9,2,22,3.73023176193,3.0
9,2,110,3.38765668869,3.25
9,2,110,3.81659793854,3.25
9,2,51,4.79885005951,5.0
9,2,51,4.6474609375,5.0
9,2,24,2.9829313755,1.75
9,2,24,3.20658302307,1.75
9,2,80,4.26623344421,4.75
9,2,80,4.29536485672,4.75
9,2,53,3.00717329979,3.75
9,2,53,2.96582937241,3.75
9,2,26,3.0398106575,3.25
9,2,26,2.82212138176,3.25
9,2,82,3.78775477409,3.0
9,2,82,3.79440975189,3.0
9,2,55,4.20471096039,3.25
9,2,55,3.95966005325,3.25
9,2,28,3.93775391579,4.75
9,2,28,3.69955682755,4.75
9,2,84,4.02805805206,3.75
9,2,84,4.1020026207,3.75
9,2,30,4.19700527191,2.75
9,2,30,4.41758489609,2.75
9,2,113,4.09958314896,5.75
9,2,113,4.23835277557,5.75
9,2,86,4.37280464172,4.0
9,2,86,4.18121099472,4.0
9,2,88,3.91726589203,4.5
9,2,88,4.05992603302,4.5
9,2,2,4.49362897873,4.0
9,2,2,4.56873416901,4.0
9,2,90,3.7838177681,3.25
9,2,90,3.86332082748,3.25
9,2,63,3.81088519096,5.0
9,2,63,4.21516561508,5.0
9,2,4,3.83390235901,5.25
9,2,4,3.83071565628,5.25
9,2,92,4.26794481277,4.25
9,2,92,4.08701515198,4.25
9,2,33,4.67145299911,3.0
9,2,33,4.70188331604,3.0
9,2,6,5.14130306244,5.75
9,2,6,5.1290063858,5.75
9,2,94,2.98074173927,4.0
9,2,94,3.28627490997,4.0
9,2,35,3.48381829262,2.5
9,2,35,3.64053630829,2.5
9,2,8,3.50286769867,4.5
9,2,8,3.56760859489,4.5
9,2,64,3.07666659355,4.5
9,2,64,2.9568374157,4.5
9,2,37,3.77730607986,3.75
9,2,37,3.76375222206,3.75
9,2,10,4.57265520096,4.75
9,2,10,4.65084075928,4.75
9,2,66,4.30726575851,5.5
9,2,66,4.37958049774,5.5
9,2,39,3.72393989563,4.0
9,2,39,3.83433794975,4.0
9,2,12,4.13412094116,5.5
9,2,12,4.39893007278,5.5
9,2,68,4.20512390137,3.25
9,2,68,4.33031797409,3.25
9,2,41,4.39591741562,4.5
9,2,41,4.75716733932,4.5
9,2,97,2.97742795944,3.75
9,2,97,3.12477493286,3.75
9,2,70,4.2089176178,4.75
9,2,70,4.52917194366,4.75
9,2,99,4.2564573288,4.5
9,2,99,4.46471643448,4.5
9,2,45,3.31991934776,3.0
9,2,45,3.36164689064,3.0
9,2,101,3.50990390778,3.75
9,2,101,3.58553552628,3.75
9,2,74,4.00952863693,5.25
9,2,74,4.32683706284,5.25
9,2,47,4.15776205063,5.0
9,2,47,4.0644993782,5.0
9,2,103,3.87812423706,3.0
9,2,103,4.10153484344,3.0
9,2,76,3.9933655262,3.25
9,2,76,4.22990036011,3.25
9,2,17,3.50217914581,4.0
9,2,17,3.89814591408,4.0
9,2,105,4.34321069717,4.5
9,2,105,4.56201314926,4.5
9,2,78,4.4390745163,5.5
9,2,78,4.47506523132,5.5
9,2,19,3.37244868279,3.25
9,2,19,3.54745841026,3.25
9,2,107,3.33769989014,3.75
9,2,107,3.39799880981,3.75
9,2,48,4.71777582169,5.0
9,2,48,4.71191358566,5.0
9,2,21,3.05422234535,3.75
9,2,21,3.24106216431,3.75
9,2,109,3.2997303009,2.25
9,2,109,3.54822993279,2.25
9,2,50,3.84246993065,4.0
9,2,50,4.22639656067,4.0
9,2,23,3.11854791641,2.75
9,2,23,3.26876020432,2.75
9,2,111,3.88574743271,4.0
9,2,111,3.99716281891,4.0
9,2,52,1.82506072521,2.75
9,2,52,1.9916870594,2.75
9,2,25,3.61481881142,5.75
9,2,25,3.47436642647,5.75
9,2,81,4.68510293961,4.75
9,2,81,4.76144742966,4.75
9,2,54,3.97754955292,5.5
9,2,54,3.79954171181,5.5
9,2,27,2.35210108757,3.25
9,2,27,2.67649435997,3.25
9,2,83,3.96004199982,4.0
9,2,83,4.22930526733,4.0
9,2,56,3.77686214447,5.0
9,2,56,4.03831768036,5.0
9,2,29,4.20094251633,3.0
9,2,29,4.05828475952,3.0
9,2,112,3.6046860218,4.5
9,2,112,3.77317500114,4.5
9,2,85,2.81413817406,4.75
9,2,85,3.12195730209,4.75
9,2,31,3.21622490883,2.75
9,2,31,3.03328418732,2.75
9,2,87,3.48145604134,3.25
9,2,87,3.40721726418,3.25
9,2,89,2.76988720894,2.75
9,2,89,2.90404319763,2.75
9,2,62,4.63485193253,4.0
9,2,62,4.79497098923,4.0
9,2,3,3.93558263779,4.5
9,2,3,4.02206945419,4.5
9,2,91,4.14956283569,4.25
9,2,91,4.3704996109,4.25
9,2,32,3.13836407661,2.25
9,2,32,3.15529060364,2.25
9,2,5,3.91950941086,5.5
9,2,5,4.00389099121,5.5
9,2,93,3.85938501358,4.5
9,2,93,4.14535665512,4.5
9,2,34,3.77116394043,2.5
9,2,34,3.62326145172,2.5
9,2,7,2.85642194748,5.25
9,2,7,2.6560781002,5.25
9,2,95,3.41065502167,5.0
9,2,95,3.78914070129,5.0
9,2,36,4.3708190918,4.75
9,2,36,4.53090190887,4.75
9,2,9,4.57274436951,5.75
9,2,9,4.57092905045,5.75
9,2,65,4.53379440308,4.75
9,2,65,4.48312187195,4.75
9,2,38,2.61549568176,2.0
9,2,38,2.4151237011,2.0
9,2,11,3.93615865707,4.5
9,2,11,4.19545555115,4.5
9,2,67,4.76022958755,4.25
9,2,67,4.66815757751,4.25
9,2,40,4.56989955902,3.25
9,2,40,4.86641073227,3.25
9,2,13,3.39536190033,3.75
9,2,13,3.27831578255,3.75
9,2,96,4.38128805161,3.0
9,2,96,4.63599491119,3.0
9,2,69,3.87973570824,3.25
9,2,69,4.30161046982,3.25
9,2,42,4.30687236786,3.25
9,2,42,4.24065494537,3.25
10,1,63,3.51905202866,4.25
10,1,63,3.97849082947,4.25
10,1,24,4.8678483963,4.75
10,1,24,5.24039745331,4.75
10,1,80,4.24112606049,5.0
10,1,80,4.46219873428,5.0
10,1,61,5.14169168472,4.0
10,1,61,5.01135396957,4.0
10,1,6,4.36432266235,5.0
10,1,6,4.2144241333,5.0
10,1,94,3.65870404243,5.0
10,1,94,3.86673045158,5.0
10,1,4,4.55874443054,5.5
10,1,4,4.77987527847,5.5
10,1,92,4.5467672348,5.0
10,1,92,4.89824151993,5.0
10,1,57,3.85834789276,1.5
10,1,57,4.15474557877,1.5
10,1,90,4.72354650497,3.75
10,1,90,4.60067272186,3.75
10,1,39,3.61319375038,4.0
10,1,39,3.90746283531,4.0
10,1,88,4.81549549103,5.5
10,1,88,5.01199483871,5.5
10,1,37,5.18280696869,6.0
10,1,37,4.9967212677,6.0
10,1,14,4.34330129623,3.75
10,1,14,4.6087975502,3.75
10,1,35,3.05613708496,2.0
10,1,35,3.25161075592,2.0
10,1,12,5.10750675201,4.5
10,1,12,4.9755654335,4.5
10,1,68,4.96707582474,3.75
10,1,68,5.14773273468,3.75
10,1,33,4.17606782913,4.5
10,1,33,4.20030927658,4.5
10,1,10,4.52969789505,5.0
10,1,10,4.44419574738,5.0
10,1,66,4.3938574791,6.0
10,1,66,4.72186517715,6.0
10,1,47,4.41021347046,5.25
10,1,47,4.30743074417,5.25
10,1,8,4.87550115585,6.25
10,1,8,4.68571710587,6.25
10,1,103,3.73838806152,3.75
10,1,103,4.16923046112,3.75
10,1,64,3.62595772743,5.0
10,1,64,3.80684065819,5.0
10,1,45,3.93111538887,2.875
10,1,45,4.20257806778,2.875
10,1,101,4.23815774918,5.5
10,1,101,4.60898065567,5.5
10,1,78,4.45129919052,5.5
10,1,78,4.71532535553,5.5
10,1,43,4.66910600662,4.5
10,1,43,4.59189987183,4.5
10,1,99,4.51245737076,5.25
10,1,99,4.8317284584,5.25
10,1,76,4.60446977615,4.75
10,1,76,4.82658433914,4.75
10,1,41,3.87041473389,3.25
10,1,41,4.04764556885,3.25
10,1,97,3.84274673462,3.75
10,1,97,4.17430305481,3.75
10,1,74,4.08899974823,4.75
10,1,74,4.24221086502,4.75
10,1,72,4.67094612122,3.0
10,1,72,4.54895877838,3.0
10,1,21,4.42721796036,5.25
10,1,21,4.39712667465,5.25
10,1,54,3.17161250114,3.5
10,1,54,3.31095123291,3.5
10,1,107,4.90588998795,5.0
10,1,107,4.71496248245,5.0
10,1,52,4.48560571671,5.0
10,1,52,4.66349649429,5.0
10,1,105,4.11835670471,4.0
10,1,105,4.28922128677,4.0
10,1,50,5.00507068634,5.25
10,1,50,5.23894882202,5.25
10,1,31,4.29788064957,4.75
10,1,31,4.58771705627,4.75
10,1,87,4.80387973785,4.75
10,1,87,5.10596323013,4.75
10,1,48,5.09693527222,5.0
10,1,48,5.32281827927,5.0
10,1,29,4.68906259537,4.5
10,1,29,4.87792491913,4.5
10,1,85,4.21052122116,4.75
10,1,85,4.28860282898,4.75
10,1,62,3.90219402313,3.75
10,1,62,4.07187461853,3.75
10,1,27,4.38549280167,4.25
10,1,27,4.66137886047,4.25
10,1,83,4.67511463165,3.0
10,1,83,4.43160581589,3.0
10,1,25,4.604991436,4.5
10,1,25,4.83115243912,4.5
10,1,81,3.74061226845,4.25
10,1,81,3.85971999168,4.25
10,1,7,5.02118492126,5.5
10,1,7,4.81306505203,5.5
10,1,95,4.62228536606,4.75
10,1,95,4.91561079025,4.75
10,1,56,3.93372297287,4.5
10,1,56,4.20277643204,4.5
10,1,5,3.85073065758,5.0
10,1,5,4.16012382507,5.0
10,1,93,4.26993560791,4.0
10,1,93,4.61242341995,4.0
10,1,38,4.08980560303,3.75
10,1,38,4.08695888519,3.75
10,1,91,4.7381234169,4.5
10,1,91,4.97498989105,4.5
10,1,36,4.7101726532,4.75
10,1,36,4.97568845749,4.75
10,1,89,4.88152074814,5.25
10,1,89,4.70839214325,5.25
10,1,34,3.30394816399,4.0
10,1,34,3.5428879261,4.0
10,1,32,4.6922750473,3.75
10,1,32,4.73022794724,3.75
10,1,13,4.48107099533,4.25
10,1,13,4.39657354355,4.25
10,1,69,4.54265880585,4.5
10,1,69,4.74175691605,4.5
10,1,46,4.79895544052,5.0
10,1,46,5.02131175995,5.0
10,1,11,3.82121300697,4.0
10,1,11,3.7656955719,4.0
10,1,102,3.40561532974,5.0
10,1,102,3.64151954651,5.0
10,1,67,4.36167287827,5.25
10,1,67,4.48293781281,5.25
10,1,44,4.54960012436,4.5
10,1,44,4.43833589554,4.5
10,1,9,4.88519620895,5.5
10,1,9,4.89674568176,5.5
10,1,100,4.02342700958,4.0
10,1,100,4.24516677856,4.0
10,1,65,4.33645629883,5.75
10,1,65,4.64897441864,5.75
10,1,42,4.98072814941,5.25
10,1,42,5.14774942398,5.25
10,1,98,4.45015144348,4.5
10,1,98,4.68607330322,4.5
10,1,79,3.97620248795,4.5
10,1,79,3.88541698456,4.5
10,1,40,4.25393342972,4.5
10,1,40,4.57953977585,4.5
10,1,96,4.96543693542,4.5
10,1,96,4.78606700897,4.5
10,1,77,4.8579287529,4.5
10,1,77,5.05493974686,4.5
10,1,22,4.24512386322,4.5
10,1,22,4.49659252167,4.5
10,1,75,4.53406953812,4.5
10,1,75,4.81198740005,4.5
10,1,20,4.65118122101,5.0
10,1,20,4.9183716774,5.0
10,1,108,4.43673658371,5.0
10,1,108,4.45552301407,5.0
10,1,73,4.73020744324,4.25
10,1,73,5.00280761719,4.25
10,1,106,4.27658128738,2.0
10,1,106,4.60009384155,2.0
10,1,55,4.65061473846,5.25
10,1,55,4.84295463562,5.25
10,1,104,4.67739772797,4.5
10,1,104,4.91130447388,4.5
10,1,53,4.81786584854,5.25
10,1,53,5.05934619904,5.25
10,1,30,5.0275144577,5.5
10,1,30,5.20954036713,5.5
10,1,86,4.4203953743,4.0
10,1,86,4.34697341919,4.0
10,1,51,3.95789432526,5.5
10,1,51,4.178191185,5.5
10,1,28,4.66850376129,4.75
10,1,28,5.07282304764,4.75
10,1,84,3.99798798561,2.75
10,1,84,3.95533871651,2.75
10,1,49,3.71643829346,4.0
10,1,49,3.74424791336,4.0
10,1,26,3.69095635414,2.375
10,1,26,3.81802082062,2.375
10,1,82,4.4123210907,4.5
10,1,82,4.62564992905,4.5
10,2,65,3.63529777527,5.0
10,2,65,3.63510632515,5.0
10,2,26,4.74308872223,3.5
10,2,26,5.13266801834,3.5
10,2,83,3.87932014465,4.25
10,2,83,3.71775960922,4.25
10,2,15,4.52330303192,5.75
10,2,15,4.4398932457,5.75
10,2,25,4.19791889191,4.25
10,2,25,4.09805393219,4.25
10,2,82,3.76286745071,5.25
10,2,82,3.67331051826,5.25
10,2,14,5.13745975494,5.25
10,2,14,5.03643846512,5.25
10,2,71,4.48841810226,4.0
10,2,71,4.69870662689,4.0
10,2,24,4.28911066055,3.5
10,2,24,4.21039581299,3.5
10,2,81,4.63219881058,5.25
10,2,81,4.52089595795,5.25
10,2,35,2.74365496635,2.75
10,2,35,2.97296953201,2.75
10,2,13,5.11664581299,5.25
10,2,13,4.94952344894,5.25
10,2,70,4.54893684387,4.66667
10,2,70,4.4344587326,4.66667
10,2,31,4.21650981903,3.25
10,2,31,4.22905731201,3.25
10,2,80,4.38880681992,4.5
10,2,80,4.35925292969,4.5
10,2,34,4.44839382172,5.0
10,2,34,4.34360122681,5.0
10,2,12,4.91295623779,4.25
10,2,12,5.02812480927,4.25
10,2,69,4.0285692215,5.25
10,2,69,4.18846416473,5.25
10,2,30,4.49092626572,5.75
10,2,30,4.31439638138,5.75
10,2,87,4.78400564194,5.5
10,2,87,4.67774200439,5.5
10,2,33,4.08384799957,4.75
10,2,33,4.03274774551,4.75
10,2,51,5.10552835464,5.5
10,2,51,5.15221977234,5.5
10,2,68,4.4938826561,4.75
10,2,68,4.60527324677,4.75
10,2,29,4.06140184402,5.0
10,2,29,4.15785074234,5.0
10,2,86,4.55349302292,4.5
10,2,86,4.31824827194,4.5
10,2,32,3.66384029388,1.75
10,2,32,3.55254817009,1.75
10,2,50,4.22331285477,4.0
10,2,50,4.18769550323,4.0
10,2,75,4.8593120575,4.5
10,2,75,4.7105679512,4.5
10,2,28,4.58095979691,4.5
10,2,28,4.37938451767,4.5
10,2,85,4.80756759644,5.25
10,2,85,4.64458560944,5.25
10,2,39,5.13433074951,5.25
10,2,39,4.99564886093,5.25
10,2,74,4.70197582245,4.75
10,2,74,4.73817110062,4.75
10,2,3,4.85807180405,3.75
10,2,3,4.68105697632,3.75
10,2,84,4.13863277435,4.0
10,2,84,4.29873085022,4.0
10,2,38,4.68126821518,4.75
10,2,38,4.43166160583,4.75
10,2,73,3.93271446228,5.5
10,2,73,3.95783019066,5.5
10,2,91,4.25963592529,4.25
10,2,91,4.56938695908,4.25
10,2,37,5.33502674103,5.0
10,2,37,4.98579072952,5.0
10,2,55,4.90848112106,3.75
10,2,55,5.15096998215,3.75
10,2,72,3.93914198875,6.25
10,2,72,4.20784568787,6.25
10,2,90,5.09381914139,4.25
10,2,90,5.15820455551,4.25
10,2,19,4.2132768631,4.5
10,2,19,4.21031284332,4.5
10,2,36,4.60049009323,3.75
10,2,36,4.66586923599,3.75
10,2,54,4.78312253952,5.5
10,2,54,4.77629327774,5.5
10,2,79,4.33873701096,5.5
10,2,79,4.20525217056,5.5
10,2,89,4.81572771072,4.0
10,2,89,4.83843278885,4.0
10,2,43,5.27577829361,5.75
10,2,43,5.19103050232,5.75
10,2,53,5.06443214417,6.75
10,2,53,4.86705207825,6.75
10,2,78,4.67344617844,5.25
10,2,78,4.7968044281,5.25
10,2,7,4.79286766052,5.25
10,2,7,4.71163988113,5.25
10,2,88,4.86258602142,5.5
10,2,88,4.66549110413,5.5
10,2,42,4.89277839661,5.5
10,2,42,4.66608905792,5.5
10,2,52,5.29130935669,5.5
10,2,52,5.1098818779,5.5
10,2,77,3.93383741379,3.5
10,2,77,3.77516388893,3.5
10,2,6,4.65911102295,5.25
10,2,6,4.53652858734,5.25
10,2,95,4.13946056366,2.0
10,2,95,4.31511974335,2.0
10,2,41,5.13884449005,5.25
10,2,41,4.87509250641,5.25
10,2,76,4.30474710464,4.5
10,2,76,4.18679523468,4.5
10,2,5,4.63073539734,5.5
10,2,5,4.48285102844,5.5
10,2,94,3.7023806572,3.25
10,2,94,3.48296451569,3.25
10,2,23,4.79868221283,5.0
10,2,23,4.57105207443,5.0
10,2,40,3.73691821098,4.5
10,2,40,4.11785745621,4.5
10,2,97,3.93341112137,5.75
10,2,97,3.92543196678,5.75
10,2,58,4.8364777565,5.5
10,2,58,4.65063524246,5.5
10,2,4,4.74802923203,6.25
10,2,4,4.71412801743,6.25
10,2,93,3.71585035324,3.25
10,2,93,3.70157361031,3.25
10,2,22,4.34701251984,5.5
10,2,22,4.33030033112,5.5
10,2,47,4.90228271484,5.25
10,2,47,4.84103679657,5.25
10,2,96,4.59592485428,4.75
10,2,96,4.84384441376,4.75
10,2,11,4.57387876511,4.5
10,2,11,4.44794940948,4.5
10,2,92,4.0026512146,4.75
10,2,92,3.90086960793,4.75
10,2,21,4.637778759,5.5
10,2,21,4.38484096527,5.5
10,2,46,4.03676128387,4.25
10,2,46,3.98091673851,4.25
10,2,56,4.66294765472,5.25
10,2,56,4.73021173477,5.25
10,2,10,3.99399280548,5.25
10,2,10,4.01393890381,5.25
10,2,67,4.62627601624,4.33333
10,2,67,4.75867938995,4.33333
10,2,20,4.33955192566,2.75
10,2,20,4.56964302063,2.75
10,2,45,3.24963450432,3.5
10,2,45,3.28760313988,3.5
10,2,9,3.96165370941,3.25
10,2,9,3.88397359848,3.25
10,2,66,3.38423252106,3.0
10,2,66,3.47418546677,3.0
10,2,27,4.3463602066,5.0
10,2,27,4.15559768677,5.0
10,2,44,4.590280056,5.0
10,2,44,4.44908761978,5.0
10,2,8,4.91621685028,5.75
10,2,8,5.15625524521,5.75
11,1,5,5.47258329391,4.5
11,1,5,5.69615840912,4.5
11,1,94,5.27604913712,5.75
11,1,94,5.33577871323,5.75
11,1,23,5.93875408173,5.75
11,1,23,5.99165248871,5.75
11,1,32,5.58862018585,4.25
11,1,32,5.51327228546,4.25
11,1,50,3.31013321877,3.0
11,1,50,3.34666323662,3.0
11,1,75,3.74326062202,3.5
11,1,75,4.0345582962,3.5
11,1,4,5.08574676514,5.75
11,1,4,5.20259475708,5.75
11,1,93,4.9590921402,4.25
11,1,93,5.2432384491,4.25
11,1,22,5.24045133591,6.25
11,1,22,5.30485296249,6.25
11,1,47,3.73275566101,4.0
11,1,47,3.95903396606,4.0
11,1,49,3.52416849136,4.5
11,1,49,3.69629669189,4.5
11,1,74,4.35949897766,5.0
11,1,74,4.59386205673,5.0
11,1,92,4.62583208084,4.25
11,1,92,4.55634737015,4.25
11,1,21,4.9840388298,4.25
11,1,21,5.12026929855,4.25
11,1,46,3.13295245171,1.75
11,1,46,3.32389640808,1.75
11,1,48,3.18728113174,2.25
11,1,48,2.97320556641,2.25
11,1,73,5.50563764572,5.25
11,1,73,5.62492036819,5.25
11,1,91,4.62645626068,5.5
11,1,91,4.84860801697,5.5
11,1,20,5.50788640976,5.5
11,1,20,5.49241733551,5.5
11,1,63,4.90627622604,6.25
11,1,63,5.07176876068,6.25
11,1,72,4.46507453918,4.75
11,1,72,4.76913309097,4.75
11,1,90,5.24021959305,4.25
11,1,90,5.44884252548,4.25
11,1,19,5.70552825928,6.25
11,1,19,5.74534463882,6.25
11,1,62,4.2662768364,5.0
11,1,62,4.24214076996,5.0
11,1,89,5.04940128326,5.0
11,1,89,5.33218574524,5.0
11,1,15,5.0030412674,3.5
11,1,15,4.9963350296,3.5
11,1,88,5.30501794815,3.75
11,1,88,5.45931482315,3.75
11,1,99,5.64818429947,6.25
11,1,99,5.74819087982,6.25
11,1,14,5.2609629631,4.25
11,1,14,5.086373806,4.25
11,1,71,4.55799388885,4.75
11,1,71,4.94098758698,4.75
11,1,98,4.41737031937,4.5
11,1,98,4.43014192581,4.5
11,1,13,5.31749629974,5.25
11,1,13,5.36202144623,5.25
11,1,70,4.11836099625,5.0
11,1,70,4.23386001587,5.0
11,1,31,5.57701158524,5.5
11,1,31,5.64230489731,5.5
11,1,97,3.71491265297,3.75
11,1,97,3.87898921967,3.75
11,1,12,5.52640867233,5.5
11,1,12,5.66536474228,5.5
11,1,69,4.18297481537,4.0
11,1,69,4.75393915176,4.0
11,1,30,5.69362831116,4.25
11,1,30,5.75102901459,4.25
11,1,87,4.30394554138,2.75
11,1,87,4.3414773941,2.75
11,1,96,4.22275972366,4.75
11,1,96,4.34199619293,4.75
11,1,57,2.80712747574,2.5
11,1,57,2.80361843109,2.5
11,1,11,4.34724807739,4.5
11,1,11,4.31274652481,4.5
11,1,68,3.82086515427,4.25
11,1,68,4.16134977341,4.25
11,1,29,5.16983413696,5.5
11,1,29,5.17944097519,5.5
11,1,56,2.26584649086,2.25
11,1,56,2.68974280357,2.25
11,1,10,4.50220966339,4.66667
11,1,10,4.37406110764,4.66667
11,1,67,4.01694583893,6.25
11,1,67,4.16213178635,6.25
11,1,28,5.56417942047,4.5
11,1,28,5.63918638229,4.5
11,1,39,4.68637800217,5.0
11,1,39,4.72966527939,5.0
11,1,9,5.383020401,4.0
11,1,9,5.41418170929,4.0
11,1,66,4.39324808121,3.25
11,1,66,4.55511951447,3.25
11,1,27,5.05737257004,4.5
11,1,27,5.0211186409,4.5
11,1,84,4.64210128784,3.5
11,1,84,4.89946937561,3.5
11,1,38,5.86673974991,4.5
11,1,38,5.92966365814,4.5
11,1,8,5.17209148407,4.25
11,1,8,5.20381307602,4.25
11,1,65,3.97217130661,4.25
11,1,65,4.54853391647,4.25
11,1,26,5.71299409866,4.0
11,1,26,5.84242725372,4.0
11,1,83,5.13092803955,3.5
11,1,83,5.23761749268,3.5
11,1,37,5.00989103317,3.75
11,1,37,5.15270185471,3.75
11,1,55,2.90723657608,4.0
11,1,55,3.26665520668,4.0
11,1,64,4.8340420723,5.0
11,1,64,4.83886003494,5.0
11,1,25,5.45155239105,5.0
11,1,25,5.49952983856,5.0
11,1,82,4.93192052841,4.5
11,1,82,5.27397441864,4.5
11,1,36,5.28856992722,5.0
11,1,36,5.3597650528,5.0
11,1,54,3.42189002037,2.5
11,1,54,3.83417367935,2.5
11,1,79,4.51859998703,4.5
11,1,79,4.70140457153,4.5
11,1,24,4.90374708176,3.25
11,1,24,5.0870552063,3.25
11,1,81,4.0724272728,4.5
11,1,81,4.27798366547,4.5
11,1,35,5.23502445221,4.5
11,1,35,5.40402889252,4.5
11,1,53,3.38655161858,5.25
11,1,53,3.68458652496,5.25
11,1,78,4.58549928665,5.0
11,1,78,4.67004966736,5.0
11,1,7,5.0082244873,4.25
11,1,7,5.23500823975,4.25
11,1,80,5.21727991104,6.0
11,1,80,5.2849521637,6.0
11,1,34,5.73752641678,4.5
11,1,34,5.94024133682,4.5
11,1,52,5.2760310173,4.25
11,1,52,5.47942495346,4.25
11,1,77,4.93481492996,6.0
11,1,77,5.20024204254,6.0
11,1,6,4.8444018364,5.0
11,1,6,4.80021762848,5.0
11,1,95,4.55234098434,4.25
11,1,95,4.76201820374,4.25
11,1,33,5.58790779114,5.0
11,1,33,5.5445971489,5.0
11,1,51,4.65351295471,4.75
11,1,51,4.84600067139,4.75
11,1,76,4.97583770752,4.0
11,1,76,5.21810770035,4.0
11,2,84,4.01335430145,4.75
11,2,84,3.51153802872,4.75
11,2,28,3.30219554901,4.5
11,2,28,3.41086602211,4.5
11,2,74,2.2187306881,4.25
11,2,74,2.01041340828,4.25
11,2,18,4.69773721695,4.0
11,2,18,4.6644411087,4.0
11,2,72,2.53858828545,4.25
11,2,72,2.19466495514,4.25
11,2,63,1.91878449917,2.75
11,2,63,1.67178285122,2.75
11,2,78,4.10703134537,5.5
11,2,78,3.88887071609,5.5
11,2,61,2.51827669144,3.25
11,2,61,2.28785252571,3.25
11,2,22,3.26064276695,3.75
11,2,22,2.82166624069,3.75
11,2,76,4.05623197556,5.5
11,2,76,3.75052785873,5.5
11,2,51,4.98326206207,4.5
11,2,51,4.54652070999,4.5
11,2,20,4.88470029831,4.75
11,2,20,4.25136232376,4.75
11,2,105,4.35606098175,4.5
11,2,105,3.97901058197,4.5
11,2,66,2.47425460815,1.75
11,2,66,2.57641148567,1.75
11,2,49,3.19456148148,2.75
11,2,49,2.99757838249,2.75
11,2,10,3.11344742775,4.75
11,2,10,2.98715829849,4.75
11,2,111,4.63410377502,4.5
11,2,111,4.32836818695,4.5
11,2,64,3.50336790085,4.25
11,2,64,3.46045613289,4.25
11,2,55,3.51439881325,4.5
11,2,55,3.33870172501,4.5
11,2,8,4.2419257164,5.0
11,2,8,3.78499817848,5.0
11,2,109,4.50407981873,4.75
11,2,109,4.16615343094,4.75
11,2,53,3.26418352127,4.5
11,2,53,2.83933591843,4.5
11,2,99,4.63766860962,5.5
11,2,99,4.2435541153,5.5
11,2,68,3.099858284,4.0
11,2,68,3.02435302734,4.0
11,2,43,4.0761885643,5.25
11,2,43,3.39223241806,5.25
11,2,12,3.90404391289,2.25
11,2,12,3.7662320137,2.25
11,2,97,2.86960315704,3.75
11,2,97,2.38591361046,3.75
11,2,41,3.25774025917,4.75
11,2,41,2.90592694283,4.75
11,2,103,4.43507242203,5.25
11,2,103,3.91210174561,5.25
11,2,47,3.87931680679,4.0
11,2,47,3.6640150547,4.0
11,2,101,3.15856003761,4.75
11,2,101,2.98513960838,4.75
11,2,45,2.47915840149,4.25
11,2,45,2.45409011841,4.25
11,2,6,4.36561918259,5.5
11,2,6,3.8684823513,5.5
11,2,91,3.06706547737,4.5
11,2,91,2.58453273773,4.5
11,2,35,3.20102715492,3.75
11,2,35,3.00980186462,3.75
11,2,4,3.04600453377,4.0
11,2,4,2.63633108139,4.0
11,2,89,4.70551586151,4.75
11,2,89,4.01655769348,4.75
11,2,33,3.72601985931,4.25
11,2,33,3.2379257679,4.25
11,2,95,3.48325681686,4.0
11,2,95,2.77901053429,4.0
11,2,39,2.80148339272,4.5
11,2,39,2.80953192711,4.5
11,2,93,3.91040849686,5.0
11,2,93,3.53288769722,5.0
11,2,37,3.69361400604,5.0
11,2,37,3.57094311714,5.0
11,2,83,4.30592155457,4.0
11,2,83,3.85719108582,4.0
11,2,27,4.25233411789,5.5
11,2,27,3.87947392464,5.5
11,2,81,1.8563824892,3.0
11,2,81,1.66323745251,3.0
11,2,25,3.93425250053,5.0
11,2,25,3.5294315815,5.0
11,2,87,4.50187540054,4.25
11,2,87,4.18476486206,4.25
11,2,31,4.84567642212,5.0
11,2,31,4.50760984421,5.0
11,2,85,3.37856435776,5.0
11,2,85,2.9376578331,5.0
11,2,56,2.51655817032,4.75
11,2,56,2.52624821663,4.75
11,2,29,3.24712467194,4.75
11,2,29,2.92978239059,4.75
11,2,75,3.13323426247,2.5
11,2,75,3.09469151497,2.5
11,2,62,2.63502907753,1.75
11,2,62,2.50061798096,1.75
11,2,19,2.92559766769,5.25
11,2,19,3.09174966812,5.25
11,2,73,2.98253893852,4.25
11,2,73,2.52854561806,4.25
11,2,60,2.11057853699,2.5
11,2,60,1.77459812164,2.5
11,2,17,2.6840262413,3.75
11,2,17,2.75572013855,3.75
11,2,106,4.06190776825,3.0
11,2,106,3.26723146439,3.0
11,2,79,3.37056112289,4.25
11,2,79,2.89330148697,4.25
11,2,50,4.34888744354,4.25
11,2,50,4.0730047226,4.25
11,2,23,3.4495575428,5.75
11,2,23,3.15505409241,5.75
11,2,104,4.33439254761,6.0
11,2,104,4.06260299683,6.0
11,2,77,3.68610930443,4.5
11,2,77,3.39502000809,4.5
11,2,48,3.81767940521,6.5
11,2,48,3.6100666523,6.5
11,2,21,4.53724098206,6.25
11,2,21,4.56650304794,6.25
11,2,110,5.11174678802,4.75
11,2,110,4.64267921448,4.75
11,2,67,3.06429982185,4.75
11,2,67,2.87277650833,4.75
11,2,54,3.88565301895,3.75
11,2,54,3.10717654228,3.75
11,2,11,2.97925233841,2.5
11,2,11,2.99595665932,2.5
11,2,65,2.75699424744,2.5
11,2,65,2.56943488121,2.5
11,2,52,4.41862392426,5.0
11,2,52,4.4805021286,5.0
11,2,9,4.3351316452,3.5
11,2,9,3.77658748627,3.5
11,2,98,3.04884934425,5.0
11,2,98,2.82993602753,5.0
11,2,42,4.60361719131,4.75
11,2,42,4.11645364761,4.75
11,2,96,3.34767436981,5.0
11,2,96,3.19195055962,5.0
11,2,69,3.27340149879,3.25
11,2,69,2.92634868622,3.25
11,2,40,3.98315548897,4.25
11,2,40,3.53338813782,4.25
11,2,102,4.20705652237,3.75
11,2,102,3.57548427582,3.75
11,2,46,3.07885241508,4.25
11,2,46,3.23020267487,4.25
11,2,3,2.88272833824,5.0
11,2,3,2.19832396507,5.0
11,2,100,4.34778928757,4.5
11,2,100,3.89169859886,4.5
11,2,44,4.85830688477,5.5
11,2,44,4.74519014359,5.5
11,2,90,4.14770936966,3.25
11,2,90,3.78078174591,3.25
11,2,34,3.71404457092,6.5
11,2,34,3.76883673668,6.5
11,2,7,3.3332631588,0.75
11,2,7,3.35760784149,0.75
11,2,88,2.60270118713,5.0
11,2,88,2.25990509987,5.0
11,2,32,2.89810061455,5.25
11,2,32,2.83866286278,5.25
11,2,5,2.38648414612,2.25
11,2,5,2.16582751274,2.25
11,2,94,3.22492909431,4.25
11,2,94,2.87189531326,4.25
11,2,38,2.3299601078,4.25
11,2,38,2.363509655,4.25
11,2,92,4.61286497116,5.5
11,2,92,4.06942892075,5.5
11,2,36,4.40297222137,4.25
11,2,36,4.06600856781,4.25
11,2,82,2.19364285469,4.75
11,2,82,2.05038237572,4.75
11,2,26,2.72774672508,3.5
11,2,26,2.37000870705,3.5
11,2,80,3.51216888428,3.75
11,2,80,3.08341789246,3.75
11,2,24,3.4503467083,5.0
11,2,24,3.03133368492,5.0
11,2,86,3.54629993439,5.75
11,2,86,3.8868970871,5.75
11,2,30,2.94625020027,4.0
11,2,30,2.5126953125,4.0
12,1,60,4.13121128082,3.75
12,1,60,4.40250730515,3.75
12,1,25,4.37760734558,5.75
12,1,25,3.67085552216,5.75
12,1,83,5.22937965393,5.5
12,1,83,5.3701581955,5.5
12,1,62,2.28989768028,2.5
12,1,62,2.47658586502,2.5
12,1,27,4.61239671707,4.5
12,1,27,4.57097768784,4.5
12,1,77,4.08069372177,4.75
12,1,77,4.15866565704,4.75
12,1,21,5.41313648224,4.5
12,1,21,5.38820171356,4.5
12,1,79,4.62079763412,4.25
12,1,79,4.6952624321,4.25
12,1,23,4.40774536133,3.5
12,1,23,3.74681210518,3.5
12,1,108,4.54711389542,3.25
12,1,108,4.9069776535,3.25
12,1,73,4.95835399628,4.25
12,1,73,5.09020709991,4.25
12,1,17,5.1046795845,5.0
12,1,17,4.95960092545,5.0
12,1,110,4.3357667923,5.0
12,1,110,4.39612627029,5.0
12,1,75,5.17346096039,5.25
12,1,75,5.3111371994,5.25
12,1,54,4.79253864288,4.75
12,1,54,4.94525241852,4.75
12,1,19,4.93572282791,3.75
12,1,19,4.97905921936,3.75
12,1,104,3.57871818542,2.5
12,1,104,3.62267637253,2.5
12,1,69,4.70019245148,3.75
12,1,69,4.67145204544,3.75
12,1,48,5.08346414566,4.5
12,1,48,5.10744524002,4.5
12,1,106,2.72005772591,1.25
12,1,106,2.69626164436,1.25
12,1,100,4.07707071304,2.75
12,1,100,4.0699672699,2.75
12,1,65,3.86391305923,4.5
12,1,65,3.78783130646,4.5
12,1,44,5.24520635605,5.5
12,1,44,5.24290418625,5.5
12,1,9,5.54711961746,4.75
12,1,9,5.61652851105,4.75
12,1,102,4.6052570343,4.5
12,1,102,4.64121723175,4.5
12,1,67,3.393024683,2.75
12,1,67,3.24168992043,2.75
12,1,46,4.47837305069,3.5
12,1,46,4.18404579163,3.5
12,1,11,4.90391778946,5.0
12,1,11,4.74741220474,5.0
12,1,96,4.64955425262,3.25
12,1,96,4.84958410263,3.25
12,1,40,4.69584083557,4.25
12,1,40,4.67796468735,4.25
12,1,5,5.30376625061,6.0
12,1,5,5.38812685013,6.0
12,1,98,4.81091928482,3.75
12,1,98,4.98869562149,3.75
12,1,42,4.90078163147,4.25
12,1,42,4.92300128937,4.25
12,1,7,5.29653596878,6.25
12,1,7,5.34450244904,6.25
12,1,92,4.12350463867,3.25
12,1,92,4.20532369614,3.25
12,1,36,4.60117435455,5.0
12,1,36,4.63962984085,5.0
12,1,38,4.79079151154,5.5
12,1,38,4.65550899506,5.5
12,1,3,5.14131593704,6.0
12,1,3,5.19999647141,6.0
12,1,88,4.71194028854,4.5
12,1,88,4.83975124359,4.5
12,1,32,4.3140296936,5.25
12,1,32,4.2626824379,5.25
12,1,90,4.15416717529,4.0
12,1,90,4.17041635513,4.0
12,1,34,4.56228685379,5.5
12,1,34,4.55448675156,5.5
12,1,84,5.19575595856,4.5
12,1,84,5.3115773201,4.5
12,1,28,4.11547756195,5.0
12,1,28,3.92558574677,5.0
12,1,86,3.9904153347,3.0
12,1,86,4.17450618744,3.0
12,1,30,4.15415239334,4.0
12,1,30,4.01596498489,4.0
12,1,80,3.85474991798,4.0
12,1,80,3.97484087944,4.0
12,1,24,4.23380470276,5.25
12,1,24,3.60055494308,5.25
12,1,82,4.99152469635,4.0
12,1,82,5.26235628128,4.0
12,1,61,3.78465819359,4.0
12,1,61,3.76701951027,4.0
12,1,26,5.01339387894,5.0
12,1,26,5.10345554352,5.0
12,1,76,5.07303190231,4.0
12,1,76,5.22026586533,4.0
12,1,63,3.4885020256,3.0
12,1,63,3.64362049103,3.0
12,1,20,5.14171981812,4.75
12,1,20,5.09169149399,4.75
12,1,78,5.0057091713,6.0
12,1,78,5.14704370499,6.0
12,1,22,4.77937555313,4.5
12,1,22,5.1176943779,4.5
12,1,72,4.4194278717,3.25
12,1,72,4.47536182404,3.25
12,1,16,4.29281663895,5.25
12,1,16,4.1236410141,5.25
12,1,109,4.5706987381,3.5
12,1,109,4.70955371857,3.5
12,1,74,4.98992490768,5.0
12,1,74,5.1726603508,5.0
12,1,53,4.56145811081,4.5
12,1,53,4.53540945053,4.5
12,1,18,4.36017084122,4.25
12,1,18,3.87314176559,4.25
12,1,111,4.18043327332,2.75
12,1,111,4.73203516006,2.75
12,1,68,4.82639837265,4.25
12,1,68,4.81521368027,4.25
12,1,55,4.8902463913,5.0
12,1,55,4.50733184814,5.0
12,1,12,5.36501836777,5.75
12,1,12,5.28045988083,5.75
12,1,105,4.00089788437,3.25
12,1,105,4.16958284378,3.25
12,1,49,4.32677412033,4.75
12,1,49,4.35476875305,4.75
12,1,107,4.47721576691,4.5
12,1,107,4.41435003281,4.5
12,1,64,4.72940587997,4.0
12,1,64,4.71203279495,4.0
12,1,8,5.66962814331,5.25
12,1,8,5.7880654335,5.25
12,1,101,3.4407954216,3.25
12,1,101,3.49222707748,3.25
12,1,66,3.90719771385,3.0
12,1,66,3.74952673912,3.0
12,1,45,4.71523952484,5.0
12,1,45,4.68608474731,5.0
12,1,10,5.41553211212,5.25
12,1,10,5.46529579163,5.25
12,1,103,4.57792568207,4.5
12,1,103,4.52943944931,4.5
12,1,47,4.53060293198,5.5
12,1,47,4.35557746887,5.5
12,1,4,5.18902206421,6.25
12,1,4,5.30697584152,6.25
12,1,97,3.81642150879,4.25
12,1,97,4.06170940399,4.25
12,1,41,4.56144380569,3.75
12,1,41,4.66724681854,3.75
12,1,6,5.27029705048,5.0
12,1,6,5.27264881134,5.0
12,1,99,3.22722840309,1.75
12,1,99,3.19015312195,1.75
12,1,43,4.95192432404,4.75
12,1,43,4.91883611679,4.75
12,1,93,4.31271743774,3.75
12,1,93,4.43038082123,3.75
12,1,37,4.87367630005,4.5
12,1,37,4.87795591354,4.5
12,1,2,5.25460338593,6.5
12,1,2,5.31393241882,6.5
12,1,39,4.72236537933,5.75
12,1,39,4.81334352493,5.75
12,1,89,4.07408618927,3.5
12,1,89,4.31455135345,3.5
12,1,33,3.95318841934,4.25
12,1,33,3.96579432487,4.25
12,1,91,4.88285112381,4.5
12,1,91,4.93470907211,4.5
12,1,35,4.39509057999,4.0
12,1,35,4.05192565918,4.0
12,1,85,5.4223279953,4.75
12,1,85,5.50564146042,4.75
12,1,29,3.23477864265,2.75
12,1,29,3.15967702866,2.75
12,1,87,4.66078996658,5.0
12,1,87,4.96865797043,5.0
12,1,31,5.08084154129,5.0
12,1,31,5.12803554535,5.0
12,1,81,4.12969064713,4.0
12,1,81,4.35601186752,4.0
12,2,14,2.74405264854,4.25
12,2,14,2.59662032127,4.25
12,2,37,4.26411485672,3.5
12,2,37,4.18673324585,3.5
12,2,64,-0.141383603215,1.5
12,2,64,0.739830613136,1.5
12,2,8,3.70373868942,4.0
12,2,8,3.59109973907,4.0
12,2,39,2.84716582298,2.0
12,2,39,3.02703809738,2.0
12,2,66,2.26359963417,1.0
12,2,66,1.91447007656,1.0
12,2,10,3.68834090233,4.25
12,2,10,3.34602975845,4.25
12,2,33,4.32445240021,3.75
12,2,33,4.45641946793,3.75
12,2,4,3.53268074989,4.0
12,2,4,3.03908491135,4.0
12,2,35,3.7232940197,3.0
12,2,35,3.95133972168,3.0
12,2,6,3.9951775074,3.5
12,2,6,4.17065954208,3.5
12,2,93,4.22838687897,5.0
12,2,93,4.54805469513,5.0
12,2,95,3.67102813721,4.75
12,2,95,3.92518830299,4.75
12,2,89,3.27799224854,3.75
12,2,89,3.30614614487,3.75
12,2,116,3.93650221825,3.0
12,2,116,3.97079086304,3.0
12,2,91,4.29528999329,4.5
12,2,91,4.40819835663,4.5
12,2,62,0.0557101331651,1.75
12,2,62,0.99547457695,1.75
12,2,85,3.98264122009,4.75
12,2,85,4.08498287201,4.75
12,2,112,4.66513109207,3.75
12,2,112,4.7574505806,3.75
12,2,29,4.02853250504,3.0
12,2,29,4.288210392,3.0
12,2,56,4.55017948151,5.0
12,2,56,4.69907045364,5.0
12,2,87,4.09336423874,4.75
12,2,87,4.2854681015,4.75
12,2,114,3.76126003265,3.5
12,2,114,3.95899868011,3.5
12,2,31,3.73667526245,4.75
12,2,31,3.83330988884,4.75
12,2,58,4.36355686188,3.75
12,2,58,4.53054285049,3.75
12,2,81,4.6391711235,5.5
12,2,81,4.68513727188,5.5
12,2,108,3.06021809578,2.0
12,2,108,3.28776574135,2.0
12,2,25,3.91234564781,4.75
12,2,25,3.46373033524,4.75
12,2,52,4.01560783386,4.75
12,2,52,3.9173169136,4.75
12,2,83,3.46509027481,3.75
12,2,83,3.82842493057,3.75
12,2,110,1.94598305225,2.25
12,2,110,2.39805388451,2.25
12,2,27,4.31784820557,4.5
12,2,27,4.26668834686,4.5
12,2,54,4.32636976242,4.5
12,2,54,4.18554544449,4.5
12,2,77,4.4657087326,5.0
12,2,77,4.37507772446,5.0
12,2,104,3.72863030434,2.0
12,2,104,3.9131090641,2.0
12,2,21,3.91833353043,3.75
12,2,21,3.85103559494,3.75
12,2,48,4.84058666229,4.5
12,2,48,4.78030395508,4.5
12,2,79,4.21170568466,3.75
12,2,79,4.31002044678,3.75
12,2,106,3.41243219376,3.5
12,2,106,3.5006916523,3.5
12,2,23,4.42422914505,5.25
12,2,23,4.33094406128,5.25
12,2,50,4.87894010544,4.75
12,2,50,4.91005849838,4.75
12,2,73,0.193845301867,2.0
12,2,73,0.956192851067,2.0
12,2,100,2.95402193069,2.5
12,2,100,3.48626899719,2.5
12,2,44,4.19078302383,3.75
12,2,44,4.19089984894,3.75
12,2,102,3.13032484055,1.75
12,2,102,3.07188153267,1.75
12,2,19,4.38740062714,4.5
12,2,19,4.60472869873,4.5
12,2,46,4.71062469482,4.25
12,2,46,4.49755048752,4.25
12,2,69,0.17507584393,2.25
12,2,69,0.896744608879,2.25
12,2,96,4.31481266022,4.75
12,2,96,4.35819292068,4.75
12,2,13,0.601942896843,3.5
12,2,13,1.52634501457,3.5
12,2,40,4.8767490387,3.5
12,2,40,4.78324317932,3.5
12,2,71,0.173396140337,1.5
12,2,71,0.99040210247,1.5
12,2,98,4.12785243988,2.75
12,2,98,4.24560546875,2.75
12,2,42,4.56735515594,3.5
12,2,42,4.50079298019,3.5
12,2,65,0.663439750671,2.25
12,2,65,0.997679591179,2.25
12,2,9,2.52912950516,4.0
12,2,9,2.1953420639,4.0
12,2,36,3.12084507942,5.75
12,2,36,3.07315015793,5.75
12,2,67,1.34698367119,3.0
12,2,67,1.40471696854,3.0
12,2,11,3.26522874832,5.0
12,2,11,3.16655063629,5.0
12,2,5,3.74644565582,5.25
12,2,5,3.93781232834,5.25
12,2,32,4.14160346985,3.25
12,2,32,4.15445327759,3.25
12,2,7,3.80963635445,5.0
12,2,7,4.18331718445,5.0
12,2,34,4.59366083145,4.25
12,2,34,4.62315273285,4.25
12,2,92,4.18289136887,3.5
12,2,92,4.41449546814,3.5
12,2,3,2.24280905724,3.75
12,2,3,1.9326133728,3.75
12,2,94,2.37142109871,2.5
12,2,94,2.89706325531,2.5
12,2,88,3.90732312202,5.0
12,2,88,4.07347822189,5.0
12,2,90,3.81273055077,3.25
12,2,90,3.9825899601,3.25
12,2,113,4.38224554062,3.25
12,2,113,4.67714500427,3.25
12,2,57,5.20159244537,4.75
12,2,57,5.28775310516,4.75
12,2,84,3.84611964226,4.25
12,2,84,3.88696694374,4.25
12,2,115,4.02966499329,2.75
12,2,115,4.26676082611,2.75
12,2,28,3.78919553757,4.75
12,2,28,4.07259178162,4.75
12,2,59,4.64870977402,5.0
12,2,59,4.62635755539,5.0
12,2,86,3.45862913132,4.0
12,2,86,3.57751441002,4.0
12,2,109,3.35495352745,3.25
12,2,109,3.48248696327,3.25
12,2,30,4.32534742355,4.5
12,2,30,4.54088449478,4.5
12,2,53,4.83808469772,3.75
12,2,53,4.80983066559,3.75
12,2,80,4.49287748337,5.25
12,2,80,4.50628805161,5.25
12,2,111,4.42931222916,4.0
12,2,111,4.54467487335,4.0
12,2,24,4.2748837471,4.25
12,2,24,4.45723772049,4.25
12,2,55,4.94076967239,4.5
12,2,55,4.99511575699,4.5
12,2,82,3.05602169037,2.5
12,2,82,3.34192442894,2.5
12,2,105,4.70426654816,4.0
12,2,105,4.8262052536,4.0
12,2,26,4.20993185043,2.75
12,2,26,4.23954153061,2.75
12,2,49,4.91228103638,5.25
12,2,49,5.03428030014,5.25
12,2,107,3.81292891502,2.25
12,2,107,3.87538099289,2.25
12,2,20,4.63139104843,4.0
12,2,20,4.79376029968,4.0
12,2,51,3.22538685799,3.0
12,2,51,3.07582497597,3.0
12,2,78,4.39268159866,4.0
12,2,78,4.43873596191,4.0
12,2,101,4.00694417953,3.0
12,2,101,4.34821367264,3.0
12,2,22,4.90609502792,5.0
12,2,22,4.97589206696,5.0
12,2,45,4.61486053467,4.0
12,2,45,4.43803787231,4.0
12,2,103,3.58842182159,2.5
12,2,103,4.05169773102,2.5
12,2,47,4.48025274277,4.75
12,2,47,4.34534645081,4.75
12,2,97,3.65557289124,1.5
12,2,97,3.78727865219,1.5
12,2,41,4.65306997299,5.25
12,2,41,4.46014881134,5.25
12,2,68,0.0233535412699,2.0
12,2,68,0.845980286598,2.0
12,2,99,3.6312725544,3.25
12,2,99,3.68779301643,3.25
12,2,12,2.48473167419,5.25
12,2,12,2.61855697632,5.25
12,2,43,5.33716773987,4.5
12,2,43,5.48644304276,4.5
12,2,70,-0.327776551247,1.25
12,2,70,0.556509017944,1.25
16,2,107,2.99681401253,3.25
16,2,107,3.49076676369,3.25
16,2,78,3.20078063011,4.25
16,2,78,2.80411076546,4.25
16,2,37,3.4911210537,4.5
16,2,37,3.17629241943,4.5
16,2,109,3.55438399315,4.5
16,2,109,3.30508470535,4.5
16,2,39,3.29308629036,2.25
16,2,39,3.0914618969,2.25
16,2,111,3.4675924778,3.5
16,2,111,3.34572315216,3.5
16,2,66,4.44503259659,5.75
16,2,66,3.45784807205,5.75
16,2,25,3.2694413662,3.0
16,2,25,3.28894042969,3.0
16,2,97,3.64133381844,2.75
16,2,97,3.25697755814,2.75
16,2,68,3.25677275658,1.25
16,2,68,2.91532301903,1.25
16,2,27,3.04373836517,4.25
16,2,27,3.61996269226,4.25
16,2,99,2.68057227135,3.25
16,2,99,3.31295585632,3.25
16,2,70,2.67610955238,1.75
16,2,70,2.83121466637,1.75
16,2,29,3.45995402336,2.0
16,2,29,3.13285136223,2.0
16,2,101,3.39462184906,5.0
16,2,101,3.13466072083,5.0
16,2,56,4.33189821243,4.75
16,2,56,3.43519687653,4.75
16,2,31,2.96384811401,2.0
16,2,31,2.9101998806,2.0
16,2,103,3.05117177963,3.25
16,2,103,2.96306490898,3.25
16,2,58,3.96963500977,2.25
16,2,58,3.50677084923,2.25
16,2,89,4.09290885925,1.75
16,2,89,3.3699028492,1.75
16,2,60,3.27591919899,3.0
16,2,60,3.01034808159,3.0
16,2,91,2.86467933655,3.25
16,2,91,2.76090097427,3.25
16,2,21,4.36824560165,3.75
16,2,21,3.50766134262,3.75
16,2,93,3.83817124367,4.0
16,2,93,3.56286048889,4.0
16,2,48,3.28660345078,3.25
16,2,48,3.25215387344,3.25
16,2,23,3.31509017944,2.5
16,2,23,3.16451334953,2.5
16,2,95,2.98402476311,3.5
16,2,95,3.22663998604,3.5
16,2,50,3.78275585175,2.25
16,2,50,3.258259058,2.25
16,2,9,3.52317523956,3.5
16,2,9,4.24325609207,3.5
16,2,81,2.78681468964,2.5
16,2,81,3.03359270096,2.5
16,2,52,3.17112469673,2.25
16,2,52,3.20136928558,2.25
16,2,11,3.03913426399,4.5
16,2,11,3.61469984055,4.5
16,2,83,4.0297036171,4.5
16,2,83,3.3151652813,4.5
16,2,54,3.43409538269,1.25
16,2,54,2.8732612133,1.25
16,2,13,3.13500142097,4.5
16,2,13,4.43603038788,4.5
16,2,85,3.13006544113,3.5
16,2,85,3.04581618309,3.5
16,2,40,2.95312190056,2.0
16,2,40,3.10071444511,2.0
16,2,15,3.93601417542,4.25
16,2,15,3.45754384995,4.25
16,2,112,2.92346596718,1.5
16,2,112,2.73948788643,1.5
16,2,87,3.5697081089,3.5
16,2,87,3.32348465919,3.5
16,2,42,2.73689413071,2.5
16,2,42,3.0474486351,2.5
16,2,114,3.24108290672,3.5
16,2,114,4.35200691223,3.5
16,2,73,4.17746973038,4.0
16,2,73,3.26198625565,4.0
16,2,44,3.37931323051,2.75
16,2,44,3.11630916595,2.75
16,2,116,2.76293921471,4.0
16,2,116,3.19762444496,4.0
16,2,46,2.94259881973,2.5
16,2,46,2.96434736252,2.5
16,2,5,2.85502338409,4.0
16,2,5,2.72463393211,4.0
16,2,77,3.35740828514,5.5
16,2,77,3.31904387474,5.5
16,2,32,3.33772945404,2.75
16,2,32,2.90821647644,2.75
16,2,7,3.25651097298,5.0
16,2,7,4.3780002594,5.0
16,2,104,2.78591322899,1.75
16,2,104,3.44095754623,1.75
16,2,79,3.08215689659,5.0
16,2,79,2.83557605743,5.0
16,2,34,2.33201909065,2.25
16,2,34,2.88036227226,2.25
16,2,106,3.4440805912,2.75
16,2,106,3.23571062088,2.75
16,2,65,3.46213936806,5.0
16,2,65,4.42965221405,5.0
16,2,36,2.8892724514,3.75
16,2,36,3.22709560394,3.75
16,2,108,1.2357198,2.75
16,2,108,1.15083289146,2.75
16,2,67,4.14313030243,3.5
16,2,67,3.26322650909,3.5
16,2,38,4.1598739624,4.0
16,2,38,3.4407916069,4.0
16,2,110,3.99775719643,2.25
16,2,110,3.41253829002,2.25
16,2,69,3.11209416389,1.75
16,2,69,2.97349596024,1.75
16,2,24,3.58259010315,3.5
16,2,24,4.52958917618,3.5
16,2,96,2.97367858887,3.5
16,2,96,3.70226764679,3.5
16,2,71,4.31545639038,4.0
16,2,71,3.47842431068,4.0
16,2,26,3.41064453125,3.25
16,2,26,2.71762681007,3.25
16,2,98,3.27421522141,4.5
16,2,98,3.16025829315,4.5
16,2,57,2.92194652557,3.0
16,2,57,2.94791817665,3.0
16,2,28,3.65183997154,3.25
16,2,28,3.37081098557,3.25
16,2,100,3.05811667442,3.25
16,2,100,4.27538156509,3.25
16,2,59,2.90036773682,3.0
16,2,59,2.88728284836,3.0
16,2,30,3.52496409416,3.0
16,2,30,3.51831054688,3.0
16,2,102,2.89911580086,1.75
16,2,102,2.89234018326,1.75
16,2,61,3.34706926346,2.5
16,2,61,4.23527812958,2.5
16,2,88,2.95579266548,3.75
16,2,88,4.22315979004,3.75
16,2,90,2.81361722946,1.75
16,2,90,2.53845500946,1.75
16,2,49,3.01268792152,2.75
16,2,49,2.87406587601,2.75
16,2,92,3.26302814484,2.5
16,2,92,3.05567240715,2.5
16,2,51,3.37114238739,3.5
16,2,51,2.99316883087,3.5
16,2,22,2.9909863472,1.75
16,2,22,2.73117256165,1.75
16,2,94,2.38769221306,4.0
16,2,94,3.36213684082,4.0
16,2,53,2.62973928452,4.0
16,2,53,3.30729675293,4.0
16,2,8,4.08234834671,3.25
16,2,8,3.44189357758,3.25
16,2,80,3.30621528625,4.0
16,2,80,3.32904839516,4.0
16,2,55,4.15293264389,4.0
16,2,55,3.38970160484,4.0
16,2,10,3.17301797867,5.5
16,2,10,4.29354000092,5.5
16,2,82,3.06289172173,2.25
16,2,82,2.84097838402,2.25
16,2,41,3.07965064049,1.75
16,2,41,3.08867168427,1.75
16,2,12,3.9056801796,5.5
16,2,12,3.51265931129,5.5
16,2,113,3.01712346077,2.5
16,2,113,2.8925101757,2.5
16,2,84,2.92246794701,3.75
16,2,84,3.91741085052,3.75
16,2,43,2.85951185226,2.25
16,2,43,2.82713341713,2.25
16,2,14,4.38022232056,4.0
16,2,14,3.56078362465,4.0
16,2,115,3.08698534966,2.75
16,2,115,2.94470906258,2.75
16,2,86,3.36866569519,4.5
16,2,86,4.26879453659,4.5
16,2,45,3.20636606216,3.0
16,2,45,3.23374032974,3.0
16,2,72,3.6476624012,2.25
16,2,72,3.22042798996,2.25
16,2,47,3.06539416313,1.75
16,2,47,3.08625864983,1.75
16,2,33,3.49536561966,1.5
16,2,33,3.13040757179,1.5
16,2,105,2.85356545448,3.75
16,2,105,3.14823293686,3.75
16,2,76,3.09024190903,3.0
16,2,76,4.17378520966,3.0
16,2,35,3.19393897057,2.5
16,2,35,4.43796396255,2.5
16,2,6,3.03304934502,4.5
16,2,6,4.20009040833,4.5
17,1,87,2.77646803856,2.5
17,1,87,3.82563591003,2.5
17,1,56,2.68492531776,3.25
17,1,56,3.78559970856,3.25
17,1,31,1.92163455486,4.0
17,1,31,2.27971601486,4.0
17,1,73,2.72268676758,4.25
17,1,73,3.84964680672,4.25
17,1,17,2.91313648224,3.0
17,1,17,3.90230536461,3.0
17,1,75,2.4337849617,1.75
17,1,75,3.67260026932,1.75
17,1,60,2.35598778725,3.0
17,1,60,3.33838939667,3.0
17,1,19,2.77453589439,4.0
17,1,19,3.89970350266,4.0
17,1,77,2.48276972771,3.5
17,1,77,3.74034047127,3.5
17,1,62,2.42048215866,1.75
17,1,62,3.41545128822,1.75
17,1,21,2.17233347893,2.5
17,1,21,2.47361969948,2.5
17,1,104,2.19111180305,3.25
17,1,104,2.60610127449,3.25
17,1,79,2.41304898262,3.25
17,1,79,2.57750439644,3.25
17,1,23,2.70997643471,2.5
17,1,23,2.50941562653,2.5
17,1,106,2.81365513802,2.75
17,1,106,3.85731720924,2.75
17,1,65,2.43533182144,1.25
17,1,65,3.57900118828,1.25
17,1,50,2.51903343201,3.75
17,1,50,3.79021525383,3.75
17,1,9,2.47318387032,1.5
17,1,9,3.43457746506,1.5
17,1,108,1.99436581135,2.5
17,1,108,2.29717111588,2.5
17,1,67,2.4932615757,3.0
17,1,67,3.67483377457,3.0
17,1,52,2.42092084885,2.75
17,1,52,2.44180846214,2.75
17,1,11,2.46485209465,1.5
17,1,11,2.89161276817,1.5
17,1,110,2.57947254181,3.5
17,1,110,3.63202428818,3.5
17,1,69,2.71822524071,2.5
17,1,69,3.76242661476,2.5
17,1,54,2.10778188705,3.25
17,1,54,2.50231838226,3.25
17,1,96,2.73416924477,1.5
17,1,96,3.71681547165,1.5
17,1,40,2.67859601974,3.0
17,1,40,3.86674833298,3.0
17,1,98,2.57150530815,3.5
17,1,98,3.778652668,3.5
17,1,42,2.44397354126,3.75
17,1,42,3.72780609131,3.75
17,1,100,2.82690787315,2.75
17,1,100,3.83384799957,2.75
17,1,44,2.69856262207,3.5
17,1,44,3.81446933746,3.5
17,1,102,2.4565205574,3.75
17,1,102,2.23955464363,3.75
17,1,46,2.57089328766,4.0
17,1,46,3.62025594711,4.0
17,1,5,2.77722740173,2.75
17,1,5,3.52507758141,2.75
17,1,88,2.47859430313,4.25
17,1,88,2.19210886955,4.25
17,1,32,2.7053399086,4.5
17,1,32,3.8491101265,4.5
17,1,7,2.64100289345,2.75
17,1,7,3.85169219971,2.75
17,1,90,1.63339805603,5.5
17,1,90,2.06987428665,5.5
17,1,34,2.47071909904,3.25
17,1,34,3.71683096886,3.25
17,1,92,1.55170118809,5.25
17,1,92,1.98183619976,5.25
17,1,36,2.56582212448,2.75
17,1,36,2.9488158226,2.75
17,1,94,2.81068491936,3.5
17,1,94,3.92530322075,3.5
17,1,38,2.49741077423,2.25
17,1,38,2.3762383461,2.25
17,1,80,2.70230531693,4.25
17,1,80,3.89920258522,4.25
17,1,24,2.64321613312,3.25
17,1,24,3.95775365829,3.25
17,1,82,2.49025130272,5.0
17,1,82,3.83132266998,5.0
17,1,26,2.04411911964,3.0
17,1,26,2.56209683418,3.0
17,1,84,2.78782129288,4.25
17,1,84,3.67504429817,4.25
17,1,28,2.85348629951,4.25
17,1,28,3.87042450905,4.25
17,1,86,2.47973299026,4.0
17,1,86,3.77152514458,4.0
17,1,59,2.40436220169,2.5
17,1,59,3.58477878571,2.5
17,1,30,2.50965332985,5.25
17,1,30,3.68837666512,5.25
17,1,72,2.38494300842,5.25
17,1,72,2.90555596352,5.25
17,1,61,2.7606446743,2.25
17,1,61,3.44593977928,2.25
17,1,74,2.20705914497,3.25
17,1,74,2.49495744705,3.25
17,1,63,2.77580094337,1.75
17,1,63,3.71898245811,1.75
17,1,18,2.53875756264,2.75
17,1,18,3.74238061905,2.75
17,1,105,2.28997921944,3.75
17,1,105,2.51141262054,3.75
17,1,76,1.54740655422,4.5
17,1,76,2.03284072876,4.5
17,1,20,2.49304556847,3.5
17,1,20,3.71999835968,3.5
17,1,107,2.4437277317,3.25
17,1,107,2.21003913879,3.25
17,1,78,2.48736310005,4.25
17,1,78,3.78991651535,4.25
17,1,51,2.22176551819,3.0
17,1,51,2.56548810005,3.0
17,1,22,2.2000784874,3.0
17,1,22,2.4249651432,3.0
17,1,109,2.73107767105,2.5
17,1,109,3.60885119438,2.5
17,1,64,2.77805161476,1.0
17,1,64,3.74669623375,1.0
17,1,53,2.83720302582,2.75
17,1,53,3.80634427071,2.75
17,1,8,2.49487137794,2.75
17,1,8,2.85874557495,2.75
17,1,111,2.51266026497,2.0
17,1,111,3.68147373199,2.0
17,1,66,2.72553348541,0.75
17,1,66,3.6266810894,0.75
17,1,55,2.69087028503,2.5
17,1,55,3.77285075188,2.5
17,1,10,2.46769309044,1.5
17,1,10,3.48290801048,1.5
17,1,97,2.74696159363,2.5
17,1,97,3.87600374222,2.5
17,1,68,2.5106215477,3.75
17,1,68,3.69757580757,3.75
17,1,41,2.45291161537,3.25
17,1,41,3.85563778877,3.25
17,1,12,2.76095676422,2.25
17,1,12,3.13439917564,2.25
17,1,99,2.6092774868,3.5
17,1,99,2.23254013062,3.5
17,1,43,2.75053167343,4.25
17,1,43,3.84503793716,4.25
17,1,14,2.69614982605,1.5
17,1,14,3.12779855728,1.5
17,1,101,2.67895269394,3.0
17,1,101,3.85654520988,3.0
17,1,45,2.60093402863,3.0
17,1,45,3.78309679031,3.0
17,1,103,2.43567085266,3.0
17,1,103,2.12646627426,3.0
17,1,89,2.50825381279,3.25
17,1,89,3.834379673,3.25
17,1,33,2.30092072487,3.75
17,1,33,2.2355093956,3.75
17,1,4,2.35110330582,2.75
17,1,4,3.49558544159,2.75
17,1,91,2.3480117321,3.5
17,1,91,2.75230002403,3.5
17,1,35,2.66250514984,2.5
17,1,35,3.88492751122,2.5
17,1,6,1.97948110104,2.75
17,1,6,2.59355020523,2.75
17,1,93,2.56456828117,3.5
17,1,93,3.86321306229,3.5
17,1,37,2.80113434792,2.5
17,1,37,3.91190004349,2.5
17,1,95,2.75217008591,5.25
17,1,95,3.86777997017,5.25
17,1,39,2.42123055458,4.5
17,1,39,3.64264702797,4.5
17,1,81,2.10261368752,4.5
17,1,81,2.62951540947,4.5
17,1,25,2.61647176743,3.75
17,1,25,3.83791804314,3.75
17,1,83,2.65590143204,3.5
17,1,83,3.6938765049,3.5
17,1,27,2.67000508308,4.5
17,1,27,3.94779634476,4.5
17,1,85,2.55241370201,4.75
17,1,85,3.6890835762,4.75
17,1,29,2.8596534729,4.0
17,1,29,3.72637295723,4.0
18,1,94,1.65673339367,2.5
18,1,94,2.03713274002,2.5
18,1,20,2.10183119774,2.75
18,1,20,2.35412740707,2.75
18,1,49,1.97808420658,1.5
18,1,49,2.23944616318,1.5
18,1,92,2.31137871742,2.25
18,1,92,2.78130936623,2.25
18,1,18,1.79619109631,2.75
18,1,18,2.19543409348,2.75
18,1,47,2.97277760506,1.75
18,1,47,2.91622638702,1.75
18,1,90,2.96105456352,2.5
18,1,90,3.08218836784,2.5
18,1,16,2.57415986061,2.33333
18,1,16,2.77759313583,2.33333
18,1,45,3.43131804466,4.75
18,1,45,3.5488524437,4.75
18,1,88,2.36928367615,2.75
18,1,88,2.74563026428,2.75
18,1,43,1.98289108276,4.25
18,1,43,2.24881768227,4.25
18,1,86,3.02383136749,2.5
18,1,86,3.38851189613,2.5
18,1,12,4.00142526627,6.0
18,1,12,4.02080917358,6.0
18,1,41,4.98048067093,4.0
18,1,41,5.20362091064,4.0
18,1,84,2.40700173378,4.5
18,1,84,2.76275873184,4.5
18,1,10,2.8820836544,1.75
18,1,10,3.21477341652,1.75
18,1,39,4.71522760391,4.0
18,1,39,4.71095466614,4.0
18,1,82,1.79754054546,3.25
18,1,82,2.07051301003,3.25
18,1,111,1.46716463566,2.75
18,1,111,2.01477265358,2.75
18,1,8,0.700106024742,2.25
18,1,8,0.912650287151,2.25
18,1,37,2.23659563065,2.75
18,1,37,2.55926418304,2.75
18,1,80,0.827967226505,3.5
18,1,80,1.44814229012,3.5
18,1,109,4.01644802094,3.0
18,1,109,4.17802190781,3.0
18,1,6,4.62619924545,3.5
18,1,6,4.30898761749,3.5
18,1,35,1.6292219162,2.25
18,1,35,2.09811782837,2.25
18,1,78,0.975221514702,2.0
18,1,78,1.47703886032,2.0
18,1,107,2.04664587975,3.0
18,1,107,2.37496542931,3.0
18,1,4,3.88372468948,3.0
18,1,4,3.58895158768,3.0
18,1,33,1.0862724781,1.0
18,1,33,1.54953896999,1.0
18,1,76,1.03777503967,2.0
18,1,76,1.51337969303,2.0
18,1,105,1.98026585579,1.75
18,1,105,2.59702587128,1.75
18,1,2,3.98916959763,4.25
18,1,2,3.94365930557,4.25
18,1,74,2.28157925606,1.5
18,1,74,2.10614466667,1.5
18,1,103,2.19440937042,2.0
18,1,103,2.51372790337,2.0
18,1,101,1.67695522308,2.25
18,1,101,2.40182113647,2.25
18,1,62,3.13174366951,1.5
18,1,62,2.988915205,1.5
18,1,99,2.24805665016,2.5
18,1,99,2.37102365494,2.5
18,1,60,2.63942265511,1.0
18,1,60,2.25420022011,1.0
18,1,68,2.35324382782,2.5
18,1,68,2.24223709106,2.5
18,1,97,2.7885787487,3.25
18,1,97,3.27415657043,3.25
18,1,66,3.09034776688,1.75
18,1,66,3.08798027039,1.75
18,1,31,2.70443749428,3.75
18,1,31,2.77321410179,3.75
18,1,56,2.43818283081,3.25
18,1,56,2.76259088516,3.25
18,1,64,1.19038009644,2.25
18,1,64,1.7231221199,2.25
18,1,29,4.70115852356,3.75
18,1,29,4.70788621902,3.75
18,1,54,2.92303729057,1.25
18,1,54,2.71319246292,1.25
18,1,27,4.00047492981,3.75
18,1,27,4.30310773849,3.75
18,1,25,5.67303562164,3.0
18,1,25,5.5904750824,3.0
18,1,50,2.77504348755,2.25
18,1,50,2.82643985748,2.25
18,1,23,5.26184511185,2.5
18,1,23,5.28234100342,2.5
18,1,48,1.4993544817,1.75
18,1,48,1.98139977455,1.75
18,1,95,3.75139975548,4.25
18,1,95,4.09909534454,4.25
18,1,21,3.33368086815,2.5
18,1,21,3.47748327255,2.5
18,1,46,3.84348773956,2.25
18,1,46,3.66270208359,2.25
18,1,93,2.68325734138,2.0
18,1,93,2.86986374855,2.0
18,1,19,1.30660092831,2.75
18,1,19,1.66392433643,2.75
18,1,44,5.05499696732,2.5
18,1,44,5.14431333542,2.5
18,1,91,1.92616295815,2.5
18,1,91,2.14508581161,2.5
18,1,17,3.73971390724,3.0
18,1,17,3.90574121475,3.0
18,1,42,3.51208996773,2.5
18,1,42,3.62667632103,2.5
18,1,89,2.28406715393,2.25
18,1,89,2.69633316994,2.25
18,1,40,2.4466342926,4.0
18,1,40,2.72005009651,4.0
18,1,87,2.67995595932,3.25
18,1,87,3.20004200935,3.25
18,1,112,3.29143047333,1.25
18,1,112,3.55451154709,1.25
18,1,38,4.915143013,3.5
18,1,38,4.73156356812,3.5
18,1,85,1.7869707346,4.0
18,1,85,2.20367360115,4.0
18,1,110,2.39904808998,1.75
18,1,110,2.76352620125,1.75
18,1,11,1.44637727737,5.75
18,1,11,2.01855349541,5.75
18,1,36,1.73387217522,2.25
18,1,36,2.13901805878,2.25
18,1,83,1.46504306793,3.75
18,1,83,1.95209574699,3.75
18,1,108,1.71589708328,2.5
18,1,108,2.18418979645,2.5
18,1,9,2.33175396919,2.0
18,1,9,2.47903370857,2.0
18,1,34,2.96436977386,2.25
18,1,34,3.14799571037,2.25
18,1,81,2.05098223686,3.75
18,1,81,2.43267226219,3.75
18,1,106,2.6963891983,1.25
18,1,106,2.77981305122,1.25
18,1,7,3.14901947975,2.5
18,1,7,3.13512349129,2.5
18,1,32,2.19387364388,1.25
18,1,32,2.34895300865,1.25
18,1,79,1.10174882412,2.25
18,1,79,1.54133152962,2.25
18,1,104,2.10692811012,3.25
18,1,104,2.32981920242,3.25
18,1,5,2.50147175789,1.5
18,1,5,2.51361060143,1.5
18,1,77,3.17596030235,1.0
18,1,77,3.19586348534,1.0
18,1,102,2.37735819817,2.25
18,1,102,2.47177505493,2.25
18,1,3,2.34737443924,2.25
18,1,3,2.48488640785,2.25
18,1,75,0.829440832138,1.0
18,1,75,1.36018621922,1.0
18,1,100,2.02789855003,3.75
18,1,100,2.45086717606,3.75
18,1,73,0.656740248203,2.0
18,1,73,1.33533418179,2.0
18,1,98,1.87276279926,2.25
18,1,98,2.15790891647,2.25
18,1,96,1.82855844498,2.5
18,1,96,2.3260807991,2.5
18,1,61,3.85421252251,3.25
18,1,61,3.94878077507,3.25
18,1,69,2.71060228348,1.0
18,1,69,2.67148661613,1.0
18,1,30,2.08709192276,2.75
18,1,30,2.49853801727,2.75
18,1,59,2.81870794296,1.66667
18,1,59,2.14634823799,1.66667
18,1,67,2.02173519135,1.0
18,1,67,1.68274152279,1.0
18,1,28,4.96534252167,3.25
18,1,28,4.88866186142,3.25
18,1,65,4.02342796326,1.0
18,1,65,3.69577598572,1.0
18,1,26,3.22842693329,2.75
18,1,26,3.8125565052,2.75
18,1,55,3.20037460327,1.75
18,1,55,3.41743946075,1.75
18,1,24,3.25890898705,3.25
18,1,24,3.90028595924,3.25
18,1,53,4.04897212982,3.25
18,1,53,4.04307508469,3.25
18,1,22,4.64337682724,3.75
18,1,22,4.76401567459,3.75
18,1,51,2.6763355732,1.25
18,1,51,2.59642863274,1.25
