3,1,1,5.51408052444,3.875
3,1,2,4.34772205353,4.5
3,1,3,4.31156778336,3.0
3,1,4,4.07386732101,3.25
3,1,5,3.34704041481,6.0
3,1,6,3.00139975548,4.5
3,1,7,4.29802083969,4.75
3,1,8,3.53437972069,3.5
3,1,10,3.33397746086,2.875
3,1,14,4.97614955902,3.75
3,1,15,3.20792770386,5.0
3,1,16,3.32746601105,4.75
3,1,17,3.5194504261,5.0
3,1,18,3.32102680206,3.75
3,1,20,3.28282856941,2.5
3,1,21,3.77471923828,4.5
3,1,22,3.70760846138,4.83333
3,1,24,3.72510266304,4.5
3,1,25,4.35289955139,5.5
3,1,26,3.59593486786,4.0
3,1,27,4.44279003143,5.25
3,1,28,2.7139749527,4.75
3,1,29,4.73807621002,1.25
3,1,30,3.65596199036,4.5
3,1,33,3.39871025085,3.0
3,1,34,2.91717123985,4.125
3,1,35,3.48686122894,4.375
3,1,40,4.0478105545,5.0
3,1,43,3.8746175766,4.0
3,1,44,3.18528962135,3.0
3,1,45,3.33584189415,4.25
3,1,46,3.41294503212,5.0
3,1,47,3.0067024231,4.25
3,1,48,3.82188081741,2.5
3,1,49,3.38150453568,5.0
3,1,50,3.45642614365,4.66667
3,1,51,3.15761709213,4.5
3,1,52,3.72064733505,3.5
3,1,55,4.59996557236,3.25
3,1,56,3.81352615356,4.0
3,1,57,4.05910253525,4.875
3,1,58,4.48198032379,4.5
3,1,59,4.58753490448,5.5
3,1,60,4.50649642944,5.5
3,1,61,4.38774061203,5.5
3,1,62,4.02624225616,4.375
3,1,63,3.80795907974,4.75
3,1,64,3.92634797096,5.75
3,1,65,4.12122058868,6.25
3,1,66,4.22296524048,3.0
3,1,70,3.06668758392,2.75
3,1,71,3.85643792152,2.0
3,1,73,3.49485993385,3.0
3,1,74,3.80225110054,4.0
3,1,75,2.94922161102,4.0
3,1,78,3.49310231209,5.25
3,1,79,4.11981582642,5.25
3,1,80,4.1254863739,2.75
3,1,81,2.3588039875,2.75
3,1,82,4.01829195023,3.0
3,1,83,3.66829061508,4.5
3,1,84,3.41221380234,3.75
3,1,85,3.47910499573,2.0
3,1,86,3.20081329346,4.25
3,1,87,3.76902651787,4.25
3,1,88,3.89957165718,4.0
3,1,89,3.75628805161,4.25
3,1,90,3.5420498848,3.75
3,1,91,3.22857117653,4.0
3,1,92,2.76233696938,3.5
3,1,93,3.56943511963,3.25
3,1,94,3.10549139977,3.25
3,1,95,3.86004376411,3.75
3,1,96,3.95882487297,3.875
3,1,97,3.2862443924,1.25
3,1,98,3.47299551964,1.75
3,1,99,3.29841208458,1.5
3,1,100,2.7720386982,2.375
3,1,101,3.6115603447,4.375
3,1,102,2.14795899391,5.25
3,1,103,3.18802285194,1.5
3,1,104,3.00361967087,3.5
3,1,105,3.06457471848,1.25
3,1,106,4.52907657623,1.875
3,2,2,5.31092071533,3.25
3,2,5,4.61280345917,5.25
3,2,6,6.31674146652,6.0
3,2,7,6.0523109436,6.0
3,2,8,4.72139120102,4.5
3,2,9,5.13533973694,4.0
3,2,10,5.03351259232,4.125
3,2,11,5.66050195694,5.25
3,2,12,5.59490299225,5.0
3,2,13,4.86728715897,3.25
3,2,14,3.44671607018,2.5
3,2,26,3.46289825439,4.0
3,2,27,3.79241061211,4.0
3,2,28,3.09262824059,5.25
3,2,29,3.06278634071,3.25
3,2,30,3.92567682266,3.25
3,2,31,3.78660583496,3.25
3,2,32,3.17401456833,3.5
3,2,34,3.30125355721,3.875
3,2,35,2.97468471527,2.75
3,2,36,4.04678487778,2.25
3,2,37,3.48802518845,3.25
3,2,38,2.82294082642,4.25
3,2,39,3.06797122955,2.75
3,2,40,3.13004922867,3.5
3,2,41,3.16000628471,2.5
3,2,42,3.17375922203,4.0
3,2,43,3.8746278286,5.0
3,2,44,3.1660451889,3.25
3,2,45,3.49601697922,4.5
3,2,46,2.80247759819,3.875
3,2,47,5.26287412643,4.25
3,2,48,3.12863898277,3.75
3,2,50,3.71045875549,4.0
3,2,51,2.95328378677,1.5
3,2,52,3.15050935745,4.5
3,2,53,3.35454058647,3.33333
3,2,55,3.06473517418,3.25
3,2,56,3.88911151886,0.0
3,2,59,5.27267694473,3.75
3,2,60,4.558614254,4.25
3,2,61,4.97509050369,5.25
3,2,62,4.68078708649,1.25
3,2,63,4.59189844131,2.375
3,2,64,4.84125947952,3.75
3,2,66,4.47859239578,5.25
3,2,67,4.83498430252,5.5
3,2,68,4.74478960037,1.25
3,2,69,4.58279371262,3.66667
3,2,70,4.36973953247,2.375
3,2,71,4.06502819061,3.75
3,2,73,3.58576464653,2.75
3,2,78,4.0685005188,3.75
3,2,79,3.99653553963,4.75
3,2,80,3.40147352219,4.375
3,2,81,3.31306409836,3.25
3,2,82,3.83497667313,4.25
3,2,83,3.92073917389,4.0
3,2,84,3.2750287056,3.25
3,2,85,3.5862929821,2.75
3,2,86,3.56350564957,3.75
3,2,87,3.90251803398,4.0
3,2,88,3.99505567551,4.25
3,2,90,4.11980342865,4.5
3,2,91,3.12685060501,3.75
3,2,94,3.70334124565,1.5
3,2,95,3.0287399292,3.125
3,2,96,3.58401942253,5.0
3,2,97,3.66360139847,4.5
3,2,98,3.53408575058,2.625
3,2,99,4.14434576035,1.25
3,2,100,4.35461997986,3.125
3,2,101,4.09751701355,2.0
3,2,102,4.87696695328,4.0
3,2,103,3.40551352501,3.5
3,2,104,3.16285204887,3.5
3,2,105,3.56813001633,3.5
3,2,106,3.78640007973,4.625
3,2,107,3.71928119659,4.0
3,2,108,3.40796113014,4.25
3,2,110,2.95681381226,3.5
4,1,23,3.09894537926,1.0
4,1,30,1.9189414978,1.125
4,1,31,1.78902721405,2.25
4,1,32,2.140666008,1.5
4,1,33,1.9737701416,1.5
4,1,34,1.95801019669,1.5
4,1,35,2.17300200462,1.75
4,1,36,1.28962063789,0.875
4,1,37,1.85681784153,2.25
4,1,38,2.14722013474,2.5
4,1,39,2.31436729431,2.5
4,1,40,1.89287400246,4.0
4,1,41,2.14835476875,2.5
4,1,42,2.46670007706,1.75
4,1,45,2.23200726509,2.125
4,1,46,1.63366305828,3.75
4,1,48,1.72067773342,1.5
4,1,49,1.32602679729,4.25
4,1,50,2.20887064934,2.0
4,1,51,1.43335497379,2.75
4,1,52,2.28962540627,3.25
4,1,54,1.85814845562,3.375
4,1,55,1.7884516716,2.5
4,1,56,1.86708033085,2.0
4,1,57,1.48711550236,2.75
4,1,58,1.82686686516,2.25
4,1,59,2.19452095032,1.875
4,1,63,1.88603830338,1.0
4,1,64,2.72246456146,3.5
4,1,65,2.17052054405,4.75
4,1,66,2.02230811119,1.0
4,1,67,1.80091607571,1.75
4,1,68,2.33775782585,5.0
4,1,69,2.02359652519,5.5
4,1,70,2.59867978096,5.25
4,1,71,2.48301172256,2.125
4,1,72,2.77687096596,3.25
4,1,73,2.73009371758,4.25
4,1,74,3.32298135757,3.5
4,1,75,2.56660270691,4.75
4,1,77,2.67873907089,2.625
4,1,99,2.57658028603,2.375
4,1,102,1.68062281609,1.5
4,1,104,2.4534611702,1.25
4,1,105,2.36178255081,3.625
4,1,110,2.17489147186,4.0
4,1,111,1.24474465847,3.5
7,1,1,3.36787319183,3.5
7,1,2,5.17723655701,5.5
7,1,3,4.55691432953,4.75
7,1,4,5.81512975693,3.25
7,1,5,5.9687461853,4.75
7,1,7,5.11799860001,2.25
7,1,8,3.71798944473,4.5
7,1,9,2.78770685196,2.0
7,1,10,3.14777708054,2.75
7,1,11,4.20080900192,1.75
7,1,12,3.34322142601,5.0
7,1,13,3.92087674141,3.0
7,1,14,3.02377605438,2.25
7,1,18,5.53530836105,6.0
7,1,19,5.05386734009,4.75
7,1,20,5.28482723236,5.25
7,1,22,5.43236303329,3.75
7,1,23,4.46154260635,4.0
7,1,24,5.02543973923,5.0
7,1,25,3.82600688934,4.5
7,1,26,4.74858188629,3.0
7,1,27,5.77736091614,4.25
7,1,28,4.44959163666,5.25
7,1,29,4.57382106781,4.25
7,1,30,4.40678358078,3.0
7,1,31,4.94094991684,4.5
7,1,32,5.32687473297,3.75
7,1,33,5.30114269257,4.75
7,1,34,4.13309955597,5.5
7,1,35,5.59319448471,6.0
7,1,36,5.20006418228,4.25
7,1,37,5.96004772186,4.25
7,1,38,4.55624055862,3.5
7,1,39,4.01819419861,5.5
7,1,40,4.68770837784,5.5
7,1,41,4.5384721756,4.75
7,1,42,4.65318250656,3.0
7,1,43,4.8177728653,3.5
7,1,44,4.99970626831,6.25
7,1,45,5.01041793823,4.5
7,1,46,4.74192285538,4.0
7,1,47,4.64393234253,4.5
7,1,48,4.02835273743,1.5
7,1,49,2.8549823761,4.5
7,1,50,4.61140823364,5.0
7,1,51,4.88138008118,3.5
7,1,52,3.66887712479,0.75
7,1,53,4.94943618774,5.5
7,1,55,3.17618703842,2.5
7,1,57,4.76462316513,4.25
7,1,58,3.58832573891,6.0
7,1,59,3.44029545784,5.25
7,1,60,2.56744551659,3.25
7,1,61,3.33088302612,5.0
7,1,62,3.37831473351,4.5
7,1,63,3.83614444733,5.5
7,1,64,0.286625862122,5.0
7,1,65,1.64871609211,5.25
7,1,66,3.83360552788,4.25
7,1,67,1.79101002216,4.75
7,1,68,2.686668396,4.25
7,1,69,3.98397183418,5.5
7,1,70,3.98517227173,5.5
7,1,71,4.86647415161,4.75
7,1,72,3.13264775276,2.0
7,1,73,3.93752670288,1.0
7,1,74,4.53534841537,4.25
7,1,75,4.06900072098,4.75
7,1,76,4.3282957077,2.75
7,1,78,4.57016611099,4.0
7,1,79,3.7915661335,3.0
7,1,80,3.75627779961,2.0
7,1,81,4.62771701813,4.0
7,1,82,4.05872964859,5.25
7,1,83,4.33549165726,4.75
7,1,84,3.65823531151,4.75
7,1,86,4.66840553284,3.25
7,1,88,4.39389657974,6.5
7,1,90,5.27682542801,4.0
7,1,92,3.07699561119,5.75
7,1,93,5.30445241928,4.25
7,1,94,4.4703502655,3.0
7,1,95,6.51857805252,4.75
7,1,96,5.52868080139,5.5
7,1,97,3.87491345406,5.5
7,1,98,4.74334001541,3.25
7,1,101,3.74161958694,4.0
7,1,102,3.57934069633,4.25
7,1,103,4.35143136978,3.25
7,1,104,2.31607365608,4.75
7,1,105,3.00423741341,4.75
7,1,106,4.04153108597,4.75
7,1,109,3.89411735535,4.25
7,2,1,3.97533774376,2.75
7,2,2,5.04477453232,5.75
7,2,3,4.78830623627,3.0
7,2,4,4.54503965378,3.25
7,2,5,5.58002328873,4.0
7,2,6,5.35794591904,5.0
7,2,7,3.89223504066,4.0
7,2,8,4.47829771042,4.0
7,2,9,4.73447465897,4.0
7,2,10,2.94334173203,2.75
7,2,11,3.17944025993,4.25
7,2,12,4.44533014297,4.75
7,2,13,4.90313005447,5.5
7,2,14,5.00250244141,5.0
7,2,16,3.19640374184,6.0
7,2,17,4.97497797012,3.5
7,2,18,4.68920469284,4.5
7,2,19,3.8772008419,5.5
7,2,20,4.2952876091,1.5
7,2,21,4.19272851944,3.0
7,2,22,5.27927112579,1.75
7,2,23,4.59710407257,3.75
7,2,24,4.01678037643,4.75
7,2,25,4.87033319473,4.25
7,2,26,5.28498125076,4.25
7,2,27,3.52281117439,5.75
7,2,28,4.49699497223,1.75
7,2,29,3.18629312515,3.0
7,2,30,4.37314844131,3.75
7,2,31,4.07601213455,4.5
7,2,32,4.26316165924,1.5
7,2,33,3.32448506355,4.25
7,2,34,3.46698045731,3.5
7,2,35,4.6060500145,2.5
7,2,36,4.77474832535,3.5
7,2,37,3.18780970573,5.25
7,2,38,3.85883045197,4.0
7,2,39,3.84722232819,5.25
7,2,40,3.56583118439,3.0
7,2,42,3.5690176487,2.75
7,2,43,3.85245680809,4.5
7,2,44,3.57309150696,2.5
7,2,45,4.45205688477,4.75
7,2,46,4.4553694725,4.0
7,2,47,3.67172598839,3.75
7,2,48,3.09272146225,4.0
7,2,49,3.99966359138,4.25
7,2,50,3.84077739716,4.75
7,2,51,4.61200475693,3.25
7,2,52,2.88866949081,5.0
7,2,53,4.1595416069,4.0
7,2,55,4.36341524124,4.75
7,2,56,4.18464040756,1.5
7,2,57,3.24726486206,4.0
7,2,58,2.05313229561,4.0
7,2,60,1.91410136223,5.5
7,2,61,2.70899057388,5.25
7,2,63,3.7619497776,3.25
7,2,64,4.0087518692,5.0
7,2,65,1.93562698364,5.5
7,2,66,2.87605714798,6.5
7,2,68,4.08506393433,4.25
7,2,69,3.45529747009,3.25
7,2,70,3.36933279037,4.0
7,2,71,4.609395504,4.25
7,2,72,3.31396389008,3.25
7,2,73,4.45493078232,2.5
7,2,74,3.88386154175,3.5
7,2,75,3.84555792809,4.5
7,2,76,3.32371973991,4.25
7,2,77,2.90122485161,5.0
7,2,78,5.46391487122,4.0
7,2,80,5.02188444138,3.25
7,2,82,3.60266256332,5.0
7,2,83,3.44870615005,3.75
7,2,84,3.64168024063,2.5
7,2,85,2.18263864517,2.5
7,2,86,2.87373161316,4.5
7,2,87,3.19446253777,5.0
7,2,88,4.02876996994,3.0
7,2,89,3.38400316238,4.0
7,2,90,4.21186113358,3.75
7,2,91,4.46548271179,4.66667
7,2,92,3.92663049698,4.75
7,2,93,1.64537107944,3.25
7,2,94,2.94977021217,2.5
7,2,95,4.06461954117,3.5
7,2,96,2.92522740364,3.0
7,2,97,4.1706366539,3.75
7,2,98,3.76305651665,4.25
7,2,99,2.75102829933,1.75
7,2,100,3.880869627,5.25
7,2,102,3.87552189827,4.25
7,2,103,2.75576472282,3.5
7,2,104,4.50677633286,3.0
7,2,105,3.8051366806,6.25
7,2,106,3.61619234085,4.5
7,2,107,2.52159929276,5.5
7,2,108,2.03318047523,5.25
8,1,9,1.56441175938,2.0
8,1,10,2.62982416153,1.75
8,1,16,3.26389956474,2.75
8,1,17,3.73283171654,3.25
8,1,18,3.16530585289,3.75
8,1,20,2.38949036598,2.5
8,1,21,3.51348805428,1.75
8,1,22,3.61619496346,3.5
8,1,27,2.84239578247,2.0
8,1,30,3.53932642937,2.5
8,1,54,2.35309171677,3.0
8,1,58,2.43128561974,1.0
8,1,68,3.02875638008,1.5
8,1,73,2.95093250275,2.75
8,1,74,2.76835656166,2.5
8,1,75,3.0096218586,3.0
8,1,76,2.1433775425,1.0
8,1,77,3.14449834824,3.25
8,1,78,3.38990736008,2.75
8,1,79,3.35554409027,2.0
8,1,80,2.75757169724,1.75
8,1,81,2.72437214851,2.25
8,1,82,2.83804821968,1.75
8,1,85,3.23527956009,2.0
8,1,88,2.53406310081,2.25
8,1,89,2.42320537567,3.25
8,2,4,1.64330196381,3.75
8,2,5,2.01485395432,1.5
8,2,7,2.44092416763,4.25
8,2,8,1.38126718998,2.0
8,2,9,2.98153281212,3.0
8,2,11,2.01339673996,2.25
8,2,15,2.92460727692,4.0
8,2,16,2.0646238327,3.5
8,2,18,2.73581671715,3.75
8,2,20,2.40302968025,2.25
8,2,21,1.9304933548,2.25
8,2,22,1.45109713078,2.5
8,2,23,3.22295427322,3.0
8,2,24,2.53989815712,4.0
8,2,27,1.76181662083,2.5
8,2,28,3.41048574448,4.75
8,2,29,2.06115078926,4.25
8,2,30,2.14008259773,2.75
8,2,31,2.376339674,4.0
8,2,32,2.21245241165,3.5
8,2,35,2.50821638107,3.75
8,2,36,2.19116020203,2.25
8,2,37,2.82621574402,3.75
8,2,38,2.62496590614,2.0
8,2,39,2.59876346588,2.0
8,2,40,2.32325291634,4.0
8,2,41,1.77503800392,3.5
8,2,42,2.77439641953,2.25
8,2,45,2.64326310158,4.0
8,2,48,2.66986513138,4.0
8,2,49,1.93407773972,3.0
8,2,50,2.68600916862,3.75
8,2,55,1.71650230885,4.75
8,2,57,3.35525131226,3.0
8,2,58,1.70132708549,1.75
8,2,62,1.77905321121,5.25
8,2,63,2.34833908081,3.25
8,2,67,2.69987082481,2.75
8,2,68,2.77291870117,3.5
8,2,69,1.84913539886,2.0
8,2,71,2.35607910156,3.5
8,2,72,2.18211102486,3.75
9,1,2,2.12566804886,5.25
9,1,3,2.84400272369,4.75
9,1,4,2.90284776688,5.0
9,1,5,3.21866607666,5.75
9,1,6,1.97312653065,3.5
9,1,7,1.58633685112,4.25
9,1,8,3.17088079453,4.5
9,1,12,2.52896571159,4.75
9,1,16,3.13173484802,1.5
9,1,17,3.69814395905,4.25
9,1,18,3.34527397156,3.5
9,1,19,2.18183970451,3.25
9,1,20,2.65758442879,4.0
9,1,21,2.96301531792,4.5
9,1,22,3.01538419724,3.0
9,1,23,2.93273711205,4.5
9,1,24,2.25291228294,3.5
9,1,25,3.11211824417,3.5
9,1,26,2.76850318909,4.5
9,1,27,2.64068222046,3.75
9,1,28,2.40627241135,2.75
9,1,29,2.74733042717,2.5
9,1,30,2.75752067566,3.0
9,1,31,2.75924229622,3.5
9,1,32,2.37893414497,2.75
9,1,33,2.65725922585,3.75
9,1,34,2.82830476761,3.25
9,1,35,2.65473175049,3.5
9,1,36,3.01810669899,3.5
9,1,37,3.09603309631,4.5
9,1,38,2.1808681488,3.5
9,1,39,2.87314128876,2.75
9,1,40,2.44089508057,2.25
9,1,41,2.31889939308,3.0
9,1,42,2.84069681168,4.0
9,1,50,2.25708913803,3.5
9,1,51,2.25553131104,3.5
9,1,52,2.1466345787,2.75
9,1,53,2.29952049255,3.0
9,1,54,1.93696630001,2.75
9,1,55,2.33875107765,3.5
9,1,56,2.36709785461,3.75
9,1,59,2.07637548447,2.75
9,1,60,2.81661820412,4.0
9,1,61,2.17664313316,3.5
9,1,63,2.22834539413,3.25
9,1,64,2.45675182343,4.25
9,1,65,2.62202358246,2.0
9,1,66,2.59492492676,4.75
9,1,67,1.806163311,4.25
9,1,68,2.24887537956,3.5
9,1,69,2.50893235207,5.5
9,1,72,3.10301876068,3.75
9,1,73,3.14644765854,3.25
9,1,74,3.25835943222,3.0
9,1,75,3.17072343826,2.5
9,1,76,3.31785082817,4.0
9,1,77,3.07269787788,3.25
9,1,78,2.3961751461,3.5
9,1,79,1.94837546349,4.0
9,1,81,2.28636169434,2.25
9,1,82,2.47937703133,4.0
9,1,83,2.8333466053,4.25
9,1,84,2.13374853134,3.0
9,1,85,3.06314134598,4.75
9,1,86,2.49248504639,4.0
9,1,87,2.28835010529,3.25
9,1,88,1.72603845596,3.25
9,1,89,2.3133084774,2.75
9,1,90,1.51589989662,2.75
9,1,91,2.60235905647,3.75
9,1,92,2.01512622833,4.0
9,1,93,2.55836200714,3.25
9,1,94,2.74977397919,3.0
9,1,95,2.70449233055,4.25
9,1,96,2.25257825851,4.25
9,1,97,2.47089910507,3.5
9,1,98,1.73263311386,2.25
9,1,99,2.25716328621,3.0
9,1,100,2.98267793655,4.25
9,1,101,2.46739578247,2.25
9,1,102,2.68490242958,3.75
9,1,103,2.76488089561,2.25
9,1,104,2.67851543427,3.0
9,1,105,2.83197855949,3.75
9,1,106,2.56961083412,4.0
9,1,107,2.0325319767,4.25
9,1,110,2.399746418,4.25
9,1,111,4.08358335495,4.0
9,2,2,3.09688901901,4.5
9,2,3,2.37403607368,5.25
9,2,4,2.43905425072,5.5
9,2,5,2.38289093971,5.75
9,2,6,2.97772097588,5.25
9,2,7,3.29219532013,4.5
9,2,8,3.36210894585,5.75
9,2,9,4.70363235474,4.75
9,2,10,3.96742582321,4.5
9,2,11,3.57721829414,5.5
9,2,12,2.81123828888,3.75
9,2,13,3.29054307938,2.75
9,2,16,3.44854974747,4.0
9,2,17,2.89300060272,4.25
9,2,18,3.08096241951,3.0
9,2,20,3.18242788315,3.75
9,2,21,3.36569523811,3.0
9,2,22,3.22030544281,2.75
9,2,23,3.14822745323,1.75
9,2,24,2.33154153824,5.75
9,2,25,3.07327151299,3.25
9,2,27,3.00780892372,2.75
9,2,30,2.2070248127,2.75
9,2,31,2.69479870796,2.25
9,2,32,2.48489427567,2.5
9,2,34,3.08392977715,4.75
9,2,36,2.69759726524,3.75
9,2,37,2.67132687569,2.0
9,2,38,3.58255243301,3.25
9,2,42,2.56124663353,3.0
9,2,45,4.06063604355,4.75
9,2,46,3.33756923676,4.0
9,2,50,2.30010151863,3.75
9,2,53,2.12231373787,4.0
9,2,62,2.89728307724,5.0
9,2,63,2.74451780319,4.5
9,2,64,2.64157891273,5.5
9,2,66,3.22340631485,4.25
9,2,67,2.23791408539,3.25
9,2,68,3.49752187729,3.25
9,2,69,2.45882105827,4.75
9,2,70,3.25810050964,5.25
9,2,71,2.88802433014,5.25
9,2,74,3.63982009888,3.75
9,2,75,2.79376959801,4.25
9,2,77,4.05206871033,5.5
9,2,78,3.08894848824,5.25
9,2,79,3.77461862564,4.75
9,2,81,3.1179459095,3.75
9,2,84,3.43844079971,4.75
9,2,85,2.18774318695,4.0
9,2,86,3.64255928993,3.25
9,2,87,3.41517066956,4.5
9,2,88,2.57808041573,2.75
9,2,89,3.19034910202,3.25
9,2,90,2.44085550308,4.25
9,2,91,3.43040728569,4.25
9,2,92,2.50235700607,5.0
9,2,95,2.26952528954,3.0
9,2,96,3.63639950752,4.5
9,2,98,4.29824876785,5.75
9,2,100,2.51912260056,3.0
9,2,103,3.53400993347,3.25
9,2,104,3.7765147686,4.5
9,2,105,2.81591081619,3.75
9,2,107,2.90592002869,4.25
9,2,108,2.7494430542,2.25
10,1,4,5.19036626816,5.5
10,1,5,4.81966352463,5.0
10,1,6,5.25001335144,5.0
10,1,7,4.83950281143,5.5
10,1,8,5.23686408997,6.25
10,1,9,5.32859563828,5.5
10,1,10,5.39527177811,5.0
10,1,11,4.9315571785,4.0
10,1,12,5.04616737366,4.5
10,1,13,4.56913042068,4.25
10,1,14,4.98859405518,3.75
10,1,20,5.43151092529,5.0
10,1,21,4.85814571381,5.25
10,1,22,4.73761844635,4.5
10,1,24,3.87373113632,4.75
10,1,25,4.43970298767,4.5
10,1,26,4.34598827362,2.25
10,1,27,3.81495714188,4.25
10,1,28,4.29245901108,4.75
10,1,29,4.91409063339,4.75
10,1,30,4.15695714951,5.5
10,1,31,4.35882043839,4.75
10,1,32,3.34717845917,3.75
10,1,33,4.70238018036,4.5
10,1,36,4.3874373436,4.75
10,1,39,4.27478456497,4.0
10,1,42,4.05406141281,5.25
10,1,43,4.97727203369,4.5
10,1,44,4.54995536804,4.5
10,1,45,4.18995761871,3.25
10,1,46,5.51669740677,5.0
10,1,47,5.17690849304,5.25
10,1,48,4.87494325638,5.0
10,1,49,4.22574043274,4.0
10,1,50,3.93043637276,5.25
10,1,51,3.66695785522,5.5
10,1,52,3.93552613258,5.0
10,1,53,4.63680410385,5.25
10,1,55,4.62736606598,5.25
10,1,56,4.28565883636,4.5
10,1,57,4.43301343918,1.5
10,1,61,6.14582490921,5.0
10,1,62,5.63821840286,3.75
10,1,63,5.13043928146,4.25
10,1,64,5.16967630386,5.0
10,1,65,5.32594919205,5.75
10,1,66,5.88730192184,6.0
10,1,67,5.95445394516,5.25
10,1,68,5.30363082886,3.75
10,1,69,6.04719829559,4.5
10,1,72,5.30569601059,3.0
10,1,73,4.51271915436,4.25
10,1,74,3.84164500237,4.75
10,1,75,4.80000305176,4.5
10,1,76,4.74975299835,4.75
10,1,77,4.65370702744,4.5
10,1,78,4.97229290009,5.5
10,1,79,4.36427927017,4.5
10,1,80,4.5500497818,5.0
10,1,81,4.17540597916,4.25
10,1,82,4.10064458847,4.5
10,1,83,3.85309743881,3.0
10,1,84,4.27731180191,2.75
10,1,85,3.98899030685,4.75
10,1,86,4.59029436111,4.0
10,1,87,4.65311956406,4.75
10,1,88,4.85403203964,5.5
10,1,89,4.86130619049,5.25
10,1,90,3.6195795536,3.75
10,1,91,4.06627416611,4.5
10,1,92,4.22879266739,5.0
10,1,93,4.21310901642,4.0
10,1,94,4.15470552444,5.0
10,1,95,4.56935548782,4.75
10,1,96,4.27507972717,4.5
10,1,97,3.77277731895,3.75
10,1,98,3.36238431931,4.5
10,1,99,4.50651502609,5.25
10,1,100,3.76365017891,4.0
10,1,101,4.27679729462,5.5
10,1,102,3.71918678284,5.0
10,1,103,4.10998678207,3.75
10,1,104,4.76346492767,4.5
10,1,105,3.77558279037,4.0
10,1,106,2.81329250336,2.0
10,1,107,3.72873497009,5.0
10,1,108,5.2728395462,3.75
10,2,3,5.48430299759,6.25
10,2,4,5.95925951004,5.5
10,2,5,5.62633132935,5.25
10,2,6,5.59156227112,5.25
10,2,7,5.87227678299,5.75
10,2,8,4.50108623505,3.25
10,2,9,4.80956315994,5.25
10,2,10,5.44738721848,4.5
10,2,11,5.38153743744,4.25
10,2,12,5.13965654373,5.25
10,2,13,5.49159193039,5.25
10,2,14,5.21499443054,5.75
10,2,15,4.4126868248,4.5
10,2,19,4.27326488495,2.75
10,2,20,4.57505607605,5.5
10,2,21,4.5988407135,5.5
10,2,22,3.91322684288,5.0
10,2,23,4.62623643875,3.5
10,2,26,4.0101017952,4.5
10,2,28,3.47818017006,5.0
10,2,29,4.62208843231,5.75
10,2,30,4.54393863678,4.75
10,2,33,3.9311413765,3.75
10,2,36,4.23279237747,5.0
10,2,37,3.82782268524,4.75
10,2,38,4.42147254944,5.25
10,2,39,5.30533075333,5.25
10,2,41,4.57003259659,5.5
10,2,42,4.4881734848,5.75
10,2,43,4.22575569153,5.25
10,2,47,5.67123508453,5.5
10,2,51,5.62344264984,5.5
10,2,52,5.80576276779,6.75
10,2,53,5.56720542908,5.5
10,2,54,4.72261714935,3.75
10,2,55,4.9878578186,5.25
10,2,56,5.88719081879,5.5
10,2,58,4.77641153336,5.0
10,2,65,3.99976468086,3.0
10,2,66,4.49364185333,4.33333
10,2,67,5.24359703064,4.75
10,2,68,5.57517910004,5.25
10,2,69,5.35820245743,4.66667
10,2,70,4.26683568954,4.0
10,2,71,4.65866327286,6.25
10,2,72,3.65414166451,5.5
10,2,73,4.16154003143,4.75
10,2,74,4.41630649567,4.5
10,2,75,4.21317863464,4.5
10,2,76,3.68997478485,3.5
10,2,77,4.06869029999,5.25
10,2,78,4.50641965866,5.5
10,2,79,3.20691490173,4.5
10,2,80,4.41985797882,5.25
10,2,81,4.23575925827,5.25
10,2,82,4.52049636841,4.25
10,2,83,4.10865020752,4.0
10,2,84,4.00267839432,5.25
10,2,85,3.95190572739,4.5
10,2,86,4.51162242889,5.5
10,2,87,4.73440885544,5.5
10,2,88,3.72651124001,4.0
10,2,89,3.91855478287,4.25
10,2,90,3.82884740829,4.25
11,1,4,6.03812265396,5.75
11,1,5,4.6646695137,4.5
11,1,6,4.06842136383,5.0
11,1,7,5.1445941925,4.25
11,1,8,5.09604740143,4.25
11,1,9,5.4328494072,4.0
11,1,10,5.9159321785,4.66667
11,1,11,6.07010889053,4.5
11,1,12,5.44623184204,5.5
11,1,13,6.70417451859,5.25
11,1,14,5.12897109985,4.25
11,1,15,4.37682580948,3.5
11,1,19,5.55946350098,6.25
11,1,20,4.83759737015,5.5
11,1,21,5.12762260437,4.25
11,1,22,4.9685549736,6.25
11,1,23,4.55498075485,5.75
11,1,24,4.56175422668,3.25
11,1,25,5.33364868164,5.0
11,1,26,4.84804296494,4.0
11,1,27,4.91520500183,4.5
11,1,28,4.90567922592,4.5
11,1,29,5.02573013306,5.5
11,1,30,5.1021771431,4.25
11,1,31,4.79002809525,5.5
11,1,32,5.19521379471,4.25
11,1,33,4.94508314133,5.0
11,1,34,5.31910276413,4.5
11,1,35,5.40501928329,4.5
11,1,36,4.41503334045,5.0
11,1,37,4.91875123978,3.75
11,1,38,5.06567955017,4.5
11,1,39,4.50202703476,5.0
11,1,48,2.92117977142,2.25
11,1,50,4.89744997025,3.0
11,1,51,4.54757785797,4.75
11,1,57,3.59049868584,2.5
11,1,62,4.32368087769,5.0
11,1,63,4.4819726944,6.25
11,1,64,3.35138010979,5.0
11,1,66,4.21803236008,3.25
11,1,68,4.51286220551,4.25
11,1,69,3.76988363266,4.0
11,1,70,4.45747661591,5.0
11,1,73,4.62783622742,5.25
11,1,75,3.71936106682,3.5
11,1,76,3.91007971764,4.0
11,1,77,4.29309606552,6.0
11,1,78,3.84109091759,5.0
11,1,79,3.45994496346,4.5
11,1,80,3.30000448227,6.0
11,1,81,4.56165885925,4.5
11,1,82,4.16744804382,4.5
11,1,83,2.79451203346,3.5
11,1,84,3.93766403198,3.5
11,1,87,4.42359828949,2.75
11,1,88,4.23332214355,3.75
11,1,90,3.85910844803,4.25
11,1,91,4.92952728271,5.5
11,1,93,4.28303146362,4.25
11,1,94,3.49047994614,5.75
11,1,95,4.08791685104,4.25
11,1,96,3.43538451195,4.75
11,1,97,3.44598412514,3.75
11,1,98,4.06110477448,4.5
11,1,99,3.51757335663,5.0
11,2,3,4.37609481812,4.0
11,2,4,3.53268361092,2.25
11,2,5,4.27739477158,5.5
11,2,6,3.06243777275,0.75
11,2,7,4.09700632095,5.0
11,2,8,3.85616612434,3.5
11,2,9,2.85818576813,4.75
11,2,10,3.27677845955,2.25
11,2,12,3.98808479309,3.75
11,2,17,3.6588037014,4.0
11,2,18,4.65483093262,5.25
11,2,19,3.97851848602,4.75
11,2,20,4.37784528732,6.25
11,2,21,4.38386535645,3.75
11,2,22,4.26349830627,5.75
11,2,23,4.35890197754,5.0
11,2,24,3.72268748283,5.0
11,2,25,3.41534757614,3.5
11,2,26,4.0957403183,5.5
11,2,27,4.20639848709,4.5
11,2,28,3.55719423294,4.75
11,2,29,3.28277373314,4.0
11,2,30,4.18648958206,5.0
11,2,31,4.6227312088,5.25
11,2,32,3.94908881187,4.25
11,2,33,4.923183918,6.5
11,2,34,4.39742088318,3.75
11,2,35,4.18603563309,4.25
11,2,36,3.80680012703,5.0
11,2,37,4.56967020035,4.25
11,2,38,3.52104091644,4.5
11,2,39,4.03612470627,4.25
11,2,40,4.73185539246,4.75
11,2,41,3.48348069191,4.75
11,2,42,3.94274926186,5.25
11,2,43,4.37608480453,5.5
11,2,44,4.45105552673,4.25
11,2,45,4.47571706772,4.25
11,2,46,4.55333566666,4.0
11,2,47,3.99712228775,6.5
11,2,48,4.43313694,2.75
11,2,49,4.97440862656,4.25
11,2,50,4.13086557388,4.5
11,2,51,4.51924562454,5.0
11,2,52,3.9731156826,4.5
11,2,53,4.35894107819,3.75
11,2,54,4.65144538879,4.5
11,2,55,4.49603891373,4.75
11,2,56,3.16668152809,2.5
11,2,60,3.38773202896,3.25
11,2,61,4.17681741714,1.75
11,2,62,3.2327811718,2.75
11,2,63,4.47669696808,4.25
11,2,64,4.20026493073,2.5
11,2,65,3.82439351082,1.75
11,2,66,4.06157112122,4.75
11,2,67,3.76522922516,4.0
11,2,68,3.83821606636,3.25
11,2,69,4.14101648331,4.25
11,2,72,3.89259696007,4.25
11,2,73,3.77326488495,4.25
11,2,74,3.35705542564,2.5
11,2,75,3.8431725502,5.5
11,2,76,4.00310611725,4.5
11,2,77,4.62675285339,5.5
11,2,78,4.04049301147,4.25
11,2,79,3.96697354317,3.75
11,2,80,3.11399698257,3.0
11,2,81,3.53366732597,4.75
11,2,82,3.18147826195,4.0
11,2,83,4.43980312347,4.75
11,2,84,4.07129812241,5.0
11,2,85,3.85739660263,5.75
11,2,86,4.42183256149,4.25
11,2,87,3.63520526886,5.0
11,2,88,4.15009641647,4.75
11,2,89,3.33797430992,3.25
11,2,90,3.90332579613,4.5
11,2,91,3.38415050507,5.5
11,2,92,4.16794776917,5.0
11,2,93,3.86989402771,4.25
11,2,94,2.80748748779,4.0
11,2,95,4.08455848694,5.0
11,2,96,4.12907505035,3.75
11,2,97,3.64970350266,5.0
11,2,98,4.45633506775,5.5
11,2,99,3.55634236336,4.5
11,2,100,4.20849990845,4.75
11,2,101,4.08343839645,3.75
11,2,102,3.60673856735,5.25
11,2,103,3.1426513195,6.0
11,2,104,3.87249994278,4.5
11,2,105,2.98635172844,3.0
11,2,106,3.79156804085,4.75
11,2,109,4.26289844513,4.75
12,1,2,5.08174085617,6.5
12,1,3,5.37000513077,6.0
12,1,5,5.10181474686,6.0
12,1,6,5.33849811554,5.0
12,1,7,5.03213500977,6.25
12,1,8,5.18823480606,5.25
12,1,9,5.02390050888,4.75
12,1,10,5.50642490387,5.25
12,1,11,5.15599346161,5.0
12,1,12,4.66048717499,5.75
12,1,69,4.39161634445,4.0
12,2,4,5.24144792557,5.25
12,2,5,4.46703720093,5.0
16,2,5,3.36991262436,4.0
16,2,6,3.75572323799,4.5
16,2,7,3.42370176315,5.0
16,2,8,2.91293787956,3.25
16,2,9,3.36780357361,3.5
16,2,10,3.77168774605,5.5
16,2,11,3.3349916935,4.5
16,2,12,3.08796143532,5.5
16,2,13,3.49284386635,4.5
16,2,14,3.2267780304,4.0
16,2,15,3.48130226135,4.25
16,2,21,4.29318380356,3.75
16,2,22,4.77369213104,1.75
16,2,23,3.49751830101,2.5
16,2,24,2.70684838295,3.5
16,2,25,2.11724543571,3.0
16,2,26,2.55659556389,3.25
16,2,27,2.86103320122,4.25
16,2,28,2.59802556038,3.25
16,2,29,3.12824845314,2.0
16,2,30,2.86196899414,3.0
16,2,31,3.0099594593,2.0
16,2,32,3.1697280407,2.75
16,2,33,3.10248684883,1.5
16,2,34,2.48530936241,2.25
16,2,35,1.88088417053,2.5
16,2,36,3.00361728668,3.75
16,2,37,3.15637898445,4.5
16,2,38,3.91436100006,4.0
16,2,39,3.31455159187,2.25
16,2,40,2.16564512253,2.0
16,2,41,2.74604821205,1.75
16,2,42,2.31845521927,2.5
16,2,43,2.90702366829,2.25
16,2,44,2.54058837891,2.75
16,2,45,2.08581566811,3.0
16,2,46,3.11738610268,2.5
16,2,47,2.52456617355,1.75
16,2,48,2.03461384773,3.25
16,2,49,2.52753973007,2.75
16,2,50,3.20148134232,2.25
16,2,51,3.39745903015,3.5
16,2,52,2.9307217598,2.25
16,2,53,3.92450737953,4.0
16,2,54,2.70882701874,1.25
16,2,55,2.92454504967,4.0
16,2,56,4.08169937134,4.75
16,2,57,3.09641647339,3.0
16,2,58,3.62465047836,2.25
16,2,60,2.51036834717,3.0
16,2,61,2.94979596138,2.5
16,2,65,3.60525465012,5.0
16,2,66,4.15281391144,5.75
16,2,67,2.85031342506,3.5
16,2,68,3.00375914574,1.25
16,2,69,2.98082661629,1.75
16,2,70,3.02051877975,1.75
16,2,71,3.66820859909,4.0
16,2,72,3.2842977047,2.25
16,2,73,2.78592252731,4.0
16,2,76,3.26346421242,3.0
16,2,77,2.7692527771,5.5
16,2,78,4.00045251846,4.25
16,2,79,4.56287717819,5.0
16,2,80,4.04285573959,4.0
16,2,81,3.34370207787,2.5
16,2,82,3.08328604698,2.25
16,2,83,3.85785198212,4.5
16,2,84,3.40922904015,3.75
16,2,85,4.02769184113,3.5
16,2,86,3.94355583191,4.5
16,2,87,3.9011297226,3.5
16,2,88,3.68638372421,3.75
16,2,89,4.37617254257,1.75
16,2,90,1.82086360455,1.75
16,2,91,2.59371733665,3.25
16,2,92,3.61071157455,2.5
16,2,93,3.73180651665,4.0
16,2,94,3.62297677994,4.0
16,2,95,3.06462907791,3.5
16,2,96,3.82245063782,3.5
16,2,97,3.57070207596,2.75
16,2,98,2.46371483803,4.5
16,2,99,2.31458592415,3.25
16,2,100,2.64350676537,3.25
16,2,101,3.74240493774,5.0
16,2,102,3.39743494987,1.75
16,2,103,3.47597074509,3.25
16,2,104,3.75368928909,1.75
16,2,105,3.422976017,3.75
16,2,106,3.3148291111,2.75
16,2,107,3.13616657257,3.25
16,2,108,2.95995378494,2.75
16,2,109,4.26966047287,4.5
16,2,110,2.86056137085,2.25
16,2,111,3.4499669075,3.5
16,2,112,3.51062512398,1.5
16,2,113,3.52150273323,2.5
16,2,114,3.80284738541,3.5
16,2,115,3.27492332458,2.75
17,1,4,3.65690970421,2.75
17,1,5,2.87200570107,2.75
17,1,6,2.82518362999,2.75
17,1,7,3.06985092163,2.75
17,1,8,2.49216461182,2.75
17,1,9,2.32190322876,1.5
17,1,10,2.6351313591,1.5
17,1,12,3.86205887794,2.25
17,1,17,2.15895819664,3.0
17,1,18,2.68972063065,2.75
17,1,19,2.68361783028,4.0
17,1,20,3.129529953,3.5
17,1,21,1.87254536152,2.5
17,1,22,2.63294768333,3.0
17,1,23,2.32952165604,2.5
17,1,24,3.15462231636,3.25
17,1,25,3.03592824936,3.75
17,1,26,1.54427874088,3.0
17,1,27,1.86667120457,4.5
17,1,29,2.4939956665,4.0
17,1,30,3.46193790436,5.25
17,1,31,2.7076587677,4.0
17,1,32,2.29173755646,4.5
17,1,33,2.02606749535,3.75
17,1,34,2.05860996246,3.25
17,1,35,2.56034827232,2.5
17,1,36,1.89200937748,2.75
17,1,37,2.36872553825,2.5
17,1,38,2.21203947067,2.25
17,1,39,2.07184433937,4.5
17,1,40,1.99317836761,3.0
17,1,41,2.24682044983,3.25
17,1,42,2.6424639225,3.75
17,1,43,2.34496235847,4.25
17,1,44,2.27607512474,3.5
17,1,45,2.45782899857,3.0
17,1,46,2.78108072281,4.0
17,1,51,1.78686094284,3.0
17,1,52,3.21302890778,2.75
17,1,53,2.96125054359,2.75
17,1,54,2.39020013809,3.25
17,1,55,2.76123595238,2.5
17,1,56,1.5801448822,3.25
17,1,59,3.46214985847,2.5
17,1,60,3.19992494583,3.0
17,1,61,1.98777198792,2.25
17,1,62,2.46549081802,1.75
17,1,63,2.11711144447,1.75
17,1,64,3.25817537308,1.0
17,1,65,1.19616186619,1.25
17,1,67,3.91446065903,3.0
17,1,68,3.01851034164,3.75
17,1,69,2.79874587059,2.5
17,1,72,3.67741441727,5.25
17,1,73,2.01697325706,4.25
17,1,74,1.75489854813,3.25
17,1,75,2.03145098686,1.75
17,1,76,3.46234440804,4.5
17,1,77,2.72951221466,3.5
17,1,78,2.366720438,4.25
17,1,79,3.25488901138,3.25
17,1,80,2.70644783974,4.25
17,1,81,1.96243703365,4.5
17,1,82,2.46526002884,5.0
17,1,83,3.00798463821,3.5
17,1,84,2.42180895805,4.25
17,1,85,2.22088646889,4.75
17,1,86,2.93222689629,4.0
17,1,87,2.48546862602,2.5
17,1,88,3.51372742653,4.25
17,1,89,2.94192671776,3.25
17,1,90,2.89192438126,5.5
17,1,91,2.91230106354,3.5
17,1,92,2.94831705093,5.25
17,1,93,3.13709115982,3.5
17,1,94,3.11334061623,3.5
17,1,95,3.81602120399,5.25
17,1,96,2.05825042725,1.5
17,1,97,2.72329473495,2.5
17,1,98,4.11965465546,3.5
17,1,99,2.26152038574,3.5
17,1,100,2.77363419533,2.75
17,1,101,2.1241748333,3.0
17,1,102,2.61706352234,3.75
17,1,104,3.21728372574,3.25
17,1,105,2.62786793709,3.75
17,1,106,3.25592780113,2.75
17,1,107,3.0593316555,3.25
17,1,108,2.81067204475,2.5
18,1,2,3.81804251671,4.25
18,1,3,4.45652484894,2.25
18,1,4,3.88435840607,3.0
18,1,5,2.96973824501,1.5
18,1,6,3.64021682739,3.5
18,1,7,2.435505867,2.5
18,1,8,1.7926659584,2.25
18,1,9,3.10211443901,2.0
18,1,10,3.73025488853,1.75
18,1,11,4.71314620972,5.75
18,1,12,4.76748561859,6.0
18,1,16,3.20160079002,2.33333
18,1,17,3.07909727097,3.0
18,1,18,3.23712563515,2.75
18,1,19,3.27013301849,2.75
18,1,20,3.79630374908,2.75
18,1,21,3.96436262131,2.5
18,1,28,4.29086685181,3.25
18,1,29,3.67388486862,3.75
18,1,30,3.92534708977,2.75
18,1,31,3.13860249519,3.75
18,1,32,3.03021335602,1.25
18,1,33,3.45303225517,1.0
18,1,34,3.85408306122,2.25
18,1,35,3.9002623558,2.25
18,1,36,3.98596405983,2.25
18,1,37,3.62603878975,2.75
18,1,38,3.35618185997,3.5
18,1,39,3.19485211372,4.0
18,1,40,3.49031710625,4.0
18,1,41,3.84766411781,4.0
18,1,42,3.3178832531,2.5
18,1,43,3.49934840202,4.25
18,1,44,2.46373295784,2.5
18,1,45,3.65323805809,4.75
18,1,46,3.12919688225,2.25
18,1,47,3.24565601349,1.75
18,1,48,3.21568632126,1.75
18,1,49,3.45593309402,1.5
18,1,50,3.55273222923,2.25
18,1,51,2.50474143028,1.25
18,1,53,4.22293329239,3.25
18,1,54,2.75255608559,1.25
18,1,55,3.64253520966,1.75
18,1,56,3.47614574432,3.25
18,1,59,3.31518340111,1.66667
18,1,60,3.25515031815,1.0
18,1,61,2.58606219292,3.25
18,1,62,2.96860575676,1.5
18,1,64,3.67972946167,2.25
18,1,65,2.60840320587,1.0
18,1,66,2.10883641243,1.75
18,1,67,2.35419845581,1.0
18,1,68,2.31052041054,2.5
18,1,74,3.32081627846,1.5
18,1,75,3.32586789131,1.0
18,1,76,3.66204810143,2.0
18,1,77,3.48864078522,1.0
18,1,78,3.26308178902,2.0
18,1,79,3.12490487099,2.25
18,1,80,3.12125706673,3.5
18,1,81,3.28744244576,3.75
18,1,82,2.52927398682,3.25
18,1,84,4.11991167068,4.5
18,1,85,3.35812830925,4.0
18,1,90,2.88727521896,2.5
18,1,91,2.87240195274,2.5
18,1,92,3.58433914185,2.25
18,1,93,3.01430726051,2.0
18,1,94,2.93025827408,2.5
18,1,95,3.85690879822,4.25
18,1,96,3.12220811844,2.5
18,1,97,3.36172199249,3.25
18,1,98,2.84589767456,2.25
18,1,99,2.57686543465,2.5
18,1,100,3.24106287956,3.75
18,1,101,3.40045046806,2.25
18,1,102,3.36448955536,2.25
18,1,103,3.06587314606,2.0
18,1,104,2.64337992668,3.25
18,1,105,2.92988085747,1.75
18,1,109,3.66320419312,3.0
18,1,111,3.47392845154,2.75
