3,1,1,4.9258055687,3.875
3,1,2,4.52141237259,4.5
3,1,3,4.31505918503,3.0
3,1,4,3.77893877029,3.25
3,1,5,3.61136698723,6.0
3,1,6,2.93487739563,4.5
3,1,7,3.40686416626,4.75
3,1,8,3.69776272774,3.5
3,1,10,3.84756112099,2.875
3,1,14,4.60860824585,3.75
3,1,15,4.07198524475,5.0
3,1,16,3.70139169693,4.75
3,1,17,3.41753768921,5.0
3,1,18,3.0480966568,3.75
3,1,20,2.89964294434,2.5
3,1,21,3.44383621216,4.5
3,1,22,3.72355175018,4.83333
3,1,24,2.735683918,4.5
3,1,25,4.01257801056,5.5
3,1,26,4.18970441818,4.0
3,1,27,4.21026992798,5.25
3,1,28,3.61594200134,4.75
3,1,29,4.33545398712,1.25
3,1,30,3.63530635834,4.5
3,1,33,3.10890007019,3.0
3,1,34,3.11520409584,4.125
3,1,35,3.38649368286,4.375
3,1,40,3.53030276299,5.0
3,1,43,3.94053077698,4.0
3,1,44,3.57886695862,3.0
3,1,45,3.72358417511,4.25
3,1,46,3.56626057625,5.0
3,1,47,3.43789863586,4.25
3,1,48,3.35480046272,2.5
3,1,49,3.40717411041,5.0
3,1,50,3.77170705795,4.66667
3,1,51,3.10552883148,4.5
3,1,52,3.67701792717,3.5
3,1,55,3.87752056122,3.25
3,1,56,3.7952580452,4.0
3,1,57,3.89075660706,4.875
3,1,58,3.79237985611,4.5
3,1,59,4.34028768539,5.5
3,1,60,3.83197331429,5.5
3,1,61,4.35698318481,5.5
3,1,62,4.24807548523,4.375
3,1,63,3.88190126419,4.75
3,1,64,3.78138160706,5.75
3,1,65,4.06713914871,6.25
3,1,66,3.57538437843,3.0
3,1,70,4.20786619186,2.75
3,1,71,3.89717650414,2.0
3,1,73,4.03195714951,3.0
3,1,74,3.58541274071,4.0
3,1,75,3.23382019997,4.0
3,1,78,3.53863191605,5.25
3,1,79,4.13389348984,5.25
3,1,80,4.1297712326,2.75
3,1,81,3.09634304047,2.75
3,1,82,4.00270318985,3.0
3,1,83,3.90379214287,4.5
3,1,84,3.68228769302,3.75
3,1,85,3.5083334446,2.0
3,1,86,3.81313276291,4.25
3,1,87,3.63831162453,4.25
3,1,88,3.58396458626,4.0
3,1,89,4.00119256973,4.25
3,1,90,3.95990800858,3.75
3,1,91,3.12711071968,4.0
3,1,92,2.97193574905,3.5
3,1,93,3.12014460564,3.25
3,1,94,3.55169057846,3.25
3,1,95,3.70788049698,3.75
3,1,96,4.00572633743,3.875
3,1,97,3.60627269745,1.25
3,1,98,3.63649559021,1.75
3,1,99,3.45422077179,1.5
3,1,100,2.62969446182,2.375
3,1,101,3.1360001564,4.375
3,1,102,2.95445156097,5.25
3,1,103,2.98341941833,1.5
3,1,104,2.83938384056,3.5
3,1,105,3.46231341362,1.25
3,1,106,3.89602518082,1.875
3,2,2,4.6539850235,3.25
3,2,5,4.45329093933,5.25
3,2,6,4.86556053162,6.0
3,2,7,4.84575796127,6.0
3,2,8,4.22318744659,4.5
3,2,9,4.62608480453,4.0
3,2,10,4.30895233154,4.125
3,2,11,4.50586557388,5.25
3,2,12,4.43498086929,5.0
3,2,13,4.2677359581,3.25
3,2,14,3.52564334869,2.5
3,2,26,3.47462153435,4.0
3,2,27,3.81816196442,4.0
3,2,28,3.4566245079,5.25
3,2,29,3.72320604324,3.25
3,2,30,3.74652409554,3.25
3,2,31,3.79247450829,3.25
3,2,32,3.24824404716,3.5
3,2,34,3.36845445633,3.875
3,2,35,3.42764258385,2.75
3,2,36,3.46284198761,2.25
3,2,37,3.62313985825,3.25
3,2,38,3.20426154137,4.25
3,2,39,2.73082780838,2.75
3,2,40,3.65200567245,3.5
3,2,41,3.4252038002,2.5
3,2,42,3.28734827042,4.0
3,2,43,3.43215608597,5.0
3,2,44,3.11970472336,3.25
3,2,45,3.12585067749,4.5
3,2,46,3.14157891273,3.875
3,2,47,3.96913337708,4.25
3,2,48,3.29560136795,3.75
3,2,50,3.59557747841,4.0
3,2,51,3.17122101784,1.5
3,2,52,3.31790757179,4.5
3,2,53,3.45607948303,3.33333
3,2,55,3.17680573463,3.25
3,2,56,3.63352847099,0.0
3,2,59,4.60204935074,3.75
3,2,60,4.28667020798,4.25
3,2,61,4.39744281769,5.25
3,2,62,4.17759037018,1.25
3,2,63,4.18339681625,2.375
3,2,64,4.27094507217,3.75
3,2,66,3.93006277084,5.25
3,2,67,4.4997844696,5.5
3,2,68,4.25634908676,1.25
3,2,69,4.29462146759,3.66667
3,2,70,3.91887116432,2.375
3,2,71,3.95308065414,3.75
3,2,73,3.31504845619,2.75
3,2,78,3.78373503685,3.75
3,2,79,4.00268602371,4.75
3,2,80,2.95678305626,4.375
3,2,81,3.320094347,3.25
3,2,82,3.89624094963,4.25
3,2,83,3.96427345276,4.0
3,2,84,3.5928504467,3.25
3,2,85,3.2118897438,2.75
3,2,86,3.56314253807,3.75
3,2,87,3.7127263546,4.0
3,2,88,3.42044878006,4.25
3,2,90,3.63932943344,4.5
3,2,91,3.81279110909,3.75
3,2,94,3.43226313591,1.5
3,2,95,3.25532817841,3.125
3,2,96,3.90462422371,5.0
3,2,97,3.71143817902,4.5
3,2,98,3.53589391708,2.625
3,2,99,3.92067956924,1.25
3,2,100,3.85290789604,3.125
3,2,101,3.66508436203,2.0
3,2,102,3.69422507286,4.0
3,2,103,3.45847320557,3.5
3,2,104,3.00259184837,3.5
3,2,105,3.43287801743,3.5
3,2,106,3.65421867371,4.625
3,2,107,3.45721650124,4.0
3,2,108,3.23183870316,4.25
3,2,110,2.5060005188,3.5
4,1,23,2.71498155594,1.0
4,1,30,3.88754034042,1.125
4,1,31,2.7804017067,2.25
4,1,32,2.69173741341,1.5
4,1,33,1.66983008385,1.5
4,1,34,2.35772609711,1.5
4,1,35,1.80044710636,1.75
4,1,36,2.92251610756,0.875
4,1,37,1.97813677788,2.25
4,1,38,2.39640951157,2.5
4,1,39,2.1928589344,2.5
4,1,40,2.32381510735,4.0
4,1,41,2.9587290287,2.5
4,1,42,3.43436908722,1.75
4,1,45,2.29776024818,2.125
4,1,46,1.66933107376,3.75
4,1,48,2.09960579872,1.5
4,1,49,1.81029284,4.25
4,1,50,1.95132613182,2.0
4,1,51,2.67064094543,2.75
4,1,52,2.68823242188,3.25
4,1,54,2.58665394783,3.375
4,1,55,1.36813545227,2.5
4,1,56,1.41557633877,2.0
4,1,57,1.12514400482,2.75
4,1,58,1.03742408752,2.25
4,1,59,1.98156547546,1.875
4,1,63,2.56612563133,1.0
4,1,64,3.03642654419,3.5
4,1,65,2.56371808052,4.75
4,1,66,2.50213170052,1.0
4,1,67,3.52146697044,1.75
4,1,68,3.81494498253,5.0
4,1,69,3.31351208687,5.5
4,1,70,3.36135816574,5.25
4,1,71,3.9770488739,2.125
4,1,72,4.13730239868,3.25
4,1,73,3.86833024025,4.25
4,1,74,3.99934220314,3.5
4,1,75,4.15593385696,4.75
4,1,77,2.65934109688,2.625
4,1,99,2.10937309265,2.375
4,1,102,2.85362148285,1.5
4,1,104,2.04061079025,1.25
4,1,105,2.66164731979,3.625
4,1,110,1.51613092422,4.0
4,1,111,3.10902953148,3.5
7,1,1,4.37445545197,3.5
7,1,2,4.84551906586,5.5
7,1,3,4.63500404358,4.75
7,1,4,5.30255222321,3.25
7,1,5,5.26784324646,4.75
7,1,7,4.52365350723,2.25
7,1,8,4.77635478973,4.5
7,1,9,4.06021547318,2.0
7,1,10,3.35181212425,2.75
7,1,11,4.47808361053,1.75
7,1,12,3.96846842766,5.0
7,1,13,4.14312839508,3.0
7,1,14,3.4931974411,2.25
7,1,18,4.79878664017,6.0
7,1,19,4.64749288559,4.75
7,1,20,4.76535844803,5.25
7,1,22,4.75414466858,3.75
7,1,23,4.58558368683,4.0
7,1,24,4.40406036377,5.0
7,1,25,4.40279865265,4.5
7,1,26,4.8134522438,3.0
7,1,27,4.87354755402,4.25
7,1,28,4.4136390686,5.25
7,1,29,4.1665520668,4.25
7,1,30,4.56007432938,3.0
7,1,31,4.49267530441,4.5
7,1,32,4.91475200653,3.75
7,1,33,4.58883047104,4.75
7,1,34,3.90772509575,5.5
7,1,35,4.10561847687,6.0
7,1,36,4.57979202271,4.25
7,1,37,4.83125495911,4.25
7,1,38,4.08560609818,3.5
7,1,39,4.27828550339,5.5
7,1,40,4.98537540436,5.5
7,1,41,4.61040735245,4.75
7,1,42,4.72728872299,3.0
7,1,43,4.68333721161,3.5
7,1,44,4.09038591385,6.25
7,1,45,4.09990549088,4.5
7,1,46,4.73002338409,4.0
7,1,47,3.78292369843,4.5
7,1,48,4.42525196075,1.5
7,1,49,3.56953525543,4.5
7,1,50,4.79509305954,5.0
7,1,51,4.20729112625,3.5
7,1,52,4.56821727753,0.75
7,1,53,4.76057577133,5.5
7,1,55,4.32431030273,2.5
7,1,57,4.6967663765,4.25
7,1,58,3.78199195862,6.0
7,1,59,2.34462428093,5.25
7,1,60,3.73637270927,3.25
7,1,61,2.80020427704,5.0
7,1,62,3.48896813393,4.5
7,1,63,3.88411521912,5.5
7,1,64,2.40716290474,5.0
7,1,65,1.64868652821,5.25
7,1,66,4.05961704254,4.25
7,1,67,2.09853863716,4.75
7,1,68,1.6070548296,4.25
7,1,69,3.8438539505,5.5
7,1,70,3.79745745659,5.5
7,1,71,3.71632504463,4.75
7,1,72,3.47247958183,2.0
7,1,73,2.79765677452,1.0
7,1,74,3.02330160141,4.25
7,1,75,4.25748109818,4.75
7,1,76,4.36492156982,2.75
7,1,78,4.4363451004,4.0
7,1,79,4.14879417419,3.0
7,1,80,3.34417915344,2.0
7,1,81,4.37783050537,4.0
7,1,82,3.67780303955,5.25
7,1,83,4.05514860153,4.75
7,1,84,3.98807120323,4.75
7,1,86,3.37531781197,3.25
7,1,88,4.20457839966,6.5
7,1,90,4.46416807175,4.0
7,1,92,3.86072945595,5.75
7,1,93,4.96322727203,4.25
7,1,94,4.19989442825,3.0
7,1,95,5.11380577087,4.75
7,1,96,4.65887594223,5.5
7,1,97,3.78307557106,5.5
7,1,98,4.57141113281,3.25
7,1,101,4.01930618286,4.0
7,1,102,4.20774841309,4.25
7,1,103,3.73262763023,3.25
7,1,104,2.58694553375,4.75
7,1,105,3.49193549156,4.75
7,1,106,4.71735477448,4.75
7,1,109,3.84586119652,4.25
7,2,1,4.18074083328,2.75
7,2,2,4.80518531799,5.75
7,2,3,4.48147344589,3.0
7,2,4,4.18212604523,3.25
7,2,5,5.17490005493,4.0
7,2,6,4.78563404083,5.0
7,2,7,3.82290196419,4.0
7,2,8,4.04619264603,4.0
7,2,9,4.28558349609,4.0
7,2,10,3.65970826149,2.75
7,2,11,4.42876577377,4.25
7,2,12,4.31167554855,4.75
7,2,13,4.71944046021,5.5
7,2,14,4.78225040436,5.0
7,2,16,3.81292438507,6.0
7,2,17,4.88109350204,3.5
7,2,18,4.07461261749,4.5
7,2,19,4.22980260849,5.5
7,2,20,3.78355526924,1.5
7,2,21,3.80240941048,3.0
7,2,22,4.8844628334,1.75
7,2,23,4.61618471146,3.75
7,2,24,3.05550527573,4.75
7,2,25,4.8380408287,4.25
7,2,26,4.88180875778,4.25
7,2,27,3.75837731361,5.75
7,2,28,4.4085726738,1.75
7,2,29,4.10122919083,3.0
7,2,30,4.5387377739,3.75
7,2,31,3.80216956139,4.5
7,2,32,3.73853874207,1.5
7,2,33,4.59841299057,4.25
7,2,34,3.87120723724,3.5
7,2,35,4.14996147156,2.5
7,2,36,4.87709712982,3.5
7,2,37,3.58358192444,5.25
7,2,38,3.84967303276,4.0
7,2,39,4.47809410095,5.25
7,2,40,3.60014247894,3.0
7,2,42,4.12985610962,2.75
7,2,43,3.65501284599,4.5
7,2,44,3.92728352547,2.5
7,2,45,3.50156903267,4.75
7,2,46,4.13521003723,4.0
7,2,47,3.81527066231,3.75
7,2,48,3.19843626022,4.0
7,2,49,3.5319879055,4.25
7,2,50,3.87176561356,4.75
7,2,51,4.10030937195,3.25
7,2,52,3.83627820015,5.0
7,2,53,4.08648681641,4.0
7,2,55,4.39950847626,4.75
7,2,56,3.77578854561,1.5
7,2,57,3.24886274338,4.0
7,2,58,2.88106393814,4.0
7,2,60,2.11280870438,5.5
7,2,61,3.85746836662,5.25
7,2,63,4.18028736115,3.25
7,2,64,2.78885555267,5.0
7,2,65,2.629155159,5.5
7,2,66,3.25332212448,6.5
7,2,68,4.29140901566,4.25
7,2,69,3.98499560356,3.25
7,2,70,3.50293374062,4.0
7,2,71,3.85403513908,4.25
7,2,72,3.12133550644,3.25
7,2,73,4.33274173737,2.5
7,2,74,3.97863006592,3.5
7,2,75,4.55993890762,4.5
7,2,76,3.53036236763,4.25
7,2,77,3.47574424744,5.0
7,2,78,4.81123352051,4.0
7,2,80,4.17777776718,3.25
7,2,82,3.98561906815,5.0
7,2,83,3.91937446594,3.75
7,2,84,3.02931690216,2.5
7,2,85,4.21557235718,2.5
7,2,86,2.44761323929,4.5
7,2,87,2.92901206017,5.0
7,2,88,3.33076238632,3.0
7,2,89,3.00246667862,4.0
7,2,90,4.15688228607,3.75
7,2,91,3.894739151,4.66667
7,2,92,3.41878581047,4.75
7,2,93,1.56220829487,3.25
7,2,94,4.06095552444,2.5
7,2,95,3.60578203201,3.5
7,2,96,3.41021513939,3.0
7,2,97,3.95602989197,3.75
7,2,98,3.5514497757,4.25
7,2,99,2.84597349167,1.75
7,2,100,3.84500551224,5.25
7,2,102,4.51524448395,4.25
7,2,103,3.68467450142,3.5
7,2,104,3.35941624641,3.0
7,2,105,4.31802177429,6.25
7,2,106,4.30297660828,4.5
7,2,107,2.66310453415,5.5
7,2,108,2.26931095123,5.25
8,1,9,1.58410978317,2.0
8,1,10,2.77843260765,1.75
8,1,16,3.57712578773,2.75
8,1,17,3.78637957573,3.25
8,1,18,2.47883749008,3.75
8,1,20,2.61332392693,2.5
8,1,21,2.5373442173,1.75
8,1,22,3.3577132225,3.5
8,1,27,1.97940957546,2.0
8,1,30,3.72382712364,2.5
8,1,54,-2.73935389519,3.0
8,1,58,2.14873766899,1.0
8,1,68,3.66715669632,1.5
8,1,73,0.142405733466,2.75
8,1,74,1.13890755177,2.5
8,1,75,0.154340147972,3.0
8,1,76,1.39824044704,1.0
8,1,77,1.99054694176,3.25
8,1,78,2.79942512512,2.75
8,1,79,0.457016855478,2.0
8,1,80,2.11808943748,1.75
8,1,81,2.25540494919,2.25
8,1,82,0.678612053394,1.75
8,1,85,1.88119256496,2.0
8,1,88,2.95143413544,2.25
8,1,89,3.55316853523,3.25
8,2,4,3.82534861565,3.75
8,2,5,3.61720395088,1.5
8,2,7,3.36645722389,4.25
8,2,8,-1.31846237183,2.0
8,2,9,3.70962691307,3.0
8,2,11,0.180079758167,2.25
8,2,15,3.50303292274,4.0
8,2,16,0.019279666245,3.5
8,2,18,0.774700164795,3.75
8,2,20,-0.883440732956,2.25
8,2,21,1.58959555626,2.25
8,2,22,0.449823766947,2.5
8,2,23,3.40601730347,3.0
8,2,24,-2.80789494514,4.0
8,2,27,1.25142800808,2.5
8,2,28,3.11470222473,4.75
8,2,29,2.00475096703,4.25
8,2,30,2.40760564804,2.75
8,2,31,2.67939352989,4.0
8,2,32,-0.433913141489,3.5
8,2,35,-1.04531216621,3.75
8,2,36,0.894732415676,2.25
8,2,37,2.15774655342,3.75
8,2,38,1.33887898922,2.0
8,2,39,-2.76500201225,2.0
8,2,40,-0.56694740057,4.0
8,2,41,-2.42858862877,3.5
8,2,42,3.10513854027,2.25
8,2,45,2.38796615601,4.0
8,2,48,3.77473521233,4.0
8,2,49,3.17133760452,3.0
8,2,50,1.75101387501,3.75
8,2,55,0.70457059145,4.75
8,2,57,3.65268731117,3.0
8,2,58,-2.08273172379,1.75
8,2,62,-1.57993757725,5.25
8,2,63,0.839956402779,3.25
8,2,67,3.25544881821,2.75
8,2,68,2.91819310188,3.5
8,2,69,2.60363388062,2.0
8,2,71,3.12897872925,3.5
8,2,72,2.880600214,3.75
9,1,2,1.44566988945,5.25
9,1,3,2.63816595078,4.75
9,1,4,2.0304608345,5.0
9,1,5,2.51683163643,5.75
9,1,6,1.34839189053,3.5
9,1,7,0.739112496376,4.25
9,1,8,2.1846268177,4.5
9,1,12,0.988975822926,4.75
9,1,16,2.99559378624,1.5
9,1,17,2.77749228477,4.25
9,1,18,2.44706821442,3.5
9,1,19,2.59229254723,3.25
9,1,20,3.58336353302,4.0
9,1,21,1.93127655983,4.5
9,1,22,2.26201081276,3.0
9,1,23,2.08320331573,4.5
9,1,24,1.50587892532,3.5
9,1,25,2.71517729759,3.5
9,1,26,1.76178240776,4.5
9,1,27,2.68259119987,3.75
9,1,28,2.108045578,2.75
9,1,29,2.44201278687,2.5
9,1,30,2.06397509575,3.0
9,1,31,1.60551798344,3.5
9,1,32,2.22277116776,2.75
9,1,33,2.39799547195,3.75
9,1,34,1.81924688816,3.25
9,1,35,2.2162938118,3.5
9,1,36,2.23257136345,3.5
9,1,37,2.14610242844,4.5
9,1,38,1.88247334957,3.5
9,1,39,1.69346702099,2.75
9,1,40,2.47793984413,2.25
9,1,41,1.51580262184,3.0
9,1,42,2.7300491333,4.0
9,1,50,1.39227020741,3.5
9,1,51,1.15017175674,3.5
9,1,52,2.91940617561,2.75
9,1,53,2.09075951576,3.0
9,1,54,0.66565912962,2.75
9,1,55,1.63251209259,3.5
9,1,56,1.8999876976,3.75
9,1,59,2.09979009628,2.75
9,1,60,3.45903611183,4.0
9,1,61,1.82713985443,3.5
9,1,63,3.64235806465,3.25
9,1,64,2.84863138199,4.25
9,1,65,2.60737800598,2.0
9,1,66,2.16593503952,4.75
9,1,67,0.507875084877,4.25
9,1,68,1.90276896954,3.5
9,1,69,0.75438028574,5.5
9,1,72,2.15324234962,3.75
9,1,73,2.36779665947,3.25
9,1,74,2.65185546875,3.0
9,1,75,2.44011569023,2.5
9,1,76,2.45763468742,4.0
9,1,77,2.26103448868,3.25
9,1,78,2.15995383263,3.5
9,1,79,2.31887149811,4.0
9,1,81,2.5382900238,2.25
9,1,82,2.41426634789,4.0
9,1,83,2.71742916107,4.25
9,1,84,1.65044283867,3.0
9,1,85,1.65438616276,4.75
9,1,86,2.23984217644,4.0
9,1,87,1.94424974918,3.25
9,1,88,2.09168028831,3.25
9,1,89,2.39565134048,2.75
9,1,90,1.71696376801,2.75
9,1,91,2.35720896721,3.75
9,1,92,1.88506686687,4.0
9,1,93,2.06483459473,3.25
9,1,94,2.98162317276,3.0
9,1,95,1.75169694424,4.25
9,1,96,2.0121781826,4.25
9,1,97,2.85162758827,3.5
9,1,98,1.31191134453,2.25
9,1,99,2.50162410736,3.0
9,1,100,2.28371858597,4.25
9,1,101,2.94056558609,2.25
9,1,102,1.97060203552,3.75
9,1,103,2.67646241188,2.25
9,1,104,2.22719550133,3.0
9,1,105,2.69890356064,3.75
9,1,106,2.20305633545,4.0
9,1,107,1.9057674408,4.25
9,1,110,1.51372539997,4.25
9,1,111,2.79114460945,4.0
9,2,2,2.45308065414,4.5
9,2,3,2.08157420158,5.25
9,2,4,1.74425899982,5.5
9,2,5,1.87203884125,5.75
9,2,6,2.9187939167,5.25
9,2,7,2.70897459984,4.5
9,2,8,2.27664899826,5.75
9,2,9,4.07811546326,4.75
9,2,10,2.94594764709,4.5
9,2,11,3.78579306602,5.5
9,2,12,2.04783153534,3.75
9,2,13,1.94323527813,2.75
9,2,16,2.66564869881,4.0
9,2,17,1.98775672913,4.25
9,2,18,1.78481459618,3.0
9,2,20,1.83962893486,3.75
9,2,21,2.94668602943,3.0
9,2,22,2.51917624474,2.75
9,2,23,2.45640707016,1.75
9,2,24,2.45424509048,5.75
9,2,25,2.74670481682,3.25
9,2,27,2.74876093864,2.75
9,2,30,1.86546576023,2.75
9,2,31,2.18849802017,2.25
9,2,32,2.20495891571,2.5
9,2,34,2.23523926735,4.75
9,2,36,2.21858978271,3.75
9,2,37,2.58862161636,2.0
9,2,38,3.05487704277,3.25
9,2,42,1.85646319389,3.0
9,2,45,2.77785539627,4.75
9,2,46,2.96459722519,4.0
9,2,50,2.59852671623,3.75
9,2,53,1.06067872047,4.0
9,2,62,2.29008674622,5.0
9,2,63,3.10740017891,4.5
9,2,64,2.71759486198,5.5
9,2,66,2.3897459507,4.25
9,2,67,2.46000170708,3.25
9,2,68,2.61338567734,3.25
9,2,69,2.85205149651,4.75
9,2,70,2.1407752037,5.25
9,2,71,2.31695556641,5.25
9,2,74,2.94781804085,3.75
9,2,75,2.63949251175,4.25
9,2,77,3.35050773621,5.5
9,2,78,2.02906870842,5.25
9,2,79,2.23669219017,4.75
9,2,81,2.1585958004,3.75
9,2,84,3.04306149483,4.75
9,2,85,1.49435043335,4.0
9,2,86,2.87337183952,3.25
9,2,87,2.79293203354,4.5
9,2,88,1.14562809467,2.75
9,2,89,1.80289173126,3.25
9,2,90,1.74852371216,4.25
9,2,91,2.84157943726,4.25
9,2,92,1.52205979824,5.0
9,2,95,1.66098678112,3.0
9,2,96,2.04953598976,4.5
9,2,98,3.0697324276,5.75
9,2,100,2.04872226715,3.0
9,2,103,3.03055810928,3.25
9,2,104,3.23806118965,4.5
9,2,105,1.88235878944,3.75
9,2,107,2.12689995766,4.25
9,2,108,2.67981815338,2.25
10,1,4,5.58246231079,5.5
10,1,5,5.52476358414,5.0
10,1,6,5.58593654633,5.0
10,1,7,5.65973615646,5.5
10,1,8,5.62774324417,6.25
10,1,9,5.66995429993,5.5
10,1,10,5.7092089653,5.0
10,1,11,5.45761394501,4.0
10,1,12,4.98425102234,4.5
10,1,13,4.84938764572,4.25
10,1,14,5.7062125206,3.75
10,1,20,5.06836509705,5.0
10,1,21,4.77456569672,5.25
10,1,22,4.86305236816,4.5
10,1,24,2.90943145752,4.75
10,1,25,4.08873748779,4.5
10,1,26,3.77642893791,2.25
10,1,27,3.55662870407,4.25
10,1,28,3.75935769081,4.75
10,1,29,4.89799928665,4.75
10,1,30,4.34269237518,5.5
10,1,31,4.1595454216,4.75
10,1,32,3.3849811554,3.75
10,1,33,4.41466808319,4.5
10,1,36,3.90557479858,4.75
10,1,39,2.6128847599,4.0
10,1,42,3.48456048965,5.25
10,1,43,4.40476608276,4.5
10,1,44,4.24491405487,4.5
10,1,45,3.25285696983,3.25
10,1,46,4.80608034134,5.0
10,1,47,3.76421093941,5.25
10,1,48,4.63485813141,5.0
10,1,49,3.0292069912,4.0
10,1,50,2.91483402252,5.25
10,1,51,3.57647585869,5.5
10,1,52,3.2633471489,5.0
10,1,53,4.6088809967,5.25
10,1,55,2.83944964409,5.25
10,1,56,3.38794708252,4.5
10,1,57,3.65251970291,1.5
10,1,61,5.63968229294,5.0
10,1,62,5.74045419693,3.75
10,1,63,5.42930269241,4.25
10,1,64,5.22082471848,5.0
10,1,65,5.5385260582,5.75
10,1,66,5.41803741455,6.0
10,1,67,5.4195561409,5.25
10,1,68,5.36914396286,3.75
10,1,69,5.77540874481,4.5
10,1,72,5.23673820496,3.0
10,1,73,3.89632749557,4.25
10,1,74,3.60739850998,4.75
10,1,75,4.09365272522,4.5
10,1,76,3.9720492363,4.75
10,1,77,4.56774330139,4.5
10,1,78,4.68611288071,5.5
10,1,79,4.16353225708,4.5
10,1,80,4.94093799591,5.0
10,1,81,3.75808620453,4.25
10,1,82,3.64023303986,4.5
10,1,83,3.69155526161,3.0
10,1,84,3.52659535408,2.75
10,1,85,3.17237210274,4.75
10,1,86,3.50872612,4.0
10,1,87,3.90492296219,4.75
10,1,88,5.29172277451,5.5
10,1,89,5.11430549622,5.25
10,1,90,3.89961600304,3.75
10,1,91,3.54375839233,4.5
10,1,92,3.57584238052,5.0
10,1,93,3.81150102615,4.0
10,1,94,3.34279179573,5.0
10,1,95,3.36731266975,4.75
10,1,96,4.50755310059,4.5
10,1,97,3.42275595665,3.75
10,1,98,3.29202580452,4.5
10,1,99,4.64007091522,5.25
10,1,100,3.81858277321,4.0
10,1,101,4.45884037018,5.5
10,1,102,3.42428898811,5.0
10,1,103,3.48020625114,3.75
10,1,104,4.90764808655,4.5
10,1,105,2.92934298515,4.0
10,1,106,2.53070902824,2.0
10,1,107,3.12259411812,5.0
10,1,108,5.45214891434,3.75
10,2,3,5.71553611755,6.25
10,2,4,5.80680322647,5.5
10,2,5,5.71822595596,5.25
10,2,6,5.90678262711,5.25
10,2,7,5.78367328644,5.75
10,2,8,5.32823801041,3.25
10,2,9,5.39104747772,5.25
10,2,10,5.55413866043,4.5
10,2,11,5.70116615295,4.25
10,2,12,5.70717048645,5.25
10,2,13,5.401866436,5.25
10,2,14,5.70654201508,5.75
10,2,15,4.21815395355,4.5
10,2,19,4.0927734375,2.75
10,2,20,4.83730077744,5.5
10,2,21,4.57733535767,5.5
10,2,22,3.70229148865,5.0
10,2,23,3.97203493118,3.5
10,2,26,3.41678619385,4.5
10,2,28,3.522793293,5.0
10,2,29,4.51247024536,5.75
10,2,30,3.91276407242,4.75
10,2,33,2.97750306129,3.75
10,2,36,4.01106119156,5.0
10,2,37,4.48992776871,4.75
10,2,38,5.02069664001,5.25
10,2,39,4.86618089676,5.25
10,2,41,4.98123168945,5.5
10,2,42,4.1046257019,5.75
10,2,43,3.69062423706,5.25
10,2,47,5.73588848114,5.5
10,2,51,5.66636562347,5.5
10,2,52,5.65847301483,6.75
10,2,53,5.69769001007,5.5
10,2,54,5.62231969833,3.75
10,2,55,5.35302448273,5.25
10,2,56,5.83592367172,5.5
10,2,58,5.32233095169,5.0
10,2,65,4.37959194183,3.0
10,2,66,4.45423650742,4.33333
10,2,67,5.13327169418,4.75
10,2,68,5.22911596298,5.25
10,2,69,5.15687894821,4.66667
10,2,70,4.20894956589,4.0
10,2,71,5.26618719101,6.25
10,2,72,3.75655579567,5.5
10,2,73,4.18370294571,4.75
10,2,74,4.9797205925,4.5
10,2,75,3.96190285683,4.5
10,2,76,4.15402984619,3.5
10,2,77,5.12415742874,5.25
10,2,78,4.63593435287,5.5
10,2,79,3.0411427021,4.5
10,2,80,4.7258849144,5.25
10,2,81,4.75304174423,5.25
10,2,82,5.12410640717,4.25
10,2,83,4.57242059708,4.0
10,2,84,4.31344270706,5.25
10,2,85,4.27162408829,4.5
10,2,86,4.37536001205,5.5
10,2,87,4.77866983414,5.5
10,2,88,3.60905003548,4.0
10,2,89,3.66264748573,4.25
10,2,90,4.88515090942,4.25
11,1,4,5.527967453,5.75
11,1,5,4.95172023773,4.5
11,1,6,4.63791799545,5.0
11,1,7,4.88875961304,4.25
11,1,8,4.97926139832,4.25
11,1,9,4.94362258911,4.0
11,1,10,5.32173013687,4.66667
11,1,11,5.28587245941,4.5
11,1,12,5.11441469193,5.5
11,1,13,5.55125427246,5.25
11,1,14,5.01565170288,4.25
11,1,15,4.39834165573,3.5
11,1,19,4.22013282776,6.25
11,1,20,4.04746770859,5.5
11,1,21,3.94798707962,4.25
11,1,22,3.89790534973,6.25
11,1,23,3.74453735352,5.75
11,1,24,3.56377387047,3.25
11,1,25,4.34725570679,5.0
11,1,26,4.01472997665,4.0
11,1,27,4.07662200928,4.5
11,1,28,3.87305378914,4.5
11,1,29,3.77563929558,5.5
11,1,30,3.93732380867,4.25
11,1,31,3.65929794312,5.5
11,1,32,4.17182302475,4.25
11,1,33,4.09112739563,5.0
11,1,34,3.99383878708,4.5
11,1,35,3.88131713867,4.5
11,1,36,3.35576200485,5.0
11,1,37,3.79309463501,3.75
11,1,38,4.03486871719,4.5
11,1,39,4.47023820877,5.0
11,1,48,2.20821642876,2.25
11,1,50,4.69521713257,3.0
11,1,51,4.78118371964,4.75
11,1,57,2.77655410767,2.5
11,1,62,3.59865307808,5.0
11,1,63,3.78638362885,6.25
11,1,64,3.12210059166,5.0
11,1,66,3.76033759117,3.25
11,1,68,4.12145328522,4.25
11,1,69,2.69674110413,4.0
11,1,70,3.67695975304,5.0
11,1,73,4.08885812759,5.25
11,1,75,3.07604718208,3.5
11,1,76,3.13573789597,4.0
11,1,77,4.08654165268,6.0
11,1,78,3.14403796196,5.0
11,1,79,2.78415632248,4.5
11,1,80,2.12171196938,6.0
11,1,81,3.93792557716,4.5
11,1,82,3.11961364746,4.5
11,1,83,2.35952782631,3.5
11,1,84,2.86775302887,3.5
11,1,87,4.13650465012,2.75
11,1,88,3.37507653236,3.75
11,1,90,3.48460245132,4.25
11,1,91,4.24943590164,5.5
11,1,93,3.09122681618,4.25
11,1,94,3.81603360176,5.75
11,1,95,3.25191569328,4.25
11,1,96,2.9808511734,4.75
11,1,97,2.77260494232,3.75
11,1,98,3.48445796967,4.5
11,1,99,2.67809891701,5.0
11,2,3,3.57056927681,4.0
11,2,4,3.53427362442,2.25
11,2,5,4.06796741486,5.5
11,2,6,2.79541277885,0.75
11,2,7,2.45746254921,5.0
11,2,8,4.13021326065,3.5
11,2,9,3.57749938965,4.75
11,2,10,3.88783097267,2.25
11,2,12,2.43508481979,3.75
11,2,17,2.17942547798,4.0
11,2,18,3.38226270676,5.25
11,2,19,3.09920883179,4.75
11,2,20,3.32674527168,6.25
11,2,21,3.31092524529,3.75
11,2,22,3.44635915756,5.75
11,2,23,2.99846172333,5.0
11,2,24,2.7349255085,5.0
11,2,25,3.28315401077,3.5
11,2,26,3.61970448494,5.5
11,2,27,3.40732526779,4.5
11,2,28,2.33078408241,4.75
11,2,29,1.92824459076,4.0
11,2,30,3.39319324493,5.0
11,2,31,3.95365643501,5.25
11,2,32,3.37032032013,4.25
11,2,33,4.19404363632,6.5
11,2,34,3.54480791092,3.75
11,2,35,3.49629163742,4.25
11,2,36,3.42782068253,5.0
11,2,37,4.00871944427,4.25
11,2,38,2.98635625839,4.5
11,2,39,3.91507267952,4.25
11,2,40,4.48599624634,4.75
11,2,41,2.82732081413,4.75
11,2,42,3.55939507484,5.25
11,2,43,4.28151988983,5.5
11,2,44,3.56632089615,4.25
11,2,45,3.47133231163,4.25
11,2,46,3.64369726181,4.0
11,2,47,3.61771821976,6.5
11,2,48,3.94513940811,2.75
11,2,49,3.57406687737,4.25
11,2,50,3.13731026649,4.5
11,2,51,4.1040763855,5.0
11,2,52,4.12816953659,4.5
11,2,53,3.70441603661,3.75
11,2,54,3.42709159851,4.5
11,2,55,3.85366988182,4.75
11,2,56,3.46510267258,2.5
11,2,60,2.91481208801,3.25
11,2,61,3.38408946991,1.75
11,2,62,2.45078158379,2.75
11,2,63,4.03829097748,4.25
11,2,64,4.38990688324,2.5
11,2,65,4.23655080795,1.75
11,2,66,4.0433807373,4.75
11,2,67,3.93817949295,4.0
11,2,68,4.25165605545,3.25
11,2,69,3.84825015068,4.25
11,2,72,3.31349611282,4.25
11,2,73,3.27241539955,4.25
11,2,74,2.8678445816,2.5
11,2,75,2.87113237381,5.5
11,2,76,3.1483438015,4.5
11,2,77,3.5420024395,5.5
11,2,78,2.84733867645,4.25
11,2,79,3.10048389435,3.75
11,2,80,2.77420926094,3.0
11,2,81,3.20734500885,4.75
11,2,82,3.1299507618,4.0
11,2,83,4.05243110657,4.75
11,2,84,3.2692899704,5.0
11,2,85,3.52142071724,5.75
11,2,86,2.7888841629,4.25
11,2,87,2.56165552139,5.0
11,2,88,3.01609873772,4.75
11,2,89,1.94524407387,3.25
11,2,90,2.99540305138,4.5
11,2,91,1.44836032391,5.5
11,2,92,3.60263895988,5.0
11,2,93,4.04253339767,4.25
11,2,94,2.20670700073,4.0
11,2,95,3.46287345886,5.0
11,2,96,2.86255073547,3.75
11,2,97,3.23319029808,5.0
11,2,98,3.37595129013,5.5
11,2,99,1.81181049347,4.5
11,2,100,1.38875997066,4.75
11,2,101,3.36072230339,3.75
11,2,102,3.14178919792,5.25
11,2,103,2.64535260201,6.0
11,2,104,3.48181533813,4.5
11,2,105,2.8727107048,3.0
11,2,106,3.60070443153,4.75
11,2,109,4.46560668945,4.75
12,1,2,5.02167320251,6.5
12,1,3,5.14045000076,6.0
12,1,5,4.90691137314,6.0
12,1,6,5.11991643906,5.0
12,1,7,5.02403879166,6.25
12,1,8,5.14542007446,5.25
12,1,9,5.19671869278,4.75
12,1,10,5.0822467804,5.25
12,1,11,5.1225104332,5.0
12,1,12,4.87250852585,5.75
12,1,69,4.7398648262,4.0
12,2,4,5.07908582687,5.25
12,2,5,4.9498052597,5.0
16,2,5,4.99669265747,4.0
16,2,6,4.95970773697,4.5
16,2,7,3.71103930473,5.0
16,2,8,5.10099077225,3.25
16,2,9,5.092710495,3.5
16,2,10,4.884745121,5.5
16,2,11,3.51902508736,4.5
16,2,12,4.10587787628,5.5
16,2,13,4.16136026382,4.5
16,2,14,4.73771333694,4.0
16,2,15,4.15125608444,4.25
16,2,21,5.35838890076,3.75
16,2,22,4.48933410645,1.75
16,2,23,4.34476470947,2.5
16,2,24,4.94981098175,3.5
16,2,25,3.64923095703,3.0
16,2,26,3.57395744324,3.25
16,2,27,3.73623013496,4.25
16,2,28,4.28249120712,3.25
16,2,29,4.70440340042,2.0
16,2,30,4.28394556046,3.0
16,2,31,4.66770839691,2.0
16,2,32,4.47145175934,2.75
16,2,33,3.58848595619,1.5
16,2,34,3.5167901516,2.25
16,2,35,3.51055431366,2.5
16,2,36,4.30775260925,3.75
16,2,37,4.76141452789,4.5
16,2,38,4.12364673615,4.0
16,2,39,4.90273284912,2.25
16,2,40,4.21407365799,2.0
16,2,41,4.07190656662,1.75
16,2,42,4.55279445648,2.5
16,2,43,4.45330095291,2.25
16,2,44,3.36583089828,2.75
16,2,45,4.24176740646,3.0
16,2,46,4.65201473236,2.5
16,2,47,3.85515999794,1.75
16,2,48,1.5035443306,3.25
16,2,49,4.43715000153,2.75
16,2,50,4.16015100479,2.25
16,2,51,4.32509708405,3.5
16,2,52,3.34574961662,2.25
16,2,53,5.32333993912,4.0
16,2,54,3.02825689316,1.25
16,2,55,4.62248086929,4.0
16,2,56,5.14965581894,4.75
16,2,57,4.70537424088,3.0
16,2,58,4.54646158218,2.25
16,2,60,3.87953519821,3.0
16,2,61,5.05105876923,2.5
16,2,65,4.36461114883,5.0
16,2,66,5.01359128952,5.75
16,2,67,4.41119718552,3.5
16,2,68,4.61003017426,1.25
16,2,69,4.474401474,1.75
16,2,70,4.0904340744,1.75
16,2,71,5.14257335663,4.0
16,2,72,4.41936349869,2.25
16,2,73,4.77616596222,4.0
16,2,76,4.28154563904,3.0
16,2,77,4.88708639145,5.5
16,2,78,5.07008981705,4.25
16,2,79,5.11269044876,5.0
16,2,80,4.80841159821,4.0
16,2,81,4.1838517189,2.5
16,2,82,5.37550830841,2.25
16,2,83,4.85952043533,4.5
16,2,84,4.60869503021,3.75
16,2,85,4.7555809021,3.5
16,2,86,4.16049957275,4.5
16,2,87,3.91846895218,3.5
16,2,88,4.52130079269,3.75
16,2,89,3.88193893433,1.75
16,2,90,4.33967542648,1.75
16,2,91,5.1176071167,3.25
16,2,92,4.96116256714,2.5
16,2,93,4.7905755043,4.0
16,2,94,4.52766561508,4.0
16,2,95,4.11099290848,3.5
16,2,96,4.72951507568,3.5
16,2,97,4.72197818756,2.75
16,2,98,3.42266178131,4.5
16,2,99,4.2005405426,3.25
16,2,100,4.28395986557,3.25
16,2,101,4.05031728745,5.0
16,2,102,4.17120027542,1.75
16,2,103,4.0575709343,3.25
16,2,104,5.05888366699,1.75
16,2,105,4.68878364563,3.75
16,2,106,4.72692108154,2.75
16,2,107,4.46482896805,3.25
16,2,108,3.97194504738,2.75
16,2,109,4.79911184311,4.5
16,2,110,3.66834974289,2.25
16,2,111,4.8208026886,3.5
16,2,112,4.76294612885,1.5
16,2,113,4.66666936874,2.5
16,2,114,4.32156562805,3.5
16,2,115,4.6587767601,2.75
17,1,4,2.42574667931,2.75
17,1,5,2.06914806366,2.75
17,1,6,2.05094861984,2.75
17,1,7,2.30859088898,2.75
17,1,8,1.96811568737,2.75
17,1,9,2.09880685806,1.5
17,1,10,2.14653110504,1.5
17,1,12,3.26648640633,2.25
17,1,17,1.54089641571,3.0
17,1,18,2.0330889225,2.75
17,1,19,1.93312215805,4.0
17,1,20,2.24783468246,3.5
17,1,21,1.78732299805,2.5
17,1,22,2.19456124306,3.0
17,1,23,2.11819839478,2.5
17,1,24,2.24919748306,3.25
17,1,25,2.17722272873,3.75
17,1,26,1.72168016434,3.0
17,1,27,2.04417204857,4.5
17,1,29,1.97090911865,4.0
17,1,30,2.16507005692,5.25
17,1,31,1.98559653759,4.0
17,1,32,1.47203528881,4.5
17,1,33,1.53196513653,3.75
17,1,34,1.42790067196,3.25
17,1,35,1.56381094456,2.5
17,1,36,1.63543081284,2.75
17,1,37,2.50599813461,2.5
17,1,38,1.96729874611,2.25
17,1,39,1.87821996212,4.5
17,1,40,1.9041929245,3.0
17,1,41,1.85414743423,3.25
17,1,42,1.74977982044,3.75
17,1,43,2.28120064735,4.25
17,1,44,1.84390258789,3.5
17,1,45,1.67966413498,3.0
17,1,46,1.93657910824,4.0
17,1,51,1.61704742908,3.0
17,1,52,2.38269543648,2.75
17,1,53,2.47336339951,2.75
17,1,54,1.84581542015,3.25
17,1,55,2.07053852081,2.5
17,1,56,1.37345314026,3.25
17,1,59,3.21482038498,2.5
17,1,60,2.96068620682,3.0
17,1,61,1.63796472549,2.25
17,1,62,1.45728373528,1.75
17,1,63,1.00531494617,1.75
17,1,64,1.87354707718,1.0
17,1,65,0.792623341084,1.25
17,1,67,2.72944951057,3.0
17,1,68,2.26670002937,3.75
17,1,69,1.79145491123,2.5
17,1,72,3.02260875702,5.25
17,1,73,2.13131356239,4.25
17,1,74,1.9553745985,3.25
17,1,75,2.10993552208,1.75
17,1,76,2.03970241547,4.5
17,1,77,2.28288269043,3.5
17,1,78,1.97014939785,4.25
17,1,79,2.40138554573,3.25
17,1,80,2.14436841011,4.25
17,1,81,2.06283688545,4.5
17,1,82,2.05780720711,5.0
17,1,83,2.70484781265,3.5
17,1,84,1.78860366344,4.25
17,1,85,1.93870699406,4.75
17,1,86,2.32985591888,4.0
17,1,87,2.140832901,2.5
17,1,88,2.49890708923,4.25
17,1,89,1.95257055759,3.25
17,1,90,2.56607079506,5.5
17,1,91,2.106954813,3.5
17,1,92,2.34042143822,5.25
17,1,93,2.08933353424,3.5
17,1,94,1.99778902531,3.5
17,1,95,2.62010502815,5.25
17,1,96,1.64807772636,1.5
17,1,97,2.00203824043,2.5
17,1,98,2.96036887169,3.5
17,1,99,2.24054980278,3.5
17,1,100,2.03572130203,2.75
17,1,101,1.84761226177,3.0
17,1,102,2.22200679779,3.75
17,1,104,2.35886502266,3.25
17,1,105,2.04027819633,3.75
17,1,106,2.25521302223,2.75
17,1,107,2.55726289749,3.25
17,1,108,2.63395929337,2.5
18,1,2,2.49275827408,4.25
18,1,3,3.05807638168,2.25
18,1,4,2.81557750702,3.0
18,1,5,2.07553100586,1.5
18,1,6,2.87516927719,3.5
18,1,7,2.1003010273,2.5
18,1,8,1.85912024975,2.25
18,1,9,2.52921795845,2.0
18,1,10,2.98300266266,1.75
18,1,11,3.58504271507,5.75
18,1,12,3.72076392174,6.0
18,1,16,1.96290254593,2.33333
18,1,17,1.48820412159,3.0
18,1,18,1.64847803116,2.75
18,1,19,1.65393018723,2.75
18,1,20,2.40469193459,2.75
18,1,21,2.31578826904,2.5
18,1,28,3.07220292091,3.25
18,1,29,2.48841977119,3.75
18,1,30,2.2306034565,2.75
18,1,31,1.93521618843,3.75
18,1,32,1.93935441971,1.25
18,1,33,1.86032295227,1.0
18,1,34,2.07976722717,2.25
18,1,35,2.08373117447,2.25
18,1,36,2.34299135208,2.25
18,1,37,2.25142884254,2.75
18,1,38,1.67973804474,3.5
18,1,39,1.55878818035,4.0
18,1,40,2.02440166473,4.0
18,1,41,2.20226740837,4.0
18,1,42,1.84291851521,2.5
18,1,43,1.65015256405,4.25
18,1,44,1.25782179832,2.5
18,1,45,1.96937203407,4.75
18,1,46,1.5806375742,2.25
18,1,47,1.60349786282,1.75
18,1,48,1.60419678688,1.75
18,1,49,1.59693002701,1.5
18,1,50,1.59547615051,2.25
18,1,51,1.74408519268,1.25
18,1,53,2.35157108307,3.25
18,1,54,2.1463329792,1.25
18,1,55,1.72753632069,1.75
18,1,56,1.48998177052,3.25
18,1,59,1.6395355463,1.66667
18,1,60,2.52891802788,1.0
18,1,61,1.37232995033,3.25
18,1,62,1.80227005482,1.5
18,1,64,2.49872922897,2.25
18,1,65,1.6173081398,1.0
18,1,66,1.28786230087,1.75
18,1,67,1.19956743717,1.0
18,1,68,1.81470179558,2.5
18,1,74,2.07876896858,1.5
18,1,75,2.05743718147,1.0
18,1,76,1.90164196491,2.0
18,1,77,1.95661437511,1.0
18,1,78,1.49873387814,2.0
18,1,79,1.54729473591,2.25
18,1,80,1.82129061222,3.5
18,1,81,1.65382266045,3.75
18,1,82,1.50266063213,3.25
18,1,84,2.39070820808,4.5
18,1,85,1.99544513226,4.0
18,1,90,1.49894022942,2.5
18,1,91,2.59998226166,2.5
18,1,92,1.82342672348,2.25
18,1,93,1.5693397522,2.0
18,1,94,1.75241839886,2.5
18,1,95,2.30201721191,4.25
18,1,96,2.52307868004,2.5
18,1,97,1.79075360298,3.25
18,1,98,1.55473256111,2.25
18,1,99,1.70609629154,2.5
18,1,100,1.39414930344,3.75
18,1,101,2.07757544518,2.25
18,1,102,2.16128253937,2.25
18,1,103,1.63146531582,2.0
18,1,104,1.4459117651,3.25
18,1,105,1.69906139374,1.75
18,1,109,2.54808354378,3.0
18,1,111,2.46874833107,2.75
