3,1,1,6.76502084732,3.875
3,1,1,5.97913312912,3.875
3,1,2,1.05617380142,4.5
3,1,2,6.96288537979,4.5
3,1,3,4.13403177261,3.0
3,1,3,6.8431687355,3.0
3,1,4,-1.48392546177,3.25
3,1,4,7.06840991974,3.25
3,1,5,-2.17898225784,6.0
3,1,5,4.70309114456,6.0
3,1,6,-2.08834433556,4.5
3,1,6,4.50794172287,4.5
3,1,7,-0.576013028622,4.75
3,1,7,4.67215108871,4.75
3,1,8,-0.821914196014,3.5
3,1,8,6.0701546669,3.5
3,1,10,-0.52145755291,2.875
3,1,10,6.99472045898,2.875
3,1,14,0.429199129343,3.75
3,1,14,9.32681655884,3.75
3,1,15,-0.419599354267,5.0
3,1,15,7.03089284897,5.0
3,1,16,-1.49263441563,4.75
3,1,16,7.78317260742,4.75
3,1,17,-1.38472509384,5.0
3,1,17,4.88641643524,5.0
3,1,18,-2.07751441002,3.75
3,1,18,2.21648359299,3.75
3,1,20,-2.12027716637,2.5
3,1,20,4.6621131897,2.5
3,1,21,-1.44429957867,4.5
3,1,21,5.57198667526,4.5
3,1,22,1.04173779488,4.83333
3,1,22,4.98255109787,4.83333
3,1,24,1.58048379421,4.5
3,1,24,2.13044404984,4.5
3,1,25,-0.696481883526,5.5
3,1,25,7.76872491837,5.5
3,1,26,-0.928222954273,4.0
3,1,26,7.46587514877,4.0
3,1,27,-0.538259267807,5.25
3,1,27,8.04733753204,5.25
3,1,28,-1.98195171356,4.75
3,1,28,6.25337934494,4.75
3,1,29,1.6619809866,1.25
3,1,29,7.9520111084,1.25
3,1,30,-2.74598431587,4.5
3,1,30,8.40206432343,4.5
3,1,33,-2.2062458992,3.0
3,1,33,6.36658191681,3.0
3,1,34,-1.85697710514,4.125
3,1,34,4.00963068008,4.125
3,1,35,-1.30855000019,4.375
3,1,35,4.00811195374,4.375
3,1,40,-0.74558365345,5.0
3,1,40,7.64530134201,5.0
3,1,43,-2.22097253799,4.0
3,1,43,6.54649591446,4.0
3,1,44,-1.82964217663,3.0
3,1,44,8.70008087158,3.0
3,1,45,-1.7619587183,4.25
3,1,45,9.37956905365,4.25
3,1,46,-2.35964584351,5.0
3,1,46,9.3025894165,5.0
3,1,47,-1.82110023499,4.25
3,1,47,8.84312725067,4.25
3,1,48,-1.6273983717,2.5
3,1,48,7.07582235336,2.5
3,1,49,-1.79723548889,5.0
3,1,49,8.42669677734,5.0
3,1,50,-1.85607898235,4.66667
3,1,50,9.27718639374,4.66667
3,1,51,-2.29391860962,4.5
3,1,51,8.46685314178,4.5
3,1,52,-1.65882956982,3.5
3,1,52,9.35629940033,3.5
3,1,55,2.48090910912,3.25
3,1,55,7.43198013306,3.25
3,1,56,-1.09381139278,4.0
3,1,56,8.45269775391,4.0
3,1,57,-1.79220485687,4.875
3,1,57,8.4741268158,4.875
3,1,58,2.40096306801,4.5
3,1,58,9.21898078918,4.5
3,1,59,-0.90471881628,5.5
3,1,59,9.80965709686,5.5
3,1,60,-2.10256552696,5.5
3,1,60,9.87493133545,5.5
3,1,61,-0.501505792141,5.5
3,1,61,9.86538314819,5.5
3,1,62,0.0326559022069,4.375
3,1,62,9.07946681976,4.375
3,1,63,-1.28560316563,4.75
3,1,63,9.10787296295,4.75
3,1,64,-1.86342608929,5.75
3,1,64,9.64612007141,5.75
3,1,65,-1.29486870766,6.25
3,1,65,8.97054767609,6.25
3,1,66,3.16035437584,3.0
3,1,66,8.32671165466,3.0
3,1,70,-1.9167560339,2.75
3,1,70,8.99523067474,2.75
3,1,71,-1.29210937023,2.0
3,1,71,8.55771636963,2.0
3,1,73,-1.26256036758,3.0
3,1,73,6.4913020134,3.0
3,1,74,-1.12079656124,4.0
3,1,74,1.51818835735,4.0
3,1,75,-1.225227952,4.0
3,1,75,5.2471704483,4.0
3,1,78,-1.44014930725,5.25
3,1,78,5.0296831131,5.25
3,1,79,2.16775727272,5.25
3,1,79,8.79674816132,5.25
3,1,80,0.222587421536,2.75
3,1,80,8.6321105957,2.75
3,1,81,-1.66786503792,2.75
3,1,81,8.32772445679,2.75
3,1,82,-1.67722761631,3.0
3,1,82,10.0064659119,3.0
3,1,83,-2.1158926487,4.5
3,1,83,8.89712238312,4.5
3,1,84,-2.34048008919,3.75
3,1,84,8.05797672272,3.75
3,1,85,-2.09866452217,2.0
3,1,85,8.42844676971,2.0
3,1,86,-1.91631472111,4.25
3,1,86,8.90989303589,4.25
3,1,87,0.878246724606,4.25
3,1,87,7.93137073517,4.25
3,1,88,-1.30919826031,4.0
3,1,88,7.54986524582,4.0
3,1,89,2.41883063316,4.25
3,1,89,6.92544317245,4.25
3,1,90,-0.834186553955,3.75
3,1,90,8.5185251236,3.75
3,1,91,-2.24526190758,4.0
3,1,91,8.07470607758,4.0
3,1,92,-2.36321616173,3.5
3,1,92,1.5830848217,3.5
3,1,93,-1.69017350674,3.25
3,1,93,4.51457452774,3.25
3,1,94,-1.95642697811,3.25
3,1,94,6.8785738945,3.25
3,1,95,-1.97800850868,3.75
3,1,95,7.52418661118,3.75
3,1,96,-1.54690206051,3.875
3,1,96,6.24325799942,3.875
3,1,97,-2.06941556931,1.25
3,1,97,7.38359212875,1.25
3,1,98,-1.90484070778,1.75
3,1,98,7.47668409348,1.75
3,1,99,-1.69233059883,1.5
3,1,99,7.92764997482,1.5
3,1,100,-1.64289093018,2.375
3,1,100,4.39365959167,2.375
3,1,101,-1.32433199883,4.375
3,1,101,4.43084478378,4.375
3,1,102,-0.926793575287,5.25
3,1,102,-0.117629885674,5.25
3,1,103,-1.96105539799,1.5
3,1,103,7.77982330322,1.5
3,1,104,-2.0497572422,3.5
3,1,104,2.6641728878,3.5
3,1,105,-1.84361100197,1.25
3,1,105,-0.116848640144,1.25
3,1,106,-1.61320269108,2.75
3,1,106,7.02190160751,1.875
3,2,2,7.950278759,1.875
3,2,2,10.2208518982,3.25
3,2,5,8.39960765839,3.25
3,2,5,9.99820232391,5.25
3,2,6,8.55592346191,5.25
3,2,6,10.3343572617,6.0
3,2,7,9.38426971436,6.0
3,2,7,10.4303569794,6.0
3,2,8,9.07729911804,6.0
3,2,8,10.1890010834,4.5
3,2,9,7.44116067886,4.5
3,2,9,10.2031030655,4.0
3,2,10,7.47434711456,4.0
3,2,10,10.168797493,4.125
3,2,11,7.19490432739,4.125
3,2,11,10.2364873886,5.25
3,2,12,7.69755506516,5.25
3,2,12,10.1318302155,5.0
3,2,13,7.90220594406,5.0
3,2,13,10.2352771759,3.75
3,2,14,6.3552737236,3.75
3,2,14,7.75660037994,2.5
3,2,26,3.60291171074,2.5
3,2,26,8.27293968201,4.0
3,2,27,2.46835374832,4.0
3,2,27,8.9157705307,4.0
3,2,28,0.0286382567137,4.0
3,2,28,9.08882522583,4.0
3,2,29,0.203362181783,4.0
3,2,29,9.00954723358,3.625
3,2,30,1.74314236641,3.625
3,2,30,8.68737792969,3.25
3,2,31,1.65828669071,3.25
3,2,31,9.34867954254,3.25
3,2,32,1.96468293667,3.25
3,2,32,8.65330791473,3.5
3,2,34,-0.716755390167,3.5
3,2,34,9.48409843445,3.875
3,2,35,-1.40945458412,3.875
3,2,35,4.97698736191,2.75
3,2,36,-1.34141075611,2.75
3,2,36,6.0853729248,2.25
3,2,37,5.65722370148,2.25
3,2,37,8.56521320343,3.25
3,2,38,-0.208171635866,3.25
3,2,38,8.30627632141,4.25
3,2,39,-0.337566643953,4.25
3,2,39,8.43423938751,2.75
3,2,40,3.30513954163,2.75
3,2,40,9.18976402283,3.5
3,2,41,-2.22845005989,3.5
3,2,41,7.73432922363,2.5
3,2,42,-0.63878172636,2.5
3,2,42,4.49734210968,4.0
3,2,43,1.5601016283,4.0
3,2,43,7.93193435669,5.0
3,2,44,4.62237453461,5.0
3,2,44,0.121889650822,3.25
3,2,45,-1.24359548092,3.25
3,2,45,2.3229393959,4.5
3,2,46,-1.33885633945,4.5
3,2,46,0.675343513489,3.875
3,2,47,-1.14949119091,3.875
3,2,47,6.23514509201,4.25
3,2,48,-1.14469265938,4.25
3,2,48,6.46075201035,3.75
3,2,50,-1.42934393883,3.75
3,2,50,8.65182781219,4.0
3,2,51,2.51213335991,4.0
3,2,51,8.7930021286,1.5
3,2,52,-1.36368787289,1.5
3,2,52,8.86044979095,4.5
3,2,53,-2.16713500023,4.5
3,2,53,9.05790901184,3.33333
3,2,55,0.917810857296,3.33333
3,2,55,9.00259590149,4.25
3,2,56,-1.47636520863,4.25
3,2,56,3.99715852737,2.25
3,2,59,6.82216787338,2.25
3,2,59,8.47814559937,3.75
3,2,60,7.75138044357,3.75
3,2,60,6.65110874176,4.375
3,2,61,4.32768917084,4.375
3,2,61,9.10217475891,5.25
3,2,62,4.55955028534,5.25
3,2,62,5.98729801178,1.25
3,2,63,4.02343893051,1.25
3,2,63,7.04313278198,2.375
3,2,64,3.1196000576,2.375
3,2,64,9.47126579285,3.75
3,2,66,2.56832742691,3.75
3,2,66,8.78267288208,5.25
3,2,67,1.59062695503,5.25
3,2,67,8.8810710907,5.5
3,2,68,3.48579192162,5.5
3,2,68,7.38388395309,1.25
3,2,69,3.27124404907,1.25
3,2,69,7.16984033585,3.66667
3,2,70,2.71087002754,3.66667
3,2,70,8.26673221588,2.375
3,2,71,2.09274220467,2.375
3,2,71,7.90025424957,3.75
3,2,73,6.72397089005,3.75
3,2,73,8.10743999481,2.75
3,2,78,4.99205303192,2.75
3,2,78,8.97748851776,3.75
3,2,79,1.35800492764,3.75
3,2,79,9.38486862183,4.75
3,2,80,1.88231885433,4.75
3,2,80,8.9743976593,4.375
3,2,81,-1.42183077335,4.375
3,2,81,6.3492975235,3.25
3,2,82,-2.26224422455,3.25
3,2,82,8.6847743988,4.25
3,2,83,-0.801904022694,4.25
3,2,83,9.23316001892,4.0
3,2,84,-0.641112625599,4.0
3,2,84,8.71658039093,3.25
3,2,85,-2.2680709362,3.25
3,2,85,8.96267604828,2.75
3,2,86,3.41117024422,2.75
3,2,86,9.57464599609,3.75
3,2,87,-1.81374835968,3.75
3,2,87,7.98536252975,4.0
3,2,88,-0.625193178654,4.0
3,2,88,8.57359600067,4.25
3,2,90,1.89352345467,4.25
3,2,90,5.70432472229,4.5
3,2,91,-1.00073730946,4.5
3,2,91,9.20812034607,3.75
3,2,94,0.990607202053,3.75
3,2,94,9.19937038422,1.5
3,2,95,-0.615472435951,1.5
3,2,95,8.99460315704,3.125
3,2,96,0.226239591837,3.125
3,2,96,8.04102706909,5.0
3,2,97,1.81173598766,5.0
3,2,97,8.75216293335,4.5
3,2,98,2.91505503654,4.5
3,2,98,8.21284008026,2.625
3,2,99,1.97571849823,2.625
3,2,99,8.64140129089,1.25
3,2,100,2.91033935547,1.25
3,2,100,8.67588710785,3.125
3,2,101,2.69706130028,3.125
3,2,101,8.91128349304,2.0
3,2,102,6.2062253952,2.0
3,2,102,9.04199790955,4.0
3,2,103,7.14721155167,4.0
3,2,103,8.69599914551,3.5
3,2,104,0.740022957325,3.5
3,2,104,7.17609739304,3.5
3,2,105,-1.04181587696,3.5
3,2,105,8.13360500336,3.875
3,2,106,-0.429800570011,3.875
3,2,106,9.2181968689,4.625
3,2,107,0.0688477307558,4.625
3,2,107,8.91724395752,4.0
3,2,108,-2.55786395073,4.0
3,2,108,8.80022525787,4.25
3,2,110,0.248094037175,4.25
3,2,110,8.53500080109,3.5
3,2,111,-2.14166307449,3.5
3,2,111,9.4991607666,3.0
4,1,23,-0.114073097706,1.0
4,1,23,3.71234488487,1.0
4,1,30,2.87459540367,1.125
4,1,30,0.929241597652,1.125
4,1,31,-0.717174708843,2.25
4,1,31,0.757774889469,2.25
4,1,32,-0.0826511010528,1.5
4,1,32,3.83511519432,1.5
4,1,33,-0.749485433102,1.5
4,1,33,0.790823340416,1.5
4,1,34,-0.709057033062,1.5
4,1,34,0.706793963909,1.5
4,1,35,-0.385760068893,1.75
4,1,35,4.16387701035,1.75
4,1,36,3.22560310364,0.875
4,1,36,0.627122223377,0.875
4,1,37,-0.864234447479,2.25
4,1,37,0.68011289835,2.25
4,1,38,-0.485461682081,2.5
4,1,38,0.789668560028,2.5
4,1,39,-0.721419811249,2.5
4,1,39,0.855282306671,2.5
4,1,40,-0.820097386837,4.0
4,1,40,0.804822146893,4.0
4,1,41,3.37383127213,2.5
4,1,41,1.02158629894,2.5
4,1,42,2.00379300117,1.75
4,1,42,2.94559502602,1.75
4,1,45,-0.0476244576275,2.125
4,1,45,3.83519291878,2.125
4,1,46,-0.556295514107,3.75
4,1,46,2.35198616982,3.75
4,1,48,-0.879989802837,1.5
4,1,48,3.66401720047,1.5
4,1,49,-0.871301352978,4.25
4,1,49,3.65360832214,4.25
4,1,50,-0.653931796551,2.0
4,1,50,3.87501001358,2.0
4,1,51,0.900926887989,2.75
4,1,51,4.11857652664,2.75
4,1,52,-0.097787886858,3.25
4,1,52,3.53185963631,3.25
4,1,54,-0.0484252236784,3.375
4,1,54,3.31313633919,3.375
4,1,55,-0.101984791458,2.5
4,1,55,0.589518010616,2.5
4,1,56,-0.468934118748,2.0
4,1,56,4.02639341354,2.0
4,1,57,-0.956496536732,2.75
4,1,57,3.63641524315,2.75
4,1,58,-0.872426509857,2.25
4,1,58,3.49567389488,2.25
4,1,59,-0.329830378294,1.875
4,1,59,3.51604127884,1.875
4,1,63,2.89551615715,1.0
4,1,63,1.93098163605,1.0
4,1,64,1.26785504818,3.5
4,1,64,3.32996034622,3.5
4,1,65,3.21903276443,4.75
4,1,65,2.77088141441,4.75
4,1,66,-0.679133236408,1.0
4,1,66,3.2942905426,1.0
4,1,67,3.38689112663,1.75
4,1,67,2.65419149399,1.75
4,1,68,3.65903639793,5.5
4,1,68,2.82817912102,5.5
4,1,69,3.60425162315,5.5
4,1,69,2.25204992294,5.5
4,1,70,3.68334317207,5.25
4,1,70,0.51893466711,5.25
4,1,71,3.0315284729,2.125
4,1,71,3.06710886955,2.125
4,1,72,3.7323319912,2.375
4,1,72,3.27879595757,2.375
4,1,73,3.01578974724,4.25
4,1,73,3.43375396729,4.25
4,1,74,3.86235022545,3.5
4,1,74,3.31149172783,3.5
4,1,75,3.87038230896,4.75
4,1,75,3.60901880264,4.75
4,1,77,-0.334558337927,2.625
4,1,77,3.15523123741,2.625
4,1,99,-0.32852345705,2.375
4,1,99,3.10628199577,2.375
4,1,102,-0.339502006769,1.5
4,1,102,-0.240530237556,1.5
4,1,104,0.557401478291,1.25
4,1,104,0.465141355991,1.25
4,1,105,-0.0868151113391,3.625
4,1,105,0.36458837986,3.625
4,1,110,-0.112353384495,4.0
4,1,110,0.0649276599288,4.0
4,1,111,-0.0277134235948,3.5
4,1,111,-0.474003374577,3.5
4,1,112,-0.493068546057,1.0
7,1,1,2.64828228951,3.5
7,1,1,3.64708065987,3.5
7,1,2,3.76564645767,5.5
7,1,2,4.50576686859,5.5
7,1,3,3.83769774437,4.75
7,1,3,4.22065258026,4.75
7,1,4,5.21360969543,3.25
7,1,4,4.56550168991,3.25
7,1,5,4.86644792557,4.75
7,1,5,4.66493415833,4.75
7,1,7,3.86807870865,2.25
7,1,7,3.37939381599,2.25
7,1,8,3.93868684769,4.5
7,1,8,4.12780284882,4.5
7,1,9,2.69893574715,2.0
7,1,9,3.65401911736,2.0
7,1,10,1.82861804962,2.75
7,1,10,2.69638323784,2.75
7,1,11,0.911409854889,1.75
7,1,11,3.92826843262,1.75
7,1,12,3.01272439957,5.0
7,1,12,3.66185379028,5.0
7,1,13,3.35406422615,3.0
7,1,13,2.91241979599,3.0
7,1,14,0.307125389576,1.75
7,1,14,3.60205507278,1.75
7,1,18,3.62175369263,6.0
7,1,18,4.72440910339,6.0
7,1,19,3.85120391846,4.75
7,1,19,4.67623615265,4.75
7,1,20,4.87804841995,5.25
7,1,20,4.3058218956,5.25
7,1,22,3.93228316307,3.75
7,1,22,4.89224386215,3.75
7,1,23,3.0611641407,4.0
7,1,23,4.25492048264,4.0
7,1,24,2.62301516533,5.0
7,1,24,4.67312097549,5.0
7,1,25,2.91546678543,4.5
7,1,25,4.21697616577,4.5
7,1,26,3.98539423943,3.0
7,1,26,3.76286864281,3.0
7,1,27,4.02732086182,4.25
7,1,27,4.68341684341,4.25
7,1,28,3.69811487198,5.25
7,1,28,4.1035785675,5.25
7,1,29,1.13582837582,4.25
7,1,29,4.21711826324,4.25
7,1,30,2.23853635788,3.0
7,1,30,4.11666202545,3.0
7,1,31,3.8871922493,4.5
7,1,31,3.96697425842,4.5
7,1,32,4.25933980942,3.75
7,1,32,4.48540258408,3.75
7,1,33,4.29972171783,4.75
7,1,33,4.36227607727,4.75
7,1,34,2.80601978302,5.5
7,1,34,4.33238601685,5.5
7,1,35,3.07672381401,6.0
7,1,35,4.02942657471,6.0
7,1,36,3.59166884422,4.25
7,1,36,4.45315742493,4.25
7,1,37,4.14065694809,4.25
7,1,37,4.62843894958,4.25
7,1,38,2.91031908989,3.5
7,1,38,3.88193368912,3.5
7,1,39,3.86669540405,5.5
7,1,39,3.81862425804,5.5
7,1,40,2.80402326584,5.5
7,1,40,4.56603956223,5.5
7,1,41,3.84968233109,4.75
7,1,41,3.64190101624,4.75
7,1,42,3.50544524193,3.0
7,1,42,4.0462346077,3.0
7,1,43,3.54993414879,3.5
7,1,43,4.72957897186,3.5
7,1,44,3.82521057129,6.25
7,1,44,3.37519145012,6.25
7,1,45,2.10802769661,4.5
7,1,45,3.79689288139,4.5
7,1,46,3.72777152061,4.0
7,1,46,3.95427441597,4.0
7,1,47,2.60314893723,4.5
7,1,47,3.69429969788,4.5
7,1,48,2.84756827354,1.5
7,1,48,4.18808317184,1.5
7,1,49,1.93802964687,4.5
7,1,49,3.66416215897,4.5
7,1,50,3.08633637428,5.0
7,1,50,4.08950805664,5.0
7,1,51,3.3768055439,3.5
7,1,51,3.88436293602,3.5
7,1,52,4.04972791672,0.75
7,1,52,3.94478845596,0.75
7,1,53,4.00405550003,5.5
7,1,53,4.36420679092,5.5
7,1,55,3.68182182312,2.5
7,1,55,3.88818025589,2.5
7,1,57,3.84832000732,4.25
7,1,57,3.98914146423,4.25
7,1,58,2.62950658798,6.0
7,1,58,3.50390410423,6.0
7,1,59,1.22367274761,5.25
7,1,59,3.18084812164,5.25
7,1,60,2.6676633358,3.25
7,1,60,3.56300520897,3.25
7,1,61,1.86672306061,5.0
7,1,61,2.9886777401,5.0
7,1,62,2.92763185501,4.5
7,1,62,3.42155575752,4.5
7,1,63,2.35009407997,5.5
7,1,63,3.51178216934,5.5
7,1,64,0.329901009798,5.0
7,1,64,2.82026743889,5.0
7,1,65,-0.840628325939,5.25
7,1,65,0.185379818082,5.25
7,1,66,3.29224777222,4.25
7,1,66,3.424046278,4.25
7,1,67,-0.499662876129,4.75
7,1,67,2.58961892128,4.75
7,1,68,0.102120362222,4.25
7,1,68,1.36869728565,4.25
7,1,69,3.32389950752,5.5
7,1,69,3.04254603386,5.5
7,1,70,2.93857717514,5.5
7,1,70,3.73532557487,5.5
7,1,71,3.24682688713,4.75
7,1,71,3.47773933411,4.75
7,1,72,2.8756210804,2.0
7,1,72,2.59963393211,2.0
7,1,73,2.74255204201,1.0
7,1,73,3.36692357063,1.0
7,1,74,2.61234641075,4.25
7,1,74,2.82492613792,4.25
7,1,75,3.22716879845,4.75
7,1,75,3.26630139351,4.75
7,1,76,3.21326756477,2.75
7,1,76,3.38927721977,2.75
7,1,78,3.57725000381,4.0
7,1,78,3.01590228081,4.0
7,1,79,3.34627342224,3.0
7,1,79,2.92156481743,3.0
7,1,80,2.57079100609,2.0
7,1,80,3.09104418755,2.0
7,1,81,3.90800356865,4.0
7,1,81,3.26521992683,4.0
7,1,82,3.27942848206,5.25
7,1,82,2.51500272751,5.25
7,1,83,3.88443350792,4.75
7,1,83,3.16035985947,4.75
7,1,84,3.0145804882,4.75
7,1,84,3.63752937317,4.75
7,1,86,2.47206282616,3.25
7,1,86,3.38567471504,3.25
7,1,88,2.70165014267,6.5
7,1,88,4.16069746017,6.5
7,1,90,4.83829116821,4.0
7,1,90,1.47596955299,4.0
7,1,92,2.8608212471,5.75
7,1,92,3.69557929039,5.75
7,1,93,4.07869720459,4.25
7,1,93,3.98132014275,4.25
7,1,94,4.31856393814,3.0
7,1,94,2.93971204758,3.0
7,1,95,4.8678150177,4.75
7,1,95,4.48667955399,4.75
7,1,96,4.09090280533,5.5
7,1,96,4.05923748016,5.5
7,1,97,3.9944050312,5.5
7,1,97,3.56980633736,5.5
7,1,98,3.57144021988,3.25
7,1,98,3.29039621353,3.25
7,1,101,3.40367770195,4.0
7,1,101,3.38506889343,4.0
7,1,102,4.01741170883,4.25
7,1,102,3.34957242012,4.25
7,1,103,4.65747690201,3.25
7,1,103,2.51249861717,3.25
7,1,104,2.26987624168,4.75
7,1,104,1.06787848473,4.75
7,1,105,0.0839273408055,4.75
7,1,105,3.13465690613,4.75
7,1,106,4.11871051788,4.75
7,1,106,4.29234743118,4.75
7,1,109,0.519293963909,6.25
7,1,109,3.33143281937,4.25
7,2,1,4.13857793808,4.25
7,2,1,2.65274715424,2.75
7,2,2,4.43154764175,2.75
7,2,2,3.51927566528,5.75
7,2,3,5.3640294075,5.75
7,2,3,3.44192242622,3.0
7,2,4,4.90239286423,3.0
7,2,4,2.10372376442,3.25
7,2,5,4.53506040573,3.25
7,2,5,4.51657819748,4.0
7,2,6,5.31322288513,4.0
7,2,6,1.81358969212,5.0
7,2,7,5.20337200165,5.0
7,2,7,2.52017450333,4.0
7,2,8,4.05956506729,4.0
7,2,8,2.95404005051,4.0
7,2,9,4.56696271896,4.0
7,2,9,0.736212670803,4.0
7,2,10,5.13112926483,4.0
7,2,10,-0.928275883198,2.75
7,2,11,3.94313097,2.75
7,2,11,2.93312978745,4.25
7,2,12,4.1248922348,4.25
7,2,12,2.41226673126,4.75
7,2,13,4.60827302933,4.75
7,2,13,2.87090682983,5.5
7,2,14,5.06987762451,5.5
7,2,14,3.19048452377,5.0
7,2,16,4.90490484238,5.0
7,2,16,2.82399725914,6.0
7,2,17,3.12714147568,6.0
7,2,17,3.04674983025,3.5
7,2,18,5.12249660492,3.5
7,2,18,2.20461153984,4.5
7,2,19,4.49394893646,4.5
7,2,19,1.71102833748,5.5
7,2,20,3.94918894768,5.5
7,2,20,3.53758406639,1.5
7,2,21,3.74468660355,1.5
7,2,21,2.93871474266,3.0
7,2,22,3.50743865967,3.0
7,2,22,4.20072841644,1.75
7,2,23,4.84478139877,1.75
7,2,23,3.21426320076,3.75
7,2,24,4.39459180832,3.75
7,2,24,2.87791800499,4.75
7,2,25,2.84041905403,4.75
7,2,25,2.46965432167,4.25
7,2,26,4.94712495804,4.25
7,2,26,3.26744818687,4.25
7,2,27,4.89294099808,4.25
7,2,27,0.775544643402,5.75
7,2,28,4.05795621872,5.75
7,2,28,3.17794895172,1.75
7,2,29,4.3676609993,1.75
7,2,29,2.88450503349,3.0
7,2,30,3.98304629326,3.0
7,2,30,3.11941695213,3.75
7,2,31,4.7176117897,3.75
7,2,31,0.854689896107,4.5
7,2,32,4.22560834885,4.5
7,2,32,2.50618648529,1.5
7,2,33,4.05655050278,1.5
7,2,33,2.78123617172,4.25
7,2,34,4.12915658951,4.25
7,2,34,-0.0462852120399,3.5
7,2,35,4.49007225037,3.5
7,2,35,3.14434146881,2.5
7,2,36,3.83160853386,2.5
7,2,36,2.99336791039,3.5
7,2,37,4.98792934418,3.5
7,2,37,0.9919282794,5.25
7,2,38,3.23685693741,5.25
7,2,38,3.25666427612,4.0
7,2,39,3.21231508255,4.0
7,2,39,3.24710154533,5.25
7,2,40,4.67698955536,5.25
7,2,40,3.10764074326,3.0
7,2,42,3.72551131248,3.0
7,2,42,3.08663058281,2.75
7,2,43,4.17736959457,2.75
7,2,43,2.23979973793,4.5
7,2,44,3.64393973351,4.5
7,2,44,2.28400397301,2.5
7,2,45,4.17868185043,2.5
7,2,45,2.24165034294,4.75
7,2,46,3.77496027946,4.75
7,2,46,2.36444783211,4.0
7,2,47,4.67559623718,4.0
7,2,47,0.256102114916,3.75
7,2,48,4.16612434387,3.75
7,2,48,2.07508349419,4.0
7,2,49,3.19416880608,4.0
7,2,49,2.05286240578,4.25
7,2,50,3.83112335205,4.25
7,2,50,0.325828701258,4.75
7,2,51,4.21265172958,4.75
7,2,51,2.14910697937,3.25
7,2,52,4.14611244202,3.25
7,2,52,3.03668379784,5.0
7,2,53,3.92156767845,5.0
7,2,53,0.729693710804,4.0
7,2,55,4.5011844635,4.0
7,2,55,2.81317138672,4.75
7,2,56,4.44813203812,4.75
7,2,56,2.7066681385,1.5
7,2,57,4.23543119431,1.5
7,2,57,0.113588169217,4.0
7,2,58,4.0974650383,4.0
7,2,58,2.37153792381,4.0
7,2,60,3.59433531761,4.0
7,2,60,-0.515799641609,5.5
7,2,61,3.60039830208,5.5
7,2,61,2.24695682526,5.25
7,2,63,4.08245897293,5.25
7,2,63,3.13935065269,3.25
7,2,64,4.35513830185,3.25
7,2,64,1.26418304443,5.0
7,2,65,4.06457614899,5.0
7,2,65,-0.620410859585,5.5
7,2,66,3.49022293091,5.5
7,2,66,1.02655041218,6.5
7,2,68,3.81336212158,6.5
7,2,68,3.39752006531,4.25
7,2,69,4.58887958527,4.25
7,2,69,3.09402823448,3.25
7,2,70,3.92550253868,3.25
7,2,70,2.92583489418,4.0
7,2,71,3.33611798286,4.0
7,2,71,3.40550470352,4.25
7,2,72,3.80442285538,4.25
7,2,72,2.01342511177,3.25
7,2,73,1.69805777073,3.25
7,2,73,2.16402506828,2.5
7,2,74,4.18985700607,2.5
7,2,74,2.87940907478,3.5
7,2,75,3.78412628174,3.5
7,2,75,3.5384221077,4.5
7,2,76,4.09992361069,4.5
7,2,76,2.19932031631,4.25
7,2,77,3.94943499565,4.25
7,2,77,0.889301240444,5.0
7,2,78,3.89415407181,5.0
7,2,78,3.69250154495,4.0
7,2,80,4.47643136978,4.0
7,2,80,4.01061964035,3.25
7,2,82,3.61274456978,3.25
7,2,82,0.465610474348,5.0
7,2,83,3.93362402916,5.0
7,2,83,1.57820868492,3.75
7,2,84,3.66073584557,3.75
7,2,84,2.52131438255,2.5
7,2,85,3.51686286926,2.5
7,2,85,2.03160619736,2.5
7,2,86,4.29169750214,2.5
7,2,86,-0.210635259748,4.5
7,2,87,3.5474717617,4.5
7,2,87,-0.0444615967572,5.0
7,2,88,3.73798727989,5.0
7,2,88,1.10231459141,3.0
7,2,89,4.11095571518,3.0
7,2,89,1.28318119049,4.0
7,2,90,3.51290559769,4.0
7,2,90,1.63916265965,3.75
7,2,91,4.18653249741,3.75
7,2,91,3.26258635521,4.66667
7,2,92,4.05197572708,4.66667
7,2,92,2.32925868034,4.75
7,2,93,3.51424002647,4.75
7,2,93,-0.588313996792,3.25
7,2,94,2.9096391201,3.25
7,2,94,3.75147891045,2.5
7,2,95,3.63325691223,2.5
7,2,95,3.31370472908,3.5
7,2,96,3.66168189049,3.5
7,2,96,2.80050158501,3.0
7,2,97,3.36073803902,3.0
7,2,97,3.02471065521,3.75
7,2,98,3.80738258362,3.75
7,2,98,2.45157003403,4.25
7,2,99,3.04039764404,4.25
7,2,99,2.32642912865,1.75
7,2,100,3.02090144157,1.75
7,2,100,3.56365704536,5.25
7,2,102,3.1513671875,5.25
7,2,102,2.12794566154,4.25
7,2,103,4.18914175034,4.25
7,2,103,2.43719005585,3.5
7,2,104,3.17244982719,3.5
7,2,104,0.755901277065,3.0
7,2,105,3.78884387016,3.0
7,2,105,3.37540984154,6.25
7,2,106,4.32080745697,6.25
7,2,106,3.18203520775,4.5
7,2,107,3.92170977592,4.5
7,2,107,-0.476123422384,5.5
7,2,108,3.79366731644,5.5
7,2,108,-1.05448293686,5.25
7,2,109,3.49982905388,5.25
7,2,109,0.151055365801,4.75
8,1,9,1.66205871105,2.0
8,1,9,2.62007498741,2.0
8,1,10,1.7985252142,1.75
8,1,10,1.99478137493,1.75
8,1,16,1.69669818878,2.75
8,1,16,2.23233366013,2.75
8,1,17,3.82759141922,3.25
8,1,17,2.04902935028,3.25
8,1,18,1.54948735237,3.75
8,1,18,1.15908420086,3.75
8,1,20,2.17090392113,2.5
8,1,20,1.852689147,2.5
8,1,21,3.17561125755,1.75
8,1,21,2.49908971786,1.75
8,1,22,1.54856944084,3.5
8,1,22,2.04248833656,3.5
8,1,27,1.55728137493,2.0
8,1,27,1.45442187786,2.0
8,1,30,1.6512901783,2.5
8,1,30,2.20837759972,2.5
8,1,54,1.40624034405,3.0
8,1,54,1.00148057938,3.0
8,1,58,1.68152391911,1.0
8,1,58,2.22210454941,1.0
8,1,68,1.56284272671,1.5
8,1,68,3.6506550312,1.5
8,1,73,2.96242451668,2.75
8,1,73,1.76629638672,2.75
8,1,74,2.8002974987,2.5
8,1,74,1.79254329205,2.5
8,1,75,2.90305566788,3.0
8,1,75,1.45218455791,3.0
8,1,76,4.1581454277,1.0
8,1,76,0.608652830124,1.0
8,1,77,3.75200152397,3.25
8,1,77,1.37759232521,3.25
8,1,78,4.07680892944,2.75
8,1,78,1.51322817802,2.75
8,1,79,3.01862096786,2.0
8,1,79,1.45244860649,2.0
8,1,80,4.48218727112,1.75
8,1,80,1.16478455067,1.75
8,1,81,2.97370696068,2.25
8,1,81,1.32333254814,2.25
8,1,82,1.87232577801,1.75
8,1,82,1.43538343906,1.75
8,1,85,4.20073223114,2.0
8,1,85,4.24937391281,2.0
8,1,88,4.07762050629,2.25
8,1,88,1.77934968472,2.25
8,1,89,4.24351358414,3.5
8,1,89,4.67517185211,3.25
8,2,4,1.76640987396,3.25
8,2,4,-0.141262561083,3.75
8,2,5,1.46910703182,3.75
8,2,5,1.86738550663,1.5
8,2,7,1.79897618294,1.5
8,2,7,1.99750447273,4.25
8,2,8,1.6430284977,4.25
8,2,8,3.34945344925,2.0
8,2,9,1.32223927975,2.0
8,2,9,5.02945566177,3.0
8,2,11,1.75758349895,3.0
8,2,11,1.42805027962,2.25
8,2,15,1.43884432316,2.25
8,2,15,1.48348879814,4.0
8,2,16,4.07102537155,4.0
8,2,16,1.57377827168,3.5
8,2,18,-0.696356475353,3.5
8,2,18,2.12723493576,3.75
8,2,20,1.57548010349,3.75
8,2,20,2.20853042603,2.25
8,2,21,1.04037070274,2.25
8,2,21,2.96323275566,2.25
8,2,22,1.51728141308,2.25
8,2,22,1.72577941418,2.5
8,2,23,1.40068805218,2.5
8,2,23,2.65945863724,3.0
8,2,24,1.78563463688,3.0
8,2,24,1.62605464458,4.0
8,2,27,1.37917935848,4.0
8,2,27,1.57070362568,2.5
8,2,28,1.61585962772,2.5
8,2,28,2.0057489872,4.75
8,2,29,2.84412932396,4.75
8,2,29,2.87746810913,4.25
8,2,30,1.45877635479,4.25
8,2,30,1.97597503662,2.75
8,2,31,1.05344164371,2.75
8,2,31,2.45381164551,4.0
8,2,32,1.68089663982,4.0
8,2,32,1.61936283112,3.5
8,2,35,0.253904908895,3.5
8,2,35,1.60155665874,3.75
8,2,36,1.92890679836,3.75
8,2,36,1.89507102966,2.25
8,2,37,-1.36414372921,2.25
8,2,37,2.18057513237,3.75
8,2,38,1.36121356487,3.75
8,2,38,1.76758289337,2.0
8,2,39,0.984286725521,2.0
8,2,39,2.1195089817,2.0
8,2,40,1.25102496147,2.0
8,2,40,2.04978442192,4.0
8,2,41,1.28555834293,4.0
8,2,41,1.4216760397,3.5
8,2,42,1.45712935925,3.5
8,2,42,1.1537655592,2.25
8,2,45,1.1587253809,2.25
8,2,45,2.2099366188,4.0
8,2,48,1.3535670042,4.0
8,2,48,2.08667874336,4.0
8,2,49,2.11819887161,4.0
8,2,49,1.54244303703,3.0
8,2,50,1.17025220394,3.0
8,2,50,1.90065312386,3.75
8,2,55,4.58666944504,3.75
8,2,55,1.53511083126,4.75
8,2,57,1.77495861053,4.75
8,2,57,4.16920232773,3.0
8,2,58,3.90510106087,3.0
8,2,58,1.75016403198,1.75
8,2,62,3.32935452461,1.75
8,2,62,1.12306702137,5.25
8,2,63,2.30879592896,5.25
8,2,63,1.6601088047,1.625
8,2,67,3.44735336304,1.625
8,2,67,1.73441541195,2.75
8,2,68,3.59804582596,2.75
8,2,68,1.88054275513,3.5
8,2,69,2.66308116913,3.5
8,2,69,1.5364896059,2.0
8,2,71,1.63682830334,2.0
8,2,71,1.59704387188,3.5
8,2,72,1.14163374901,3.5
8,2,72,1.43322813511,3.75
8,2,74,1.17027521133,3.75
8,2,74,1.9681981802,4.0
9,1,2,2.58833742142,5.25
9,1,2,-0.807733952999,5.25
9,1,3,2.73444032669,4.75
9,1,3,2.64876484871,4.75
9,1,4,4.37979841232,5.0
9,1,4,-0.962096691132,5.0
9,1,5,2.76595640182,5.75
9,1,5,-0.619288563728,5.75
9,1,6,2.94393920898,3.5
9,1,6,-0.520403683186,3.5
9,1,7,2.67615413666,4.25
9,1,7,-0.85300129652,4.25
9,1,8,2.91335225105,4.5
9,1,8,2.33738493919,4.5
9,1,12,2.59215521812,4.75
9,1,12,-1.04002249241,4.75
9,1,16,1.35052978992,1.5
9,1,16,2.58420014381,1.5
9,1,17,2.12698531151,4.25
9,1,17,2.73075675964,4.25
9,1,18,2.27162408829,3.5
9,1,18,2.62110233307,3.5
9,1,19,2.72089028358,3.25
9,1,19,2.63751316071,3.25
9,1,20,2.76830077171,4.0
9,1,20,2.6880979538,4.0
9,1,21,-1.16452741623,4.5
9,1,21,-0.030179714784,4.5
9,1,22,2.39793467522,3.0
9,1,22,2.42891383171,3.0
9,1,23,2.33612251282,4.5
9,1,23,2.35224843025,4.5
9,1,24,2.65274405479,3.5
9,1,24,-0.987854957581,3.5
9,1,25,-0.959784507751,3.5
9,1,25,-0.60648226738,3.5
9,1,26,1.45812809467,4.5
9,1,26,2.37652277946,4.5
9,1,27,-0.823513448238,3.75
9,1,27,2.3811237812,3.75
9,1,28,2.54168319702,2.75
9,1,28,-0.957510590553,2.75
9,1,29,-0.853145122528,2.5
9,1,29,2.32631325722,2.5
9,1,30,2.08037042618,3.0
9,1,30,-0.779714047909,3.0
9,1,31,-1.08650434017,3.5
9,1,31,2.3313126564,3.5
9,1,32,1.6955769062,2.75
9,1,32,2.5681579113,2.75
9,1,33,2.28123164177,3.75
9,1,33,2.47354865074,3.75
9,1,34,1.98595237732,3.25
9,1,34,2.09825491905,3.25
9,1,35,2.60465168953,3.5
9,1,35,2.45947670937,3.5
9,1,36,-1.14027738571,3.5
9,1,36,2.57431745529,3.5
9,1,37,2.35426878929,4.5
9,1,37,1.98688971996,4.5
9,1,38,2.67968297005,3.5
9,1,38,2.64457297325,3.5
9,1,39,-1.32010543346,2.75
9,1,39,2.44290304184,2.75
9,1,40,-1.05025351048,2.25
9,1,40,2.5713493824,2.25
9,1,41,-0.532894074917,3.0
9,1,41,-0.711709022522,3.0
9,1,42,2.84168839455,4.0
9,1,42,4.31997394562,4.0
9,1,50,2.15463352203,3.5
9,1,50,2.63777112961,3.5
9,1,51,2.30461788177,3.5
9,1,51,2.41789412498,3.5
9,1,52,2.36674547195,2.75
9,1,52,2.53490662575,2.75
9,1,53,-1.0604903698,3.0
9,1,53,2.42209410667,3.0
9,1,54,-1.25678050518,2.75
9,1,54,2.46406912804,2.75
9,1,55,-1.11374258995,3.5
9,1,55,-0.910976707935,3.5
9,1,56,2.20297932625,3.75
9,1,56,-0.874642491341,3.75
9,1,59,-1.00624155998,2.75
9,1,59,2.06695580482,2.75
9,1,60,4.58345365524,4.0
9,1,60,-1.01447951794,4.0
9,1,61,2.89495038986,3.5
9,1,61,2.05714845657,3.5
9,1,63,2.99174880981,3.25
9,1,63,2.7635743618,3.25
9,1,64,-0.352301567793,4.25
9,1,64,-1.13288795948,4.25
9,1,65,2.89338469505,2.0
9,1,65,-0.930711209774,2.0
9,1,66,2.87273430824,4.75
9,1,66,2.25559473038,4.75
9,1,67,-0.929661273956,4.25
9,1,67,-1.06890964508,4.25
9,1,68,2.77057766914,3.5
9,1,68,-0.894263863564,3.5
9,1,69,0.561742782593,5.5
9,1,69,2.65134692192,5.5
9,1,72,2.13073205948,3.75
9,1,72,-1.01246607304,3.75
9,1,73,2.12807965279,3.25
9,1,73,-1.04169082642,3.25
9,1,74,2.55716252327,3.0
9,1,74,2.63441991806,3.0
9,1,75,2.60544276237,2.5
9,1,75,-0.946423649788,2.5
9,1,76,2.6482656002,4.0
9,1,76,-0.862098395824,4.0
9,1,77,2.30377960205,3.25
9,1,77,2.27444338799,3.25
9,1,78,-0.88456004858,3.5
9,1,78,2.62819266319,3.5
9,1,79,2.42414164543,4.0
9,1,79,2.16865921021,4.0
9,1,81,-0.996610581875,2.25
9,1,81,-1.03573358059,2.25
9,1,82,2.74613308907,4.0
9,1,82,-1.05431818962,4.0
9,1,83,2.87756061554,4.25
9,1,83,-1.11219859123,4.25
9,1,84,2.74630498886,3.0
9,1,84,-0.963064312935,3.0
9,1,85,2.71832823753,4.75
9,1,85,2.44830513,4.75
9,1,86,1.5920842886,4.0
9,1,86,2.29736828804,4.0
9,1,87,2.63397264481,3.25
9,1,87,-1.04802978039,3.25
9,1,88,2.73505282402,3.25
9,1,88,-0.984738767147,3.25
9,1,89,2.8890068531,2.75
9,1,89,-0.923465251923,2.75
9,1,90,2.6915948391,2.75
9,1,90,-1.16705441475,2.75
9,1,91,2.41174292564,3.75
9,1,91,-1.22974848747,3.75
9,1,92,2.74996757507,4.0
9,1,92,-1.17307209969,4.0
9,1,93,2.49523425102,3.25
9,1,93,-1.18963325024,3.25
9,1,94,2.77023029327,3.0
9,1,94,-1.12744224072,3.0
9,1,95,2.02104926109,4.25
9,1,95,-1.19872093201,4.25
9,1,96,2.65308523178,4.25
9,1,96,-1.20070791245,4.25
9,1,97,0.98921006918,3.5
9,1,97,-1.07579410076,3.5
9,1,98,-1.12688624859,2.25
9,1,98,-1.18386971951,2.25
9,1,99,-0.2528655231,3.0
9,1,99,-1.0747307539,3.0
9,1,100,2.62186384201,4.25
9,1,100,-1.06874787807,4.25
9,1,101,2.76759934425,2.25
9,1,101,-1.06945407391,2.25
9,1,102,2.70333337784,3.75
9,1,102,-1.20309102535,3.75
9,1,103,-1.0075854063,2.25
9,1,103,-1.18062388897,2.25
9,1,104,2.4510819912,3.0
9,1,104,-1.03815972805,3.0
9,1,105,0.399365216494,3.75
9,1,105,-0.906773388386,3.75
9,1,106,-0.353398889303,4.0
9,1,106,2.59093022346,4.0
9,1,107,1.26243722439,4.25
9,1,107,-1.13423764706,4.25
9,1,110,-1.01605522633,4.25
9,1,110,2.44537258148,4.25
9,1,111,-1.12115347385,3.0
9,1,111,2.33922386169,4.0
9,2,2,2.27393269539,4.0
9,2,2,2.19078350067,4.5
9,2,3,2.47363877296,4.5
9,2,3,0.726446390152,5.25
9,2,4,-1.12229788303,5.25
9,2,4,-1.07226228714,5.5
9,2,5,-1.2120090723,5.5
9,2,5,-0.854188621044,5.75
9,2,6,-0.374061465263,5.75
9,2,6,2.58136057854,5.25
9,2,7,-1.07790899277,5.25
9,2,7,2.54923796654,4.5
9,2,8,-1.08677327633,4.5
9,2,8,4.47375154495,5.75
9,2,9,-1.14163005352,5.75
9,2,9,4.84068441391,4.75
9,2,10,-0.735636174679,4.75
9,2,10,2.82753610611,4.5
9,2,11,-1.10611045361,4.5
9,2,11,2.95172548294,5.5
9,2,12,-0.763871192932,5.5
9,2,12,2.11924266815,3.75
9,2,13,2.60553526878,3.75
9,2,13,-1.41189086437,2.75
9,2,16,-1.02209115028,2.75
9,2,16,-1.30943524837,4.0
9,2,17,2.43296074867,4.0
9,2,17,-1.3708075285,4.25
9,2,18,-0.907584965229,4.25
9,2,18,-1.29218769073,3.0
9,2,20,-1.12990117073,3.0
9,2,20,-1.26448667049,3.75
9,2,21,-1.07015407085,3.75
9,2,21,-1.35534656048,3.0
9,2,22,-0.963234066963,3.0
9,2,22,-1.3744212389,2.75
9,2,23,-0.937236011028,2.75
9,2,23,-1.31660544872,1.75
9,2,24,2.50807237625,1.75
9,2,24,-1.24333286285,5.75
9,2,25,1.86075806618,5.75
9,2,25,-1.31946718693,3.25
9,2,27,-1.0950371027,3.25
9,2,27,2.34456825256,2.75
9,2,30,-1.03428018093,2.75
9,2,30,-1.28416967392,2.75
9,2,31,2.17968344688,2.75
9,2,31,-1.3024866581,2.25
9,2,32,2.4906334877,2.25
9,2,32,-1.20795476437,2.5
9,2,34,-1.14904522896,2.5
9,2,34,-1.2542232275,4.75
9,2,36,-0.936505317688,4.75
9,2,36,-1.12719118595,3.75
9,2,37,-1.01944220066,3.75
9,2,37,-1.30088126659,2.0
9,2,38,-1.24218654633,2.0
9,2,38,-1.04508006573,3.25
9,2,42,2.51171445847,3.25
9,2,42,2.55786371231,3.0
9,2,45,-1.0240238905,3.0
9,2,45,1.9508523941,4.75
9,2,46,-0.922065258026,4.75
9,2,46,2.23447489738,4.0
9,2,50,-0.904574513435,4.0
9,2,50,-1.25378525257,3.75
9,2,53,-1.28833210468,3.75
9,2,53,1.22358167171,4.0
9,2,62,-1.27722501755,4.0
9,2,62,2.76889777184,5.0
9,2,63,-1.16755235195,5.0
9,2,63,-1.02494645119,4.5
9,2,64,2.67039680481,4.5
9,2,64,2.8631746769,5.5
9,2,66,-1.07711338997,5.5
9,2,66,2.70295166969,4.25
9,2,67,-0.969765484333,4.25
9,2,67,0.988828599453,3.25
9,2,68,-1.22192299366,3.25
9,2,68,4.65678167343,3.25
9,2,69,-1.06926751137,3.25
9,2,69,2.29908967018,4.75
9,2,70,-1.15584468842,4.75
9,2,70,1.99895119667,5.25
9,2,71,-1.08627581596,5.25
9,2,71,-0.821991860867,5.25
9,2,74,-1.13180565834,5.25
9,2,74,2.00938820839,3.75
9,2,75,-0.978845596313,3.75
9,2,75,-1.12077641487,4.25
9,2,77,-1.14738190174,4.25
9,2,77,2.44698739052,5.5
9,2,78,1.87758862972,5.5
9,2,78,-1.12734413147,5.25
9,2,79,-1.07197630405,5.25
9,2,79,-0.762639641762,4.75
9,2,81,-1.0236634016,4.75
9,2,81,-0.916871190071,3.75
9,2,84,-1.13444232941,3.75
9,2,84,2.47330784798,4.75
9,2,85,2.39515328407,4.75
9,2,85,2.5415096283,4.0
9,2,86,-1.18826568127,4.0
9,2,86,2.05924272537,3.25
9,2,87,-1.15299105644,3.25
9,2,87,-1.08898866177,4.5
9,2,88,-1.19360148907,4.5
9,2,88,-1.06442511082,2.75
9,2,89,-1.2519466877,2.75
9,2,89,-0.921054184437,3.25
9,2,90,-1.20005559921,3.25
9,2,90,-1.01201784611,4.25
9,2,91,-1.09308123589,4.25
9,2,91,2.7226588726,4.25
9,2,92,2.19181108475,4.25
9,2,92,-1.27293384075,5.0
9,2,95,-1.15184807777,5.0
9,2,95,2.48201680183,3.0
9,2,96,-1.10945546627,3.0
9,2,96,-0.305935591459,4.5
9,2,98,-1.01128101349,4.5
9,2,98,2.69152712822,5.75
9,2,100,-1.05986726284,5.75
9,2,100,-0.927874565125,3.0
9,2,103,2.38562750816,3.0
9,2,103,-1.19321477413,3.25
9,2,104,2.46732497215,3.25
9,2,104,-1.18669569492,4.5
9,2,105,-0.73917812109,4.5
9,2,105,2.15906190872,3.75
9,2,107,-1.10822725296,3.75
9,2,107,2.4897646904,4.25
9,2,108,2.25383162498,4.25
9,2,108,-1.3374890089,2.25
9,2,109,-1.12304329872,2.25
9,2,109,2.26422190666,4.5
10,1,4,4.36855840683,5.5
10,1,4,6.44070959091,5.5
10,1,5,4.11046266556,5.0
10,1,5,6.47709798813,5.0
10,1,6,4.26245880127,5.0
10,1,6,6.78936004639,5.0
10,1,7,4.31185388565,5.5
10,1,7,6.54230070114,5.5
10,1,8,4.88503742218,6.25
10,1,8,6.64013814926,6.25
10,1,9,4.20733118057,5.5
10,1,9,6.3927397728,5.5
10,1,10,4.59288358688,5.0
10,1,10,6.87824344635,5.0
10,1,11,4.06217670441,4.0
10,1,11,5.51019191742,4.0
10,1,12,4.79671049118,4.5
10,1,12,4.70119094849,4.5
10,1,13,4.55236339569,4.25
10,1,13,4.60427427292,4.25
10,1,14,4.55628633499,3.75
10,1,14,6.12817335129,3.75
10,1,20,4.16019392014,5.0
10,1,20,6.3019824028,5.0
10,1,21,4.05981206894,5.25
10,1,21,5.72537326813,5.25
10,1,22,3.40252566338,4.5
10,1,22,5.74023962021,4.5
10,1,24,2.20061898232,4.75
10,1,24,3.46337938309,4.75
10,1,25,4.05865907669,4.5
10,1,25,5.25904417038,4.5
10,1,26,1.70841598511,2.375
10,1,26,5.50991535187,2.375
10,1,27,2.87512660027,4.25
10,1,27,2.69061493874,4.25
10,1,28,1.79383087158,4.75
10,1,28,3.809278965,4.75
10,1,29,3.39690184593,4.5
10,1,29,5.95188236237,4.5
10,1,30,3.5197827816,5.5
10,1,30,5.07865905762,5.5
10,1,31,3.8557267189,4.75
10,1,31,3.96913766861,4.75
10,1,32,1.21888816357,3.75
10,1,32,5.20926523209,3.75
10,1,33,3.86102867126,4.5
10,1,33,5.03726530075,4.5
10,1,36,1.56149327755,4.75
10,1,36,5.4742102623,4.75
10,1,39,1.99631011486,4.0
10,1,39,4.02632856369,4.0
10,1,42,2.05278706551,5.25
10,1,42,3.61931800842,5.25
10,1,43,1.66617000103,4.5
10,1,43,6.12305021286,4.5
10,1,44,1.6525747776,4.5
10,1,44,3.28492975235,4.5
10,1,45,0.697739005089,2.875
10,1,45,4.96451044083,2.875
10,1,46,4.49138021469,5.0
10,1,46,5.83393096924,5.0
10,1,47,2.62474775314,5.25
10,1,47,4.96698904037,5.25
10,1,48,2.3621366024,5.0
10,1,48,5.77400159836,5.0
10,1,49,1.56753385067,4.0
10,1,49,3.64344525337,4.0
10,1,50,1.94119167328,5.25
10,1,50,3.09342646599,5.25
10,1,51,0.408083885908,5.5
10,1,51,5.3013176918,5.5
10,1,52,1.52498614788,5.0
10,1,52,3.85889935493,5.0
10,1,53,3.26661467552,5.25
10,1,53,3.91820263863,5.25
10,1,55,1.67950367928,5.25
10,1,55,6.30211687088,5.25
10,1,56,1.72507846355,4.5
10,1,56,5.33428525925,4.5
10,1,57,1.03148066998,1.5
10,1,57,5.73461151123,1.5
10,1,61,5.42598056793,4.0
10,1,61,6.93759870529,4.0
10,1,62,4.74036645889,3.75
10,1,62,6.53643131256,3.75
10,1,63,5.28682184219,4.25
10,1,63,5.78847074509,4.25
10,1,64,4.21567058563,5.0
10,1,64,5.34872198105,5.0
10,1,65,5.19294500351,5.75
10,1,65,5.25639533997,5.75
10,1,66,4.65238523483,6.0
10,1,66,6.40616607666,6.0
10,1,67,5.32985830307,5.25
10,1,67,6.9991235733,5.25
10,1,68,5.18776750565,3.75
10,1,68,5.99225759506,3.75
10,1,69,5.60220718384,4.5
10,1,69,6.1007771492,4.5
10,1,72,4.50763034821,3.0
10,1,72,6.03153038025,3.0
10,1,73,1.99341130257,4.25
10,1,73,5.2739572525,4.25
10,1,74,1.93619632721,4.75
10,1,74,2.70322990417,4.75
10,1,75,2.5545732975,4.5
10,1,75,3.64341974258,4.5
10,1,76,1.92700386047,4.75
10,1,76,5.56275463104,4.75
10,1,77,2.96141767502,4.5
10,1,77,3.89856648445,4.5
10,1,78,3.406873703,5.5
10,1,78,3.85785603523,5.5
10,1,79,3.1906683445,4.5
10,1,79,5.62772750854,4.5
10,1,80,3.76636242867,5.0
10,1,80,5.45344877243,5.0
10,1,81,1.72139036655,4.25
10,1,81,3.55257844925,4.25
10,1,82,0.560438811779,4.5
10,1,82,4.97131872177,4.5
10,1,83,0.17560814321,3.0
10,1,83,5.47437667847,3.0
10,1,84,1.48558950424,2.75
10,1,84,5.43753051758,2.75
10,1,85,1.58003556728,4.75
10,1,85,4.80004262924,4.75
10,1,86,1.06011068821,4.0
10,1,86,5.39428091049,4.0
10,1,87,3.08613657951,4.75
10,1,87,4.30516290665,4.75
10,1,88,4.06769323349,5.5
10,1,88,6.25290822983,5.5
10,1,89,3.24359178543,5.25
10,1,89,6.46696853638,5.25
10,1,90,0.964687526226,3.75
10,1,90,5.2626824379,3.75
10,1,91,1.20820868015,4.5
10,1,91,5.23976755142,4.5
10,1,92,3.10577130318,5.0
10,1,92,3.36755299568,5.0
10,1,93,1.50279462337,4.0
10,1,93,4.09857463837,4.0
10,1,94,0.772379279137,5.0
10,1,94,3.43935966492,5.0
10,1,95,2.33896756172,4.75
10,1,95,3.14187383652,4.75
10,1,96,0.627332866192,4.5
10,1,96,5.88182020187,4.5
10,1,97,1.61766421795,3.75
10,1,97,4.86550045013,3.75
10,1,98,1.62778949738,4.5
10,1,98,2.08185076714,4.5
10,1,99,3.54611253738,5.25
10,1,99,5.16438770294,5.25
10,1,100,3.65034604073,4.0
10,1,100,3.33996772766,4.0
10,1,101,3.46212935448,5.5
10,1,101,3.94587516785,5.5
10,1,102,1.18098628521,5.0
10,1,102,2.17128348351,5.0
10,1,103,4.27778959274,3.75
10,1,103,2.96759724617,3.75
10,1,104,4.11655807495,4.5
10,1,104,4.94765949249,4.5
10,1,105,1.71050798893,4.0
10,1,105,1.89347481728,4.0
10,1,106,1.96544730663,2.0
10,1,106,1.10957622528,2.0
10,1,107,1.01747751236,5.0
10,1,107,3.33376669884,5.0
10,1,108,3.53260612488,5.0
10,1,108,2.83215212822,3.75
10,2,3,6.73830652237,3.75
10,2,3,3.29718899727,6.25
10,2,4,7.20974349976,6.25
10,2,4,5.21260070801,5.5
10,2,5,7.23147726059,5.5
10,2,5,5.31576681137,5.25
10,2,6,6.64851379395,5.25
10,2,6,5.24401473999,5.25
10,2,7,6.86494207382,5.25
10,2,7,5.01151800156,5.75
10,2,8,6.57745504379,5.75
10,2,8,4.41007471085,3.25
10,2,9,5.37200689316,3.25
10,2,9,3.63513112068,5.25
10,2,10,6.17741250992,5.25
10,2,10,4.3458237648,4.5
10,2,11,6.61419677734,4.5
10,2,11,4.09472465515,4.25
10,2,12,6.48307943344,4.25
10,2,12,3.89367794991,5.25
10,2,13,6.05685377121,5.25
10,2,13,3.60136771202,5.25
10,2,14,6.65651273727,5.25
10,2,14,4.77840614319,5.75
10,2,15,6.42425918579,5.75
10,2,15,0.434323549271,4.5
10,2,19,6.09281492233,4.5
10,2,19,1.03038537502,2.75
10,2,20,5.88710403442,2.75
10,2,20,2.12544894218,5.5
10,2,21,4.68647432327,5.5
10,2,21,1.63579690456,5.5
10,2,22,5.56494474411,5.5
10,2,22,0.765839219093,5.0
10,2,23,3.61936640739,5.0
10,2,23,1.3507475853,3.5
10,2,26,6.10353899002,3.5
10,2,26,1.36571514606,4.5
10,2,28,5.12439537048,4.5
10,2,28,0.780686020851,5.0
10,2,29,2.3381562233,5.0
10,2,29,3.16659045219,5.75
10,2,30,4.32653141022,5.75
10,2,30,2.41787648201,4.75
10,2,33,5.71238851547,4.75
10,2,33,1.37370634079,3.75
10,2,36,3.62468886375,3.75
10,2,36,1.19869065285,5.0
10,2,37,5.83306264877,5.0
10,2,37,2.39003348351,4.75
10,2,38,5.20592737198,4.75
10,2,38,3.25887107849,5.25
10,2,39,5.21331501007,5.25
10,2,39,3.55523848534,5.25
10,2,41,5.55737352371,5.25
10,2,41,2.12628650665,5.5
10,2,42,5.46845197678,5.5
10,2,42,1.01786243916,5.75
10,2,43,3.31169867516,5.75
10,2,43,1.55969798565,5.25
10,2,47,4.65088558197,5.25
10,2,47,5.35986089706,5.5
10,2,51,6.07140731812,5.5
10,2,51,5.40574264526,5.5
10,2,52,5.58381748199,5.5
10,2,52,4.69724225998,6.75
10,2,53,6.57455921173,6.75
10,2,53,4.94382381439,5.5
10,2,54,5.82531118393,5.5
10,2,54,3.16357398033,3.75
10,2,55,6.44534921646,3.75
10,2,55,4.5195555687,5.25
10,2,56,5.21147680283,5.25
10,2,56,5.06323766708,5.5
10,2,58,6.52737140656,5.5
10,2,58,4.13517904282,5.0
10,2,65,5.2790646553,5.0
10,2,65,3.40055632591,3.0
10,2,66,2.39233779907,3.0
10,2,66,4.36540985107,4.33333
10,2,67,3.42515420914,4.33333
10,2,67,5.09433412552,4.75
10,2,68,5.16281700134,4.75
10,2,68,5.05464076996,5.25
10,2,69,6.03195810318,5.25
10,2,69,3.50431752205,4.66667
10,2,70,5.48342132568,4.66667
10,2,70,1.77641260624,4.0
10,2,71,5.23152542114,4.0
10,2,71,3.4854695797,6.25
10,2,72,6.28061819077,6.25
10,2,72,1.82142698765,5.5
10,2,73,5.15063285828,5.5
10,2,73,4.03492879868,4.75
10,2,74,3.30598258972,4.75
10,2,74,4.18876123428,4.5
10,2,75,3.13617420197,4.5
10,2,75,2.45250320435,4.5
10,2,76,4.51691532135,4.5
10,2,76,1.12332212925,3.5
10,2,77,3.0652410984,3.5
10,2,77,3.75248026848,5.25
10,2,78,4.52467870712,5.25
10,2,78,2.26330924034,5.5
10,2,79,5.1329627037,5.5
10,2,79,1.48138833046,4.5
10,2,80,3.00703215599,4.5
10,2,80,1.78868317604,5.25
10,2,81,6.32386493683,5.25
10,2,81,4.22125053406,5.25
10,2,82,5.38301038742,5.25
10,2,82,3.68767666817,4.25
10,2,83,5.65356779099,4.25
10,2,83,3.63361406326,4.0
10,2,84,3.78706026077,4.0
10,2,84,3.1028983593,5.25
10,2,85,5.15815544128,5.25
10,2,85,4.18738031387,4.5
10,2,86,2.57389688492,4.5
10,2,86,3.34504103661,5.5
10,2,87,5.30018377304,5.5
10,2,87,3.56862187386,5.5
10,2,88,6.0119509697,5.5
10,2,88,2.22156023979,4.0
10,2,89,4.00221967697,4.0
10,2,89,1.67064750195,4.25
10,2,90,3.82652449608,4.25
10,2,90,3.47610831261,4.25
10,2,91,3.66891169548,4.25
10,2,91,3.94255137444,5.75
11,1,4,4.50687360764,5.75
11,1,4,5.34422016144,5.75
11,1,5,4.38308572769,4.5
11,1,5,4.56163549423,4.5
11,1,6,4.32429218292,5.0
11,1,6,4.64426851273,5.0
11,1,7,4.03876447678,4.25
11,1,7,4.77125501633,4.25
11,1,8,3.93851828575,4.25
11,1,8,5.15541934967,4.25
11,1,9,3.56493377686,4.0
11,1,9,5.36341142654,4.0
11,1,10,4.59216070175,4.66667
11,1,10,5.08361005783,4.66667
11,1,11,3.90958976746,4.5
11,1,11,5.3259806633,4.5
11,1,12,4.09808921814,5.5
11,1,12,5.25811338425,5.5
11,1,13,5.01212072372,5.25
11,1,13,5.77399587631,5.25
11,1,14,4.00239419937,4.25
11,1,14,4.58264398575,4.25
11,1,15,3.88608050346,3.5
11,1,15,4.4703707695,3.5
11,1,19,2.90108895302,6.25
11,1,19,5.76500749588,6.25
11,1,20,2.72175097466,5.5
11,1,20,5.37168598175,5.5
11,1,21,2.72873544693,4.25
11,1,21,5.35531568527,4.25
11,1,22,2.6699757576,6.25
11,1,22,5.3412899971,6.25
11,1,23,2.84932017326,5.75
11,1,23,5.38036823273,5.75
11,1,24,2.18653082848,3.25
11,1,24,5.61039113998,3.25
11,1,25,2.90472483635,5.0
11,1,25,5.62311506271,5.0
11,1,26,2.68176960945,4.0
11,1,26,5.84414815903,4.0
11,1,27,2.75592541695,4.5
11,1,27,5.32402944565,4.5
11,1,28,2.34867095947,4.5
11,1,28,5.53455305099,4.5
11,1,29,2.53516745567,5.5
11,1,29,5.44235515594,5.5
11,1,30,2.47228741646,4.25
11,1,30,5.64661216736,4.25
11,1,31,2.77955389023,5.5
11,1,31,5.55975341797,5.5
11,1,32,2.86110568047,4.25
11,1,32,5.62401628494,4.25
11,1,33,2.8902657032,5.0
11,1,33,4.90110254288,5.0
11,1,34,2.88168025017,4.5
11,1,34,5.65653324127,4.5
11,1,35,2.28206443787,4.5
11,1,35,5.34058332443,4.5
11,1,36,2.75300002098,5.0
11,1,36,5.25798749924,5.0
11,1,37,2.75192141533,3.75
11,1,37,4.85383939743,3.75
11,1,38,3.06641149521,4.5
11,1,38,5.2127995491,4.5
11,1,39,1.50240123272,5.0
11,1,39,4.71257257462,5.0
11,1,48,3.26987504959,2.25
11,1,48,0.734324872494,2.25
11,1,50,4.18863105774,3.0
11,1,50,4.52267599106,3.0
11,1,51,2.19874477386,4.75
11,1,51,3.98875617981,4.75
11,1,57,2.71894454956,2.5
11,1,57,1.22024583817,2.5
11,1,62,3.00140166283,5.0
11,1,62,2.51521229744,5.0
11,1,63,2.81611657143,6.25
11,1,63,3.90143895149,6.25
11,1,64,2.85712790489,5.0
11,1,64,4.24583625793,5.0
11,1,66,3.01847553253,3.25
11,1,66,4.22246789932,3.25
11,1,68,3.1151664257,4.25
11,1,68,4.40451145172,4.25
11,1,69,3.14072847366,4.0
11,1,69,3.61628341675,4.0
11,1,70,2.88397192955,5.0
11,1,70,3.88117837906,5.0
11,1,73,3.45127749443,5.25
11,1,73,4.34800863266,5.25
11,1,75,3.12600851059,3.5
11,1,75,3.16555500031,3.5
11,1,76,3.2221596241,4.0
11,1,76,3.37768530846,4.0
11,1,77,3.43680620193,6.0
11,1,77,5.15871620178,6.0
11,1,78,2.50464606285,5.0
11,1,78,4.61287975311,5.0
11,1,79,3.07754206657,4.5
11,1,79,2.18938755989,4.5
11,1,80,2.78569364548,6.0
11,1,80,3.75721931458,6.0
11,1,81,2.9562060833,4.5
11,1,81,5.15517854691,4.5
11,1,82,2.88979840279,4.5
11,1,82,4.07307529449,4.5
11,1,83,2.79629397392,3.5
11,1,83,1.2797755003,3.5
11,1,84,2.67587447166,3.5
11,1,84,3.87873768806,3.5
11,1,87,2.95691537857,2.75
11,1,87,5.21382570267,2.75
11,1,88,0.244898155332,3.75
11,1,88,3.53716897964,3.75
11,1,90,2.87031531334,4.25
11,1,90,4.88543272018,4.25
11,1,91,2.82642245293,5.5
11,1,91,4.94935417175,5.5
11,1,93,2.25052547455,4.25
11,1,93,5.19225645065,4.25
11,1,94,2.01557326317,5.75
11,1,94,3.69954943657,5.75
11,1,95,3.17074346542,4.25
11,1,95,4.62211799622,4.25
11,1,96,3.19990205765,4.75
11,1,96,3.76005363464,4.75
11,1,97,2.7217438221,3.75
11,1,97,0.212233230472,3.75
11,1,98,2.93467473984,4.5
11,1,98,3.67866396904,4.5
11,1,99,3.31845712662,6.25
11,1,99,3.8780002594,5.0
11,2,3,-0.0636852532625,5.0
11,2,3,3.53050494194,4.0
11,2,4,3.27605128288,4.0
11,2,4,3.25161147118,2.25
11,2,5,0.574116528034,2.25
11,2,5,4.12525033951,5.5
11,2,6,0.10264134407,5.5
11,2,6,3.10601615906,0.75
11,2,7,1.9370714426,0.75
11,2,7,3.68507838249,5.0
11,2,8,0.354500561953,5.0
11,2,8,3.707457304,3.5
11,2,9,0.835308074951,3.5
11,2,9,3.8314614296,4.75
11,2,10,0.0317182652652,4.75
11,2,10,1.74269902706,2.25
11,2,12,2.04039025307,2.25
11,2,12,2.89241886139,3.75
11,2,17,0.206435993314,3.75
11,2,17,2.11349201202,4.0
11,2,18,0.129850551486,4.0
11,2,18,2.53905582428,5.25
11,2,19,1.15853226185,5.25
11,2,19,2.42845988274,4.75
11,2,20,3.59064340591,4.75
11,2,20,1.52327942848,6.25
11,2,21,0.110761545599,6.25
11,2,21,3.03168535233,3.75
11,2,22,3.20008778572,3.75
11,2,22,2.07141494751,5.75
11,2,23,0.641422688961,5.75
11,2,23,0.408577769995,5.0
11,2,24,0.498431682587,5.0
11,2,24,2.93967819214,5.0
11,2,25,-0.0323592983186,5.0
11,2,25,2.278621912,3.5
11,2,26,0.960918843746,3.5
11,2,26,2.33777022362,5.5
11,2,27,3.48203015327,5.5
11,2,27,2.62047171593,4.5
11,2,28,3.02348542213,4.5
11,2,28,0.208472803235,4.75
11,2,29,4.19001817703,4.75
11,2,29,2.75061202049,4.0
11,2,30,2.95552515984,4.0
11,2,30,2.99003863335,5.0
11,2,31,0.285078316927,5.0
11,2,31,2.72537493706,5.25
11,2,32,3.50558447838,5.25
11,2,32,2.87914919853,4.25
11,2,33,3.65731596947,4.25
11,2,33,3.57223129272,6.5
11,2,34,2.61783576012,6.5
11,2,34,2.8240685463,3.75
11,2,35,4.05482769012,3.75
11,2,35,2.99100875854,4.25
11,2,36,4.33673048019,4.25
11,2,36,2.27300691605,5.0
11,2,37,3.66322517395,5.0
11,2,37,3.32451558113,4.25
11,2,38,4.32791852951,4.25
11,2,38,2.73900389671,4.5
11,2,39,3.94861388206,4.5
11,2,39,3.15088534355,4.25
11,2,40,3.89111399651,4.25
11,2,40,3.4864654541,4.75
11,2,41,1.48408663273,4.75
11,2,41,-0.508498311043,4.75
11,2,42,0.770513176918,4.75
11,2,42,3.18961668015,5.25
11,2,43,0.0268235486001,5.25
11,2,43,3.58381915092,5.5
11,2,44,-0.0284682363272,5.5
11,2,44,2.22423124313,4.25
11,2,45,3.37282681465,4.25
11,2,45,3.23294234276,4.25
11,2,46,-0.106212072074,4.25
11,2,46,3.23407101631,4.0
11,2,47,0.0590303651989,4.0
11,2,47,3.20936393738,6.5
11,2,48,0.829181611538,6.5
11,2,48,3.28241801262,2.75
11,2,49,0.203464820981,2.75
11,2,49,3.13109183311,4.25
11,2,50,0.0836833715439,4.25
11,2,50,3.08661818504,4.5
11,2,51,1.09138977528,4.5
11,2,51,3.71748328209,5.0
11,2,52,0.42052179575,5.0
11,2,52,3.38061070442,4.5
11,2,53,1.85117137432,4.5
11,2,53,3.32771110535,3.75
11,2,54,1.82091772556,3.75
11,2,54,2.99571585655,4.5
11,2,55,3.4801132679,4.5
11,2,55,2.96573734283,4.75
11,2,56,2.598290205,4.75
11,2,56,1.50734901428,2.5
11,2,60,-0.0155341718346,2.5
11,2,60,1.08223891258,3.25
11,2,61,2.40647864342,3.25
11,2,61,3.70942997932,1.75
11,2,62,3.87318086624,1.75
11,2,62,3.44516992569,2.75
11,2,63,0.390319108963,2.75
11,2,63,3.64006686211,4.25
11,2,64,3.76386809349,4.25
11,2,64,3.43444514275,2.5
11,2,65,3.87620472908,2.5
11,2,65,3.61368727684,1.75
11,2,66,1.61853635311,1.75
11,2,66,3.12506985664,4.75
11,2,67,4.38891935349,4.75
11,2,67,3.59115409851,4.0
11,2,68,1.28871512413,4.0
11,2,68,2.70511221886,3.25
11,2,69,2.9197177887,3.25
11,2,69,3.64730834961,4.25
11,2,72,1.11185669899,4.25
11,2,72,3.34430932999,4.25
11,2,73,0.251783013344,4.25
11,2,73,3.56265830994,4.25
11,2,74,-0.087561249733,4.25
11,2,74,3.58593678474,2.5
11,2,75,-0.170312359929,2.5
11,2,75,3.76599931717,5.5
11,2,76,-0.20946200192,5.5
11,2,76,3.42668128014,4.5
11,2,77,-0.286578148603,4.5
11,2,77,3.67376565933,5.5
11,2,78,0.408096790314,5.5
11,2,78,3.32556414604,4.25
11,2,79,0.732333600521,4.25
11,2,79,2.97112441063,3.75
11,2,80,-0.448936849833,3.75
11,2,80,3.50491905212,3.0
11,2,81,-0.104962900281,3.0
11,2,81,3.34596824646,4.75
11,2,82,0.027673849836,4.75
11,2,82,3.62028503418,4.0
11,2,83,0.493930190802,4.0
11,2,83,4.00964593887,4.75
11,2,84,0.899841785431,4.75
11,2,84,3.09630799294,5.0
11,2,85,0.489363908768,5.0
11,2,85,3.73377037048,5.75
11,2,86,0.354822784662,5.75
11,2,86,3.4209792614,4.25
11,2,87,2.94033050537,4.25
11,2,87,3.47766184807,5.0
11,2,88,3.43425250053,5.0
11,2,88,3.33309030533,4.75
11,2,89,3.02320814133,4.75
11,2,89,2.82488131523,3.25
11,2,90,0.280666202307,3.25
11,2,90,3.02187013626,4.5
11,2,91,-0.150301873684,4.5
11,2,91,2.91064453125,5.5
11,2,92,-0.571151554585,5.5
11,2,92,3.18312954903,5.0
11,2,93,3.21627426147,5.0
11,2,93,3.27090263367,4.25
11,2,94,3.72767615318,4.25
11,2,94,2.85868263245,4.0
11,2,95,2.73823809624,4.0
11,2,95,3.68458175659,5.0
11,2,96,0.350070923567,5.0
11,2,96,3.54035615921,3.75
11,2,97,3.07631063461,3.75
11,2,97,3.38022732735,5.0
11,2,98,-0.200194150209,5.0
11,2,98,2.4451546669,5.5
11,2,99,4.09714841843,5.5
11,2,99,-0.7268217206,4.5
11,2,100,2.59566235542,4.5
11,2,100,3.58947944641,4.75
11,2,101,3.82690095901,4.75
11,2,101,3.70529437065,3.75
11,2,102,1.71802997589,3.75
11,2,102,2.89181303978,5.25
11,2,103,-0.474711239338,5.25
11,2,103,3.29264450073,6.0
11,2,104,-0.323207557201,6.0
11,2,104,3.77750325203,4.5
11,2,105,0.450438261032,4.5
11,2,105,4.14890813828,3.0
11,2,106,-0.337478607893,3.0
11,2,106,3.78758049011,4.75
11,2,109,0.312563359737,4.75
11,2,109,4.19084978104,4.75
11,2,110,0.563470244408,4.75
11,2,110,3.34218215942,4.5
12,1,2,3.23519968987,6.5
12,1,2,3.49395251274,6.5
12,1,3,3.79453587532,6.0
12,1,3,3.17223119736,6.0
12,1,5,3.488748312,6.0
12,1,5,3.27997636795,6.0
12,1,6,3.61014032364,5.0
12,1,6,3.25287437439,5.0
12,1,7,3.53653335571,6.25
12,1,7,3.15766215324,6.25
12,1,8,3.68320345879,5.25
12,1,8,3.10078692436,5.25
12,1,9,3.68208169937,4.75
12,1,9,3.140147686,4.75
12,1,10,3.79237675667,5.25
12,1,10,3.33843231201,5.25
12,1,11,3.80969548225,5.0
12,1,11,3.11862421036,5.0
12,1,12,3.3486263752,5.75
12,1,12,3.11791300774,5.75
12,1,69,3.30112266541,3.75
12,1,69,3.52761006355,4.0
12,2,4,2.52570223808,4.0
12,2,4,3.74907183647,5.25
12,2,5,2.8644194603,5.25
12,2,5,3.51543879509,5.0
12,2,11,2.49947977066,5.0
12,2,11,2.74830985069,5.25
16,2,5,2.86571645737,4.0
16,2,5,4.77264738083,4.0
16,2,6,3.33916020393,4.5
16,2,6,6.04512023926,4.5
16,2,7,2.72650289536,5.0
16,2,7,4.83912038803,5.0
16,2,8,2.23308324814,3.25
16,2,8,4.81064891815,3.25
16,2,9,3.39560437202,3.5
16,2,9,5.84055376053,3.5
16,2,10,4.55440235138,5.5
16,2,10,5.44139051437,5.5
16,2,11,1.66038739681,4.5
16,2,11,5.34395551682,4.5
16,2,12,1.24384880066,5.5
16,2,12,4.15788316727,5.5
16,2,13,2.5422847271,4.5
16,2,13,4.72300958633,4.5
16,2,14,2.4692876339,4.0
16,2,14,4.05995082855,4.0
16,2,15,4.54552078247,4.25
16,2,15,3.80219388008,4.25
16,2,21,1.72835564613,3.75
16,2,21,5.96873807907,3.75
16,2,22,5.06467151642,1.75
16,2,22,6.50020313263,1.75
16,2,23,2.00686740875,2.5
16,2,23,5.36314868927,2.5
16,2,24,1.09292078018,3.5
16,2,24,4.91571569443,3.5
16,2,25,1.19608390331,3.0
16,2,25,3.38863301277,3.0
16,2,26,1.50299715996,3.25
16,2,26,4.67638731003,3.25
16,2,27,2.13794112206,4.25
16,2,27,3.9406247139,4.25
16,2,28,2.87353873253,3.25
16,2,28,2.99223542213,3.25
16,2,29,3.80384993553,2.0
16,2,29,4.10018730164,2.0
16,2,30,5.50121641159,3.0
16,2,30,2.56441354752,3.0
16,2,31,2.91955280304,2.0
16,2,31,5.81225633621,2.0
16,2,32,0.367969661951,2.75
16,2,32,5.25205230713,2.75
16,2,33,2.85952925682,1.5
16,2,33,5.42281389236,1.5
16,2,34,1.99893701077,2.25
16,2,34,5.38399839401,2.25
16,2,35,0.664372503757,2.5
16,2,35,3.39002394676,2.5
16,2,36,2.91246509552,3.75
16,2,36,3.77497792244,3.75
16,2,37,0.60082834959,4.5
16,2,37,5.62764883041,4.5
16,2,38,4.46557950974,4.0
16,2,38,5.36954927444,4.0
16,2,39,3.74272847176,2.25
16,2,39,5.01951932907,2.25
16,2,40,1.22639834881,2.0
16,2,40,3.00092744827,2.0
16,2,41,4.30237674713,1.75
16,2,41,3.71208000183,1.75
16,2,42,2.24708628654,2.5
16,2,42,4.07421207428,2.5
16,2,43,1.06467235088,2.25
16,2,43,5.18665552139,2.25
16,2,44,1.44214570522,2.75
16,2,44,3.80040669441,2.75
16,2,45,1.36183488369,3.0
16,2,45,3.90257525444,3.0
16,2,46,2.82814264297,2.5
16,2,46,4.94009160995,2.5
16,2,47,2.23610949516,1.75
16,2,47,4.51354646683,1.75
16,2,48,0.583509147167,3.25
16,2,48,2.9408159256,3.25
16,2,49,1.47542965412,2.75
16,2,49,1.52151608467,2.75
16,2,50,1.17072808743,2.25
16,2,50,5.20991897583,2.25
16,2,51,1.66361200809,3.5
16,2,51,5.47448921204,3.5
16,2,52,1.59032618999,2.25
16,2,52,5.14120674133,2.25
16,2,53,2.21998953819,4.0
16,2,53,5.92003965378,4.0
16,2,54,1.60788917542,1.25
16,2,54,3.16147685051,1.25
16,2,55,2.22441959381,4.0
16,2,55,3.75186896324,4.0
16,2,56,3.44985318184,4.75
16,2,56,5.53096675873,4.75
16,2,57,1.82213747501,3.0
16,2,57,5.76880264282,3.0
16,2,58,3.18497300148,2.25
16,2,58,5.74330186844,2.25
16,2,60,2.8231754303,3.0
16,2,60,3.97942471504,3.0
16,2,61,4.21329450607,2.5
16,2,61,4.32462310791,2.5
16,2,65,3.29354357719,5.0
16,2,65,5.09063863754,5.0
16,2,66,3.19918990135,5.75
16,2,66,5.15308523178,5.75
16,2,67,2.31556534767,3.5
16,2,67,4.42013692856,3.5
16,2,68,1.16290521622,1.25
16,2,68,4.37202072144,1.25
16,2,69,1.84374558926,1.75
16,2,69,4.97582483292,1.75
16,2,70,1.19395244122,1.75
16,2,70,4.81954908371,1.75
16,2,71,3.92746543884,4.0
16,2,71,5.18582201004,4.0
16,2,72,3.2799975872,2.25
16,2,72,4.03590917587,2.25
16,2,73,3.19764852524,4.0
16,2,73,4.10506868362,4.0
16,2,76,1.64943909645,3.0
16,2,76,5.36716747284,3.0
16,2,77,1.10563933849,5.5
16,2,77,4.28621482849,5.5
16,2,78,2.3930785656,4.25
16,2,78,5.91040754318,4.25
16,2,79,3.94159317017,5.0
16,2,79,5.71131467819,5.0
16,2,80,1.4751251936,4.0
16,2,80,6.45760059357,4.0
16,2,81,0.405622541904,2.5
16,2,81,4.85191965103,2.5
16,2,82,1.57811105251,2.25
16,2,82,5.7607088089,2.25
16,2,83,1.34977412224,4.5
16,2,83,5.97215414047,4.5
16,2,84,1.26570832729,3.75
16,2,84,5.83063220978,3.75
16,2,85,0.907602131367,3.5
16,2,85,5.67880916595,3.5
16,2,86,2.39653229713,4.5
16,2,86,5.9488158226,4.5
16,2,87,1.16237020493,3.5
16,2,87,5.9546713829,3.5
16,2,88,0.774248540401,3.75
16,2,88,6.19345092773,3.75
16,2,89,0.454527944326,1.75
16,2,89,6.20932674408,1.75
16,2,90,1.71686935425,1.75
16,2,90,2.98990988731,1.75
16,2,91,2.05669355392,3.25
16,2,91,4.75188016891,3.25
16,2,92,2.10149168968,2.5
16,2,92,5.16988992691,2.5
16,2,93,3.44667625427,4.0
16,2,93,5.06137990952,4.0
16,2,94,1.69479846954,4.0
16,2,94,5.99313926697,4.0
16,2,95,2.0908677578,3.5
16,2,95,4.84811782837,3.5
16,2,96,2.06443428993,3.5
16,2,96,5.89639234543,3.5
16,2,97,0.617590129375,2.75
16,2,97,6.49157333374,2.75
16,2,98,0.245113968849,4.5
16,2,98,5.11682081223,4.5
16,2,99,0.0849873051047,3.25
16,2,99,5.40683603287,3.25
16,2,100,0.797908484936,3.25
16,2,100,4.76345396042,3.25
16,2,101,2.21281599998,5.0
16,2,101,5.4267039299,5.0
16,2,102,2.3417224884,1.75
16,2,102,5.59255599976,1.75
16,2,103,0.648220658302,3.25
16,2,103,5.57978153229,3.25
16,2,104,1.04624736309,1.75
16,2,104,5.11849975586,1.75
16,2,105,2.44562339783,3.75
16,2,105,4.91252040863,3.75
16,2,106,1.82254755497,2.75
16,2,106,5.36509799957,2.75
16,2,107,1.67871975899,3.25
16,2,107,5.32410240173,3.25
16,2,108,2.99341750145,2.75
16,2,108,5.28684568405,2.75
16,2,109,3.29272341728,4.5
16,2,109,5.618496418,4.5
16,2,110,1.81186771393,2.25
16,2,110,3.8177986145,2.25
16,2,111,2.11771965027,3.5
16,2,111,5.24793434143,3.5
16,2,112,0.301633447409,1.5
16,2,112,6.17225790024,1.5
16,2,113,0.432608127594,2.5
16,2,113,6.1256737709,2.5
16,2,114,1.94907665253,3.5
16,2,114,4.08333587646,3.5
16,2,115,1.93720018864,2.75
16,2,115,4.45113134384,2.75
16,2,116,1.5073466301,4.0
17,1,4,9.2746553421,2.75
17,1,4,2.23972010612,2.75
17,1,5,8.45425796509,2.75
17,1,5,1.25163209438,2.75
17,1,6,8.17092037201,2.75
17,1,6,1.53638470173,2.75
17,1,7,8.83481025696,2.75
17,1,7,1.10077106953,2.75
17,1,8,-0.00777431065217,2.75
17,1,8,1.52617239952,2.75
17,1,9,3.80005383492,1.5
17,1,9,1.58474218845,1.5
17,1,10,3.37847590446,1.5
17,1,10,1.08015465736,1.5
17,1,12,4.05171203613,2.25
17,1,12,8.72295188904,2.25
17,1,17,8.53263282776,3.0
17,1,17,0.878093719482,3.0
17,1,18,8.9644575119,2.75
17,1,18,0.756174504757,2.75
17,1,19,8.73777675629,4.0
17,1,19,0.717225790024,4.0
17,1,20,8.70770549774,3.5
17,1,20,0.993360459805,3.5
17,1,21,8.8674659729,2.5
17,1,21,0.769025981426,2.5
17,1,22,9.15201854706,3.0
17,1,22,0.752277553082,3.0
17,1,23,8.91529083252,2.5
17,1,23,0.500686645508,2.5
17,1,24,9.00278186798,3.25
17,1,24,1.15594553947,3.25
17,1,25,9.59480667114,3.75
17,1,25,0.910344600677,3.75
17,1,26,5.62418842316,3.0
17,1,26,0.409161537886,3.0
17,1,27,9.20576095581,4.5
17,1,27,0.891188621521,4.5
17,1,29,9.68555259705,4.0
17,1,29,0.731264710426,4.0
17,1,30,9.57298088074,5.25
17,1,30,0.828645646572,5.25
17,1,31,8.5732383728,4.0
17,1,31,0.718938529491,4.0
17,1,32,4.9368185997,4.5
17,1,32,1.63168752193,4.5
17,1,33,9.50804042816,3.75
17,1,33,0.602453589439,3.75
17,1,34,4.81650352478,3.25
17,1,34,0.857080638409,3.25
17,1,35,9.31985378265,2.5
17,1,35,0.702682435513,2.5
17,1,36,7.38383483887,2.75
17,1,36,1.00837659836,2.75
17,1,37,9.01547527313,2.5
17,1,37,1.18544566631,2.5
17,1,38,9.12134075165,2.25
17,1,38,0.562987327576,2.25
17,1,39,8.35908603668,4.5
17,1,39,0.864845752716,4.5
17,1,40,8.98522186279,3.0
17,1,40,0.698938071728,3.0
17,1,41,8.27722644806,3.25
17,1,41,1.20332324505,3.25
17,1,42,8.60414791107,3.75
17,1,42,1.04522645473,3.75
17,1,43,9.17965316772,4.25
17,1,43,0.585074484348,4.25
17,1,44,8.18136024475,3.5
17,1,44,0.83224439621,3.5
17,1,45,4.97999572754,3.0
17,1,45,1.49785101414,3.0
17,1,46,7.7046084404,4.0
17,1,46,0.988424599171,4.0
17,1,51,9.21227073669,3.0
17,1,51,0.80893945694,3.0
17,1,52,9.74496841431,2.75
17,1,52,1.18440139294,2.75
17,1,53,8.86599349976,2.75
17,1,53,0.987583458424,2.75
17,1,54,9.0008687973,3.25
17,1,54,0.950545907021,3.25
17,1,55,7.35378789902,2.5
17,1,55,1.45417535305,2.5
17,1,56,9.21510601044,3.25
17,1,56,0.76336401701,3.25
17,1,59,4.57210493088,2.5
17,1,59,2.12312674522,2.5
17,1,60,8.21776866913,3.0
17,1,60,2.02035307884,3.0
17,1,61,2.55426383018,2.25
17,1,61,0.90892714262,2.25
17,1,62,2.15318083763,1.75
17,1,62,2.21718525887,1.75
17,1,63,-1.4206135273,1.75
17,1,63,2.30238032341,1.75
17,1,64,-1.01468706131,1.0
17,1,64,1.37390470505,1.0
17,1,65,0.307947933674,1.25
17,1,65,1.26983428001,1.25
17,1,67,9.3117647171,3.0
17,1,67,2.16296458244,3.0
17,1,68,8.43036937714,3.75
17,1,68,1.40313088894,3.75
17,1,69,8.07142448425,2.5
17,1,69,2.43282747269,2.5
17,1,72,9.53228759766,5.25
17,1,72,1.06347882748,5.25
17,1,73,5.2349357605,4.25
17,1,73,0.555267870426,4.25
17,1,74,8.52339935303,3.25
17,1,74,0.737905442715,3.25
17,1,75,4.45726251602,1.75
17,1,75,0.879666924477,1.75
17,1,76,5.6675453186,4.5
17,1,76,0.886217296124,4.5
17,1,77,5.87673425674,3.5
17,1,77,0.686522364616,3.5
17,1,78,9.44744586945,4.25
17,1,78,0.802425324917,4.25
17,1,79,8.91082859039,3.25
17,1,79,1.11680328846,3.25
17,1,80,5.61542797089,4.25
17,1,80,1.03910553455,4.25
17,1,81,9.84060096741,4.5
17,1,81,0.379725724459,4.5
17,1,82,9.61687755585,5.0
17,1,82,0.782932698727,5.0
17,1,83,6.09969425201,3.5
17,1,83,0.894428431988,3.5
17,1,84,9.14831733704,4.25
17,1,84,1.0574439764,4.25
17,1,85,9.08478164673,4.75
17,1,85,0.829699337482,4.75
17,1,86,9.2036523819,4.0
17,1,86,0.844916820526,4.0
17,1,87,9.26223468781,2.5
17,1,87,0.882649421692,2.5
17,1,88,10.0725011826,4.25
17,1,88,0.837762773037,4.25
17,1,89,5.57607364655,3.25
17,1,89,0.814534366131,3.25
17,1,90,9.41195583344,5.5
17,1,90,0.51058858633,5.5
17,1,91,9.1951007843,3.5
17,1,91,1.12251245975,3.5
17,1,92,9.75260639191,5.25
17,1,92,0.803661465645,5.25
17,1,93,8.41121196747,3.5
17,1,93,1.47466874123,3.5
17,1,94,9.97558403015,3.5
17,1,94,0.938244342804,3.5
17,1,95,9.87399101257,5.25
17,1,95,1.08362662792,5.25
17,1,96,5.26555776596,1.5
17,1,96,0.570836782455,1.5
17,1,97,5.37686443329,2.5
17,1,97,1.01366174221,2.5
17,1,98,9.79006576538,3.5
17,1,98,1.09573721886,3.5
17,1,99,8.76363945007,3.5
17,1,99,0.946575760841,3.5
17,1,100,9.54264736176,2.75
17,1,100,1.04077196121,2.75
17,1,101,8.91922283173,3.0
17,1,101,0.896586716175,3.0
17,1,102,8.20027446747,3.75
17,1,102,0.972576618195,3.75
17,1,104,9.29268169403,3.25
17,1,104,1.14392220974,3.25
17,1,105,9.58106803894,3.75
17,1,105,0.0454305410385,3.75
17,1,106,8.95307064056,2.75
17,1,106,0.928130567074,2.75
17,1,107,9.90903377533,3.25
17,1,107,0.881438732147,3.25
17,1,108,9.27754878998,2.5
17,1,108,0.565337777138,2.5
17,1,109,9.48615169525,2.5
18,1,2,-1.98947715759,4.25
18,1,2,8.9766960144,4.25
18,1,3,-1.40171182156,2.25
18,1,3,10.6505975723,2.25
18,1,4,-1.41203892231,3.0
18,1,4,10.3788471222,3.0
18,1,5,-0.111573398113,1.5
18,1,5,0.783416092396,1.5
18,1,6,-1.24233281612,3.5
18,1,6,10.4443788528,3.5
18,1,7,9.17783641815,2.5
18,1,7,0.571994721889,2.5
18,1,8,-0.360651522875,2.25
18,1,8,9.71125507355,2.25
18,1,9,10.3883724213,2.0
18,1,9,-0.519850611687,2.0
18,1,10,10.5605249405,1.75
18,1,10,-0.628365695477,1.75
18,1,11,10.3992414474,5.75
18,1,11,0.845537126064,5.75
18,1,12,10.348906517,6.0
18,1,12,10.0581321716,6.0
18,1,16,-11.6789865494,2.33333
18,1,16,10.1620435715,2.33333
18,1,17,-11.6692857742,3.0
18,1,17,-0.279363304377,3.0
18,1,18,-11.7056035995,2.75
18,1,18,10.3042526245,2.75
18,1,19,-11.7687616348,2.75
18,1,19,10.1123476028,2.75
18,1,20,-11.5054607391,2.75
18,1,20,0.615021646023,2.75
18,1,21,-11.4809074402,2.5
18,1,21,9.80498504639,2.5
18,1,28,-11.4264211655,3.25
18,1,28,10.9744529724,3.25
18,1,29,-11.5671072006,3.75
18,1,29,10.4172782898,3.75
18,1,30,-11.4379348755,2.75
18,1,30,0.552108049393,2.75
18,1,31,-11.4852466583,3.75
18,1,31,10.8269233704,3.75
18,1,32,-11.4904842377,1.25
18,1,32,10.6703453064,1.25
18,1,33,-11.5199556351,1.0
18,1,33,10.3272628784,1.0
18,1,34,-11.6403474808,2.25
18,1,34,0.34285274148,2.25
18,1,35,-11.5437097549,2.25
18,1,35,-1.36577701569,2.25
18,1,36,-11.5928640366,2.25
18,1,36,-0.435313850641,2.25
18,1,37,-11.6095180511,2.75
18,1,37,10.6916780472,2.75
18,1,38,-11.7224225998,3.5
18,1,38,-0.144039452076,3.5
18,1,39,-11.6967821121,4.0
18,1,39,10.031252861,4.0
18,1,40,-11.7710027695,4.0
18,1,40,9.45828533173,4.0
18,1,41,-11.6969070435,4.0
18,1,41,10.0193548203,4.0
18,1,42,-11.7855300903,2.5
18,1,42,9.54977607727,2.5
18,1,43,-11.6967983246,4.25
18,1,43,10.0469551086,4.25
18,1,44,-11.5334043503,2.5
18,1,44,-0.999650120735,2.5
18,1,45,-11.2366886139,4.75
18,1,45,-0.412173241377,4.75
18,1,46,-11.5897655487,2.25
18,1,46,-0.927627980709,2.25
18,1,47,-11.5280256271,1.75
18,1,47,0.391730934381,1.75
18,1,48,-11.6120405197,1.75
18,1,48,-0.923612058163,1.75
18,1,49,-11.5983381271,1.5
18,1,49,-0.662541329861,1.5
18,1,50,-11.629904747,2.25
18,1,50,0.762367665768,2.25
18,1,51,-11.5321331024,1.25
18,1,51,9.77450084686,1.25
18,1,53,-11.3949384689,3.25
18,1,53,10.4059648514,3.25
18,1,54,-10.9046497345,1.25
18,1,54,-1.06345045567,1.25
18,1,55,-11.6158971786,1.75
18,1,55,9.919090271,1.75
18,1,56,-11.5386266708,3.25
18,1,56,-0.511100053787,3.25
18,1,59,-1.54793918133,1.66667
18,1,59,0.00115618226118,1.66667
18,1,60,0.272406607866,1.0
18,1,60,10.6507072449,1.0
18,1,61,-10.9855203629,3.25
18,1,61,10.5363454819,3.25
18,1,62,-10.5238990784,1.5
18,1,62,10.6003398895,1.5
18,1,64,0.516501843929,2.25
18,1,64,-0.530776023865,2.25
18,1,65,-10.4231262207,1.0
18,1,65,10.2615480423,1.0
18,1,66,-11.2238645554,1.75
18,1,66,-0.531786978245,1.75
18,1,67,-11.3631811142,1.0
18,1,67,-0.930432140827,1.0
18,1,68,-11.2111654282,2.5
18,1,68,-10.624630928,2.5
18,1,74,-10.7508392334,1.5
18,1,74,-0.896790206432,1.5
18,1,75,-11.1235580444,1.0
18,1,75,10.1279554367,1.0
18,1,76,-11.2720127106,2.0
18,1,76,10.5002498627,2.0
18,1,77,-11.2476511002,1.0
18,1,77,-0.153884500265,1.0
18,1,78,-11.4799795151,2.0
18,1,78,-0.692260205746,2.0
18,1,79,-11.5972738266,2.25
18,1,79,10.4827203751,2.25
18,1,80,-11.5387554169,3.5
18,1,80,10.4147090912,3.5
18,1,81,-11.4230337143,3.75
18,1,81,10.423822403,3.75
18,1,82,-11.6007566452,3.25
18,1,82,10.3620376587,3.25
18,1,84,-11.4490795135,4.5
18,1,84,-0.111551560462,4.5
18,1,85,-11.3220310211,4.0
18,1,85,10.4957065582,4.0
18,1,90,-11.3139200211,2.5
18,1,90,10.4412736893,2.5
18,1,91,-11.3688640594,2.5
18,1,91,10.754401207,2.5
18,1,92,-11.3164100647,2.25
18,1,92,-0.882689893246,2.25
18,1,93,-11.3961362839,2.0
18,1,93,-0.664764583111,2.0
18,1,94,-11.4616498947,2.5
18,1,94,-1.11935949326,2.5
18,1,95,-11.4654788971,4.25
18,1,95,10.0712194443,4.25
18,1,96,-10.3955860138,2.5
18,1,96,-0.442215174437,2.5
18,1,97,-11.7888326645,3.25
18,1,97,10.296667099,3.25
18,1,98,-11.6625576019,2.25
18,1,98,10.2608118057,2.25
18,1,99,-11.0770816803,2.5
18,1,99,0.173048481345,2.5
18,1,100,-11.7615785599,3.75
18,1,100,9.77525234222,3.75
18,1,101,-11.2546100616,2.25
18,1,101,-0.0600769594312,2.25
18,1,102,-10.9861412048,2.25
18,1,102,-0.729810714722,2.25
18,1,103,-0.291573017836,2.0
18,1,103,10.2955121994,2.0
18,1,104,-11.5967111588,3.25
18,1,104,0.509426772594,3.25
18,1,105,-11.2373571396,1.75
18,1,105,-0.785390257835,1.75
18,1,109,-10.9412479401,3.0
18,1,109,10.251996994,3.0
18,1,111,-11.4401922226,2.75
18,1,111,1.0644108057,2.75
18,1,112,-11.793258667,1.25
