3,1,1,4.5863,3.875
3,1,1,5.1473,3.875
3,1,2,3.8765,4.5
3,1,2,3.9023,4.5
3,1,3,3.4228,3.0
3,1,3,3.3225,3.0
3,1,4,3.3490,3.25
3,1,4,4.3018,3.25
3,1,5,2.6390,6.0
3,1,5,2.8535,6.0
3,1,6,2.5794,4.5
3,1,6,2.6700,4.5
3,1,7,3.4264,4.75
3,1,7,4.2918,4.75
3,1,8,3.1270,3.5
3,1,8,4.6916,3.5
3,1,10,2.8597,2.875
3,1,10,4.9554,2.875
3,1,14,3.0163,3.75
3,1,14,5.3470,3.75
3,1,15,3.2471,5.0
3,1,15,2.2462,5.0
3,1,16,2.9198,4.75
3,1,16,3.9709,4.75
3,1,17,3.4005,5.0
3,1,17,3.4436,5.0
3,1,18,2.8173,3.75
3,1,18,3.3773,3.75
3,1,20,3.1675,2.5
3,1,20,3.7478,2.5
3,1,21,2.7806,4.5
3,1,21,3.7614,4.5
3,1,22,3.5986,4.83333
3,1,22,2.1822,4.83333
3,1,24,2.9869,4.5
3,1,24,2.3058,4.5
3,1,25,3.3559,5.5
3,1,25,5.4992,5.5
3,1,26,2.7189,4.0
3,1,26,4.2153,4.0
3,1,27,3.0563,5.25
3,1,27,5.3942,5.25
3,1,28,2.5424,4.75
3,1,28,3.5578,4.75
3,1,29,3.0795,1.25
3,1,29,5.0851,1.25
3,1,30,2.6711,4.5
3,1,30,4.5430,4.5
3,1,33,2.5119,3.0
3,1,33,3.5027,3.0
3,1,34,2.5146,4.125
3,1,34,2.6229,4.125
3,1,35,2.4444,4.375
3,1,35,4.0255,4.375
3,1,40,3.3885,5.0
3,1,40,5.3974,5.0
3,1,43,2.5745,4.0
3,1,43,4.6122,4.0
3,1,44,2.6659,3.0
3,1,44,2.6664,3.0
3,1,45,2.1027,4.25
3,1,45,3.9368,4.25
3,1,46,2.4585,5.0
3,1,46,2.8328,5.0
3,1,47,2.6228,4.25
3,1,47,3.6901,4.25
3,1,48,3.3857,2.5
3,1,48,3.6055,2.5
3,1,49,2.4438,5.0
3,1,49,4.5540,5.0
3,1,50,2.4047,4.66667
3,1,50,4.4551,4.66667
3,1,51,2.8779,4.5
3,1,51,3.3639,4.5
3,1,52,2.6809,3.5
3,1,52,3.3176,3.5
3,1,55,3.2845,3.25
3,1,55,4.7223,3.25
3,1,56,2.4545,4.0
3,1,56,4.5933,4.0
3,1,57,2.4560,4.875
3,1,57,4.9951,4.875
3,1,58,4.0014,4.5
3,1,58,5.4839,4.5
3,1,59,3.6200,5.5
3,1,59,4.0082,5.5
3,1,60,2.3710,5.5
3,1,60,5.4339,5.5
3,1,61,2.8838,5.5
3,1,61,4.8673,5.5
3,1,62,3.5617,4.375
3,1,62,3.7705,4.375
3,1,63,2.7312,4.75
3,1,63,3.9624,4.75
3,1,64,3.1270,5.75
3,1,64,5.0857,5.75
3,1,65,3.2334,6.25
3,1,65,4.6635,6.25
3,1,66,3.5235,3.0
3,1,66,3.6274,3.0
3,1,70,2.5774,2.75
3,1,70,3.0850,2.75
3,1,71,2.9993,2.0
3,1,71,3.5978,2.0
3,1,73,1.7682,3.0
3,1,73,4.6201,3.0
3,1,74,2.9203,4.0
3,1,74,4.1970,4.0
3,1,75,2.8320,4.0
3,1,75,1.7923,4.0
3,1,78,2.9479,5.25
3,1,78,3.5457,5.25
3,1,79,2.9883,5.25
3,1,79,4.8786,5.25
3,1,80,2.3103,2.75
3,1,80,4.8542,2.75
3,1,81,2.9865,2.75
3,1,81,2.3753,2.75
3,1,82,2.9247,3.0
3,1,82,4.4587,3.0
3,1,83,2.4112,4.5
3,1,83,4.5158,4.5
3,1,84,2.6098,3.75
3,1,84,3.8445,3.75
3,1,85,2.4561,2.0
3,1,85,3.7271,2.0
3,1,86,2.4629,4.25
3,1,86,3.7114,4.25
3,1,87,3.0489,4.25
3,1,87,4.1997,4.25
3,1,88,2.6096,4.0
3,1,88,4.5779,4.0
3,1,89,3.0132,4.25
3,1,89,4.0337,4.25
3,1,90,3.3149,3.75
3,1,90,2.8194,3.75
3,1,91,2.8202,4.0
3,1,91,3.3972,4.0
3,1,92,2.3076,3.5
3,1,92,2.9565,3.5
3,1,93,3.2611,3.25
3,1,93,4.2058,3.25
3,1,94,2.7570,3.25
3,1,94,3.7839,3.25
3,1,95,2.5599,3.75
3,1,95,4.2771,3.75
3,1,96,2.8453,3.875
3,1,96,4.2410,3.875
3,1,97,1.5462,1.25
3,1,97,4.1069,1.25
3,1,98,2.0025,1.75
3,1,98,3.3314,1.75
3,1,99,2.3274,1.5
3,1,99,3.1407,1.5
3,1,100,2.6854,2.375
3,1,100,2.5508,2.375
3,1,101,3.0594,4.375
3,1,101,4.7926,4.375
3,1,102,2.6773,5.25
3,1,102,2.3550,5.25
3,1,103,2.2778,1.5
3,1,103,4.4372,1.5
3,1,104,2.1356,3.5
3,1,104,3.4782,3.5
3,1,105,2.5312,1.25
3,1,105,3.2553,1.25
3,1,106,2.7530,2.75
3,1,106,2.2588,1.875
3,2,2,4.3381,1.875
3,2,2,3.2116,3.25
3,2,5,4.6780,3.25
3,2,5,2.6294,5.25
3,2,6,4.4225,5.25
3,2,6,3.5733,6.0
3,2,7,4.8874,6.0
3,2,7,4.2970,6.0
3,2,8,5.0218,6.0
3,2,8,3.6834,4.5
3,2,9,4.3794,4.5
3,2,9,3.2308,4.0
3,2,10,4.1600,4.0
3,2,10,3.6482,4.125
3,2,11,4.2853,4.125
3,2,11,3.7330,5.25
3,2,12,4.2006,5.25
3,2,12,4.1119,5.0
3,2,13,4.3444,5.0
3,2,13,3.5046,3.75
3,2,14,4.6941,3.75
3,2,14,2.6032,2.5
3,2,26,3.0211,2.5
3,2,26,2.8113,4.0
3,2,27,3.1918,4.0
3,2,27,2.2777,4.0
3,2,28,2.7233,4.0
3,2,28,2.5676,4.0
3,2,29,2.5284,4.0
3,2,29,2.7410,3.625
3,2,30,2.6949,3.625
3,2,30,2.8041,3.25
3,2,31,3.7403,3.25
3,2,31,2.5508,3.25
3,2,32,2.8984,3.25
3,2,32,2.1999,3.5
3,2,34,3.0076,3.5
3,2,34,2.3121,3.875
3,2,35,3.0891,3.875
3,2,35,2.4863,2.75
3,2,36,2.6266,2.75
3,2,36,3.0791,2.25
3,2,37,3.5526,2.25
3,2,37,2.1854,3.25
3,2,38,3.0174,3.25
3,2,38,2.2646,4.25
3,2,39,2.7010,4.25
3,2,39,2.5777,2.75
3,2,40,2.7970,2.75
3,2,40,2.7487,3.5
3,2,41,2.7893,3.5
3,2,41,2.8997,2.5
3,2,42,2.7189,2.5
3,2,42,2.5645,4.0
3,2,43,2.9193,4.0
3,2,43,2.6520,5.0
3,2,44,4.0155,5.0
3,2,44,2.0779,3.25
3,2,45,3.0030,3.25
3,2,45,2.8056,4.5
3,2,46,3.2134,4.5
3,2,46,2.3449,3.875
3,2,47,2.7676,3.875
3,2,47,4.1907,4.25
3,2,48,3.8256,4.25
3,2,48,2.8150,3.75
3,2,50,3.2072,3.75
3,2,50,2.5089,4.0
3,2,51,2.7902,4.0
3,2,51,2.6839,1.5
3,2,52,2.5057,1.5
3,2,52,2.4668,4.5
3,2,53,2.3342,4.5
3,2,53,2.6715,3.33333
3,2,55,2.7085,3.33333
3,2,55,2.7897,4.25
3,2,56,2.6547,4.25
3,2,56,3.0655,2.25
3,2,59,4.7486,2.25
3,2,59,5.0203,3.75
3,2,60,4.4704,3.75
3,2,60,4.7569,4.375
3,2,61,4.3022,4.375
3,2,61,4.2152,5.25
3,2,62,4.8059,5.25
3,2,62,4.5380,1.25
3,2,63,4.7224,1.25
3,2,63,4.6283,2.375
3,2,64,4.6698,2.375
3,2,64,5.0673,3.75
3,2,66,4.4228,3.75
3,2,66,3.6298,5.25
3,2,67,4.2290,5.25
3,2,67,5.7298,5.5
3,2,68,3.6141,5.5
3,2,68,5.4976,1.25
3,2,69,4.9632,1.25
3,2,69,4.2090,3.66667
3,2,70,4.7286,3.66667
3,2,70,3.7535,2.375
3,2,71,4.5237,2.375
3,2,71,2.4368,3.75
3,2,73,3.7472,3.75
3,2,73,3.0034,2.75
3,2,78,3.4307,2.75
3,2,78,3.6806,3.75
3,2,79,3.5734,3.75
3,2,79,3.2657,4.75
3,2,80,3.0292,4.75
3,2,80,3.8796,4.375
3,2,81,2.6662,4.375
3,2,81,4.1255,3.25
3,2,82,2.4500,3.25
3,2,82,3.5734,4.25
3,2,83,2.8432,4.25
3,2,83,3.2440,4.0
3,2,84,3.2834,4.0
3,2,84,3.1770,3.25
3,2,85,2.6279,3.25
3,2,85,2.7480,2.75
3,2,86,3.1152,2.75
3,2,86,2.9624,3.75
3,2,87,2.3135,3.75
3,2,87,3.3018,4.0
3,2,88,3.8780,4.0
3,2,88,4.5658,4.25
3,2,90,2.8064,4.25
3,2,90,4.0694,4.5
3,2,91,2.8102,4.5
3,2,91,3.4026,3.75
3,2,94,2.2837,3.75
3,2,94,3.1054,1.5
3,2,95,3.0603,1.5
3,2,95,3.0606,3.125
3,2,96,2.5114,3.125
3,2,96,3.3829,5.0
3,2,97,2.8763,5.0
3,2,97,3.3978,4.5
3,2,98,2.7777,4.5
3,2,98,3.4015,2.625
3,2,99,2.5612,2.625
3,2,99,4.2419,1.25
3,2,100,3.1306,1.25
3,2,100,3.6596,3.125
3,2,101,2.9888,3.125
3,2,101,3.2171,2.0
3,2,102,3.6296,2.0
3,2,102,3.4856,4.0
3,2,103,4.1924,4.0
3,2,103,3.2470,3.5
3,2,104,3.5724,3.5
3,2,104,3.0419,3.5
3,2,105,3.0496,3.5
3,2,105,3.9916,3.875
3,2,106,3.0165,3.875
3,2,106,3.3558,4.625
3,2,107,2.6689,4.625
3,2,107,3.5594,4.0
3,2,108,2.6870,4.0
3,2,108,3.2874,4.25
3,2,110,2.6704,4.25
3,2,110,3.0439,3.5
3,2,111,2.4670,3.5
3,2,111,2.8202,3.0
4,1,23,4.1415,1.0
4,1,23,3.0143,1.0
4,1,30,2.7245,1.125
4,1,30,2.8409,1.125
4,1,31,2.1956,2.25
4,1,31,2.8836,2.25
4,1,32,2.2112,1.5
4,1,32,3.0513,1.5
4,1,33,2.4205,1.5
4,1,33,2.8520,1.5
4,1,34,2.5286,1.5
4,1,34,2.7745,1.5
4,1,35,3.0664,1.75
4,1,35,2.9986,1.75
4,1,36,2.7186,0.875
4,1,36,2.8843,0.875
4,1,37,2.3760,2.25
4,1,37,2.8091,2.25
4,1,38,2.4903,2.5
4,1,38,2.8061,2.5
4,1,39,2.5277,2.5
4,1,39,2.9409,2.5
4,1,40,2.3728,4.0
4,1,40,2.8519,4.0
4,1,41,2.4864,2.5
4,1,41,2.8085,2.5
4,1,42,2.6519,1.75
4,1,42,2.9017,1.75
4,1,45,3.7280,2.125
4,1,45,4.1284,2.125
4,1,46,3.1856,3.75
4,1,46,2.9622,3.75
4,1,48,2.4102,1.5
4,1,48,2.9936,1.5
4,1,49,2.6234,4.25
4,1,49,3.0589,4.25
4,1,50,3.1787,2.0
4,1,50,2.9476,2.0
4,1,51,2.8291,2.75
4,1,51,3.0645,2.75
4,1,52,3.8182,3.25
4,1,52,3.0823,3.25
4,1,54,3.6925,3.375
4,1,54,2.9127,3.375
4,1,55,3.1118,2.5
4,1,55,2.9993,2.5
4,1,56,3.4088,2.0
4,1,56,2.9565,2.0
4,1,57,2.3240,2.75
4,1,57,2.9526,2.75
4,1,58,2.2486,2.25
4,1,58,2.9384,2.25
4,1,59,3.8689,1.875
4,1,59,2.9267,1.875
4,1,63,2.5430,1.0
4,1,63,2.7405,1.0
4,1,64,3.4508,3.5
4,1,64,2.9983,3.5
4,1,65,2.9213,4.75
4,1,65,2.8569,4.75
4,1,66,2.5007,1.0
4,1,66,2.9004,1.0
4,1,67,2.8230,1.75
4,1,67,2.7796,1.75
4,1,68,3.5713,5.5
4,1,68,2.8439,5.5
4,1,69,2.6367,5.5
4,1,69,2.7776,5.5
4,1,70,3.8354,5.25
4,1,70,2.7249,5.25
4,1,71,2.7116,2.125
4,1,71,2.8089,2.125
4,1,72,2.5207,2.375
4,1,72,2.8614,2.375
4,1,73,2.4486,4.25
4,1,73,2.8759,4.25
4,1,74,2.9867,3.5
4,1,74,2.8961,3.5
4,1,75,3.7800,4.75
4,1,75,2.8164,4.75
4,1,77,3.7148,2.625
4,1,77,2.8308,2.625
4,1,99,3.7280,2.375
4,1,99,2.7572,2.375
4,1,102,3.4709,1.5
4,1,102,2.7771,1.5
4,1,104,2.3442,1.25
4,1,104,2.7804,1.25
4,1,105,3.7198,3.625
4,1,105,2.8407,3.625
4,1,110,3.1050,4.0
4,1,110,4.1535,4.0
4,1,111,3.6974,3.5
4,1,111,2.8673,3.5
4,1,112,3.8459,1.0
7,1,1,3.6568,3.5
7,1,1,4.5912,3.5
7,1,2,4.3611,5.5
7,1,2,4.5531,5.5
7,1,3,4.1390,4.75
7,1,3,4.5538,4.75
7,1,4,4.7526,3.25
7,1,4,4.6498,3.25
7,1,5,4.4334,4.75
7,1,5,4.7639,4.75
7,1,7,4.2941,2.25
7,1,7,3.9013,2.25
7,1,8,4.3753,4.5
7,1,8,4.4809,4.5
7,1,9,2.8988,2.0
7,1,9,3.7024,2.0
7,1,10,3.9778,2.75
7,1,10,3.5277,2.75
7,1,11,3.4660,1.75
7,1,11,4.2013,1.75
7,1,12,3.5283,5.0
7,1,12,3.0848,5.0
7,1,13,2.8541,3.0
7,1,13,2.8278,3.0
7,1,14,3.2952,1.75
7,1,14,4.6218,1.75
7,1,18,4.4361,6.0
7,1,18,4.7337,6.0
7,1,19,4.2186,4.75
7,1,19,4.6726,4.75
7,1,20,4.7234,5.25
7,1,20,4.6569,5.25
7,1,22,4.0414,3.75
7,1,22,4.8930,3.75
7,1,23,3.8509,4.0
7,1,23,4.1202,4.0
7,1,24,4.0908,5.0
7,1,24,4.5645,5.0
7,1,25,3.2654,4.5
7,1,25,4.5552,4.5
7,1,26,4.0948,3.0
7,1,26,3.7055,3.0
7,1,27,4.3594,4.25
7,1,27,4.4578,4.25
7,1,28,3.7418,5.25
7,1,28,4.0475,5.25
7,1,29,3.8646,4.25
7,1,29,4.7021,4.25
7,1,30,3.8082,3.0
7,1,30,4.4502,3.0
7,1,31,4.0120,4.5
7,1,31,4.6716,4.5
7,1,32,4.2239,3.75
7,1,32,4.3958,3.75
7,1,33,4.5822,4.75
7,1,33,4.4041,4.75
7,1,34,3.5871,5.5
7,1,34,4.4667,5.5
7,1,35,4.0278,6.0
7,1,35,3.8054,6.0
7,1,36,4.0493,4.25
7,1,36,4.4603,4.25
7,1,37,4.4266,4.25
7,1,37,4.3476,4.25
7,1,38,3.7699,3.5
7,1,38,4.2728,3.5
7,1,39,4.3474,5.5
7,1,39,3.9248,5.5
7,1,40,3.7565,5.5
7,1,40,4.9365,5.5
7,1,41,4.0306,4.75
7,1,41,3.5243,4.75
7,1,42,3.6117,3.0
7,1,42,4.5322,3.0
7,1,43,4.4142,3.5
7,1,43,4.6601,3.5
7,1,44,4.0921,6.25
7,1,44,4.1986,6.25
7,1,45,3.6282,4.5
7,1,45,4.1066,4.5
7,1,46,3.8527,4.0
7,1,46,4.0832,4.0
7,1,47,3.9774,4.5
7,1,47,4.5888,4.5
7,1,48,3.7122,1.5
7,1,48,4.5692,1.5
7,1,49,3.1932,4.5
7,1,49,3.5104,4.5
7,1,50,3.6540,5.0
7,1,50,4.7068,5.0
7,1,51,4.2070,3.5
7,1,51,4.1483,3.5
7,1,52,4.5722,0.75
7,1,52,4.0537,0.75
7,1,53,4.6628,5.5
7,1,53,4.4940,5.5
7,1,55,4.1146,2.5
7,1,55,3.9034,2.5
7,1,57,4.2824,4.25
7,1,57,4.1145,4.25
7,1,58,1.7497,6.0
7,1,58,3.5694,6.0
7,1,59,2.7478,5.25
7,1,59,3.8114,5.25
7,1,60,2.8014,3.25
7,1,60,3.7606,3.25
7,1,61,2.1974,5.0
7,1,61,3.7789,5.0
7,1,62,1.9543,4.5
7,1,62,3.7325,4.5
7,1,63,2.5745,5.5
7,1,63,3.8569,5.5
7,1,64,1.1493,5.0
7,1,64,3.0187,5.0
7,1,65,0.9939,5.25
7,1,65,2.0681,5.25
7,1,66,2.6637,4.25
7,1,66,3.3108,4.25
7,1,67,2.0918,4.75
7,1,67,1.9812,4.75
7,1,68,2.3637,4.25
7,1,68,3.0376,4.25
7,1,69,4.1240,5.5
7,1,69,3.9088,5.5
7,1,70,3.7198,5.5
7,1,70,3.9460,5.5
7,1,71,4.1712,4.75
7,1,71,3.9279,4.75
7,1,72,3.0974,2.0
7,1,72,3.3504,2.0
7,1,73,3.7145,1.0
7,1,73,3.6439,1.0
7,1,74,3.3007,4.25
7,1,74,3.9367,4.25
7,1,75,3.3895,4.75
7,1,75,3.5964,4.75
7,1,76,3.3596,2.75
7,1,76,3.8367,2.75
7,1,78,3.9606,4.0
7,1,78,3.4297,4.0
7,1,79,2.7572,3.0
7,1,79,3.6527,3.0
7,1,80,3.1834,2.0
7,1,80,3.1039,2.0
7,1,81,4.6402,4.0
7,1,81,3.7543,4.0
7,1,82,4.1277,5.25
7,1,82,3.3306,5.25
7,1,83,4.6094,4.75
7,1,83,3.8321,4.75
7,1,84,3.8815,4.75
7,1,84,3.8323,4.75
7,1,86,3.9054,3.25
7,1,86,4.1247,3.25
7,1,88,3.1520,6.5
7,1,88,4.1360,6.5
7,1,90,4.1799,4.0
7,1,90,3.5643,4.0
7,1,92,3.5967,5.75
7,1,92,3.9793,5.75
7,1,93,4.3133,4.25
7,1,93,3.2940,4.25
7,1,94,4.3229,3.0
7,1,94,3.2856,3.0
7,1,95,4.6174,4.75
7,1,95,4.2343,4.75
7,1,96,4.8947,5.5
7,1,96,3.9528,5.5
7,1,97,4.4435,5.5
7,1,97,3.5606,5.5
7,1,98,4.2301,3.25
7,1,98,3.8011,3.25
7,1,101,3.9779,4.0
7,1,101,3.6209,4.0
7,1,102,4.3017,4.25
7,1,102,3.4977,4.25
7,1,103,4.5946,3.25
7,1,103,3.9224,3.25
7,1,104,2.3173,4.75
7,1,104,3.1160,4.75
7,1,105,1.9218,4.75
7,1,105,3.9341,4.75
7,1,106,3.8895,4.75
7,1,106,4.0466,4.75
7,1,109,3.7942,6.25
7,1,109,3.9743,4.25
7,2,1,4.4234,4.25
7,2,1,3.2841,2.75
7,2,2,4.4163,2.75
7,2,2,3.9158,5.75
7,2,3,4.7960,5.75
7,2,3,3.4459,3.0
7,2,4,4.6609,3.0
7,2,4,3.6239,3.25
7,2,5,4.3071,3.25
7,2,5,4.0916,4.0
7,2,6,4.7580,4.0
7,2,6,3.9326,5.0
7,2,7,4.6327,5.0
7,2,7,3.7341,4.0
7,2,8,4.0094,4.0
7,2,8,3.3494,4.0
7,2,9,3.8469,4.0
7,2,9,3.4520,4.0
7,2,10,4.8139,4.0
7,2,10,1.1644,2.75
7,2,11,4.0526,2.75
7,2,11,2.3020,4.25
7,2,12,3.8794,4.25
7,2,12,3.5603,4.75
7,2,13,4.3157,4.75
7,2,13,4.2047,5.5
7,2,14,4.3475,5.5
7,2,14,3.8008,5.0
7,2,16,4.2304,5.0
7,2,16,3.3322,6.0
7,2,17,3.7536,6.0
7,2,17,3.7498,3.5
7,2,18,4.7928,3.5
7,2,18,3.8261,4.5
7,2,19,4.3892,4.5
7,2,19,3.7586,5.5
7,2,20,3.9094,5.5
7,2,20,3.5782,1.5
7,2,21,3.6979,1.5
7,2,21,3.2803,3.0
7,2,22,3.6399,3.0
7,2,22,3.7013,1.75
7,2,23,4.6970,1.75
7,2,23,3.6633,3.75
7,2,24,4.3073,3.75
7,2,24,3.9565,4.75
7,2,25,3.7969,4.75
7,2,25,4.1050,4.25
7,2,26,4.9279,4.25
7,2,26,3.6801,4.25
7,2,27,4.7893,4.25
7,2,27,2.4739,5.75
7,2,28,4.2088,5.75
7,2,28,3.8521,1.75
7,2,29,4.4546,1.75
7,2,29,3.4255,3.0
7,2,30,3.6084,3.0
7,2,30,3.4436,3.75
7,2,31,4.5656,3.75
7,2,31,4.4353,4.5
7,2,32,4.1528,4.5
7,2,32,2.7742,1.5
7,2,33,4.1006,1.5
7,2,33,3.0740,4.25
7,2,34,3.7679,4.25
7,2,34,2.7274,3.5
7,2,35,3.9981,3.5
7,2,35,3.8421,2.5
7,2,36,4.1583,2.5
7,2,36,4.0066,3.5
7,2,37,4.8105,3.5
7,2,37,3.5740,5.25
7,2,38,3.1534,5.25
7,2,38,3.6591,4.0
7,2,39,3.9801,4.0
7,2,39,3.5541,5.25
7,2,40,4.3025,5.25
7,2,40,3.8883,3.0
7,2,42,4.0074,3.0
7,2,42,3.4605,2.75
7,2,43,3.8996,2.75
7,2,43,3.2424,4.5
7,2,44,3.8352,4.5
7,2,44,3.0347,2.5
7,2,45,4.1598,2.5
7,2,45,3.6272,4.75
7,2,46,4.4287,4.75
7,2,46,3.7546,4.0
7,2,47,4.4160,4.0
7,2,47,3.3158,3.75
7,2,48,4.1998,3.75
7,2,48,2.7445,4.0
7,2,49,3.6769,4.0
7,2,49,4.2320,4.25
7,2,50,4.2183,4.25
7,2,50,2.9725,4.75
7,2,51,3.7712,4.75
7,2,51,3.5507,3.25
7,2,52,4.1675,3.25
7,2,52,3.2994,5.0
7,2,53,3.5837,5.0
7,2,53,2.7242,4.0
7,2,55,4.3274,4.0
7,2,55,2.5031,4.75
7,2,56,4.3531,4.75
7,2,56,3.7901,1.5
7,2,57,3.8467,1.5
7,2,57,2.1050,4.0
7,2,58,3.7711,4.0
7,2,58,1.4476,4.0
7,2,60,2.8762,4.0
7,2,60,0.2044,5.5
7,2,61,2.2454,5.5
7,2,61,1.8790,5.25
7,2,63,3.2970,5.25
7,2,63,3.2670,3.25
7,2,64,4.1853,3.25
7,2,64,4.2996,5.0
7,2,65,3.6166,5.0
7,2,65,1.9450,5.5
7,2,66,3.6098,5.5
7,2,66,3.2666,6.5
7,2,68,3.9832,6.5
7,2,68,3.3544,4.25
7,2,69,3.6247,4.25
7,2,69,2.9954,3.25
7,2,70,3.6011,3.25
7,2,70,3.4210,4.0
7,2,71,2.7596,4.0
7,2,71,4.1181,4.25
7,2,72,3.9386,4.25
7,2,72,3.3943,3.25
7,2,73,3.1912,3.25
7,2,73,3.6072,2.5
7,2,74,3.9561,2.5
7,2,74,3.5915,3.5
7,2,75,3.8449,3.5
7,2,75,3.5797,4.5
7,2,76,3.8255,4.5
7,2,76,2.8325,4.25
7,2,77,3.6488,4.25
7,2,77,1.9332,5.0
7,2,78,3.5082,5.0
7,2,78,3.6952,4.0
7,2,80,3.8227,4.0
7,2,80,4.5023,3.25
7,2,82,4.2267,3.25
7,2,82,3.3054,5.0
7,2,83,4.1143,5.0
7,2,83,3.3410,3.75
7,2,84,3.2503,3.75
7,2,84,2.5705,2.5
7,2,85,3.9648,2.5
7,2,85,2.4654,2.5
7,2,86,3.7765,2.5
7,2,86,1.7549,4.5
7,2,87,3.2767,4.5
7,2,87,2.7286,5.0
7,2,88,4.0924,5.0
7,2,88,2.8421,3.0
7,2,89,3.8271,3.0
7,2,89,2.5410,4.0
7,2,90,3.3880,4.0
7,2,90,3.5530,3.75
7,2,91,3.9406,3.75
7,2,91,4.1704,4.66667
7,2,92,4.0468,4.66667
7,2,92,3.2923,4.75
7,2,93,3.8016,4.75
7,2,93,0.9388,3.25
7,2,94,2.5955,3.25
7,2,94,3.5891,2.5
7,2,95,3.3670,2.5
7,2,95,3.9271,3.5
7,2,96,3.7016,3.5
7,2,96,2.6641,3.0
7,2,97,3.2953,3.0
7,2,97,2.7562,3.75
7,2,98,3.5252,3.75
7,2,98,3.0431,4.25
7,2,99,3.2875,4.25
7,2,99,2.6533,1.75
7,2,100,2.1618,1.75
7,2,100,3.5072,5.25
7,2,102,3.4731,5.25
7,2,102,3.2033,4.25
7,2,103,3.8227,4.25
7,2,103,2.2444,3.5
7,2,104,2.5950,3.5
7,2,104,2.8852,3.0
7,2,105,4.1312,3.0
7,2,105,3.1089,6.25
7,2,106,4.1404,6.25
7,2,106,3.4083,4.5
7,2,107,3.4525,4.5
7,2,107,2.9294,5.5
7,2,108,3.8418,5.5
7,2,108,1.0892,5.25
7,2,109,3.0777,5.25
7,2,109,3.2046,4.75
8,1,9,3.1322,2.0
8,1,9,3.8109,2.0
8,1,10,3.6453,1.75
8,1,10,3.2083,1.75
8,1,16,4.4885,2.75
8,1,16,3.0897,2.75
8,1,17,4.5173,3.25
8,1,17,3.6180,3.25
8,1,18,4.0282,3.75
8,1,18,3.8053,3.75
8,1,20,4.5483,2.5
8,1,20,2.7749,2.5
8,1,21,4.5353,1.75
8,1,21,4.0538,1.75
8,1,22,4.6200,3.5
8,1,22,3.4728,3.5
8,1,27,3.5189,2.0
8,1,27,2.9377,2.0
8,1,30,4.1329,2.5
8,1,30,3.5196,2.5
8,1,54,4.0656,3.0
8,1,54,2.6956,3.0
8,1,58,4.1329,1.0
8,1,58,3.4520,1.0
8,1,68,4.0430,1.5
8,1,68,3.4189,1.5
8,1,73,4.4492,2.75
8,1,73,4.1420,2.75
8,1,74,4.3627,2.5
8,1,74,3.2114,2.5
8,1,75,4.4227,3.0
8,1,75,2.9556,3.0
8,1,76,4.6005,1.0
8,1,76,2.8819,1.0
8,1,77,4.6666,3.25
8,1,77,3.0434,3.25
8,1,78,4.6143,2.75
8,1,78,3.6786,2.75
8,1,79,4.2209,2.0
8,1,79,3.3176,2.0
8,1,80,4.4903,1.75
8,1,80,3.4029,1.75
8,1,81,4.4873,2.25
8,1,81,3.9783,2.25
8,1,82,4.0433,1.75
8,1,82,2.9898,1.75
8,1,85,4.6249,2.0
8,1,85,3.0481,2.0
8,1,88,4.7977,2.25
8,1,88,3.4853,2.25
8,1,89,4.3016,3.5
8,1,89,4.2755,3.25
8,2,4,4.3375,3.25
8,2,4,3.3089,3.75
8,2,5,3.5299,3.75
8,2,5,3.6827,1.5
8,2,7,3.5410,1.5
8,2,7,3.5705,4.25
8,2,8,4.1723,4.25
8,2,8,3.5541,2.0
8,2,9,2.9940,2.0
8,2,9,3.9960,3.0
8,2,11,3.9362,3.0
8,2,11,3.6073,2.25
8,2,15,3.6818,2.25
8,2,15,3.7452,4.0
8,2,16,4.3213,4.0
8,2,16,3.9279,3.5
8,2,18,3.2716,3.5
8,2,18,3.5511,3.75
8,2,20,3.9620,3.75
8,2,20,2.8151,2.25
8,2,21,3.6741,2.25
8,2,21,3.2745,2.25
8,2,22,3.3821,2.25
8,2,22,3.4148,2.5
8,2,23,3.6022,2.5
8,2,23,4.2431,3.0
8,2,24,3.9732,3.0
8,2,24,2.9954,4.0
8,2,27,3.4384,4.0
8,2,27,3.2900,2.5
8,2,28,3.7843,2.5
8,2,28,3.5399,4.75
8,2,29,3.6392,4.75
8,2,29,3.1187,4.25
8,2,30,3.9675,4.25
8,2,30,3.1759,2.75
8,2,31,3.4321,2.75
8,2,31,3.1989,4.0
8,2,32,4.1008,4.0
8,2,32,2.8791,3.5
8,2,35,4.1442,3.5
8,2,35,2.6849,3.75
8,2,36,4.0407,3.75
8,2,36,2.8536,2.25
8,2,37,4.2528,2.25
8,2,37,3.1222,3.75
8,2,38,4.1289,3.75
8,2,38,2.6492,2.0
8,2,39,4.1322,2.0
8,2,39,2.9282,2.0
8,2,40,4.1179,2.0
8,2,40,3.1365,4.0
8,2,41,3.6427,4.0
8,2,41,3.1945,3.5
8,2,42,3.8373,3.5
8,2,42,3.1168,2.25
8,2,45,3.9171,2.25
8,2,45,3.2779,4.0
8,2,48,4.0137,4.0
8,2,48,3.1291,4.0
8,2,49,3.7698,4.0
8,2,49,2.9065,3.0
8,2,50,3.5307,3.0
8,2,50,2.7742,3.75
8,2,55,4.2566,3.75
8,2,55,2.6192,4.75
8,2,57,4.2768,4.75
8,2,57,3.1763,3.0
8,2,58,4.0121,3.0
8,2,58,2.9637,1.75
8,2,62,3.7841,1.75
8,2,62,2.3343,5.25
8,2,63,3.7036,5.25
8,2,63,2.1216,1.625
8,2,67,4.1704,1.625
8,2,67,2.7913,2.75
8,2,68,4.5491,2.75
8,2,68,2.5699,3.5
8,2,69,4.8025,3.5
8,2,69,2.4748,2.0
8,2,71,3.3873,2.0
8,2,71,1.6985,3.5
8,2,72,3.1999,3.5
8,2,72,2.1299,3.75
8,2,74,4.0334,3.75
8,2,74,2.1701,4.0
9,1,2,1.8241,5.25
9,1,2,4.2807,5.25
9,1,3,2.4466,4.75
9,1,3,3.5966,4.75
9,1,4,3.8030,5.0
9,1,4,3.2143,5.0
9,1,5,2.7602,5.75
9,1,5,4.1995,5.75
9,1,6,2.6513,3.5
9,1,6,3.2353,3.5
9,1,7,1.3234,4.25
9,1,7,2.1487,4.25
9,1,8,2.5982,4.5
9,1,8,3.5356,4.5
9,1,12,2.3880,4.75
9,1,12,2.9640,4.75
9,1,16,3.1969,1.5
9,1,16,3.3479,1.5
9,1,17,2.0797,4.25
9,1,17,3.5949,4.25
9,1,18,2.0552,3.5
9,1,18,3.5199,3.5
9,1,19,3.6654,3.25
9,1,19,2.6090,3.25
9,1,20,3.2599,4.0
9,1,20,3.5361,4.0
9,1,21,1.7129,4.5
9,1,21,3.2091,4.5
9,1,22,2.4386,3.0
9,1,22,2.8399,3.0
9,1,23,2.0022,4.5
9,1,23,3.7539,4.5
9,1,24,2.9260,3.5
9,1,24,2.1507,3.5
9,1,25,3.4232,3.5
9,1,25,2.8493,3.5
9,1,26,2.2029,4.5
9,1,26,2.3327,4.5
9,1,27,2.3241,3.75
9,1,27,2.8450,3.75
9,1,28,2.9937,2.75
9,1,28,3.0345,2.75
9,1,29,2.3336,2.5
9,1,29,3.1461,2.5
9,1,30,2.7975,3.0
9,1,30,3.6441,3.0
9,1,31,2.5543,3.5
9,1,31,2.1959,3.5
9,1,32,2.3837,2.75
9,1,32,3.0282,2.75
9,1,33,2.6823,3.75
9,1,33,3.4874,3.75
9,1,34,2.8897,3.25
9,1,34,3.5932,3.25
9,1,35,3.0668,3.5
9,1,35,3.2612,3.5
9,1,36,1.9776,3.5
9,1,36,3.2204,3.5
9,1,37,2.7591,4.5
9,1,37,3.2721,4.5
9,1,38,3.1309,3.5
9,1,38,2.8160,3.5
9,1,39,1.6632,2.75
9,1,39,3.0318,2.75
9,1,40,2.9730,2.25
9,1,40,3.4190,2.25
9,1,41,2.0566,3.0
9,1,41,1.5719,3.0
9,1,42,3.7877,4.0
9,1,42,3.0746,4.0
9,1,50,2.4020,3.5
9,1,50,3.1745,3.5
9,1,51,1.4300,3.5
9,1,51,2.3367,3.5
9,1,52,2.7510,2.75
9,1,52,2.2428,2.75
9,1,53,2.5247,3.0
9,1,53,2.4160,3.0
9,1,54,2.0178,2.75
9,1,54,1.8206,2.75
9,1,55,1.6562,3.5
9,1,55,2.3760,3.5
9,1,56,3.4556,3.75
9,1,56,2.4857,3.75
9,1,59,2.3388,2.75
9,1,59,2.2754,2.75
9,1,60,3.6070,4.0
9,1,60,2.8020,4.0
9,1,61,1.4977,3.5
9,1,61,2.8590,3.5
9,1,63,3.1856,3.25
9,1,63,3.0967,3.25
9,1,64,3.6432,4.25
9,1,64,1.4014,4.25
9,1,65,2.6907,2.0
9,1,65,2.3118,2.0
9,1,66,3.8042,4.75
9,1,66,2.2062,4.75
9,1,67,2.2949,4.25
9,1,67,2.5097,4.25
9,1,68,2.7074,3.5
9,1,68,2.6997,3.5
9,1,69,1.9316,5.5
9,1,69,2.2585,5.5
9,1,72,3.6278,3.75
9,1,72,2.9986,3.75
9,1,73,3.5507,3.25
9,1,73,2.6730,3.25
9,1,74,3.0472,3.0
9,1,74,3.6163,3.0
9,1,75,2.4726,2.5
9,1,75,4.1843,2.5
9,1,76,2.6851,4.0
9,1,76,3.5886,4.0
9,1,77,3.1373,3.25
9,1,77,3.9348,3.25
9,1,78,2.9154,3.5
9,1,78,3.6863,3.5
9,1,79,2.1848,4.0
9,1,79,2.8599,4.0
9,1,81,2.9870,2.25
9,1,81,2.9888,2.25
9,1,82,2.2608,4.0
9,1,82,4.1788,4.0
9,1,83,2.2866,4.25
9,1,83,2.8611,4.25
9,1,84,2.8536,3.0
9,1,84,3.4204,3.0
9,1,85,1.9683,4.75
9,1,85,2.7577,4.75
9,1,86,2.8459,4.0
9,1,86,3.7137,4.0
9,1,87,2.3886,3.25
9,1,87,3.5867,3.25
9,1,88,1.6577,3.25
9,1,88,2.7953,3.25
9,1,89,2.2461,2.75
9,1,89,3.5963,2.75
9,1,90,1.3277,2.75
9,1,90,2.6010,2.75
9,1,91,2.0845,3.75
9,1,91,2.8420,3.75
9,1,92,2.0047,4.0
9,1,92,2.4713,4.0
9,1,93,2.2317,3.25
9,1,93,3.3297,3.25
9,1,94,4.9415,3.0
9,1,94,3.3244,3.0
9,1,95,2.7713,4.25
9,1,95,3.1041,4.25
9,1,96,3.3259,4.25
9,1,96,3.8088,4.25
9,1,97,3.8094,3.5
9,1,97,4.3002,3.5
9,1,98,2.9672,2.25
9,1,98,2.6498,2.25
9,1,99,1.6644,3.0
9,1,99,3.7780,3.0
9,1,100,2.9078,4.25
9,1,100,3.7818,4.25
9,1,101,1.9235,2.25
9,1,101,3.2735,2.25
9,1,102,3.5371,3.75
9,1,102,3.0903,3.75
9,1,103,2.0807,2.25
9,1,103,2.7436,2.25
9,1,104,3.8580,3.0
9,1,104,3.3920,3.0
9,1,105,3.1706,3.75
9,1,105,2.6115,3.75
9,1,106,3.6053,4.0
9,1,106,3.0822,4.0
9,1,107,2.7658,4.25
9,1,107,2.9257,4.25
9,1,110,2.1843,4.25
9,1,110,4.1883,4.25
9,1,111,3.1913,3.0
9,1,111,3.0232,4.0
9,2,2,3.2168,4.0
9,2,2,2.8557,4.5
9,2,3,3.2427,4.5
9,2,3,0.4743,5.25
9,2,4,1.8869,5.25
9,2,4,1.8415,5.5
9,2,5,2.3885,5.5
9,2,5,1.4418,5.75
9,2,6,2.4740,5.75
9,2,6,2.5447,5.25
9,2,7,2.8713,5.25
9,2,7,4.4207,4.5
9,2,8,2.9099,4.5
9,2,8,4.1622,5.75
9,2,9,3.7756,5.75
9,2,9,4.9419,4.75
9,2,10,3.1692,4.75
9,2,10,3.2076,4.5
9,2,11,3.5391,4.5
9,2,11,3.5749,5.5
9,2,12,3.5692,5.5
9,2,12,2.9508,3.75
9,2,13,4.7788,3.75
9,2,13,2.6740,2.75
9,2,16,2.8137,2.75
9,2,16,2.3660,4.0
9,2,17,4.0571,4.0
9,2,17,1.3438,4.25
9,2,18,3.6709,4.25
9,2,18,2.0569,3.0
9,2,20,2.9054,3.0
9,2,20,2.1648,3.75
9,2,21,3.0225,3.75
9,2,21,2.8742,3.0
9,2,22,3.8186,3.0
9,2,22,2.1966,2.75
9,2,23,3.3631,2.75
9,2,23,1.9593,1.75
9,2,24,4.0421,1.75
9,2,24,2.6843,5.75
9,2,25,2.7471,5.75
9,2,25,1.7953,3.25
9,2,27,4.2606,3.25
9,2,27,2.3058,2.75
9,2,30,2.8918,2.75
9,2,30,1.6724,2.75
9,2,31,3.7197,2.75
9,2,31,2.9160,2.25
9,2,32,3.2874,2.25
9,2,32,3.4890,2.5
9,2,34,2.7986,2.5
9,2,34,2.7533,4.75
9,2,36,3.4648,4.75
9,2,36,2.1964,3.75
9,2,37,3.3251,3.75
9,2,37,1.9208,2.0
9,2,38,2.9961,2.0
9,2,38,2.2343,3.25
9,2,42,4.3130,3.25
9,2,42,2.6851,3.0
9,2,45,4.4736,3.0
9,2,45,2.1582,4.75
9,2,46,3.4171,4.75
9,2,46,2.6387,4.0
9,2,50,3.4799,4.0
9,2,50,1.0333,3.75
9,2,53,1.8688,3.75
9,2,53,3.2742,4.0
9,2,62,2.6251,4.0
9,2,62,3.0621,5.0
9,2,63,2.0485,5.0
9,2,63,2.1077,4.5
9,2,64,4.5781,4.5
9,2,64,2.7261,5.5
9,2,66,1.4623,5.5
9,2,66,3.4991,4.25
9,2,67,2.3978,4.25
9,2,67,3.0684,3.25
9,2,68,2.6912,3.25
9,2,68,1.9564,3.25
9,2,69,2.8670,3.25
9,2,69,1.1159,4.75
9,2,70,2.0177,4.75
9,2,70,1.5159,5.25
9,2,71,2.6116,5.25
9,2,71,2.0422,5.25
9,2,74,3.4768,5.25
9,2,74,2.3344,3.75
9,2,75,3.4452,3.75
9,2,75,3.0829,4.25
9,2,77,3.6750,4.25
9,2,77,3.0510,5.5
9,2,78,4.0840,5.5
9,2,78,1.3222,5.25
9,2,79,4.0768,5.25
9,2,79,2.5455,4.75
9,2,81,2.3475,4.75
9,2,81,2.2705,3.75
9,2,84,4.1421,3.75
9,2,84,2.0846,4.75
9,2,85,3.4924,4.75
9,2,85,2.4651,4.0
9,2,86,1.6263,4.0
9,2,86,2.1512,3.25
9,2,87,3.7394,3.25
9,2,87,3.0840,4.5
9,2,88,2.7902,4.5
9,2,88,2.2964,2.75
9,2,89,1.9377,2.75
9,2,89,2.7313,3.25
9,2,90,2.9116,3.25
9,2,90,2.5802,4.25
9,2,91,4.3541,4.25
9,2,91,3.5662,4.25
9,2,92,3.4311,4.25
9,2,92,2.1440,5.0
9,2,95,2.7057,5.0
9,2,95,3.0095,3.0
9,2,96,3.5955,3.0
9,2,96,1.3024,4.5
9,2,98,3.1817,4.5
9,2,98,3.5983,5.75
9,2,100,3.6651,5.75
9,2,100,1.9314,3.0
9,2,103,4.0093,3.0
9,2,103,2.6375,3.25
9,2,104,3.5495,3.25
9,2,104,3.1909,4.5
9,2,105,4.0250,4.5
9,2,105,2.3758,3.75
9,2,107,2.8449,3.75
9,2,107,1.5983,4.25
9,2,108,3.5503,4.25
9,2,108,3.6879,2.25
9,2,109,2.7722,2.25
9,2,109,1.9837,4.5
10,1,4,4.1595,5.5
10,1,4,5.3925,5.5
10,1,5,3.5784,5.0
10,1,5,4.7126,5.0
10,1,6,3.9566,5.0
10,1,6,4.8408,5.0
10,1,7,3.9478,5.5
10,1,7,5.2210,5.5
10,1,8,4.3013,6.25
10,1,8,5.3211,6.25
10,1,9,4.0646,5.5
10,1,9,5.4218,5.5
10,1,10,4.3138,5.0
10,1,10,4.7423,5.0
10,1,11,4.0860,4.0
10,1,11,4.9665,4.0
10,1,12,4.1782,4.5
10,1,12,5.1867,4.5
10,1,13,4.0161,4.25
10,1,13,4.9624,4.25
10,1,14,3.9129,3.75
10,1,14,5.4047,3.75
10,1,20,4.1148,5.0
10,1,20,4.7174,5.0
10,1,21,3.7478,5.25
10,1,21,4.2733,5.25
10,1,22,3.7808,4.5
10,1,22,4.4621,4.5
10,1,24,2.8872,4.75
10,1,24,4.4690,4.75
10,1,25,4.0701,4.5
10,1,25,4.2317,4.5
10,1,26,3.0884,2.375
10,1,26,4.2660,2.375
10,1,27,3.5142,4.25
10,1,27,3.6737,4.25
10,1,28,3.7698,4.75
10,1,28,4.3371,4.75
10,1,29,3.5854,4.5
10,1,29,4.4439,4.5
10,1,30,3.6556,5.5
10,1,30,4.2983,5.5
10,1,31,3.8244,4.75
10,1,31,4.6750,4.75
10,1,32,1.8502,3.75
10,1,32,3.9569,3.75
10,1,33,3.5977,4.5
10,1,33,4.1304,4.5
10,1,36,1.8360,4.75
10,1,36,4.4056,4.75
10,1,39,1.5592,4.0
10,1,39,4.0476,4.0
10,1,42,3.7518,5.25
10,1,42,4.4815,5.25
10,1,43,1.6083,4.5
10,1,43,4.8802,4.5
10,1,44,3.1854,4.5
10,1,44,4.3261,4.5
10,1,45,1.7746,2.875
10,1,45,4.2466,2.875
10,1,46,4.5388,5.0
10,1,46,4.4957,5.0
10,1,47,4.3133,5.25
10,1,47,4.7747,5.25
10,1,48,3.4815,5.0
10,1,48,4.8217,5.0
10,1,49,3.1975,4.0
10,1,49,4.4428,4.0
10,1,50,3.5588,5.25
10,1,50,4.4721,5.25
10,1,51,2.0888,5.5
10,1,51,4.4592,5.5
10,1,52,3.8905,5.0
10,1,52,3.9906,5.0
10,1,53,4.0938,5.25
10,1,53,4.5642,5.25
10,1,55,2.0612,5.25
10,1,55,5.2337,5.25
10,1,56,3.1734,4.5
10,1,56,4.4154,4.5
10,1,57,1.6684,1.5
10,1,57,4.7429,1.5
10,1,61,4.7492,4.0
10,1,61,5.3197,4.0
10,1,62,4.6620,3.75
10,1,62,5.0604,3.75
10,1,63,4.6197,4.25
10,1,63,5.3234,4.25
10,1,64,4.3890,5.0
10,1,64,5.2275,5.0
10,1,65,4.7636,5.75
10,1,65,4.9786,5.75
10,1,66,4.4150,6.0
10,1,66,5.2802,6.0
10,1,67,4.5334,5.25
10,1,67,5.3163,5.25
10,1,68,4.2233,3.75
10,1,68,5.2087,3.75
10,1,69,4.8212,4.5
10,1,69,5.4689,4.5
10,1,72,4.3698,3.0
10,1,72,4.5063,3.0
10,1,73,3.5184,4.25
10,1,73,3.9281,4.25
10,1,74,3.6261,4.75
10,1,74,4.1745,4.75
10,1,75,3.9229,4.5
10,1,75,4.7975,4.5
10,1,76,1.9557,4.75
10,1,76,4.4073,4.75
10,1,77,3.7038,4.5
10,1,77,4.1640,4.5
10,1,78,4.4348,5.5
10,1,78,4.4375,5.5
10,1,79,3.5253,4.5
10,1,79,4.3090,4.5
10,1,80,4.1368,5.0
10,1,80,4.2472,5.0
10,1,81,3.2651,4.25
10,1,81,3.8404,4.25
10,1,82,2.2051,4.5
10,1,82,4.3278,4.5
10,1,83,2.1073,3.0
10,1,83,4.3773,3.0
10,1,84,2.4183,2.75
10,1,84,4.5494,2.75
10,1,85,2.5482,4.75
10,1,85,4.1346,4.75
10,1,86,1.8716,4.0
10,1,86,4.6358,4.0
10,1,87,4.4048,4.75
10,1,87,5.0560,4.75
10,1,88,4.1817,5.5
10,1,88,4.5447,5.5
10,1,89,1.8319,5.25
10,1,89,4.8032,5.25
10,1,90,2.2689,3.75
10,1,90,4.2517,3.75
10,1,91,1.8813,4.5
10,1,91,4.5722,4.5
10,1,92,3.8318,5.0
10,1,92,4.3428,5.0
10,1,93,2.9391,4.0
10,1,93,4.3092,4.0
10,1,94,1.3919,5.0
10,1,94,4.0706,5.0
10,1,95,3.8371,4.75
10,1,95,4.1337,4.75
10,1,96,1.8452,4.5
10,1,96,4.6245,4.5
10,1,97,2.3507,3.75
10,1,97,3.9347,3.75
10,1,98,2.5263,4.5
10,1,98,3.4555,4.5
10,1,99,2.4355,5.25
10,1,99,4.2410,5.25
10,1,100,3.9386,4.0
10,1,100,3.7031,4.0
10,1,101,3.2817,5.5
10,1,101,4.9257,5.5
10,1,102,2.9284,5.0
10,1,102,3.8300,5.0
10,1,103,3.7418,3.75
10,1,103,4.5520,3.75
10,1,104,4.2163,4.5
10,1,104,3.6549,4.5
10,1,105,3.2584,4.0
10,1,105,3.7722,4.0
10,1,106,3.4332,2.0
10,1,106,2.9953,2.0
10,1,107,2.4383,5.0
10,1,107,4.4061,5.0
10,1,108,3.9740,5.0
10,1,108,2.6507,3.75
10,2,3,5.0930,3.75
10,2,3,1.8286,6.25
10,2,4,5.3312,6.25
10,2,4,4.5166,5.5
10,2,5,5.1246,5.5
10,2,5,4.6995,5.25
10,2,6,5.0518,5.25
10,2,6,4.4819,5.25
10,2,7,5.0308,5.25
10,2,7,4.5215,5.75
10,2,8,5.0143,5.75
10,2,8,4.5766,3.25
10,2,9,4.2451,3.25
10,2,9,3.8559,5.25
10,2,10,4.7767,5.25
10,2,10,3.8959,4.5
10,2,11,4.6179,4.5
10,2,11,1.6725,4.25
10,2,12,5.2017,4.25
10,2,12,1.0023,5.25
10,2,13,4.5101,5.25
10,2,13,1.4124,5.25
10,2,14,4.9001,5.25
10,2,14,4.5604,5.75
10,2,15,4.9706,5.75
10,2,15,2.1759,4.5
10,2,19,4.6281,4.5
10,2,19,2.3436,2.75
10,2,20,4.5014,2.75
10,2,20,4.2350,5.5
10,2,21,3.6947,5.5
10,2,21,3.8022,5.5
10,2,22,4.2252,5.5
10,2,22,3.2889,5.0
10,2,23,4.2250,5.0
10,2,23,1.5270,3.5
10,2,26,4.3736,3.5
10,2,26,1.5743,4.5
10,2,28,4.2099,4.5
10,2,28,1.3354,5.0
10,2,29,3.6345,5.0
10,2,29,1.5560,5.75
10,2,30,3.9498,5.75
10,2,30,1.3342,4.75
10,2,33,4.4833,4.75
10,2,33,1.4278,3.75
10,2,36,3.7250,3.75
10,2,36,1.4797,5.0
10,2,37,4.5289,5.0
10,2,37,2.0839,4.75
10,2,38,4.3720,4.75
10,2,38,3.1127,5.25
10,2,39,4.3723,5.25
10,2,39,1.7246,5.25
10,2,41,4.4001,5.25
10,2,41,1.8287,5.5
10,2,42,4.1181,5.5
10,2,42,2.3238,5.75
10,2,43,4.3460,5.75
10,2,43,3.0488,5.25
10,2,47,4.3367,5.25
10,2,47,4.7254,5.5
10,2,51,5.0662,5.5
10,2,51,4.7693,5.5
10,2,52,4.3787,5.5
10,2,52,4.6711,6.75
10,2,53,4.9138,6.75
10,2,53,4.8284,5.5
10,2,54,4.9660,5.5
10,2,54,1.9711,3.75
10,2,55,4.9070,3.75
10,2,55,3.5239,5.25
10,2,56,4.5179,5.25
10,2,56,4.1885,5.5
10,2,58,5.0297,5.5
10,2,58,3.9612,5.0
10,2,65,4.0067,5.0
10,2,65,2.4611,3.0
10,2,66,3.4563,3.0
10,2,66,3.8600,4.33333
10,2,67,4.1966,4.33333
10,2,67,3.9706,4.75
10,2,68,3.3526,4.75
10,2,68,4.0662,5.25
10,2,69,4.6335,5.25
10,2,69,3.7475,4.66667
10,2,70,4.3491,4.66667
10,2,70,3.7347,4.0
10,2,71,4.1654,4.0
10,2,71,3.8943,6.25
10,2,72,4.8176,6.25
10,2,72,3.5534,5.5
10,2,73,4.0915,5.5
10,2,73,4.7627,4.75
10,2,74,4.1256,4.75
10,2,74,4.3186,4.5
10,2,75,4.2590,4.5
10,2,75,3.7530,4.5
10,2,76,3.6890,4.5
10,2,76,3.5553,3.5
10,2,77,3.9103,3.5
10,2,77,4.2808,5.25
10,2,78,3.9458,5.25
10,2,78,4.3641,5.5
10,2,79,4.7742,5.5
10,2,79,3.0408,4.5
10,2,80,3.9101,4.5
10,2,80,3.6231,5.25
10,2,81,4.2717,5.25
10,2,81,4.3069,5.25
10,2,82,4.8491,5.25
10,2,82,3.1940,4.25
10,2,83,4.3815,4.25
10,2,83,3.7880,4.0
10,2,84,4.4922,4.0
10,2,84,3.3685,5.25
10,2,85,3.8994,5.25
10,2,85,3.7980,4.5
10,2,86,3.8103,4.5
10,2,86,3.8968,5.5
10,2,87,4.5274,5.5
10,2,87,4.1456,5.5
10,2,88,4.7413,5.5
10,2,88,1.7508,4.0
10,2,89,4.5865,4.0
10,2,89,2.4849,4.25
10,2,90,4.2456,4.25
10,2,90,2.0210,4.25
10,2,91,4.2490,4.25
10,2,91,4.4973,5.75
11,1,4,4.5536,5.75
11,1,4,3.7023,5.75
11,1,5,4.1428,4.5
11,1,5,3.5341,4.5
11,1,6,3.8914,5.0
11,1,6,2.8927,5.0
11,1,7,4.3148,4.25
11,1,7,3.7466,4.25
11,1,8,3.8991,4.25
11,1,8,3.7869,4.25
11,1,9,3.9713,4.0
11,1,9,4.2731,4.0
11,1,10,5.4645,4.66667
11,1,10,3.2994,4.66667
11,1,11,4.5915,4.5
11,1,11,3.4649,4.5
11,1,12,4.0449,5.5
11,1,12,3.6296,5.5
11,1,13,5.4695,5.25
11,1,13,3.8078,5.25
11,1,14,4.5065,4.25
11,1,14,2.9403,4.25
11,1,15,4.9917,3.5
11,1,15,2.9773,3.5
11,1,19,3.7575,6.25
11,1,19,4.2433,6.25
11,1,20,3.6845,5.5
11,1,20,4.0565,5.5
11,1,21,3.6241,4.25
11,1,21,3.9488,4.25
11,1,22,3.6201,6.25
11,1,22,3.8362,6.25
11,1,23,3.5046,5.75
11,1,23,3.8785,5.75
11,1,24,3.6336,3.25
11,1,24,4.0644,3.25
11,1,25,4.0014,5.0
11,1,25,4.1540,5.0
11,1,26,3.6744,4.0
11,1,26,4.3814,4.0
11,1,27,3.7967,4.5
11,1,27,3.8379,4.5
11,1,28,3.6774,4.5
11,1,28,3.9780,4.5
11,1,29,3.4229,5.5
11,1,29,4.1152,5.5
11,1,30,4.0415,4.25
11,1,30,4.3113,4.25
11,1,31,3.6569,5.5
11,1,31,4.3590,5.5
11,1,32,4.3579,4.25
11,1,32,4.0260,4.25
11,1,33,3.8354,5.0
11,1,33,4.1239,5.0
11,1,34,3.5633,4.5
11,1,34,4.0930,4.5
11,1,35,4.0644,4.5
11,1,35,3.8921,4.5
11,1,36,3.7205,5.0
11,1,36,3.3886,5.0
11,1,37,4.0016,3.75
11,1,37,3.7206,3.75
11,1,38,4.1221,4.5
11,1,38,3.4578,4.5
11,1,39,4.4601,5.0
11,1,39,3.1340,5.0
11,1,48,2.6343,2.25
11,1,48,2.8543,2.25
11,1,50,3.7884,3.0
11,1,50,4.4744,3.0
11,1,51,4.5147,4.75
11,1,51,4.4289,4.75
11,1,57,3.8029,2.5
11,1,57,3.5019,2.5
11,1,62,3.4342,5.0
11,1,62,4.5027,5.0
11,1,63,3.9413,6.25
11,1,63,4.4219,6.25
11,1,64,3.9680,5.0
11,1,64,3.2688,5.0
11,1,66,3.9405,3.25
11,1,66,4.0321,3.25
11,1,68,4.3478,4.25
11,1,68,3.6775,4.25
11,1,69,3.7262,4.0
11,1,69,1.8764,4.0
11,1,70,4.0171,5.0
11,1,70,3.7139,5.0
11,1,73,4.0676,5.25
11,1,73,4.5446,5.25
11,1,75,3.8444,3.5
11,1,75,3.6495,3.5
11,1,76,3.8392,4.0
11,1,76,2.8983,4.0
11,1,77,3.6861,6.0
11,1,77,4.0749,6.0
11,1,78,3.7210,5.0
11,1,78,3.9541,5.0
11,1,79,3.8242,4.5
11,1,79,1.5073,4.5
11,1,80,3.9411,6.0
11,1,80,2.3387,6.0
11,1,81,3.9494,4.5
11,1,81,4.0915,4.5
11,1,82,3.9722,4.5
11,1,82,3.5215,4.5
11,1,83,3.5717,3.5
11,1,83,3.4880,3.5
11,1,84,4.0372,3.5
11,1,84,3.7208,3.5
11,1,87,3.4138,2.75
11,1,87,4.0003,2.75
11,1,88,3.9157,3.75
11,1,88,3.4384,3.75
11,1,90,3.2949,4.25
11,1,90,3.8170,4.25
11,1,91,4.3850,5.5
11,1,91,4.3196,5.5
11,1,93,4.3137,4.25
11,1,93,3.4908,4.25
11,1,94,4.0586,5.75
11,1,94,3.6614,5.75
11,1,95,4.3282,4.25
11,1,95,3.3030,4.25
11,1,96,3.5006,4.75
11,1,96,3.0335,4.75
11,1,97,3.4668,3.75
11,1,97,3.1140,3.75
11,1,98,3.7781,4.5
11,1,98,3.4614,4.5
11,1,99,3.2214,6.25
11,1,99,4.6199,5.0
11,2,3,2.6488,5.0
11,2,3,4.3746,4.0
11,2,4,3.7580,4.0
11,2,4,4.4759,2.25
11,2,5,2.9638,2.25
11,2,5,4.4546,5.5
11,2,6,2.9529,5.5
11,2,6,3.7891,0.75
11,2,7,3.0261,0.75
11,2,7,4.3051,5.0
11,2,8,2.7335,5.0
11,2,8,4.5414,3.5
11,2,9,3.3102,3.5
11,2,9,4.3883,4.75
11,2,10,2.7433,4.75
11,2,10,3.3744,2.25
11,2,12,4.0594,2.25
11,2,12,3.6884,3.75
11,2,17,3.6442,3.75
11,2,17,2.9046,4.0
11,2,18,4.2221,4.0
11,2,18,4.1834,5.25
11,2,19,4.7070,5.25
11,2,19,4.1833,4.75
11,2,20,4.1289,4.75
11,2,20,4.1419,6.25
11,2,21,4.1836,6.25
11,2,21,3.8832,3.75
11,2,22,3.4833,3.75
11,2,22,4.5387,5.75
11,2,23,4.4236,5.75
11,2,23,4.4584,5.0
11,2,24,4.2010,5.0
11,2,24,4.0933,5.0
11,2,25,4.2997,5.0
11,2,25,3.8293,3.5
11,2,26,4.3444,3.5
11,2,26,3.3656,5.5
11,2,27,4.4119,5.5
11,2,27,4.1041,4.5
11,2,28,4.5217,4.5
11,2,28,2.6899,4.75
11,2,29,4.9996,4.75
11,2,29,2.7254,4.0
11,2,30,3.9586,4.0
11,2,30,4.5831,5.0
11,2,31,4.2515,5.0
11,2,31,4.0832,5.25
11,2,32,4.7574,5.25
11,2,32,3.7913,4.25
11,2,33,4.5917,4.25
11,2,33,4.6450,6.5
11,2,34,4.4693,6.5
11,2,34,3.9651,3.75
11,2,35,4.2906,3.75
11,2,35,4.3882,4.25
11,2,36,4.6001,4.25
11,2,36,3.2712,5.0
11,2,37,4.2578,5.0
11,2,37,3.8655,4.25
11,2,38,4.3349,4.25
11,2,38,2.4843,4.5
11,2,39,3.7639,4.5
11,2,39,3.6970,4.25
11,2,40,4.1852,4.25
11,2,40,4.1149,4.75
11,2,41,3.7395,4.75
11,2,41,3.7994,4.75
11,2,42,3.8205,4.75
11,2,42,3.8172,5.25
11,2,43,3.6715,5.25
11,2,43,3.8855,5.5
11,2,44,4.1231,5.5
11,2,44,4.3733,4.25
11,2,45,3.9336,4.25
11,2,45,3.8592,4.25
11,2,46,4.0429,4.25
11,2,46,3.8191,4.0
11,2,47,5.0627,4.0
11,2,47,3.8635,6.5
11,2,48,4.3959,6.5
11,2,48,3.8615,2.75
11,2,49,4.4295,2.75
11,2,49,4.0008,4.25
11,2,50,4.3783,4.25
11,2,50,3.9501,4.5
11,2,51,4.2452,4.5
11,2,51,4.5662,5.0
11,2,52,4.7028,5.0
11,2,52,3.9605,4.5
11,2,53,4.2996,4.5
11,2,53,3.7090,3.75
11,2,54,4.6029,3.75
11,2,54,3.5810,4.5
11,2,55,4.6362,4.5
11,2,55,4.4558,4.75
11,2,56,5.2910,4.75
11,2,56,2.5911,2.5
11,2,60,3.8837,2.5
11,2,60,2.1227,3.25
11,2,61,4.3328,3.25
11,2,61,4.1232,1.75
11,2,62,3.8093,1.75
11,2,62,4.2833,2.75
11,2,63,3.1202,2.75
11,2,63,4.2185,4.25
11,2,64,4.7474,4.25
11,2,64,4.4287,2.5
11,2,65,4.6857,2.5
11,2,65,4.4982,1.75
11,2,66,4.4018,1.75
11,2,66,3.7829,4.75
11,2,67,4.3581,4.75
11,2,67,4.2109,4.0
11,2,68,4.2735,4.0
11,2,68,4.7511,3.25
11,2,69,4.2004,3.25
11,2,69,4.5982,4.25
11,2,72,4.1276,4.25
11,2,72,4.4488,4.25
11,2,73,3.7176,4.25
11,2,73,4.2104,4.25
11,2,74,3.9310,4.25
11,2,74,4.5456,2.5
11,2,75,4.2463,2.5
11,2,75,4.6182,5.5
11,2,76,2.9747,5.5
11,2,76,4.2190,4.5
11,2,77,2.8707,4.5
11,2,77,4.6451,5.5
11,2,78,3.5976,5.5
11,2,78,4.1861,4.25
11,2,79,3.0445,4.25
11,2,79,4.2851,3.75
11,2,80,3.6435,3.75
11,2,80,3.5983,3.0
11,2,81,2.6328,3.0
11,2,81,4.0703,4.75
11,2,82,2.3137,4.75
11,2,82,4.3462,4.0
11,2,83,2.9866,4.0
11,2,83,4.7572,4.75
11,2,84,3.6955,4.75
11,2,84,4.5477,5.0
11,2,85,3.8950,5.0
11,2,85,4.3750,5.75
11,2,86,4.0748,5.75
11,2,86,3.9219,4.25
11,2,87,3.4997,4.25
11,2,87,4.2687,5.0
11,2,88,3.7059,5.0
11,2,88,4.0638,4.75
11,2,89,3.8184,4.75
11,2,89,3.9782,3.25
11,2,90,3.5247,3.25
11,2,90,4.2054,4.5
11,2,91,3.5271,4.5
11,2,91,3.3265,5.5
11,2,92,1.6268,5.5
11,2,92,4.0962,5.0
11,2,93,4.2065,5.0
11,2,93,3.9465,4.25
11,2,94,3.9969,4.25
11,2,94,4.2666,4.0
11,2,95,3.4672,4.0
11,2,95,3.9236,5.0
11,2,96,2.5776,5.0
11,2,96,4.3299,3.75
11,2,97,3.5263,3.75
11,2,97,4.4238,5.0
11,2,98,4.0514,5.0
11,2,98,4.5892,5.5
11,2,99,3.9062,5.5
11,2,99,3.4163,4.5
11,2,100,3.9588,4.5
11,2,100,3.3546,4.75
11,2,101,3.9149,4.75
11,2,101,3.9782,3.75
11,2,102,3.5005,3.75
11,2,102,3.9543,5.25
11,2,103,3.3617,5.25
11,2,103,3.8466,6.0
11,2,104,3.6036,6.0
11,2,104,4.0588,4.5
11,2,105,3.6426,4.5
11,2,105,4.4220,3.0
11,2,106,3.8174,3.0
11,2,106,4.0857,4.75
11,2,109,4.1580,4.75
11,2,109,4.2683,4.75
11,2,110,3.2881,4.75
11,2,110,3.9658,4.5
12,1,2,5.0981,6.5
12,1,2,4.5797,6.5
12,1,3,4.3518,6.0
12,1,3,5.6385,6.0
12,1,5,4.3055,6.0
12,1,5,4.8125,6.0
12,1,6,4.5282,5.0
12,1,6,3.4943,5.0
12,1,7,4.6599,6.25
12,1,7,4.0855,6.25
12,1,8,4.3955,5.25
12,1,8,4.0348,5.25
12,1,9,3.1409,4.75
12,1,9,5.3590,4.75
12,1,10,4.1535,5.25
12,1,10,5.8242,5.25
12,1,11,4.3199,5.0
12,1,11,4.8545,5.0
12,1,12,4.1105,5.75
12,1,12,4.5118,5.75
12,1,69,3.9992,3.75
12,1,69,3.5175,4.0
12,2,4,2.7039,4.0
12,2,4,6.6346,5.25
12,2,5,3.8919,5.25
12,2,5,3.0886,5.0
12,2,11,4.4863,5.0
12,2,11,4.6391,5.25
16,2,5,3.9685,4.0
16,2,5,3.2763,4.0
16,2,6,4.2053,4.5
16,2,6,3.9883,4.5
16,2,7,3.6026,5.0
16,2,7,3.8201,5.0
16,2,8,3.6756,3.25
16,2,8,3.8539,3.25
16,2,9,3.8564,3.5
16,2,9,4.2651,3.5
16,2,10,4.0929,5.5
16,2,10,3.8765,5.5
16,2,11,3.2964,4.5
16,2,11,3.8903,4.5
16,2,12,3.3420,5.5
16,2,12,2.8761,5.5
16,2,13,3.3940,4.5
16,2,13,3.5834,4.5
16,2,14,3.4232,4.0
16,2,14,3.3281,4.0
16,2,15,3.6576,4.25
16,2,15,3.4969,4.25
16,2,21,3.7604,3.75
16,2,21,3.6358,3.75
16,2,22,2.9493,1.75
16,2,22,4.3820,1.75
16,2,23,3.4483,2.5
16,2,23,4.1021,2.5
16,2,24,3.0022,3.5
16,2,24,4.1238,3.5
16,2,25,2.9437,3.0
16,2,25,3.2416,3.0
16,2,26,3.0907,3.25
16,2,26,3.4726,3.25
16,2,27,2.7873,4.25
16,2,27,3.6868,4.25
16,2,28,2.7875,3.25
16,2,28,3.1997,3.25
16,2,29,2.9405,2.0
16,2,29,3.8436,2.0
16,2,30,2.9958,3.0
16,2,30,3.8528,3.0
16,2,31,2.3984,2.0
16,2,31,4.2064,2.0
16,2,32,2.4972,2.75
16,2,32,3.6987,2.75
16,2,33,3.4941,1.5
16,2,33,3.5324,1.5
16,2,34,1.9941,2.25
16,2,34,3.4710,2.25
16,2,35,3.0503,2.5
16,2,35,2.9365,2.5
16,2,36,3.5037,3.75
16,2,36,3.4829,3.75
16,2,37,3.5773,4.5
16,2,37,3.8337,4.5
16,2,38,3.5705,4.0
16,2,38,3.5262,4.0
16,2,39,3.2925,2.25
16,2,39,3.7498,2.25
16,2,40,3.6360,2.0
16,2,40,3.5290,2.0
16,2,41,3.5449,1.75
16,2,41,3.5174,1.75
16,2,42,4.0437,2.5
16,2,42,3.2814,2.5
16,2,43,2.9706,2.25
16,2,43,3.7755,2.25
16,2,44,2.9735,2.75
16,2,44,3.4401,2.75
16,2,45,2.6977,3.0
16,2,45,3.8398,3.0
16,2,46,3.1450,2.5
16,2,46,3.5665,2.5
16,2,47,2.8921,1.75
16,2,47,3.1683,1.75
16,2,48,2.3120,3.25
16,2,48,2.8592,3.25
16,2,49,2.9251,2.75
16,2,49,3.6253,2.75
16,2,50,2.3888,2.25
16,2,50,3.7919,2.25
16,2,51,2.3108,3.5
16,2,51,3.7476,3.5
16,2,52,2.4953,2.25
16,2,52,3.7909,2.25
16,2,53,3.8761,4.0
16,2,53,4.4325,4.0
16,2,54,3.5956,1.25
16,2,54,3.5331,1.25
16,2,55,3.5683,4.0
16,2,55,3.1687,4.0
16,2,56,3.7198,4.75
16,2,56,4.1914,4.75
16,2,57,3.7626,3.0
16,2,57,3.9752,3.0
16,2,58,3.3349,2.25
16,2,58,3.9651,2.25
16,2,60,3.3667,3.0
16,2,60,3.4521,3.0
16,2,61,3.8908,2.5
16,2,61,3.8793,2.5
16,2,65,3.7963,5.0
16,2,65,3.9007,5.0
16,2,66,4.0895,5.75
16,2,66,4.0550,5.75
16,2,67,3.7414,3.5
16,2,67,3.4306,3.5
16,2,68,3.2184,1.25
16,2,68,3.8376,1.25
16,2,69,3.5217,1.75
16,2,69,3.5329,1.75
16,2,70,3.1623,1.75
16,2,70,3.7056,1.75
16,2,71,4.0982,4.0
16,2,71,4.0844,4.0
16,2,72,3.9282,2.25
16,2,72,3.9256,2.25
16,2,73,3.6061,4.0
16,2,73,3.5096,4.0
16,2,76,2.9162,3.0
16,2,76,3.9913,3.0
16,2,77,3.4480,5.5
16,2,77,4.0709,5.5
16,2,78,3.6989,4.25
16,2,78,3.9849,4.25
16,2,79,3.9344,5.0
16,2,79,4.3171,5.0
16,2,80,3.3506,4.0
16,2,80,4.2026,4.0
16,2,81,2.6666,2.5
16,2,81,3.8050,2.5
16,2,82,3.1403,2.25
16,2,82,4.3646,2.25
16,2,83,3.7807,4.5
16,2,83,4.2656,4.5
16,2,84,3.1465,3.75
16,2,84,3.7927,3.75
16,2,85,3.9554,3.5
16,2,85,3.8461,3.5
16,2,86,3.2545,4.5
16,2,86,3.9466,4.5
16,2,87,2.9626,3.5
16,2,87,3.7614,3.5
16,2,88,2.8891,3.75
16,2,88,4.2747,3.75
16,2,89,3.2319,1.75
16,2,89,4.0380,1.75
16,2,90,3.0331,1.75
16,2,90,3.5453,1.75
16,2,91,2.0073,3.25
16,2,91,4.4018,3.25
16,2,92,3.3149,2.5
16,2,92,4.1891,2.5
16,2,93,3.6257,4.0
16,2,93,3.8247,4.0
16,2,94,3.6150,4.0
16,2,94,4.1002,4.0
16,2,95,3.6527,3.5
16,2,95,3.4228,3.5
16,2,96,3.4261,3.5
16,2,96,4.0835,3.5
16,2,97,2.9355,2.75
16,2,97,4.8067,2.75
16,2,98,3.2301,4.5
16,2,98,3.6204,4.5
16,2,99,1.3102,3.25
16,2,99,4.0205,3.25
16,2,100,3.3140,3.25
16,2,100,3.7925,3.25
16,2,101,3.7789,5.0
16,2,101,3.7473,5.0
16,2,102,3.7950,1.75
16,2,102,3.8062,1.75
16,2,103,2.9833,3.25
16,2,103,3.6944,3.25
16,2,104,3.7548,1.75
16,2,104,3.8520,1.75
16,2,105,3.7227,3.75
16,2,105,3.4806,3.75
16,2,106,3.9048,2.75
16,2,106,3.8899,2.75
16,2,107,3.3270,3.25
16,2,107,3.9944,3.25
16,2,108,1.4498,2.75
16,2,108,4.0218,2.75
16,2,109,3.7291,4.5
16,2,109,4.0943,4.5
16,2,110,3.5792,2.25
16,2,110,3.9365,2.25
16,2,111,3.8123,3.5
16,2,111,3.8344,3.5
16,2,112,3.0031,1.5
16,2,112,4.5159,1.5
16,2,113,3.1936,2.5
16,2,113,4.5109,2.5
16,2,114,3.6957,3.5
16,2,114,3.5865,3.5
16,2,115,3.8608,2.75
16,2,115,3.9162,2.75
16,2,116,3.9498,4.0
17,1,4,4.5578,2.75
17,1,4,2.4650,2.75
17,1,5,4.3219,2.75
17,1,5,2.2079,2.75
17,1,6,3.8386,2.75
17,1,6,1.9397,2.75
17,1,7,4.5696,2.75
17,1,7,1.2399,2.75
17,1,8,4.6755,2.75
17,1,8,1.4468,2.75
17,1,9,4.0792,1.5
17,1,9,0.5991,1.5
17,1,10,4.0715,1.5
17,1,10,1.5762,1.5
17,1,12,3.5629,2.25
17,1,12,2.8827,2.25
17,1,17,4.4389,3.0
17,1,17,2.1521,3.0
17,1,18,4.4613,2.75
17,1,18,2.1522,2.75
17,1,19,4.4478,4.0
17,1,19,2.0686,4.0
17,1,20,4.4741,3.5
17,1,20,1.6738,3.5
17,1,21,4.5210,2.5
17,1,21,1.3240,2.5
17,1,22,5.0915,3.0
17,1,22,1.5083,3.0
17,1,23,4.3044,2.5
17,1,23,1.0744,2.5
17,1,24,4.4165,3.25
17,1,24,1.5910,3.25
17,1,25,4.9858,3.75
17,1,25,1.6192,3.75
17,1,26,4.6036,3.0
17,1,26,0.3386,3.0
17,1,27,4.3712,4.5
17,1,27,1.3955,4.5
17,1,29,5.0252,4.0
17,1,29,1.6870,4.0
17,1,30,4.4083,5.25
17,1,30,2.0191,5.25
17,1,31,4.1987,4.0
17,1,31,1.8284,4.0
17,1,32,4.0628,4.5
17,1,32,1.7808,4.5
17,1,33,4.8487,3.75
17,1,33,1.7107,3.75
17,1,34,4.4878,3.25
17,1,34,1.4669,3.25
17,1,35,4.1044,2.5
17,1,35,1.7743,2.5
17,1,36,3.9892,2.75
17,1,36,1.8396,2.75
17,1,37,4.4486,2.5
17,1,37,0.4730,2.5
17,1,38,4.5694,2.25
17,1,38,1.4317,2.25
17,1,39,4.6644,4.5
17,1,39,1.3644,4.5
17,1,40,4.4691,3.0
17,1,40,1.6948,3.0
17,1,41,4.2209,3.25
17,1,41,2.0230,3.25
17,1,42,4.2603,3.75
17,1,42,1.8949,3.75
17,1,43,4.6411,4.25
17,1,43,1.1865,4.25
17,1,44,4.4961,3.5
17,1,44,1.6274,3.5
17,1,45,4.3182,3.0
17,1,45,2.2644,3.0
17,1,46,4.1995,4.0
17,1,46,1.6765,4.0
17,1,51,4.7012,3.0
17,1,51,1.7239,3.0
17,1,52,4.9165,2.75
17,1,52,1.9655,2.75
17,1,53,4.4541,2.75
17,1,53,1.9563,2.75
17,1,54,4.2964,3.25
17,1,54,1.8751,3.25
17,1,55,4.3946,2.5
17,1,55,3.3675,2.5
17,1,56,4.7388,3.25
17,1,56,2.0594,3.25
17,1,59,4.5412,2.5
17,1,59,2.7223,2.5
17,1,60,4.7801,3.0
17,1,60,1.8127,3.0
17,1,61,2.4564,2.25
17,1,61,1.0577,2.25
17,1,62,3.8735,1.75
17,1,62,0.9630,1.75
17,1,63,3.1791,1.75
17,1,63,1.6036,1.75
17,1,64,2.5175,1.0
17,1,64,1.7749,1.0
17,1,65,1.5950,1.25
17,1,65,2.5334,1.25
17,1,67,4.3173,3.0
17,1,67,2.5448,3.0
17,1,68,4.7919,3.75
17,1,68,0.7151,3.75
17,1,69,1.5452,2.5
17,1,69,1.6926,2.5
17,1,72,4.5407,5.25
17,1,72,2.3627,5.25
17,1,73,4.4651,4.25
17,1,73,1.2429,4.25
17,1,74,4.5240,3.25
17,1,74,0.8364,3.25
17,1,75,4.3867,1.75
17,1,75,2.0065,1.75
17,1,76,4.5084,4.5
17,1,76,2.0285,4.5
17,1,77,4.4472,3.5
17,1,77,0.2771,3.5
17,1,78,4.4801,4.25
17,1,78,1.6628,4.25
17,1,79,4.3716,3.25
17,1,79,1.4850,3.25
17,1,80,4.7480,4.25
17,1,80,1.5376,4.25
17,1,81,4.9373,4.5
17,1,81,0.7690,4.5
17,1,82,4.7000,5.0
17,1,82,1.1334,5.0
17,1,83,4.7602,3.5
17,1,83,1.6866,3.5
17,1,84,4.7435,4.25
17,1,84,1.9097,4.25
17,1,85,4.2421,4.75
17,1,85,1.7182,4.75
17,1,86,4.6026,4.0
17,1,86,1.0484,4.0
17,1,87,4.9424,2.5
17,1,87,0.6592,2.5
17,1,88,4.9793,4.25
17,1,88,1.5331,4.25
17,1,89,4.7074,3.25
17,1,89,1.1263,3.25
17,1,90,4.9263,5.5
17,1,90,1.2840,5.5
17,1,91,4.8838,3.5
17,1,91,0.9765,3.5
17,1,92,4.7469,5.25
17,1,92,1.3813,5.25
17,1,93,4.1207,3.5
17,1,93,2.2680,3.5
17,1,94,4.7509,3.5
17,1,94,1.5270,3.5
17,1,95,4.8746,5.25
17,1,95,1.6499,5.25
17,1,96,4.1930,1.5
17,1,96,1.2804,1.5
17,1,97,4.6048,2.5
17,1,97,1.6678,2.5
17,1,98,4.7834,3.5
17,1,98,2.2062,3.5
17,1,99,4.6837,3.5
17,1,99,2.1076,3.5
17,1,100,4.6806,2.75
17,1,100,2.3571,2.75
17,1,101,4.4601,3.0
17,1,101,1.6949,3.0
17,1,102,4.6957,3.75
17,1,102,1.9545,3.75
17,1,104,4.8435,3.25
17,1,104,2.2610,3.25
17,1,105,4.9708,3.75
17,1,105,1.1598,3.75
17,1,106,4.9185,2.75
17,1,106,2.3189,2.75
17,1,107,4.9617,3.25
17,1,107,1.9898,3.25
17,1,108,4.9549,2.5
17,1,108,1.9015,2.5
17,1,109,4.9941,2.5
18,1,2,3.0166,4.25
18,1,2,4.7444,4.25
18,1,3,3.7205,2.25
18,1,3,4.5240,2.25
18,1,4,4.0263,3.0
18,1,4,4.6524,3.0
18,1,5,3.9488,1.5
18,1,5,1.8150,1.5
18,1,6,3.6915,3.5
18,1,6,4.2313,3.5
18,1,7,3.1752,2.5
18,1,7,2.0180,2.5
18,1,8,3.1446,2.25
18,1,8,2.7933,2.25
18,1,9,4.2151,2.0
18,1,9,4.1600,2.0
18,1,10,4.1839,1.75
18,1,10,4.4107,1.75
18,1,11,5.0565,5.75
18,1,11,3.9270,5.75
18,1,12,4.8457,6.0
18,1,12,4.3037,6.0
18,1,16,3.1238,2.33333
18,1,16,5.0011,2.33333
18,1,17,3.5014,3.0
18,1,17,4.9304,3.0
18,1,18,2.9977,2.75
18,1,18,4.3306,2.75
18,1,19,2.9796,2.75
18,1,19,4.9545,2.75
18,1,20,2.7512,2.75
18,1,20,4.8829,2.75
18,1,21,3.2781,2.5
18,1,21,4.2335,2.5
18,1,28,4.3846,3.25
18,1,28,5.2442,3.25
18,1,29,3.9927,3.75
18,1,29,4.8059,3.75
18,1,30,4.5271,2.75
18,1,30,4.5125,2.75
18,1,31,3.1037,3.75
18,1,31,4.8040,3.75
18,1,32,3.4352,1.25
18,1,32,4.5264,1.25
18,1,33,3.4893,1.0
18,1,33,4.7229,1.0
18,1,34,4.0597,2.25
18,1,34,4.3582,2.25
18,1,35,4.1527,2.25
18,1,35,4.8610,2.25
18,1,36,3.8024,2.25
18,1,36,4.6741,2.25
18,1,37,3.7294,2.75
18,1,37,4.7851,2.75
18,1,38,3.8705,3.5
18,1,38,4.4955,3.5
18,1,39,3.7526,4.0
18,1,39,4.7342,4.0
18,1,40,3.8698,4.0
18,1,40,4.5508,4.0
18,1,41,3.7938,4.0
18,1,41,4.7410,4.0
18,1,42,4.0015,2.5
18,1,42,4.7563,2.5
18,1,43,3.8838,4.25
18,1,43,3.7578,4.25
18,1,44,3.1484,2.5
18,1,44,3.3561,2.5
18,1,45,4.6672,4.75
18,1,45,4.2583,4.75
18,1,46,3.2336,2.25
18,1,46,4.6093,2.25
18,1,47,3.3143,1.75
18,1,47,4.5604,1.75
18,1,48,3.2766,1.75
18,1,48,4.5584,1.75
18,1,49,3.7395,1.5
18,1,49,5.2760,1.5
18,1,50,3.5879,2.25
18,1,50,5.3367,2.25
18,1,51,3.9150,1.25
18,1,51,4.7692,1.25
18,1,53,4.1524,3.25
18,1,53,4.9383,3.25
18,1,54,3.2602,1.25
18,1,54,3.6806,1.25
18,1,55,3.8686,1.75
18,1,55,3.7327,1.75
18,1,56,3.5765,3.25
18,1,56,4.0544,3.25
18,1,59,3.1079,1.66667
18,1,59,3.1828,1.66667
18,1,60,3.8757,1.0
18,1,60,4.8367,1.0
18,1,61,3.7205,3.25
18,1,61,3.9902,3.25
18,1,62,3.2619,1.5
18,1,62,3.7426,1.5
18,1,64,4.8337,2.25
18,1,64,3.4901,2.25
18,1,65,3.4873,1.0
18,1,65,3.3930,1.0
18,1,66,3.9696,1.75
18,1,66,2.8259,1.75
18,1,67,4.6290,1.0
18,1,67,2.8826,1.0
18,1,68,3.6342,2.5
18,1,68,3.2616,2.5
18,1,74,4.3628,1.5
18,1,74,4.0964,1.5
18,1,75,3.9933,1.0
18,1,75,4.3202,1.0
18,1,76,4.3976,2.0
18,1,76,4.8752,2.0
18,1,77,3.9059,1.0
18,1,77,5.2724,1.0
18,1,78,3.6766,2.0
18,1,78,4.4905,2.0
18,1,79,3.7557,2.25
18,1,79,4.3804,2.25
18,1,80,3.2623,3.5
18,1,80,4.3955,3.5
18,1,81,3.8240,3.75
18,1,81,4.4975,3.75
18,1,82,3.9391,3.25
18,1,82,3.6608,3.25
18,1,84,3.7794,4.5
18,1,84,4.1584,4.5
18,1,85,3.0462,4.0
18,1,85,4.2231,4.0
18,1,90,3.0375,2.5
18,1,90,3.9372,2.5
18,1,91,2.6869,2.5
18,1,91,4.9867,2.5
18,1,92,4.8969,2.25
18,1,92,5.1288,2.25
18,1,93,2.7211,2.0
18,1,93,4.3980,2.0
18,1,94,3.8253,2.5
18,1,94,4.2206,2.5
18,1,95,3.2748,4.25
18,1,95,4.9968,4.25
18,1,96,3.8362,2.5
18,1,96,3.8015,2.5
18,1,97,3.9751,3.25
18,1,97,5.4953,3.25
18,1,98,4.1940,2.25
18,1,98,4.9813,2.25
18,1,99,3.5520,2.5
18,1,99,4.9806,2.5
18,1,100,3.1034,3.75
18,1,100,4.2612,3.75
18,1,101,4.1540,2.25
18,1,101,4.2512,2.25
18,1,102,3.8934,2.25
18,1,102,3.7922,2.25
18,1,103,3.6924,2.0
18,1,103,3.3163,2.0
18,1,104,3.2400,3.25
18,1,104,4.4152,3.25
18,1,105,3.1957,1.75
18,1,105,3.7728,1.75
18,1,109,3.6742,3.0
18,1,109,4.0735,3.0
18,1,111,3.3347,2.75
18,1,111,4.8395,2.75
18,1,112,3.2625,1.25
