3,1,1,5.1001,3.875
3,1,1,5.3147,3.875
3,1,2,3.6535,4.5
3,1,2,4.7795,4.5
3,1,3,4.1556,3.0
3,1,3,4.4842,3.0
3,1,4,3.6260,3.25
3,1,4,4.6486,3.25
3,1,5,3.0178,6.0
3,1,5,4.7935,6.0
3,1,6,2.9363,4.5
3,1,6,4.4757,4.5
3,1,7,3.5241,4.75
3,1,7,5.6162,4.75
3,1,8,3.4250,3.5
3,1,8,5.0889,3.5
3,1,10,3.3377,2.875
3,1,10,5.2235,2.875
3,1,14,3.8337,3.75
3,1,14,5.9569,3.75
3,1,15,3.6314,5.0
3,1,15,3.9797,5.0
3,1,16,3.6665,4.75
3,1,16,4.9995,4.75
3,1,17,3.8640,5.0
3,1,17,4.8876,5.0
3,1,18,3.4346,3.75
3,1,18,5.1607,3.75
3,1,20,3.5967,2.5
3,1,20,5.1352,2.5
3,1,21,3.6866,4.5
3,1,21,5.6024,4.5
3,1,22,3.9763,4.83333
3,1,22,4.3210,4.83333
3,1,24,3.6005,4.5
3,1,24,4.0321,4.5
3,1,25,3.8200,5.5
3,1,25,5.9382,5.5
3,1,26,3.6299,4.0
3,1,26,4.7051,4.0
3,1,27,3.8218,5.25
3,1,27,5.1149,5.25
3,1,28,3.0051,4.75
3,1,28,5.1248,4.75
3,1,29,3.8127,1.25
3,1,29,5.6352,1.25
3,1,30,3.5711,4.5
3,1,30,4.9565,4.5
3,1,33,3.2707,3.0
3,1,33,4.7468,3.0
3,1,34,2.9732,4.125
3,1,34,4.7388,4.125
3,1,35,3.4012,4.375
3,1,35,5.2969,4.375
3,1,40,3.2064,5.0
3,1,40,4.7928,5.0
3,1,43,3.1433,4.0
3,1,43,5.2066,4.0
3,1,44,2.8893,3.0
3,1,44,3.7206,3.0
3,1,45,3.1675,4.25
3,1,45,4.4178,4.25
3,1,46,3.0635,5.0
3,1,46,4.7525,5.0
3,1,47,3.1118,4.25
3,1,47,4.1174,4.25
3,1,48,3.8669,2.5
3,1,48,4.1447,2.5
3,1,49,3.1483,5.0
3,1,49,4.5073,5.0
3,1,50,2.8021,4.66667
3,1,50,4.7539,4.66667
3,1,51,3.3322,4.5
3,1,51,4.1783,4.5
3,1,52,3.3273,3.5
3,1,52,4.0732,3.5
3,1,55,3.9170,3.25
3,1,55,5.5044,3.25
3,1,56,2.9853,4.0
3,1,56,5.1954,4.0
3,1,57,2.8447,4.875
3,1,57,5.1427,4.875
3,1,58,3.4871,4.5
3,1,58,4.9744,4.5
3,1,59,3.5348,5.5
3,1,59,4.4933,5.5
3,1,60,2.5652,5.5
3,1,60,5.1321,5.5
3,1,61,2.9970,5.5
3,1,61,4.5684,5.5
3,1,62,3.3441,4.375
3,1,62,4.2789,4.375
3,1,63,2.7367,4.75
3,1,63,4.0333,4.75
3,1,64,2.8534,5.75
3,1,64,4.9144,5.75
3,1,65,3.4256,6.25
3,1,65,4.4887,6.25
3,1,66,3.6366,3.0
3,1,66,4.2343,3.0
3,1,70,3.0141,2.75
3,1,70,3.8579,2.75
3,1,71,3.5224,2.0
3,1,71,4.1701,2.0
3,1,73,2.8227,3.0
3,1,73,4.4998,3.0
3,1,74,3.4268,4.0
3,1,74,4.1808,4.0
3,1,75,3.4509,4.0
3,1,75,3.9746,4.0
3,1,78,3.4219,5.25
3,1,78,4.0817,5.25
3,1,79,3.3629,5.25
3,1,79,5.0688,5.25
3,1,80,3.1351,2.75
3,1,80,4.8034,2.75
3,1,81,3.4315,2.75
3,1,81,3.1205,2.75
3,1,82,3.4722,3.0
3,1,82,5.0980,3.0
3,1,83,3.1312,4.5
3,1,83,4.7076,4.5
3,1,84,3.2539,3.75
3,1,84,4.0449,3.75
3,1,85,3.1054,2.0
3,1,85,4.2258,2.0
3,1,86,3.4664,4.25
3,1,86,4.5139,4.25
3,1,87,3.4440,4.25
3,1,87,4.7028,4.25
3,1,88,2.6824,4.0
3,1,88,4.8212,4.0
3,1,89,3.6287,4.25
3,1,89,4.3400,4.25
3,1,90,3.5970,3.75
3,1,90,3.6395,3.75
3,1,91,2.9919,4.0
3,1,91,4.6010,4.0
3,1,92,2.9835,3.5
3,1,92,4.1792,3.5
3,1,93,3.6264,3.25
3,1,93,4.6105,3.25
3,1,94,3.0114,3.25
3,1,94,4.3536,3.25
3,1,95,3.0232,3.75
3,1,95,4.7833,3.75
3,1,96,3.2189,3.875
3,1,96,4.8730,3.875
3,1,97,2.5594,1.25
3,1,97,4.1599,1.25
3,1,98,2.6604,1.75
3,1,98,4.1257,1.75
3,1,99,2.6179,1.5
3,1,99,4.2006,1.5
3,1,100,2.7840,2.375
3,1,100,4.6614,2.375
3,1,101,3.1933,4.375
3,1,101,5.0427,4.375
3,1,102,3.1243,5.25
3,1,102,3.4107,5.25
3,1,103,2.7073,1.5
3,1,103,5.1074,1.5
3,1,104,2.1403,3.5
3,1,104,4.0632,3.5
3,1,105,2.6328,1.25
3,1,105,4.0319,1.25
3,1,106,2.8316,2.75
3,1,106,3.3481,1.875
3,2,2,4.3248,1.875
3,2,2,4.3001,3.25
3,2,5,5.1535,3.25
3,2,5,3.8866,5.25
3,2,6,4.6838,5.25
3,2,6,4.2518,6.0
3,2,7,5.4914,6.0
3,2,7,4.8626,6.0
3,2,8,5.1756,6.0
3,2,8,4.4878,4.5
3,2,9,4.3923,4.5
3,2,9,4.1251,4.0
3,2,10,4.3234,4.0
3,2,10,4.2783,4.125
3,2,11,4.6932,4.125
3,2,11,4.6035,5.25
3,2,12,4.4119,5.25
3,2,12,4.9988,5.0
3,2,13,4.6296,5.0
3,2,13,4.2921,3.75
3,2,14,4.3578,3.75
3,2,14,4.0302,2.5
3,2,26,4.1640,2.5
3,2,26,4.2749,4.0
3,2,27,4.1868,4.0
3,2,27,3.9080,4.0
3,2,28,4.0967,4.0
3,2,28,3.6581,4.0
3,2,29,3.8180,4.0
3,2,29,3.8481,3.625
3,2,30,3.9092,3.625
3,2,30,4.4336,3.25
3,2,31,4.6021,3.25
3,2,31,3.9468,3.25
3,2,32,3.6024,3.25
3,2,32,3.5501,3.5
3,2,34,4.3035,3.5
3,2,34,3.7988,3.875
3,2,35,3.9721,3.875
3,2,35,3.8630,2.75
3,2,36,3.8372,2.75
3,2,36,4.4028,2.25
3,2,37,4.2221,2.25
3,2,37,3.5747,3.25
3,2,38,4.2470,3.25
3,2,38,3.6754,4.25
3,2,39,3.8618,4.25
3,2,39,3.6473,2.75
3,2,40,3.5375,2.75
3,2,40,4.4137,3.5
3,2,41,4.2813,3.5
3,2,41,4.5135,2.5
3,2,42,4.0339,2.5
3,2,42,3.6545,4.0
3,2,43,3.9293,4.0
3,2,43,4.0589,5.0
3,2,44,4.4643,5.0
3,2,44,3.3752,3.25
3,2,45,4.0764,3.25
3,2,45,4.1878,4.5
3,2,46,3.9237,4.5
3,2,46,3.9095,3.875
3,2,47,3.4727,3.875
3,2,47,5.3968,4.25
3,2,48,4.9449,4.25
3,2,48,4.1301,3.75
3,2,50,3.5255,3.75
3,2,50,4.4120,4.0
3,2,51,4.0791,4.0
3,2,51,4.3580,1.5
3,2,52,3.4594,1.5
3,2,52,4.0388,4.5
3,2,53,3.5862,4.5
3,2,53,3.7823,3.33333
3,2,55,3.4673,3.33333
3,2,55,4.0782,4.25
3,2,56,3.8955,4.25
3,2,56,3.3799,2.25
3,2,59,4.1444,2.25
3,2,59,4.7057,3.75
3,2,60,5.4154,3.75
3,2,60,4.3870,4.375
3,2,61,4.4971,4.375
3,2,61,4.6087,5.25
3,2,62,5.2409,5.25
3,2,62,4.4701,1.25
3,2,63,4.8483,1.25
3,2,63,4.7486,2.375
3,2,64,4.3022,2.375
3,2,64,4.8658,3.75
3,2,66,4.1983,3.75
3,2,66,4.2856,5.25
3,2,67,4.2439,5.25
3,2,67,5.2583,5.5
3,2,68,4.3591,5.5
3,2,68,4.3697,1.25
3,2,69,4.7219,1.25
3,2,69,3.9414,3.66667
3,2,70,4.5184,3.66667
3,2,70,4.2457,2.375
3,2,71,4.5671,2.375
3,2,71,3.8093,3.75
3,2,73,3.9305,3.75
3,2,73,3.7085,2.75
3,2,78,4.0255,2.75
3,2,78,4.4841,3.75
3,2,79,3.6900,3.75
3,2,79,3.9606,4.75
3,2,80,4.1093,4.75
3,2,80,4.3772,4.375
3,2,81,3.4880,4.375
3,2,81,4.6460,3.25
3,2,82,3.8504,3.25
3,2,82,4.3264,4.25
3,2,83,3.8756,4.25
3,2,83,4.2067,4.0
3,2,84,3.8411,4.0
3,2,84,4.7778,3.25
3,2,85,3.6808,3.25
3,2,85,4.1231,2.75
3,2,86,3.6162,2.75
3,2,86,4.1698,3.75
3,2,87,3.9294,3.75
3,2,87,3.8292,4.0
3,2,88,3.9931,4.0
3,2,88,5.0600,4.25
3,2,90,3.8445,4.25
3,2,90,4.4143,4.5
3,2,91,4.0820,4.5
3,2,91,3.9795,3.75
3,2,94,3.7821,3.75
3,2,94,4.2162,1.5
3,2,95,4.4376,1.5
3,2,95,4.0819,3.125
3,2,96,3.4996,3.125
3,2,96,4.2639,5.0
3,2,97,3.9170,5.0
3,2,97,4.0445,4.5
3,2,98,3.6442,4.5
3,2,98,3.8051,2.625
3,2,99,3.6498,2.625
3,2,99,4.6462,1.25
3,2,100,3.9686,1.25
3,2,100,4.2946,3.125
3,2,101,4.2364,3.125
3,2,101,4.7076,2.0
3,2,102,4.1763,2.0
3,2,102,4.2316,4.0
3,2,103,4.5575,4.0
3,2,103,3.8602,3.5
3,2,104,4.1053,3.5
3,2,104,3.8132,3.5
3,2,105,3.6399,3.5
3,2,105,4.2079,3.875
3,2,106,3.9505,3.875
3,2,106,4.0073,4.625
3,2,107,4.1899,4.625
3,2,107,4.5697,4.0
3,2,108,4.1586,4.0
3,2,108,4.0301,4.25
3,2,110,3.6286,4.25
3,2,110,4.5588,3.5
3,2,111,2.4292,3.5
3,2,111,4.0793,3.0
4,1,23,12326174.0000,1.0
4,1,23,97425968.0000,1.0
4,1,30,12367648.0000,1.125
4,1,30,13575852.0000,1.125
4,1,31,1985768.7500,2.25
4,1,31,20204740.0000,2.25
4,1,32,1006760.3125,1.5
4,1,32,21782294.0000,1.5
4,1,33,392151.6875,1.5
4,1,33,13203640.0000,1.5
4,1,34,2391387.7500,1.5
4,1,34,10719440.0000,1.5
4,1,35,483440.2500,1.75
4,1,35,21095808.0000,1.75
4,1,36,9614593.0000,0.875
4,1,36,10848080.0000,0.875
4,1,37,3465932.5000,2.25
4,1,37,10200527.0000,2.25
4,1,38,3585153.2500,2.5
4,1,38,13624510.0000,2.5
4,1,39,1144577.3750,2.5
4,1,39,14711636.0000,2.5
4,1,40,1283996.1250,4.0
4,1,40,10293801.0000,4.0
4,1,41,10798484.0000,2.5
4,1,41,11497537.0000,2.5
4,1,42,7189119.5000,1.75
4,1,42,58238748.0000,1.75
4,1,45,11008389.0000,2.125
4,1,45,17482302.0000,2.125
4,1,46,11594307.0000,3.75
4,1,46,11360326.0000,3.75
4,1,48,1257369.0000,1.5
4,1,48,9481195.0000,1.5
4,1,49,4074869.2500,4.25
4,1,49,9557703.0000,4.25
4,1,50,2421771.5000,2.0
4,1,50,9157060.0000,2.0
4,1,51,13280803.0000,2.75
4,1,51,12559580.0000,2.75
4,1,52,20255982.0000,3.25
4,1,52,10451232.0000,3.25
4,1,54,17959426.0000,3.375
4,1,54,13625522.0000,3.375
4,1,55,14449102.0000,2.5
4,1,55,9808546.0000,2.5
4,1,56,8265453.0000,2.0
4,1,56,9482555.0000,2.0
4,1,57,1220567.7500,2.75
4,1,57,11931695.0000,2.75
4,1,58,468840.8750,2.25
4,1,58,11148594.0000,2.25
4,1,59,8918815.0000,1.875
4,1,59,17291014.0000,1.875
4,1,63,6122088.5000,1.0
4,1,63,24375400.0000,1.0
4,1,64,11162082.0000,3.5
4,1,64,63412340.0000,3.5
4,1,65,17331758.0000,4.75
4,1,65,41508172.0000,4.75
4,1,66,3605849.7500,1.0
4,1,66,61665516.0000,1.0
4,1,67,23111436.0000,1.75
4,1,67,56693244.0000,1.75
4,1,68,24507506.0000,5.5
4,1,68,78444464.0000,5.5
4,1,69,20008094.0000,5.5
4,1,69,95781728.0000,5.5
4,1,70,14536848.0000,5.25
4,1,70,73498688.0000,5.25
4,1,71,16155955.0000,2.125
4,1,71,83469616.0000,2.125
4,1,72,11952783.0000,2.375
4,1,72,126597584.0000,2.375
4,1,73,10372266.0000,4.25
4,1,73,75747928.0000,4.25
4,1,74,20609560.0000,3.5
4,1,74,92554360.0000,3.5
4,1,75,15845490.0000,4.75
4,1,75,73340352.0000,4.75
4,1,77,3964186.2500,2.625
4,1,77,49187384.0000,2.625
4,1,99,1326309.0000,2.375
4,1,99,22753638.0000,2.375
4,1,102,11048292.0000,1.5
4,1,102,15795121.0000,1.5
4,1,104,4876065.0000,1.25
4,1,104,8344442.0000,1.25
4,1,105,1984256.0000,3.625
4,1,105,8710516.0000,3.625
4,1,110,941379.9375,4.0
4,1,110,15714962.0000,4.0
4,1,111,1519919.7500,3.5
4,1,111,13749634.0000,3.5
4,1,112,3967662.0000,1.0
7,1,1,2.5130,3.5
7,1,1,3.2669,3.5
7,1,2,3.0297,5.5
7,1,2,3.0802,5.5
7,1,3,3.0133,4.75
7,1,3,3.4467,4.75
7,1,4,4.5281,3.25
7,1,4,3.4992,3.25
7,1,5,2.9347,4.75
7,1,5,3.7746,4.75
7,1,7,3.1452,2.25
7,1,7,3.2459,2.25
7,1,8,4.2307,4.5
7,1,8,3.0460,4.5
7,1,9,3.3057,2.0
7,1,9,3.5644,2.0
7,1,10,2.9676,2.75
7,1,10,2.6090,2.75
7,1,11,2.8060,1.75
7,1,11,3.3476,1.75
7,1,12,3.1428,5.0
7,1,12,2.4786,5.0
7,1,13,3.8247,3.0
7,1,13,3.9855,3.0
7,1,14,2.6195,1.75
7,1,14,2.6016,1.75
7,1,18,3.1693,6.0
7,1,18,3.3943,6.0
7,1,19,3.8052,4.75
7,1,19,4.0738,4.75
7,1,20,3.3390,5.25
7,1,20,3.5877,5.25
7,1,22,3.1260,3.75
7,1,22,4.0477,3.75
7,1,23,3.0903,4.0
7,1,23,3.0994,4.0
7,1,24,2.8033,5.0
7,1,24,2.9795,5.0
7,1,25,2.8992,4.5
7,1,25,3.8612,4.5
7,1,26,3.3251,3.0
7,1,26,2.5458,3.0
7,1,27,2.9270,4.25
7,1,27,3.1945,4.25
7,1,28,3.5400,5.25
7,1,28,3.4254,5.25
7,1,29,3.0676,4.25
7,1,29,4.3408,4.25
7,1,30,3.0470,3.0
7,1,30,3.8888,3.0
7,1,31,4.1622,4.5
7,1,31,3.8112,4.5
7,1,32,2.9681,3.75
7,1,32,3.7895,3.75
7,1,33,2.7401,4.75
7,1,33,3.3650,4.75
7,1,34,3.0532,5.5
7,1,34,3.5776,5.5
7,1,35,2.5216,6.0
7,1,35,2.5250,6.0
7,1,36,3.0323,4.25
7,1,36,2.7531,4.25
7,1,37,3.3790,4.25
7,1,37,2.8001,4.25
7,1,38,3.2838,3.5
7,1,38,2.8142,3.5
7,1,39,4.2938,5.5
7,1,39,3.1773,5.5
7,1,40,3.0486,5.5
7,1,40,3.9685,5.5
7,1,41,3.3035,4.75
7,1,41,3.3377,4.75
7,1,42,3.2692,3.0
7,1,42,3.3050,3.0
7,1,43,3.4199,3.5
7,1,43,3.9330,3.5
7,1,44,3.2135,6.25
7,1,44,3.2333,6.25
7,1,45,1.9795,4.5
7,1,45,2.8131,4.5
7,1,46,3.5254,4.0
7,1,46,3.5413,4.0
7,1,47,3.5096,4.5
7,1,47,2.8560,4.5
7,1,48,3.0980,1.5
7,1,48,4.0319,1.5
7,1,49,2.4727,4.5
7,1,49,3.7802,4.5
7,1,50,4.3749,5.0
7,1,50,3.0961,5.0
7,1,51,3.2742,3.5
7,1,51,2.6212,3.5
7,1,52,4.8576,0.75
7,1,52,3.9853,0.75
7,1,53,3.4264,5.5
7,1,53,3.3438,5.5
7,1,55,3.9383,2.5
7,1,55,2.9275,2.5
7,1,57,3.9993,4.25
7,1,57,2.9186,4.25
7,1,58,2.8552,6.0
7,1,58,3.7273,6.0
7,1,59,2.5505,5.25
7,1,59,3.0015,5.25
7,1,60,3.2310,3.25
7,1,60,3.2213,3.25
7,1,61,2.4543,5.0
7,1,61,2.2184,5.0
7,1,62,3.5654,4.5
7,1,62,2.8741,4.5
7,1,63,3.0083,5.5
7,1,63,4.2276,5.5
7,1,64,2.2031,5.0
7,1,64,2.8610,5.0
7,1,65,2.4117,5.25
7,1,65,2.4228,5.25
7,1,66,3.6807,4.25
7,1,66,3.1130,4.25
7,1,67,2.6951,4.75
7,1,67,2.7010,4.75
7,1,68,2.6940,4.25
7,1,68,2.7150,4.25
7,1,69,4.0027,5.5
7,1,69,2.7296,5.5
7,1,70,2.6535,5.5
7,1,70,2.7547,5.5
7,1,71,2.2982,4.75
7,1,71,2.7177,4.75
7,1,72,3.3727,2.0
7,1,72,2.1105,2.0
7,1,73,2.0087,1.0
7,1,73,2.6205,1.0
7,1,74,2.5488,4.25
7,1,74,2.1834,4.25
7,1,75,3.3608,4.75
7,1,75,2.9963,4.75
7,1,76,3.1745,2.75
7,1,76,2.5902,2.75
7,1,78,3.5391,4.0
7,1,78,2.2350,4.0
7,1,79,3.0734,3.0
7,1,79,3.1259,3.0
7,1,80,3.5205,2.0
7,1,80,2.9063,2.0
7,1,81,3.9415,4.0
7,1,81,2.6060,4.0
7,1,82,2.9129,5.25
7,1,82,3.5635,5.25
7,1,83,4.0275,4.75
7,1,83,2.8331,4.75
7,1,84,3.2622,4.75
7,1,84,3.2125,4.75
7,1,86,2.7871,3.25
7,1,86,2.8914,3.25
7,1,88,2.7202,6.5
7,1,88,3.3947,6.5
7,1,90,3.4423,4.0
7,1,90,2.4075,4.0
7,1,92,2.6001,5.75
7,1,92,2.5895,5.75
7,1,93,3.6951,4.25
7,1,93,2.7562,4.25
7,1,94,2.9483,3.0
7,1,94,2.3823,3.0
7,1,95,2.9341,4.75
7,1,95,2.6862,4.75
7,1,96,3.5581,5.5
7,1,96,3.0006,5.5
7,1,97,4.1144,5.5
7,1,97,3.1436,5.5
7,1,98,3.4218,3.25
7,1,98,2.6819,3.25
7,1,101,4.0165,4.0
7,1,101,3.7832,4.0
7,1,102,2.9567,4.25
7,1,102,3.3082,4.25
7,1,103,3.3031,3.25
7,1,103,2.7353,3.25
7,1,104,2.5661,4.75
7,1,104,2.0855,4.75
7,1,105,2.8105,4.75
7,1,105,2.7521,4.75
7,1,106,3.8871,4.75
7,1,106,3.2321,4.75
7,1,109,2.6990,6.25
7,1,109,3.4058,4.25
7,2,1,3.1068,4.25
7,2,1,3.8934,2.75
7,2,2,3.6191,2.75
7,2,2,3.4447,5.75
7,2,3,4.0846,5.75
7,2,3,3.3390,3.0
7,2,4,3.1818,3.0
7,2,4,3.0853,3.25
7,2,5,2.9098,3.25
7,2,5,3.8415,4.0
7,2,6,3.1966,4.0
7,2,6,3.0092,5.0
7,2,7,3.5495,5.0
7,2,7,3.4004,4.0
7,2,8,3.1337,4.0
7,2,8,2.7392,4.0
7,2,9,3.3044,4.0
7,2,9,3.3477,4.0
7,2,10,3.9921,4.0
7,2,10,2.5504,2.75
7,2,11,3.7138,2.75
7,2,11,3.9857,4.25
7,2,12,3.2267,4.25
7,2,12,3.7316,4.75
7,2,13,2.8002,4.75
7,2,13,3.4257,5.5
7,2,14,3.9524,5.5
7,2,14,2.8619,5.0
7,2,16,3.7498,5.0
7,2,16,2.7952,6.0
7,2,17,3.2367,6.0
7,2,17,3.5463,3.5
7,2,18,3.4937,3.5
7,2,18,3.2570,4.5
7,2,19,3.7560,4.5
7,2,19,3.1496,5.5
7,2,20,3.5669,5.5
7,2,20,3.3338,1.5
7,2,21,2.5282,1.5
7,2,21,2.6045,3.0
7,2,22,3.1268,3.0
7,2,22,3.3278,1.75
7,2,23,3.4402,1.75
7,2,23,2.1638,3.75
7,2,24,3.2878,3.75
7,2,24,3.5310,4.75
7,2,25,2.3883,4.75
7,2,25,3.9400,4.25
7,2,26,4.0223,4.25
7,2,26,3.1107,4.25
7,2,27,3.5508,4.25
7,2,27,2.8364,5.75
7,2,28,3.5460,5.75
7,2,28,3.6596,1.75
7,2,29,3.0818,1.75
7,2,29,3.6210,3.0
7,2,30,2.9919,3.0
7,2,30,4.0316,3.75
7,2,31,3.7011,3.75
7,2,31,3.2995,4.5
7,2,32,3.3308,4.5
7,2,32,3.2885,1.5
7,2,33,2.9151,1.5
7,2,33,3.2454,4.25
7,2,34,2.9407,4.25
7,2,34,2.9600,3.5
7,2,35,3.1192,3.5
7,2,35,2.7326,2.5
7,2,36,3.1691,2.5
7,2,36,3.4422,3.5
7,2,37,3.8334,3.5
7,2,37,3.7163,5.25
7,2,38,2.2706,5.25
7,2,38,3.7726,4.0
7,2,39,1.5965,4.0
7,2,39,3.6151,5.25
7,2,40,4.0397,5.25
7,2,40,4.0201,3.0
7,2,42,2.8069,3.0
7,2,42,3.2607,2.75
7,2,43,3.8215,2.75
7,2,43,2.3977,4.5
7,2,44,2.8021,4.5
7,2,44,4.2020,2.5
7,2,45,3.4153,2.5
7,2,45,2.7606,4.75
7,2,46,3.4004,4.75
7,2,46,3.0114,4.0
7,2,47,3.3190,4.0
7,2,47,3.6708,3.75
7,2,48,3.1732,3.75
7,2,48,3.0978,4.0
7,2,49,3.0551,4.0
7,2,49,2.5992,4.25
7,2,50,3.5055,4.25
7,2,50,2.1013,4.75
7,2,51,2.9088,4.75
7,2,51,2.9993,3.25
7,2,52,3.0082,3.25
7,2,52,3.6179,5.0
7,2,53,3.1492,5.0
7,2,53,2.7310,4.0
7,2,55,3.5134,4.0
7,2,55,3.7741,4.75
7,2,56,3.7533,4.75
7,2,56,3.8449,1.5
7,2,57,2.9937,1.5
7,2,57,2.8082,4.0
7,2,58,3.0814,4.0
7,2,58,2.5955,4.0
7,2,60,2.9849,4.0
7,2,60,2.2013,5.5
7,2,61,2.5232,5.5
7,2,61,2.4762,5.25
7,2,63,2.9435,5.25
7,2,63,4.4662,3.25
7,2,64,3.5996,3.25
7,2,64,3.1816,5.0
7,2,65,2.8138,5.0
7,2,65,3.2504,5.5
7,2,66,4.0446,5.5
7,2,66,2.8292,6.5
7,2,68,4.9960,6.5
7,2,68,3.3641,4.25
7,2,69,3.0876,4.25
7,2,69,3.1468,3.25
7,2,70,3.3866,3.25
7,2,70,3.0195,4.0
7,2,71,3.0210,4.0
7,2,71,3.4827,4.25
7,2,72,2.9451,4.25
7,2,72,3.0826,3.25
7,2,73,2.1948,3.25
7,2,73,2.4465,2.5
7,2,74,2.9340,2.5
7,2,74,3.2902,3.5
7,2,75,2.9068,3.5
7,2,75,3.7997,4.5
7,2,76,4.1584,4.5
7,2,76,2.7933,4.25
7,2,77,3.6162,4.25
7,2,77,3.0853,5.0
7,2,78,2.4369,5.0
7,2,78,3.2276,4.0
7,2,80,3.3110,4.0
7,2,80,3.6532,3.25
7,2,82,3.7200,3.25
7,2,82,3.7679,5.0
7,2,83,3.4332,5.0
7,2,83,3.0812,3.75
7,2,84,3.3311,3.75
7,2,84,3.1773,2.5
7,2,85,3.1103,2.5
7,2,85,2.9570,2.5
7,2,86,3.5321,2.5
7,2,86,2.8422,4.5
7,2,87,2.7662,4.5
7,2,87,3.2547,5.0
7,2,88,3.3593,5.0
7,2,88,3.0033,3.0
7,2,89,3.3467,3.0
7,2,89,3.0470,4.0
7,2,90,3.0119,4.0
7,2,90,3.3497,3.75
7,2,91,2.9467,3.75
7,2,91,3.3147,4.66667
7,2,92,3.8591,4.66667
7,2,92,2.6732,4.75
7,2,93,3.0501,4.75
7,2,93,2.4460,3.25
7,2,94,3.2479,3.25
7,2,94,3.8387,2.5
7,2,95,3.1774,2.5
7,2,95,3.8883,3.5
7,2,96,2.5913,3.5
7,2,96,3.4108,3.0
7,2,97,3.7695,3.0
7,2,97,3.5389,3.75
7,2,98,3.3547,3.75
7,2,98,2.8736,4.25
7,2,99,3.0034,4.25
7,2,99,2.7443,1.75
7,2,100,3.7456,1.75
7,2,100,3.5629,5.25
7,2,102,2.4778,5.25
7,2,102,3.4219,4.25
7,2,103,4.5010,4.25
7,2,103,3.5048,3.5
7,2,104,2.9630,3.5
7,2,104,3.2383,3.0
7,2,105,3.0359,3.0
7,2,105,3.3565,6.25
7,2,106,3.5755,6.25
7,2,106,3.2105,4.5
7,2,107,3.4130,4.5
7,2,107,2.9004,5.5
7,2,108,3.6980,5.5
7,2,108,2.7522,5.25
7,2,109,3.6219,5.25
7,2,109,3.5612,4.75
8,1,9,2.7198,2.0
8,1,9,2.4999,2.0
8,1,10,2.8469,1.75
8,1,10,1.9755,1.75
8,1,16,3.2326,2.75
8,1,16,2.2281,2.75
8,1,17,3.4620,3.25
8,1,17,2.2496,3.25
8,1,18,3.1103,3.75
8,1,18,1.9658,3.75
8,1,20,3.2731,2.5
8,1,20,2.2079,2.5
8,1,21,3.7156,1.75
8,1,21,2.9931,1.75
8,1,22,3.2321,3.5
8,1,22,2.2704,3.5
8,1,27,2.7821,2.0
8,1,27,1.8343,2.0
8,1,30,3.6831,2.5
8,1,30,2.4281,2.5
8,1,54,2.8861,3.0
8,1,54,1.5341,3.0
8,1,58,3.4596,1.0
8,1,58,2.3511,1.0
8,1,68,3.1336,1.5
8,1,68,2.8937,1.5
8,1,73,3.2566,2.75
8,1,73,3.7060,2.75
8,1,74,3.1341,2.5
8,1,74,2.5050,2.5
8,1,75,3.6012,3.0
8,1,75,2.2191,3.0
8,1,76,3.4159,1.0
8,1,76,2.2317,1.0
8,1,77,4.0012,3.25
8,1,77,2.7763,3.25
8,1,78,3.9293,2.75
8,1,78,3.1177,2.75
8,1,79,3.8990,2.0
8,1,79,2.8855,2.0
8,1,80,3.7239,1.75
8,1,80,2.5042,1.75
8,1,81,3.6155,2.25
8,1,81,2.4610,2.25
8,1,82,3.0457,1.75
8,1,82,2.7425,1.75
8,1,85,3.7499,2.0
8,1,85,2.2145,2.0
8,1,88,3.6663,2.25
8,1,88,2.3093,2.25
8,1,89,3.7311,3.5
8,1,89,2.8796,3.25
8,2,4,2.7151,3.25
8,2,4,2.1719,3.75
8,2,5,2.8494,3.75
8,2,5,2.4669,1.5
8,2,7,2.4588,1.5
8,2,7,2.4321,4.25
8,2,8,2.8157,4.25
8,2,8,2.0679,2.0
8,2,9,1.6197,2.0
8,2,9,3.4366,3.0
8,2,11,2.6949,3.0
8,2,11,1.9728,2.25
8,2,15,2.4568,2.25
8,2,15,1.9077,4.0
8,2,16,3.2985,4.0
8,2,16,2.5123,3.5
8,2,18,2.5408,3.5
8,2,18,1.9654,3.75
8,2,20,2.9152,3.75
8,2,20,2.3197,2.25
8,2,21,2.2050,2.25
8,2,21,1.9374,2.25
8,2,22,2.2780,2.25
8,2,22,1.7767,2.5
8,2,23,2.1229,2.5
8,2,23,2.9365,3.0
8,2,24,2.9257,3.0
8,2,24,1.8742,4.0
8,2,27,2.7366,4.0
8,2,27,1.9251,2.5
8,2,28,2.5314,2.5
8,2,28,2.4768,4.75
8,2,29,3.2770,4.75
8,2,29,2.8512,4.25
8,2,30,2.3793,4.25
8,2,30,2.2587,2.75
8,2,31,2.3960,2.75
8,2,31,1.6964,4.0
8,2,32,3.1467,4.0
8,2,32,1.3463,3.5
8,2,35,2.8335,3.5
8,2,35,1.4549,3.75
8,2,36,3.3178,3.75
8,2,36,1.4071,2.25
8,2,37,2.2503,2.25
8,2,37,1.6212,3.75
8,2,38,2.9653,3.75
8,2,38,1.3092,2.0
8,2,39,2.8253,2.0
8,2,39,1.5818,2.0
8,2,40,2.6939,2.0
8,2,40,1.4301,4.0
8,2,41,2.5074,4.0
8,2,41,1.2874,3.5
8,2,42,2.5842,3.5
8,2,42,2.2346,2.25
8,2,45,2.8342,2.25
8,2,45,2.3317,4.0
8,2,48,2.7553,4.0
8,2,48,2.4905,4.0
8,2,49,2.7276,4.0
8,2,49,1.7867,3.0
8,2,50,2.4935,3.0
8,2,50,2.4584,3.75
8,2,55,3.2886,3.75
8,2,55,1.7813,4.75
8,2,57,2.7864,4.75
8,2,57,2.6755,3.0
8,2,58,3.5380,3.0
8,2,58,2.8174,1.75
8,2,62,3.0466,1.75
8,2,62,2.2423,5.25
8,2,63,2.7745,5.25
8,2,63,1.8384,1.625
8,2,67,3.5652,1.625
8,2,67,2.5583,2.75
8,2,68,3.7039,2.75
8,2,68,2.0354,3.5
8,2,69,3.4544,3.5
8,2,69,2.0361,2.0
8,2,71,3.0061,2.0
8,2,71,1.7939,3.5
8,2,72,2.6025,3.5
8,2,72,1.9058,3.75
8,2,74,2.9731,3.75
8,2,74,1.6231,4.0
9,1,2,15305582.0000,5.25
9,1,2,129572048.0000,5.25
9,1,3,12919213.0000,4.75
9,1,3,155019296.0000,4.75
9,1,4,15557175.0000,5.0
9,1,4,129865560.0000,5.0
9,1,5,17743978.0000,5.75
9,1,5,183656832.0000,5.75
9,1,6,8144664.0000,3.5
9,1,6,206506048.0000,3.5
9,1,7,14248280.0000,4.25
9,1,7,142895968.0000,4.25
9,1,8,18789154.0000,4.5
9,1,8,187255584.0000,4.5
9,1,12,17951514.0000,4.75
9,1,12,86432776.0000,4.75
9,1,16,14027724.0000,1.5
9,1,16,189257312.0000,1.5
9,1,17,8928305.0000,4.25
9,1,17,257711696.0000,4.25
9,1,18,10348582.0000,3.5
9,1,18,305543488.0000,3.5
9,1,19,7298448.5000,3.25
9,1,19,229198768.0000,3.25
9,1,20,8975400.0000,4.0
9,1,20,247768688.0000,4.0
9,1,21,9792592.0000,4.5
9,1,21,222297648.0000,4.5
9,1,22,8409960.0000,3.0
9,1,22,207916624.0000,3.0
9,1,23,8533848.0000,4.5
9,1,23,130248736.0000,4.5
9,1,24,11174104.0000,3.5
9,1,24,81728448.0000,3.5
9,1,25,13212612.0000,3.5
9,1,25,154365168.0000,3.5
9,1,26,10986096.0000,4.5
9,1,26,123888472.0000,4.5
9,1,27,10608461.0000,3.75
9,1,27,161639328.0000,3.75
9,1,28,7856064.0000,2.75
9,1,28,114737864.0000,2.75
9,1,29,10424344.0000,2.5
9,1,29,183532896.0000,2.5
9,1,30,8389113.0000,3.0
9,1,30,136306592.0000,3.0
9,1,31,10198033.0000,3.5
9,1,31,231410576.0000,3.5
9,1,32,11541646.0000,2.75
9,1,32,188515504.0000,2.75
9,1,33,7667738.5000,3.75
9,1,33,188560400.0000,3.75
9,1,34,7887478.0000,3.25
9,1,34,235276384.0000,3.25
9,1,35,7485650.5000,3.5
9,1,35,233363136.0000,3.5
9,1,36,12057756.0000,3.5
9,1,36,203901104.0000,3.5
9,1,37,8169889.0000,4.5
9,1,37,226232640.0000,4.5
9,1,38,9677317.0000,3.5
9,1,38,200968736.0000,3.5
9,1,39,14659559.0000,2.75
9,1,39,193912976.0000,2.75
9,1,40,10421012.0000,2.25
9,1,40,224838864.0000,2.25
9,1,41,10985538.0000,3.0
9,1,41,163770656.0000,3.0
9,1,42,15366184.0000,4.0
9,1,42,214963824.0000,4.0
9,1,50,8341913.0000,3.5
9,1,50,239366416.0000,3.5
9,1,51,10109728.0000,3.5
9,1,51,144917280.0000,3.5
9,1,52,4085713.2500,2.75
9,1,52,151958752.0000,2.75
9,1,53,8187270.5000,3.0
9,1,53,117578152.0000,3.0
9,1,54,12506105.0000,2.75
9,1,54,45705144.0000,2.75
9,1,55,9185258.0000,3.5
9,1,55,104368776.0000,3.5
9,1,56,8226863.5000,3.75
9,1,56,80472792.0000,3.75
9,1,59,17448676.0000,2.75
9,1,59,75159016.0000,2.75
9,1,60,23987498.0000,4.0
9,1,60,84187904.0000,4.0
9,1,61,12729459.0000,3.5
9,1,61,88773928.0000,3.5
9,1,63,25441910.0000,3.25
9,1,63,188351648.0000,3.25
9,1,64,12331986.0000,4.25
9,1,64,75132168.0000,4.25
9,1,65,21080590.0000,2.0
9,1,65,121234328.0000,2.0
9,1,66,20654574.0000,4.75
9,1,66,76289568.0000,4.75
9,1,67,18655192.0000,4.25
9,1,67,91264400.0000,4.25
9,1,68,15237421.0000,3.5
9,1,68,117205880.0000,3.5
9,1,69,11498081.0000,5.5
9,1,69,236182256.0000,5.5
9,1,72,8384217.0000,3.75
9,1,72,85618824.0000,3.75
9,1,73,12342713.0000,3.25
9,1,73,51266948.0000,3.25
9,1,74,8707211.0000,3.0
9,1,74,150087120.0000,3.0
9,1,75,8906683.0000,2.5
9,1,75,85901088.0000,2.5
9,1,76,6887903.5000,4.0
9,1,76,113591960.0000,4.0
9,1,77,10228444.0000,3.25
9,1,77,113723272.0000,3.25
9,1,78,9787875.0000,3.5
9,1,78,125421400.0000,3.5
9,1,79,8132253.0000,4.0
9,1,79,117152736.0000,4.0
9,1,81,10363306.0000,2.25
9,1,81,67314528.0000,2.25
9,1,82,8032781.0000,4.0
9,1,82,70102592.0000,4.0
9,1,83,7115110.5000,4.25
9,1,83,76104144.0000,4.25
9,1,84,9479171.0000,3.0
9,1,84,85745696.0000,3.0
9,1,85,8605265.0000,4.75
9,1,85,94296656.0000,4.75
9,1,86,8377645.5000,4.0
9,1,86,80304384.0000,4.0
9,1,87,7737749.5000,3.25
9,1,87,77398952.0000,3.25
9,1,88,5085975.0000,3.25
9,1,88,96076680.0000,3.25
9,1,89,7118954.5000,2.75
9,1,89,77707328.0000,2.75
9,1,90,5337843.0000,2.75
9,1,90,56500720.0000,2.75
9,1,91,8553511.0000,3.75
9,1,91,51656340.0000,3.75
9,1,92,3967413.7500,4.0
9,1,92,66314372.0000,4.0
9,1,93,7300774.5000,3.25
9,1,93,58331856.0000,3.25
9,1,94,10946238.0000,3.0
9,1,94,77961024.0000,3.0
9,1,95,12988586.0000,4.25
9,1,95,78116456.0000,4.25
9,1,96,10547820.0000,4.25
9,1,96,54479688.0000,4.25
9,1,97,12619285.0000,3.5
9,1,97,85087624.0000,3.5
9,1,98,13502112.0000,2.25
9,1,98,49768760.0000,2.25
9,1,99,6870086.0000,3.0
9,1,99,78074992.0000,3.0
9,1,100,8262032.0000,4.25
9,1,100,96575888.0000,4.25
9,1,101,6284498.5000,2.25
9,1,101,71009120.0000,2.25
9,1,102,8206972.0000,3.75
9,1,102,64382832.0000,3.75
9,1,103,12558903.0000,2.25
9,1,103,67986144.0000,2.25
9,1,104,12133165.0000,3.0
9,1,104,91356152.0000,3.0
9,1,105,15756115.0000,3.75
9,1,105,90071568.0000,3.75
9,1,106,12828756.0000,4.0
9,1,106,101471200.0000,4.0
9,1,107,10514679.0000,4.25
9,1,107,59397136.0000,4.25
9,1,110,10959436.0000,4.25
9,1,110,165613520.0000,4.25
9,1,111,10219901.0000,3.0
9,1,111,17078974.0000,4.0
9,2,2,108994344.0000,4.0
9,2,2,15177022.0000,4.5
9,2,3,133101480.0000,4.5
9,2,3,14031084.0000,5.25
9,2,4,71582696.0000,5.25
9,2,4,13777459.0000,5.5
9,2,5,40028656.0000,5.5
9,2,5,18402836.0000,5.75
9,2,6,46963244.0000,5.75
9,2,6,20106446.0000,5.25
9,2,7,93629648.0000,5.25
9,2,7,17042726.0000,4.5
9,2,8,83779872.0000,4.5
9,2,8,25075380.0000,5.75
9,2,9,69759520.0000,5.75
9,2,9,45369308.0000,4.75
9,2,10,125344800.0000,4.75
9,2,10,25701044.0000,4.5
9,2,11,67036820.0000,4.5
9,2,11,34819568.0000,5.5
9,2,12,75984184.0000,5.5
9,2,12,16039657.0000,3.75
9,2,13,118334232.0000,3.75
9,2,13,15760452.0000,2.75
9,2,16,111516856.0000,2.75
9,2,16,12213674.0000,4.0
9,2,17,137225024.0000,4.0
9,2,17,9655758.0000,4.25
9,2,18,160384368.0000,4.25
9,2,18,11527182.0000,3.0
9,2,20,85244960.0000,3.0
9,2,20,9599596.0000,3.75
9,2,21,125057184.0000,3.75
9,2,21,10607876.0000,3.0
9,2,22,100178192.0000,3.0
9,2,22,8313088.5000,2.75
9,2,23,214583728.0000,2.75
9,2,23,9045395.0000,1.75
9,2,24,223282288.0000,1.75
9,2,24,11034577.0000,5.75
9,2,25,252872768.0000,5.75
9,2,25,9819191.0000,3.25
9,2,27,155389744.0000,3.25
9,2,27,17117640.0000,2.75
9,2,30,139365568.0000,2.75
9,2,30,11441210.0000,2.75
9,2,31,257753248.0000,2.75
9,2,31,8235931.0000,2.25
9,2,32,186290272.0000,2.25
9,2,32,9513790.0000,2.5
9,2,34,168345856.0000,2.5
9,2,34,9389843.0000,4.75
9,2,36,213989792.0000,4.75
9,2,36,10287739.0000,3.75
9,2,37,152514976.0000,3.75
9,2,37,6602189.0000,2.0
9,2,38,81373920.0000,2.0
9,2,38,12763535.0000,3.25
9,2,42,246299728.0000,3.25
9,2,42,17922340.0000,3.0
9,2,45,97841312.0000,3.0
9,2,45,14137231.0000,4.75
9,2,46,172411648.0000,4.75
9,2,46,11774487.0000,4.0
9,2,50,132852328.0000,4.0
9,2,50,10491634.0000,3.75
9,2,53,126107536.0000,3.75
9,2,53,15567285.0000,4.0
9,2,62,49181788.0000,4.0
9,2,62,17799560.0000,5.0
9,2,63,78944128.0000,5.0
9,2,63,11763667.0000,4.5
9,2,64,127778752.0000,4.5
9,2,64,14879486.0000,5.5
9,2,66,113000384.0000,5.5
9,2,66,20911500.0000,4.25
9,2,67,109482128.0000,4.25
9,2,67,18012920.0000,3.25
9,2,68,45582240.0000,3.25
9,2,68,34930580.0000,3.25
9,2,69,91140256.0000,3.25
9,2,69,22298428.0000,4.75
9,2,70,95474264.0000,4.75
9,2,70,16626914.0000,5.25
9,2,71,109973632.0000,5.25
9,2,71,7980857.5000,5.25
9,2,74,89855496.0000,5.25
9,2,74,10450410.0000,3.75
9,2,75,59424712.0000,3.75
9,2,75,12680250.0000,4.25
9,2,77,66469304.0000,4.25
9,2,77,11827505.0000,5.5
9,2,78,151196352.0000,5.5
9,2,78,12979311.0000,5.25
9,2,79,78183432.0000,5.25
9,2,79,11579681.0000,4.75
9,2,81,131251608.0000,4.75
9,2,81,14208534.0000,3.75
9,2,84,75550960.0000,3.75
9,2,84,15260944.0000,4.75
9,2,85,119150680.0000,4.75
9,2,85,11145196.0000,4.0
9,2,86,60021212.0000,4.0
9,2,86,16093838.0000,3.25
9,2,87,170852112.0000,3.25
9,2,87,9616959.0000,4.5
9,2,88,132892792.0000,4.5
9,2,88,9091190.0000,2.75
9,2,89,66079816.0000,2.75
9,2,89,10250313.0000,3.25
9,2,90,154521872.0000,3.25
9,2,90,9754528.0000,4.25
9,2,91,144464048.0000,4.25
9,2,91,14604555.0000,4.25
9,2,92,164586336.0000,4.25
9,2,92,15115700.0000,5.0
9,2,95,141710560.0000,5.0
9,2,95,17750156.0000,3.0
9,2,96,97445352.0000,3.0
9,2,96,11345285.0000,4.5
9,2,98,101091304.0000,4.5
9,2,98,21585308.0000,5.75
9,2,100,84661480.0000,5.75
9,2,100,9032060.0000,3.0
9,2,103,126228392.0000,3.0
9,2,103,8353614.0000,3.25
9,2,104,116490168.0000,3.25
9,2,104,12041194.0000,4.5
9,2,105,205290288.0000,4.5
9,2,105,11644168.0000,3.75
9,2,107,114442016.0000,3.75
9,2,107,11240777.0000,4.25
9,2,108,204472048.0000,4.25
9,2,108,8940552.0000,2.25
9,2,109,115403560.0000,2.25
9,2,109,19257518.0000,4.5
10,1,4,1.0843,5.5
10,1,4,5.6021,5.5
10,1,5,2.2239,5.0
10,1,5,4.8813,5.0
10,1,6,1.4501,5.0
10,1,6,5.3061,5.0
10,1,7,1.9781,5.5
10,1,7,5.6485,5.5
10,1,8,2.6736,6.25
10,1,8,5.7266,6.25
10,1,9,1.9208,5.5
10,1,9,4.9011,5.5
10,1,10,2.7355,5.0
10,1,10,5.6976,5.0
10,1,11,1.5410,4.0
10,1,11,5.5818,4.0
10,1,12,2.6144,4.5
10,1,12,4.7978,4.5
10,1,13,1.3708,4.25
10,1,13,4.7462,4.25
10,1,14,2.2966,3.75
10,1,14,4.9831,3.75
10,1,20,1.8614,5.0
10,1,20,5.2332,5.0
10,1,21,2.4145,5.25
10,1,21,4.2907,5.25
10,1,22,2.3965,4.5
10,1,22,5.4685,4.5
10,1,24,2.9790,4.75
10,1,24,4.2715,4.75
10,1,25,1.7912,4.5
10,1,25,4.1448,4.5
10,1,26,2.4143,2.375
10,1,26,4.3135,2.375
10,1,27,1.7185,4.25
10,1,27,3.9264,4.25
10,1,28,1.4701,4.75
10,1,28,4.6459,4.75
10,1,29,2.0396,4.5
10,1,29,5.6600,4.5
10,1,30,1.4569,5.5
10,1,30,4.0965,5.5
10,1,31,1.6924,4.75
10,1,31,4.4452,4.75
10,1,32,0.4466,3.75
10,1,32,4.0404,3.75
10,1,33,3.1604,4.5
10,1,33,4.8126,4.5
10,1,36,2.3619,4.75
10,1,36,5.5763,4.75
10,1,39,3.7771,4.0
10,1,39,3.7859,4.0
10,1,42,2.8132,5.25
10,1,42,4.0340,5.25
10,1,43,2.4447,4.5
10,1,43,4.5800,4.5
10,1,44,2.8412,4.5
10,1,44,4.0711,4.5
10,1,45,2.7904,2.875
10,1,45,4.6808,2.875
10,1,46,2.8808,5.0
10,1,46,4.9334,5.0
10,1,47,2.0740,5.25
10,1,47,5.0187,5.25
10,1,48,3.2196,5.0
10,1,48,6.9763,5.0
10,1,49,2.1240,4.0
10,1,49,4.7284,4.0
10,1,50,1.8337,5.25
10,1,50,3.8397,5.25
10,1,51,0.9969,5.5
10,1,51,4.2127,5.5
10,1,52,1.8065,5.0
10,1,52,4.6142,5.0
10,1,53,3.5018,5.25
10,1,53,4.7362,5.25
10,1,55,1.8931,5.25
10,1,55,5.3989,5.25
10,1,56,2.4630,4.5
10,1,56,4.0569,4.5
10,1,57,4.2507,1.5
10,1,57,5.4233,1.5
10,1,61,3.3037,4.0
10,1,61,6.3113,4.0
10,1,62,3.6852,3.75
10,1,62,5.9628,3.75
10,1,63,4.0145,4.25
10,1,63,6.2706,4.25
10,1,64,4.0557,5.0
10,1,64,5.2829,5.0
10,1,65,4.4531,5.75
10,1,65,4.7982,5.75
10,1,66,4.0696,6.0
10,1,66,6.3084,6.0
10,1,67,3.1434,5.25
10,1,67,7.3980,5.25
10,1,68,3.2278,3.75
10,1,68,6.0262,3.75
10,1,69,4.1773,4.5
10,1,69,5.6270,4.5
10,1,72,4.5110,3.0
10,1,72,5.2761,3.0
10,1,73,3.4410,4.25
10,1,73,3.9956,4.25
10,1,74,3.5337,4.75
10,1,74,3.9437,4.75
10,1,75,3.1762,4.5
10,1,75,4.2502,4.5
10,1,76,1.8211,4.75
10,1,76,4.1579,4.75
10,1,77,3.3145,4.5
10,1,77,4.6958,4.5
10,1,78,5.2647,5.5
10,1,78,3.8950,5.5
10,1,79,3.3035,4.5
10,1,79,4.8124,4.5
10,1,80,3.3709,5.0
10,1,80,5.0781,5.0
10,1,81,3.1788,4.25
10,1,81,4.4203,4.25
10,1,82,2.4888,4.5
10,1,82,4.7438,4.5
10,1,83,1.8081,3.0
10,1,83,4.6337,3.0
10,1,84,2.7076,2.75
10,1,84,4.4982,2.75
10,1,85,2.2831,4.75
10,1,85,4.4258,4.75
10,1,86,1.5234,4.0
10,1,86,4.8800,4.0
10,1,87,2.6221,4.75
10,1,87,4.6670,4.75
10,1,88,3.3311,5.5
10,1,88,5.4078,5.5
10,1,89,2.3907,5.25
10,1,89,5.3466,5.25
10,1,90,1.7663,3.75
10,1,90,4.1305,3.75
10,1,91,1.7743,4.5
10,1,91,4.3978,4.5
10,1,92,4.1459,5.0
10,1,92,3.6496,5.0
10,1,93,3.3001,4.0
10,1,93,4.4343,4.0
10,1,94,1.9963,5.0
10,1,94,4.2346,5.0
10,1,95,2.7279,4.75
10,1,95,4.2335,4.75
10,1,96,2.4892,4.5
10,1,96,5.0558,4.5
10,1,97,2.4470,3.75
10,1,97,3.9464,3.75
10,1,98,4.7742,4.5
10,1,98,3.3482,4.5
10,1,99,2.5821,5.25
10,1,99,4.4713,5.25
10,1,100,4.3952,4.0
10,1,100,4.2210,4.0
10,1,101,3.9485,5.5
10,1,101,5.0351,5.5
10,1,102,3.4027,5.0
10,1,102,3.5259,5.0
10,1,103,3.5219,3.75
10,1,103,3.7398,3.75
10,1,104,3.9979,4.5
10,1,104,4.5816,4.5
10,1,105,3.2739,4.0
10,1,105,4.4195,4.0
10,1,106,3.2302,2.0
10,1,106,3.2118,2.0
10,1,107,2.5455,5.0
10,1,107,4.1742,5.0
10,1,108,3.1903,5.0
10,1,108,2.6125,3.75
10,2,3,5.5984,3.75
10,2,3,1.7020,6.25
10,2,4,5.9935,6.25
10,2,4,3.3371,5.5
10,2,5,5.9512,5.5
10,2,5,3.7136,5.25
10,2,6,5.6220,5.25
10,2,6,2.7052,5.25
10,2,7,5.4888,5.25
10,2,7,2.4252,5.75
10,2,8,5.3813,5.75
10,2,8,3.4748,3.25
10,2,9,5.2131,3.25
10,2,9,2.9996,5.25
10,2,10,5.1476,5.25
10,2,10,3.4163,4.5
10,2,11,5.7126,4.5
10,2,11,2.6837,4.25
10,2,12,6.0174,4.25
10,2,12,3.1013,5.25
10,2,13,5.5371,5.25
10,2,13,2.8004,5.25
10,2,14,6.3498,5.25
10,2,14,3.0571,5.75
10,2,15,5.0367,5.75
10,2,15,0.4572,4.5
10,2,19,5.4369,4.5
10,2,19,2.9169,2.75
10,2,20,4.8163,2.75
10,2,20,2.7544,5.5
10,2,21,5.1837,5.5
10,2,21,3.3249,5.5
10,2,22,4.8798,5.5
10,2,22,2.9509,5.0
10,2,23,4.2506,5.0
10,2,23,2.5542,3.5
10,2,26,5.0928,3.5
10,2,26,3.2762,4.5
10,2,28,4.3059,4.5
10,2,28,3.0597,5.0
10,2,29,3.6328,5.0
10,2,29,3.4409,5.75
10,2,30,4.6965,5.75
10,2,30,4.3123,4.75
10,2,33,4.7137,4.75
10,2,33,3.5423,3.75
10,2,36,4.1533,3.75
10,2,36,2.7973,5.0
10,2,37,4.5389,5.0
10,2,37,1.5580,4.75
10,2,38,4.4755,4.75
10,2,38,2.5033,5.25
10,2,39,4.8042,5.25
10,2,39,3.7732,5.25
10,2,41,5.0704,5.25
10,2,41,3.1548,5.5
10,2,42,4.5314,5.5
10,2,42,2.7692,5.75
10,2,43,4.0388,5.75
10,2,43,3.5490,5.25
10,2,47,4.3110,5.25
10,2,47,3.9430,5.5
10,2,51,5.7244,5.5
10,2,51,3.9297,5.5
10,2,52,5.2231,5.5
10,2,52,3.1642,6.75
10,2,53,5.6818,6.75
10,2,53,4.2991,5.5
10,2,54,4.9099,5.5
10,2,54,2.8613,3.75
10,2,55,6.4672,3.75
10,2,55,3.5392,5.25
10,2,56,4.6642,5.25
10,2,56,3.4151,5.5
10,2,58,5.8469,5.5
10,2,58,3.4691,5.0
10,2,65,5.7955,5.0
10,2,65,2.2419,3.0
10,2,66,4.4385,3.0
10,2,66,3.9407,4.33333
10,2,67,4.6196,4.33333
10,2,67,4.0694,4.75
10,2,68,4.9057,4.75
10,2,68,4.6894,5.25
10,2,69,5.7243,5.25
10,2,69,3.0640,4.66667
10,2,70,4.9830,4.66667
10,2,70,2.6121,4.0
10,2,71,4.7018,4.0
10,2,71,2.6796,6.25
10,2,72,5.1786,6.25
10,2,72,2.2495,5.5
10,2,73,4.5216,5.5
10,2,73,3.2712,4.75
10,2,74,4.2703,4.75
10,2,74,3.3299,4.5
10,2,75,4.0667,4.5
10,2,75,4.1742,4.5
10,2,76,3.7297,4.5
10,2,76,2.6822,3.5
10,2,77,4.0636,3.5
10,2,77,3.4675,5.25
10,2,78,4.2128,5.25
10,2,78,4.4704,5.5
10,2,79,4.5722,5.5
10,2,79,1.8013,4.5
10,2,80,4.1733,4.5
10,2,80,2.7947,5.25
10,2,81,5.5168,5.25
10,2,81,3.4114,5.25
10,2,82,4.6112,5.25
10,2,82,3.0353,4.25
10,2,83,3.7239,4.25
10,2,83,2.9668,4.0
10,2,84,4.3352,4.0
10,2,84,1.5909,5.25
10,2,85,5.0910,5.25
10,2,85,3.2598,4.5
10,2,86,4.0686,4.5
10,2,86,3.4071,5.5
10,2,87,4.8340,5.5
10,2,87,3.2064,5.5
10,2,88,5.6572,5.5
10,2,88,1.6825,4.0
10,2,89,4.2055,4.0
10,2,89,1.6470,4.25
10,2,90,4.6493,4.25
10,2,90,3.7614,4.25
10,2,91,4.5478,4.25
10,2,91,3.7832,5.75
11,1,4,5.2934,5.75
11,1,4,4.3040,5.75
11,1,5,4.7985,4.5
11,1,5,2.9381,4.5
11,1,6,4.1695,5.0
11,1,6,2.4833,5.0
11,1,7,4.7108,4.25
11,1,7,3.8965,4.25
11,1,8,3.9781,4.25
11,1,8,4.4599,4.25
11,1,9,3.7609,4.0
11,1,9,4.4531,4.0
11,1,10,5.4010,4.66667
11,1,10,3.1854,4.66667
11,1,11,4.6533,4.5
11,1,11,4.0532,4.5
11,1,12,4.3288,5.5
11,1,12,3.8447,5.5
11,1,13,5.6177,5.25
11,1,13,4.7463,5.25
11,1,14,4.7108,4.25
11,1,14,3.3884,4.25
11,1,15,4.3220,3.5
11,1,15,3.2951,3.5
11,1,19,2.0453,6.25
11,1,19,4.3397,6.25
11,1,20,2.5141,5.5
11,1,20,4.1107,5.5
11,1,21,1.8817,4.25
11,1,21,4.3657,4.25
11,1,22,2.1423,6.25
11,1,22,3.7655,6.25
11,1,23,2.2530,5.75
11,1,23,3.8081,5.75
11,1,24,1.7797,3.25
11,1,24,4.1689,3.25
11,1,25,2.7090,5.0
11,1,25,4.1468,5.0
11,1,26,1.8521,4.0
11,1,26,4.5081,4.0
11,1,27,2.3929,4.5
11,1,27,4.0197,4.5
11,1,28,2.2201,4.5
11,1,28,4.1677,4.5
11,1,29,1.6813,5.5
11,1,29,4.2879,5.5
11,1,30,2.6111,4.25
11,1,30,4.7751,4.25
11,1,31,2.3371,5.5
11,1,31,4.8847,5.5
11,1,32,1.9749,4.25
11,1,32,3.9087,4.25
11,1,33,2.2795,5.0
11,1,33,4.7736,5.0
11,1,34,2.2504,4.5
11,1,34,4.8435,4.5
11,1,35,2.1613,4.5
11,1,35,4.4307,4.5
11,1,36,1.9553,5.0
11,1,36,3.7121,5.0
11,1,37,2.6500,3.75
11,1,37,3.9823,3.75
11,1,38,2.5108,4.5
11,1,38,3.5455,4.5
11,1,39,3.7046,5.0
11,1,39,3.2646,5.0
11,1,48,2.6549,2.25
11,1,48,2.7515,2.25
11,1,50,4.1939,3.0
11,1,50,4.2233,3.0
11,1,51,3.0900,4.75
11,1,51,4.2240,4.75
11,1,57,3.9300,2.5
11,1,57,2.9568,2.5
11,1,62,2.3393,5.0
11,1,62,5.2945,5.0
11,1,63,2.8771,6.25
11,1,63,3.7572,6.25
11,1,64,2.5796,5.0
11,1,64,3.3929,5.0
11,1,66,2.4793,3.25
11,1,66,3.8119,3.25
11,1,68,2.8336,4.25
11,1,68,3.4528,4.25
11,1,69,2.7592,4.0
11,1,69,2.6282,4.0
11,1,70,2.8437,5.0
11,1,70,3.0937,5.0
11,1,73,3.6627,5.25
11,1,73,4.9909,5.25
11,1,75,2.6648,3.5
11,1,75,2.9347,3.5
11,1,76,2.9710,4.0
11,1,76,3.0229,4.0
11,1,77,3.1570,6.0
11,1,77,3.9587,6.0
11,1,78,2.1830,5.0
11,1,78,3.8693,5.0
11,1,79,2.6272,4.5
11,1,79,1.3165,4.5
11,1,80,2.5614,6.0
11,1,80,2.4784,6.0
11,1,81,2.8559,4.5
11,1,81,3.6497,4.5
11,1,82,2.2326,4.5
11,1,82,3.1237,4.5
11,1,83,2.0279,3.5
11,1,83,3.3687,3.5
11,1,84,3.1572,3.5
11,1,84,3.3366,3.5
11,1,87,2.1513,2.75
11,1,87,3.6826,2.75
11,1,88,3.6647,3.75
11,1,88,3.7307,3.75
11,1,90,2.6761,4.25
11,1,90,4.3035,4.25
11,1,91,3.3149,5.5
11,1,91,5.4727,5.5
11,1,93,3.9113,4.25
11,1,93,4.0531,4.25
11,1,94,3.5110,5.75
11,1,94,3.8128,5.75
11,1,95,3.0765,4.25
11,1,95,3.8807,4.25
11,1,96,2.4261,4.75
11,1,96,2.9266,4.75
11,1,97,1.9132,3.75
11,1,97,2.7278,3.75
11,1,98,2.7269,4.5
11,1,98,3.1615,4.5
11,1,99,2.6316,6.25
11,1,99,4.7328,5.0
11,2,3,2.9983,5.0
11,2,3,4.0580,4.0
11,2,4,4.5696,4.0
11,2,4,4.1411,2.25
11,2,5,3.7670,2.25
11,2,5,5.0635,5.5
11,2,6,3.2142,5.5
11,2,6,2.9818,0.75
11,2,7,4.2790,0.75
11,2,7,4.3927,5.0
11,2,8,3.7928,5.0
11,2,8,4.7240,3.5
11,2,9,4.4308,3.5
11,2,9,4.1903,4.75
11,2,10,2.6961,4.75
11,2,10,3.6511,2.25
11,2,12,3.5741,2.25
11,2,12,3.1855,3.75
11,2,17,3.9728,3.75
11,2,17,2.7610,4.0
11,2,18,2.5341,4.0
11,2,18,2.9727,5.25
11,2,19,5.2077,5.25
11,2,19,3.4684,4.75
11,2,20,4.7374,4.75
11,2,20,3.7643,6.25
11,2,21,4.5151,6.25
11,2,21,3.1574,3.75
11,2,22,4.5835,3.75
11,2,22,3.5832,5.75
11,2,23,4.6452,5.75
11,2,23,3.6806,5.0
11,2,24,4.0923,5.0
11,2,24,3.3127,5.0
11,2,25,3.8975,5.0
11,2,25,2.6955,3.5
11,2,26,3.7163,3.5
11,2,26,3.2800,5.5
11,2,27,4.7682,5.5
11,2,27,3.5913,4.5
11,2,28,4.3648,4.5
11,2,28,2.5925,4.75
11,2,29,4.6854,4.75
11,2,29,2.8842,4.0
11,2,30,4.8776,4.0
11,2,30,4.5661,5.0
11,2,31,4.3629,5.0
11,2,31,3.3198,5.25
11,2,32,5.1585,5.25
11,2,32,2.2041,4.25
11,2,33,5.0344,4.25
11,2,33,4.5750,6.5
11,2,34,4.7520,6.5
11,2,34,2.7024,3.75
11,2,35,4.4519,3.75
11,2,35,3.2420,4.25
11,2,36,4.7680,4.25
11,2,36,3.2363,5.0
11,2,37,4.5301,5.0
11,2,37,3.2151,4.25
11,2,38,4.1890,4.25
11,2,38,2.5727,4.5
11,2,39,3.6490,4.5
11,2,39,3.0069,4.25
11,2,40,3.4093,4.25
11,2,40,3.6561,4.75
11,2,41,3.5403,4.75
11,2,41,3.3914,4.75
11,2,42,4.1991,4.75
11,2,42,2.7591,5.25
11,2,43,3.9898,5.25
11,2,43,3.2972,5.5
11,2,44,4.2791,5.5
11,2,44,3.1739,4.25
11,2,45,4.1004,4.25
11,2,45,2.9862,4.25
11,2,46,4.8730,4.25
11,2,46,3.0865,4.0
11,2,47,4.8801,4.0
11,2,47,3.2855,6.5
11,2,48,4.9547,6.5
11,2,48,3.3480,2.75
11,2,49,4.8357,2.75
11,2,49,3.9014,4.25
11,2,50,5.3244,4.25
11,2,50,3.7243,4.5
11,2,51,5.2267,4.5
11,2,51,4.2436,5.0
11,2,52,5.2202,5.0
11,2,52,3.1462,4.5
11,2,53,4.6983,4.5
11,2,53,2.9788,3.75
11,2,54,5.2633,3.75
11,2,54,2.8279,4.5
11,2,55,4.8441,4.5
11,2,55,3.6498,4.75
11,2,56,4.8595,4.75
11,2,56,3.4068,2.5
11,2,60,3.6063,2.5
11,2,60,2.4603,3.25
11,2,61,5.0124,3.25
11,2,61,3.7472,1.75
11,2,62,4.9923,1.75
11,2,62,3.7263,2.75
11,2,63,3.8433,2.75
11,2,63,4.1618,4.25
11,2,64,5.5227,4.25
11,2,64,3.7562,2.5
11,2,65,6.0504,2.5
11,2,65,3.6987,1.75
11,2,66,4.9253,1.75
11,2,66,3.5636,4.75
11,2,67,6.2776,4.75
11,2,67,3.5546,4.0
11,2,68,4.5709,4.0
11,2,68,4.6191,3.25
11,2,69,4.5793,3.25
11,2,69,3.8722,4.25
11,2,72,4.3378,4.25
11,2,72,3.9175,4.25
11,2,73,3.9598,4.25
11,2,73,3.4327,4.25
11,2,74,4.2501,4.25
11,2,74,3.1167,2.5
11,2,75,4.7682,2.5
11,2,75,4.1891,5.5
11,2,76,3.9878,5.5
11,2,76,3.9576,4.5
11,2,77,3.9568,4.5
11,2,77,4.1705,5.5
11,2,78,4.4408,5.5
11,2,78,4.1014,4.25
11,2,79,2.7481,4.25
11,2,79,4.1513,3.75
11,2,80,4.4276,3.75
11,2,80,3.0780,3.0
11,2,81,2.3104,3.0
11,2,81,3.6541,4.75
11,2,82,3.1905,4.75
11,2,82,4.0625,4.0
11,2,83,1.7038,4.0
11,2,83,4.3350,4.75
11,2,84,4.8552,4.75
11,2,84,3.9330,5.0
11,2,85,5.2176,5.0
11,2,85,3.8644,5.75
11,2,86,4.4513,5.75
11,2,86,4.7469,4.25
11,2,87,4.5714,4.25
11,2,87,3.8516,5.0
11,2,88,4.0673,5.0
11,2,88,3.3823,4.75
11,2,89,4.3320,4.75
11,2,89,4.2034,3.25
11,2,90,3.8405,3.25
11,2,90,4.3922,4.5
11,2,91,3.9018,4.5
11,2,91,3.1693,5.5
11,2,92,3.0646,5.5
11,2,92,3.4061,5.0
11,2,93,4.9390,5.0
11,2,93,3.5496,4.25
11,2,94,4.4700,4.25
11,2,94,3.7227,4.0
11,2,95,3.6746,4.0
11,2,95,4.1263,5.0
11,2,96,3.4177,5.0
11,2,96,4.0435,3.75
11,2,97,3.5739,3.75
11,2,97,3.9871,5.0
11,2,98,4.1205,5.0
11,2,98,4.4284,5.5
11,2,99,3.8784,5.5
11,2,99,2.4180,4.5
11,2,100,3.8789,4.5
11,2,100,4.1730,4.75
11,2,101,4.6752,4.75
11,2,101,3.7962,3.75
11,2,102,4.0327,3.75
11,2,102,3.3449,5.25
11,2,103,3.0726,5.25
11,2,103,3.4135,6.0
11,2,104,3.8934,6.0
11,2,104,3.6462,4.5
11,2,105,3.9890,4.5
11,2,105,4.6675,3.0
11,2,106,3.2429,3.0
11,2,106,3.6918,4.75
11,2,109,4.8841,4.75
11,2,109,3.6315,4.75
11,2,110,4.0506,4.75
11,2,110,3.0559,4.5
12,1,2,9886612.0000,6.5
12,1,2,1435885.1250,6.5
12,1,3,11984630.0000,6.0
12,1,3,1265749.5000,6.0
12,1,5,10164038.0000,6.0
12,1,5,987152.2500,6.0
12,1,6,11447067.0000,5.0
12,1,6,1296894.2500,5.0
12,1,7,11244536.0000,6.25
12,1,7,1101660.7500,6.25
12,1,8,11161476.0000,5.25
12,1,8,1464274.2500,5.25
12,1,9,14331316.0000,4.75
12,1,9,1655361.8750,4.75
12,1,10,17764832.0000,5.25
12,1,10,1709931.0000,5.25
12,1,11,18249478.0000,5.0
12,1,11,1527509.1250,5.0
12,1,12,9566854.0000,5.75
12,1,12,1196754.5000,5.75
12,1,69,5387239.5000,3.75
12,1,69,9074044.0000,4.0
12,2,4,3416668.0000,4.0
12,2,4,7094412.5000,5.25
12,2,5,2772626.5000,5.25
12,2,5,5728582.5000,5.0
12,2,11,3479609.7500,5.0
12,2,11,5269710.0000,5.25
16,2,5,2217441755136.0000,4.0
16,2,5,2012892364800.0000,4.0
16,2,6,3204877647872.0000,4.5
16,2,6,2006437724160.0000,4.5
16,2,7,3925100199936.0000,5.0
16,2,7,1913206734848.0000,5.0
16,2,8,2092056051712.0000,3.25
16,2,8,2052137680896.0000,3.25
16,2,9,1771412389888.0000,3.5
16,2,9,1694395006976.0000,3.5
16,2,10,3726970978304.0000,5.5
16,2,10,2126878736384.0000,5.5
16,2,11,1852204908544.0000,4.5
16,2,11,2184006991872.0000,4.5
16,2,12,2262413869056.0000,5.5
16,2,12,1580593315840.0000,5.5
16,2,13,2189746372608.0000,4.5
16,2,13,2519660756992.0000,4.5
16,2,14,2208569753600.0000,4.0
16,2,14,3837361913856.0000,4.0
16,2,15,4860989669376.0000,4.25
16,2,15,2767833792512.0000,4.25
16,2,21,5871327772672.0000,3.75
16,2,21,1573100716032.0000,3.75
16,2,22,3671557668864.0000,1.75
16,2,22,1239853826048.0000,1.75
16,2,23,6009190875136.0000,2.5
16,2,23,6915728867328.0000,2.5
16,2,24,5684571144192.0000,3.5
16,2,24,1253088034816.0000,3.5
16,2,25,10953376661504.0000,3.0
16,2,25,2959959654400.0000,3.0
16,2,26,5668235378688.0000,3.25
16,2,26,2945529151488.0000,3.25
16,2,27,9556655603712.0000,4.25
16,2,27,2538918641664.0000,4.25
16,2,28,5743934177280.0000,3.25
16,2,28,2813955407872.0000,3.25
16,2,29,4725336965120.0000,2.0
16,2,29,759062331392.0000,2.0
16,2,30,4848707174400.0000,3.0
16,2,30,1874984173568.0000,3.0
16,2,31,6770463342592.0000,2.0
16,2,31,5393141465088.0000,2.0
16,2,32,3645897703424.0000,2.75
16,2,32,3404049416192.0000,2.75
16,2,33,4789346762752.0000,1.5
16,2,33,4031065882624.0000,1.5
16,2,34,8139867947008.0000,2.25
16,2,34,1767498448896.0000,2.25
16,2,35,4635460370432.0000,2.5
16,2,35,2514484723712.0000,2.5
16,2,36,4498706661376.0000,3.75
16,2,36,1329949704192.0000,3.75
16,2,37,2286541864960.0000,4.5
16,2,37,2185793765376.0000,4.5
16,2,38,4761120669696.0000,4.0
16,2,38,5225116598272.0000,4.0
16,2,39,9408662732800.0000,2.25
16,2,39,2879633489920.0000,2.25
16,2,40,3351939645440.0000,2.0
16,2,40,5073541267456.0000,2.0
16,2,41,1290328211456.0000,1.75
16,2,41,2768320331776.0000,1.75
16,2,42,2416750100480.0000,2.5
16,2,42,662719627264.0000,2.5
16,2,43,4834019246080.0000,2.25
16,2,43,704443645952.0000,2.25
16,2,44,1561225199616.0000,2.75
16,2,44,1967476047872.0000,2.75
16,2,45,7610438254592.0000,3.0
16,2,45,751327182848.0000,3.0
16,2,46,7133268541440.0000,2.5
16,2,46,5579990368256.0000,2.5
16,2,47,4077066125312.0000,1.75
16,2,47,1748343455744.0000,1.75
16,2,48,6219667865600.0000,3.25
16,2,48,2295699603456.0000,3.25
16,2,49,3481423314944.0000,2.75
16,2,49,3401085616128.0000,2.75
16,2,50,5824458522624.0000,2.25
16,2,50,2598816710656.0000,2.25
16,2,51,6900338917376.0000,3.5
16,2,51,4272263266304.0000,3.5
16,2,52,4785600724992.0000,2.25
16,2,52,4795405959168.0000,2.25
16,2,53,3649464172544.0000,4.0
16,2,53,1545266003968.0000,4.0
16,2,54,8101993906176.0000,1.25
16,2,54,5980600926208.0000,1.25
16,2,55,5527372300288.0000,4.0
16,2,55,1700733386752.0000,4.0
16,2,56,5507859873792.0000,4.75
16,2,56,1456142024704.0000,4.75
16,2,57,9815691624448.0000,3.0
16,2,57,2467508256768.0000,3.0
16,2,58,8692799373312.0000,2.25
16,2,58,1286613499904.0000,2.25
16,2,60,7516218458112.0000,3.0
16,2,60,7446184591360.0000,3.0
16,2,61,6538504175616.0000,2.5
16,2,61,4411713126400.0000,2.5
16,2,65,3673006276608.0000,5.0
16,2,65,2087008731136.0000,5.0
16,2,66,4334155988992.0000,5.75
16,2,66,3045339955200.0000,5.75
16,2,67,4650590273536.0000,3.5
16,2,67,3853336444928.0000,3.5
16,2,68,5750828040192.0000,1.25
16,2,68,2563937927168.0000,1.25
16,2,69,3498180083712.0000,1.75
16,2,69,1777279696896.0000,1.75
16,2,70,2573189775360.0000,1.75
16,2,70,1060485464064.0000,1.75
16,2,71,7785632235520.0000,4.0
16,2,71,1428153565184.0000,4.0
16,2,72,3803304165376.0000,2.25
16,2,72,3400476131328.0000,2.25
16,2,73,4606647599104.0000,4.0
16,2,73,1273945784320.0000,4.0
16,2,76,7928753422336.0000,3.0
16,2,76,1743871016960.0000,3.0
16,2,77,6365185572864.0000,5.5
16,2,77,1929820897280.0000,5.5
16,2,78,3766127689728.0000,4.25
16,2,78,5887995936768.0000,4.25
16,2,79,4629393833984.0000,5.0
16,2,79,3047573684224.0000,5.0
16,2,80,4519180107776.0000,4.0
16,2,80,4212100169728.0000,4.0
16,2,81,2594314911744.0000,2.5
16,2,81,1748217626624.0000,2.5
16,2,82,1743260483584.0000,2.25
16,2,82,8954878885888.0000,2.25
16,2,83,2490993213440.0000,4.5
16,2,83,3435916427264.0000,4.5
16,2,84,3042688892928.0000,3.75
16,2,84,1187866869760.0000,3.75
16,2,85,4476903620608.0000,3.5
16,2,85,4619387273216.0000,3.5
16,2,86,3351277207552.0000,4.5
16,2,86,926488985600.0000,4.5
16,2,87,2404598677504.0000,3.5
16,2,87,2372197941248.0000,3.5
16,2,88,3531854053376.0000,3.75
16,2,88,2357762195456.0000,3.75
16,2,89,4898500378624.0000,1.75
16,2,89,2276666900480.0000,1.75
16,2,90,7355218526208.0000,1.75
16,2,90,3370865655808.0000,1.75
16,2,91,2051674734592.0000,3.25
16,2,91,1954864168960.0000,3.25
16,2,92,7410371002368.0000,2.5
16,2,92,9387631443968.0000,2.5
16,2,93,7138501459968.0000,4.0
16,2,93,9175948066816.0000,4.0
16,2,94,7100949856256.0000,4.0
16,2,94,1952279429120.0000,4.0
16,2,95,5960703672320.0000,3.5
16,2,95,4214922149888.0000,3.5
16,2,96,3355045003264.0000,3.5
16,2,96,1803907629056.0000,3.5
16,2,97,10010578911232.0000,2.75
16,2,97,2161612292096.0000,2.75
16,2,98,7691515723776.0000,4.5
16,2,98,1468673294336.0000,4.5
16,2,99,6200218353664.0000,3.25
16,2,99,1606364168192.0000,3.25
16,2,100,4669277995008.0000,3.25
16,2,100,2356922286080.0000,3.25
16,2,101,4480627638272.0000,5.0
16,2,101,10063780511744.0000,5.0
16,2,102,4995959226368.0000,1.75
16,2,102,6293666922496.0000,1.75
16,2,103,8714000531456.0000,3.25
16,2,103,3127834836992.0000,3.25
16,2,104,3444158758912.0000,1.75
16,2,104,9501502603264.0000,1.75
16,2,105,2208466468864.0000,3.75
16,2,105,9847626006528.0000,3.75
16,2,106,4411768176640.0000,2.75
16,2,106,1335560503296.0000,2.75
16,2,107,6136913199104.0000,3.25
16,2,107,7980642205696.0000,3.25
16,2,108,5775045427200.0000,2.75
16,2,108,5225736306688.0000,2.75
16,2,109,4780398215168.0000,4.5
16,2,109,2541380173824.0000,4.5
16,2,110,4249887965184.0000,2.25
16,2,110,2576874995712.0000,2.25
16,2,111,5398815309824.0000,3.5
16,2,111,1430244950016.0000,3.5
16,2,112,6166371893248.0000,1.5
16,2,112,3678187028480.0000,1.5
16,2,113,4851030294528.0000,2.5
16,2,113,5392051994624.0000,2.5
16,2,114,4582308577280.0000,3.5
16,2,114,5812599652352.0000,3.5
16,2,115,6426916290560.0000,2.75
16,2,115,1222495961088.0000,2.75
16,2,116,3056235184128.0000,4.0
17,1,4,4.8374,2.75
17,1,4,3.4624,2.75
17,1,5,3.2979,2.75
17,1,5,2.0225,2.75
17,1,6,4.5040,2.75
17,1,6,2.4419,2.75
17,1,7,4.1323,2.75
17,1,7,2.6642,2.75
17,1,8,3.7120,2.75
17,1,8,1.3548,2.75
17,1,9,3.6398,1.5
17,1,9,1.3106,1.5
17,1,10,3.8227,1.5
17,1,10,2.5716,1.5
17,1,12,3.2385,2.25
17,1,12,2.4776,2.25
17,1,17,3.7584,3.0
17,1,17,2.3620,3.0
17,1,18,3.8897,2.75
17,1,18,2.3314,2.75
17,1,19,3.9413,4.0
17,1,19,1.6225,4.0
17,1,20,3.9245,3.5
17,1,20,1.7905,3.5
17,1,21,5.1491,2.5
17,1,21,1.8634,2.5
17,1,22,4.1000,3.0
17,1,22,2.0148,3.0
17,1,23,4.1272,2.5
17,1,23,1.5624,2.5
17,1,24,3.9731,3.25
17,1,24,3.4451,3.25
17,1,25,4.8547,3.75
17,1,25,1.7298,3.75
17,1,26,4.1875,3.0
17,1,26,1.0313,3.0
17,1,27,3.8694,4.5
17,1,27,2.3113,4.5
17,1,29,4.0299,4.0
17,1,29,2.0801,4.0
17,1,30,4.2407,5.25
17,1,30,2.2515,5.25
17,1,31,4.1499,4.0
17,1,31,1.7241,4.0
17,1,32,3.8835,4.5
17,1,32,1.3600,4.5
17,1,33,4.0923,3.75
17,1,33,2.2811,3.75
17,1,34,2.9400,3.25
17,1,34,2.1092,3.25
17,1,35,4.2886,2.5
17,1,35,1.9244,2.5
17,1,36,2.8317,2.75
17,1,36,1.8430,2.75
17,1,37,3.2299,2.5
17,1,37,1.4959,2.5
17,1,38,3.1548,2.25
17,1,38,1.1046,2.25
17,1,39,3.0399,4.5
17,1,39,2.1899,4.5
17,1,40,3.1803,3.0
17,1,40,1.8084,3.0
17,1,41,3.5624,3.25
17,1,41,2.6822,3.25
17,1,42,5.0901,3.75
17,1,42,3.2095,3.75
17,1,43,3.6209,4.25
17,1,43,2.1112,4.25
17,1,44,3.1799,3.5
17,1,44,3.2771,3.5
17,1,45,2.7455,3.0
17,1,45,2.5079,3.0
17,1,46,2.7929,4.0
17,1,46,3.1460,4.0
17,1,51,3.0332,3.0
17,1,51,2.1138,3.0
17,1,52,3.6315,2.75
17,1,52,2.5704,2.75
17,1,53,2.8560,2.75
17,1,53,2.9760,2.75
17,1,54,4.2131,3.25
17,1,54,2.1405,3.25
17,1,55,3.1042,2.5
17,1,55,4.3261,2.5
17,1,56,3.3770,3.25
17,1,56,2.0871,3.25
17,1,59,4.8045,2.5
17,1,59,2.7531,2.5
17,1,60,4.9436,3.0
17,1,60,1.2364,3.0
17,1,61,3.8549,2.25
17,1,61,1.6012,2.25
17,1,62,4.1518,1.75
17,1,62,0.9576,1.75
17,1,63,2.2061,1.75
17,1,63,1.5289,1.75
17,1,64,3.7571,1.0
17,1,64,1.2644,1.0
17,1,65,3.0384,1.25
17,1,65,2.2560,1.25
17,1,67,5.0895,3.0
17,1,67,2.9857,3.0
17,1,68,5.6896,3.75
17,1,68,0.8778,3.75
17,1,69,3.4612,2.5
17,1,69,2.1163,2.5
17,1,72,4.0271,5.25
17,1,72,4.3478,5.25
17,1,73,3.5001,4.25
17,1,73,2.4161,4.25
17,1,74,3.3322,3.25
17,1,74,2.7394,3.25
17,1,75,3.3092,1.75
17,1,75,3.2777,1.75
17,1,76,4.9464,4.5
17,1,76,3.1576,4.5
17,1,77,4.5054,3.5
17,1,77,2.3363,3.5
17,1,78,3.7821,4.25
17,1,78,2.7401,4.25
17,1,79,4.5617,3.25
17,1,79,2.7875,3.25
17,1,80,4.3541,4.25
17,1,80,2.7863,4.25
17,1,81,4.1185,4.5
17,1,81,1.3304,4.5
17,1,82,4.2511,5.0
17,1,82,2.6623,5.0
17,1,83,4.9005,3.5
17,1,83,1.9302,3.5
17,1,84,4.3978,4.25
17,1,84,2.0540,4.25
17,1,85,2.8872,4.75
17,1,85,2.5579,4.75
17,1,86,4.0572,4.0
17,1,86,2.0801,4.0
17,1,87,4.7624,2.5
17,1,87,2.0746,2.5
17,1,88,4.4499,4.25
17,1,88,2.2725,4.25
17,1,89,5.0171,3.25
17,1,89,2.9138,3.25
17,1,90,4.9018,5.5
17,1,90,2.6663,5.5
17,1,91,4.9923,3.5
17,1,91,2.6203,3.5
17,1,92,4.5411,5.25
17,1,92,2.5892,5.25
17,1,93,3.1122,3.5
17,1,93,2.4004,3.5
17,1,94,4.6891,3.5
17,1,94,2.2355,3.5
17,1,95,4.8165,5.25
17,1,95,2.4748,5.25
17,1,96,3.5182,1.5
17,1,96,2.9340,1.5
17,1,97,3.6871,2.5
17,1,97,2.6442,2.5
17,1,98,4.5651,3.5
17,1,98,3.9185,3.5
17,1,99,3.9995,3.5
17,1,99,2.2233,3.5
17,1,100,4.5126,2.75
17,1,100,1.5185,2.75
17,1,101,4.1884,3.0
17,1,101,2.8656,3.0
17,1,102,3.6896,3.75
17,1,102,2.6572,3.75
17,1,104,5.1350,3.25
17,1,104,2.4184,3.25
17,1,105,5.2460,3.75
17,1,105,2.3491,3.75
17,1,106,5.1308,2.75
17,1,106,3.8285,2.75
17,1,107,4.7981,3.25
17,1,107,3.4541,3.25
17,1,108,4.0802,2.5
17,1,108,2.8429,2.5
17,1,109,5.4669,2.5
18,1,2,3.5941,4.25
18,1,2,4.5162,4.25
18,1,3,3.7332,2.25
18,1,3,4.3451,2.25
18,1,4,4.2954,3.0
18,1,4,4.0366,3.0
18,1,5,3.4510,1.5
18,1,5,3.1563,1.5
18,1,6,3.7812,3.5
18,1,6,3.6592,3.5
18,1,7,3.3810,2.5
18,1,7,1.9691,2.5
18,1,8,3.3835,2.25
18,1,8,1.6490,2.25
18,1,9,4.6475,2.0
18,1,9,3.0080,2.0
18,1,10,5.2829,1.75
18,1,10,4.3058,1.75
18,1,11,5.7213,5.75
18,1,11,3.7920,5.75
18,1,12,5.3323,6.0
18,1,12,4.1987,6.0
18,1,16,3.0121,2.33333
18,1,16,4.3443,2.33333
18,1,17,3.2823,3.0
18,1,17,4.2140,3.0
18,1,18,2.8934,2.75
18,1,18,4.5951,2.75
18,1,19,3.1994,2.75
18,1,19,4.6900,2.75
18,1,20,2.8162,2.75
18,1,20,4.9686,2.75
18,1,21,3.6739,2.5
18,1,21,4.7221,2.5
18,1,28,4.1712,3.25
18,1,28,4.4196,3.25
18,1,29,4.0119,3.75
18,1,29,4.0398,3.75
18,1,30,4.3633,2.75
18,1,30,4.5291,2.75
18,1,31,3.7608,3.75
18,1,31,4.7238,3.75
18,1,32,3.1375,1.25
18,1,32,4.2183,1.25
18,1,33,3.3458,1.0
18,1,33,4.8248,1.0
18,1,34,4.1101,2.25
18,1,34,4.6773,2.25
18,1,35,3.6946,2.25
18,1,35,5.0264,2.25
18,1,36,3.8206,2.25
18,1,36,4.5144,2.25
18,1,37,4.0426,2.75
18,1,37,4.6340,2.75
18,1,38,3.7264,3.5
18,1,38,4.6650,3.5
18,1,39,4.1105,4.0
18,1,39,3.5122,4.0
18,1,40,3.6849,4.0
18,1,40,4.9664,4.0
18,1,41,3.9838,4.0
18,1,41,4.7579,4.0
18,1,42,3.7663,2.5
18,1,42,3.8957,2.5
18,1,43,4.1550,4.25
18,1,43,4.2894,4.25
18,1,44,3.1216,2.5
18,1,44,3.5532,2.5
18,1,45,4.6985,4.75
18,1,45,4.1265,4.75
18,1,46,3.2320,2.25
18,1,46,4.6989,2.25
18,1,47,3.2154,1.75
18,1,47,4.4645,1.75
18,1,48,3.2861,1.75
18,1,48,4.1254,1.75
18,1,49,3.6708,1.5
18,1,49,4.5570,1.5
18,1,50,3.3637,2.25
18,1,50,5.1537,2.25
18,1,51,2.6801,1.25
18,1,51,3.3583,1.25
18,1,53,4.6182,3.25
18,1,53,5.0104,3.25
18,1,54,3.0899,1.25
18,1,54,2.7625,1.25
18,1,55,4.3082,1.75
18,1,55,4.5944,1.75
18,1,56,4.5790,3.25
18,1,56,3.6743,3.25
18,1,59,4.0567,1.66667
18,1,59,3.9694,1.66667
18,1,60,3.9179,1.0
18,1,60,3.9916,1.0
18,1,61,3.9623,3.25
18,1,61,3.5006,3.25
18,1,62,4.1169,1.5
18,1,62,3.7386,1.5
18,1,64,4.3874,2.25
18,1,64,3.8502,2.25
18,1,65,4.0942,1.0
18,1,65,3.7354,1.0
18,1,66,4.0511,1.75
18,1,66,2.9892,1.75
18,1,67,3.8201,1.0
18,1,67,3.3933,1.0
18,1,68,3.5392,2.5
18,1,68,3.4906,2.5
18,1,74,4.1762,1.5
18,1,74,3.6166,1.5
18,1,75,3.8894,1.0
18,1,75,4.1996,1.0
18,1,76,3.8597,2.0
18,1,76,4.9008,2.0
18,1,77,3.5017,1.0
18,1,77,4.6172,1.0
18,1,78,3.4699,2.0
18,1,78,4.4749,2.0
18,1,79,4.2002,2.25
18,1,79,4.4264,2.25
18,1,80,3.8233,3.5
18,1,80,4.1685,3.5
18,1,81,4.3378,3.75
18,1,81,4.6160,3.75
18,1,82,3.6231,3.25
18,1,82,3.5159,3.25
18,1,84,4.2590,4.5
18,1,84,4.0770,4.5
18,1,85,3.9145,4.0
18,1,85,4.6307,4.0
18,1,90,3.3267,2.5
18,1,90,3.9594,2.5
18,1,91,2.9989,2.5
18,1,91,4.5917,2.5
18,1,92,4.3645,2.25
18,1,92,4.4988,2.25
18,1,93,2.8049,2.0
18,1,93,3.8077,2.0
18,1,94,3.8442,2.5
18,1,94,3.1787,2.5
18,1,95,4.1466,4.25
18,1,95,5.0291,4.25
18,1,96,3.9405,2.5
18,1,96,3.7844,2.5
18,1,97,4.1296,3.25
18,1,97,4.2539,3.25
18,1,98,4.2089,2.25
18,1,98,4.1542,2.25
18,1,99,3.6699,2.5
18,1,99,3.7491,2.5
18,1,100,3.6929,3.75
18,1,100,4.5481,3.75
18,1,101,3.9371,2.25
18,1,101,4.4173,2.25
18,1,102,3.9597,2.25
18,1,102,3.8855,2.25
18,1,103,3.6793,2.0
18,1,103,3.6323,2.0
18,1,104,3.3422,3.25
18,1,104,3.5427,3.25
18,1,105,3.9817,1.75
18,1,105,3.8124,1.75
18,1,109,4.1963,3.0
18,1,109,4.2614,3.0
18,1,111,3.1089,2.75
18,1,111,4.3562,2.75
18,1,112,3.7483,1.25
