3,1,47,3.7482,4.25
3,1,47,3.7486,4.25
3,1,10,3.5208,2.875
3,1,10,3.5204,2.875
3,1,101,3.2765,4.375
3,1,101,3.2759,4.375
3,1,64,3.5468,5.75
3,1,64,3.5465,5.75
3,1,45,3.1877,4.25
3,1,45,3.1870,4.25
3,1,8,3.5666,3.5
3,1,8,3.5680,3.5
3,1,99,2.9736,1.5
3,1,99,2.9689,1.5
3,1,94,2.8651,3.25
3,1,94,2.8650,3.25
3,1,43,3.1596,4.0
3,1,43,3.1591,4.0
3,1,6,3.2089,4.5
3,1,6,3.2091,4.5
3,1,97,2.8506,1.25
3,1,97,2.8500,1.25
3,1,92,3.0646,3.5
3,1,92,3.0655,3.5
3,1,41,2.9516,3.25
3,1,41,2.9526,3.25
3,1,4,3.4798,3.25
3,1,4,3.4801,3.25
3,1,90,3.2381,3.75
3,1,90,3.2376,3.75
3,1,39,3.3722,5.75
3,1,39,3.3728,5.75
3,1,2,2.9897,4.5
3,1,2,2.9897,4.5
3,1,88,2.5554,4.0
3,1,88,2.5559,4.0
3,1,37,2.9820,3.125
3,1,37,2.9817,3.125
3,1,86,2.8745,4.25
3,1,86,2.8745,4.25
3,1,35,3.5885,4.375
3,1,35,3.5882,4.375
3,1,30,3.0629,4.5
3,1,30,3.0617,4.5
3,1,84,3.5037,3.75
3,1,84,3.5031,3.75
3,1,33,3.0242,3.0
3,1,33,3.0240,3.0
3,1,28,3.6674,4.75
3,1,28,3.6676,4.75
3,1,82,2.9838,3.0
3,1,82,2.9977,3.0
3,1,63,3.4466,4.75
3,1,63,3.4481,4.75
3,1,26,3.5050,4.0
3,1,26,3.5049,4.0
3,1,80,2.7507,2.75
3,1,80,2.7504,2.75
3,1,61,3.1695,5.5
3,1,61,3.1692,5.5
3,1,24,3.1978,4.5
3,1,24,3.1975,4.5
3,1,59,3.1908,5.5
3,1,59,3.1931,5.5
3,1,22,3.4855,4.83333
3,1,22,3.4849,4.83333
3,1,57,3.2383,4.875
3,1,57,3.2386,4.875
3,1,20,3.3595,2.5
3,1,20,3.3595,2.5
3,1,79,3.0799,5.25
3,1,79,3.0802,5.25
3,1,55,3.0548,3.25
3,1,55,3.0538,3.25
3,1,18,3.1570,3.75
3,1,18,3.1567,3.75
3,1,77,3.1102,4.5
3,1,77,3.1097,4.5
3,1,16,3.4475,4.75
3,1,16,3.4476,4.75
3,1,75,3.0154,4.0
3,1,75,3.0151,4.0
3,1,51,3.0948,4.5
3,1,51,3.0958,4.5
3,1,73,2.9052,3.0
3,1,73,2.9053,3.0
3,1,49,3.4276,5.0
3,1,49,3.4273,5.0
3,1,108,3.3814,2.25
3,1,108,3.3810,2.25
3,1,71,2.8857,2.0
3,1,71,2.8853,2.0
3,1,15,3.0226,5.0
3,1,15,3.0226,5.0
3,1,106,2.7502,2.75
3,1,106,2.7544,2.75
3,1,104,3.4188,3.5
3,1,104,3.4188,3.5
3,1,102,3.2554,5.25
3,1,102,3.2552,5.25
3,1,65,3.5368,6.25
3,1,65,3.5364,6.25
3,1,46,3.4652,5.0
3,1,46,3.4654,5.0
3,1,9,2.9335,2.75
3,1,9,2.9332,2.75
3,1,100,2.7703,2.375
3,1,100,2.7699,2.375
3,1,95,2.8846,3.75
3,1,95,2.8846,3.75
3,1,44,3.2144,3.0
3,1,44,3.2128,3.0
3,1,7,3.7278,4.75
3,1,7,3.7277,4.75
3,1,98,3.3860,1.75
3,1,98,3.3851,1.75
3,1,93,3.1678,3.25
3,1,93,3.1680,3.25
3,1,5,3.5047,6.0
3,1,5,3.5053,6.0
3,1,96,2.8977,3.875
3,1,96,2.8979,3.875
3,1,91,2.8061,4.0
3,1,91,2.8052,4.0
3,1,40,3.2787,5.0
3,1,40,3.2791,5.0
3,1,3,3.5967,3.0
3,1,3,3.5966,3.0
3,1,89,3.3366,4.25
3,1,89,3.3372,4.25
3,1,38,3.1002,4.5
3,1,38,3.1003,4.5
3,1,1,2.7106,3.875
3,1,1,2.7118,3.875
3,1,87,2.9356,4.25
3,1,87,2.9328,4.25
3,1,36,3.5057,3.5
3,1,36,3.5056,3.5
3,1,31,3.0012,3.66667
3,1,31,3.0014,3.66667
3,1,85,2.8470,2.0
3,1,85,2.8466,2.0
3,1,34,3.1529,4.125
3,1,34,3.1520,4.125
3,1,29,3.6481,1.25
3,1,29,3.6473,1.25
3,1,83,2.8027,4.5
3,1,83,2.7943,4.5
3,1,32,3.0094,4.5
3,1,32,3.0084,4.5
3,1,27,2.9141,5.25
3,1,27,2.9063,5.25
3,1,81,2.9752,2.75
3,1,81,2.9742,2.75
3,1,62,3.3008,4.375
3,1,62,3.3122,4.375
3,1,25,3.5807,5.5
3,1,25,3.5799,5.5
3,1,60,3.2472,5.5
3,1,60,3.2474,5.5
3,1,23,2.9164,3.875
3,1,23,2.9165,3.875
3,1,58,3.4157,4.5
3,1,58,3.4169,4.5
3,1,21,2.9790,4.5
3,1,21,2.9793,4.5
3,1,56,3.0077,4.0
3,1,56,3.0146,4.0
3,1,19,3.2884,4.125
3,1,19,3.2897,4.125
3,1,78,3.1826,5.25
3,1,78,3.1832,5.25
3,1,17,2.9345,5.0
3,1,17,2.9353,5.0
3,1,76,3.3996,4.0
3,1,76,3.3996,4.0
3,1,52,3.1758,3.5
3,1,52,3.1756,3.5
3,1,74,3.0678,4.0
3,1,74,3.0683,4.0
3,1,50,3.3048,4.66667
3,1,50,3.3055,4.66667
3,1,48,3.2961,2.5
3,1,48,3.2956,2.5
3,1,107,3.0014,5.25
3,1,107,3.0026,5.25
3,1,70,2.8104,2.75
3,1,70,2.8101,2.75
3,1,14,2.7807,3.75
3,1,14,2.7810,3.75
3,1,105,2.7897,1.25
3,1,105,2.7899,1.25
3,1,103,3.0578,1.5
3,1,103,3.0592,1.5
3,1,66,3.2394,3.0
3,1,66,3.2403,3.0
3,2,82,2.6464,3.25
3,2,82,2.6477,3.25
3,2,61,3.1240,4.375
3,2,61,3.1238,4.375
3,2,80,2.9211,4.75
3,2,80,2.9210,4.75
3,2,30,2.9539,3.625
3,2,30,2.9522,3.625
3,2,35,2.7592,3.875
3,2,35,2.7588,3.875
3,2,86,2.4445,2.75
3,2,86,2.4441,2.75
3,2,28,3.0548,4.0
3,2,28,3.0526,4.0
3,2,33,3.3905,5.0
3,2,33,3.3916,5.0
3,2,84,3.3530,4.0
3,2,84,3.3526,4.0
3,2,2,3.4071,1.875
3,2,2,3.4073,1.875
3,2,39,3.2653,4.25
3,2,39,3.2653,4.25
3,2,90,2.7863,4.25
3,2,90,2.7875,4.25
3,2,37,2.7874,2.25
3,2,37,2.7872,2.25
3,2,88,2.7723,4.0
3,2,88,2.7726,4.0
3,2,6,3.3947,5.25
3,2,6,3.3946,5.25
3,2,43,2.7103,4.0
3,2,43,2.7110,4.0
3,2,94,2.9434,3.75
3,2,94,2.9440,3.75
3,2,99,2.6924,2.625
3,2,99,2.6924,2.625
3,2,41,3.2928,3.5
3,2,41,3.2926,3.5
3,2,92,3.2356,3.25
3,2,92,3.2370,3.25
3,2,97,2.4372,5.0
3,2,97,2.4389,5.0
3,2,10,3.0395,4.0
3,2,10,3.0401,4.0
3,2,47,2.8335,3.875
3,2,47,2.8337,3.875
3,2,66,3.2543,3.75
3,2,66,3.2539,3.75
3,2,103,2.8842,4.0
3,2,103,2.8877,4.0
3,2,8,3.0304,6.0
3,2,8,3.0307,6.0
3,2,45,3.5821,3.25
3,2,45,3.5787,3.25
3,2,64,2.9353,2.375
3,2,64,2.9355,2.375
3,2,101,2.8920,3.125
3,2,101,2.8927,3.125
3,2,14,2.8357,3.75
3,2,14,2.8364,3.75
3,2,70,3.1133,3.66667
3,2,70,3.1135,3.66667
3,2,107,2.5529,4.625
3,2,107,2.5536,4.625
3,2,12,3.3799,5.25
3,2,12,3.3807,5.25
3,2,68,3.1962,5.5
3,2,68,3.1994,5.5
3,2,105,3.0715,3.5
3,2,105,3.0690,3.5
3,2,50,3.2310,3.75
3,2,50,3.2302,3.75
3,2,74,2.7033,3.25
3,2,74,2.7014,3.25
3,2,111,2.6337,3.5
3,2,111,2.6320,3.5
3,2,48,2.3628,4.25
3,2,48,2.3635,4.25
3,2,109,3.4683,1.95833
3,2,109,3.4683,1.95833
3,2,78,2.8636,2.75
3,2,78,2.8636,2.75
3,2,52,3.3981,1.5
3,2,52,3.3981,1.5
3,2,56,3.1585,4.25
3,2,56,3.1591,4.25
3,2,112,2.8546,4.0
3,2,112,2.8607,4.0
3,2,62,3.2817,5.25
3,2,62,3.2817,5.25
3,2,27,2.7588,4.0
3,2,27,2.7591,4.0
3,2,60,3.3176,3.75
3,2,60,3.3166,3.75
3,2,83,2.7660,4.25
3,2,83,2.7661,4.25
3,2,34,2.7630,3.5
3,2,34,2.7633,3.5
3,2,81,3.3842,4.375
3,2,81,3.3855,4.375
3,2,31,3.2381,3.25
3,2,31,3.2378,3.25
3,2,32,3.4688,3.25
3,2,32,3.4694,3.25
3,2,87,2.8320,3.75
3,2,87,2.8310,3.75
3,2,29,2.9865,4.0
3,2,29,2.9856,4.0
3,2,38,3.5423,3.25
3,2,38,3.5425,3.25
3,2,85,2.8843,3.25
3,2,85,2.8848,3.25
3,2,36,3.0436,2.75
3,2,36,3.0418,2.75
3,2,91,3.2143,4.5
3,2,91,3.2146,4.5
3,2,42,2.5182,2.5
3,2,42,2.5187,2.5
3,2,89,2.7839,3.25
3,2,89,2.7823,3.25
3,2,98,2.7929,4.5
3,2,98,2.7924,4.5
3,2,7,2.8616,6.0
3,2,7,2.8621,6.0
3,2,40,3.2806,2.75
3,2,40,3.2793,2.75
3,2,95,2.8219,1.5
3,2,95,2.8218,1.5
3,2,96,3.0031,3.125
3,2,96,3.0029,3.125
3,2,5,3.0271,3.25
3,2,5,3.0266,3.25
3,2,46,3.4968,4.5
3,2,46,3.4964,4.5
3,2,93,2.8495,5.0
3,2,93,2.8495,5.0
3,2,102,3.1555,2.0
3,2,102,3.1559,2.0
3,2,11,3.6773,4.125
3,2,11,3.6775,4.125
3,2,44,2.6969,5.0
3,2,44,2.6951,5.0
3,2,67,2.9121,5.25
3,2,67,2.8978,5.25
3,2,100,3.3353,1.25
3,2,100,3.3356,1.25
3,2,9,3.1542,4.5
3,2,9,3.1548,4.5
3,2,65,2.8021,3.0
3,2,65,2.8036,3.0
3,2,106,2.7544,3.875
3,2,106,2.7542,3.875
3,2,71,3.2545,2.375
3,2,71,3.2528,2.375
3,2,104,2.9362,3.5
3,2,104,2.9291,3.5
3,2,13,3.3462,5.0
3,2,13,3.3458,5.0
3,2,69,2.8274,1.25
3,2,69,2.8258,1.25
3,2,110,3.2727,4.25
3,2,110,3.2729,4.25
3,2,51,3.0563,4.0
3,2,51,3.0561,4.0
3,2,108,2.6958,4.0
3,2,108,2.6960,4.0
3,2,49,2.5381,2.75
3,2,49,2.5374,2.75
3,2,73,2.9712,3.75
3,2,73,2.9715,3.75
3,2,55,2.9131,3.33333
3,2,55,2.9129,3.33333
3,2,79,3.0760,3.75
3,2,79,3.0765,3.75
3,2,53,2.6334,4.5
3,2,53,2.6333,4.5
3,2,77,2.7106,2.25
3,2,77,2.7098,2.25
3,2,59,2.8133,2.25
3,2,59,2.8133,2.25
3,2,113,2.9262,3.0
3,2,113,2.9275,3.0
3,2,26,2.8982,2.5
3,2,26,2.8969,2.5
3,2,63,2.6682,1.25
3,2,63,2.6712,1.25
4,1,29,3.6958,3.0
4,1,29,3.6959,3.0
4,1,58,3.8176,2.25
4,1,58,3.8175,2.25
4,1,85,3.6193,2.5
4,1,85,3.6197,2.5
4,1,114,3.5585,1.5
4,1,114,3.5585,1.5
4,1,31,3.7532,2.25
4,1,31,3.7532,2.25
4,1,36,3.6511,0.875
4,1,36,3.6512,0.875
4,1,87,3.6866,3.25
4,1,87,3.6869,3.25
4,1,25,3.6709,1.5
4,1,25,3.6707,1.5
4,1,38,3.6752,2.5
4,1,38,3.6752,2.5
4,1,81,3.5830,3.0
4,1,81,3.5830,3.0
4,1,27,3.6219,2.75
4,1,27,3.6219,2.75
4,1,32,3.7339,1.5
4,1,32,3.7339,1.5
4,1,83,3.6323,3.25
4,1,83,3.6323,3.25
4,1,5,3.5549,1.0
4,1,5,3.5549,1.0
4,1,34,3.6367,1.5
4,1,34,3.6359,1.5
4,1,93,3.7021,3.0
4,1,93,3.7019,3.0
4,1,7,3.6986,1.75
4,1,7,3.6991,1.75
4,1,95,3.7208,3.5
4,1,95,3.7208,3.5
4,1,100,3.5877,0.75
4,1,100,3.5877,0.75
4,1,46,3.5858,3.75
4,1,46,3.5859,3.75
4,1,89,3.5774,1.75
4,1,89,3.5774,1.75
4,1,102,3.5842,1.5
4,1,102,3.5838,1.5
4,1,3,3.5869,3.5
4,1,3,3.5867,3.5
4,1,40,3.7110,4.0
4,1,40,3.7118,4.0
4,1,91,3.6156,2.25
4,1,91,3.6155,2.25
4,1,96,3.5722,2.75
4,1,96,3.5722,2.75
4,1,13,3.5694,1.5
4,1,13,3.5694,1.5
4,1,42,3.6189,1.75
4,1,42,3.6189,1.75
4,1,69,3.8288,5.5
4,1,69,3.8288,5.5
4,1,98,3.6020,3.25
4,1,98,3.6019,3.25
4,1,15,3.5818,0.75
4,1,15,3.5820,0.75
4,1,71,3.5502,2.125
4,1,71,3.5502,2.125
4,1,108,3.6178,3.25
4,1,108,3.6178,3.25
4,1,9,3.5960,1.0
4,1,9,3.5987,1.0
4,1,65,3.6342,4.75
4,1,65,3.6342,4.75
4,1,110,3.5947,4.0
4,1,110,3.5947,4.0
4,1,11,3.5647,1.0
4,1,11,3.5643,1.0
4,1,67,3.6642,1.75
4,1,67,3.6642,1.75
4,1,104,3.6114,1.25
4,1,104,3.6114,1.25
4,1,53,3.7348,2.5
4,1,53,3.7348,2.5
4,1,77,3.7473,2.625
4,1,77,3.7471,2.625
4,1,106,3.5814,2.125
4,1,106,3.5815,2.125
4,1,55,3.8314,2.5
4,1,55,3.8314,2.5
4,1,79,3.7167,6.75
4,1,79,3.7167,6.75
4,1,49,3.7877,4.25
4,1,49,3.7876,4.25
4,1,73,3.6770,4.25
4,1,73,3.6771,4.25
4,1,22,3.6009,1.25
4,1,22,3.6010,1.25
4,1,51,3.7558,2.75
4,1,51,3.7558,2.75
4,1,75,3.5551,4.75
4,1,75,3.5545,4.75
4,1,16,3.7077,1.0
4,1,16,3.7077,1.0
4,1,117,3.6177,1.25
4,1,117,3.6180,1.25
4,1,63,3.5590,1.0
4,1,63,3.5590,1.0
4,1,28,3.7153,2.625
4,1,28,3.7158,2.625
4,1,57,3.6306,2.75
4,1,57,3.6307,2.75
4,1,84,3.6211,2.5
4,1,84,3.6208,2.5
4,1,113,3.6153,3.25
4,1,113,3.6137,3.25
4,1,30,3.6280,1.125
4,1,30,3.6285,1.125
4,1,59,3.6814,1.875
4,1,59,3.6813,1.875
4,1,86,3.6443,1.66667
4,1,86,3.6423,1.66667
4,1,115,3.5920,3.5
4,1,115,3.5923,3.5
4,1,24,3.7662,2.0
4,1,24,3.7663,2.0
4,1,37,3.5943,2.25
4,1,37,3.5943,2.25
4,1,80,3.5882,3.5
4,1,80,3.5882,3.5
4,1,26,3.6587,4.375
4,1,26,3.6588,4.375
4,1,39,3.7085,2.5
4,1,39,3.7084,2.5
4,1,82,3.6047,6.5
4,1,82,3.6047,6.5
4,1,4,3.5865,1.5
4,1,4,3.5862,1.5
4,1,33,3.6061,1.5
4,1,33,3.6062,1.5
4,1,92,3.6736,2.0
4,1,92,3.6736,2.0
4,1,6,3.6027,1.5
4,1,6,3.6027,1.5
4,1,35,3.7540,1.75
4,1,35,3.7539,1.75
4,1,94,3.5790,1.5
4,1,94,3.5791,1.5
4,1,45,3.7681,2.125
4,1,45,3.7680,2.125
4,1,88,3.7504,1.5
4,1,88,3.7505,1.5
4,1,101,3.6339,3.875
4,1,101,3.6340,3.875
4,1,47,3.7277,2.125
4,1,47,3.7277,2.125
4,1,90,3.6292,1.375
4,1,90,3.6294,1.375
4,1,103,3.5849,1.0
4,1,103,3.5849,1.0
4,1,12,3.5624,2.5
4,1,12,3.5625,2.5
4,1,41,3.7831,2.5
4,1,41,3.7831,2.5
4,1,68,3.6113,5.5
4,1,68,3.6111,5.5
4,1,97,3.6102,1.625
4,1,97,3.6103,1.625
4,1,70,3.6689,5.25
4,1,70,3.6690,5.25
4,1,99,3.6097,2.375
4,1,99,3.6096,2.375
4,1,8,3.6134,0.75
4,1,8,3.6137,0.75
4,1,64,3.6049,3.5
4,1,64,3.6049,3.5
4,1,109,3.6584,2.75
4,1,109,3.6586,2.75
4,1,10,3.5282,3.0
4,1,10,3.5287,3.0
4,1,66,3.5705,1.0
4,1,66,3.5706,1.0
4,1,111,3.5684,3.5
4,1,111,3.5685,3.5
4,1,52,3.6970,3.25
4,1,52,3.6973,3.25
4,1,105,3.6601,3.625
4,1,105,3.6613,3.625
4,1,54,3.7133,3.375
4,1,54,3.7133,3.375
4,1,78,3.6877,3.25
4,1,78,3.6878,3.25
4,1,48,3.8164,1.5
4,1,48,3.8164,1.5
4,1,72,3.5866,2.375
4,1,72,3.5869,2.375
4,1,50,3.6219,2.0
4,1,50,3.6216,2.0
4,1,74,3.5382,3.5
4,1,74,3.5382,3.5
4,1,23,3.6514,1.0
4,1,23,3.6515,1.0
4,1,116,3.5801,1.75
4,1,116,3.5813,1.75
4,1,118,3.7852,4.5
4,1,118,3.7852,4.5
4,1,56,3.7209,2.0
4,1,56,3.7207,2.0
4,1,112,3.6091,1.0
4,1,112,3.6091,1.0
7,1,40,3.9475,5.5
7,1,40,4.0081,5.5
7,1,3,3.9282,4.75
7,1,3,4.0269,4.75
7,1,102,3.7251,4.25
7,1,102,3.7337,4.25
7,1,46,4.0097,4.0
7,1,46,3.6799,4.0
7,1,1,4.0807,3.5
7,1,1,4.1052,3.5
7,1,44,3.8511,6.25
7,1,44,3.7968,6.25
7,1,7,4.0575,2.25
7,1,7,3.8099,2.25
7,1,90,3.9769,4.0
7,1,90,3.9817,4.0
7,1,34,4.0117,5.5
7,1,34,3.9110,5.5
7,1,5,4.0532,4.75
7,1,5,3.9899,4.75
7,1,88,4.0000,6.5
7,1,88,3.9754,6.5
7,1,32,3.8957,3.75
7,1,32,4.0503,3.75
7,1,94,3.9724,3.0
7,1,94,3.9800,3.0
7,1,38,3.8904,3.5
7,1,38,3.9686,3.5
7,1,92,3.4649,5.75
7,1,92,3.7246,5.75
7,1,36,3.9487,4.25
7,1,36,3.8580,4.25
7,1,82,4.0608,5.25
7,1,82,3.8981,5.25
7,1,26,3.8408,3.0
7,1,26,3.9740,3.0
7,1,80,3.9389,2.0
7,1,80,4.0332,2.0
7,1,24,3.9738,5.0
7,1,24,3.9923,5.0
7,1,86,3.7949,3.25
7,1,86,3.8005,3.25
7,1,59,3.6028,5.25
7,1,59,3.9464,5.25
7,1,30,4.0468,3.0
7,1,30,3.8540,3.0
7,1,84,3.9471,4.75
7,1,84,3.9325,4.75
7,1,57,3.9705,4.25
7,1,57,3.8669,4.25
7,1,28,4.0025,5.25
7,1,28,3.8231,5.25
7,1,74,3.5659,4.25
7,1,74,4.0033,4.25
7,1,63,3.8119,5.5
7,1,63,3.9892,5.5
7,1,18,4.1214,6.0
7,1,18,3.7541,6.0
7,1,72,3.9493,2.0
7,1,72,3.7383,2.0
7,1,61,3.6386,5.0
7,1,61,4.0673,5.0
7,1,107,3.6897,4.0
7,1,107,3.7128,4.0
7,1,78,3.4856,4.0
7,1,78,4.0828,4.0
7,1,51,3.7568,3.5
7,1,51,3.7240,3.5
7,1,22,3.6445,3.75
7,1,22,3.6844,3.75
7,1,105,4.0884,4.75
7,1,105,3.9618,4.75
7,1,76,3.9711,2.75
7,1,76,3.9668,2.75
7,1,49,3.9579,4.5
7,1,49,3.9834,4.5
7,1,20,3.9518,5.25
7,1,20,3.9328,5.25
7,1,66,3.8612,4.25
7,1,66,3.9922,4.25
7,1,55,3.8130,2.5
7,1,55,3.9972,2.5
7,1,10,3.9063,2.75
7,1,10,3.6973,2.75
7,1,109,3.6067,6.25
7,1,109,3.9539,6.25
7,1,64,3.9688,5.0
7,1,64,3.9741,5.0
7,1,53,3.5100,5.5
7,1,53,3.5163,5.5
7,1,8,3.8810,4.5
7,1,8,4.0049,4.5
7,1,70,3.4277,5.5
7,1,70,3.6178,5.5
7,1,43,4.0149,3.5
7,1,43,4.0820,3.5
7,1,14,3.5483,1.75
7,1,14,3.4232,1.75
7,1,97,3.7015,5.5
7,1,97,3.7400,5.5
7,1,68,3.6556,4.25
7,1,68,3.9914,4.25
7,1,41,4.0319,4.75
7,1,41,4.0402,4.75
7,1,12,3.9867,5.0
7,1,12,4.0538,5.0
7,1,103,4.0325,3.25
7,1,103,3.6180,3.25
7,1,47,3.8554,4.5
7,1,47,4.0500,4.5
7,1,2,3.7247,5.5
7,1,2,3.6936,5.5
7,1,101,3.9511,4.0
7,1,101,3.6741,4.0
7,1,45,3.9528,4.5
7,1,45,3.6949,4.5
7,1,35,3.9239,6.0
7,1,35,3.8198,6.0
7,1,89,3.9396,5.25
7,1,89,3.9126,5.25
7,1,33,3.9566,4.75
7,1,33,3.9970,4.75
7,1,4,3.8488,3.25
7,1,4,4.0519,3.25
7,1,95,3.6007,4.75
7,1,95,3.9183,4.75
7,1,39,3.9987,5.5
7,1,39,3.8894,5.5
7,1,93,3.7420,4.25
7,1,93,3.7153,4.25
7,1,37,3.9615,4.25
7,1,37,3.9317,4.25
7,1,83,3.9477,4.75
7,1,83,4.0096,4.75
7,1,27,3.7074,4.25
7,1,27,4.0222,4.25
7,1,81,3.8440,4.0
7,1,81,3.9545,4.0
7,1,25,4.0756,4.5
7,1,25,3.8653,4.5
7,1,31,3.6520,4.5
7,1,31,3.1172,4.5
7,1,58,4.0251,6.0
7,1,58,3.9749,6.0
7,1,29,4.0325,4.25
7,1,29,3.7002,4.25
7,1,75,4.0447,4.75
7,1,75,3.8100,4.75
7,1,19,4.0034,4.75
7,1,19,4.0592,4.75
7,1,73,3.9953,1.0
7,1,73,4.0191,1.0
7,1,62,3.8046,4.5
7,1,62,3.7200,4.5
7,1,79,3.8321,3.0
7,1,79,3.7206,3.0
7,1,60,3.6980,3.25
7,1,60,3.7412,3.25
7,1,23,3.6118,4.0
7,1,23,3.5796,4.0
7,1,106,4.0326,4.75
7,1,106,3.9471,4.75
7,1,50,3.8744,5.0
7,1,50,3.7346,5.0
7,1,104,3.9908,4.75
7,1,104,3.9981,4.75
7,1,67,3.6938,4.75
7,1,67,4.0043,4.75
7,1,48,4.0180,1.5
7,1,48,4.0445,1.5
7,1,11,3.3418,1.75
7,1,11,3.0283,1.75
7,1,65,3.5011,5.25
7,1,65,3.4072,5.25
7,1,54,3.9812,5.5
7,1,54,3.9547,5.5
7,1,9,3.8287,2.0
7,1,9,4.0127,2.0
7,1,108,3.9242,2.75
7,1,108,3.9928,2.75
7,1,71,3.4890,4.75
7,1,71,3.4613,4.75
7,1,52,3.9579,0.75
7,1,52,3.9678,0.75
7,1,98,3.9577,3.25
7,1,98,3.9391,3.25
7,1,69,3.9745,5.5
7,1,69,3.9706,5.5
7,1,42,4.0893,3.0
7,1,42,3.7665,3.0
7,1,13,3.9547,3.0
7,1,13,4.0000,3.0
7,1,96,3.5533,5.5
7,1,96,3.4679,5.5
7,2,77,4.1320,4.25
7,2,77,4.0130,4.25
7,2,102,4.0334,5.25
7,2,102,4.0891,5.25
7,2,3,4.0970,5.75
7,2,3,4.1402,5.75
7,2,75,4.0906,3.5
7,2,75,4.1224,3.5
7,2,100,4.0300,1.75
7,2,100,4.0158,1.75
7,2,1,4.0543,4.25
7,2,1,4.0991,4.25
7,2,73,4.0756,3.25
7,2,73,4.0309,3.25
7,2,98,4.1205,3.75
7,2,98,4.0508,3.75
7,2,63,3.7415,5.25
7,2,63,4.0300,5.25
7,2,71,4.1575,4.0
7,2,71,4.0759,4.0
7,2,96,4.0637,3.5
7,2,96,4.1102,3.5
7,2,61,3.5009,5.5
7,2,61,3.7183,5.5
7,2,69,4.0550,4.25
7,2,69,4.0162,4.25
7,2,30,3.7120,3.0
7,2,30,4.0253,3.0
7,2,28,3.5587,5.75
7,2,28,3.7546,5.75
7,2,57,3.5710,1.5
7,2,57,4.0178,1.5
7,2,65,3.9931,5.0
7,2,65,4.0853,5.0
7,2,26,3.7773,4.25
7,2,26,4.0678,4.25
7,2,55,3.7754,4.0
7,2,55,4.0348,4.0
7,2,24,4.0668,3.75
7,2,24,4.0437,3.75
7,2,53,3.7570,5.0
7,2,53,4.0947,5.0
7,2,22,3.9455,3.0
7,2,22,4.0340,3.0
7,2,51,3.8138,4.75
7,2,51,4.1038,4.75
7,2,94,3.9274,3.25
7,2,94,4.1028,3.25
7,2,20,4.0501,5.5
7,2,20,3.9533,5.5
7,2,49,3.7025,4.0
7,2,49,4.0888,4.0
7,2,92,4.0919,4.66667
7,2,92,4.0288,4.66667
7,2,18,3.7937,3.5
7,2,18,4.0869,3.5
7,2,47,4.0984,4.0
7,2,47,3.9857,4.0
7,2,90,3.9056,4.0
7,2,90,4.1361,4.0
7,2,16,3.7757,5.0
7,2,16,4.0734,5.0
7,2,45,3.7915,2.5
7,2,45,4.0054,2.5
7,2,88,3.6187,5.0
7,2,88,4.0703,5.0
7,2,14,3.9548,5.5
7,2,14,4.0267,5.5
7,2,43,3.4562,2.75
7,2,43,3.6799,2.75
7,2,86,4.1108,2.5
7,2,86,4.0419,2.5
7,2,12,3.7230,4.25
7,2,12,4.0298,4.25
7,2,84,4.0336,3.75
7,2,84,4.1306,3.75
7,2,10,3.7734,4.0
7,2,10,3.9954,4.0
7,2,39,4.0827,4.0
7,2,39,4.0872,4.0
7,2,82,4.0956,3.25
7,2,82,4.1779,3.25
7,2,8,3.8242,4.0
7,2,8,4.1022,4.0
7,2,37,3.6409,3.5
7,2,37,4.0729,3.5
7,2,80,3.6525,4.0
7,2,80,4.0874,4.0
7,2,109,4.1158,5.25
7,2,109,4.1547,5.25
7,2,6,4.1130,4.0
7,2,6,3.9731,4.0
7,2,35,3.7496,3.5
7,2,35,4.0525,3.5
7,2,78,4.1111,5.0
7,2,78,4.1078,5.0
7,2,107,4.0789,4.5
7,2,107,4.0623,4.5
7,2,4,3.7352,3.0
7,2,4,4.0098,3.0
7,2,33,3.8157,1.5
7,2,33,4.0624,1.5
7,2,76,3.8120,4.5
7,2,76,3.9851,4.5
7,2,105,3.9972,3.0
7,2,105,4.0469,3.0
7,2,2,3.8810,2.75
7,2,2,3.7097,2.75
7,2,74,3.6636,2.5
7,2,74,4.1271,2.5
7,2,103,4.0676,4.25
7,2,103,4.0780,4.25
7,2,72,4.0494,4.25
7,2,72,4.1141,4.25
7,2,70,3.5766,3.25
7,2,70,3.9644,3.25
7,2,99,4.1399,4.25
7,2,99,4.1229,4.25
7,2,60,3.4285,4.0
7,2,60,3.9674,4.0
7,2,68,3.6853,6.5
7,2,68,4.0090,6.5
7,2,97,4.1017,3.0
7,2,97,4.0840,3.0
7,2,58,3.6318,4.0
7,2,58,4.0725,4.0
7,2,66,4.0415,5.5
7,2,66,4.0974,5.5
7,2,31,4.1106,3.75
7,2,31,4.1020,3.75
7,2,56,3.7314,4.75
7,2,56,4.0427,4.75
7,2,64,3.4891,3.25
7,2,64,4.0193,3.25
7,2,29,4.1395,1.75
7,2,29,4.0860,1.75
7,2,27,4.0695,4.25
7,2,27,4.0901,4.25
7,2,52,3.7408,3.25
7,2,52,4.1052,3.25
7,2,25,3.8236,4.75
7,2,25,3.9537,4.75
7,2,50,3.7050,4.25
7,2,50,3.9440,4.25
7,2,23,3.6940,1.75
7,2,23,4.0442,1.75
7,2,48,3.8011,3.75
7,2,48,3.6720,3.75
7,2,95,4.1091,2.5
7,2,95,4.1033,2.5
7,2,21,3.7607,1.5
7,2,21,4.1320,1.5
7,2,46,3.6021,4.75
7,2,46,4.0589,4.75
7,2,93,3.6773,4.75
7,2,93,4.0792,4.75
7,2,19,4.0885,4.5
7,2,19,4.0065,4.5
7,2,44,3.8071,4.5
7,2,44,4.0770,4.5
7,2,91,3.2739,3.75
7,2,91,4.0145,3.75
7,2,17,3.7609,6.0
7,2,17,4.1250,6.0
7,2,42,4.0670,3.0
7,2,42,3.9730,3.0
7,2,89,3.7106,3.0
7,2,89,4.0401,3.0
7,2,40,4.0459,5.25
7,2,40,3.9814,5.25
7,2,87,3.7542,4.5
7,2,87,4.0728,4.5
7,2,13,4.0823,4.75
7,2,13,4.0768,4.75
7,2,38,4.0920,5.25
7,2,38,4.1138,5.25
7,2,85,3.6990,2.5
7,2,85,3.9078,2.5
7,2,110,3.9116,4.75
7,2,110,3.4812,4.75
7,2,11,3.6520,2.75
7,2,11,4.0714,2.75
7,2,36,3.5461,2.5
7,2,36,3.8398,2.5
7,2,83,3.7546,5.0
7,2,83,3.9821,5.0
7,2,108,3.7113,5.5
7,2,108,4.1040,5.5
7,2,9,4.0362,4.0
7,2,9,3.9457,4.0
7,2,34,4.1327,4.25
7,2,34,4.0813,4.25
7,2,106,3.5186,6.25
7,2,106,3.7827,6.25
7,2,7,3.9079,5.0
7,2,7,4.0311,5.0
7,2,32,3.8073,4.5
7,2,32,4.0893,4.5
7,2,104,3.8206,3.5
7,2,104,4.0827,3.5
7,2,5,4.0745,3.25
7,2,5,4.1862,3.25
8,1,34,3.4312,2.5
8,1,34,3.5200,2.5
8,1,7,3.6110,1.0
8,1,7,3.2086,1.0
8,1,94,3.0260,1.75
8,1,94,2.9948,1.75
8,1,21,3.6819,1.75
8,1,21,3.7427,1.75
8,1,35,3.6357,3.0
8,1,35,3.6386,3.0
8,1,49,3.5618,2.25
8,1,49,3.3343,2.25
8,1,8,3.7544,1.0
8,1,8,3.8126,1.0
8,1,95,3.3750,2.25
8,1,95,3.3600,2.25
8,1,22,3.8748,3.5
8,1,22,4.1208,3.5
8,1,36,3.4204,3.75
8,1,36,3.3499,3.75
8,1,50,3.5627,1.0
8,1,50,3.5515,1.0
8,1,9,3.3988,2.0
8,1,9,3.3453,2.0
8,1,64,3.4766,1.25
8,1,64,3.4263,1.25
8,1,23,3.4730,3.25
8,1,23,3.7035,3.25
8,1,37,3.2252,1.75
8,1,37,3.2257,1.75
8,1,51,2.9287,1.0
8,1,51,3.0307,1.0
8,1,10,3.7053,1.75
8,1,10,3.3466,1.75
8,1,65,3.7397,2.0
8,1,65,3.5691,2.0
8,1,24,3.3125,3.75
8,1,24,3.3942,3.75
8,1,38,3.3851,2.25
8,1,38,3.3940,2.25
8,1,52,3.4800,1.25
8,1,52,3.8459,1.25
8,1,11,3.4611,2.0
8,1,11,2.9792,2.0
8,1,66,3.6365,2.25
8,1,66,3.7215,2.25
8,1,25,2.9659,2.5
8,1,25,3.0127,2.5
8,1,80,3.1029,1.75
8,1,80,2.4338,1.75
8,1,39,3.1634,3.0
8,1,39,3.1816,3.0
8,1,53,3.1444,2.25
8,1,53,2.8933,2.25
8,1,12,3.8547,1.0
8,1,12,3.2393,1.0
8,1,67,3.2606,2.25
8,1,67,3.0081,2.25
8,1,26,3.3846,2.75
8,1,26,3.2270,2.75
8,1,81,3.3384,2.25
8,1,81,3.2367,2.25
8,1,40,3.1201,1.75
8,1,40,3.1612,1.75
8,1,54,3.5405,3.0
8,1,54,3.7975,3.0
8,1,68,3.4970,1.5
8,1,68,3.3802,1.5
8,1,27,3.0503,2.0
8,1,27,3.2524,2.0
8,1,82,3.6110,1.75
8,1,82,2.9914,1.75
8,1,41,2.9745,1.5
8,1,41,2.9206,1.5
8,1,96,3.5131,2.5
8,1,96,3.7639,2.5
8,1,69,3.3210,2.5
8,1,69,3.2632,2.5
8,1,28,3.2361,1.0
8,1,28,3.4991,1.0
8,1,42,3.4882,3.5
8,1,42,3.3795,3.5
8,1,97,3.4783,2.25
8,1,97,3.8845,2.25
8,1,29,3.4534,3.25
8,1,29,3.4981,3.25
8,1,43,3.2707,1.75
8,1,43,3.1221,1.75
8,1,98,3.5855,0.75
8,1,98,3.4524,0.75
8,1,30,3.7207,2.5
8,1,30,4.0188,2.5
8,1,85,3.1669,2.0
8,1,85,3.4070,2.0
8,1,44,3.4289,3.25
8,1,44,3.7331,3.25
8,1,58,3.0998,1.0
8,1,58,2.8434,1.0
8,1,31,3.1560,1.25
8,1,31,2.9030,1.25
8,1,86,3.5935,1.25
8,1,86,3.7191,1.25
8,1,59,3.6707,1.5
8,1,59,3.3935,1.5
8,1,73,3.5371,2.75
8,1,73,3.1854,2.75
8,1,87,3.2181,1.0
8,1,87,3.3796,1.0
8,1,60,3.2349,2.5
8,1,60,2.7088,2.5
8,1,74,3.3547,2.5
8,1,74,2.9251,2.5
8,1,88,3.4978,2.25
8,1,88,3.4992,2.25
8,1,61,3.6312,2.75
8,1,61,3.7061,2.75
8,1,75,3.4512,3.0
8,1,75,3.4698,3.0
8,1,2,3.6997,2.75
8,1,2,3.4764,2.75
8,1,89,3.8436,3.5
8,1,89,3.5768,3.5
8,1,16,3.3966,2.75
8,1,16,3.8495,2.75
8,1,62,2.7017,1.5
8,1,62,2.2924,1.5
8,1,76,3.5710,1.0
8,1,76,3.7532,1.0
8,1,3,3.3645,2.5
8,1,3,3.6201,2.5
8,1,17,3.9278,3.25
8,1,17,3.6459,3.25
8,1,63,3.7356,1.0
8,1,63,3.5065,1.0
8,1,77,3.4407,3.25
8,1,77,3.7527,3.25
8,1,4,3.1773,1.75
8,1,4,3.0491,1.75
8,1,91,3.2241,2.75
8,1,91,3.0587,2.75
8,1,18,3.3244,3.75
8,1,18,3.5006,3.75
8,1,32,3.6901,2.75
8,1,32,3.6965,2.75
8,1,78,3.2619,2.75
8,1,78,3.0197,2.75
8,1,5,3.4621,2.0
8,1,5,3.4182,2.0
8,1,92,3.4960,1.5
8,1,92,3.4796,1.5
8,1,19,3.4870,2.25
8,1,19,3.2387,2.25
8,1,33,3.3739,1.75
8,1,33,3.3950,1.75
8,1,79,3.3514,2.0
8,1,79,3.2231,2.0
8,1,6,3.4381,1.5
8,1,6,3.0395,1.5
8,1,93,3.4231,1.75
8,1,93,3.0296,1.75
8,1,20,3.3606,2.5
8,1,20,3.6066,2.5
8,2,17,3.5410,3.5
8,2,17,3.5416,3.5
8,2,91,3.0650,2.25
8,2,91,3.0648,2.25
8,2,19,3.1110,2.0
8,2,19,3.1107,2.0
8,2,93,2.8191,4.25
8,2,93,2.8229,4.25
8,2,96,2.7574,2.0
8,2,96,2.7577,2.0
8,2,21,3.2994,2.25
8,2,21,3.3002,2.25
8,2,56,3.0462,2.0
8,2,56,3.0467,2.0
8,2,95,3.0701,2.0
8,2,95,3.0686,2.0
8,2,98,3.5103,3.0
8,2,98,3.5101,3.0
8,2,23,3.3572,2.5
8,2,23,3.3571,2.5
8,2,58,3.1189,3.0
8,2,58,3.1190,3.0
8,2,100,2.9899,3.25
8,2,100,2.9956,3.25
8,2,25,3.5760,2.75
8,2,25,3.5763,2.75
8,2,60,3.0119,3.5
8,2,60,3.0116,3.5
8,2,67,2.7807,1.625
8,2,67,2.7802,1.625
8,2,27,2.9828,4.0
8,2,27,2.9829,4.0
8,2,62,3.2510,1.75
8,2,62,3.2508,1.75
8,2,69,3.1469,3.5
8,2,69,3.1467,3.5
8,2,29,3.6459,4.75
8,2,29,3.6541,4.75
8,2,32,3.4497,4.0
8,2,32,3.4487,4.0
8,2,71,3.0737,2.0
8,2,71,3.0734,2.0
8,2,31,3.3357,2.75
8,2,31,3.3336,2.75
8,2,34,3.1581,3.5
8,2,34,3.1573,3.5
8,2,73,3.0186,3.5
8,2,73,3.0187,3.5
8,2,36,3.4154,3.75
8,2,36,3.4156,3.75
8,2,75,2.9094,4.0
8,2,75,2.9090,4.0
8,2,38,4.0932,3.75
8,2,38,4.0929,3.75
8,2,77,3.0611,4.75
8,2,77,3.0607,4.75
8,2,5,2.9357,3.75
8,2,5,2.9360,3.75
8,2,40,3.1606,2.0
8,2,40,3.1630,2.0
8,2,79,3.0969,4.0
8,2,79,3.0930,4.0
8,2,7,3.0175,1.5
8,2,7,3.0150,1.5
8,2,42,3.3824,3.5
8,2,42,3.3841,3.5
8,2,9,3.0037,2.0
8,2,9,3.0037,2.0
8,2,44,3.3791,3.25
8,2,44,3.3791,3.25
8,2,11,3.3790,3.0
8,2,11,3.3791,3.0
8,2,46,3.0035,3.25
8,2,46,3.0036,3.25
8,2,80,3.0729,3.25
8,2,80,3.0711,3.25
8,2,15,3.1200,2.25
8,2,15,3.1204,2.25
8,2,49,3.4893,4.0
8,2,49,3.4895,4.0
8,2,84,3.1352,3.5
8,2,84,3.1351,3.5
8,2,86,3.1746,3.25
8,2,86,3.1761,3.25
8,2,88,3.0166,3.75
8,2,88,3.0169,3.75
8,2,16,3.1503,4.0
8,2,16,3.1514,4.0
8,2,55,3.0508,3.75
8,2,55,3.0478,3.75
8,2,90,2.8598,1.5
8,2,90,2.8600,1.5
8,2,97,3.2077,4.25
8,2,97,3.2080,4.25
8,2,18,3.4894,3.5
8,2,18,3.4899,3.5
8,2,57,2.9587,4.75
8,2,57,2.9590,4.75
8,2,92,3.0186,2.0
8,2,92,3.0180,2.0
8,2,99,3.0636,4.0
8,2,99,3.0645,4.0
8,2,20,3.5976,3.75
8,2,20,3.5976,3.75
8,2,59,3.1135,4.5
8,2,59,3.1133,4.5
8,2,94,2.9362,3.0
8,2,94,2.9371,3.0
8,2,101,3.5833,2.75
8,2,101,3.5840,2.75
8,2,22,3.1470,2.25
8,2,22,3.1462,2.25
8,2,61,3.2734,4.0
8,2,61,3.2746,4.0
8,2,64,3.7635,4.75
8,2,64,3.7625,4.75
8,2,24,3.0519,3.0
8,2,24,3.0521,3.0
8,2,63,3.0430,5.25
8,2,63,3.0434,5.25
8,2,26,2.8902,4.0
8,2,26,2.8901,4.0
8,2,33,3.0303,2.25
8,2,33,3.0301,2.25
8,2,68,2.9836,2.75
8,2,68,2.9836,2.75
8,2,28,3.7848,2.5
8,2,28,3.7842,2.5
8,2,35,3.4704,3.5
8,2,35,3.4705,3.5
8,2,70,3.0833,4.0
8,2,70,3.0835,4.0
8,2,30,3.2848,4.25
8,2,30,3.2875,4.25
8,2,37,3.0279,2.25
8,2,37,3.0271,2.25
8,2,72,3.2084,3.5
8,2,72,3.2090,3.5
8,2,39,3.8066,2.0
8,2,39,3.8065,2.0
8,2,74,2.8675,3.75
8,2,74,2.8679,3.75
8,2,41,3.7615,4.0
8,2,41,3.7600,4.0
8,2,76,3.2435,3.25
8,2,76,3.2435,3.25
8,2,4,2.7958,3.25
8,2,4,2.7956,3.25
8,2,43,2.9300,2.75
8,2,43,2.9299,2.75
8,2,78,3.2625,3.25
8,2,78,3.2632,3.25
8,2,6,2.9742,1.75
8,2,6,2.9738,1.75
8,2,45,3.4603,2.25
8,2,45,3.4603,2.25
8,2,8,3.2278,4.25
8,2,8,3.2307,4.25
8,2,47,2.9297,2.75
8,2,47,2.9294,2.75
8,2,10,3.0910,1.75
8,2,10,3.0906,1.75
8,2,83,3.0261,2.75
8,2,83,3.0260,2.75
8,2,85,2.9727,4.5
8,2,85,2.9732,4.5
8,2,48,3.1678,4.0
8,2,48,3.1678,4.0
8,2,87,3.2423,2.0
8,2,87,3.2437,2.0
8,2,50,3.3083,3.0
8,2,50,3.3087,3.0
8,2,89,3.2356,2.25
8,2,89,3.2407,2.25
9,1,81,2.5385,2.25
9,1,81,2.5606,2.25
9,1,27,3.5682,3.75
9,1,27,3.5873,3.75
9,1,83,2.9022,4.25
9,1,83,2.9803,4.25
9,1,29,2.9092,2.5
9,1,29,2.8187,2.5
9,1,32,3.4780,2.75
9,1,32,3.2627,2.75
9,1,85,3.6892,4.75
9,1,85,4.0666,4.75
9,1,31,3.1526,3.5
9,1,31,3.3189,3.5
9,1,34,3.2988,3.25
9,1,34,3.3237,3.25
9,1,87,2.9455,3.25
9,1,87,3.2099,3.25
9,1,36,3.2823,3.5
9,1,36,2.7969,3.5
9,1,89,3.5185,2.75
9,1,89,3.3250,2.75
9,1,3,3.4402,4.75
9,1,3,3.4732,4.75
9,1,38,3.5106,3.5
9,1,38,3.5778,3.5
9,1,91,3.3492,3.75
9,1,91,3.5951,3.75
9,1,5,3.5861,5.75
9,1,5,3.5325,5.75
9,1,40,2.7246,2.25
9,1,40,2.9174,2.25
9,1,93,3.6476,3.25
9,1,93,3.9316,3.25
9,1,96,3.1423,4.25
9,1,96,2.9677,4.25
9,1,7,3.5556,4.25
9,1,7,3.4957,4.25
9,1,42,3.2729,4.0
9,1,42,3.1231,4.0
9,1,95,2.6675,4.25
9,1,95,2.8287,4.25
9,1,98,4.4505,2.25
9,1,98,4.2877,2.25
9,1,65,3.7088,2.0
9,1,65,3.5043,2.0
9,1,100,3.5661,4.25
9,1,100,3.3163,4.25
9,1,67,3.8173,4.25
9,1,67,3.5499,4.25
9,1,102,3.1628,3.75
9,1,102,3.1919,3.75
9,1,69,3.0612,5.5
9,1,69,3.2010,5.5
9,1,104,3.8445,3.0
9,1,104,3.8345,3.0
9,1,106,3.9252,4.0
9,1,106,3.9485,4.0
9,1,73,3.6260,3.25
9,1,73,3.5175,3.25
9,1,51,3.3059,3.5
9,1,51,2.9784,3.5
9,1,75,3.4839,2.5
9,1,75,3.5204,2.5
9,1,110,3.6329,4.25
9,1,110,3.3434,4.25
9,1,53,3.3172,3.0
9,1,53,3.0869,3.0
9,1,77,3.4255,3.25
9,1,77,3.1381,3.25
9,1,16,3.3119,1.5
9,1,16,3.0980,1.5
9,1,55,3.0804,3.5
9,1,55,3.1662,3.5
9,1,79,3.8401,4.0
9,1,79,3.7488,4.0
9,1,18,3.6691,3.5
9,1,18,3.6440,3.5
9,1,20,3.1467,4.0
9,1,20,3.1604,4.0
9,1,59,3.4343,2.75
9,1,59,3.3728,2.75
9,1,22,3.2969,3.0
9,1,22,3.2708,3.0
9,1,61,4.3541,3.5
9,1,61,4.1254,3.5
9,1,24,3.4617,3.5
9,1,24,3.5809,3.5
9,1,63,3.6286,3.25
9,1,63,3.2598,3.25
9,1,80,4.0780,3.25
9,1,80,3.7774,3.25
9,1,26,3.6626,4.5
9,1,26,3.5770,4.5
9,1,33,2.8163,3.75
9,1,33,2.5734,3.75
9,1,82,3.3439,4.0
9,1,82,3.3450,4.0
9,1,28,3.0572,2.75
9,1,28,2.9561,2.75
9,1,35,3.6023,3.5
9,1,35,3.5773,3.5
9,1,84,3.7108,3.0
9,1,84,3.7978,3.0
9,1,30,3.3712,3.0
9,1,30,3.1854,3.0
9,1,37,3.5539,4.5
9,1,37,3.4850,4.5
9,1,86,3.5586,4.0
9,1,86,3.4225,4.0
9,1,39,2.6086,2.75
9,1,39,2.7244,2.75
9,1,88,3.1788,3.25
9,1,88,3.4851,3.25
9,1,2,3.1689,5.25
9,1,2,3.5315,5.25
9,1,41,3.3692,3.0
9,1,41,3.3613,3.0
9,1,90,3.7236,2.75
9,1,90,3.4035,2.75
9,1,97,4.0147,3.5
9,1,97,3.7687,3.5
9,1,4,3.4269,5.0
9,1,4,3.2041,5.0
9,1,92,3.3256,4.0
9,1,92,3.2793,4.0
9,1,99,3.6426,3.0
9,1,99,3.4311,3.0
9,1,6,3.9871,3.5
9,1,6,3.7350,3.5
9,1,94,3.0667,3.0
9,1,94,2.8354,3.0
9,1,101,3.5347,2.25
9,1,101,3.6525,2.25
9,1,8,3.4238,4.5
9,1,8,3.7209,4.5
9,1,64,3.4531,4.25
9,1,64,3.3185,4.25
9,1,103,2.8330,2.25
9,1,103,2.9805,2.25
9,1,66,3.2600,4.75
9,1,66,3.1796,4.75
9,1,105,2.9708,3.75
9,1,105,3.1268,3.75
9,1,12,2.5364,4.75
9,1,12,2.2572,4.75
9,1,68,3.9961,3.5
9,1,68,3.7340,3.5
9,1,107,3.2149,4.25
9,1,107,2.9720,4.25
9,1,72,3.6472,3.75
9,1,72,3.6276,3.75
9,1,111,3.3865,3.0
9,1,111,3.3289,3.0
9,1,50,3.4500,3.5
9,1,50,3.2584,3.5
9,1,74,3.0348,3.0
9,1,74,2.9861,3.0
9,1,17,3.2016,4.25
9,1,17,3.4863,4.25
9,1,52,3.3781,2.75
9,1,52,3.5962,2.75
9,1,76,3.5939,4.0
9,1,76,3.4022,4.0
9,1,19,3.8646,3.25
9,1,19,3.8219,3.25
9,1,54,3.5010,2.75
9,1,54,3.4273,2.75
9,1,78,3.6829,3.5
9,1,78,3.7610,3.5
9,1,21,2.9734,4.5
9,1,21,3.0088,4.5
9,1,56,3.7976,3.75
9,1,56,3.8807,3.75
9,1,23,3.7861,4.5
9,1,23,3.7783,4.5
9,1,25,3.4287,3.5
9,1,25,3.5120,3.5
9,1,60,3.5181,4.0
9,1,60,3.5551,4.0
9,2,98,4.8171,4.5
9,2,98,4.4781,4.5
9,2,71,4.4545,5.25
9,2,71,4.4631,5.25
9,2,100,4.3687,5.75
9,2,100,4.3534,5.75
9,2,46,2.7954,4.75
9,2,46,3.2508,4.75
9,2,102,4.0429,3.75
9,2,102,4.0213,3.75
9,2,75,3.6759,3.75
9,2,75,4.1925,3.75
9,2,16,3.3085,2.75
9,2,16,3.4675,2.75
9,2,104,4.2191,3.25
9,2,104,4.3989,3.25
9,2,77,4.2253,4.25
9,2,77,4.2489,4.25
9,2,18,3.7700,4.25
9,2,18,3.5821,4.25
9,2,106,4.2594,5.25
9,2,106,4.4610,5.25
9,2,79,3.7956,5.25
9,2,79,4.2919,5.25
9,2,20,3.1340,3.0
9,2,20,3.3855,3.0
9,2,108,4.0489,4.25
9,2,108,4.2474,4.25
9,2,49,3.7156,5.25
9,2,49,3.6935,5.25
9,2,22,3.6803,3.0
9,2,22,3.4865,3.0
9,2,110,3.9593,3.25
9,2,110,4.0936,3.25
9,2,51,3.4056,5.0
9,2,51,3.5405,5.0
9,2,24,3.9340,1.75
9,2,24,3.7592,1.75
9,2,80,3.9507,4.75
9,2,80,4.3678,4.75
9,2,53,2.5124,3.75
9,2,53,2.7323,3.75
9,2,26,3.6926,3.25
9,2,26,3.8284,3.25
9,2,82,4.3971,3.0
9,2,82,4.5284,3.0
9,2,55,3.6891,3.25
9,2,55,3.8007,3.25
9,2,28,3.8283,4.75
9,2,28,3.4454,4.75
9,2,84,4.3175,3.75
9,2,84,4.2202,3.75
9,2,30,3.4401,2.75
9,2,30,3.7544,2.75
9,2,113,4.0452,5.75
9,2,113,3.8471,5.75
9,2,86,4.4488,4.0
9,2,86,4.2859,4.0
9,2,88,4.0183,4.5
9,2,88,4.2744,4.5
9,2,2,2.9751,4.0
9,2,2,3.0076,4.0
9,2,90,3.9730,3.25
9,2,90,4.2977,3.25
9,2,63,4.4195,5.0
9,2,63,4.3980,5.0
9,2,4,3.3250,5.25
9,2,4,3.0557,5.25
9,2,92,4.6752,4.25
9,2,92,4.5126,4.25
9,2,33,2.9276,3.0
9,2,33,2.9483,3.0
9,2,6,3.6529,5.75
9,2,6,3.7987,5.75
9,2,94,4.5469,4.0
9,2,94,4.3642,4.0
9,2,35,2.8309,2.5
9,2,35,2.7213,2.5
9,2,8,3.2782,4.5
9,2,8,3.3084,4.5
9,2,64,4.5677,4.5
9,2,64,4.4676,4.5
9,2,37,3.2328,3.75
9,2,37,2.7914,3.75
9,2,10,3.5531,4.75
9,2,10,3.5159,4.75
9,2,66,4.5854,5.5
9,2,66,4.6657,5.5
9,2,39,3.5079,4.0
9,2,39,3.6241,4.0
9,2,12,3.4559,5.5
9,2,12,3.6650,5.5
9,2,68,4.1402,3.25
9,2,68,3.8565,3.25
9,2,41,3.5482,4.5
9,2,41,3.7186,4.5
9,2,97,4.3318,3.75
9,2,97,4.3454,3.75
9,2,70,4.5049,4.75
9,2,70,4.3872,4.75
9,2,99,3.9805,4.5
9,2,99,4.3973,4.5
9,2,45,2.8954,3.0
9,2,45,2.9932,3.0
9,2,101,4.5624,3.75
9,2,101,4.3818,3.75
9,2,74,4.4377,5.25
9,2,74,4.3862,5.25
9,2,47,3.5717,5.0
9,2,47,3.4945,5.0
9,2,103,3.8055,3.0
9,2,103,4.0909,3.0
9,2,76,4.5109,3.25
9,2,76,4.5514,3.25
9,2,17,4.0399,4.0
9,2,17,3.7334,4.0
9,2,105,4.4663,4.5
9,2,105,4.5716,4.5
9,2,78,3.9105,5.5
9,2,78,3.8402,5.5
9,2,19,2.9747,3.25
9,2,19,3.0429,3.25
9,2,107,3.4222,3.75
9,2,107,3.8646,3.75
9,2,48,3.5464,5.0
9,2,48,3.2701,5.0
9,2,21,3.0465,3.75
9,2,21,2.9800,3.75
9,2,109,4.5878,2.25
9,2,109,4.4739,2.25
9,2,50,3.5302,4.0
9,2,50,3.5289,4.0
9,2,23,2.9443,2.75
9,2,23,3.1330,2.75
9,2,111,4.3483,4.0
9,2,111,4.4274,4.0
9,2,52,2.7094,2.75
9,2,52,2.7362,2.75
9,2,25,3.7271,5.75
9,2,25,3.5303,5.75
9,2,81,4.3560,4.75
9,2,81,4.4527,4.75
9,2,54,3.5574,5.5
9,2,54,3.5093,5.5
9,2,27,3.3188,3.25
9,2,27,2.8490,3.25
9,2,83,4.2265,4.0
9,2,83,4.2529,4.0
9,2,56,3.4029,5.0
9,2,56,3.4752,5.0
9,2,29,3.6173,3.0
9,2,29,3.3816,3.0
9,2,112,4.3148,4.5
9,2,112,4.3078,4.5
9,2,85,4.5209,4.75
9,2,85,4.5175,4.75
9,2,31,3.4787,2.75
9,2,31,3.2711,2.75
9,2,87,4.7049,3.25
9,2,87,4.5160,3.25
9,2,89,4.5487,2.75
9,2,89,4.4705,2.75
9,2,62,4.1508,4.0
9,2,62,4.3501,4.0
9,2,3,3.7485,4.5
9,2,3,3.6712,4.5
9,2,91,3.6512,4.25
9,2,91,4.0455,4.25
9,2,32,3.7844,2.25
9,2,32,3.4696,2.25
9,2,5,3.3982,5.5
9,2,5,3.4946,5.5
9,2,93,4.1150,4.5
9,2,93,4.1527,4.5
9,2,34,4.1433,2.5
9,2,34,4.0611,2.5
9,2,7,3.8861,5.25
9,2,7,3.5646,5.25
9,2,95,4.7877,5.0
9,2,95,4.5846,5.0
9,2,36,3.1599,4.75
9,2,36,3.0859,4.75
9,2,9,3.6467,5.75
9,2,9,3.9841,5.75
9,2,65,3.8286,4.75
9,2,65,4.1055,4.75
9,2,38,3.2592,2.0
9,2,38,3.4727,2.0
9,2,11,3.7332,4.5
9,2,11,3.5756,4.5
9,2,67,4.6434,4.25
9,2,67,4.5192,4.25
9,2,40,3.6445,3.25
9,2,40,3.3682,3.25
9,2,13,3.3432,3.75
9,2,13,3.5638,3.75
9,2,96,4.0316,3.0
9,2,96,4.3424,3.0
9,2,69,4.4758,3.25
9,2,69,4.5734,3.25
9,2,42,3.1090,3.25
9,2,42,3.5248,3.25
10,1,63,4.1345,4.25
10,1,63,3.7066,4.25
10,1,24,4.1702,4.75
10,1,24,3.7726,4.75
10,1,80,3.9543,5.0
10,1,80,3.9844,5.0
10,1,61,4.1620,4.0
10,1,61,4.0533,4.0
10,1,6,3.9567,5.0
10,1,6,3.9525,5.0
10,1,94,4.1507,5.0
10,1,94,4.1194,5.0
10,1,4,3.9967,5.5
10,1,4,4.0987,5.5
10,1,92,3.8773,5.0
10,1,92,3.6793,5.0
10,1,57,3.9026,1.5
10,1,57,4.1245,1.5
10,1,90,4.0722,3.75
10,1,90,3.9699,3.75
10,1,39,4.0148,4.0
10,1,39,4.0872,4.0
10,1,88,4.1666,5.5
10,1,88,3.6891,5.5
10,1,37,4.1908,6.0
10,1,37,4.0725,6.0
10,1,14,4.1710,3.75
10,1,14,4.1177,3.75
10,1,35,4.1994,2.0
10,1,35,3.9592,2.0
10,1,12,4.0848,4.5
10,1,12,4.1336,4.5
10,1,68,3.9598,3.75
10,1,68,3.7888,3.75
10,1,33,3.8086,4.5
10,1,33,3.9913,4.5
10,1,10,4.0343,5.0
10,1,10,4.1647,5.0
10,1,66,4.0332,6.0
10,1,66,3.9943,6.0
10,1,47,4.0524,5.25
10,1,47,4.0842,5.25
10,1,8,4.0465,6.25
10,1,8,4.1842,6.25
10,1,103,3.9817,3.75
10,1,103,4.2312,3.75
10,1,64,4.0039,5.0
10,1,64,3.8262,5.0
10,1,45,4.2065,2.875
10,1,45,4.0259,2.875
10,1,101,3.9511,5.5
10,1,101,3.7806,5.5
10,1,78,4.0562,5.5
10,1,78,3.8475,5.5
10,1,43,4.0650,4.5
10,1,43,4.1079,4.5
10,1,99,4.0069,5.25
10,1,99,4.0749,5.25
10,1,76,3.9882,4.75
10,1,76,4.0830,4.75
10,1,41,4.1823,3.25
10,1,41,3.9883,3.25
10,1,97,3.9881,3.75
10,1,97,4.1570,3.75
10,1,74,3.8631,4.75
10,1,74,4.1203,4.75
10,1,72,3.9461,3.0
10,1,72,4.3119,3.0
10,1,21,4.1588,5.25
10,1,21,3.9940,5.25
10,1,54,3.8827,3.5
10,1,54,4.0296,3.5
10,1,107,4.1536,5.0
10,1,107,3.9517,5.0
10,1,52,4.0951,5.0
10,1,52,4.2279,5.0
10,1,105,4.0173,4.0
10,1,105,4.0658,4.0
10,1,50,4.0496,5.25
10,1,50,3.7377,5.25
10,1,31,3.9071,4.75
10,1,31,4.1623,4.75
10,1,87,3.9601,4.75
10,1,87,3.7355,4.75
10,1,48,4.0192,5.0
10,1,48,3.9094,5.0
10,1,29,4.0880,4.5
10,1,29,4.1935,4.5
10,1,85,4.0673,4.75
10,1,85,4.1890,4.75
10,1,62,4.2612,3.75
10,1,62,4.0798,3.75
10,1,27,4.3649,4.25
10,1,27,3.9624,4.25
10,1,83,4.0335,3.0
10,1,83,4.1382,3.0
10,1,25,4.0741,4.5
10,1,25,4.0166,4.5
10,1,81,4.0660,4.25
10,1,81,3.9109,4.25
10,1,7,3.9913,5.5
10,1,7,4.0674,5.5
10,1,95,3.9532,4.75
10,1,95,4.2317,4.75
10,1,56,4.0225,4.5
10,1,56,4.2322,4.5
10,1,5,3.9623,5.0
10,1,5,3.9814,5.0
10,1,93,4.0955,4.0
10,1,93,4.0554,4.0
10,1,38,4.0222,3.75
10,1,38,3.9457,3.75
10,1,91,4.0347,4.5
10,1,91,3.8063,4.5
10,1,36,4.1836,4.75
10,1,36,4.0691,4.75
10,1,89,3.9624,5.25
10,1,89,4.0949,5.25
10,1,34,4.1279,4.0
10,1,34,3.9621,4.0
10,1,32,4.3411,3.75
10,1,32,4.0256,3.75
10,1,13,4.1473,4.25
10,1,13,4.1205,4.25
10,1,69,4.1297,4.5
10,1,69,4.2147,4.5
10,1,46,3.9478,5.0
10,1,46,3.8175,5.0
10,1,11,4.3260,4.0
10,1,11,3.9927,4.0
10,1,102,4.0774,5.0
10,1,102,4.1504,5.0
10,1,67,4.0451,5.25
10,1,67,4.1523,5.25
10,1,44,4.1585,4.5
10,1,44,4.0322,4.5
10,1,9,3.6588,5.5
10,1,9,3.8016,5.5
10,1,100,4.0703,4.0
10,1,100,3.9329,4.0
10,1,65,4.1054,5.75
10,1,65,3.6191,5.75
10,1,42,4.0713,5.25
10,1,42,3.9035,5.25
10,1,98,3.9993,4.5
10,1,98,3.9527,4.5
10,1,79,4.0652,4.5
10,1,79,4.1974,4.5
10,1,40,3.8418,4.5
10,1,40,4.2173,4.5
10,1,96,4.0786,4.5
10,1,96,4.0637,4.5
10,1,77,4.1406,4.5
10,1,77,4.0793,4.5
10,1,22,4.2294,4.5
10,1,22,4.0837,4.5
10,1,75,3.9736,4.5
10,1,75,3.7675,4.5
10,1,20,4.1818,5.0
10,1,20,4.0077,5.0
10,1,108,4.0211,5.0
10,1,108,4.1635,5.0
10,1,73,3.7447,4.25
10,1,73,4.2427,4.25
10,1,106,4.0512,2.0
10,1,106,4.1859,2.0
10,1,55,4.0338,5.25
10,1,55,4.1193,5.25
10,1,104,4.0147,4.5
10,1,104,4.2573,4.5
10,1,53,3.9128,5.25
10,1,53,3.7661,5.25
10,1,30,4.1546,5.5
10,1,30,4.0684,5.5
10,1,86,4.1816,4.0
10,1,86,4.0802,4.0
10,1,51,4.1715,5.5
10,1,51,4.2062,5.5
10,1,28,4.2093,4.75
10,1,28,3.7313,4.75
10,1,84,3.7882,2.75
10,1,84,4.0217,2.75
10,1,49,4.0356,4.0
10,1,49,4.1125,4.0
10,1,26,3.8503,2.375
10,1,26,4.0673,2.375
10,1,82,4.0137,4.5
10,1,82,4.0421,4.5
10,2,65,3.6483,5.0
10,2,65,4.0414,5.0
10,2,26,3.9051,3.5
10,2,26,3.8478,3.5
10,2,83,3.9474,4.25
10,2,83,4.1469,4.25
10,2,15,4.2119,5.75
10,2,15,3.8947,5.75
10,2,25,3.7728,4.25
10,2,25,3.5451,4.25
10,2,82,4.0540,5.25
10,2,82,4.2070,5.25
10,2,14,3.9250,5.25
10,2,14,3.8960,5.25
10,2,71,3.9370,4.0
10,2,71,3.8228,4.0
10,2,24,3.8954,3.5
10,2,24,3.8996,3.5
10,2,81,4.0206,5.25
10,2,81,3.8812,5.25
10,2,35,3.8295,2.75
10,2,35,3.7430,2.75
10,2,13,4.0831,5.25
10,2,13,4.0194,5.25
10,2,70,4.0440,4.66667
10,2,70,4.0831,4.66667
10,2,31,4.1226,3.25
10,2,31,3.7448,3.25
10,2,80,3.9655,4.5
10,2,80,3.9137,4.5
10,2,34,3.9871,5.0
10,2,34,3.8938,5.0
10,2,12,4.2226,4.25
10,2,12,3.8126,4.25
10,2,69,4.1183,5.25
10,2,69,4.2129,5.25
10,2,30,3.8833,5.75
10,2,30,3.9841,5.75
10,2,87,4.0308,5.5
10,2,87,3.9702,5.5
10,2,33,3.8807,4.75
10,2,33,4.0373,4.75
10,2,51,4.1978,5.5
10,2,51,4.0728,5.5
10,2,68,4.1611,4.75
10,2,68,4.0534,4.75
10,2,29,3.6896,5.0
10,2,29,3.7291,5.0
10,2,86,3.8784,4.5
10,2,86,3.8358,4.5
10,2,32,3.7575,1.75
10,2,32,4.0593,1.75
10,2,50,2.0033,4.0
10,2,50,2.4449,4.0
10,2,75,4.1418,4.5
10,2,75,3.9312,4.5
10,2,28,3.8688,4.5
10,2,28,3.7774,4.5
10,2,85,3.6535,5.25
10,2,85,3.8464,5.25
10,2,39,3.8836,5.25
10,2,39,3.8892,5.25
10,2,74,4.0083,4.75
10,2,74,4.0582,4.75
10,2,3,4.1876,3.75
10,2,3,4.1694,3.75
10,2,84,4.1036,4.0
10,2,84,4.1009,4.0
10,2,38,4.1823,4.75
10,2,38,4.2615,4.75
10,2,73,3.9770,5.5
10,2,73,4.0398,5.5
10,2,91,4.0101,4.25
10,2,91,4.0820,4.25
10,2,37,3.7883,5.0
10,2,37,3.7321,5.0
10,2,55,3.9776,3.75
10,2,55,4.1834,3.75
10,2,72,4.1112,6.25
10,2,72,4.0217,6.25
10,2,90,4.1391,4.25
10,2,90,3.8961,4.25
10,2,19,3.9088,4.5
10,2,19,3.8980,4.5
10,2,36,3.9824,3.75
10,2,36,3.9471,3.75
10,2,54,3.8488,5.5
10,2,54,4.0223,5.5
10,2,79,3.6340,5.5
10,2,79,4.1553,5.5
10,2,89,4.0540,4.0
10,2,89,4.2466,4.0
10,2,43,3.5631,5.75
10,2,43,3.9820,5.75
10,2,53,3.9613,6.75
10,2,53,4.0639,6.75
10,2,78,4.2113,5.25
10,2,78,4.2366,5.25
10,2,7,3.5978,5.25
10,2,7,3.8206,5.25
10,2,88,4.3864,5.5
10,2,88,4.2781,5.5
10,2,42,4.1316,5.5
10,2,42,4.1788,5.5
10,2,52,3.6367,5.5
10,2,52,3.8418,5.5
10,2,77,3.6931,3.5
10,2,77,3.8818,3.5
10,2,6,4.0695,5.25
10,2,6,4.0978,5.25
10,2,95,3.9673,2.0
10,2,95,4.0362,2.0
10,2,41,2.5243,5.25
10,2,41,3.9474,5.25
10,2,76,4.1684,4.5
10,2,76,4.0323,4.5
10,2,5,3.9084,5.5
10,2,5,3.8063,5.5
10,2,94,3.8221,3.25
10,2,94,3.9446,3.25
10,2,23,3.6396,5.0
10,2,23,3.8236,5.0
10,2,40,3.6200,4.5
10,2,40,3.5612,4.5
10,2,97,2.7900,5.75
10,2,97,2.4574,5.75
10,2,58,3.6210,5.5
10,2,58,3.7243,5.5
10,2,4,4.1168,6.25
10,2,4,3.8570,6.25
10,2,93,4.0600,3.25
10,2,93,3.8498,3.25
10,2,22,4.0851,5.5
10,2,22,4.0962,5.5
10,2,47,2.5126,5.25
10,2,47,2.3486,5.25
10,2,96,3.8189,4.75
10,2,96,4.0176,4.75
10,2,11,4.2549,4.5
10,2,11,3.9448,4.5
10,2,92,3.7481,4.75
10,2,92,4.0544,4.75
10,2,21,3.6091,5.5
10,2,21,3.9744,5.5
10,2,46,4.0549,4.25
10,2,46,3.9381,4.25
10,2,56,4.1230,5.25
10,2,56,3.8062,5.25
10,2,10,3.9147,5.25
10,2,10,3.9557,5.25
10,2,67,4.2781,4.33333
10,2,67,4.3855,4.33333
10,2,20,3.8891,2.75
10,2,20,3.8843,2.75
10,2,45,3.5793,3.5
10,2,45,3.7709,3.5
10,2,9,3.8270,3.25
10,2,9,3.9119,3.25
10,2,66,3.8216,3.0
10,2,66,3.8870,3.0
10,2,27,3.9516,5.0
10,2,27,3.7812,5.0
10,2,44,3.7880,5.0
10,2,44,3.9927,5.0
10,2,8,3.8970,5.75
10,2,8,3.7901,5.75
11,1,5,4.0370,4.5
11,1,5,3.8127,4.5
11,1,94,3.4249,5.75
11,1,94,3.9940,5.75
11,1,23,3.3787,5.75
11,1,23,3.8757,5.75
11,1,32,3.0534,4.25
11,1,32,3.6408,4.25
11,1,50,3.1102,3.0
11,1,50,3.8798,3.0
11,1,75,3.5897,3.5
11,1,75,4.0838,3.5
11,1,4,3.3945,5.75
11,1,4,3.4718,5.75
11,1,93,3.5493,4.25
11,1,93,3.8517,4.25
11,1,22,3.9792,6.25
11,1,22,4.4550,6.25
11,1,47,3.6047,4.0
11,1,47,3.8097,4.0
11,1,49,3.6334,4.5
11,1,49,3.5694,4.5
11,1,74,3.3260,5.0
11,1,74,3.7425,5.0
11,1,92,3.3668,4.25
11,1,92,3.9809,4.25
11,1,21,3.2515,4.25
11,1,21,3.4784,4.25
11,1,46,3.8760,1.75
11,1,46,3.7069,1.75
11,1,48,3.7438,2.25
11,1,48,3.4986,2.25
11,1,73,3.8533,5.25
11,1,73,4.5662,5.25
11,1,91,3.5055,5.5
11,1,91,3.4465,5.5
11,1,20,4.0194,5.5
11,1,20,4.5241,5.5
11,1,63,4.0542,6.25
11,1,63,4.1304,6.25
11,1,72,3.3109,4.75
11,1,72,2.9256,4.75
11,1,90,3.3697,4.25
11,1,90,3.6031,4.25
11,1,19,3.4526,6.25
11,1,19,3.5665,6.25
11,1,62,3.3320,5.0
11,1,62,3.9711,5.0
11,1,89,3.5520,5.0
11,1,89,3.4990,5.0
11,1,15,3.2956,3.5
11,1,15,4.1118,3.5
11,1,88,3.5028,3.75
11,1,88,3.5914,3.75
11,1,99,3.4222,6.25
11,1,99,3.8534,6.25
11,1,14,3.2149,4.25
11,1,14,3.7092,4.25
11,1,71,3.8595,4.75
11,1,71,3.8401,4.75
11,1,98,3.0837,4.5
11,1,98,3.7013,4.5
11,1,13,3.4990,5.25
11,1,13,3.6505,5.25
11,1,70,4.1845,5.0
11,1,70,3.9152,5.0
11,1,31,3.7622,5.5
11,1,31,4.1605,5.5
11,1,97,3.6281,3.75
11,1,97,3.8375,3.75
11,1,12,3.5879,5.5
11,1,12,4.1048,5.5
11,1,69,3.2906,4.0
11,1,69,3.3937,4.0
11,1,30,4.0062,4.25
11,1,30,4.2122,4.25
11,1,87,3.3107,2.75
11,1,87,4.0162,2.75
11,1,96,3.6268,4.75
11,1,96,4.3019,4.75
11,1,57,2.7656,2.5
11,1,57,3.1842,2.5
11,1,11,3.4957,4.5
11,1,11,3.8576,4.5
11,1,68,3.5841,4.25
11,1,68,3.5688,4.25
11,1,29,3.7467,5.5
11,1,29,4.0747,5.5
11,1,56,3.4060,2.25
11,1,56,3.2579,2.25
11,1,10,3.5824,4.66667
11,1,10,3.9636,4.66667
11,1,67,3.5967,6.25
11,1,67,4.2079,6.25
11,1,28,3.6616,4.5
11,1,28,3.9337,4.5
11,1,39,2.2941,5.0
11,1,39,2.6113,5.0
11,1,9,3.8104,4.0
11,1,9,4.1916,4.0
11,1,66,3.4243,3.25
11,1,66,4.1545,3.25
11,1,27,3.4868,4.5
11,1,27,4.0591,4.5
11,1,84,3.5960,3.5
11,1,84,3.9512,3.5
11,1,38,3.5582,4.5
11,1,38,3.8398,4.5
11,1,8,3.5745,4.25
11,1,8,3.7746,4.25
11,1,65,2.8509,4.25
11,1,65,3.5504,4.25
11,1,26,3.4757,4.0
11,1,26,4.2309,4.0
11,1,83,3.8626,3.5
11,1,83,4.3226,3.5
11,1,37,3.6772,3.75
11,1,37,3.8151,3.75
11,1,55,3.0249,4.0
11,1,55,3.7033,4.0
11,1,64,3.6183,5.0
11,1,64,4.1818,5.0
11,1,25,3.7160,5.0
11,1,25,3.6272,5.0
11,1,82,3.4275,4.5
11,1,82,3.7211,4.5
11,1,36,3.2124,5.0
11,1,36,3.3342,5.0
11,1,54,3.9408,2.5
11,1,54,3.7662,2.5
11,1,79,3.6328,4.5
11,1,79,3.9225,4.5
11,1,24,3.2494,3.25
11,1,24,3.5933,3.25
11,1,81,3.4712,4.5
11,1,81,3.7892,4.5
11,1,35,3.8207,4.5
11,1,35,4.0253,4.5
11,1,53,3.7126,5.25
11,1,53,3.8465,5.25
11,1,78,3.5045,5.0
11,1,78,4.1183,5.0
11,1,7,4.5339,4.25
11,1,7,4.1186,4.25
11,1,80,3.5730,6.0
11,1,80,3.8947,6.0
11,1,34,3.5394,4.5
11,1,34,4.6508,4.5
11,1,52,3.4941,4.25
11,1,52,4.4554,4.25
11,1,77,3.8399,6.0
11,1,77,3.4803,6.0
11,1,6,3.2770,5.0
11,1,6,3.8127,5.0
11,1,95,3.6055,4.25
11,1,95,3.9716,4.25
11,1,33,3.4267,5.0
11,1,33,4.0524,5.0
11,1,51,3.3487,4.75
11,1,51,4.2190,4.75
11,1,76,3.8044,4.0
11,1,76,3.5744,4.0
11,2,84,3.0427,4.75
11,2,84,3.0736,4.75
11,2,28,3.7994,4.5
11,2,28,3.6130,4.5
11,2,74,2.6749,4.25
11,2,74,2.9283,4.25
11,2,18,3.7824,4.0
11,2,18,3.6912,4.0
11,2,72,3.0284,4.25
11,2,72,3.0148,4.25
11,2,63,2.8282,2.75
11,2,63,2.6192,2.75
11,2,78,3.4106,5.5
11,2,78,3.3123,5.5
11,2,61,3.2966,3.25
11,2,61,3.4618,3.25
11,2,22,3.1893,3.75
11,2,22,3.1545,3.75
11,2,76,3.0767,5.5
11,2,76,2.7365,5.5
11,2,51,3.2025,4.5
11,2,51,3.4457,4.5
11,2,20,3.6956,4.75
11,2,20,3.1489,4.75
11,2,105,3.1081,4.5
11,2,105,2.8905,4.5
11,2,66,3.9032,1.75
11,2,66,3.1740,1.75
11,2,49,4.3954,2.75
11,2,49,4.4318,2.75
11,2,10,2.9640,4.75
11,2,10,3.4227,4.75
11,2,111,3.2011,4.5
11,2,111,3.3650,4.5
11,2,64,3.1854,4.25
11,2,64,3.0648,4.25
11,2,55,3.5784,4.5
11,2,55,3.5827,4.5
11,2,8,2.9336,5.0
11,2,8,3.0938,5.0
11,2,109,3.5711,4.75
11,2,109,3.5136,4.75
11,2,53,3.0503,4.5
11,2,53,3.1161,4.5
11,2,99,2.6677,5.5
11,2,99,2.8678,5.5
11,2,68,4.1236,4.0
11,2,68,4.1330,4.0
11,2,43,3.3570,5.25
11,2,43,3.3048,5.25
11,2,12,2.8313,2.25
11,2,12,3.1149,2.25
11,2,97,3.0931,3.75
11,2,97,3.0929,3.75
11,2,41,2.8213,4.75
11,2,41,2.5582,4.75
11,2,103,3.1955,5.25
11,2,103,3.3086,5.25
11,2,47,3.7978,4.0
11,2,47,3.3389,4.0
11,2,101,3.5046,4.75
11,2,101,3.7670,4.75
11,2,45,3.3597,4.25
11,2,45,3.4958,4.25
11,2,6,2.9773,5.5
11,2,6,3.3905,5.5
11,2,91,2.5998,4.5
11,2,91,3.1831,4.5
11,2,35,3.5116,3.75
11,2,35,3.4798,3.75
11,2,4,3.0028,4.0
11,2,4,3.1087,4.0
11,2,89,2.9209,4.75
11,2,89,3.0606,4.75
11,2,33,3.0386,4.25
11,2,33,2.9714,4.25
11,2,95,2.7728,4.0
11,2,95,2.9848,4.0
11,2,39,3.7374,4.5
11,2,39,3.4146,4.5
11,2,93,2.6581,5.0
11,2,93,3.1744,5.0
11,2,37,2.9475,5.0
11,2,37,3.0690,5.0
11,2,83,3.5279,4.0
11,2,83,3.6885,4.0
11,2,27,2.3157,5.5
11,2,27,3.2035,5.5
11,2,81,2.9443,3.0
11,2,81,3.1473,3.0
11,2,25,2.8238,5.0
11,2,25,3.2740,5.0
11,2,87,2.5738,4.25
11,2,87,3.3321,4.25
11,2,31,3.6983,5.0
11,2,31,3.4443,5.0
11,2,85,3.6571,5.0
11,2,85,3.2479,5.0
11,2,56,3.7129,4.75
11,2,56,3.0056,4.75
11,2,29,3.3792,4.75
11,2,29,3.4594,4.75
11,2,75,2.9616,2.5
11,2,75,2.7580,2.5
11,2,62,2.7433,1.75
11,2,62,2.8107,1.75
11,2,19,3.1662,5.25
11,2,19,3.5626,5.25
11,2,73,3.0453,4.25
11,2,73,3.3714,4.25
11,2,60,2.7383,2.5
11,2,60,3.2955,2.5
11,2,17,3.5315,3.75
11,2,17,3.2508,3.75
11,2,106,3.1626,3.0
11,2,106,3.4915,3.0
11,2,79,2.9533,4.25
11,2,79,2.7417,4.25
11,2,50,3.0641,4.25
11,2,50,2.9922,4.25
11,2,23,3.0207,5.75
11,2,23,2.9017,5.75
11,2,104,3.3872,6.0
11,2,104,2.9861,6.0
11,2,77,3.6159,4.5
11,2,77,3.3443,4.5
11,2,48,3.1275,6.5
11,2,48,3.5155,6.5
11,2,21,3.8858,6.25
11,2,21,3.5085,6.25
11,2,110,3.5415,4.75
11,2,110,3.4720,4.75
11,2,67,3.5498,4.75
11,2,67,3.7404,4.75
11,2,54,2.6884,3.75
11,2,54,3.0775,3.75
11,2,11,2.6633,2.5
11,2,11,3.3021,2.5
11,2,65,3.4211,2.5
11,2,65,2.8731,2.5
11,2,52,3.7549,5.0
11,2,52,3.4096,5.0
11,2,9,3.8397,3.5
11,2,9,3.8246,3.5
11,2,98,3.2854,5.0
11,2,98,3.0833,5.0
11,2,42,3.3680,4.75
11,2,42,3.2634,4.75
11,2,96,3.5191,5.0
11,2,96,3.5206,5.0
11,2,69,3.4359,3.25
11,2,69,3.4181,3.25
11,2,40,3.4315,4.25
11,2,40,3.4640,4.25
11,2,102,2.7758,3.75
11,2,102,2.7478,3.75
11,2,46,3.7945,4.25
11,2,46,3.6710,4.25
11,2,3,2.6172,5.0
11,2,3,3.2384,5.0
11,2,100,3.8263,4.5
11,2,100,3.0162,4.5
11,2,44,3.0268,5.5
11,2,44,2.9293,5.5
11,2,90,3.1401,3.25
11,2,90,3.2896,3.25
11,2,34,3.6432,6.5
11,2,34,3.6605,6.5
11,2,7,2.9150,0.75
11,2,7,