3,1,1,2.8699,3.875
3,1,1,3.3249,3.875
3,1,2,2.7667,4.5
3,1,2,3.3874,4.5
3,1,3,2.8461,3.0
3,1,3,3.2582,3.0
3,1,4,2.7114,3.25
3,1,4,3.2419,3.25
3,1,5,2.6993,6.0
3,1,5,3.2831,6.0
3,1,6,2.6437,4.5
3,1,6,3.1641,4.5
3,1,7,2.6979,4.75
3,1,7,3.1511,4.75
3,1,8,2.7462,3.5
3,1,8,2.9892,3.5
3,1,10,2.6005,2.875
3,1,10,3.1813,2.875
3,1,14,2.6623,3.75
3,1,14,3.0933,3.75
3,1,15,2.7469,5.0
3,1,15,3.2697,5.0
3,1,16,2.6504,4.75
3,1,16,3.2248,4.75
3,1,17,2.6229,5.0
3,1,17,3.1439,5.0
3,1,18,2.6212,3.75
3,1,18,3.3019,3.75
3,1,20,2.6583,2.5
3,1,20,3.1457,2.5
3,1,21,2.6712,4.5
3,1,21,3.2488,4.5
3,1,22,2.6689,4.83333
3,1,22,3.2296,4.83333
3,1,24,2.7035,4.5
3,1,24,3.2791,4.5
3,1,25,2.7309,5.5
3,1,25,3.0101,5.5
3,1,26,2.6584,4.0
3,1,26,3.1174,4.0
3,1,27,2.7073,5.25
3,1,27,3.2347,5.25
3,1,28,2.5964,4.75
3,1,28,3.2594,4.75
3,1,29,2.5843,1.25
3,1,29,3.3719,1.25
3,1,30,2.6210,4.5
3,1,30,3.4341,4.5
3,1,33,2.5948,3.0
3,1,33,3.2558,3.0
3,1,34,2.5893,4.125
3,1,34,3.3210,4.125
3,1,35,2.6028,4.375
3,1,35,3.2147,4.375
3,1,40,2.7145,5.0
3,1,40,3.3597,5.0
3,1,43,2.5440,4.0
3,1,43,3.4200,4.0
3,1,44,2.5856,3.0
3,1,44,3.4841,3.0
3,1,45,2.6688,4.25
3,1,45,3.4873,4.25
3,1,46,2.5500,5.0
3,1,46,3.4416,5.0
3,1,47,2.5632,4.25
3,1,47,3.5046,4.25
3,1,48,2.6094,2.5
3,1,48,3.3879,2.5
3,1,49,2.5873,5.0
3,1,49,3.4715,5.0
3,1,50,2.6336,4.66667
3,1,50,3.5447,4.66667
3,1,51,2.6131,4.5
3,1,51,3.3878,4.5
3,1,52,2.6284,3.5
3,1,52,3.6099,3.5
3,1,55,2.9060,3.25
3,1,55,3.3256,3.25
3,1,56,2.7878,4.0
3,1,56,3.3888,4.0
3,1,57,2.7820,4.875
3,1,57,3.3891,4.875
3,1,58,2.6992,4.5
3,1,58,3.4583,4.5
3,1,59,2.7811,5.5
3,1,59,3.2618,5.5
3,1,60,2.8907,5.5
3,1,60,3.4163,5.5
3,1,61,2.7007,5.5
3,1,61,3.3447,5.5
3,1,62,2.6574,4.375
3,1,62,3.3016,4.375
3,1,63,2.7484,4.75
3,1,63,3.0279,4.75
3,1,64,2.5991,5.75
3,1,64,3.1226,5.75
3,1,65,2.7341,6.25
3,1,65,3.2958,6.25
3,1,66,2.7801,3.0
3,1,66,3.3853,3.0
3,1,70,2.6363,2.75
3,1,70,3.3547,2.75
3,1,71,2.5977,2.0
3,1,71,3.3148,2.0
3,1,73,2.6235,3.0
3,1,73,3.2970,3.0
3,1,74,2.7580,4.0
3,1,74,3.1992,4.0
3,1,75,2.7167,4.0
3,1,75,3.1368,4.0
3,1,78,2.6655,5.25
3,1,78,3.2216,5.25
3,1,79,2.7030,5.25
3,1,79,3.4890,5.25
3,1,80,2.7285,2.75
3,1,80,3.5285,2.75
3,1,81,2.5757,2.75
3,1,81,3.2114,2.75
3,1,82,2.6743,3.0
3,1,82,3.5845,3.0
3,1,83,2.5852,4.5
3,1,83,3.5119,4.5
3,1,84,2.5205,3.75
3,1,84,3.4440,3.75
3,1,85,2.5343,2.0
3,1,85,3.4980,2.0
3,1,86,2.5901,4.25
3,1,86,3.3500,4.25
3,1,87,2.6264,4.25
3,1,87,3.2669,4.25
3,1,88,2.7540,4.0
3,1,88,3.4041,4.0
3,1,89,2.7055,4.25
3,1,89,3.3749,4.25
3,1,90,2.7063,3.75
3,1,90,3.3830,3.75
3,1,91,2.6407,4.0
3,1,91,3.4538,4.0
3,1,92,2.5590,3.5
3,1,92,3.1803,3.5
3,1,93,2.6111,3.25
3,1,93,3.3285,3.25
3,1,94,2.6324,3.25
3,1,94,3.4660,3.25
3,1,95,2.6361,3.75
3,1,95,3.4090,3.75
3,1,96,2.6994,3.875
3,1,96,3.3854,3.875
3,1,97,2.6146,1.25
3,1,97,2.9689,1.25
3,1,98,2.6129,1.75
3,1,98,3.1608,1.75
3,1,99,2.7016,1.5
3,1,99,3.4036,1.5
3,1,100,2.7361,2.375
3,1,100,3.3786,2.375
3,1,101,2.7547,4.375
3,1,101,3.3105,4.375
3,1,102,2.7789,5.25
3,1,102,3.1950,5.25
3,1,103,2.8180,1.5
3,1,103,3.4203,1.5
3,1,104,2.7276,3.5
3,1,104,3.2848,3.5
3,1,105,2.6347,1.25
3,1,105,3.2826,1.25
3,1,106,2.6844,2.75
3,1,106,2.9179,1.875
3,2,2,3.0812,1.875
3,2,2,3.6093,3.25
3,2,5,3.0906,3.25
3,2,5,3.5740,5.25
3,2,6,2.9938,5.25
3,2,6,3.5069,6.0
3,2,7,3.0649,6.0
3,2,7,3.5465,6.0
3,2,8,3.0520,6.0
3,2,8,3.5535,4.5
3,2,9,2.9737,4.5
3,2,9,3.4408,4.0
3,2,10,2.9805,4.0
3,2,10,3.5349,4.125
3,2,11,3.0453,4.125
3,2,11,3.5442,5.25
3,2,12,2.9187,5.25
3,2,12,3.5192,5.0
3,2,13,2.9408,5.0
3,2,13,3.4360,3.75
3,2,14,2.9664,3.75
3,2,14,3.4553,2.5
3,2,26,2.8624,2.5
3,2,26,3.4630,4.0
3,2,27,2.9485,4.0
3,2,27,3.5019,4.0
3,2,28,2.8715,4.0
3,2,28,3.5377,4.0
3,2,29,2.8187,4.0
3,2,29,3.5348,3.625
3,2,30,3.0061,3.625
3,2,30,3.3797,3.25
3,2,31,2.9094,3.25
3,2,31,3.3651,3.25
3,2,32,2.8336,3.25
3,2,32,3.4419,3.5
3,2,34,2.9432,3.5
3,2,34,3.4146,3.875
3,2,35,2.9340,3.875
3,2,35,3.2047,2.75
3,2,36,2.8631,2.75
3,2,36,3.3989,2.25
3,2,37,2.9093,2.25
3,2,37,3.4517,3.25
3,2,38,2.8687,3.25
3,2,38,3.4242,4.25
3,2,39,2.8495,4.25
3,2,39,3.4027,2.75
3,2,40,2.9003,2.75
3,2,40,3.4088,3.5
3,2,41,2.9755,3.5
3,2,41,3.4450,2.5
3,2,42,3.0695,2.5
3,2,42,3.3760,4.0
3,2,43,2.8914,4.0
3,2,43,3.4215,5.0
3,2,44,2.8205,5.0
3,2,44,3.4266,3.25
3,2,45,2.9135,3.25
3,2,45,3.2990,4.5
3,2,46,2.9525,4.5
3,2,46,3.3101,3.875
3,2,47,3.0138,3.875
3,2,47,3.3814,4.25
3,2,48,2.9394,4.25
3,2,48,3.2789,3.75
3,2,50,2.9535,3.75
3,2,50,3.4911,4.0
3,2,51,2.9126,4.0
3,2,51,3.4833,1.5
3,2,52,2.8588,1.5
3,2,52,3.4865,4.5
3,2,53,2.8710,4.5
3,2,53,3.3386,3.33333
3,2,55,2.9516,3.33333
3,2,55,3.2744,4.25
3,2,56,2.8046,4.25
3,2,56,3.1233,2.25
3,2,59,2.9806,2.25
3,2,59,3.0166,3.75
3,2,60,3.0260,3.75
3,2,60,3.2236,4.375
3,2,61,2.9719,4.375
3,2,61,3.3038,5.25
3,2,62,3.0166,5.25
3,2,62,2.9875,1.25
3,2,63,3.0244,1.25
3,2,63,2.9792,2.375
3,2,64,2.9866,2.375
3,2,64,3.4734,3.75
3,2,66,2.9947,3.75
3,2,66,3.2734,5.25
3,2,67,2.9594,5.25
3,2,67,3.1707,5.5
3,2,68,3.0195,5.5
3,2,68,2.8547,1.25
3,2,69,2.9803,1.25
3,2,69,2.8931,3.66667
3,2,70,2.9265,3.66667
3,2,70,3.1749,2.375
3,2,71,2.9327,2.375
3,2,71,3.4475,3.75
3,2,73,2.8748,3.75
3,2,73,3.4854,2.75
3,2,78,2.7395,2.75
3,2,78,3.4920,3.75
3,2,79,2.9406,3.75
3,2,79,3.4112,4.75
3,2,80,2.8837,4.75
3,2,80,3.5962,4.375
3,2,81,2.9709,4.375
3,2,81,3.5249,3.25
3,2,82,2.8994,3.25
3,2,82,3.5038,4.25
3,2,83,2.8266,4.25
3,2,83,3.4676,4.0
3,2,84,2.8328,4.0
3,2,84,3.4025,3.25
3,2,85,2.9051,3.25
3,2,85,3.5213,2.75
3,2,86,2.9635,2.75
3,2,86,3.6043,3.75
3,2,87,3.0388,3.75
3,2,87,3.4270,4.0
3,2,88,2.8657,4.0
3,2,88,3.4652,4.25
3,2,90,2.9754,4.25
3,2,90,3.3392,4.5
3,2,91,2.9378,4.5
3,2,91,3.4436,3.75
3,2,94,2.9502,3.75
3,2,94,3.4996,1.5
3,2,95,2.9606,1.5
3,2,95,3.3441,3.125
3,2,96,2.8892,3.125
3,2,96,3.4782,5.0
3,2,97,2.8676,5.0
3,2,97,3.5243,4.5
3,2,98,2.7951,4.5
3,2,98,3.3854,2.625
3,2,99,2.8339,2.625
3,2,99,3.5188,1.25
3,2,100,2.8524,1.25
3,2,100,3.4284,3.125
3,2,101,3.0597,3.125
3,2,101,3.4952,2.0
3,2,102,2.9295,2.0
3,2,102,3.5137,4.0
3,2,103,3.0160,4.0
3,2,103,3.4186,3.5
3,2,104,2.8759,3.5
3,2,104,3.3942,3.5
3,2,105,2.8399,3.5
3,2,105,3.3736,3.875
3,2,106,2.8670,3.875
3,2,106,3.5161,4.625
3,2,107,2.8274,4.625
3,2,107,3.5609,4.0
3,2,108,2.8021,4.0
3,2,108,3.4604,4.25
3,2,110,2.9461,4.25
3,2,110,3.2763,3.5
3,2,111,2.9642,3.5
3,2,111,3.4551,3.0
4,1,23,3.2162,1.0
4,1,23,4.2777,1.0
4,1,30,3.2159,1.125
4,1,30,3.6242,1.125
4,1,31,3.0091,2.25
4,1,31,3.7365,2.25
4,1,32,3.0465,1.5
4,1,32,3.5928,1.5
4,1,33,2.8857,1.5
4,1,33,3.5515,1.5
4,1,34,3.0138,1.5
4,1,34,3.4574,1.5
4,1,35,3.0738,1.75
4,1,35,3.6124,1.75
4,1,36,3.0183,0.875
4,1,36,3.4879,0.875
4,1,37,2.9496,2.25
4,1,37,3.4637,2.25
4,1,38,3.1047,2.5
4,1,38,3.6453,2.5
4,1,39,3.0407,2.5
4,1,39,3.6594,2.5
4,1,40,3.1076,4.0
4,1,40,3.5712,4.0
4,1,41,3.0833,2.5
4,1,41,3.7114,2.5
4,1,42,3.2121,1.75
4,1,42,3.8007,1.75
4,1,45,3.2491,2.125
4,1,45,3.8000,2.125
4,1,46,3.1208,3.75
4,1,46,3.6406,3.75
4,1,48,3.0631,1.5
4,1,48,3.5249,1.5
4,1,49,3.0499,4.25
4,1,49,3.5684,4.25
4,1,50,3.0760,2.0
4,1,50,3.5601,2.0
4,1,51,3.1197,2.75
4,1,51,3.4845,2.75
4,1,52,3.2797,3.25
4,1,52,3.5472,3.25
4,1,54,3.3227,3.375
4,1,54,3.7638,3.375
4,1,55,3.2317,2.5
4,1,55,3.6618,2.5
4,1,56,3.1402,2.0
4,1,56,3.5805,2.0
4,1,57,2.8479,2.75
4,1,57,3.7665,2.75
4,1,58,2.9132,2.25
4,1,58,3.6329,2.25
4,1,59,3.1738,1.875
4,1,59,3.6716,1.875
4,1,63,3.0041,1.0
4,1,63,3.4872,1.0
4,1,64,3.1971,3.5
4,1,64,3.7575,3.5
4,1,65,3.1785,4.75
4,1,65,3.4783,4.75
4,1,66,2.9143,1.0
4,1,66,3.5294,1.0
4,1,67,3.0959,1.75
4,1,67,3.6055,1.75
4,1,68,3.1768,5.5
4,1,68,3.7742,5.5
4,1,69,3.0488,5.5
4,1,69,3.8446,5.5
4,1,70,3.2634,5.25
4,1,70,3.7319,5.25
4,1,71,3.1626,2.125
4,1,71,3.9195,2.125
4,1,72,3.1758,2.375
4,1,72,3.9074,2.375
4,1,73,3.2104,4.25
4,1,73,3.9150,4.25
4,1,74,3.2535,3.5
4,1,74,3.8689,3.5
4,1,75,3.1786,4.75
4,1,75,3.8973,4.75
4,1,77,3.2080,2.625
4,1,77,3.7945,2.625
4,1,99,3.1124,2.375
4,1,99,3.3978,2.375
4,1,102,3.2330,1.5
4,1,102,3.4387,1.5
4,1,104,3.0880,1.25
4,1,104,3.2684,1.25
4,1,105,3.2364,3.625
4,1,105,3.2855,3.625
4,1,110,3.1724,4.0
4,1,110,3.2490,4.0
4,1,111,3.2411,3.5
4,1,111,3.2086,3.5
4,1,112,3.2689,1.0
7,1,1,4.1212,3.5
7,1,1,3.7555,3.5
7,1,2,4.1213,5.5
7,1,2,3.7577,5.5
7,1,3,4.0893,4.75
7,1,3,3.7259,4.75
7,1,4,4.3973,3.25
7,1,4,3.7062,3.25
7,1,5,4.4130,4.75
7,1,5,3.6306,4.75
7,1,7,4.0903,2.25
7,1,7,3.6029,2.25
7,1,8,4.0300,4.5
7,1,8,3.5704,4.5
7,1,9,3.9405,2.0
7,1,9,3.7064,2.0
7,1,10,3.8113,2.75
7,1,10,3.7382,2.75
7,1,11,4.0859,1.75
7,1,11,3.8529,1.75
7,1,12,3.9464,5.0
7,1,12,3.5492,5.0
7,1,13,4.0504,3.0
7,1,13,3.7232,3.0
7,1,14,3.9874,1.75
7,1,14,3.7976,1.75
7,1,18,4.1042,6.0
7,1,18,3.8348,6.0
7,1,19,4.1772,4.75
7,1,19,3.7992,4.75
7,1,20,4.1949,5.25
7,1,20,3.6822,5.25
7,1,22,4.0602,3.75
7,1,22,3.9185,3.75
7,1,23,4.1397,4.0
7,1,23,3.7586,4.0
7,1,24,4.0427,5.0
7,1,24,3.8046,5.0
7,1,25,4.0833,4.5
7,1,25,3.8913,4.5
7,1,26,4.1440,3.0
7,1,26,3.7591,3.0
7,1,27,4.1305,4.25
7,1,27,3.8745,4.25
7,1,28,4.1509,5.25
7,1,28,3.9043,5.25
7,1,29,4.1171,4.25
7,1,29,3.9068,4.25
7,1,30,4.1979,3.0
7,1,30,3.8394,3.0
7,1,31,4.0955,4.5
7,1,31,3.8678,4.5
7,1,32,4.1420,3.75
7,1,32,3.8197,3.75
7,1,33,4.0060,4.75
7,1,33,3.7448,4.75
7,1,34,3.9436,5.5
7,1,34,3.8176,5.5
7,1,35,3.9198,6.0
7,1,35,3.6932,6.0
7,1,36,4.0703,4.25
7,1,36,3.8750,4.25
7,1,37,4.0228,4.25
7,1,37,3.8166,4.25
7,1,38,3.9082,3.5
7,1,38,3.7446,3.5
7,1,39,4.0422,5.5
7,1,39,3.6856,5.5
7,1,40,4.1839,5.5
7,1,40,3.9588,5.5
7,1,41,4.1078,4.75
7,1,41,3.7632,4.75
7,1,42,4.1601,3.0
7,1,42,3.9337,3.0
7,1,43,3.9808,3.5
7,1,43,3.7883,3.5
7,1,44,4.0005,6.25
7,1,44,3.5876,6.25
7,1,45,4.0512,4.5
7,1,45,3.7344,4.5
7,1,46,4.1241,4.0
7,1,46,3.8544,4.0
7,1,47,4.0658,4.5
7,1,47,3.8102,4.5
7,1,48,4.0474,1.5
7,1,48,3.8624,1.5
7,1,49,4.0551,4.5
7,1,49,3.8800,4.5
7,1,50,4.3032,5.0
7,1,50,3.9732,5.0
7,1,51,4.1912,3.5
7,1,51,3.7109,3.5
7,1,52,3.9375,0.75
7,1,52,3.8312,0.75
7,1,53,4.0909,5.5
7,1,53,3.8090,5.5
7,1,55,3.8385,2.5
7,1,55,3.6705,2.5
7,1,57,4.1802,4.25
7,1,57,3.5896,4.25
7,1,58,4.0245,6.0
7,1,58,3.6608,6.0
7,1,59,4.0405,5.25
7,1,59,3.5886,5.25
7,1,60,3.9188,3.25
7,1,60,3.5779,3.25
7,1,61,4.0269,5.0
7,1,61,3.7912,5.0
7,1,62,4.1163,4.5
7,1,62,3.7561,4.5
7,1,63,4.0058,5.5
7,1,63,3.7185,5.5
7,1,64,3.6973,5.0
7,1,64,3.6053,5.0
7,1,65,3.7174,5.25
7,1,65,3.5197,5.25
7,1,66,4.1169,4.25
7,1,66,3.5948,4.25
7,1,67,3.8708,4.75
7,1,67,3.6706,4.75
7,1,68,4.0856,4.25
7,1,68,3.6453,4.25
7,1,69,3.9122,5.5
7,1,69,3.6795,5.5
7,1,70,3.9923,5.5
7,1,70,3.7814,5.5
7,1,71,3.8642,4.75
7,1,71,3.6797,4.75
7,1,72,3.8603,2.0
7,1,72,3.6816,2.0
7,1,73,3.7905,1.0
7,1,73,3.6432,1.0
7,1,74,3.9068,4.25
7,1,74,3.7269,4.25
7,1,75,3.9034,4.75
7,1,75,3.6182,4.75
7,1,76,3.8966,2.75
7,1,76,3.8775,2.75
7,1,78,3.9418,4.0
7,1,78,3.6294,4.0
7,1,79,3.8064,3.0
7,1,79,3.6328,3.0
7,1,80,3.8563,2.0
7,1,80,3.6414,2.0
7,1,81,3.8945,4.0
7,1,81,3.6291,4.0
7,1,82,3.9742,5.25
7,1,82,3.6628,5.25
7,1,83,4.0253,4.75
7,1,83,3.7604,4.75
7,1,84,3.8645,4.75
7,1,84,3.7442,4.75
7,1,86,3.9233,3.25
7,1,86,3.7501,3.25
7,1,88,4.0762,6.5
7,1,88,3.7106,6.5
7,1,90,4.2509,4.0
7,1,90,3.6704,4.0
7,1,92,3.8009,5.75
7,1,92,3.8953,5.75
7,1,93,4.1487,4.25
7,1,93,3.6260,4.25
7,1,94,4.1380,3.0
7,1,94,3.6831,3.0
7,1,95,4.1937,4.75
7,1,95,3.8954,4.75
7,1,96,4.1116,5.5
7,1,96,3.6883,5.5
7,1,97,3.8781,5.5
7,1,97,3.5999,5.5
7,1,98,4.0593,3.25
7,1,98,3.7637,3.25
7,1,101,3.9134,4.0
7,1,101,3.7590,4.0
7,1,102,4.1205,4.25
7,1,102,3.6419,4.25
7,1,103,4.0223,3.25
7,1,103,3.6277,3.25
7,1,104,3.8440,4.75
7,1,104,3.6359,4.75
7,1,105,3.9121,4.75
7,1,105,3.6643,4.75
7,1,106,3.9182,4.75
7,1,106,3.7057,4.75
7,1,109,3.8358,6.25
7,1,109,4.0886,4.25
7,2,1,3.7829,4.25
7,2,1,3.9309,2.75
7,2,2,3.7614,2.75
7,2,2,4.0611,5.75
7,2,3,3.8579,5.75
7,2,3,4.0923,3.0
7,2,4,4.1016,3.0
7,2,4,3.8899,3.25
7,2,5,4.0817,3.25
7,2,5,4.0385,4.0
7,2,6,4.0734,4.0
7,2,6,4.0314,5.0
7,2,7,4.1227,5.0
7,2,7,4.1080,4.0
7,2,8,3.9211,4.0
7,2,8,3.9898,4.0
7,2,9,3.9854,4.0
7,2,9,4.1151,4.0
7,2,10,4.0484,4.0
7,2,10,3.8985,2.75
7,2,11,4.0016,2.75
7,2,11,3.9797,4.25
7,2,12,3.8655,4.25
7,2,12,4.0124,4.75
7,2,13,3.8837,4.75
7,2,13,4.0545,5.5
7,2,14,4.0826,5.5
7,2,14,4.0029,5.0
7,2,16,4.0882,5.0
7,2,16,4.0119,6.0
7,2,17,4.1014,6.0
7,2,17,3.9475,3.5
7,2,18,4.2756,3.5
7,2,18,3.8153,4.5
7,2,19,4.1588,4.5
7,2,19,3.9644,5.5
7,2,20,3.9591,5.5
7,2,20,3.9248,1.5
7,2,21,3.8133,1.5
7,2,21,3.6619,3.0
7,2,22,3.9570,3.0
7,2,22,3.9386,1.75
7,2,23,4.1826,1.75
7,2,23,3.8337,3.75
7,2,24,3.9329,3.75
7,2,24,3.9628,4.75
7,2,25,3.9862,4.75
7,2,25,3.9516,4.25
7,2,26,4.2550,4.25
7,2,26,3.8906,4.25
7,2,27,4.2098,4.25
7,2,27,3.8859,5.75
7,2,28,3.9846,5.75
7,2,28,3.8999,1.75
7,2,29,4.0797,1.75
7,2,29,3.8973,3.0
7,2,30,3.9640,3.0
7,2,30,3.8959,3.75
7,2,31,4.0177,3.75
7,2,31,3.8863,4.5
7,2,32,3.8725,4.5
7,2,32,3.7561,1.5
7,2,33,4.0020,1.5
7,2,33,3.6737,4.25
7,2,34,4.0643,4.25
7,2,34,3.9205,3.5
7,2,35,4.0076,3.5
7,2,35,3.9314,2.5
7,2,36,3.7993,2.5
7,2,36,3.9033,3.5
7,2,37,4.0862,3.5
7,2,37,4.0003,5.25
7,2,38,3.7901,5.25
7,2,38,3.9390,4.0
7,2,39,3.8445,4.0
7,2,39,3.7901,5.25
7,2,40,3.9565,5.25
7,2,40,3.8107,3.0
7,2,42,3.8565,3.0
7,2,42,3.8340,2.75
7,2,43,4.0523,2.75
7,2,43,3.7715,4.5
7,2,44,3.9354,4.5
7,2,44,3.8383,2.5
7,2,45,3.8649,2.5
7,2,45,3.9577,4.75
7,2,46,3.8334,4.75
7,2,46,3.8827,4.0
7,2,47,3.9964,4.0
7,2,47,3.8829,3.75
7,2,48,4.0050,3.75
7,2,48,3.6914,4.0
7,2,49,3.8939,4.0
7,2,49,3.8317,4.25
7,2,50,3.9091,4.25
7,2,50,3.8211,4.75
7,2,51,3.9503,4.75
7,2,51,3.8716,3.25
7,2,52,3.8978,3.25
7,2,52,3.9357,5.0
7,2,53,3.8352,5.0
7,2,53,3.9533,4.0
7,2,55,3.8105,4.0
7,2,55,4.0123,4.75
7,2,56,3.9022,4.75
7,2,56,3.7737,1.5
7,2,57,3.7925,1.5
7,2,57,3.8976,4.0
7,2,58,3.7847,4.0
7,2,58,3.7242,4.0
7,2,60,3.8280,4.0
7,2,60,3.7790,5.5
7,2,61,3.7549,5.5
7,2,61,4.0987,5.25
7,2,63,3.6967,5.25
7,2,63,3.9868,3.25
7,2,64,3.9819,3.25
7,2,64,3.8943,5.0
7,2,65,3.8927,5.0
7,2,65,3.8748,5.5
7,2,66,3.7068,5.5
7,2,66,3.8719,6.5
7,2,68,3.7156,6.5
7,2,68,3.9964,4.25
7,2,69,3.7973,4.25
7,2,69,3.9486,3.25
7,2,70,3.8691,3.25
7,2,70,3.9741,4.0
7,2,71,3.7342,4.0
7,2,71,3.9743,4.25
7,2,72,3.8902,4.25
7,2,72,3.9329,3.25
7,2,73,3.8145,3.25
7,2,73,4.0238,2.5
7,2,74,3.8073,2.5
7,2,74,3.9757,3.5
7,2,75,3.6530,3.5
7,2,75,4.0932,4.5
7,2,76,3.8115,4.5
7,2,76,3.9376,4.25
7,2,77,3.6999,4.25
7,2,77,3.8398,5.0
7,2,78,3.7283,5.0
7,2,78,4.0121,4.0
7,2,80,3.9317,4.0
7,2,80,4.2303,3.25
7,2,82,3.8212,3.25
7,2,82,3.8797,5.0
7,2,83,3.8751,5.0
7,2,83,4.0635,3.75
7,2,84,3.8665,3.75
7,2,84,3.9414,2.5
7,2,85,3.9614,2.5
7,2,85,3.8485,2.5
7,2,86,3.9145,2.5
7,2,86,3.9570,4.5
7,2,87,3.8390,4.5
7,2,87,3.9774,5.0
7,2,88,3.8686,5.0
7,2,88,3.8585,3.0
7,2,89,3.9245,3.0
7,2,89,3.7474,4.0
7,2,90,3.8273,4.0
7,2,90,3.9554,3.75
7,2,91,3.8344,3.75
7,2,91,3.8828,4.66667
7,2,92,4.0016,4.66667
7,2,92,3.8839,4.75
7,2,93,3.9525,4.75
7,2,93,3.7110,3.25
7,2,94,3.7655,3.25
7,2,94,3.9300,2.5
7,2,95,3.8241,2.5
7,2,95,3.8358,3.5
7,2,96,3.9167,3.5
7,2,96,3.7732,3.0
7,2,97,3.8149,3.0
7,2,97,3.9358,3.75
7,2,98,3.8923,3.75
7,2,98,4.0578,4.25
7,2,99,3.9697,4.25
7,2,99,3.7141,1.75
7,2,100,3.8535,1.75
7,2,100,3.9830,5.25
7,2,102,3.7793,5.25
7,2,102,3.9388,4.25
7,2,103,4.0130,4.25
7,2,103,3.9511,3.5
7,2,104,3.8866,3.5
7,2,104,3.9273,3.0
7,2,105,3.8920,3.0
7,2,105,3.9076,6.25
7,2,106,3.9610,6.25
7,2,106,3.9151,4.5
7,2,107,3.6962,4.5
7,2,107,3.8668,5.5
7,2,108,3.7978,5.5
7,2,108,3.7203,5.25
7,2,109,3.5962,5.25
7,2,109,3.9481,4.75
8,1,9,3.3484,2.0
8,1,9,3.2587,2.0
8,1,10,3.5929,1.75
8,1,10,3.2417,1.75
8,1,16,3.5849,2.75
8,1,16,3.1772,2.75
8,1,17,3.6751,3.25
8,1,17,3.4012,3.25
8,1,18,3.5572,3.75
8,1,18,3.2745,3.75
8,1,20,3.6538,2.5
8,1,20,3.1595,2.5
8,1,21,3.8111,1.75
8,1,21,3.3115,1.75
8,1,22,3.5070,3.5
8,1,22,3.1498,3.5
8,1,27,3.5341,2.0
8,1,27,3.4217,2.0
8,1,30,3.4407,2.5
8,1,30,3.2005,2.5
8,1,54,3.5186,3.0
8,1,54,3.0888,3.0
8,1,58,3.7267,1.0
8,1,58,3.2339,1.0
8,1,68,3.6876,1.5
8,1,68,3.3411,1.5
8,1,73,3.7187,2.75
8,1,73,3.2054,2.75
8,1,74,3.7284,2.5
8,1,74,3.2388,2.5
8,1,75,3.8477,3.0
8,1,75,3.4097,3.0
8,1,76,3.7824,1.0
8,1,76,3.1325,1.0
8,1,77,3.8351,3.25
8,1,77,3.1491,3.25
8,1,78,3.8247,2.75
8,1,78,3.4807,2.75
8,1,79,3.7638,2.0
8,1,79,3.3014,2.0
8,1,80,3.9334,1.75
8,1,80,3.2472,1.75
8,1,81,3.7533,2.25
8,1,81,3.3457,2.25
8,1,82,3.4526,1.75
8,1,82,3.1435,1.75
8,1,85,3.8144,2.0
8,1,85,3.1741,2.0
8,1,88,3.7787,2.25
8,1,88,2.9969,2.25
8,1,89,3.8511,3.5
8,1,89,3.5368,3.25
8,2,4,3.6299,3.25
8,2,4,3.1492,3.75
8,2,5,3.4799,3.75
8,2,5,3.4953,1.5
8,2,7,3.5425,1.5
8,2,7,3.4404,4.25
8,2,8,3.7298,4.25
8,2,8,3.4435,2.0
8,2,9,3.3121,2.0
8,2,9,3.3511,3.0
8,2,11,3.6586,3.0
8,2,11,3.1982,2.25
8,2,15,3.5346,2.25
8,2,15,3.1940,4.0
8,2,16,3.7675,4.0
8,2,16,3.2186,3.5
8,2,18,3.4834,3.5
8,2,18,3.2535,3.75
8,2,20,3.6022,3.75
8,2,20,3.0286,2.25
8,2,21,3.6375,2.25
8,2,21,3.0694,2.25
8,2,22,3.4551,2.25
8,2,22,2.9953,2.5
8,2,23,3.3074,2.5
8,2,23,3.3912,3.0
8,2,24,3.6776,3.0
8,2,24,3.2194,4.0
8,2,27,3.5510,4.0
8,2,27,3.0442,2.5
8,2,28,3.5451,2.5
8,2,28,3.4265,4.75
8,2,29,3.6340,4.75
8,2,29,3.0788,4.25
8,2,30,3.5768,4.25
8,2,30,3.1410,2.75
8,2,31,3.4964,2.75
8,2,31,2.9441,4.0
8,2,32,3.7622,4.0
8,2,32,2.9915,3.5
8,2,35,3.6731,3.5
8,2,35,2.9760,3.75
8,2,36,3.8454,3.75
8,2,36,3.0179,2.25
8,2,37,3.4700,2.25
8,2,37,3.0302,3.75
8,2,38,3.6031,3.75
8,2,38,2.9853,2.0
8,2,39,3.4187,2.0
8,2,39,2.9808,2.0
8,2,40,3.5752,2.0
8,2,40,2.9375,4.0
8,2,41,3.4294,4.0
8,2,41,3.0348,3.5
8,2,42,3.6379,3.5
8,2,42,3.1348,2.25
8,2,45,3.5444,2.25
8,2,45,3.1570,4.0
8,2,48,3.5288,4.0
8,2,48,3.3500,4.0
8,2,49,3.6117,4.0
8,2,49,3.0951,3.0
8,2,50,3.4455,3.0
8,2,50,3.1588,3.75
8,2,55,3.7007,3.75
8,2,55,3.2133,4.75
8,2,57,3.6066,4.75
8,2,57,3.3990,3.0
8,2,58,3.7728,3.0
8,2,58,3.2336,1.75
8,2,62,3.7189,1.75
8,2,62,3.0733,5.25
8,2,63,3.7808,5.25
8,2,63,2.9688,1.625
8,2,67,3.6988,1.625
8,2,67,3.1811,2.75
8,2,68,3.8599,2.75
8,2,68,3.1850,3.5
8,2,69,3.7815,3.5
8,2,69,3.0553,2.0
8,2,71,3.5120,2.0
8,2,71,2.9917,3.5
8,2,72,3.4998,3.5
8,2,72,3.0535,3.75
8,2,74,3.6401,3.75
8,2,74,2.9165,4.0
9,1,2,3.0946,5.25
9,1,2,4.2835,5.25
9,1,3,3.3861,4.75
9,1,3,4.3492,4.75
9,1,4,3.6670,5.0
9,1,4,4.2550,5.0
9,1,5,3.7585,5.75
9,1,5,4.4803,5.75
9,1,6,3.1577,3.5
9,1,6,4.3647,3.5
9,1,7,3.0363,4.25
9,1,7,3.8474,4.25
9,1,8,3.6113,4.5
9,1,8,4.3462,4.5
9,1,12,3.6128,4.75
9,1,12,3.9456,4.75
9,1,16,3.8394,1.5
9,1,16,3.8314,1.5
9,1,17,3.6300,4.25
9,1,17,4.1889,4.25
9,1,18,3.0791,3.5
9,1,18,4.1457,3.5
9,1,19,3.4395,3.25
9,1,19,3.4013,3.25
9,1,20,3.0751,4.0
9,1,20,3.7598,4.0
9,1,21,3.2485,4.5
9,1,21,3.8860,4.5
9,1,22,3.4320,3.0
9,1,22,3.5907,3.0
9,1,23,3.7639,4.5
9,1,23,3.9655,4.5
9,1,24,3.5910,3.5
9,1,24,2.8475,3.5
9,1,25,3.4660,3.5
9,1,25,3.6358,3.5
9,1,26,3.7276,4.5
9,1,26,2.9093,4.5
9,1,27,3.4392,3.75
9,1,27,4.1711,3.75
9,1,28,3.6842,2.75
9,1,28,3.3858,2.75
9,1,29,3.6094,2.5
9,1,29,3.4930,2.5
9,1,30,3.5734,3.0
9,1,30,3.8069,3.0
9,1,31,3.6234,3.5
9,1,31,3.2222,3.5
9,1,32,3.5085,2.75
9,1,32,3.4428,2.75
9,1,33,3.4621,3.75
9,1,33,3.3880,3.75
9,1,34,3.4404,3.25
9,1,34,3.3876,3.25
9,1,35,3.3908,3.5
9,1,35,3.5164,3.5
9,1,36,3.5365,3.5
9,1,36,3.5842,3.5
9,1,37,3.6845,4.5
9,1,37,3.5422,4.5
9,1,38,2.8517,3.5
9,1,38,3.2641,3.5
9,1,39,3.0999,2.75
9,1,39,3.6974,2.75
9,1,40,3.4664,2.25
9,1,40,3.2955,2.25
9,1,41,3.8637,3.0
9,1,41,2.9547,3.0
9,1,42,4.2211,4.0
9,1,42,3.2993,4.0
9,1,50,3.3926,3.5
9,1,50,3.4399,3.5
9,1,51,3.5142,3.5
9,1,51,3.1725,3.5
9,1,52,2.7931,2.75
9,1,52,3.1920,2.75
9,1,53,3.2316,3.0
9,1,53,3.5082,3.0
9,1,54,3.8715,2.75
9,1,54,3.0721,2.75
9,1,55,3.3798,3.5
9,1,55,2.8738,3.5
9,1,56,3.4754,3.75
9,1,56,3.0706,3.75
9,1,59,4.1018,2.75
9,1,59,4.4295,2.75
9,1,60,4.3333,4.0
9,1,60,3.9078,4.0
9,1,61,3.8512,3.5
9,1,61,3.5764,3.5
9,1,63,4.5231,3.25
9,1,63,4.0741,3.25
9,1,64,4.1663,4.25
9,1,64,2.4345,4.25
9,1,65,4.0652,2.0
9,1,65,3.1285,2.0
9,1,66,3.7886,4.75
9,1,66,3.9809,4.75
9,1,67,2.6062,4.25
9,1,67,2.3180,4.25
9,1,68,3.6060,3.5
9,1,68,3.2214,3.5
9,1,69,3.3171,5.5
9,1,69,3.0216,5.5
9,1,72,3.4045,3.75
9,1,72,3.5646,3.75
9,1,73,3.4488,3.25
9,1,73,3.4999,3.25
9,1,74,3.2856,3.0
9,1,74,4.1210,3.0
9,1,75,3.4639,2.5
9,1,75,4.3647,2.5
9,1,76,3.7295,4.0
9,1,76,3.9075,4.0
9,1,77,3.7560,3.25
9,1,77,3.7216,3.25
9,1,78,3.4657,3.5
9,1,78,3.9394,3.5
9,1,79,3.4770,4.0
9,1,79,3.3590,4.0
9,1,81,4.1022,2.25
9,1,81,2.9938,2.25
9,1,82,3.0955,4.0
9,1,82,4.3478,4.0
9,1,83,3.3915,4.25
9,1,83,4.0470,4.25
9,1,84,3.2134,3.0
9,1,84,3.5962,3.0
9,1,85,3.5667,4.75
9,1,85,3.8056,4.75
9,1,86,3.4499,4.0
9,1,86,3.2992,4.0
9,1,87,2.9657,3.25
9,1,87,4.0551,3.25
9,1,88,2.8421,3.25
9,1,88,3.1834,3.25
9,1,89,3.3658,2.75
9,1,89,3.8933,2.75
9,1,90,2.7256,2.75
9,1,90,4.1973,2.75
9,1,91,3.3565,3.75
9,1,91,3.7166,3.75
9,1,92,2.8129,4.0
9,1,92,3.3270,4.0
9,1,93,3.0089,3.25
9,1,93,4.5711,3.25
9,1,94,4.0248,3.0
9,1,94,4.2008,3.0
9,1,95,3.1583,4.25
9,1,95,3.8092,4.25
9,1,96,3.4308,4.25
9,1,96,4.1254,4.25
9,1,97,3.7470,3.5
9,1,97,4.1501,3.5
9,1,98,3.5639,2.25
9,1,98,4.1281,2.25
9,1,99,3.2297,3.0
9,1,99,3.6765,3.0
9,1,100,3.3671,4.25
9,1,100,3.8486,4.25
9,1,101,3.2061,2.25
9,1,101,3.8116,2.25
9,1,102,3.2892,3.75
9,1,102,3.7710,3.75
9,1,103,3.1985,2.25
9,1,103,3.6259,2.25
9,1,104,4.0413,3.0
9,1,104,3.2435,3.0
9,1,105,3.5595,3.75
9,1,105,3.6470,3.75
9,1,106,4.1512,4.0
9,1,106,3.3677,4.0
9,1,107,3.0940,4.25
9,1,107,4.2781,4.25
9,1,110,2.9751,4.25
9,1,110,3.4758,4.25
9,1,111,4.2309,3.0
9,1,111,4.0259,4.0
9,2,2,4.5088,4.0
9,2,2,3.6885,4.5
9,2,3,4.2456,4.5
9,2,3,3.9686,5.25
9,2,4,4.2656,5.25
9,2,4,3.6609,5.5
9,2,5,3.8637,5.5
9,2,5,2.8336,5.75
9,2,6,4.2407,5.75
9,2,6,4.0968,5.25
9,2,7,4.4699,5.25
9,2,7,3.9417,4.5
9,2,8,4.2760,4.5
9,2,8,4.2938,5.75
9,2,9,3.8565,5.75
9,2,9,4.6083,4.75
9,2,10,4.4909,4.75
9,2,10,4.3799,4.5
9,2,11,4.0958,4.5
9,2,11,4.5392,5.5
9,2,12,4.2868,5.5
9,2,12,3.8805,3.75
9,2,13,4.5759,3.75
9,2,13,4.1604,2.75
9,2,16,4.2417,2.75
9,2,16,3.6323,4.0
9,2,17,4.5387,4.0
9,2,17,3.5306,4.25
9,2,18,4.3306,4.25
9,2,18,3.9377,3.0
9,2,20,4.1136,3.0
9,2,20,3.6780,3.75
9,2,21,3.9844,3.75
9,2,21,3.7941,3.0
9,2,22,4.0251,3.0
9,2,22,3.7642,2.75
9,2,23,4.3957,2.75
9,2,23,3.7080,1.75
9,2,24,4.1398,1.75
9,2,24,3.7866,5.75
9,2,25,4.4458,5.75
9,2,25,3.7786,3.25
9,2,27,4.3241,3.25
9,2,27,3.6731,2.75
9,2,30,4.0449,2.75
9,2,30,2.9950,2.75
9,2,31,3.6742,2.75
9,2,31,3.9231,2.25
9,2,32,3.5275,2.25
9,2,32,3.7622,2.5
9,2,34,3.6910,2.5
9,2,34,3.5790,4.75
9,2,36,4.0593,4.75
9,2,36,3.5194,3.75
9,2,37,4.3104,3.75
9,2,37,3.7933,2.0
9,2,38,4.1627,2.0
9,2,38,3.9140,3.25
9,2,42,4.4009,3.25
9,2,42,3.5272,3.0
9,2,45,4.3121,3.0
9,2,45,4.0188,4.75
9,2,46,4.0810,4.75
9,2,46,3.9567,4.0
9,2,50,4.2476,4.0
9,2,50,3.8442,3.75
9,2,53,3.7985,3.75
9,2,53,3.5284,4.0
9,2,62,4.3047,4.0
9,2,62,3.9985,5.0
9,2,63,3.9850,5.0
9,2,63,3.4880,4.5
9,2,64,4.5542,4.5
9,2,64,3.8245,5.5
9,2,66,3.9814,5.5
9,2,66,3.8856,4.25
9,2,67,4.2585,4.25
9,2,67,3.8947,3.25
9,2,68,4.3722,3.25
9,2,68,3.7515,3.25
9,2,69,4.1562,3.25
9,2,69,3.9617,4.75
9,2,70,3.5283,4.75
9,2,70,3.8985,5.25
9,2,71,3.7645,5.25
9,2,71,3.5801,5.25
9,2,74,4.0538,5.25
9,2,74,4.0093,3.75
9,2,75,4.2542,3.75
9,2,75,3.9112,4.25
9,2,77,4.0718,4.25
9,2,77,4.0620,5.5
9,2,78,4.5329,5.5
9,2,78,3.5149,5.25
9,2,79,4.4639,5.25
9,2,79,3.7865,4.75
9,2,81,3.9052,4.75
9,2,81,3.9963,3.75
9,2,84,4.0262,3.75
9,2,84,3.8762,4.75
9,2,85,3.9460,4.75
9,2,85,3.3964,4.0
9,2,86,2.5043,4.0
9,2,86,3.7104,3.25
9,2,87,4.1108,3.25
9,2,87,4.0680,4.5
9,2,88,3.9696,4.5
9,2,88,3.5798,2.75
9,2,89,2.6233,2.75
9,2,89,3.8732,3.25
9,2,90,3.7262,3.25
9,2,90,3.0940,4.25
9,2,91,4.3012,4.25
9,2,91,4.0099,4.25
9,2,92,4.3545,4.25
9,2,92,3.7537,5.0
9,2,95,3.6953,5.0
9,2,95,2.9775,3.0
9,2,96,3.4088,3.0
9,2,96,3.3122,4.5
9,2,98,4.2555,4.5
9,2,98,4.0534,5.75
9,2,100,4.2791,5.75
9,2,100,3.2615,3.0
9,2,103,3.9704,3.0
9,2,103,3.6748,3.25
9,2,104,4.4108,3.25
9,2,104,4.0945,4.5
9,2,105,4.5399,4.5
9,2,105,3.8271,3.75
9,2,107,3.7727,3.75
9,2,107,3.5463,4.25
9,2,108,4.2963,4.25
9,2,108,4.0716,2.25
9,2,109,3.6228,2.25
9,2,109,3.9990,4.5
10,1,4,3.8923,5.5
10,1,4,4.7194,5.5
10,1,5,4.0918,5.0
10,1,5,4.6222,5.0
10,1,6,4.1606,5.0
10,1,6,4.6822,5.0
10,1,7,3.9659,5.5
10,1,7,4.6817,5.5
10,1,8,4.2904,6.25
10,1,8,4.8122,6.25
10,1,9,4.3286,5.5
10,1,9,4.6829,5.5
10,1,10,4.3183,5.0
10,1,10,4.8832,5.0
10,1,11,4.4150,4.0
10,1,11,4.6341,4.0
10,1,12,4.3298,4.5
10,1,12,4.3306,4.5
10,1,13,4.0072,4.25
10,1,13,4.4265,4.25
10,1,14,4.4869,3.75
10,1,14,4.7516,3.75
10,1,20,4.3343,5.0
10,1,20,4.6014,5.0
10,1,21,4.3060,5.25
10,1,21,4.0452,5.25
10,1,22,4.1790,4.5
10,1,22,4.5338,4.5
10,1,24,3.8223,4.75
10,1,24,3.7948,4.75
10,1,25,3.9354,4.5
10,1,25,3.9217,4.5
10,1,26,3.9992,2.375
10,1,26,4.0469,2.375
10,1,27,4.0627,4.25
10,1,27,4.0661,4.25
10,1,28,4.0793,4.75
10,1,28,4.0324,4.75
10,1,29,4.2141,4.5
10,1,29,4.5920,4.5
10,1,30,4.1726,5.5
10,1,30,3.9722,5.5
10,1,31,3.6562,4.75
10,1,31,4.0385,4.75
10,1,32,3.3187,3.75
10,1,32,4.2964,3.75
10,1,33,4.4241,4.5
10,1,33,4.2550,4.5
10,1,36,3.6224,4.75
10,1,36,4.4039,4.75
10,1,39,4.0106,4.0
10,1,39,3.9193,4.0
10,1,42,3.5977,5.25
10,1,42,3.8599,5.25
10,1,43,3.6444,4.5
10,1,43,4.2673,4.5
10,1,44,3.8349,4.5
10,1,44,3.9171,4.5
10,1,45,3.3392,2.875
10,1,45,4.1272,2.875
10,1,46,4.5961,5.0
10,1,46,4.4973,5.0
10,1,47,4.1259,5.25
10,1,47,4.2215,5.25
10,1,48,4.2304,5.0
10,1,48,4.4330,5.0
10,1,49,3.9967,4.0
10,1,49,3.7771,4.0
10,1,50,4.0320,5.25
10,1,50,3.5802,5.25
10,1,51,3.4934,5.5
10,1,51,3.9661,5.5
10,1,52,3.9407,5.0
10,1,52,3.9173,5.0
10,1,53,4.3217,5.25
10,1,53,3.9271,5.25
10,1,55,3.6917,5.25
10,1,55,4.1893,5.25
10,1,56,3.5786,4.5
10,1,56,3.8255,4.5
10,1,57,3.4866,1.5
10,1,57,4.5503,1.5
10,1,61,4.5578,4.0
10,1,61,4.7762,4.0
10,1,62,4.5908,3.75
10,1,62,4.8618,3.75
10,1,63,4.5434,4.25
10,1,63,4.6341,4.25
10,1,64,4.2959,5.0
10,1,64,4.5708,5.0
10,1,65,4.4006,5.75
10,1,65,4.6857,5.75
10,1,66,4.1908,6.0
10,1,66,4.7514,6.0
10,1,67,4.2675,5.25
10,1,67,4.8319,5.25
10,1,68,4.4161,3.75
10,1,68,4.6842,3.75
10,1,69,4.5361,4.5
10,1,69,4.7112,4.5
10,1,72,4.0962,3.0
10,1,72,4.4416,3.0
10,1,73,3.1084,4.25
10,1,73,4.0163,4.25
10,1,74,3.0050,4.75
10,1,74,3.8281,4.75
10,1,75,3.2756,4.5
10,1,75,3.8678,4.5
10,1,76,3.2331,4.75
10,1,76,3.8078,4.75
10,1,77,3.7409,4.5
10,1,77,4.0447,4.5
10,1,78,4.1776,5.5
10,1,78,4.1073,5.5
10,1,79,3.6698,4.5
10,1,79,4.5929,4.5
10,1,80,3.8603,5.0
10,1,80,4.3506,5.0
10,1,81,3.0640,4.25
10,1,81,3.8837,4.25
10,1,82,2.9272,4.5
10,1,82,4.1607,4.5
10,1,83,2.8698,3.0
10,1,83,4.0485,3.0
10,1,84,2.9371,2.75
10,1,84,3.9056,2.75
10,1,85,3.0250,4.75
10,1,85,4.1664,4.75
10,1,86,2.9782,4.0
10,1,86,4.1753,4.0
10,1,87,3.5873,4.75
10,1,87,3.9557,4.75
10,1,88,4.1020,5.5
10,1,88,4.5107,5.5
10,1,89,3.1624,5.25
10,1,89,4.6221,5.25
10,1,90,3.1264,3.75
10,1,90,4.2042,3.75
10,1,91,3.0981,4.5
10,1,91,4.1509,4.5
10,1,92,4.0437,5.0
10,1,92,3.8334,5.0
10,1,93,3.2267,4.0
10,1,93,4.2139,4.0
10,1,94,3.1686,5.0
10,1,94,3.7818,5.0
10,1,95,3.8817,4.75
10,1,95,3.7959,4.75
10,1,96,3.1500,4.5
10,1,96,4.4729,4.5
10,1,97,2.9731,3.75
10,1,97,3.6365,3.75
10,1,98,3.6464,4.5
10,1,98,3.5524,4.5
10,1,99,3.0865,5.25
10,1,99,4.0701,5.25
10,1,100,3.8512,4.0
10,1,100,3.8140,4.0
10,1,101,3.3746,5.5
10,1,101,3.9589,5.5
10,1,102,3.4247,5.0
10,1,102,3.5019,5.0
10,1,103,3.5947,3.75
10,1,103,3.5555,3.75
10,1,104,3.4140,4.5
10,1,104,4.3451,4.5
10,1,105,2.9230,4.0
10,1,105,3.5674,4.0
10,1,106,2.9500,2.0
10,1,106,3.5039,2.0
10,1,107,2.9185,5.0
10,1,107,3.7329,5.0
10,1,108,3.7420,5.0
10,1,108,3.6214,3.75
10,2,3,4.7270,3.75
10,2,3,3.3902,6.25
10,2,4,4.8761,6.25
10,2,4,4.0628,5.5
10,2,5,4.8034,5.5
10,2,5,3.9633,5.25
10,2,6,4.6579,5.25
10,2,6,4.0144,5.25
10,2,7,4.8279,5.25
10,2,7,4.2495,5.75
10,2,8,4.6655,5.75
10,2,8,4.2468,3.25
10,2,9,4.5734,3.25
10,2,9,4.3175,5.25
10,2,10,4.5743,5.25
10,2,10,4.3749,4.5
10,2,11,4.7358,4.5
10,2,11,3.9843,4.25
10,2,12,4.5722,4.25
10,2,12,4.0642,5.25
10,2,13,4.6989,5.25
10,2,13,3.3385,5.25
10,2,14,4.7405,5.25
10,2,14,4.0090,5.75
10,2,15,4.8036,5.75
10,2,15,2.7307,4.5
10,2,19,4.3327,4.5
10,2,19,3.3687,2.75
10,2,20,4.2949,2.75
10,2,20,4.1911,5.5
10,2,21,4.5054,5.5
10,2,21,3.9892,5.5
10,2,22,4.1440,5.5
10,2,22,3.2061,5.0
10,2,23,3.7104,5.0
10,2,23,3.5633,3.5
10,2,26,4.3437,3.5
10,2,26,3.7358,4.5
10,2,28,3.8409,4.5
10,2,28,3.8544,5.0
10,2,29,3.6104,5.0
10,2,29,4.1642,5.75
10,2,30,4.0598,5.75
10,2,30,3.6836,4.75
10,2,33,4.0002,4.75
10,2,33,3.4190,3.75
10,2,36,3.6405,3.75
10,2,36,3.0701,5.0
10,2,37,3.9747,5.0
10,2,37,3.4586,4.75
10,2,38,4.0770,4.75
10,2,38,3.7869,5.25
10,2,39,3.9543,5.25
10,2,39,3.8450,5.25
10,2,41,4.5941,5.25
10,2,41,3.4930,5.5
10,2,42,4.1883,5.5
10,2,42,3.4452,5.75
10,2,43,4.3882,5.75
10,2,43,3.9762,5.25
10,2,47,3.9537,5.25
10,2,47,4.2756,5.5
10,2,51,4.5276,5.5
10,2,51,4.3570,5.5
10,2,52,4.6921,5.5
10,2,52,4.1939,6.75
10,2,53,4.6457,6.75
10,2,53,4.4407,5.5
10,2,54,4.2367,5.5
10,2,54,3.9079,3.75
10,2,55,4.5565,3.75
10,2,55,3.6074,5.25
10,2,56,4.0543,5.25
10,2,56,4.1700,5.5
10,2,58,4.7515,5.5
10,2,58,4.3419,5.0
10,2,65,4.3283,5.0
10,2,65,4.0387,3.0
10,2,66,4.3509,3.0
10,2,66,4.0869,4.33333
10,2,67,3.7890,4.33333
10,2,67,3.9514,4.75
10,2,68,4.2622,4.75
10,2,68,4.3082,5.25
10,2,69,4.6498,5.25
10,2,69,4.1606,4.66667
10,2,70,4.6559,4.66667
10,2,70,3.3367,4.0
10,2,71,4.1529,4.0
10,2,71,3.5670,6.25
10,2,72,4.6275,6.25
10,2,72,3.0911,5.5
10,2,73,4.2678,5.5
10,2,73,3.8505,4.75
10,2,74,3.9010,4.75
10,2,74,4.0111,4.5
10,2,75,3.9791,4.5
10,2,75,3.6770,4.5
10,2,76,3.8984,4.5
10,2,76,3.6078,3.5
10,2,77,4.1484,3.5
10,2,77,3.3398,5.25
10,2,78,4.0617,5.25
10,2,78,3.8173,5.5
10,2,79,4.4189,5.5
10,2,79,2.9659,4.5
10,2,80,3.7524,4.5
10,2,80,3.1240,5.25
10,2,81,4.6400,5.25
10,2,81,3.5655,5.25
10,2,82,4.3474,5.25
10,2,82,3.7929,4.25
10,2,83,4.4114,4.25
10,2,83,3.8908,4.0
10,2,84,3.9652,4.0
10,2,84,3.2444,5.25
10,2,85,4.5140,5.25
10,2,85,3.2629,4.5
10,2,86,3.7008,4.5
10,2,86,3.4985,5.5
10,2,87,4.1612,5.5
10,2,87,3.9837,5.5
10,2,88,4.6566,5.5
10,2,88,3.5560,4.0
10,2,89,4.1167,4.0
10,2,89,3.5920,4.25
10,2,90,4.3803,4.25
10,2,90,3.9400,4.25
10,2,91,4.1530,4.25
10,2,91,4.3624,5.75
11,1,4,4.6722,5.75
11,1,4,4.4461,5.75
11,1,5,4.3854,4.5
11,1,5,4.3157,4.5
11,1,6,4.3078,5.0
11,1,6,3.8074,5.0
11,1,7,4.4511,4.25
11,1,7,4.1394,4.25
11,1,8,4.1530,4.25
11,1,8,4.2316,4.25
11,1,9,4.2843,4.0
11,1,9,4.4033,4.0
11,1,10,4.8489,4.66667
11,1,10,4.1674,4.66667
11,1,11,4.6236,4.5
11,1,11,4.3849,4.5
11,1,12,4.5227,5.5
11,1,12,4.2323,5.5
11,1,13,4.8939,5.25
11,1,13,4.4764,5.25
11,1,14,4.6749,4.25
11,1,14,4.1502,4.25
11,1,15,4.3531,3.5
11,1,15,4.3165,3.5
11,1,19,3.9077,6.25
11,1,19,4.3624,6.25
11,1,20,3.7776,5.5
11,1,20,4.2646,5.5
11,1,21,3.6347,4.25
11,1,21,4.3737,4.25
11,1,22,3.6088,6.25
11,1,22,4.2457,6.25
11,1,23,3.7420,5.75
11,1,23,4.3139,5.75
11,1,24,3.2715,3.25
11,1,24,4.3157,3.25
11,1,25,3.8152,5.0
11,1,25,4.4626,5.0
11,1,26,3.3646,4.0
11,1,26,4.5684,4.0
11,1,27,3.6527,4.5
11,1,27,4.3963,4.5
11,1,28,3.4655,4.5
11,1,28,4.4496,4.5
11,1,29,3.5399,5.5
11,1,29,4.3214,5.5
11,1,30,3.5223,4.25
11,1,30,4.4403,4.25
11,1,31,3.4824,5.5
11,1,31,4.3475,5.5
11,1,32,4.1714,4.25
11,1,32,4.4967,4.25
11,1,33,3.6890,5.0
11,1,33,4.4318,5.0
11,1,34,3.8647,4.5
11,1,34,4.4068,4.5
11,1,35,3.5741,4.5
11,1,35,4.3214,4.5
11,1,36,3.5750,5.0
11,1,36,4.0734,5.0
11,1,37,3.7821,3.75
11,1,37,4.3941,3.75
11,1,38,3.8013,4.5
11,1,38,4.3575,4.5
11,1,39,4.1670,5.0
11,1,39,4.1921,5.0
11,1,48,3.8169,2.25
11,1,48,3.1105,2.25
11,1,50,4.4575,3.0
11,1,50,4.6792,3.0
11,1,51,4.1729,4.75
11,1,51,4.3666,4.75
11,1,57,4.1714,2.5
11,1,57,3.7170,2.5
11,1,62,4.0223,5.0
11,1,62,4.6671,5.0
11,1,63,3.9437,6.25
11,1,63,4.3738,6.25
11,1,64,4.0098,5.0
11,1,64,4.4678,5.0
11,1,66,3.9622,3.25
11,1,66,3.7687,3.25
11,1,68,3.9470,4.25
11,1,68,4.4727,4.25
11,1,69,3.9422,4.0
11,1,69,3.0807,4.0
11,1,70,3.8293,5.0
11,1,70,3.4570,5.0
11,1,73,4.1998,5.25
11,1,73,4.3344,5.25
11,1,75,3.9102,3.5
11,1,75,3.2589,3.5
11,1,76,4.0223,4.0
11,1,76,3.3024,4.0
11,1,77,4.2171,6.0
11,1,77,4.4858,6.0
11,1,78,3.6394,5.0
11,1,78,3.4816,5.0
11,1,79,3.8519,4.5
11,1,79,3.2050,4.5
11,1,80,3.7147,6.0
11,1,80,3.2502,6.0
11,1,81,3.8969,4.5
11,1,81,4.0486,4.5
11,1,82,3.6547,4.5
11,1,82,3.2408,4.5
11,1,83,3.4989,3.5
11,1,83,3.7327,3.5
11,1,84,3.8815,3.5
11,1,84,3.2170,3.5
11,1,87,3.7216,2.75
11,1,87,4.2837,2.75
11,1,88,3.6566,3.75
11,1,88,4.0694,3.75
11,1,90,3.3941,4.25
11,1,90,3.7496,4.25
11,1,91,3.9341,5.5
11,1,91,3.9189,5.5
11,1,93,4.2495,4.25
11,1,93,3.3236,4.25
11,1,94,3.9223,5.75
11,1,94,3.2580,5.75
11,1,95,4.0306,4.25
11,1,95,3.2170,4.25
11,1,96,3.8347,4.75
11,1,96,3.1269,4.75
11,1,97,3.5779,3.75
11,1,97,3.1525,3.75
11,1,98,3.7074,4.5
11,1,98,3.2623,4.5
11,1,99,3.6230,6.25
11,1,99,4.2667,5.0
11,2,3,3.5138,5.0
11,2,3,4.1153,4.0
11,2,4,4.5330,4.0
11,2,4,4.2800,2.25
11,2,5,4.1338,2.25
11,2,5,4.5556,5.5
11,2,6,3.4724,5.5
11,2,6,3.6400,0.75
11,2,7,3.8058,0.75
11,2,7,4.2371,5.0
11,2,8,3.7827,5.0
11,2,8,4.2757,3.5
11,2,9,4.3954,3.5
11,2,9,4.2823,4.75
11,2,10,3.8901,4.75
11,2,10,3.7664,2.25
11,2,12,4.1600,2.25
11,2,12,3.6620,3.75
11,2,17,4.0815,3.75
11,2,17,3.8727,4.0
11,2,18,4.2220,4.0
11,2,18,3.7866,5.25
11,2,19,4.6272,5.25
11,2,19,3.9966,4.75
11,2,20,4.2185,4.75
11,2,20,4.1308,6.25
11,2,21,4.5066,6.25
11,2,21,4.0287,3.75
11,2,22,4.1491,3.75
11,2,22,3.9339,5.75
11,2,23,4.6215,5.75
11,2,23,4.1355,5.0
11,2,24,4.4642,5.0
11,2,24,4.0236,5.0
11,2,25,4.3577,5.0
11,2,25,3.7704,3.5
11,2,26,4.5112,3.5
11,2,26,3.6810,5.5
11,2,27,4.6887,5.5
11,2,27,3.5954,4.5
11,2,28,4.6574,4.5
11,2,28,3.5134,4.75
11,2,29,4.7472,4.75
11,2,29,3.3301,4.0
11,2,30,4.4571,4.0
11,2,30,4.1848,5.0
11,2,31,4.4613,5.0
11,2,31,3.6848,5.25
11,2,32,4.7424,5.25
11,2,32,3.3291,4.25
11,2,33,4.8144,4.25
11,2,33,4.2891,6.5
11,2,34,4.6339,6.5
11,2,34,3.9635,3.75
11,2,35,4.6209,3.75
11,2,35,3.7771,4.25
11,2,36,4.7318,4.25
11,2,36,3.6468,5.0
11,2,37,4.4751,5.0
11,2,37,4.2078,4.25
11,2,38,4.1950,4.25
11,2,38,3.5211,4.5
11,2,39,3.8135,4.5
11,2,39,3.6408,4.25
11,2,40,3.9789,4.25
11,2,40,4.1071,4.75
11,2,41,3.8817,4.75
11,2,41,3.5837,4.75
11,2,42,4.2184,4.75
11,2,42,3.8289,5.25
11,2,43,4.2237,5.25
11,2,43,3.9350,5.5
11,2,44,3.8470,5.5
11,2,44,3.8196,4.25
11,2,45,4.4915,4.25
11,2,45,3.8143,4.25
11,2,46,4.1272,4.25
11,2,46,3.8497,4.0
11,2,47,4.4505,4.0
11,2,47,3.8991,6.5
11,2,48,4.2167,6.5
11,2,48,3.9964,2.75
11,2,49,3.5989,2.75
11,2,49,4.0965,4.25
11,2,50,4.4644,4.25
11,2,50,3.9027,4.5
11,2,51,4.4780,4.5
11,2,51,4.3164,5.0
11,2,52,4.5430,5.0
11,2,52,4.1375,4.5
11,2,53,4.4616,4.5
11,2,53,3.9172,3.75
11,2,54,4.5735,3.75
11,2,54,3.6323,4.5
11,2,55,4.8014,4.5
11,2,55,3.9078,4.75
11,2,56,4.8024,4.75
11,2,56,3.9051,2.5
11,2,60,4.5034,2.5
11,2,60,3.9992,3.25
11,2,61,4.5659,3.25
11,2,61,4.3302,1.75
11,2,62,4.6516,1.75
11,2,62,3.9784,2.75
11,2,63,4.0597,2.75
11,2,63,4.3831,4.25
11,2,64,4.6334,4.25
11,2,64,4.2874,2.5
11,2,65,4.8203,2.5
11,2,65,4.2339,1.75
11,2,66,4.8182,1.75
11,2,66,3.9547,4.75
11,2,67,4.7513,4.75
11,2,67,4.2231,4.0
11,2,68,4.7095,4.0
11,2,68,4.3452,3.25
11,2,69,4.6282,3.25
11,2,69,4.4804,4.25
11,2,72,4.3691,4.25
11,2,72,4.3786,4.25
11,2,73,4.1565,4.25
11,2,73,4.2772,4.25
11,2,74,4.0585,4.25
11,2,74,4.2933,2.5
11,2,75,4.1068,2.5
11,2,75,4.4485,5.5
11,2,76,4.0688,5.5
11,2,76,4.2836,4.5
11,2,77,3.2197,4.5
11,2,77,4.5374,5.5
11,2,78,4.0520,5.5
11,2,78,4.3466,4.25
11,2,79,3.7338,4.25
11,2,79,4.2491,3.75
11,2,80,3.4664,3.75
11,2,80,4.2246,3.0
11,2,81,3.7548,3.0
11,2,81,4.2026,4.75
11,2,82,3.3309,4.75
11,2,82,4.3870,4.0
11,2,83,4.1635,4.0
11,2,83,4.5367,4.75
11,2,84,4.1029,4.75
11,2,84,4.2520,5.0
11,2,85,4.2735,5.0
11,2,85,4.2701,5.75
11,2,86,4.3737,5.75
11,2,86,4.1713,4.25
11,2,87,4.1649,4.25
11,2,87,4.3642,5.0
11,2,88,4.0286,5.0
11,2,88,4.1638,4.75
11,2,89,4.3973,4.75
11,2,89,4.1458,3.25
11,2,90,4.1493,3.25
11,2,90,4.1155,4.5
11,2,91,4.2764,4.5
11,2,91,3.7804,5.5
11,2,92,3.0778,5.5
11,2,92,4.1558,5.0
11,2,93,3.9835,5.0
11,2,93,3.9578,4.25
11,2,94,4.2900,4.25
11,2,94,3.4348,4.0
11,2,95,4.1258,4.0
11,2,95,4.0319,5.0
11,2,96,3.9447,5.0
11,2,96,3.9738,3.75
11,2,97,3.6022,3.75
11,2,97,4.1374,5.0
11,2,98,3.9063,5.0
11,2,98,4.2209,5.5
11,2,99,4.4028,5.5
11,2,99,3.2762,4.5
11,2,100,4.0713,4.5
11,2,100,3.7474,4.75
11,2,101,4.3153,4.75
11,2,101,4.1752,3.75
11,2,102,4.2834,3.75
11,2,102,3.9211,5.25
11,2,103,3.2818,5.25
11,2,103,3.4833,6.0
11,2,104,3.6462,6.0
11,2,104,4.1262,4.5
11,2,105,4.0997,4.5
11,2,105,4.3244,3.0
11,2,106,3.2139,3.0
11,2,106,4.1034,4.75
11,2,109,4.0780,4.75
11,2,109,4.2570,4.75
11,2,110,3.3494,4.75
11,2,110,4.0117,4.5
12,1,2,4.5550,6.5
12,1,2,3.8730,6.5
12,1,3,4.6223,6.0
12,1,3,3.1223,6.0
12,1,5,4.0008,6.0
12,1,5,3.3831,6.0
12,1,6,4.7723,5.0
12,1,6,3.2090,5.0
12,1,7,4.4683,6.25
12,1,7,3.3105,6.25
12,1,8,4.6193,5.25
12,1,8,3.5879,5.25
12,1,9,4.6347,4.75
12,1,9,3.3570,4.75
12,1,10,4.6331,5.25
12,1,10,3.1587,5.25
12,1,11,4.7010,5.0
12,1,11,3.1262,5.0
12,1,12,4.2627,5.75
12,1,12,3.1326,5.75
12,1,69,4.5706,3.75
12,1,69,4.4800,4.0
12,2,4,4.1976,4.0
12,2,4,4.5752,5.25
12,2,5,3.3469,5.25
12,2,5,4.5285,5.0
12,2,11,3.6298,5.0
12,2,11,4.5179,5.25
16,2,5,3.7087,4.0
16,2,5,3.6162,4.0
16,2,6,3.7248,4.5
16,2,6,3.6646,4.5
16,2,7,3.5877,5.0
16,2,7,3.5698,5.0
16,2,8,3.6234,3.25
16,2,8,3.5063,3.25
16,2,9,3.6256,3.5
16,2,9,3.6977,3.5
16,2,10,3.6291,5.5
16,2,10,3.6923,5.5
16,2,11,3.4712,4.5
16,2,11,3.6812,4.5
16,2,12,3.5133,5.5
16,2,12,3.4840,5.5
16,2,13,3.5095,4.5
16,2,13,3.5413,4.5
16,2,14,3.6151,4.0
16,2,14,3.5511,4.0
16,2,15,3.7074,4.25
16,2,15,3.5796,4.25
16,2,21,3.6240,3.75
16,2,21,3.6780,3.75
16,2,22,3.5486,1.75
16,2,22,3.6893,1.75
16,2,23,3.4612,2.5
16,2,23,3.6122,2.5
16,2,24,3.4662,3.5
16,2,24,3.5775,3.5
16,2,25,3.3634,3.0
16,2,25,3.4701,3.0
16,2,26,3.4395,3.25
16,2,26,3.4150,3.25
16,2,27,3.5354,4.25
16,2,27,3.5164,4.25
16,2,28,3.3977,3.25
16,2,28,3.2856,3.25
16,2,29,3.4436,2.0
16,2,29,3.4046,2.0
16,2,30,3.4659,3.0
16,2,30,3.4628,3.0
16,2,31,3.3016,2.0
16,2,31,3.5656,2.0
16,2,32,3.3552,2.75
16,2,32,3.5875,2.75
16,2,33,3.4256,1.5
16,2,33,3.5291,1.5
16,2,34,3.3159,2.25
16,2,34,3.4969,2.25
16,2,35,3.3773,2.5
16,2,35,3.3719,2.5
16,2,36,3.4780,3.75
16,2,36,3.3914,3.75
16,2,37,3.4421,4.5
16,2,37,3.5742,4.5
16,2,38,3.4328,4.0
16,2,38,3.5181,4.0
16,2,39,3.4958,2.25
16,2,39,3.5387,2.25
16,2,40,3.5004,2.0
16,2,40,3.4293,2.0
16,2,41,3.3738,1.75
16,2,41,3.4227,1.75
16,2,42,3.4416,2.5
16,2,42,3.3623,2.5
16,2,43,3.4411,2.25
16,2,43,3.5418,2.25
16,2,44,3.5205,2.75
16,2,44,3.3822,2.75
16,2,45,3.3179,3.0
16,2,45,3.5771,3.0
16,2,46,3.4924,2.5
16,2,46,3.5133,2.5
16,2,47,3.5005,1.75
16,2,47,3.4356,1.75
16,2,48,3.4070,3.25
16,2,48,3.2035,3.25
16,2,49,3.5592,2.75
16,2,49,3.4851,2.75
16,2,50,3.4125,2.25
16,2,50,3.6064,2.25
16,2,51,3.3564,3.5
16,2,51,3.6273,3.5
16,2,52,3.3693,2.25
16,2,52,3.4619,2.25
16,2,53,3.5275,4.0
16,2,53,3.6516,4.0
16,2,54,3.4602,1.25
16,2,54,3.5200,1.25
16,2,55,3.6576,4.0
16,2,55,3.4691,4.0
16,2,56,3.7379,4.75
16,2,56,3.5879,4.75
16,2,57,3.5510,3.0
16,2,57,3.5407,3.0
16,2,58,3.5345,2.25
16,2,58,3.7208,2.25
16,2,60,3.4621,3.0
16,2,60,3.5122,3.0
16,2,61,3.4915,2.5
16,2,61,3.6006,2.5
16,2,65,3.6743,5.0
16,2,65,3.6679,5.0
16,2,66,3.7945,5.75
16,2,66,3.6252,5.75
16,2,67,3.7520,3.5
16,2,67,3.4606,3.5
16,2,68,3.5539,1.25
16,2,68,3.5455,1.25
16,2,69,3.5105,1.75
16,2,69,3.5361,1.75
16,2,70,3.4868,1.75
16,2,70,3.4959,1.75
16,2,71,3.6985,4.0
16,2,71,3.6322,4.0
16,2,72,3.6103,2.25
16,2,72,3.6689,2.25
16,2,73,3.5217,4.0
16,2,73,3.5660,4.0
16,2,76,3.5033,3.0
16,2,76,3.6800,3.0
16,2,77,3.3960,5.5
16,2,77,3.7373,5.5
16,2,78,3.4871,4.25
16,2,78,3.6851,4.25
16,2,79,3.7365,5.0
16,2,79,3.6462,5.0
16,2,80,3.5630,4.0
16,2,80,3.6900,4.0
16,2,81,3.3865,2.5
16,2,81,3.7443,2.5
16,2,82,3.3669,2.25
16,2,82,3.7355,2.25
16,2,83,3.4760,4.5
16,2,83,3.7866,4.5
16,2,84,3.4698,3.75
16,2,84,3.5703,3.75
16,2,85,3.4695,3.5
16,2,85,3.6933,3.5
16,2,86,3.4983,4.5
16,2,86,3.6806,4.5
16,2,87,3.4673,3.5
16,2,87,3.6912,3.5
16,2,88,3.4990,3.75
16,2,88,3.7046,3.75
16,2,89,3.5903,1.75
16,2,89,3.7447,1.75
16,2,90,3.5188,1.75
16,2,90,3.4666,1.75
16,2,91,3.3941,3.25
16,2,91,3.6681,3.25
16,2,92,3.5364,2.5
16,2,92,3.7333,2.5
16,2,93,3.6063,4.0
16,2,93,3.5671,4.0
16,2,94,3.4544,4.0
16,2,94,3.6892,4.0
16,2,95,3.5623,3.5
16,2,95,3.5073,3.5
16,2,96,3.5416,3.5
16,2,96,3.6343,3.5
16,2,97,3.3912,2.75
16,2,97,3.7958,2.75
16,2,98,3.4326,4.5
16,2,98,3.7806,4.5
16,2,99,3.3936,3.25
16,2,99,3.6629,3.25
16,2,100,3.4976,3.25
16,2,100,3.5028,3.25
16,2,101,3.5951,5.0
16,2,101,3.5573,5.0
16,2,102,3.4101,1.75
16,2,102,3.6089,1.75
16,2,103,3.5084,3.25
16,2,103,3.5540,3.25
16,2,104,3.4989,1.75
16,2,104,3.6348,1.75
16,2,105,3.4943,3.75
16,2,105,3.5348,3.75
16,2,106,3.5916,2.75
16,2,106,3.6931,2.75
16,2,107,3.4823,3.25
16,2,107,3.6850,3.25
16,2,108,3.3817,2.75
16,2,108,3.7545,2.75
16,2,109,3.5783,4.5
16,2,109,3.7467,4.5
16,2,110,3.5041,2.25
16,2,110,3.4605,2.25
16,2,111,3.6813,3.5
16,2,111,3.5651,3.5
16,2,112,3.3844,1.5
16,2,112,3.7477,1.5
16,2,113,3.3344,2.5
16,2,113,3.7522,2.5
16,2,114,3.6115,3.5
16,2,114,3.5775,3.5
16,2,115,3.6056,2.75
16,2,115,3.6293,2.75
16,2,116,3.5572,4.0
17,1,4,3.9990,2.75
17,1,4,3.2590,2.75
17,1,5,4.0685,2.75
17,1,5,3.2449,2.75
17,1,6,3.9195,2.75
17,1,6,3.2175,2.75
17,1,7,4.2348,2.75
17,1,7,3.2260,2.75
17,1,8,4.1815,2.75
17,1,8,3.3420,2.75
17,1,9,4.3437,1.5
17,1,9,3.4820,1.5
17,1,10,4.0535,1.5
17,1,10,3.3358,1.5
17,1,12,4.1593,2.25
17,1,12,3.4142,2.25
17,1,17,4.2715,3.0
17,1,17,3.1625,3.0
17,1,18,4.2357,2.75
17,1,18,3.2312,2.75
17,1,19,4.1950,4.0
17,1,19,3.1082,4.0
17,1,20,4.2960,3.5
17,1,20,3.1632,3.5
17,1,21,4.2319,2.5
17,1,21,3.1016,2.5
17,1,22,4.3052,3.0
17,1,22,3.1772,3.0
17,1,23,4.2755,2.5
17,1,23,3.2050,2.5
17,1,24,4.1789,3.25
17,1,24,3.2697,3.25
17,1,25,4.1791,3.75
17,1,25,3.2133,3.75
17,1,26,4.2417,3.0
17,1,26,3.0224,3.0
17,1,27,4.3032,4.5
17,1,27,3.1802,4.5
17,1,29,4.2904,4.0
17,1,29,3.1567,4.0
17,1,30,4.1834,5.25
17,1,30,3.1060,5.25
17,1,31,4.2555,4.0
17,1,31,3.2332,4.0
17,1,32,4.2226,4.5
17,1,32,3.1805,4.5
17,1,33,4.1472,3.75
17,1,33,3.1273,3.75
17,1,34,4.2808,3.25
17,1,34,3.1397,3.25
17,1,35,4.2376,2.5
17,1,35,3.1865,2.5
17,1,36,4.3056,2.75
17,1,36,3.2581,2.75
17,1,37,4.3144,2.5
17,1,37,3.1726,2.5
17,1,38,4.3273,2.25
17,1,38,3.1116,2.25
17,1,39,4.3007,4.5
17,1,39,3.1760,4.5
17,1,40,4.3388,3.0
17,1,40,3.1200,3.0
17,1,41,4.3288,3.25
17,1,41,3.2112,3.25
17,1,42,4.2410,3.75
17,1,42,3.2662,3.75
17,1,43,4.2264,4.25
17,1,43,3.1037,4.25
17,1,44,4.3172,3.5
17,1,44,3.2022,3.5
17,1,45,4.3691,3.0
17,1,45,3.2101,3.0
17,1,46,4.3246,4.0
17,1,46,3.2621,4.0
17,1,51,4.3021,3.0
17,1,51,3.1366,3.0
17,1,52,4.3082,2.75
17,1,52,3.1877,2.75
17,1,53,4.3465,2.75
17,1,53,3.2940,2.75
17,1,54,4.2579,3.25
17,1,54,3.2833,3.25
17,1,55,4.2981,2.5
17,1,55,3.3848,2.5
17,1,56,4.2735,3.25
17,1,56,3.2552,3.25
17,1,59,4.1010,2.5
17,1,59,3.3361,2.5
17,1,60,4.0175,3.0
17,1,60,3.3565,3.0
17,1,61,3.8428,2.25
17,1,61,3.3187,2.25
17,1,62,3.9288,1.75
17,1,62,3.3396,1.75
17,1,63,3.6433,1.75
17,1,63,3.3904,1.75
17,1,64,3.8652,1.0
17,1,64,3.3767,1.0
17,1,65,3.6938,1.25
17,1,65,3.4065,1.25
17,1,67,4.0732,3.0
17,1,67,3.2434,3.0
17,1,68,4.0315,3.75
17,1,68,3.2382,3.75
17,1,69,4.0474,2.5
17,1,69,3.5216,2.5
17,1,72,4.2781,5.25
17,1,72,3.1815,5.25
17,1,73,4.3329,4.25
17,1,73,3.1118,4.25
17,1,74,4.3000,3.25
17,1,74,3.2136,3.25
17,1,75,4.3126,1.75
17,1,75,3.1916,1.75
17,1,76,4.1870,4.5
17,1,76,3.2045,4.5
17,1,77,4.2146,3.5
17,1,77,3.0566,3.5
17,1,78,4.1148,4.25
17,1,78,3.1581,4.25
17,1,79,4.1889,3.25
17,1,79,3.1870,3.25
17,1,80,4.2700,4.25
17,1,80,3.1623,4.25
17,1,81,4.2118,4.5
17,1,81,3.0727,4.5
17,1,82,4.1813,5.0
17,1,82,3.0500,5.0
17,1,83,4.1909,3.5
17,1,83,3.1722,3.5
17,1,84,4.1689,4.25
17,1,84,3.1472,4.25
17,1,85,4.2817,4.75
17,1,85,3.2090,4.75
17,1,86,4.2449,4.0
17,1,86,3.1893,4.0
17,1,87,4.2334,2.5
17,1,87,3.1802,2.5
17,1,88,4.2232,4.25
17,1,88,3.2110,4.25
17,1,89,4.1431,3.25
17,1,89,3.1570,3.25
17,1,90,4.2363,5.5
17,1,90,3.1329,5.5
17,1,91,4.1764,3.5
17,1,91,3.2820,3.5
17,1,92,4.2217,5.25
17,1,92,3.2291,5.25
17,1,93,4.1598,3.5
17,1,93,3.2541,3.5
17,1,94,4.1670,3.5
17,1,94,3.1218,3.5
17,1,95,4.0570,5.25
17,1,95,3.1856,5.25
17,1,96,4.2578,1.5
17,1,96,3.1805,1.5
17,1,97,4.0943,2.5
17,1,97,3.1341,2.5
17,1,98,4.1757,3.5
17,1,98,3.3076,3.5
17,1,99,4.1773,3.5
17,1,99,3.0748,3.5
17,1,100,4.1149,2.75
17,1,100,3.2472,2.75
17,1,101,4.2147,3.0
17,1,101,3.0384,3.0
17,1,102,4.2981,3.75
17,1,102,3.2401,3.75
17,1,104,3.8795,3.25
17,1,104,3.2610,3.25
17,1,105,4.1051,3.75
17,1,105,3.2042,3.75
17,1,106,4.1068,2.75
17,1,106,3.2034,2.75
17,1,107,4.0863,3.25
17,1,107,3.2437,3.25
17,1,108,4.0630,2.5
17,1,108,3.1137,2.5
17,1,109,3.8626,2.5
18,1,2,3.9602,4.25
18,1,2,3.9305,4.25
18,1,3,4.0463,2.25
18,1,3,3.9164,2.25
18,1,4,4.0271,3.0
18,1,4,3.9267,3.0
18,1,5,4.0587,1.5
18,1,5,3.7938,1.5
18,1,6,4.0854,3.5
18,1,6,3.9537,3.5
18,1,7,4.0232,2.5
18,1,7,3.5950,2.5
18,1,8,3.9472,2.25
18,1,8,3.5968,2.25
18,1,9,4.1491,2.0
18,1,9,3.7361,2.0
18,1,10,4.2235,1.75
18,1,10,3.9364,1.75
18,1,11,4.3085,5.75
18,1,11,3.8072,5.75
18,1,12,4.2750,6.0
18,1,12,3.7260,6.0
18,1,16,3.9961,2.33333
18,1,16,4.1981,2.33333
18,1,17,4.0458,3.0
18,1,17,3.9766,3.0
18,1,18,4.0529,2.75
18,1,18,4.1989,2.75
18,1,19,4.1040,2.75
18,1,19,4.2684,2.75
18,1,20,3.9482,2.75
18,1,20,4.1168,2.75
18,1,21,4.0910,2.5
18,1,21,4.0626,2.5
18,1,28,4.0638,3.25
18,1,28,4.2976,3.25
18,1,29,4.1657,3.75
18,1,29,4.4085,3.75
18,1,30,4.2235,2.75
18,1,30,4.2362,2.75
18,1,31,4.1048,3.75
18,1,31,4.3950,3.75
18,1,32,4.0135,1.25
18,1,32,4.6186,1.25
18,1,33,4.0497,1.0
18,1,33,4.7045,1.0
18,1,34,4.1373,2.25
18,1,34,4.3823,2.25
18,1,35,4.1347,2.25
18,1,35,4.1427,2.25
18,1,36,4.1068,2.25
18,1,36,4.2144,2.25
18,1,37,4.2649,2.75
18,1,37,4.3723,2.75
18,1,38,4.0602,3.5
18,1,38,3.9673,3.5
18,1,39,4.1627,4.0
18,1,39,3.7363,4.0
18,1,40,4.1057,4.0
18,1,40,4.1736,4.0
18,1,41,4.1149,4.0
18,1,41,4.1569,4.0
18,1,42,4.1076,2.5
18,1,42,4.0940,2.5
18,1,43,4.0980,4.25
18,1,43,3.9862,4.25
18,1,44,4.0107,2.5
18,1,44,3.7851,2.5
18,1,45,4.2011,4.75
18,1,45,3.9165,4.75
18,1,46,4.0541,2.25
18,1,46,4.5009,2.25
18,1,47,4.0521,1.75
18,1,47,4.5349,1.75
18,1,48,4.0483,1.75
18,1,48,4.3314,1.75
18,1,49,3.9966,1.5
18,1,49,4.0150,1.5
18,1,50,4.0426,2.25
18,1,50,4.3366,2.25
18,1,51,3.9251,1.25
18,1,51,3.9617,1.25
18,1,53,4.1243,3.25
18,1,53,4.3621,3.25
18,1,54,3.9906,1.25
18,1,54,3.9025,1.25
18,1,55,4.1615,1.75
18,1,55,3.9500,1.75
18,1,56,4.2417,3.25
18,1,56,3.7151,3.25
18,1,59,4.2742,1.66667
18,1,59,3.9698,1.66667
18,1,60,4.1019,1.0
18,1,60,4.0104,1.0
18,1,61,4.1398,3.25
18,1,61,3.9255,3.25
18,1,62,4.1506,1.5
18,1,62,3.9858,1.5
18,1,64,4.1653,2.25
18,1,64,3.9347,2.25
18,1,65,4.1308,1.0
18,1,65,3.9385,1.0
18,1,66,4.2193,1.75
18,1,66,3.8278,1.75
18,1,67,4.1954,1.0
18,1,67,3.8413,1.0
18,1,68,4.0873,2.5
18,1,68,3.9151,2.5
18,1,74,4.1222,1.5
18,1,74,3.8627,1.5
18,1,75,4.2520,1.0
18,1,75,3.9964,1.0
18,1,76,4.1677,2.0
18,1,76,4.0908,2.0
18,1,77,4.0951,1.0
18,1,77,4.0638,1.0
18,1,78,4.0733,2.0
18,1,78,3.9192,2.0
18,1,79,4.1422,2.25
18,1,79,4.0420,2.25
18,1,80,4.1110,3.5
18,1,80,4.1939,3.5
18,1,81,4.1578,3.75
18,1,81,4.1146,3.75
18,1,82,4.1069,3.25
18,1,82,3.9566,3.25
18,1,84,4.3213,4.5
18,1,84,4.0185,4.5
18,1,85,4.1122,4.0
18,1,85,4.1424,4.0
18,1,90,4.0192,2.5
18,1,90,4.0368,2.5
18,1,91,3.9883,2.5
18,1,91,4.2313,2.5
18,1,92,4.1158,2.25
18,1,92,4.1048,2.25
18,1,93,3.9148,2.0
18,1,93,3.8169,2.0
18,1,94,4.0115,2.5
18,1,94,3.8349,2.5
18,1,95,4.0769,4.25
18,1,95,4.2806,4.25
18,1,96,4.1145,2.5
18,1,96,3.9288,2.5
18,1,97,4.1998,3.25
18,1,97,4.0156,3.25
18,1,98,4.2650,2.25
18,1,98,3.8817,2.25
18,1,99,4.1973,2.5
18,1,99,4.0503,2.5
18,1,100,4.0992,3.75
18,1,100,4.2247,3.75
18,1,101,4.1126,2.25
18,1,101,4.2990,2.25
18,1,102,4.1432,2.25
18,1,102,4.0323,2.25
18,1,103,4.0148,2.0
18,1,103,4.0445,2.0
18,1,104,4.0310,3.25
18,1,104,4.0695,3.25
18,1,105,4.0839,1.75
18,1,105,3.8853,1.75
18,1,109,4.0923,3.0
18,1,109,4.0266,3.0
18,1,111,3.9725,2.75
18,1,111,3.9377,2.75
18,1,112,4.1323,1.25
