3,1,1,4.9368,3.875
3,1,1,4.8320,3.875
3,1,2,4.5585,4.5
3,1,2,4.1565,4.5
3,1,3,3.6283,3.0
3,1,3,3.6638,3.0
3,1,4,3.0473,3.25
3,1,4,3.7863,3.25
3,1,5,3.5934,6.0
3,1,5,4.6694,6.0
3,1,6,2.1667,4.5
3,1,6,4.2248,4.5
3,1,7,4.0172,4.75
3,1,7,4.4757,4.75
3,1,8,2.8459,3.5
3,1,8,4.2381,3.5
3,1,10,3.3448,2.875
3,1,10,4.3459,2.875
3,1,14,4.2320,3.75
3,1,14,4.7829,3.75
3,1,15,4.0926,5.0
3,1,15,3.2810,5.0
3,1,16,3.6225,4.75
3,1,16,3.7799,4.75
3,1,17,3.7149,5.0
3,1,17,3.3969,5.0
3,1,18,3.1608,3.75
3,1,18,3.9242,3.75
3,1,20,3.9246,2.5
3,1,20,2.8418,2.5
3,1,21,3.7926,4.5
3,1,21,3.3698,4.5
3,1,22,3.8492,4.83333
3,1,22,3.3545,4.83333
3,1,24,2.7009,4.5
3,1,24,3.2177,4.5
3,1,25,4.7554,5.5
3,1,25,4.8996,5.5
3,1,26,2.9623,4.0
3,1,26,3.9903,4.0
3,1,27,3.9725,5.25
3,1,27,4.8911,5.25
3,1,28,2.1430,4.75
3,1,28,2.9224,4.75
3,1,29,3.7819,1.25
3,1,29,4.6280,1.25
3,1,30,3.1799,4.5
3,1,30,4.5266,4.5
3,1,33,3.0508,3.0
3,1,33,3.2312,3.0
3,1,34,2.3723,4.125
3,1,34,2.5144,4.125
3,1,35,2.5693,4.375
3,1,35,4.3173,4.375
3,1,40,2.9058,5.0
3,1,40,2.8423,5.0
3,1,43,2.7936,4.0
3,1,43,4.4918,4.0
3,1,44,2.8412,3.0
3,1,44,4.2162,3.0
3,1,45,2.8373,4.25
3,1,45,3.7184,4.25
3,1,46,2.5359,5.0
3,1,46,4.1299,5.0
3,1,47,3.1038,4.25
3,1,47,3.8412,4.25
3,1,48,3.5819,2.5
3,1,48,4.1259,2.5
3,1,49,2.9518,5.0
3,1,49,4.1531,5.0
3,1,50,2.7190,4.66667
3,1,50,4.4881,4.66667
3,1,51,2.2678,4.5
3,1,51,3.3457,4.5
3,1,52,3.7983,3.5
3,1,52,3.9398,3.5
3,1,55,2.8621,3.25
3,1,55,4.9055,3.25
3,1,56,2.2705,4.0
3,1,56,3.5453,4.0
3,1,57,3.9528,4.875
3,1,57,4.2151,4.875
3,1,58,3.5876,4.5
3,1,58,4.4137,4.5
3,1,59,3.5294,5.5
3,1,59,4.6666,5.5
3,1,60,3.3171,5.5
3,1,60,3.3840,5.5
3,1,61,3.7449,5.5
3,1,61,3.2208,5.5
3,1,62,2.8426,4.375
3,1,62,3.4737,4.375
3,1,63,3.4715,4.75
3,1,63,3.5790,4.75
3,1,64,3.0132,5.75
3,1,64,3.4776,5.75
3,1,65,3.8164,6.25
3,1,65,4.7240,6.25
3,1,66,5.3881,3.0
3,1,66,4.4456,3.0
3,1,70,3.2993,2.75
3,1,70,3.2814,2.75
3,1,71,3.2589,2.0
3,1,71,4.4739,2.0
3,1,73,2.5288,3.0
3,1,73,4.1205,3.0
3,1,74,2.8409,4.0
3,1,74,4.2852,4.0
3,1,75,3.3466,4.0
3,1,75,1.9735,4.0
3,1,78,3.6420,5.25
3,1,78,4.1714,5.25
3,1,79,4.0731,5.25
3,1,79,4.7774,5.25
3,1,80,2.8562,2.75
3,1,80,4.3679,2.75
3,1,81,3.1024,2.75
3,1,81,2.7544,2.75
3,1,82,3.2589,3.0
3,1,82,3.7158,3.0
3,1,83,2.9931,4.5
3,1,83,4.3535,4.5
3,1,84,3.4950,3.75
3,1,84,3.5786,3.75
3,1,85,3.1295,2.0
3,1,85,3.8145,2.0
3,1,86,3.6304,4.25
3,1,86,4.6297,4.25
3,1,87,4.6362,4.25
3,1,87,4.3464,4.25
3,1,88,2.3332,4.0
3,1,88,4.0347,4.0
3,1,89,3.0676,4.25
3,1,89,4.1734,4.25
3,1,90,3.2228,3.75
3,1,90,4.0503,3.75
3,1,91,2.5566,4.0
3,1,91,4.3790,4.0
3,1,92,2.4023,3.5
3,1,92,3.2820,3.5
3,1,93,3.3443,3.25
3,1,93,4.0381,3.25
3,1,94,3.0435,3.25
3,1,94,3.4338,3.25
3,1,95,2.7933,3.75
3,1,95,4.6097,3.75
3,1,96,3.8376,3.875
3,1,96,4.7766,3.875
3,1,97,2.5724,1.25
3,1,97,4.3202,1.25
3,1,98,2.7412,1.75
3,1,98,3.6446,1.75
3,1,99,3.1086,1.5
3,1,99,3.2403,1.5
3,1,100,3.4266,2.375
3,1,100,4.2508,2.375
3,1,101,3.6875,4.375
3,1,101,4.0331,4.375
3,1,102,2.9359,5.25
3,1,102,2.8727,5.25
3,1,103,2.8183,1.5
3,1,103,4.1795,1.5
3,1,104,2.6273,3.5
3,1,104,3.9689,3.5
3,1,105,2.4226,1.25
3,1,105,3.7796,1.25
3,1,106,2.3035,2.75
3,1,106,4.2938,1.875
3,2,2,3.9440,1.875
3,2,2,3.5108,3.25
3,2,5,3.2247,3.25
3,2,5,3.1199,5.25
3,2,6,3.9335,5.25
3,2,6,4.1305,6.0
3,2,7,5.0375,6.0
3,2,7,4.3051,6.0
3,2,8,3.5224,6.0
3,2,8,3.5280,4.5
3,2,9,4.2569,4.5
3,2,9,3.9319,4.0
3,2,10,4.4206,4.0
3,2,10,3.9923,4.125
3,2,11,3.5829,4.125
3,2,11,3.5042,5.25
3,2,12,4.3777,5.25
3,2,12,4.3806,5.0
3,2,13,3.9609,5.0
3,2,13,3.6122,3.75
3,2,14,4.6712,3.75
3,2,14,3.7693,2.5
3,2,26,3.1634,2.5
3,2,26,3.8041,4.0
3,2,27,3.6508,4.0
3,2,27,3.9952,4.0
3,2,28,4.0292,4.0
3,2,28,3.3172,4.0
3,2,29,3.4617,4.0
3,2,29,3.1160,3.625
3,2,30,2.8727,3.625
3,2,30,3.3242,3.25
3,2,31,4.1476,3.25
3,2,31,3.9238,3.25
3,2,32,3.8599,3.25
3,2,32,3.0685,3.5
3,2,34,3.6000,3.5
3,2,34,3.4715,3.875
3,2,35,3.5601,3.875
3,2,35,3.9745,2.75
3,2,36,3.7049,2.75
3,2,36,3.8811,2.25
3,2,37,3.3758,2.25
3,2,37,2.4699,3.25
3,2,38,3.7113,3.25
3,2,38,2.1118,4.25
3,2,39,4.0931,4.25
3,2,39,2.8223,2.75
3,2,40,2.4829,2.75
3,2,40,2.6930,3.5
3,2,41,3.3876,3.5
3,2,41,3.9446,2.5
3,2,42,3.9552,2.5
3,2,42,3.8598,4.0
3,2,43,3.7100,4.0
3,2,43,2.9569,5.0
3,2,44,3.9928,5.0
3,2,44,2.8802,3.25
3,2,45,2.8452,3.25
3,2,45,3.4641,4.5
3,2,46,3.9972,4.5
3,2,46,2.8846,3.875
3,2,47,2.9762,3.875
3,2,47,4.3262,4.25
3,2,48,3.7338,4.25
3,2,48,4.4342,3.75
3,2,50,3.0195,3.75
3,2,50,2.9266,4.0
3,2,51,3.2917,4.0
3,2,51,3.1098,1.5
3,2,52,2.5555,1.5
3,2,52,2.3895,4.5
3,2,53,3.3469,4.5
3,2,53,2.5912,3.33333
3,2,55,3.2683,3.33333
3,2,55,3.3729,4.25
3,2,56,2.7460,4.25
3,2,56,4.4704,2.25
3,2,59,2.7746,2.25
3,2,59,4.1201,3.75
3,2,60,3.8191,3.75
3,2,60,3.8147,4.375
3,2,61,4.0488,4.375
3,2,61,3.3847,5.25
3,2,62,5.2993,5.25
3,2,62,4.7021,1.25
3,2,63,4.2954,1.25
3,2,63,4.6961,2.375
3,2,64,3.2903,2.375
3,2,64,4.6671,3.75
3,2,66,5.2018,3.75
3,2,66,4.2292,5.25
3,2,67,4.2752,5.25
3,2,67,5.0419,5.5
3,2,68,2.8117,5.5
3,2,68,4.7730,1.25
3,2,69,5.0747,1.25
3,2,69,5.0207,3.66667
3,2,70,4.1945,3.66667
3,2,70,3.5274,2.375
3,2,71,3.1307,2.375
3,2,71,4.0967,3.75
3,2,73,3.8503,3.75
3,2,73,2.3465,2.75
3,2,78,2.6605,2.75
3,2,78,3.2188,3.75
3,2,79,4.1412,3.75
3,2,79,4.1903,4.75
3,2,80,4.3423,4.75
3,2,80,2.8217,4.375
3,2,81,3.9060,4.375
3,2,81,3.9948,3.25
3,2,82,3.7879,3.25
3,2,82,3.7032,4.25
3,2,83,2.8279,4.25
3,2,83,1.9683,4.0
3,2,84,3.9310,4.0
3,2,84,4.4660,3.25
3,2,85,3.6484,3.25
3,2,85,3.1340,2.75
3,2,86,3.2376,2.75
3,2,86,3.2295,3.75
3,2,87,3.6585,3.75
3,2,87,3.2982,4.0
3,2,88,4.1792,4.0
3,2,88,4.1750,4.25
3,2,90,3.4603,4.25
3,2,90,4.2587,4.5
3,2,91,3.2014,4.5
3,2,91,3.0675,3.75
3,2,94,4.2797,3.75
3,2,94,3.2062,1.5
3,2,95,3.0977,1.5
3,2,95,4.1996,3.125
3,2,96,2.5786,3.125
3,2,96,2.9480,5.0
3,2,97,4.1358,5.0
3,2,97,3.2714,4.5
3,2,98,2.8582,4.5
3,2,98,3.5531,2.625
3,2,99,3.3697,2.625
3,2,99,3.6993,1.25
3,2,100,2.9699,1.25
3,2,100,2.6357,3.125
3,2,101,3.2273,3.125
3,2,101,4.2669,2.0
3,2,102,4.1531,2.0
3,2,102,3.6760,4.0
3,2,103,4.2137,4.0
3,2,103,3.4964,3.5
3,2,104,3.3695,3.5
3,2,104,3.0680,3.5
3,2,105,3.4843,3.5
3,2,105,4.5306,3.875
3,2,106,3.4025,3.875
3,2,106,3.1917,4.625
3,2,107,4.5096,4.625
3,2,107,3.0873,4.0
3,2,108,3.1751,4.0
3,2,108,2.8753,4.25
3,2,110,3.1476,4.25
3,2,110,3.4628,3.5
3,2,111,2.7459,3.5
3,2,111,2.9190,3.0
4,1,23,2.6405,1.0
4,1,23,5.5056,1.0
4,1,30,4.3779,1.125
4,1,30,4.0823,1.125
4,1,31,2.0459,2.25
4,1,31,4.2197,2.25
4,1,32,2.5318,1.5
4,1,32,4.1713,1.5
4,1,33,2.4063,1.5
4,1,33,3.9778,1.5
4,1,34,3.1738,1.5
4,1,34,3.4648,1.5
4,1,35,1.2387,1.75
4,1,35,4.1605,1.75
4,1,36,2.1855,0.875
4,1,36,3.4770,0.875
4,1,37,1.9953,2.25
4,1,37,3.2385,2.25
4,1,38,2.4334,2.5
4,1,38,4.2676,2.5
4,1,39,2.3132,2.5
4,1,39,3.3440,2.5
4,1,40,2.2072,4.0
4,1,40,4.1227,4.0
4,1,41,2.6435,2.5
4,1,41,4.3348,2.5
4,1,42,3.2694,1.75
4,1,42,4.0442,1.75
4,1,45,3.4208,2.125
4,1,45,3.2192,2.125
4,1,46,3.1788,3.75
4,1,46,4.4224,3.75
4,1,48,2.4742,1.5
4,1,48,3.6549,1.5
4,1,49,2.1167,4.25
4,1,49,3.7694,4.25
4,1,50,3.0051,2.0
4,1,50,2.9095,2.0
4,1,51,2.9846,2.75
4,1,51,3.8287,2.75
4,1,52,3.8173,3.25
4,1,52,4.1824,3.25
4,1,54,2.8961,3.375
4,1,54,4.4163,3.375
4,1,55,2.8249,2.5
4,1,55,3.8016,2.5
4,1,56,2.6008,2.0
4,1,56,3.7664,2.0
4,1,57,2.0582,2.75
4,1,57,4.3901,2.75
4,1,58,2.2416,2.25
4,1,58,2.7543,2.25
4,1,59,3.1743,1.875
4,1,59,3.5695,1.875
4,1,63,2.9122,1.0
4,1,63,3.8318,1.0
4,1,64,4.1377,3.5
4,1,64,4.6201,3.5
4,1,65,2.4343,4.75
4,1,65,3.5091,4.75
4,1,66,2.0992,1.0
4,1,66,3.1709,1.0
4,1,67,2.3589,1.75
4,1,67,4.9986,1.75
4,1,68,2.7191,5.5
4,1,68,5.1210,5.5
4,1,69,2.2157,5.5
4,1,69,5.2905,5.5
4,1,70,3.0303,5.25
4,1,70,4.5131,5.25
4,1,71,2.3643,2.125
4,1,71,5.2379,2.125
4,1,72,3.1894,2.375
4,1,72,5.3461,2.375
4,1,73,2.4762,4.25
4,1,73,5.0513,4.25
4,1,74,2.8479,3.5
4,1,74,4.3018,3.5
4,1,75,3.5470,4.75
4,1,75,4.7785,4.75
4,1,77,2.8206,2.625
4,1,77,4.1456,2.625
4,1,99,2.7936,2.375
4,1,99,3.5365,2.375
4,1,102,3.0865,1.5
4,1,102,3.3883,1.5
4,1,104,2.6927,1.25
4,1,104,3.4233,1.25
4,1,105,3.2618,3.625
4,1,105,4.1296,3.625
4,1,110,3.0505,4.0
4,1,110,1.5286,4.0
4,1,111,4.0109,3.5
4,1,111,1.7814,3.5
4,1,112,2.7649,1.0
7,1,1,3.9983,3.5
7,1,1,4.8823,3.5
7,1,2,4.7477,5.5
7,1,2,5.0509,5.5
7,1,3,4.6059,4.75
7,1,3,5.1270,4.75
7,1,4,5.2545,3.25
7,1,4,4.9874,3.25
7,1,5,4.9043,4.75
7,1,5,5.9290,4.75
7,1,7,5.4097,2.25
7,1,7,5.4014,2.25
7,1,8,5.3906,4.5
7,1,8,5.6401,4.5
7,1,9,4.0376,2.0
7,1,9,3.8754,2.0
7,1,10,5.1811,2.75
7,1,10,2.8877,2.75
7,1,11,4.3723,1.75
7,1,11,4.8984,1.75
7,1,12,4.2329,5.0
7,1,12,5.3716,5.0
7,1,13,4.8904,3.0
7,1,13,3.2679,3.0
7,1,14,3.0334,1.75
7,1,14,4.8003,1.75
7,1,18,5.2539,6.0
7,1,18,5.6314,6.0
7,1,19,4.6956,4.75
7,1,19,5.2079,4.75
7,1,20,3.4826,5.25
7,1,20,5.3995,5.25
7,1,22,5.0382,3.75
7,1,22,5.6716,3.75
7,1,23,3.4928,4.0
7,1,23,5.7366,4.0
7,1,24,2.1913,5.0
7,1,24,5.9444,5.0
7,1,25,4.9655,4.5
7,1,25,4.8334,4.5
7,1,26,3.7980,3.0
7,1,26,4.6409,3.0
7,1,27,2.6559,4.25
7,1,27,5.2136,4.25
7,1,28,5.3256,5.25
7,1,28,5.9199,5.25
7,1,29,2.8285,4.25
7,1,29,5.3148,4.25
7,1,30,4.7721,3.0
7,1,30,4.2152,3.0
7,1,31,4.9542,4.5
7,1,31,4.2445,4.5
7,1,32,5.2640,3.75
7,1,32,5.1435,3.75
7,1,33,5.1790,4.75
7,1,33,5.0330,4.75
7,1,34,4.6986,5.5
7,1,34,5.0697,5.5
7,1,35,4.5195,6.0
7,1,35,5.0247,6.0
7,1,36,5.4272,4.25
7,1,36,5.6947,4.25
7,1,37,4.8654,4.25
7,1,37,5.1311,4.25
7,1,38,5.3883,3.5
7,1,38,3.5859,3.5
7,1,39,5.1464,5.5
7,1,39,5.1617,5.5
7,1,40,2.9549,5.5
7,1,40,4.7684,5.5
7,1,41,4.8321,4.75
7,1,41,4.6526,4.75
7,1,42,3.1736,3.0
7,1,42,4.1820,3.0
7,1,43,5.1345,3.5
7,1,43,5.3720,3.5
7,1,44,3.8383,6.25
7,1,44,4.0761,6.25
7,1,45,5.2913,4.5
7,1,45,4.6355,4.5
7,1,46,4.9573,4.0
7,1,46,5.1188,4.0
7,1,47,3.8608,4.5
7,1,47,4.9192,4.5
7,1,48,3.5896,1.5
7,1,48,4.9435,1.5
7,1,49,4.0926,4.5
7,1,49,4.3385,4.5
7,1,50,4.4480,5.0
7,1,50,5.1043,5.0
7,1,51,5.2547,3.5
7,1,51,4.4689,3.5
7,1,52,4.2745,0.75
7,1,52,5.3848,0.75
7,1,53,3.6914,5.5
7,1,53,4.2896,5.5
7,1,55,5.0898,2.5
7,1,55,4.8103,2.5
7,1,57,2.7240,4.25
7,1,57,4.5058,4.25
7,1,58,4.0880,6.0
7,1,58,4.4716,6.0
7,1,59,3.6319,5.25
7,1,59,4.8756,5.25
7,1,60,3.3096,3.25
7,1,60,5.1748,3.25
7,1,61,3.6010,5.0
7,1,61,4.8761,5.0
7,1,62,3.8684,4.5
7,1,62,2.7430,4.5
7,1,63,3.9724,5.5
7,1,63,5.6765,5.5
7,1,64,2.7530,5.0
7,1,64,5.0833,5.0
7,1,65,4.9612,5.25
7,1,65,3.3789,5.25
7,1,66,3.5983,4.25
7,1,66,5.4304,4.25
7,1,67,3.0585,4.75
7,1,67,4.2408,4.75
7,1,68,2.6187,4.25
7,1,68,3.8280,4.25
7,1,69,4.7997,5.5
7,1,69,4.1794,5.5
7,1,70,4.3977,5.5
7,1,70,5.2399,5.5
7,1,71,3.8300,4.75
7,1,71,5.0549,4.75
7,1,72,4.9356,2.0
7,1,72,4.5674,2.0
7,1,73,4.4966,1.0
7,1,73,4.6912,1.0
7,1,74,2.1885,4.25
7,1,74,4.2708,4.25
7,1,75,4.9708,4.75
7,1,75,3.4555,4.75
7,1,76,2.9643,2.75
7,1,76,3.5553,2.75
7,1,78,3.7335,4.0
7,1,78,3.6963,4.0
7,1,79,3.5208,3.0
7,1,79,4.9062,3.0
7,1,80,4.6092,2.0
7,1,80,4.5230,2.0
7,1,81,5.0198,4.0
7,1,81,4.1793,4.0
7,1,82,5.4141,5.25
7,1,82,4.1214,5.25
7,1,83,4.8402,4.75
7,1,83,5.1323,4.75
7,1,84,3.5714,4.75
7,1,84,4.8659,4.75
7,1,86,5.3107,3.25
7,1,86,4.7812,3.25
7,1,88,3.5586,6.5
7,1,88,4.5225,6.5
7,1,90,5.5972,4.0
7,1,90,4.7492,4.0
7,1,92,5.1010,5.75
7,1,92,5.3983,5.75
7,1,93,4.8704,4.25
7,1,93,4.0207,4.25
7,1,94,5.4621,3.0
7,1,94,5.1476,3.0
7,1,95,4.9517,4.75
7,1,95,5.6680,4.75
7,1,96,4.7247,5.5
7,1,96,4.6758,5.5
7,1,97,4.9034,5.5
7,1,97,4.9637,5.5
7,1,98,3.8852,3.25
7,1,98,5.1987,3.25
7,1,101,5.3111,4.0
7,1,101,4.2145,4.0
7,1,102,5.5315,4.25
7,1,102,4.8078,4.25
7,1,103,5.6240,3.25
7,1,103,4.6838,3.25
7,1,104,3.1701,4.75
7,1,104,3.5915,4.75
7,1,105,3.2359,4.75
7,1,105,4.3121,4.75
7,1,106,5.2411,4.75
7,1,106,4.6758,4.75
7,1,109,5.1600,6.25
7,1,109,4.1558,4.25
7,2,1,5.0175,4.25
7,2,1,3.8263,2.75
7,2,2,4.5788,2.75
7,2,2,3.1397,5.75
7,2,3,5.3762,5.75
7,2,3,4.8224,3.0
7,2,4,4.4990,3.0
7,2,4,3.9538,3.25
7,2,5,5.3119,3.25
7,2,5,5.0593,4.0
7,2,6,5.5932,4.0
7,2,6,4.2647,5.0
7,2,7,4.8503,5.0
7,2,7,4.5095,4.0
7,2,8,5.0008,4.0
7,2,8,4.4136,4.0
7,2,9,5.3237,4.0
7,2,9,4.2524,4.0
7,2,10,4.8330,4.0
7,2,10,1.3910,2.75
7,2,11,4.9190,2.75
7,2,11,4.6535,4.25
7,2,12,5.3305,4.25
7,2,12,3.3564,4.75
7,2,13,5.5874,4.75
7,2,13,4.8783,5.5
7,2,14,5.5720,5.5
7,2,14,4.9336,5.0
7,2,16,5.4884,5.0
7,2,16,2.0303,6.0
7,2,17,2.0379,6.0
7,2,17,3.7011,3.5
7,2,18,4.9828,3.5
7,2,18,3.8320,4.5
7,2,19,3.9339,4.5
7,2,19,3.6399,5.5
7,2,20,4.8358,5.5
7,2,20,3.2085,1.5
7,2,21,4.8605,1.5
7,2,21,3.2204,3.0
7,2,22,3.0919,3.0
7,2,22,4.4060,1.75
7,2,23,4.6011,1.75
7,2,23,4.5630,3.75
7,2,24,4.8844,3.75
7,2,24,4.1206,4.75
7,2,25,5.0551,4.75
7,2,25,4.2020,4.25
7,2,26,5.0106,4.25
7,2,26,3.3060,4.25
7,2,27,5.5048,4.25
7,2,27,2.6635,5.75
7,2,28,5.1107,5.75
7,2,28,5.4260,1.75
7,2,29,4.9512,1.75
7,2,29,5.2120,3.0
7,2,30,2.9777,3.0
7,2,30,4.2514,3.75
7,2,31,5.8148,3.75
7,2,31,2.8090,4.5
7,2,32,4.9838,4.5
7,2,32,4.3854,1.5
7,2,33,3.5615,1.5
7,2,33,2.7328,4.25
7,2,34,4.7989,4.25
7,2,34,4.1706,3.5
7,2,35,5.5639,3.5
7,2,35,5.4390,2.5
7,2,36,4.0590,2.5
7,2,36,2.8025,3.5
7,2,37,5.7320,3.5
7,2,37,4.7502,5.25
7,2,38,4.0710,5.25
7,2,38,5.0068,4.0
7,2,39,4.2144,4.0
7,2,39,5.0081,5.25
7,2,40,5.4138,5.25
7,2,40,4.5412,3.0
7,2,42,4.9603,3.0
7,2,42,2.9443,2.75
7,2,43,4.8178,2.75
7,2,43,3.5242,4.5
7,2,44,4.5513,4.5
7,2,44,3.9514,2.5
7,2,45,4.7521,2.5
7,2,45,3.5552,4.75
7,2,46,4.2044,4.75
7,2,46,4.4770,4.0
7,2,47,4.5063,4.0
7,2,47,4.7879,3.75
7,2,48,4.8299,3.75
7,2,48,3.8381,4.0
7,2,49,4.3078,4.0
7,2,49,3.4673,4.25
7,2,50,4.5379,4.25
7,2,50,4.0438,4.75
7,2,51,4.5126,4.75
7,2,51,4.8446,3.25
7,2,52,5.4105,3.25
7,2,52,4.4609,5.0
7,2,53,4.4550,5.0
7,2,53,4.1755,4.0
7,2,55,4.1792,4.0
7,2,55,3.9189,4.75
7,2,56,5.1335,4.75
7,2,56,4.0865,1.5
7,2,57,5.0782,1.5
7,2,57,3.5554,4.0
7,2,58,4.1905,4.0
7,2,58,1.9894,4.0
7,2,60,4.1974,4.0
7,2,60,-0.3054,5.5
7,2,61,3.4058,5.5
7,2,61,3.2470,5.25
7,2,63,4.0348,5.25
7,2,63,3.3724,3.25
7,2,64,4.8864,3.25
7,2,64,4.6233,5.0
7,2,65,3.1923,5.0
7,2,65,3.8812,5.5
7,2,66,4.5671,5.5
7,2,66,4.1253,6.5
7,2,68,5.2021,6.5
7,2,68,4.2006,4.25
7,2,69,5.0838,4.25
7,2,69,4.1368,3.25
7,2,70,4.9275,3.25
7,2,70,4.4123,4.0
7,2,71,1.8492,4.0
7,2,71,5.3740,4.25
7,2,72,4.4347,4.25
7,2,72,4.2231,3.25
7,2,73,4.0310,3.25
7,2,73,3.5150,2.5
7,2,74,4.6628,2.5
7,2,74,4.2849,3.5
7,2,75,4.7865,3.5
7,2,75,2.9818,4.5
7,2,76,4.7823,4.5
7,2,76,3.3246,4.25
7,2,77,3.5244,4.25
7,2,77,3.0415,5.0
7,2,78,3.3486,5.0
7,2,78,5.1784,4.0
7,2,80,4.9887,4.0
7,2,80,4.8827,3.25
7,2,82,4.3704,3.25
7,2,82,3.9969,5.0
7,2,83,5.2807,5.0
7,2,83,3.1818,3.75
7,2,84,2.0522,3.75
7,2,84,4.1283,2.5
7,2,85,3.7478,2.5
7,2,85,2.5829,2.5
7,2,86,3.4231,2.5
7,2,86,1.4492,4.5
7,2,87,4.8204,4.5
7,2,87,3.5127,5.0
7,2,88,4.3089,5.0
7,2,88,3.8311,3.0
7,2,89,3.0522,3.0
7,2,89,2.5069,4.0
7,2,90,4.3718,4.0
7,2,90,3.4185,3.75
7,2,91,4.9630,3.75
7,2,91,4.1646,4.66667
7,2,92,3.6769,4.66667
7,2,92,3.3457,4.75
7,2,93,3.6250,4.75
7,2,93,0.9112,3.25
7,2,94,3.8361,3.25
7,2,94,3.4547,2.5
7,2,95,4.6999,2.5
7,2,95,4.4383,3.5
7,2,96,3.5839,3.5
7,2,96,2.8530,3.0
7,2,97,2.6950,3.0
7,2,97,3.7361,3.75
7,2,98,4.6166,3.75
7,2,98,3.1747,4.25
7,2,99,4.9027,4.25
7,2,99,3.8608,1.75
7,2,100,3.2716,1.75
7,2,100,3.8026,5.25
7,2,102,4.4989,5.25
7,2,102,2.9802,4.25
7,2,103,4.5447,4.25
7,2,103,3.9623,3.5
7,2,104,4.0926,3.5
7,2,104,3.6428,3.0
7,2,105,3.5481,3.0
7,2,105,4.4072,6.25
7,2,106,4.7751,6.25
7,2,106,3.9133,4.5
7,2,107,4.5386,4.5
7,2,107,1.5756,5.5
7,2,108,4.5777,5.5
7,2,108,1.6424,5.25
7,2,109,4.6327,5.25
7,2,109,3.0980,4.75
8,1,9,2.6174,2.0
8,1,9,3.1900,2.0
8,1,10,3.0869,1.75
8,1,10,2.8395,1.75
8,1,16,3.2263,2.75
8,1,16,3.3510,2.75
8,1,17,4.1620,3.25
8,1,17,3.1760,3.25
8,1,18,3.4021,3.75
8,1,18,2.6680,3.75
8,1,20,3.5026,2.5
8,1,20,2.8514,2.5
8,1,21,3.8677,1.75
8,1,21,2.6831,1.75
8,1,22,2.7656,3.5
8,1,22,2.9418,3.5
8,1,27,2.9113,2.0
8,1,27,2.9702,2.0
8,1,30,3.5821,2.5
8,1,30,3.0398,2.5
8,1,54,3.0746,3.0
8,1,54,1.7088,3.0
8,1,58,3.5679,1.0
8,1,58,3.1757,1.0
8,1,68,3.3398,1.5
8,1,68,3.3401,1.5
8,1,73,4.0214,2.75
8,1,73,2.6315,2.75
8,1,74,3.8305,2.5
8,1,74,2.6574,2.5
8,1,75,3.9432,3.0
8,1,75,2.6481,3.0
8,1,76,4.1178,1.0
8,1,76,1.9284,1.0
8,1,77,4.4366,3.25
8,1,77,2.4389,3.25
8,1,78,4.4764,2.75
8,1,78,3.0593,2.75
8,1,79,4.2471,2.0
8,1,79,2.7235,2.0
8,1,80,4.2360,1.75
8,1,80,2.2683,1.75
8,1,81,3.9129,2.25
8,1,81,2.8030,2.25
8,1,82,3.4102,1.75
8,1,82,2.6759,1.75
8,1,85,4.1538,2.0
8,1,85,3.0941,2.0
8,1,88,4.1310,2.25
8,1,88,2.7775,2.25
8,1,89,4.2012,3.5
8,1,89,4.0036,3.25
8,2,4,3.1265,3.25
8,2,4,3.0544,3.75
8,2,5,3.2125,3.75
8,2,5,3.2475,1.5
8,2,7,2.9354,1.5
8,2,7,3.8327,4.25
8,2,8,3.4923,4.25
8,2,8,2.9922,2.0
8,2,9,2.7306,2.0
8,2,9,3.4708,3.0
8,2,11,3.3007,3.0
8,2,11,2.5361,2.25
8,2,15,2.6548,2.25
8,2,15,2.5169,4.0
8,2,16,4.0167,4.0
8,2,16,3.0635,3.5
8,2,18,2.9410,3.5
8,2,18,3.2773,3.75
8,2,20,3.6336,3.75
8,2,20,2.2032,2.25
8,2,21,3.2305,2.25
8,2,21,3.1102,2.25
8,2,22,3.0696,2.25
8,2,22,2.6612,2.5
8,2,23,2.8655,2.5
8,2,23,3.8720,3.0
8,2,24,3.7188,3.0
8,2,24,2.9071,4.0
8,2,27,3.4221,4.0
8,2,27,2.5099,2.5
8,2,28,3.0914,2.5
8,2,28,3.0878,4.75
8,2,29,3.5227,4.75
8,2,29,3.2334,4.25
8,2,30,2.9233,4.25
8,2,30,3.3221,2.75
8,2,31,2.9549,2.75
8,2,31,3.0742,4.0
8,2,32,3.3604,4.0
8,2,32,2.8383,3.5
8,2,35,2.6151,3.5
8,2,35,2.3992,3.75
8,2,36,3.8253,3.75
8,2,36,2.7998,2.25
8,2,37,2.7614,2.25
8,2,37,3.0302,3.75
8,2,38,3.4618,3.75
8,2,38,2.8792,2.0
8,2,39,3.0007,2.0
8,2,39,2.8088,2.0
8,2,40,2.9859,2.0
8,2,40,2.7857,4.0
8,2,41,2.7476,4.0
8,2,41,2.4516,3.5
8,2,42,3.4047,3.5
8,2,42,2.1432,2.25
8,2,45,3.1078,2.25
8,2,45,2.5681,4.0
8,2,48,3.5312,4.0
8,2,48,2.7508,4.0
8,2,49,3.5642,4.0
8,2,49,2.4381,3.0
8,2,50,2.8374,3.0
8,2,50,2.5791,3.75
8,2,55,3.6341,3.75
8,2,55,2.4698,4.75
8,2,57,3.2202,4.75
8,2,57,3.3893,3.0
8,2,58,4.0710,3.0
8,2,58,2.4227,1.75
8,2,62,3.6905,1.75
8,2,62,2.0446,5.25
8,2,63,3.8633,5.25
8,2,63,1.3276,1.625
8,2,67,3.7481,1.625
8,2,67,2.0118,2.75
8,2,68,4.0207,2.75
8,2,68,2.6344,3.5
8,2,69,4.1264,3.5
8,2,69,1.4720,2.0
8,2,71,3.2150,2.0
8,2,71,1.8130,3.5
8,2,72,2.9101,3.5
8,2,72,2.4154,3.75
8,2,74,3.5650,3.75
8,2,74,1.6203,4.0
9,1,2,1.0588,5.25
9,1,2,3.6573,5.25
9,1,3,2.3848,4.75
9,1,3,3.2954,4.75
9,1,4,3.6994,5.0
9,1,4,3.8839,5.0
9,1,5,3.0506,5.75
9,1,5,4.1216,5.75
9,1,6,1.2532,3.5
9,1,6,3.8860,3.5
9,1,7,0.9846,4.25
9,1,7,2.3854,4.25
9,1,8,2.6391,4.5
9,1,8,3.5988,4.5
9,1,12,2.5244,4.75
9,1,12,2.8268,4.75
9,1,16,1.8388,1.5
9,1,16,4.0556,1.5
9,1,17,2.3350,4.25
9,1,17,3.2859,4.25
9,1,18,0.7179,3.5
9,1,18,3.6485,3.5
9,1,19,1.3531,3.25
9,1,19,3.2454,3.25
9,1,20,2.5788,4.0
9,1,20,3.1439,4.0
9,1,21,1.9630,4.5
9,1,21,3.4634,4.5
9,1,22,1.8817,3.0
9,1,22,3.3450,3.0
9,1,23,2.2036,4.5
9,1,23,3.9292,4.5
9,1,24,1.5467,3.5
9,1,24,2.0961,3.5
9,1,25,1.9838,3.5
9,1,25,3.4097,3.5
9,1,26,2.8141,4.5
9,1,26,1.9287,4.5
9,1,27,0.8055,3.75
9,1,27,3.7922,3.75
9,1,28,2.9417,2.75
9,1,28,2.9387,2.75
9,1,29,1.8024,2.5
9,1,29,2.2688,2.5
9,1,30,2.6120,3.0
9,1,30,2.9528,3.0
9,1,31,1.4014,3.5
9,1,31,2.7093,3.5
9,1,32,1.1731,2.75
9,1,32,2.2457,2.75
9,1,33,2.0841,3.75
9,1,33,2.6414,3.75
9,1,34,2.0431,3.25
9,1,34,3.6789,3.25
9,1,35,1.9449,3.5
9,1,35,2.2460,3.5
9,1,36,1.8987,3.5
9,1,36,3.0839,3.5
9,1,37,2.0018,4.5
9,1,37,3.0496,4.5
9,1,38,1.2769,3.5
9,1,38,3.4322,3.5
9,1,39,0.9058,2.75
9,1,39,3.9458,2.75
9,1,40,2.1515,2.25
9,1,40,2.7677,2.25
9,1,41,0.7264,3.0
9,1,41,2.3692,3.0
9,1,42,3.5801,4.0
9,1,42,2.7982,4.0
9,1,50,0.1394,3.5
9,1,50,2.7849,3.5
9,1,51,0.9675,3.5
9,1,51,3.1950,3.5
9,1,52,2.1160,2.75
9,1,52,1.1996,2.75
9,1,53,2.1755,3.0
9,1,53,2.5619,3.0
9,1,54,1.8003,2.75
9,1,54,2.2033,2.75
9,1,55,1.7703,3.5
9,1,55,2.1058,3.5
9,1,56,2.6141,3.75
9,1,56,3.1161,3.75
9,1,59,1.2577,2.75
9,1,59,3.2281,2.75
9,1,60,4.8542,4.0
9,1,60,2.8543,4.0
9,1,61,1.0711,3.5
9,1,61,3.0585,3.5
9,1,63,3.9022,3.25
9,1,63,3.1661,3.25
9,1,64,3.6047,4.25
9,1,64,2.3151,4.25
9,1,65,2.7052,2.0
9,1,65,1.5422,2.0
9,1,66,2.5227,4.75
9,1,66,2.4145,4.75
9,1,67,1.0019,4.25
9,1,67,2.5938,4.25
9,1,68,1.9513,3.5
9,1,68,1.1372,3.5
9,1,69,1.7368,5.5
9,1,69,2.4836,5.5
9,1,72,1.7597,3.75
9,1,72,4.0690,3.75
9,1,73,1.4860,3.25
9,1,73,2.8577,3.25
9,1,74,1.7865,3.0
9,1,74,3.6464,3.0
9,1,75,1.9735,2.5
9,1,75,3.8696,2.5
9,1,76,2.0698,4.0
9,1,76,3.7431,4.0
9,1,77,2.3103,3.25
9,1,77,3.9112,3.25
9,1,78,1.4310,3.5
9,1,78,3.7625,3.5
9,1,79,2.1493,4.0
9,1,79,2.3279,4.0
9,1,81,4.8131,2.25
9,1,81,1.9430,2.25
9,1,82,1.8972,4.0
9,1,82,3.8646,4.0
9,1,83,1.9985,4.25
9,1,83,2.3201,4.25
9,1,84,1.7272,3.0
9,1,84,2.2453,3.0
9,1,85,1.9631,4.75
9,1,85,2.6358,4.75
9,1,86,1.4026,4.0
9,1,86,2.9796,4.0
9,1,87,1.5487,3.25
9,1,87,3.2402,3.25
9,1,88,0.8631,3.25
9,1,88,2.4383,3.25
9,1,89,1.6482,2.75
9,1,89,4.4149,2.75
9,1,90,2.1770,2.75
9,1,90,2.4097,2.75
9,1,91,1.3474,3.75
9,1,91,2.1478,3.75
9,1,92,1.7733,4.0
9,1,92,2.7757,4.0
9,1,93,1.5468,3.25
9,1,93,4.3440,3.25
9,1,94,2.8921,3.0
9,1,94,2.8546,3.0
9,1,95,2.5162,4.25
9,1,95,3.7907,4.25
9,1,96,1.4554,4.25
9,1,96,4.3898,4.25
9,1,97,3.0665,3.5
9,1,97,4.0998,3.5
9,1,98,2.9795,2.25
9,1,98,1.8504,2.25
9,1,99,2.3657,3.0
9,1,99,3.7096,3.0
9,1,100,1.9449,4.25
9,1,100,4.0952,4.25
9,1,101,1.1165,2.25
9,1,101,3.6119,2.25
9,1,102,2.0444,3.75
9,1,102,2.6001,3.75
9,1,103,0.9766,2.25
9,1,103,2.3687,2.25
9,1,104,2.6550,3.0
9,1,104,3.2179,3.0
9,1,105,2.1472,3.75
9,1,105,3.0789,3.75
9,1,106,3.6884,4.0
9,1,106,2.9242,4.0
9,1,107,1.7540,4.25
9,1,107,3.2636,4.25
9,1,110,0.7368,4.25
9,1,110,3.8385,4.25
9,1,111,3.5643,3.0
9,1,111,1.3303,4.0
9,2,2,4.6547,4.0
9,2,2,1.1734,4.5
9,2,3,4.2443,4.5
9,2,3,0.9368,5.25
9,2,4,3.8763,5.25
9,2,4,1.2794,5.5
9,2,5,3.8171,5.5
9,2,5,0.0785,5.75
9,2,6,3.2419,5.75
9,2,6,0.6074,5.25
9,2,7,3.7873,5.25
9,2,7,3.4272,4.5
9,2,8,4.7138,4.5
9,2,8,3.5892,5.75
9,2,9,2.7648,5.75
9,2,9,4.4541,4.75
9,2,10,4.7733,4.75
9,2,10,4.1136,4.5
9,2,11,3.9156,4.5
9,2,11,4.6877,5.5
9,2,12,4.8091,5.5
9,2,12,1.9044,3.75
9,2,13,4.4840,3.75
9,2,13,1.6799,2.75
9,2,16,3.9732,2.75
9,2,16,2.0635,4.0
9,2,17,5.0450,4.0
9,2,17,0.4973,4.25
9,2,18,3.3794,4.25
9,2,18,1.2051,3.0
9,2,20,3.0058,3.0
9,2,20,2.2403,3.75
9,2,21,3.8670,3.75
9,2,21,2.3408,3.0
9,2,22,3.7055,3.0
9,2,22,1.6290,2.75
9,2,23,3.2168,2.75
9,2,23,2.3116,1.75
9,2,24,4.2560,1.75
9,2,24,2.0645,5.75
9,2,25,3.3334,5.75
9,2,25,0.9780,3.25
9,2,27,4.2646,3.25
9,2,27,1.7843,2.75
9,2,30,2.7800,2.75
9,2,30,1.4090,2.75
9,2,31,3.9244,2.75
9,2,31,2.2156,2.25
9,2,32,2.3733,2.25
9,2,32,2.9025,2.5
9,2,34,2.9282,2.5
9,2,34,2.4342,4.75
9,2,36,3.2824,4.75
9,2,36,-0.1703,3.75
9,2,37,4.3958,3.75
9,2,37,2.1724,2.0
9,2,38,5.0517,2.0
9,2,38,1.0674,3.25
9,2,42,4.5860,3.25
9,2,42,2.4337,3.0
9,2,45,4.1180,3.0
9,2,45,2.1217,4.75
9,2,46,4.0455,4.75
9,2,46,1.8841,4.0
9,2,50,3.9034,4.0
9,2,50,-0.9718,3.75
9,2,53,2.6118,3.75
9,2,53,1.7277,4.0
9,2,62,3.4197,4.0
9,2,62,1.9434,5.0
9,2,63,3.7164,5.0
9,2,63,0.7694,4.5
9,2,64,3.3670,4.5
9,2,64,1.5031,5.5
9,2,66,2.4742,5.5
9,2,66,1.4069,4.25
9,2,67,4.5703,4.25
9,2,67,1.3179,3.25
9,2,68,3.2584,3.25
9,2,68,2.3197,3.25
9,2,69,3.5110,3.25
9,2,69,1.9428,4.75
9,2,70,2.7676,4.75
9,2,70,2.2437,5.25
9,2,71,1.4111,5.25
9,2,71,1.0784,5.25
9,2,74,3.2600,5.25
9,2,74,3.2600,3.75
9,2,75,3.8302,3.75
9,2,75,1.7513,4.25
9,2,77,3.6643,4.25
9,2,77,3.9309,5.5
9,2,78,3.9191,5.5
9,2,78,1.3911,5.25
9,2,79,4.5878,5.25
9,2,79,2.9095,4.75
9,2,81,3.1127,4.75
9,2,81,2.0157,3.75
9,2,84,4.3824,3.75
9,2,84,2.0194,4.75
9,2,85,4.8508,4.75
9,2,85,3.2044,4.0
9,2,86,1.0758,4.0
9,2,86,1.8176,3.25
9,2,87,3.8863,3.25
9,2,87,2.6833,4.5
9,2,88,3.9876,4.5
9,2,88,2.4444,2.75
9,2,89,2.0610,2.75
9,2,89,2.3476,3.25
9,2,90,3.2930,3.25
9,2,90,1.9639,4.25
9,2,91,3.7863,4.25
9,2,91,3.3397,4.25
9,2,92,4.8367,4.25
9,2,92,1.1517,5.0
9,2,95,3.5976,5.0
9,2,95,1.8936,3.0
9,2,96,4.3871,3.0
9,2,96,1.7852,4.5
9,2,98,3.6261,4.5
9,2,98,3.7566,5.75
9,2,100,4.9087,5.75
9,2,100,1.2861,3.0
9,2,103,3.5434,3.0
9,2,103,2.4491,3.25
9,2,104,4.1703,3.25
9,2,104,3.6830,4.5
9,2,105,4.1655,4.5
9,2,105,1.9429,3.75
9,2,107,3.0371,3.75
9,2,107,-0.0410,4.25
9,2,108,3.8996,4.25
9,2,108,3.7392,2.25
9,2,109,2.4785,2.25
9,2,109,3.2312,4.5
10,1,4,4.1849,5.5
10,1,4,4.9635,5.5
10,1,5,4.3689,5.0
10,1,5,4.5523,5.0
10,1,6,3.2390,5.0
10,1,6,5.1636,5.0
10,1,7,2.8686,5.5
10,1,7,5.2300,5.5
10,1,8,4.2960,6.25
10,1,8,4.2977,6.25
10,1,9,3.4261,5.5
10,1,9,4.8036,5.5
10,1,10,3.8831,5.0
10,1,10,4.9750,5.0
10,1,11,3.9730,4.0
10,1,11,4.0515,4.0
10,1,12,3.6001,4.5
10,1,12,5.3324,4.5
10,1,13,3.6494,4.25
10,1,13,4.9428,4.25
10,1,14,3.3505,3.75
10,1,14,5.3723,3.75
10,1,20,3.6119,5.0
10,1,20,4.5237,5.0
10,1,21,4.5448,5.25
10,1,21,4.4540,5.25
10,1,22,2.8574,4.5
10,1,22,5.1904,4.5
10,1,24,4.5281,4.75
10,1,24,4.5844,4.75
10,1,25,4.0934,4.5
10,1,25,4.1184,4.5
10,1,26,2.9533,2.375
10,1,26,4.7695,2.375
10,1,27,3.3841,4.25
10,1,27,4.3837,4.25
10,1,28,4.2276,4.75
10,1,28,4.9786,4.75
10,1,29,3.7974,4.5
10,1,29,4.4528,4.5
10,1,30,3.0410,5.5
10,1,30,4.3923,5.5
10,1,31,3.5474,4.75
10,1,31,4.7473,4.75
10,1,32,2.9823,3.75
10,1,32,3.6523,3.75
10,1,33,3.5042,4.5
10,1,33,5.2890,4.5
10,1,36,4.3033,4.75
10,1,36,5.3180,4.75
10,1,39,1.8815,4.0
10,1,39,4.8483,4.0
10,1,42,3.8638,5.25
10,1,42,4.8157,5.25
10,1,43,2.6545,4.5
10,1,43,4.7312,4.5
10,1,44,3.8881,4.5
10,1,44,4.6777,4.5
10,1,45,3.4775,2.875
10,1,45,4.6590,2.875
10,1,46,5.0832,5.0
10,1,46,4.9619,5.0
10,1,47,4.3667,5.25
10,1,47,5.3565,5.25
10,1,48,3.8415,5.0
10,1,48,4.1292,5.0
10,1,49,4.3493,4.0
10,1,49,4.9958,4.0
10,1,50,3.8406,5.25
10,1,50,4.4606,5.25
10,1,51,3.1977,5.5
10,1,51,4.2014,5.5
10,1,52,3.5958,5.0
10,1,52,3.5380,5.0
10,1,53,3.2011,5.25
10,1,53,4.4743,5.25
10,1,55,3.0238,5.25
10,1,55,4.6201,5.25
10,1,56,4.2307,4.5
10,1,56,4.7514,4.5
10,1,57,3.3845,1.5
10,1,57,4.4006,1.5
10,1,61,4.9351,4.0
10,1,61,5.7506,4.0
10,1,62,4.0407,3.75
10,1,62,5.4909,3.75
10,1,63,4.6578,4.25
10,1,63,5.1639,4.25
10,1,64,3.9867,5.0
10,1,64,4.7228,5.0
10,1,65,5.3519,5.75
10,1,65,4.7186,5.75
10,1,66,4.2844,6.0
10,1,66,5.7432,6.0
10,1,67,4.2277,5.25
10,1,67,5.6765,5.25
10,1,68,3.2945,3.75
10,1,68,4.4537,3.75
10,1,69,4.4846,4.5
10,1,69,5.4654,4.5
10,1,72,4.1550,3.0
10,1,72,4.9203,3.0
10,1,73,4.3006,4.25
10,1,73,4.3351,4.25
10,1,74,2.9163,4.75
10,1,74,4.7004,4.75
10,1,75,3.3413,4.5
10,1,75,4.4139,4.5
10,1,76,3.0772,4.75
10,1,76,4.2963,4.75
10,1,77,3.7233,4.5
10,1,77,5.2971,4.5
10,1,78,3.8693,5.5
10,1,78,4.1089,5.5
10,1,79,3.7587,4.5
10,1,79,5.0000,4.5
10,1,80,3.1241,5.0
10,1,80,5.3505,5.0
10,1,81,3.7790,4.25
10,1,81,4.3062,4.25
10,1,82,3.6854,4.5
10,1,82,4.9948,4.5
10,1,83,2.9700,3.0
10,1,83,4.6386,3.0
10,1,84,3.0797,2.75
10,1,84,3.7735,2.75
10,1,85,3.5683,4.75
10,1,85,4.5870,4.75
10,1,86,3.0302,4.0
10,1,86,5.0777,4.0
10,1,87,4.2608,4.75
10,1,87,4.5073,4.75
10,1,88,4.7819,5.5
10,1,88,4.3929,5.5
10,1,89,2.9572,5.25
10,1,89,4.8842,5.25
10,1,90,2.6262,3.75
10,1,90,4.8590,3.75
10,1,91,2.8220,4.5
10,1,91,4.9668,4.5
10,1,92,3.1182,5.0
10,1,92,3.1988,5.0
10,1,93,3.7651,4.0
10,1,93,4.0064,4.0
10,1,94,0.8538,5.0
10,1,94,4.1852,5.0
10,1,95,3.7546,4.75
10,1,95,4.2710,4.75
10,1,96,3.3521,4.5
10,1,96,5.6344,4.5
10,1,97,2.7222,3.75
10,1,97,4.1000,3.75
10,1,98,4.9342,4.5
10,1,98,3.6472,4.5
10,1,99,3.9160,5.25
10,1,99,5.1034,5.25
10,1,100,4.5472,4.0
10,1,100,4.5762,4.0
10,1,101,3.8485,5.5
10,1,101,5.1610,5.5
10,1,102,4.3100,5.0
10,1,102,3.7339,5.0
10,1,103,3.4012,3.75
10,1,103,4.1832,3.75
10,1,104,4.6311,4.5
10,1,104,4.5921,4.5
10,1,105,3.5678,4.0
10,1,105,4.1884,4.0
10,1,106,4.3122,2.0
10,1,106,3.0968,2.0
10,1,107,2.9081,5.0
10,1,107,4.2914,5.0
10,1,108,4.0035,5.0
10,1,108,2.9437,3.75
10,2,3,6.1160,3.75
10,2,3,2.1396,6.25
10,2,4,4.8199,6.25
10,2,4,3.7196,5.5
10,2,5,5.3084,5.5
10,2,5,3.8942,5.25
10,2,6,4.3494,5.25
10,2,6,4.0656,5.25
10,2,7,5.4205,5.25
10,2,7,3.5365,5.75
10,2,8,4.8232,5.75
10,2,8,3.3550,3.25
10,2,9,3.8640,3.25
10,2,9,3.5571,5.25
10,2,10,5.1511,5.25
10,2,10,2.3449,4.5
10,2,11,4.9322,4.5
10,2,11,1.7916,4.25
10,2,12,5.7741,4.25
10,2,12,1.5118,5.25
10,2,13,4.6568,5.25
10,2,13,2.6891,5.25
10,2,14,5.0414,5.25
10,2,14,4.1631,5.75
10,2,15,4.9733,5.75
10,2,15,2.5509,4.5
10,2,19,4.3097,4.5
10,2,19,3.3226,2.75
10,2,20,5.6415,2.75
10,2,20,3.2147,5.5
10,2,21,3.4475,5.5
10,2,21,2.4113,5.5
10,2,22,4.3512,5.5
10,2,22,2.7204,5.0
10,2,23,4.4824,5.0
10,2,23,2.3990,3.5
10,2,26,5.2235,3.5
10,2,26,4.1840,4.5
10,2,28,4.2245,4.5
10,2,28,1.8227,5.0
10,2,29,4.1303,5.0
10,2,29,2.8478,5.75
10,2,30,4.6113,5.75
10,2,30,3.5375,4.75
10,2,33,4.8958,4.75
10,2,33,2.9326,3.75
10,2,36,4.6936,3.75
10,2,36,1.3943,5.0
10,2,37,4.4626,5.0
10,2,37,1.8799,4.75
10,2,38,4.2647,4.75
10,2,38,3.8876,5.25
10,2,39,4.0179,5.25
10,2,39,4.5332,5.25
10,2,41,4.2166,5.25
10,2,41,3.2930,5.5
10,2,42,5.0448,5.5
10,2,42,1.5921,5.75
10,2,43,3.4694,5.75
10,2,43,3.7658,5.25
10,2,47,4.9035,5.25
10,2,47,5.0407,5.5
10,2,51,4.3779,5.5
10,2,51,4.3488,5.5
10,2,52,4.3990,5.5
10,2,52,4.3149,6.75
10,2,53,4.7806,6.75
10,2,53,4.1486,5.5
10,2,54,4.9293,5.5
10,2,54,2.7182,3.75
10,2,55,5.8674,3.75
10,2,55,3.4103,5.25
10,2,56,4.2116,5.25
10,2,56,3.2423,5.5
10,2,58,3.8804,5.5
10,2,58,4.7064,5.0
10,2,65,4.7102,5.0
10,2,65,2.8972,3.0
10,2,66,4.6769,3.0
10,2,66,3.5993,4.33333
10,2,67,4.0900,4.33333
10,2,67,4.3910,4.75
10,2,68,5.3324,4.75
10,2,68,4.8209,5.25
10,2,69,4.5817,5.25
10,2,69,2.3823,4.66667
10,2,70,3.5357,4.66667
10,2,70,3.7474,4.0
10,2,71,4.9463,4.0
10,2,71,2.3016,6.25
10,2,72,4.8552,6.25
10,2,72,3.5564,5.5
10,2,73,4.0209,5.5
10,2,73,3.9829,4.75
10,2,74,3.0562,4.75
10,2,74,3.9843,4.5
10,2,75,4.6158,4.5
10,2,75,4.0475,4.5
10,2,76,3.7858,4.5
10,2,76,3.3196,3.5
10,2,77,4.4821,3.5
10,2,77,4.1135,5.25
10,2,78,3.5386,5.25
10,2,78,3.8976,5.5
10,2,79,5.2337,5.5
10,2,79,2.5817,4.5
10,2,80,3.7128,4.5
10,2,80,2.6010,5.25
10,2,81,4.6321,5.25
10,2,81,3.3408,5.25
10,2,82,4.2195,5.25
10,2,82,4.5793,4.25
10,2,83,4.4249,4.25
10,2,83,4.7206,4.0
10,2,84,4.2031,4.0
10,2,84,2.7680,5.25
10,2,85,5.3555,5.25
10,2,85,3.9526,4.5
10,2,86,3.8646,4.5
10,2,86,3.5218,5.5
10,2,87,4.9519,5.5
10,2,87,3.8504,5.5
10,2,88,4.3294,5.5
10,2,88,3.8353,4.0
10,2,89,3.9064,4.0
10,2,89,2.9575,4.25
10,2,90,4.2537,4.25
10,2,90,4.0719,4.25
10,2,91,3.1797,4.25
10,2,91,4.3754,5.75
11,1,4,4.2920,5.75
11,1,4,2.8661,5.75
11,1,5,2.8731,4.5
11,1,5,1.7050,4.5
11,1,6,2.4772,5.0
11,1,6,1.5538,5.0
11,1,7,4.7181,4.25
11,1,7,2.6363,4.25
11,1,8,4.2749,4.25
11,1,8,2.6418,4.25
11,1,9,3.9323,4.0
11,1,9,2.9622,4.0
11,1,10,5.0550,4.66667
11,1,10,2.3255,4.66667
11,1,11,4.2372,4.5
11,1,11,3.2430,4.5
11,1,12,3.8396,5.5
11,1,12,2.8145,5.5
11,1,13,5.5998,5.25
11,1,13,3.6049,5.25
11,1,14,4.7045,4.25
11,1,14,2.5747,4.25
11,1,15,4.3275,3.5
11,1,15,2.6904,3.5
11,1,19,2.9539,6.25
11,1,19,4.1137,6.25
11,1,20,3.4609,5.5
11,1,20,3.6464,5.5
11,1,21,2.8164,4.25
11,1,21,3.6743,4.25
11,1,22,3.0414,6.25
11,1,22,2.5869,6.25
11,1,23,3.2942,5.75
11,1,23,3.4277,5.75
11,1,24,2.7094,3.25
11,1,24,2.8922,3.25
11,1,25,3.2488,5.0
11,1,25,2.7652,5.0
11,1,26,2.2689,4.0
11,1,26,3.3505,4.0
11,1,27,3.5496,4.5
11,1,27,2.6989,4.5
11,1,28,2.5297,4.5
11,1,28,2.8983,4.5
11,1,29,2.9246,5.5
11,1,29,3.2481,5.5
11,1,30,2.9559,4.25
11,1,30,3.8866,4.25
11,1,31,3.1353,5.5
11,1,31,3.7737,5.5
11,1,32,4.0772,4.25
11,1,32,2.2830,4.25
11,1,33,3.2147,5.0
11,1,33,4.0751,5.0
11,1,34,2.8840,4.5
11,1,34,3.2479,4.5
11,1,35,2.7222,4.5
11,1,35,3.3765,4.5
11,1,36,2.2395,5.0
11,1,36,3.3084,5.0
11,1,37,3.1662,3.75
11,1,37,3.8105,3.75
11,1,38,3.4373,4.5
11,1,38,2.3727,4.5
11,1,39,4.3090,5.0
11,1,39,2.9505,5.0
11,1,48,2.8030,2.25
11,1,48,1.3427,2.25
11,1,50,2.9272,3.0
11,1,50,2.9433,3.0
11,1,51,3.6573,4.75
11,1,51,4.3343,4.75
11,1,57,3.6070,2.5
11,1,57,2.0774,2.5
11,1,62,3.4594,5.0
11,1,62,4.2677,5.0
11,1,63,3.3766,6.25
11,1,63,2.2689,6.25
11,1,64,3.4686,5.0
11,1,64,1.8173,5.0
11,1,66,3.3598,3.25
11,1,66,2.4179,3.25
11,1,68,3.6331,4.25
11,1,68,2.1682,4.25
11,1,69,3.6042,4.0
11,1,69,1.4772,4.0
11,1,70,3.3146,5.0
11,1,70,2.4497,5.0
11,1,73,3.7896,5.25
11,1,73,4.4843,5.25
11,1,75,3.3019,3.5
11,1,75,1.7739,3.5
11,1,76,4.0436,4.0
11,1,76,2.1888,4.0
11,1,77,3.7931,6.0
11,1,77,2.3201,6.0
11,1,78,2.5320,5.0
11,1,78,3.1641,5.0
11,1,79,3.8305,4.5
11,1,79,1.0932,4.5
11,1,80,3.3855,6.0
11,1,80,1.3686,6.0
11,1,81,3.5018,4.5
11,1,81,2.4003,4.5
11,1,82,3.1730,4.5
11,1,82,1.9646,4.5
11,1,83,2.5800,3.5
11,1,83,2.0782,3.5
11,1,84,3.0995,3.5
11,1,84,3.4747,3.5
11,1,87,2.9527,2.75
11,1,87,3.8974,2.75
11,1,88,3.7525,3.75
11,1,88,2.4924,3.75
11,1,90,3.2114,4.25
11,1,90,2.6223,4.25
11,1,91,2.6563,5.5
11,1,91,3.8678,5.5
11,1,93,3.8385,4.25
11,1,93,2.0289,4.25
11,1,94,3.1994,5.75
11,1,94,3.3185,5.75
11,1,95,3.2996,4.25
11,1,95,2.8269,4.25
11,1,96,2.9314,4.75
11,1,96,1.5706,4.75
11,1,97,2.6246,3.75
11,1,97,1.5402,3.75
11,1,98,2.8362,4.5
11,1,98,2.1468,4.5
11,1,99,3.2914,6.25
11,1,99,4.1582,5.0
11,2,3,2.2339,5.0
11,2,3,3.0584,4.0
11,2,4,3.6517,4.0
11,2,4,2.6161,2.25
11,2,5,3.0173,2.25
11,2,5,4.9516,5.5
11,2,6,2.7322,5.5
11,2,6,2.1289,0.75
11,2,7,3.2274,0.75
11,2,7,4.0255,5.0
11,2,8,2.7477,5.0
11,2,8,3.8317,3.5
11,2,9,3.2993,3.5
11,2,9,2.7644,4.75
11,2,10,1.7405,4.75
11,2,10,2.5337,2.25
11,2,12,2.6008,2.25
11,2,12,2.5040,3.75
11,2,17,2.2416,3.75
11,2,17,2.4828,4.0
11,2,18,3.6974,4.0
11,2,18,3.4051,5.25
11,2,19,3.4954,5.25
11,2,19,3.3436,4.75
11,2,20,3.9070,4.75
11,2,20,3.0644,6.25
11,2,21,3.5367,6.25
11,2,21,2.9191,3.75
11,2,22,3.3409,3.75
11,2,22,3.7621,5.75
11,2,23,4.3544,5.75
11,2,23,3.7249,5.0
11,2,24,3.4532,5.0
11,2,24,3.4852,5.0
11,2,25,2.8792,5.0
11,2,25,2.4396,3.5
11,2,26,3.7638,3.5
11,2,26,2.8913,5.5
11,2,27,3.6416,5.5
11,2,27,2.9788,4.5
11,2,28,2.9086,4.5
11,2,28,2.0174,4.75
11,2,29,4.2020,4.75
11,2,29,2.2152,4.0
11,2,30,3.7263,4.0
11,2,30,4.2526,5.0
11,2,31,3.5284,5.0
11,2,31,3.4403,5.25
11,2,32,3.7376,5.25
11,2,32,2.4815,4.25
11,2,33,4.3065,4.25
11,2,33,4.4271,6.5
11,2,34,3.7622,6.5
11,2,34,2.5312,3.75
11,2,35,4.1327,3.75
11,2,35,3.5767,4.25
11,2,36,4.1259,4.25
11,2,36,3.2177,5.0
11,2,37,3.7567,5.0
11,2,37,3.3879,4.25
11,2,38,2.5339,4.25
11,2,38,2.0965,4.5
11,2,39,2.2402,4.5
11,2,39,2.6627,4.25
11,2,40,3.2056,4.25
11,2,40,3.5548,4.75
11,2,41,2.2879,4.75
11,2,41,3.4083,4.75
11,2,42,3.2927,4.75
11,2,42,2.6091,5.25
11,2,43,2.3270,5.25
11,2,43,3.0183,5.5
11,2,44,2.8803,5.5
11,2,44,3.0197,4.25
11,2,45,3.6564,4.25
11,2,45,2.6008,4.25
11,2,46,3.8124,4.25
11,2,46,2.7484,4.0
11,2,47,3.6542,4.0
11,2,47,3.1027,6.5
11,2,48,2.9993,6.5
11,2,48,2.6236,2.75
11,2,49,3.7230,2.75
11,2,49,3.6970,4.25
11,2,50,3.6929,4.25
11,2,50,2.6075,4.5
11,2,51,4.1123,4.5
11,2,51,4.0014,5.0
11,2,52,4.4451,5.0
11,2,52,3.2784,4.5
11,2,53,3.9170,4.5
11,2,53,2.5812,3.75
11,2,54,4.2842,3.75
11,2,54,2.8284,4.5
11,2,55,4.2958,4.5
11,2,55,2.7903,4.75
11,2,56,4.4317,4.75
11,2,56,3.0902,2.5
11,2,60,2.2935,2.5
11,2,60,1.9913,3.25
11,2,61,3.9847,3.25
11,2,61,2.8215,1.75
11,2,62,3.8816,1.75
11,2,62,2.9359,2.75
11,2,63,3.1724,2.75
11,2,63,3.1350,4.25
11,2,64,3.6283,4.25
11,2,64,2.4847,2.5
11,2,65,4.4109,2.5
11,2,65,2.5812,1.75
11,2,66,4.0547,1.75
11,2,66,2.2965,4.75
11,2,67,4.3800,4.75
11,2,67,2.5254,4.0
11,2,68,3.7040,4.0
11,2,68,2.6514,3.25
11,2,69,3.2511,3.25
11,2,69,3.9152,4.25
11,2,72,2.9213,4.25
11,2,72,4.2403,4.25
11,2,73,3.4172,4.25
11,2,73,3.9007,4.25
11,2,74,2.9141,4.25
11,2,74,3.9916,2.5
11,2,75,3.2955,2.5
11,2,75,4.5359,5.5
11,2,76,2.3627,5.5
11,2,76,4.1663,4.5
11,2,77,3.4219,4.5
11,2,77,4.3071,5.5
11,2,78,2.4991,5.5
11,2,78,4.2885,4.25
11,2,79,1.9890,4.25
11,2,79,4.2316,3.75
11,2,80,3.1513,3.75
11,2,80,2.7549,3.0
11,2,81,1.2972,3.0
11,2,81,3.6566,4.75
11,2,82,1.2739,4.75
11,2,82,3.6277,4.0
11,2,83,2.2069,4.0
11,2,83,4.2024,4.75
11,2,84,4.0127,4.75
11,2,84,3.9849,5.0
11,2,85,3.6764,5.0
11,2,85,3.9159,5.75
11,2,86,3.8765,5.75
11,2,86,4.5250,4.25
11,2,87,3.0529,4.25
11,2,87,3.9749,5.0
11,2,88,2.9482,5.0
11,2,88,3.5220,4.75
11,2,89,2.9161,4.75
11,2,89,4.1019,3.25
11,2,90,3.2609,3.25
11,2,90,3.8497,4.5
11,2,91,2.9057,4.5
11,2,91,2.4975,5.5
11,2,92,2.5146,5.5
11,2,92,2.8090,5.0
11,2,93,3.5763,5.0
11,2,93,2.5661,4.25
11,2,94,2.7246,4.25
11,2,94,2.3110,4.0
11,2,95,2.8018,4.0
11,2,95,2.8462,5.0
11,2,96,2.5252,5.0
11,2,96,2.8521,3.75
11,2,97,3.2950,3.75
11,2,97,2.8197,5.0
11,2,98,3.1141,5.0
11,2,98,4.2885,5.5
11,2,99,2.9756,5.5
11,2,99,2.8186,4.5
11,2,100,3.4375,4.5
11,2,100,2.7284,4.75
11,2,101,3.4571,4.75
11,2,101,3.9766,3.75
11,2,102,3.4530,3.75
11,2,102,3.2818,5.25
11,2,103,2.2488,5.25
11,2,103,2.3341,6.0
11,2,104,2.5754,6.0
11,2,104,2.4025,4.5
11,2,105,2.9558,4.5
11,2,105,2.5743,3.0
11,2,106,2.1946,3.0
11,2,106,3.7445,4.75
11,2,109,2.7058,4.75
11,2,109,2.7782,4.75
11,2,110,2.0209,4.75
11,2,110,3.6735,4.5
12,1,2,4.7699,6.5
12,1,2,4.4140,6.5
12,1,3,5.1265,6.0
12,1,3,3.5901,6.0
12,1,5,4.7758,6.0
12,1,5,3.9624,6.0
12,1,6,5.4170,5.0
12,1,6,3.7284,5.0
12,1,7,4.9441,6.25
12,1,7,3.4811,6.25
12,1,8,5.3140,5.25
12,1,8,3.6730,5.25
12,1,9,4.3632,4.75
12,1,9,3.7101,4.75
12,1,10,4.7495,5.25
12,1,10,4.1178,5.25
12,1,11,5.1486,5.0
12,1,11,3.7054,5.0
12,1,12,4.0192,5.75
12,1,12,3.5561,5.75
12,1,69,4.3942,3.75
12,1,69,4.7736,4.0
12,2,4,4.6234,4.0
12,2,4,5.0378,5.25
12,2,5,4.1145,5.25
12,2,5,3.9994,5.0
12,2,11,3.8788,5.0
12,2,11,4.3624,5.25
16,2,5,4.6810,4.0
16,2,5,4.4771,4.0
16,2,6,3.4073,4.5
16,2,6,5.2811,4.5
16,2,7,4.6805,5.0
16,2,7,4.3227,5.0
16,2,8,4.7586,3.25
16,2,8,3.8763,3.25
16,2,9,2.6770,3.5
16,2,9,4.8988,3.5
16,2,10,4.2312,5.5
16,2,10,4.3479,5.5
16,2,11,3.4629,4.5
16,2,11,1.8149,4.5
16,2,12,3.5828,5.5
16,2,12,1.5230,5.5
16,2,13,3.9856,4.5
16,2,13,3.4727,4.5
16,2,14,4.4073,4.0
16,2,14,1.3336,4.0
16,2,15,4.0335,4.25
16,2,15,4.4279,4.25
16,2,21,3.8289,3.75
16,2,21,5.1001,3.75
16,2,22,3.7587,1.75
16,2,22,5.7957,1.75
16,2,23,3.4981,2.5
16,2,23,5.3483,2.5
16,2,24,3.7639,3.5
16,2,24,5.2972,3.5
16,2,25,3.3568,3.0
16,2,25,4.3925,3.0
16,2,26,3.7222,3.25
16,2,26,4.4059,3.25
16,2,27,3.9545,4.25
16,2,27,5.1715,4.25
16,2,28,3.9802,3.25
16,2,28,0.2310,3.25
16,2,29,4.2470,2.0
16,2,29,4.6958,2.0
16,2,30,4.9708,3.0
16,2,30,3.5451,3.0
16,2,31,3.8183,2.0
16,2,31,5.3667,2.0
16,2,32,2.9455,2.75
16,2,32,4.9277,2.75
16,2,33,3.9969,1.5
16,2,33,2.1215,1.5
16,2,34,3.5428,2.25
16,2,34,2.6818,2.25
16,2,35,3.4773,2.5
16,2,35,2.7552,2.5
16,2,36,3.0938,3.75
16,2,36,4.7405,3.75
16,2,37,2.3890,4.5
16,2,37,5.5427,4.5
16,2,38,3.9123,4.0
16,2,38,4.3450,4.0
16,2,39,3.0560,2.25
16,2,39,1.5098,2.25
16,2,40,3.2314,2.0
16,2,40,2.0274,2.0
16,2,41,4.7889,1.75
16,2,41,3.9665,1.75
16,2,42,4.2233,2.5
16,2,42,4.0659,2.5
16,2,43,3.6243,2.25
16,2,43,5.0531,2.25
16,2,44,3.7476,2.75
16,2,44,3.4407,2.75
16,2,45,3.1698,3.0
16,2,45,4.0024,3.0
16,2,46,4.5955,2.5
16,2,46,4.8054,2.5
16,2,47,3.7223,1.75
16,2,47,4.7559,1.75
16,2,48,3.3459,3.25
16,2,48,1.9960,3.25
16,2,49,4.1388,2.75
16,2,49,2.6042,2.75
16,2,50,2.6422,2.25
16,2,50,5.0067,2.25
16,2,51,3.7078,3.5
16,2,51,4.6767,3.5
16,2,52,3.5317,2.25
16,2,52,4.1426,2.25
16,2,53,4.4862,4.0
16,2,53,4.6847,4.0
16,2,54,2.7764,1.25
16,2,54,2.4137,1.25
16,2,55,4.5838,4.0
16,2,55,3.5276,4.0
16,2,56,4.2772,4.75
16,2,56,5.1983,4.75
16,2,57,3.6903,3.0
16,2,57,4.8766,3.0
16,2,58,4.0759,2.25
16,2,58,4.3779,2.25
16,2,60,4.0465,3.0
16,2,60,4.2740,3.0
16,2,61,4.1230,2.5
16,2,61,4.1527,2.5
16,2,65,4.5728,5.0
16,2,65,4.3866,5.0
16,2,66,4.1839,5.75
16,2,66,5.0027,5.75
16,2,67,3.5561,3.5
16,2,67,3.5096,3.5
16,2,68,2.7471,1.25
16,2,68,3.5753,1.25
16,2,69,4.1141,1.75
16,2,69,3.0306,1.75
16,2,70,4.1193,1.75
16,2,70,4.6663,1.75
16,2,71,4.7251,4.0
16,2,71,4.4950,4.0
16,2,72,4.8675,2.25
16,2,72,3.3454,2.25
16,2,73,4.1348,4.0
16,2,73,4.7021,4.0
16,2,76,3.9412,3.0
16,2,76,4.6747,3.0
16,2,77,3.8302,5.5
16,2,77,4.7100,5.5
16,2,78,4.1735,4.25
16,2,78,5.4457,4.25
16,2,79,4.9303,5.0
16,2,79,4.7715,5.0
16,2,80,4.7236,4.0
16,2,80,5.0148,4.0
16,2,81,2.6904,2.5
16,2,81,5.2773,2.5
16,2,82,3.7065,2.25
16,2,82,5.2302,2.25
16,2,83,3.8607,4.5
16,2,83,4.9481,4.5
16,2,84,3.4881,3.75
16,2,84,5.1909,3.75
16,2,85,3.4286,3.5
16,2,85,4.8282,3.5
16,2,86,3.8877,4.5
16,2,86,5.3464,4.5
16,2,87,3.0014,3.5
16,2,87,4.1880,3.5
16,2,88,3.3854,3.75
16,2,88,5.1639,3.75
16,2,89,2.8417,1.75
16,2,89,4.8488,1.75
16,2,90,3.1657,1.75
16,2,90,2.7798,1.75
16,2,91,3.8229,3.25
16,2,91,4.7154,3.25
16,2,92,3.5832,2.5
16,2,92,4.3668,2.5
16,2,93,4.5882,4.0
16,2,93,4.6431,4.0
16,2,94,3.8638,4.0
16,2,94,4.7214,4.0
16,2,95,2.8242,3.5
16,2,95,4.1805,3.5
16,2,96,3.7425,3.5
16,2,96,5.1835,3.5
16,2,97,3.2278,2.75
16,2,97,5.2773,2.75
16,2,98,2.6130,4.5
16,2,98,4.3996,4.5
16,2,99,2.0676,3.25
16,2,99,5.1426,3.25
16,2,100,3.6315,3.25
16,2,100,4.4673,3.25
16,2,101,4.0431,5.0
16,2,101,4.9588,5.0
16,2,102,3.1616,1.75
16,2,102,5.2067,1.75
16,2,103,2.1704,3.25
16,2,103,4.9454,3.25
16,2,104,3.0779,1.75
16,2,104,4.3560,1.75
16,2,105,4.1464,3.75
16,2,105,5.0319,3.75
16,2,106,3.0533,2.75
16,2,106,5.3553,2.75
16,2,107,3.0550,3.25
16,2,107,5.4224,3.25
16,2,108,3.5751,2.75
16,2,108,4.9739,2.75
16,2,109,3.9305,4.5
16,2,109,4.9173,4.5
16,2,110,3.7423,2.25
16,2,110,4.4801,2.25
16,2,111,4.3710,3.5
16,2,111,4.5439,3.5
16,2,112,3.0720,1.5
16,2,112,5.3093,1.5
16,2,113,3.3270,2.5
16,2,113,5.4239,2.5
16,2,114,4.5874,3.5
16,2,114,3.6564,3.5
16,2,115,4.4207,2.75
16,2,115,4.1570,2.75
16,2,116,3.6043,4.0
17,1,4,4.3864,2.75
17,1,4,3.2862,2.75
17,1,5,3.3796,2.75
17,1,5,3.5229,2.75
17,1,6,4.6840,2.75
17,1,6,3.7884,2.75
17,1,7,4.0457,2.75
17,1,7,2.2426,2.75
17,1,8,4.3142,2.75
17,1,8,3.5339,2.75
17,1,9,3.7167,1.5
17,1,9,1.6582,1.5
17,1,10,4.0496,1.5
17,1,10,-0.0229,1.5
17,1,12,3.9222,2.25
17,1,12,3.6387,2.25
17,1,17,4.2084,3.0
17,1,17,1.5915,3.0
17,1,18,4.4663,2.75
17,1,18,2.3875,2.75
17,1,19,4.4135,4.0
17,1,19,1.6430,4.0
17,1,20,4.0032,3.5
17,1,20,1.8254,3.5
17,1,21,4.1036,2.5
17,1,21,1.2905,2.5
17,1,22,4.8437,3.0
17,1,22,1.3276,3.0
17,1,23,4.4391,2.5
17,1,23,0.7459,2.5
17,1,24,4.4106,3.25
17,1,24,3.3998,3.25
17,1,25,5.2475,3.75
17,1,25,2.1187,3.75
17,1,26,4.9686,3.0
17,1,26,-0.5529,3.0
17,1,27,4.5005,4.5
17,1,27,2.6696,4.5
17,1,29,4.5095,4.0
17,1,29,1.1946,4.0
17,1,30,5.0356,5.25
17,1,30,1.5599,5.25
17,1,31,4.5003,4.0
17,1,31,2.1534,4.0
17,1,32,3.9572,4.5
17,1,32,2.4452,4.5
17,1,33,4.3580,3.75
17,1,33,1.7079,3.75
17,1,34,4.0168,3.25
17,1,34,1.5374,3.25
17,1,35,4.4773,2.5
17,1,35,1.1643,2.5
17,1,36,3.5958,2.75
17,1,36,0.9840,2.75
17,1,37,4.4247,2.5
17,1,37,2.5640,2.5
17,1,38,4.2608,2.25
17,1,38,0.3794,2.25
17,1,39,4.2155,4.5
17,1,39,1.5165,4.5
17,1,40,4.0068,3.0
17,1,40,0.2661,3.0
17,1,41,3.7126,3.25
17,1,41,1.3655,3.25
17,1,42,3.9190,3.75
17,1,42,1.9815,3.75
17,1,43,4.2054,4.25
17,1,43,1.3526,4.25
17,1,44,4.1154,3.5
17,1,44,1.6986,3.5
17,1,45,3.6781,3.0
17,1,45,2.3596,3.0
17,1,46,3.5960,4.0
17,1,46,3.6927,4.0
17,1,51,4.0238,3.0
17,1,51,0.0599,3.0
17,1,52,4.6043,2.75
17,1,52,3.1918,2.75
17,1,53,3.8634,2.75
17,1,53,3.5649,2.75
17,1,54,4.0242,3.25
17,1,54,2.4061,3.25
17,1,55,3.4933,2.5
17,1,55,4.0812,2.5
17,1,56,4.3315,3.25
17,1,56,0.6434,3.25
17,1,59,5.2898,2.5
17,1,59,2.2721,2.5
17,1,60,4.1403,3.0
17,1,60,2.1082,3.0
17,1,61,2.9347,2.25
17,1,61,-0.2861,2.25
17,1,62,2.9096,1.75
17,1,62,0.6367,1.75
17,1,63,2.2957,1.75
17,1,63,0.1436,1.75
17,1,64,2.7277,1.0
17,1,64,0.2841,1.0
17,1,65,2.7024,1.25
17,1,65,0.0578,1.25
17,1,67,5.2767,3.0
17,1,67,3.2113,3.0
17,1,68,5.1888,3.75
17,1,68,1.2327,3.75
17,1,69,3.3904,2.5
17,1,69,2.0761,2.5
17,1,72,4.6327,5.25
17,1,72,3.7399,5.25
17,1,73,4.3814,4.25
17,1,73,2.7416,4.25
17,1,74,4.2388,3.25
17,1,74,1.9130,3.25
17,1,75,4.1635,1.75
17,1,75,1.7901,1.75
17,1,76,4.9028,4.5
17,1,76,3.3918,4.5
17,1,77,4.8757,3.5
17,1,77,2.4604,3.5
17,1,78,4.0100,4.25
17,1,78,3.1095,4.25
17,1,79,4.8314,3.25
17,1,79,3.2561,3.25
17,1,80,4.6845,4.25
17,1,80,2.1202,4.25
17,1,81,4.9520,4.5
17,1,81,-0.0949,4.5
17,1,82,4.7237,5.0
17,1,82,0.4773,5.0
17,1,83,5.2568,3.5
17,1,83,1.5349,3.5
17,1,84,5.0670,4.25
17,1,84,1.7514,4.25
17,1,85,4.2853,4.75
17,1,85,1.6291,4.75
17,1,86,4.7701,4.0
17,1,86,2.9367,4.0
17,1,87,5.2468,2.5
17,1,87,2.2406,2.5
17,1,88,5.4025,4.25
17,1,88,1.5421,4.25
17,1,89,5.2283,3.25
17,1,89,3.2557,3.25
17,1,90,5.5092,5.5
17,1,90,3.0451,5.5
17,1,91,4.9346,3.5
17,1,91,2.1604,3.5
17,1,92,4.6215,5.25
17,1,92,2.5996,5.25
17,1,93,2.4002,3.5
17,1,93,3.0404,3.5
17,1,94,5.2149,3.5
17,1,94,1.0698,3.5
17,1,95,5.1147,5.25
17,1,95,2.8624,5.25
17,1,96,2.9849,1.5
17,1,96,2.3030,1.5
17,1,97,4.0527,2.5
17,1,97,0.5673,2.5
17,1,98,5.1157,3.5
17,1,98,3.0221,3.5
17,1,99,4.4128,3.5
17,1,99,1.3221,3.5
17,1,100,4.7503,2.75
17,1,100,1.9246,2.75
17,1,101,4.3978,3.0
17,1,101,2.4791,3.0
17,1,102,4.3436,3.75
17,1,102,1.9162,3.75
17,1,104,4.4778,3.25
17,1,104,2.6667,3.25
17,1,105,5.4516,3.75
17,1,105,1.4567,3.75
17,1,106,5.0027,2.75
17,1,106,3.2927,2.75
17,1,107,4.7940,3.25
17,1,107,2.1406,3.25
17,1,108,4.9632,2.5
17,1,108,2.2775,2.5
17,1,109,4.6170,2.5
18,1,2,3.8213,4.25
18,1,2,4.3659,4.25
18,1,3,4.3390,2.25
18,1,3,4.8742,2.25
18,1,4,3.9190,3.0
18,1,4,4.4814,3.0
18,1,5,3.9204,1.5
18,1,5,2.4180,1.5
18,1,6,4.1205,3.5
18,1,6,4.0515,3.5
18,1,7,4.0233,2.5
18,1,7,2.7507,2.5
18,1,8,3.7869,2.25
18,1,8,2.8453,2.25
18,1,9,4.7157,2.0
18,1,9,3.0687,2.0
18,1,10,4.9225,1.75
18,1,10,3.7628,1.75
18,1,11,5.2344,5.75
18,1,11,3.8033,5.75
18,1,12,5.2318,6.0
18,1,12,4.0081,6.0
18,1,16,2.8995,2.33333
18,1,16,4.2096,2.33333
18,1,17,2.9351,3.0
18,1,17,3.9804,3.0
18,1,18,2.9418,2.75
18,1,18,4.6899,2.75
18,1,19,2.9933,2.75
18,1,19,4.1986,2.75
18,1,20,2.7945,2.75
18,1,20,4.5018,2.75
18,1,21,3.3431,2.5
18,1,21,4.7174,2.5
18,1,28,3.8068,3.25
18,1,28,4.8565,3.25
18,1,29,3.6030,3.75
18,1,29,4.6026,3.75
18,1,30,3.9634,2.75
18,1,30,4.3939,2.75
18,1,31,3.1701,3.75
18,1,31,4.5605,3.75
18,1,32,3.1115,1.25
18,1,32,4.4865,1.25
18,1,33,3.1608,1.0
18,1,33,4.6596,1.0
18,1,34,3.4921,2.25
18,1,34,4.7574,2.25
18,1,35,3.6180,2.25
18,1,35,4.2051,2.25
18,1,36,3.3547,2.25
18,1,36,4.7196,2.25
18,1,37,3.8497,2.75
18,1,37,4.6108,2.75
18,1,38,2.9835,3.5
18,1,38,4.5167,3.5
18,1,39,3.8026,4.0
18,1,39,3.6448,4.0
18,1,40,3.3253,4.0
18,1,40,4.4109,4.0
18,1,41,3.4138,4.0
18,1,41,4.5042,4.0
18,1,42,3.5016,2.5
18,1,42,4.0191,2.5
18,1,43,3.3626,4.25
18,1,43,4.1907,4.25
18,1,44,3.1311,2.5
18,1,44,3.6188,2.5
18,1,45,4.1999,4.75
18,1,45,4.2079,4.75
18,1,46,3.1936,2.25
18,1,46,4.4260,2.25
18,1,47,2.9901,1.75
18,1,47,4.4333,1.75
18,1,48,2.9826,1.75
18,1,48,4.5136,1.75
18,1,49,3.0034,1.5
18,1,49,4.4011,1.5
18,1,50,2.9886,2.25
18,1,50,4.4734,2.25
18,1,51,2.7613,1.25
18,1,51,3.8794,1.25
18,1,53,4.1856,3.25
18,1,53,4.3906,3.25
18,1,54,3.5584,1.25
18,1,54,3.8080,1.25
18,1,55,3.7460,1.75
18,1,55,4.0784,1.75
18,1,56,4.1977,3.25
18,1,56,3.4505,3.25
18,1,59,3.9831,1.66667
18,1,59,3.9306,1.66667
18,1,60,4.0416,1.0
18,1,60,4.4476,1.0
18,1,61,3.7145,3.25
18,1,61,3.7162,3.25
18,1,62,3.6564,1.5
18,1,62,3.7495,1.5
18,1,64,4.6608,2.25
18,1,64,3.9990,2.25
18,1,65,3.6108,1.0
18,1,65,4.2391,1.0
18,1,66,3.5063,1.75
18,1,66,3.4538,1.75
18,1,67,3.7378,1.0
18,1,67,3.1248,1.0
18,1,68,3.3681,2.5
18,1,68,3.5557,2.5
18,1,74,3.6013,1.5
18,1,74,4.0006,1.5
18,1,75,3.6573,1.0
18,1,75,4.0448,1.0
18,1,76,3.6991,2.0
18,1,76,4.5671,2.0
18,1,77,3.8856,1.0
18,1,77,4.7089,1.0
18,1,78,3.5709,2.0
18,1,78,3.9203,2.0
18,1,79,3.4458,2.25
18,1,79,4.4025,2.25
18,1,80,3.7229,3.5
18,1,80,4.4219,3.5
18,1,81,4.0971,3.75
18,1,81,4.4117,3.75
18,1,82,3.1773,3.25
18,1,82,4.0254,3.25
18,1,84,4.1919,4.5
18,1,84,4.5432,4.5
18,1,85,3.4326,4.0
18,1,85,4.9001,4.0
18,1,90,3.1849,2.5
18,1,90,3.9978,2.5
18,1,91,2.9493,2.5
18,1,91,5.1676,2.5
18,1,92,4.1005,2.25
18,1,92,4.2581,2.25
18,1,93,2.7909,2.0
18,1,93,3.8681,2.0
18,1,94,3.2778,2.5
18,1,94,3.6686,2.5
18,1,95,3.7362,4.25
18,1,95,4.7006,4.25
18,1,96,3.8968,2.5
18,1,96,3.6350,2.5
18,1,97,3.4663,3.25
18,1,97,4.4027,3.25
18,1,98,3.8311,2.25
18,1,98,3.7137,2.25
18,1,99,3.7736,2.5
18,1,99,4.0003,2.5
18,1,100,3.1216,3.75
18,1,100,4.2883,3.75
18,1,101,3.6151,2.25
18,1,101,4.2813,2.25
18,1,102,3.8655,2.25
18,1,102,3.9802,2.25
18,1,103,3.4521,2.0
18,1,103,3.8121,2.0
18,1,104,3.2797,3.25
18,1,104,3.1236,3.25
18,1,105,3.3411,1.75
18,1,105,4.0281,1.75
18,1,109,3.4976,3.0
18,1,109,4.4484,3.0
18,1,111,3.1395,2.75
18,1,111,3.9711,2.75
18,1,112,3.1047,1.25
