3,1,47,3.9568,4.25
3,1,47,3.9570,4.25
3,1,10,3.4136,2.875
3,1,10,3.4121,2.875
3,1,101,3.5172,4.375
3,1,101,3.5179,4.375
3,1,64,3.6555,5.75
3,1,64,3.6555,5.75
3,1,45,3.4315,4.25
3,1,45,3.4294,4.25
3,1,8,3.6794,3.5
3,1,8,3.6811,3.5
3,1,99,3.5139,1.5
3,1,99,3.5100,1.5
3,1,94,3.4023,3.25
3,1,94,3.4014,3.25
3,1,43,3.6487,4.0
3,1,43,3.6485,4.0
3,1,6,3.2582,4.5
3,1,6,3.2574,4.5
3,1,97,3.2165,1.25
3,1,97,3.2149,1.25
3,1,92,3.7271,3.5
3,1,92,3.7280,3.5
3,1,41,3.1116,3.25
3,1,41,3.1119,3.25
3,1,4,3.7070,3.25
3,1,4,3.7064,3.25
3,1,90,3.5045,3.75
3,1,90,3.5043,3.75
3,1,39,3.5893,5.75
3,1,39,3.5894,5.75
3,1,2,3.2422,4.5
3,1,2,3.2431,4.5
3,1,88,3.1199,4.0
3,1,88,3.1209,4.0
3,1,37,3.3037,3.125
3,1,37,3.3036,3.125
3,1,86,3.4885,4.25
3,1,86,3.4888,4.25
3,1,35,3.7868,4.375
3,1,35,3.7867,4.375
3,1,30,3.1788,4.5
3,1,30,3.1726,4.5
3,1,84,3.7114,3.75
3,1,84,3.7109,3.75
3,1,33,3.1858,3.0
3,1,33,3.1859,3.0
3,1,28,3.8340,4.75
3,1,28,3.8344,4.75
3,1,82,3.3613,3.0
3,1,82,3.3909,3.0
3,1,63,3.4885,4.75
3,1,63,3.4896,4.75
3,1,26,3.5778,4.0
3,1,26,3.5793,4.0
3,1,80,3.1190,2.75
3,1,80,3.1174,2.75
3,1,61,2.9581,5.5
3,1,61,2.9565,5.5
3,1,24,3.4285,4.5
3,1,24,3.4293,4.5
3,1,59,3.3555,5.5
3,1,59,3.3545,5.5
3,1,22,3.8431,4.83333
3,1,22,3.8435,4.83333
3,1,57,3.4276,4.875
3,1,57,3.4269,4.875
3,1,20,3.4720,2.5
3,1,20,3.4718,2.5
3,1,79,3.8085,5.25
3,1,79,3.8068,5.25
3,1,55,2.8331,3.25
3,1,55,2.8327,3.25
3,1,18,3.3733,3.75
3,1,18,3.3742,3.75
3,1,77,3.3443,4.5
3,1,77,3.3426,4.5
3,1,16,3.8231,4.75
3,1,16,3.8226,4.75
3,1,75,3.2078,4.0
3,1,75,3.2079,4.0
3,1,51,3.1597,4.5
3,1,51,3.1609,4.5
3,1,73,3.0652,3.0
3,1,73,3.0632,3.0
3,1,49,3.4711,5.0
3,1,49,3.4709,5.0
3,1,108,3.1301,2.25
3,1,108,3.1298,2.25
3,1,71,3.4743,2.0
3,1,71,3.4730,2.0
3,1,15,3.3185,5.0
3,1,15,3.3188,5.0
3,1,106,3.1298,2.75
3,1,106,3.1386,2.75
3,1,104,3.4907,3.5
3,1,104,3.4906,3.5
3,1,102,3.0790,5.25
3,1,102,3.0793,5.25
3,1,65,2.9883,6.25
3,1,65,2.9885,6.25
3,1,46,3.8075,5.0
3,1,46,3.8067,5.0
3,1,9,3.1783,2.75
3,1,9,3.1781,2.75
3,1,100,3.0199,2.375
3,1,100,3.0220,2.375
3,1,95,3.3208,3.75
3,1,95,3.3193,3.75
3,1,44,3.4929,3.0
3,1,44,3.4926,3.0
3,1,7,3.9987,4.75
3,1,7,3.9989,4.75
3,1,98,3.7867,1.75
3,1,98,3.7869,1.75
3,1,93,3.4606,3.25
3,1,93,3.4610,3.25
3,1,5,3.5762,6.0
3,1,5,3.5771,6.0
3,1,96,3.4047,3.875
3,1,96,3.4046,3.875
3,1,91,3.1747,4.0
3,1,91,3.1746,4.0
3,1,40,3.2377,5.0
3,1,40,3.2375,5.0
3,1,3,3.5637,3.0
3,1,3,3.5647,3.0
3,1,89,3.7947,4.25
3,1,89,3.7955,4.25
3,1,38,3.3618,4.5
3,1,38,3.3617,4.5
3,1,1,3.0467,3.875
3,1,1,3.0471,3.875
3,1,87,3.4716,4.25
3,1,87,3.4691,4.25
3,1,36,4.1079,3.5
3,1,36,4.1091,3.5
3,1,31,3.1807,3.66667
3,1,31,3.1808,3.66667
3,1,85,3.3445,2.0
3,1,85,3.3454,2.0
3,1,34,3.4642,4.125
3,1,34,3.4652,4.125
3,1,29,4.0091,1.25
3,1,29,4.0089,1.25
3,1,83,3.4944,4.5
3,1,83,3.4750,4.5
3,1,32,2.9873,4.5
3,1,32,2.9939,4.5
3,1,27,3.2472,5.25
3,1,27,3.2413,5.25
3,1,81,3.2194,2.75
3,1,81,3.2181,2.75
3,1,62,3.3133,4.375
3,1,62,3.3108,4.375
3,1,25,3.8636,5.5
3,1,25,3.8633,5.5
3,1,60,3.6658,5.5
3,1,60,3.6654,5.5
3,1,23,3.0144,3.875
3,1,23,3.0149,3.875
3,1,58,3.7143,4.5
3,1,58,3.7136,4.5
3,1,21,3.3366,4.5
3,1,21,3.3365,4.5
3,1,56,2.9301,4.0
3,1,56,2.9341,4.0
3,1,19,3.4837,4.125
3,1,19,3.4836,4.125
3,1,78,3.3679,5.25
3,1,78,3.3673,5.25
3,1,17,2.8221,5.0
3,1,17,2.8226,5.0
3,1,76,3.5955,4.0
3,1,76,3.5955,4.0
3,1,52,3.3528,3.5
3,1,52,3.3515,3.5
3,1,74,3.5551,4.0
3,1,74,3.5570,4.0
3,1,50,3.6301,4.66667
3,1,50,3.6302,4.66667
3,1,48,3.3705,2.5
3,1,48,3.3706,2.5
3,1,107,3.3570,5.25
3,1,107,3.3550,5.25
3,1,70,3.3047,2.75
3,1,70,3.3030,2.75
3,1,14,2.9313,3.75
3,1,14,2.9317,3.75
3,1,105,2.7367,1.25
3,1,105,2.7418,1.25
3,1,103,3.2487,1.5
3,1,103,3.2503,1.5
3,1,66,3.5307,3.0
3,1,66,3.5310,3.0
3,2,82,3.0906,3.25
3,2,82,3.0904,3.25
3,2,61,3.5324,4.375
3,2,61,3.5321,4.375
3,2,80,3.4287,4.75
3,2,80,3.4280,4.75
3,2,30,3.6021,3.625
3,2,30,3.6049,3.625
3,2,35,3.3071,3.875
3,2,35,3.3064,3.875
3,2,86,2.9980,2.75
3,2,86,2.9997,2.75
3,2,28,3.6047,4.0
3,2,28,3.6061,4.0
3,2,33,3.5736,5.0
3,2,33,3.5742,5.0
3,2,84,3.8663,4.0
3,2,84,3.8671,4.0
3,2,2,3.2504,1.875
3,2,2,3.2506,1.875
3,2,39,3.7458,4.25
3,2,39,3.7457,4.25
3,2,90,3.1586,4.25
3,2,90,3.1579,4.25
3,2,37,3.2102,2.25
3,2,37,3.2078,2.25
3,2,88,2.9677,4.0
3,2,88,2.9746,4.0
3,2,6,3.1525,5.25
3,2,6,3.1527,5.25
3,2,43,3.3621,4.0
3,2,43,3.3623,4.0
3,2,94,3.4850,3.75
3,2,94,3.4858,3.75
3,2,99,3.1700,2.625
3,2,99,3.1693,2.625
3,2,41,3.5272,3.5
3,2,41,3.5227,3.5
3,2,92,3.4677,3.25
3,2,92,3.4662,3.25
3,2,97,2.9964,5.0
3,2,97,2.9972,5.0
3,2,10,3.4793,4.0
3,2,10,3.4821,4.0
3,2,47,3.1451,3.875
3,2,47,3.1462,3.875
3,2,66,3.7163,3.75
3,2,66,3.7161,3.75
3,2,103,3.5319,4.0
3,2,103,3.5337,4.0
3,2,8,3.0308,6.0
3,2,8,3.0311,6.0
3,2,45,3.5236,3.25
3,2,45,3.5151,3.25
3,2,64,3.3349,2.375
3,2,64,3.3354,2.375
3,2,101,3.3738,3.125
3,2,101,3.3736,3.125
3,2,14,3.2425,3.75
3,2,14,3.2437,3.75
3,2,70,3.4253,3.66667
3,2,70,3.4259,3.66667
3,2,107,2.9231,4.625
3,2,107,2.9308,4.625
3,2,12,3.5613,5.25
3,2,12,3.5586,5.25
3,2,68,3.6561,5.5
3,2,68,3.6587,5.5
3,2,105,3.4376,3.5
3,2,105,3.4383,3.5
3,2,50,3.7350,3.75
3,2,50,3.7332,3.75
3,2,74,3.0200,3.25
3,2,74,3.0195,3.25
3,2,111,2.9356,3.5
3,2,111,2.9356,3.5
3,2,48,2.8741,4.25
3,2,48,2.8757,4.25
3,2,109,3.9926,1.95833
3,2,109,3.9943,1.95833
3,2,78,2.7424,2.75
3,2,78,2.7417,2.75
3,2,52,3.8668,1.5
3,2,52,3.8617,1.5
3,2,56,3.4639,4.25
3,2,56,3.4649,4.25
3,2,112,3.0215,4.0
3,2,112,3.0228,4.0
3,2,62,3.5315,5.25
3,2,62,3.5308,5.25
3,2,27,3.0146,4.0
3,2,27,3.0149,4.0
3,2,60,3.3379,3.75
3,2,60,3.3393,3.75
3,2,83,2.7940,4.25
3,2,83,2.7938,4.25
3,2,34,3.3204,3.5
3,2,34,3.3213,3.5
3,2,81,3.7323,4.375
3,2,81,3.7307,4.375
3,2,31,3.1719,3.25
3,2,31,3.1715,3.25
3,2,32,4.0155,3.25
3,2,32,4.0152,3.25
3,2,87,3.2354,3.75
3,2,87,3.2345,3.75
3,2,29,3.4477,4.0
3,2,29,3.4481,4.0
3,2,38,3.5843,3.25
3,2,38,3.5845,3.25
3,2,85,3.6226,3.25
3,2,85,3.6258,3.25
3,2,36,3.3834,2.75
3,2,36,3.3734,2.75
3,2,91,3.2870,4.5
3,2,91,3.2883,4.5
3,2,42,2.9916,2.5
3,2,42,2.9904,2.5
3,2,89,3.3321,3.25
3,2,89,3.3317,3.25
3,2,98,3.3184,4.5
3,2,98,3.2867,4.5
3,2,7,3.2876,6.0
3,2,7,3.2874,6.0
3,2,40,3.8563,2.75
3,2,40,3.8536,2.75
3,2,95,3.0840,1.5
3,2,95,3.0828,1.5
3,2,96,3.5388,3.125
3,2,96,3.5424,3.125
3,2,5,3.3096,3.25
3,2,5,3.3085,3.25
3,2,46,3.9746,4.5
3,2,46,3.9750,4.5
3,2,93,3.3418,5.0
3,2,93,3.3415,5.0
3,2,102,3.2922,2.0
3,2,102,3.2926,2.0
3,2,11,3.5106,4.125
3,2,11,3.5086,4.125
3,2,44,3.0045,5.0
3,2,44,3.0053,5.0
3,2,67,3.3726,5.25
3,2,67,3.3699,5.25
3,2,100,3.4726,1.25
3,2,100,3.4746,1.25
3,2,9,3.1853,4.5
3,2,9,3.1859,4.5
3,2,65,3.1492,3.0
3,2,65,3.1497,3.0
3,2,106,2.7942,3.875
3,2,106,2.7932,3.875
3,2,71,3.2878,2.375
3,2,71,3.2867,2.375
3,2,104,3.3475,3.5
3,2,104,3.3328,3.5
3,2,13,3.3361,5.0
3,2,13,3.3362,5.0
3,2,69,2.8905,1.25
3,2,69,2.8906,1.25
3,2,110,3.3876,4.25
3,2,110,3.3893,4.25
3,2,51,3.2895,4.0
3,2,51,3.2902,4.0
3,2,108,3.1583,4.0
3,2,108,3.1581,4.0
3,2,49,3.0796,2.75
3,2,49,3.0793,2.75
3,2,73,3.2387,3.75
3,2,73,3.2471,3.75
3,2,55,3.1408,3.33333
3,2,55,3.1408,3.33333
3,2,79,3.6167,3.75
3,2,79,3.6167,3.75
3,2,53,3.0378,4.5
3,2,53,3.0350,4.5
3,2,77,3.0568,2.25
3,2,77,3.0540,2.25
3,2,59,3.0722,2.25
3,2,59,3.0715,2.25
3,2,113,3.3589,3.0
3,2,113,3.3597,3.0
3,2,26,3.2299,2.5
3,2,26,3.2310,2.5
3,2,63,2.5004,1.25
3,2,63,2.5021,1.25
4,1,29,2.8217,3.0
4,1,29,2.8220,3.0
4,1,58,4.2131,2.25
4,1,58,4.2129,2.25
4,1,85,3.4855,2.5
4,1,85,3.4874,2.5
4,1,114,3.2043,1.5
4,1,114,3.2023,1.5
4,1,31,2.9382,2.25
4,1,31,2.9386,2.25
4,1,36,3.0135,0.875
4,1,36,3.0142,0.875
4,1,87,2.9904,3.25
4,1,87,2.9909,3.25
4,1,25,3.3390,1.5
4,1,25,3.3377,1.5
4,1,38,2.8466,2.5
4,1,38,2.8478,2.5
4,1,81,3.6554,3.0
4,1,81,3.6572,3.0
4,1,27,2.6908,2.75
4,1,27,2.6907,2.75
4,1,32,2.6065,1.5
4,1,32,2.6086,1.5
4,1,83,3.2183,3.25
4,1,83,3.2175,3.25
4,1,5,2.8426,1.0
4,1,5,2.8425,1.0
4,1,34,3.0545,1.5
4,1,34,3.0528,1.5
4,1,93,3.6278,3.0
4,1,93,3.6276,3.0
4,1,7,3.1149,1.75
4,1,7,3.1153,1.75
4,1,95,3.5088,3.5
4,1,95,3.5245,3.5
4,1,100,3.4355,0.75
4,1,100,3.4339,0.75
4,1,46,2.7678,3.75
4,1,46,2.7691,3.75
4,1,89,3.3469,1.75
4,1,89,3.3489,1.75
4,1,102,3.0917,1.5
4,1,102,3.0891,1.5
4,1,3,3.5224,3.5
4,1,3,3.5219,3.5
4,1,40,2.9803,4.0
4,1,40,2.9834,4.0
4,1,91,3.4327,2.25
4,1,91,3.4324,2.25
4,1,96,3.4188,2.75
4,1,96,3.4205,2.75
4,1,13,3.0051,1.5
4,1,13,3.0057,1.5
4,1,42,3.1171,1.75
4,1,42,3.1172,1.75
4,1,69,3.4180,5.5
4,1,69,3.4145,5.5
4,1,98,2.9998,3.25
4,1,98,2.9980,3.25
4,1,15,2.6050,0.75
4,1,15,2.6129,0.75
4,1,71,3.0836,2.125
4,1,71,3.0839,2.125
4,1,108,3.5556,3.25
4,1,108,3.5798,3.25
4,1,9,3.5175,1.0
4,1,9,3.5317,1.0
4,1,65,3.2139,4.75
4,1,65,3.2131,4.75
4,1,110,3.8691,4.0
4,1,110,3.8691,4.0
4,1,11,3.8952,1.0
4,1,11,3.8946,1.0
4,1,67,3.2172,1.75
4,1,67,3.2168,1.75
4,1,104,3.6746,1.25
4,1,104,3.6754,1.25
4,1,53,3.8100,2.5
4,1,53,3.8102,2.5
4,1,77,3.7913,2.625
4,1,77,3.7913,2.625
4,1,106,2.7628,2.125
4,1,106,2.7649,2.125
4,1,55,3.0426,2.5
4,1,55,3.0428,2.5
4,1,79,3.3795,6.75
4,1,79,3.3800,6.75
4,1,49,3.5900,4.25
4,1,49,3.5895,4.25
4,1,73,3.3178,4.25
4,1,73,3.3169,4.25
4,1,22,3.2861,1.25
4,1,22,3.2878,1.25
4,1,51,3.7527,2.75
4,1,51,3.7532,2.75
4,1,75,3.8831,4.75
4,1,75,3.8403,4.75
4,1,16,3.2782,1.0
4,1,16,3.2768,1.0
4,1,117,3.3159,1.25
4,1,117,3.3161,1.25
4,1,63,2.9904,1.0
4,1,63,2.9899,1.0
4,1,28,2.9566,2.625
4,1,28,2.9575,2.625
4,1,57,3.0751,2.75
4,1,57,3.0751,2.75
4,1,84,3.4525,2.5
4,1,84,3.4507,2.5
4,1,113,3.9526,3.25
4,1,113,3.9737,3.25
4,1,30,2.9947,1.125
4,1,30,2.9990,1.125
4,1,59,3.5735,1.875
4,1,59,3.5738,1.875
4,1,86,3.2616,1.66667
4,1,86,3.2596,1.66667
4,1,115,3.6553,3.5
4,1,115,3.6434,3.5
4,1,24,2.9604,2.0
4,1,24,2.9608,2.0
4,1,37,3.0750,2.25
4,1,37,3.0743,2.25
4,1,80,3.2542,3.5
4,1,80,3.2536,3.5
4,1,26,3.2608,4.375
4,1,26,3.2609,4.375
4,1,39,3.5873,2.5
4,1,39,3.5875,2.5
4,1,82,3.5230,6.5
4,1,82,3.5232,6.5
4,1,4,3.2421,1.5
4,1,4,3.2366,1.5
4,1,33,2.7667,1.5
4,1,33,2.7667,1.5
4,1,92,3.3654,2.0
4,1,92,3.3645,2.0
4,1,6,3.1655,1.5
4,1,6,3.1665,1.5
4,1,35,2.9362,1.75
4,1,35,2.9355,1.75
4,1,94,2.9784,1.5
4,1,94,2.9793,1.5
4,1,45,3.8461,2.125
4,1,45,3.8459,2.125
4,1,88,3.4657,1.5
4,1,88,3.4649,1.5
4,1,101,3.1865,3.875
4,1,101,3.1861,3.875
4,1,47,3.1573,2.125
4,1,47,3.1570,2.125
4,1,90,3.9152,1.375
4,1,90,3.9130,1.375
4,1,103,2.9225,1.0
4,1,103,2.9228,1.0
4,1,12,3.2062,2.5
4,1,12,3.2100,2.5
4,1,41,3.4961,2.5
4,1,41,3.4958,2.5
4,1,68,3.4409,5.5
4,1,68,3.4419,5.5
4,1,97,3.3246,1.625
4,1,97,3.3230,1.625
4,1,70,3.7749,5.25
4,1,70,3.7782,5.25
4,1,99,3.1559,2.375
4,1,99,3.1545,2.375
4,1,8,3.4778,0.75
4,1,8,3.4785,0.75
4,1,64,3.4379,3.5
4,1,64,3.4386,3.5
4,1,109,3.4581,2.75
4,1,109,3.4581,2.75
4,1,10,3.5712,3.0
4,1,10,3.5715,3.0
4,1,66,3.1960,1.0
4,1,66,3.1973,1.0
4,1,111,3.2421,3.5
4,1,111,3.2430,3.5
4,1,52,2.9320,3.25
4,1,52,2.9325,3.25
4,1,105,3.7606,3.625
4,1,105,3.7609,3.625
4,1,54,3.8018,3.375
4,1,54,3.8020,3.375
4,1,78,3.5111,3.25
4,1,78,3.5109,3.25
4,1,48,4.1506,1.5
4,1,48,4.1507,1.5
4,1,72,3.2156,2.375
4,1,72,3.2158,2.375
4,1,50,2.9567,2.0
4,1,50,2.9563,2.0
4,1,74,3.5681,3.5
4,1,74,3.5689,3.5
4,1,23,3.1821,1.0
4,1,23,3.1830,1.0
4,1,116,3.7172,1.75
4,1,116,3.7211,1.75
4,1,118,3.7122,4.5
4,1,118,3.7120,4.5
4,1,56,2.9520,2.0
4,1,56,2.9502,2.0
4,1,112,3.5717,1.0
4,1,112,3.5711,1.0
7,1,40,4.5277,5.5
7,1,40,4.3240,5.5
7,1,3,3.9089,4.75
7,1,3,4.2067,4.75
7,1,102,4.4546,4.25
7,1,102,4.3706,4.25
7,1,46,4.3992,4.0
7,1,46,4.0245,4.0
7,1,1,4.5599,3.5
7,1,1,5.1851,3.5
7,1,44,4.3906,6.25
7,1,44,4.1639,6.25
7,1,7,3.5599,2.25
7,1,7,3.5329,2.25
7,1,90,4.4471,4.0
7,1,90,4.3747,4.0
7,1,34,4.9375,5.5
7,1,34,4.2708,5.5
7,1,5,4.0026,4.75
7,1,5,4.5545,4.75
7,1,88,4.4511,6.5
7,1,88,3.7706,6.5
7,1,32,4.3144,3.75
7,1,32,4.3226,3.75
7,1,94,4.4596,3.0
7,1,94,4.4574,3.0
7,1,38,3.6307,3.5
7,1,38,3.9179,3.5
7,1,92,4.2767,5.75
7,1,92,4.5200,5.75
7,1,36,3.8377,4.25
7,1,36,4.4453,4.25
7,1,82,4.2467,5.25
7,1,82,3.6052,5.25
7,1,26,4.5561,3.0
7,1,26,4.7190,3.0
7,1,80,3.7235,2.0
7,1,80,4.0094,2.0
7,1,24,4.1241,5.0
7,1,24,4.0915,5.0
7,1,86,4.2814,3.25
7,1,86,3.9129,3.25
7,1,59,4.2318,5.25
7,1,59,4.6275,5.25
7,1,30,4.1902,3.0
7,1,30,4.4075,3.0
7,1,84,3.6149,4.75
7,1,84,3.4893,4.75
7,1,57,4.3364,4.25
7,1,57,4.4465,4.25
7,1,28,4.5216,5.25
7,1,28,4.4058,5.25
7,1,74,4.2437,4.25
7,1,74,3.9488,4.25
7,1,63,3.1728,5.5
7,1,63,3.4472,5.5
7,1,18,3.8311,6.0
7,1,18,4.3173,6.0
7,1,72,3.9510,2.0
7,1,72,4.3461,2.0
7,1,61,4.7197,5.0
7,1,61,4.2870,5.0
7,1,107,3.1911,4.0
7,1,107,3.7772,4.0
7,1,78,4.4664,4.0
7,1,78,3.5050,4.0
7,1,51,4.1404,3.5
7,1,51,3.7993,3.5
7,1,22,3.5322,3.75
7,1,22,3.9299,3.75
7,1,105,4.0617,4.75
7,1,105,4.0753,4.75
7,1,76,3.8542,2.75
7,1,76,3.6202,2.75
7,1,49,3.6693,4.5
7,1,49,3.9923,4.5
7,1,20,4.2105,5.25
7,1,20,3.9717,5.25
7,1,66,4.1358,4.25
7,1,66,3.8227,4.25
7,1,55,3.7004,2.5
7,1,55,3.3764,2.5
7,1,10,4.0838,2.75
7,1,10,3.4433,2.75
7,1,109,4.2524,6.25
7,1,109,4.0422,6.25
7,1,64,3.3033,5.0
7,1,64,3.4397,5.0
7,1,53,3.4317,5.5
7,1,53,3.3874,5.5
7,1,8,4.1410,4.5
7,1,8,4.0970,4.5
7,1,70,3.5411,5.5
7,1,70,3.5456,5.5
7,1,43,4.6351,3.5
7,1,43,4.4242,3.5
7,1,14,3.5896,1.75
7,1,14,3.8994,1.75
7,1,97,3.7181,5.5
7,1,97,3.4641,5.5
7,1,68,2.8519,4.25
7,1,68,3.1902,4.25
7,1,41,3.9840,4.75
7,1,41,3.9693,4.75
7,1,12,3.3666,5.0
7,1,12,3.8418,5.0
7,1,103,3.6468,3.25
7,1,103,3.6726,3.25
7,1,47,4.8652,4.5
7,1,47,4.9580,4.5
7,1,2,4.0792,5.5
7,1,2,3.7391,5.5
7,1,101,4.1148,4.0
7,1,101,3.8305,4.0
7,1,45,3.7782,4.5
7,1,45,3.5693,4.5
7,1,35,3.7209,6.0
7,1,35,4.0124,6.0
7,1,89,4.2313,5.25
7,1,89,4.3928,5.25
7,1,33,4.3015,4.75
7,1,33,5.3392,4.75
7,1,4,4.5806,3.25
7,1,4,4.2982,3.25
7,1,95,4.0979,4.75
7,1,95,4.2286,4.75
7,1,39,4.7259,5.5
7,1,39,4.2967,5.5
7,1,93,3.5614,4.25
7,1,93,4.3851,4.25
7,1,37,3.9418,4.25
7,1,37,4.1930,4.25
7,1,83,3.6769,4.75
7,1,83,4.1003,4.75
7,1,27,4.2343,4.25
7,1,27,4.4718,4.25
7,1,81,3.7319,4.0
7,1,81,3.4557,4.0
7,1,25,3.9863,4.5
7,1,25,5.1458,4.5
7,1,31,4.4133,4.5
7,1,31,3.6116,4.5
7,1,58,4.3086,6.0
7,1,58,3.4818,6.0
7,1,29,4.6638,4.25
7,1,29,4.3111,4.25
7,1,75,4.2218,4.75
7,1,75,4.0419,4.75
7,1,19,3.8514,4.75
7,1,19,3.9614,4.75
7,1,73,4.0815,1.0
7,1,73,3.9371,1.0
7,1,62,4.1951,4.5
7,1,62,4.4434,4.5
7,1,79,4.0408,3.0
7,1,79,3.8074,3.0
7,1,60,3.6886,3.25
7,1,60,3.7276,3.25
7,1,23,3.8031,4.0
7,1,23,4.2208,4.0
7,1,106,3.6501,4.75
7,1,106,3.3079,4.75
7,1,50,4.0258,5.0
7,1,50,4.3751,5.0
7,1,104,4.8605,4.75
7,1,104,4.3315,4.75
7,1,67,3.9242,4.75
7,1,67,3.9973,4.75
7,1,48,3.8811,1.5
7,1,48,4.5206,1.5
7,1,11,3.6287,1.75
7,1,11,2.9600,1.75
7,1,65,3.8460,5.25
7,1,65,3.4843,5.25
7,1,54,4.0634,5.5
7,1,54,4.1044,5.5
7,1,9,4.0340,2.0
7,1,9,3.9544,2.0
7,1,108,3.1896,2.75
7,1,108,3.9923,2.75
7,1,71,4.2755,4.75
7,1,71,4.2054,4.75
7,1,52,4.2161,0.75
7,1,52,3.7540,0.75
7,1,98,3.7367,3.25
7,1,98,3.8960,3.25
7,1,69,3.3429,5.5
7,1,69,3.5646,5.5
7,1,42,4.0135,3.0
7,1,42,4.8633,3.0
7,1,13,3.6813,3.0
7,1,13,3.8038,3.0
7,1,96,4.1088,5.5
7,1,96,4.3867,5.5
7,2,77,3.9912,4.25
7,2,77,4.4801,4.25
7,2,102,4.5066,5.25
7,2,102,4.4763,5.25
7,2,3,3.9578,5.75
7,2,3,3.7778,5.75
7,2,75,3.5610,3.5
7,2,75,3.0714,3.5
7,2,100,2.5642,1.75
7,2,100,3.0296,1.75
7,2,1,3.5551,4.25
7,2,1,2.9088,4.25
7,2,73,2.6942,3.25
7,2,73,3.1757,3.25
7,2,98,3.2928,3.75
7,2,98,3.6806,3.75
7,2,63,3.4831,5.25
7,2,63,3.0562,5.25
7,2,71,3.4538,4.0
7,2,71,3.8314,4.0
7,2,96,3.7339,3.5
7,2,96,3.6243,3.5
7,2,61,2.4040,5.5
7,2,61,2.4685,5.5
7,2,69,3.6068,4.25
7,2,69,4.0652,4.25
7,2,30,3.4075,3.0
7,2,30,3.9869,3.0
7,2,28,3.4647,5.75
7,2,28,3.9207,5.75
7,2,57,2.0918,1.5
7,2,57,2.5749,1.5
7,2,65,2.7855,5.0
7,2,65,4.1327,5.0
7,2,26,3.7447,4.25
7,2,26,4.0350,4.25
7,2,55,3.3111,4.0
7,2,55,3.6043,4.0
7,2,24,3.9374,3.75
7,2,24,4.0782,3.75
7,2,53,3.4013,5.0
7,2,53,3.5704,5.0
7,2,22,3.2115,3.0
7,2,22,3.6065,3.0
7,2,51,3.5707,4.75
7,2,51,3.7087,4.75
7,2,94,3.2109,3.25
7,2,94,3.1366,3.25
7,2,20,3.7531,5.5
7,2,20,4.3198,5.5
7,2,49,3.8970,4.0
7,2,49,3.8363,4.0
7,2,92,3.6821,4.66667
7,2,92,4.0141,4.66667
7,2,18,2.8967,3.5
7,2,18,4.0051,3.5
7,2,47,4.3629,4.0
7,2,47,4.6791,4.0
7,2,90,4.0413,4.0
7,2,90,4.1468,4.0
7,2,16,3.2193,5.0
7,2,16,3.9234,5.0
7,2,45,3.5739,2.5
7,2,45,4.1941,2.5
7,2,88,2.8213,5.0
7,2,88,2.8023,5.0
7,2,14,3.7702,5.5
7,2,14,4.2180,5.5
7,2,43,3.3341,2.75
7,2,43,4.1389,2.75
7,2,86,4.1644,2.5
7,2,86,3.8901,2.5
7,2,12,4.0426,4.25
7,2,12,5.2803,4.25
7,2,84,3.8838,3.75
7,2,84,3.5351,3.75
7,2,10,3.8420,4.0
7,2,10,4.1269,4.0
7,2,39,3.0850,4.0
7,2,39,3.7818,4.0
7,2,82,4.4065,3.25
7,2,82,3.7928,3.25
7,2,8,2.7351,4.0
7,2,8,2.4680,4.0
7,2,37,3.1515,3.5
7,2,37,4.4777,3.5
7,2,80,3.1959,4.0
7,2,80,2.7782,4.0
7,2,109,4.2300,5.25
7,2,109,3.8491,5.25
7,2,6,3.9916,4.0
7,2,6,5.1865,4.0
7,2,35,3.2352,3.5
7,2,35,3.1288,3.5
7,2,78,2.6793,5.0
7,2,78,3.5321,5.0
7,2,107,4.8947,4.5
7,2,107,5.1693,4.5
7,2,4,3.8474,3.0
7,2,4,3.7983,3.0
7,2,33,2.7485,1.5
7,2,33,3.6260,1.5
7,2,76,3.2398,4.5
7,2,76,3.3159,4.5
7,2,105,4.2739,3.0
7,2,105,4.2801,3.0
7,2,2,2.4626,2.75
7,2,2,3.6822,2.75
7,2,74,3.2133,2.5
7,2,74,3.1280,2.5
7,2,103,2.4932,4.25
7,2,103,3.0680,4.25
7,2,72,4.7386,4.25
7,2,72,4.3573,4.25
7,2,70,3.1812,3.25
7,2,70,4.0326,3.25
7,2,99,3.6549,4.25
7,2,99,3.7049,4.25
7,2,60,2.6746,4.0
7,2,60,2.3431,4.0
7,2,68,3.4230,6.5
7,2,68,3.5330,6.5
7,2,97,2.8403,3.0
7,2,97,3.3951,3.0
7,2,58,2.2609,4.0
7,2,58,2.8251,4.0
7,2,66,4.2389,5.5
7,2,66,4.4830,5.5
7,2,31,2.9446,3.75
7,2,31,3.5633,3.75
7,2,56,5.3591,4.75
7,2,56,4.1365,4.75
7,2,64,2.9135,3.25
7,2,64,3.0138,3.25
7,2,29,3.9338,1.75
7,2,29,4.1403,1.75
7,2,27,5.2056,4.25
7,2,27,4.9452,4.25
7,2,52,4.6644,3.25
7,2,52,4.8646,3.25
7,2,25,3.5276,4.75
7,2,25,4.3190,4.75
7,2,50,3.2960,4.25
7,2,50,3.7315,4.25
7,2,23,4.1202,1.75
7,2,23,4.2049,1.75
7,2,48,3.4823,3.75
7,2,48,4.2677,3.75
7,2,95,2.9039,2.5
7,2,95,2.8612,2.5
7,2,21,2.2328,1.5
7,2,21,2.9533,1.5
7,2,46,2.6187,4.75
7,2,46,2.7035,4.75
7,2,93,3.1957,4.75
7,2,93,3.3706,4.75
7,2,19,3.4423,4.5
7,2,19,4.3521,4.5
7,2,44,3.8262,4.5
7,2,44,4.5701,4.5
7,2,91,3.0458,3.75
7,2,91,3.2629,3.75
7,2,17,4.1524,6.0
7,2,17,4.0591,6.0
7,2,42,4.4836,3.0
7,2,42,4.1993,3.0
7,2,89,4.0939,3.0
7,2,89,4.4990,3.0
7,2,40,3.8795,5.25
7,2,40,4.2216,5.25
7,2,87,2.4747,4.5
7,2,87,3.7260,4.5
7,2,13,3.8529,4.75
7,2,13,3.7152,4.75
7,2,38,4.6704,5.25
7,2,38,4.5861,5.25
7,2,85,3.9596,2.5
7,2,85,3.9058,2.5
7,2,110,3.2472,4.75
7,2,110,3.2348,4.75
7,2,11,3.7472,2.75
7,2,11,3.7235,2.75
7,2,36,3.0300,2.5
7,2,36,3.6832,2.5
7,2,83,3.6307,5.0
7,2,83,4.1193,5.0
7,2,108,2.4733,5.5
7,2,108,2.8926,5.5
7,2,9,3.3862,4.0
7,2,9,3.8747,4.0
7,2,34,3.7130,4.25
7,2,34,3.2217,4.25
7,2,106,3.7574,6.25
7,2,106,3.1434,6.25
7,2,7,4.0398,5.0
7,2,7,3.8082,5.0
7,2,32,3.7552,4.5
7,2,32,4.0838,4.5
7,2,104,2.7125,3.5
7,2,104,3.1764,3.5
7,2,5,5.2603,3.25
7,2,5,4.1361,3.25
8,1,34,0.4556,2.5
8,1,34,0.2019,2.5
8,1,7,0.5354,1.0
8,1,7,1.4012,1.0
8,1,94,0.4655,1.75
8,1,94,0.0861,1.75
8,1,21,0.6146,1.75
8,1,21,0.5496,1.75
8,1,35,0.9919,3.0
8,1,35,0.2766,3.0
8,1,49,1.5482,2.25
8,1,49,0.6841,2.25
8,1,8,0.5202,1.0
8,1,8,0.4426,1.0
8,1,95,0.7076,2.25
8,1,95,0.4803,2.25
8,1,22,1.0912,3.5
8,1,22,0.9009,3.5
8,1,36,0.2799,3.75
8,1,36,0.4322,3.75
8,1,50,0.5054,1.0
8,1,50,0.4065,1.0
8,1,9,1.3230,2.0
8,1,9,0.5190,2.0
8,1,64,0.8092,1.25
8,1,64,0.5639,1.25
8,1,23,1.3999,3.25
8,1,23,0.7251,3.25
8,1,37,0.5289,1.75
8,1,37,0.4262,1.75
8,1,51,0.0480,1.0
8,1,51,0.7165,1.0
8,1,10,0.6422,1.75
8,1,10,1.4470,1.75
8,1,65,1.0110,2.0
8,1,65,0.9589,2.0
8,1,24,1.4843,3.75
8,1,24,0.7772,3.75
8,1,38,1.3512,2.25
8,1,38,0.3152,2.25
8,1,52,0.9633,1.25
8,1,52,0.4523,1.25
8,1,11,0.3779,2.0
8,1,11,1.2063,2.0
8,1,66,0.4637,2.25
8,1,66,0.8463,2.25
8,1,25,1.0105,2.5
8,1,25,0.1142,2.5
8,1,80,0.8047,1.75
8,1,80,0.0040,1.75
8,1,39,0.9695,3.0
8,1,39,0.2429,3.0
8,1,53,0.9890,2.25
8,1,53,0.5279,2.25
8,1,12,0.7492,1.0
8,1,12,1.6028,1.0
8,1,67,0.8148,2.25
8,1,67,0.8492,2.25
8,1,26,1.2158,2.75
8,1,26,0.2799,2.75
8,1,81,0.5039,2.25
8,1,81,0.7989,2.25
8,1,40,1.2341,1.75
8,1,40,0.3422,1.75
8,1,54,0.7161,3.0
8,1,54,0.6328,3.0
8,1,68,0.4913,1.5
8,1,68,1.4335,1.5
8,1,27,1.0127,2.0
8,1,27,0.2358,2.0
8,1,82,0.9877,1.75
8,1,82,0.4431,1.75
8,1,41,1.2301,1.5
8,1,41,0.4283,1.5
8,1,96,1.2894,2.5
8,1,96,0.3520,2.5
8,1,69,1.3000,2.5
8,1,69,0.4764,2.5
8,1,28,0.4985,1.0
8,1,28,1.3460,1.0
8,1,42,1.2802,3.5
8,1,42,0.1465,3.5
8,1,97,0.6843,2.25
8,1,97,0.5481,2.25
8,1,29,1.1481,3.25
8,1,29,0.2899,3.25
8,1,43,0.3577,1.75
8,1,43,0.3040,1.75
8,1,98,0.8647,0.75
8,1,98,1.4397,0.75
8,1,30,1.2809,2.5
8,1,30,0.5987,2.5
8,1,85,0.8730,2.0
8,1,85,0.0208,2.0
8,1,44,1.1381,3.25
8,1,44,0.2667,3.25
8,1,58,0.6598,1.0
8,1,58,1.2480,1.0
8,1,31,1.0322,1.25
8,1,31,0.3953,1.25
8,1,86,1.1789,1.25
8,1,86,1.0769,1.25
8,1,59,0.6240,1.5
8,1,59,1.5809,1.5
8,1,73,1.2265,2.75
8,1,73,0.2589,2.75
8,1,87,0.3540,1.0
8,1,87,0.2977,1.0
8,1,60,0.9949,2.5
8,1,60,-0.1328,2.5
8,1,74,1.1355,2.5
8,1,74,0.1186,2.5
8,1,88,0.4980,2.25
8,1,88,0.6130,2.25
8,1,61,0.3992,2.75
8,1,61,0.2056,2.75
8,1,75,0.6114,3.0
8,1,75,0.5742,3.0
8,1,2,1.2037,2.75
8,1,2,0.5437,2.75
8,1,89,0.5803,3.5
8,1,89,0.5614,3.5
8,1,16,0.8140,2.75
8,1,16,0.3640,2.75
8,1,62,0.3612,1.5
8,1,62,0.8864,1.5
8,1,76,1.1343,1.0
8,1,76,0.6477,1.0
8,1,3,0.6604,2.5
8,1,3,0.4314,2.5
8,1,17,1.0601,3.25
8,1,17,0.5590,3.25
8,1,63,0.6214,1.0
8,1,63,1.0393,1.0
8,1,77,0.9611,3.25
8,1,77,0.6689,3.25
8,1,4,1.2516,1.75
8,1,4,0.2043,1.75
8,1,91,0.8784,2.75
8,1,91,0.0923,2.75
8,1,18,1.3917,3.75
8,1,18,0.5109,3.75
8,1,32,0.9010,2.75
8,1,32,0.3221,2.75
8,1,78,0.3267,2.75
8,1,78,1.0239,2.75
8,1,5,0.5785,2.0
8,1,5,0.6117,2.0
8,1,92,0.6641,1.5
8,1,92,0.3969,1.5
8,1,19,0.6214,2.25
8,1,19,0.2241,2.25
8,1,33,0.5214,1.75
8,1,33,0.6301,1.75
8,1,79,1.0916,2.0
8,1,79,0.4646,2.0
8,1,6,0.5737,1.5
8,1,6,1.1568,1.5
8,1,93,0.5168,1.75
8,1,93,1.2064,1.75
8,1,20,0.5652,2.5
8,1,20,0.5137,2.5
8,2,17,0.2204,3.5
8,2,17,0.2239,3.5
8,2,91,0.3741,2.25
8,2,91,0.3739,2.25
8,2,19,0.9771,2.0
8,2,19,0.9720,2.0
8,2,93,0.2352,4.25
8,2,93,0.2367,4.25
8,2,96,-0.0112,2.0
8,2,96,-0.0126,2.0
8,2,21,0.6063,2.25
8,2,21,0.6049,2.25
8,2,56,0.7306,2.0
8,2,56,0.7384,2.0
8,2,95,0.6653,2.0
8,2,95,0.6651,2.0
8,2,98,0.6743,3.0
8,2,98,0.6736,3.0
8,2,23,0.5186,2.5
8,2,23,0.5182,2.5
8,2,58,0.7508,3.0
8,2,58,0.7515,3.0
8,2,100,0.4465,3.25
8,2,100,0.4607,3.25
8,2,25,0.4274,2.75
8,2,25,0.4265,2.75
8,2,60,0.8363,3.5
8,2,60,0.8392,3.5
8,2,67,0.4655,1.625
8,2,67,0.4645,1.625
8,2,27,0.1984,4.0
8,2,27,0.1982,4.0
8,2,62,0.7549,1.75
8,2,62,0.7552,1.75
8,2,69,0.8636,3.5
8,2,69,0.8626,3.5
8,2,29,0.5976,4.75
8,2,29,0.6149,4.75
8,2,32,0.3135,4.0
8,2,32,0.3170,4.0
8,2,71,0.7191,2.0
8,2,71,0.7183,2.0
8,2,31,0.3016,2.75
8,2,31,0.3007,2.75
8,2,34,0.5715,3.5
8,2,34,0.5702,3.5
8,2,73,0.3780,3.5
8,2,73,0.3787,3.5
8,2,36,0.2059,3.75
8,2,36,0.2058,3.75
8,2,75,0.3670,4.0
8,2,75,0.3667,4.0
8,2,38,1.0508,3.75
8,2,38,1.0504,3.75
8,2,77,0.9104,4.75
8,2,77,0.9075,4.75
8,2,5,0.5076,3.75
8,2,5,0.5082,3.75
8,2,40,0.4139,2.0
8,2,40,0.4146,2.0
8,2,79,0.6789,4.0
8,2,79,0.6792,4.0
8,2,7,0.7317,1.5
8,2,7,0.7145,1.5
8,2,42,0.4374,3.5
8,2,42,0.4376,3.5
8,2,9,0.5163,2.0
8,2,9,0.5169,2.0
8,2,44,0.2707,3.25
8,2,44,0.2685,3.25
8,2,11,0.4409,3.0
8,2,11,0.4406,3.0
8,2,46,0.3210,3.25
8,2,46,0.3204,3.25
8,2,80,0.7089,3.25
8,2,80,0.7090,3.25
8,2,15,0.6581,2.25
8,2,15,0.6587,2.25
8,2,49,0.3318,4.0
8,2,49,0.3319,4.0
8,2,84,0.5873,3.5
8,2,84,0.5870,3.5
8,2,86,0.3114,3.25
8,2,86,0.3114,3.25
8,2,88,0.5335,3.75
8,2,88,0.5331,3.75
8,2,16,0.3565,4.0
8,2,16,0.3594,4.0
8,2,55,0.8770,3.75
8,2,55,0.8697,3.75
8,2,90,0.6816,1.5
8,2,90,0.6794,1.5
8,2,97,0.8194,4.25
8,2,97,0.8168,4.25
8,2,18,0.6298,3.5
8,2,18,0.6301,3.5
8,2,57,-0.0390,4.75
8,2,57,-0.0390,4.75
8,2,92,0.4439,2.0
8,2,92,0.4444,2.0
8,2,99,0.6751,4.0
8,2,99,0.6757,4.0
8,2,20,0.3247,3.75
8,2,20,0.3239,3.75
8,2,59,0.7420,4.5
8,2,59,0.7416,4.5
8,2,94,0.4976,3.0
8,2,94,0.4982,3.0
8,2,101,1.1390,2.75
8,2,101,1.1417,2.75
8,2,22,0.2033,2.25
8,2,22,0.2027,2.25
8,2,61,0.9647,4.0
8,2,61,0.9667,4.0
8,2,64,0.9370,4.75
8,2,64,0.9372,4.75
8,2,24,0.1032,3.0
8,2,24,0.1037,3.0
8,2,63,0.8193,5.25
8,2,63,0.8197,5.25
8,2,26,0.2335,4.0
8,2,26,0.2332,4.0
8,2,33,0.5751,2.25
8,2,33,0.5758,2.25
8,2,68,0.1669,2.75
8,2,68,0.1683,2.75
8,2,28,1.2653,2.5
8,2,28,1.2651,2.5
8,2,35,0.3627,3.5
8,2,35,0.3626,3.5
8,2,70,0.6895,4.0
8,2,70,0.6886,4.0
8,2,30,0.4044,4.25
8,2,30,0.4053,4.25
8,2,37,0.2505,2.25
8,2,37,0.2506,2.25
8,2,72,0.9855,3.5
8,2,72,0.9846,3.5
8,2,39,0.5447,2.0
8,2,39,0.5450,2.0
8,2,74,0.3473,3.75
8,2,74,0.3466,3.75
8,2,41,1.5620,4.0
8,2,41,1.5656,4.0
8,2,76,1.0378,3.25
8,2,76,1.0382,3.25
8,2,4,0.2914,3.25
8,2,4,0.2899,3.25
8,2,43,0.5787,2.75
8,2,43,0.5783,2.75
8,2,78,1.1066,3.25
8,2,78,1.1067,3.25
8,2,6,0.5124,1.75
8,2,6,0.5085,1.75
8,2,45,0.3167,2.25
8,2,45,0.3164,2.25
8,2,8,0.4577,4.25
8,2,8,0.4443,4.25
8,2,47,0.4802,2.75
8,2,47,0.4720,2.75
8,2,10,0.7761,1.75
8,2,10,0.7751,1.75
8,2,83,0.5060,2.75
8,2,83,0.5058,2.75
8,2,85,0.4292,4.5
8,2,85,0.4297,4.5
8,2,48,0.0725,4.0
8,2,48,0.0711,4.0
8,2,87,0.6580,2.0
8,2,87,0.6589,2.0
8,2,50,0.3120,3.0
8,2,50,0.3111,3.0
8,2,89,0.2676,2.25
8,2,89,0.2687,2.25
9,1,81,2.9989,2.25
9,1,81,2.6151,2.25
9,1,27,3.4135,3.75
9,1,27,3.4665,3.75
9,1,83,2.9934,4.25
9,1,83,3.0803,4.25
9,1,29,2.7139,2.5
9,1,29,2.4302,2.5
9,1,32,3.2574,2.75
9,1,32,3.0589,2.75
9,1,85,4.4667,4.75
9,1,85,4.5567,4.75
9,1,31,3.0266,3.5
9,1,31,3.1546,3.5
9,1,34,2.8552,3.25
9,1,34,2.7773,3.25
9,1,87,2.5431,3.25
9,1,87,3.3349,3.25
9,1,36,2.2535,3.5
9,1,36,2.1800,3.5
9,1,89,3.5554,2.75
9,1,89,3.1441,2.75
9,1,3,2.8497,4.75
9,1,3,2.9477,4.75
9,1,38,3.6686,3.5
9,1,38,3.9177,3.5
9,1,91,3.1234,3.75
9,1,91,3.1890,3.75
9,1,5,4.0516,5.75
9,1,5,3.3831,5.75
9,1,40,3.6731,2.25
9,1,40,3.6206,2.25
9,1,93,4.4662,3.25
9,1,93,4.4653,3.25
9,1,96,2.9146,4.25
9,1,96,2.3073,4.25
9,1,7,3.4152,4.25
9,1,7,3.3013,4.25
9,1,42,2.5052,4.0
9,1,42,2.8184,4.0
9,1,95,2.4374,4.25
9,1,95,2.2049,4.25
9,1,98,5.9135,2.25
9,1,98,5.9989,2.25
9,1,65,3.0597,2.0
9,1,65,3.2943,2.0
9,1,100,2.7630,4.25
9,1,100,2.5229,4.25
9,1,67,3.2557,4.25
9,1,67,3.4821,4.25
9,1,102,3.3650,3.75
9,1,102,3.3615,3.75
9,1,69,2.7078,5.5
9,1,69,2.9271,5.5
9,1,104,3.9147,3.0
9,1,104,4.0465,3.0
9,1,106,4.6071,4.0
9,1,106,4.2647,4.0
9,1,73,3.3669,3.25
9,1,73,3.5719,3.25
9,1,51,2.7594,3.5
9,1,51,2.5298,3.5
9,1,75,3.7201,2.5
9,1,75,3.9741,2.5
9,1,110,3.6456,4.25
9,1,110,3.0436,4.25
9,1,53,2.8953,3.0
9,1,53,2.7782,3.0
9,1,77,2.4870,3.25
9,1,77,2.4287,3.25
9,1,16,2.6280,1.5
9,1,16,2.5288,1.5
9,1,55,2.9151,3.5
9,1,55,2.7809,3.5
9,1,79,4.1041,4.0
9,1,79,4.2419,4.0
9,1,18,3.7911,3.5
9,1,18,3.5945,3.5
9,1,20,2.4238,4.0
9,1,20,2.4664,4.0
9,1,59,3.0167,2.75
9,1,59,3.0065,2.75
9,1,22,2.8233,3.0
9,1,22,3.4226,3.0
9,1,61,5.5395,3.5
9,1,61,5.2478,3.5
9,1,24,4.0075,3.5
9,1,24,4.2400,3.5
9,1,63,3.0416,3.25
9,1,63,3.0555,3.25
9,1,80,3.8342,3.25
9,1,80,3.8666,3.25
9,1,26,3.9610,4.5
9,1,26,3.2801,4.5
9,1,33,2.5069,3.75
9,1,33,2.7689,3.75
9,1,82,3.1543,4.0
9,1,82,3.1574,4.0
9,1,28,2.3932,2.75
9,1,28,2.1921,2.75
9,1,35,4.0894,3.5
9,1,35,3.2238,3.5
9,1,84,3.7059,3.0
9,1,84,3.9518,3.0
9,1,30,2.9662,3.0
9,1,30,2.9926,3.0
9,1,37,3.7664,4.5
9,1,37,4.1666,4.5
9,1,86,3.1586,4.0
9,1,86,3.4974,4.0
9,1,39,2.6111,2.75
9,1,39,2.7798,2.75
9,1,88,3.5842,3.25
9,1,88,3.2351,3.25
9,1,2,2.7939,5.25
9,1,2,2.8930,5.25
9,1,41,2.7977,3.0
9,1,41,3.1358,3.0
9,1,90,3.2985,2.75
9,1,90,3.0878,2.75
9,1,97,4.0792,3.5
9,1,97,4.3104,3.5
9,1,4,2.9438,5.0
9,1,4,3.0441,5.0
9,1,92,2.6814,4.0
9,1,92,2.3498,4.0
9,1,99,3.4791,3.0
9,1,99,3.2729,3.0
9,1,6,3.8848,3.5
9,1,6,3.7973,3.5
9,1,94,2.6269,3.0
9,1,94,2.4678,3.0
9,1,101,3.7962,2.25
9,1,101,3.7911,2.25
9,1,8,3.7955,4.5
9,1,8,3.4862,4.5
9,1,64,3.1321,4.25
9,1,64,3.1730,4.25
9,1,103,3.2620,2.25
9,1,103,3.6403,2.25
9,1,66,2.8381,4.75
9,1,66,2.8129,4.75
9,1,105,2.6190,3.75
9,1,105,2.5135,3.75
9,1,12,1.5737,4.75
9,1,12,2.1100,4.75
9,1,68,4.4087,3.5
9,1,68,3.9682,3.5
9,1,107,3.2479,4.25
9,1,107,2.8361,4.25
9,1,72,3.9184,3.75
9,1,72,3.8554,3.75
9,1,111,2.9218,3.0
9,1,111,2.9084,3.0
9,1,50,3.2236,3.5
9,1,50,3.2958,3.5
9,1,74,3.1135,3.0
9,1,74,2.8355,3.0
9,1,17,3.9313,4.25
9,1,17,4.4126,4.25
9,1,52,3.6833,2.75
9,1,52,3.5315,2.75
9,1,76,3.0602,4.0
9,1,76,2.7036,4.0
9,1,19,4.7026,3.25
9,1,19,4.5162,3.25
9,1,54,3.7156,2.75
9,1,54,3.4330,2.75
9,1,78,3.6233,3.5
9,1,78,3.6828,3.5
9,1,21,2.6584,4.5
9,1,21,2.2864,4.5
9,1,56,4.0501,3.75
9,1,56,4.2396,3.75
9,1,23,4.3937,4.5
9,1,23,4.4118,4.5
9,1,25,2.8674,3.5
9,1,25,3.1004,3.5
9,1,60,3.5091,4.0
9,1,60,3.5472,4.0
9,2,98,3.9642,4.5
9,2,98,4.0386,4.5
9,2,71,3.8124,5.25
9,2,71,4.0667,5.25
9,2,100,3.7847,5.75
9,2,100,4.2761,5.75
9,2,46,3.7279,4.75
9,2,46,3.2048,4.75
9,2,102,3.6046,3.75
9,2,102,4.0219,3.75
9,2,75,3.7302,3.75
9,2,75,3.8989,3.75
9,2,16,3.0577,2.75
9,2,16,3.2303,2.75
9,2,104,3.7269,3.25
9,2,104,3.9835,3.25
9,2,77,3.5416,4.25
9,2,77,4.1645,4.25
9,2,18,3.5110,4.25
9,2,18,3.4016,4.25
9,2,106,3.8383,5.25
9,2,106,3.7729,5.25
9,2,79,3.7197,5.25
9,2,79,4.4664,5.25
9,2,20,2.7375,3.0
9,2,20,2.8929,3.0
9,2,108,3.8274,4.25
9,2,108,3.8254,4.25
9,2,49,3.8486,5.25
9,2,49,3.8682,5.25
9,2,22,3.5784,3.0
9,2,22,3.6301,3.0
9,2,110,3.5981,3.25
9,2,110,3.2883,3.25
9,2,51,3.2400,5.0
9,2,51,3.3180,5.0
9,2,24,4.3743,1.75
9,2,24,4.1806,1.75
9,2,80,3.6510,4.75
9,2,80,4.3393,4.75
9,2,53,3.0032,3.75
9,2,53,2.9772,3.75
9,2,26,3.8546,3.25
9,2,26,4.0624,3.25
9,2,82,3.8834,3.0
9,2,82,4.0821,3.0
9,2,55,3.9439,3.25
9,2,55,3.7316,3.25
9,2,28,3.2128,4.75
9,2,28,2.9757,4.75
9,2,84,3.8626,3.75
9,2,84,4.3263,3.75
9,2,30,3.7705,2.75
9,2,30,4.0862,2.75
9,2,113,3.6044,5.75
9,2,113,3.3415,5.75
9,2,86,3.6084,4.0
9,2,86,3.9816,4.0
9,2,88,3.6155,4.5
9,2,88,3.9082,4.5
9,2,2,3.0657,4.0
9,2,2,3.2133,4.0
9,2,90,3.6313,3.25
9,2,90,4.4794,3.25
9,2,63,3.7594,5.0
9,2,63,3.8734,5.0
9,2,4,2.5915,5.25
9,2,4,2.5918,5.25
9,2,92,3.8214,4.25
9,2,92,3.9922,4.25
9,2,33,2.2536,3.0
9,2,33,1.9674,3.0
9,2,6,4.3529,5.75
9,2,6,4.6122,5.75
9,2,94,3.9492,4.0
9,2,94,3.9092,4.0
9,2,35,2.4073,2.5
9,2,35,2.4318,2.5
9,2,8,2.8337,4.5
9,2,8,2.6389,4.5
9,2,64,3.8931,4.5
9,2,64,3.9113,4.5
9,2,37,2.5641,3.75
9,2,37,2.2154,3.75
9,2,10,4.0645,4.75
9,2,10,4.3594,4.75
9,2,66,3.8011,5.5
9,2,66,4.0929,5.5
9,2,39,3.2311,4.0
9,2,39,2.8767,4.0
9,2,12,3.2692,5.5
9,2,12,3.2971,5.5
9,2,68,3.7781,3.25
9,2,68,3.3549,3.25
9,2,41,3.8205,4.5
9,2,41,3.7944,4.5
9,2,97,4.0644,3.75
9,2,97,3.7915,3.75
9,2,70,3.9290,4.75
9,2,70,3.9182,4.75
9,2,99,3.3939,4.5
9,2,99,3.7013,4.5
9,2,45,2.1527,3.0
9,2,45,2.8933,3.0
9,2,101,3.7346,3.75
9,2,101,4.1356,3.75
9,2,74,3.8043,5.25
9,2,74,4.2108,5.25
9,2,47,3.4233,5.0
9,2,47,2.8175,5.0
9,2,103,3.3051,3.0
9,2,103,4.0964,3.0
9,2,76,3.7242,3.25
9,2,76,4.7209,3.25
9,2,17,4.2742,4.0
9,2,17,4.1421,4.0
9,2,105,3.8735,4.5
9,2,105,4.0620,4.5
9,2,78,3.5955,5.5
9,2,78,4.2580,5.5
9,2,19,2.4712,3.25
9,2,19,2.5654,3.25
9,2,107,3.2071,3.75
9,2,107,3.9897,3.75
9,2,48,2.8887,5.0
9,2,48,2.8296,5.0
9,2,21,2.9010,3.75
9,2,21,3.0440,3.75
9,2,109,4.0196,2.25
9,2,109,3.8268,2.25
9,2,50,3.4980,4.0
9,2,50,3.6485,4.0
9,2,23,2.8788,2.75
9,2,23,2.6914,2.75
9,2,111,3.8630,4.0
9,2,111,3.5964,4.0
9,2,52,1.9932,2.75
9,2,52,2.1546,2.75
9,2,25,3.3412,5.75
9,2,25,3.2203,5.75
9,2,81,4.0746,4.75
9,2,81,4.2673,4.75
9,2,54,2.8637,5.5
9,2,54,3.0566,5.5
9,2,27,3.2403,3.25
9,2,27,2.9436,3.25
9,2,83,4.1622,4.0
9,2,83,4.4101,4.0
9,2,56,2.8429,5.0
9,2,56,3.1196,5.0
9,2,29,3.4028,3.0
9,2,29,2.9151,3.0
9,2,112,3.7968,4.5
9,2,112,3.5005,4.5
9,2,85,3.8761,4.75
9,2,85,3.8691,4.75
9,2,31,3.4046,2.75
9,2,31,3.2880,2.75
9,2,87,4.1560,3.25
9,2,87,4.3169,3.25
9,2,89,3.9743,2.75
9,2,89,4.0343,2.75
9,2,62,3.7091,4.0
9,2,62,4.5365,4.0
9,2,3,3.4337,4.5
9,2,3,3.5252,4.5
9,2,91,3.3782,4.25
9,2,91,4.3110,4.25
9,2,32,3.9562,2.25
9,2,32,3.6700,2.25
9,2,5,3.0674,5.5
9,2,5,3.0584,5.5
9,2,93,3.6190,4.5
9,2,93,4.0448,4.5
9,2,34,4.2139,2.5
9,2,34,4.1450,2.5
9,2,7,3.6649,5.25
9,2,7,3.6533,5.25
9,2,95,4.0163,5.0
9,2,95,4.0495,5.0
9,2,36,2.8836,4.75
9,2,36,3.2278,4.75
9,2,9,4.2749,5.75
9,2,9,4.4224,5.75
9,2,65,2.9939,4.75
9,2,65,3.5874,4.75
9,2,38,2.8541,2.0
9,2,38,3.0298,2.0
9,2,11,3.8606,4.5
9,2,11,4.0780,4.5
9,2,67,4.0965,4.25
9,2,67,3.9667,4.25
9,2,40,4.0147,3.25
9,2,40,3.6741,3.25
9,2,13,3.2544,3.75
9,2,13,3.1982,3.75
9,2,96,3.9000,3.0
9,2,96,4.3221,3.0
9,2,69,3.8218,3.25
9,2,69,3.6342,3.25
9,2,42,3.3579,3.25
9,2,42,3.2787,3.25
10,1,63,4.2992,4.25
10,1,63,3.7451,4.25
10,1,24,4.4872,4.75
10,1,24,4.4988,4.75
10,1,80,4.7226,5.0
10,1,80,4.2829,5.0
10,1,61,4.7304,4.0
10,1,61,4.6602,4.0
10,1,6,4.0437,5.0
10,1,6,3.7264,5.0
10,1,94,4.4245,5.0
10,1,94,4.4360,5.0
10,1,4,4.1928,5.5
10,1,4,4.2007,5.5
10,1,92,3.6202,5.0
10,1,92,3.9021,5.0
10,1,57,4.4995,1.5
10,1,57,3.9969,1.5
10,1,90,4.3339,3.75
10,1,90,4.5049,3.75
10,1,39,4.0738,4.0
10,1,39,3.7245,4.0
10,1,88,4.2574,5.5
10,1,88,3.9205,5.5
10,1,37,4.2086,6.0
10,1,37,4.3223,6.0
10,1,14,4.4211,3.75
10,1,14,4.0042,3.75
10,1,35,4.2893,2.0
10,1,35,4.5265,2.0
10,1,12,4.2925,4.5
10,1,12,4.4465,4.5
10,1,68,4.0448,3.75
10,1,68,3.8452,3.75
10,1,33,3.6065,4.5
10,1,33,4.2864,4.5
10,1,10,4.0454,5.0
10,1,10,4.3966,5.0
10,1,66,4.2123,6.0
10,1,66,3.9902,6.0
10,1,47,4.2363,5.25
10,1,47,4.2697,5.25
10,1,8,4.2728,6.25
10,1,8,4.4842,6.25
10,1,103,4.5446,3.75
10,1,103,4.7275,3.75
10,1,64,4.2991,5.0
10,1,64,3.6581,5.0
10,1,45,4.3646,2.875
10,1,45,4.3249,2.875
10,1,101,4.1066,5.5
10,1,101,3.9282,5.5
10,1,78,4.3945,5.5
10,1,78,3.9331,5.5
10,1,43,4.4996,4.5
10,1,43,4.3778,4.5
10,1,99,4.3590,5.25
10,1,99,4.2509,5.25
10,1,76,4.5981,4.75
10,1,76,4.3351,4.75
10,1,41,4.4810,3.25
10,1,41,4.4279,3.25
10,1,97,4.2730,3.75
10,1,97,3.7467,3.75
10,1,74,4.4703,4.75
10,1,74,4.1151,4.75
10,1,72,4.5877,3.0
10,1,72,4.6827,3.0
10,1,21,4.1845,5.25
10,1,21,4.1843,5.25
10,1,54,3.8121,3.5
10,1,54,4.2443,3.5
10,1,107,4.1606,5.0
10,1,107,3.9939,5.0
10,1,52,4.4418,5.0
10,1,52,4.0155,5.0
10,1,105,4.2020,4.0
10,1,105,4.0761,4.0
10,1,50,4.4654,5.25
10,1,50,4.1576,5.25
10,1,31,4.5460,4.75
10,1,31,4.4102,4.75
10,1,87,4.3895,4.75
10,1,87,4.0468,4.75
10,1,48,4.3702,5.0
10,1,48,4.1660,5.0
10,1,29,4.3753,4.5
10,1,29,4.1117,4.5
10,1,85,4.5197,4.75
10,1,85,4.5509,4.75
10,1,62,4.1478,3.75
10,1,62,4.1438,3.75
10,1,27,4.5426,4.25
10,1,27,4.5965,4.25
10,1,83,4.3392,3.0
10,1,83,4.0769,3.0
10,1,25,4.1981,4.5
10,1,25,4.3000,4.5
10,1,81,4.1127,4.25
10,1,81,3.9438,4.25
10,1,7,4.2601,5.5
10,1,7,4.1400,5.5
10,1,95,4.3085,4.75
10,1,95,3.9991,4.75
10,1,56,4.2477,4.5
10,1,56,4.2199,4.5
10,1,5,4.1429,5.0
10,1,5,3.8354,5.0
10,1,93,4.3378,4.0
10,1,93,4.3833,4.0
10,1,38,4.3947,3.75
10,1,38,4.3047,3.75
10,1,91,4.4344,4.5
10,1,91,3.7253,4.5
10,1,36,4.5442,4.75
10,1,36,4.7331,4.75
10,1,89,4.1292,5.25
10,1,89,4.0817,5.25
10,1,34,4.1579,4.0
10,1,34,3.9773,4.0
10,1,32,4.8408,3.75
10,1,32,4.8305,3.75
10,1,13,4.3043,4.25
10,1,13,4.2229,4.25
10,1,69,4.5946,4.5
10,1,69,4.0676,4.5
10,1,46,4.4465,5.0
10,1,46,4.0167,5.0
10,1,11,4.4904,4.0
10,1,11,4.3481,4.0
10,1,102,4.1445,5.0
10,1,102,4.2961,5.0
10,1,67,4.3205,5.25
10,1,67,4.2964,5.25
10,1,44,3.9851,4.5
10,1,44,4.5295,4.5
10,1,9,3.6335,5.5
10,1,9,3.8043,5.5
10,1,100,4.1064,4.0
10,1,100,3.7952,4.0
10,1,65,4.3207,5.75
10,1,65,4.4405,5.75
10,1,42,4.5150,5.25
10,1,42,4.2809,5.25
10,1,98,4.1828,4.5
10,1,98,3.8305,4.5
10,1,79,4.3204,4.5
10,1,79,4.4367,4.5
10,1,40,4.3456,4.5
10,1,40,4.4249,4.5
10,1,96,4.4917,4.5
10,1,96,4.3318,4.5
10,1,77,4.4250,4.5
10,1,77,4.2697,4.5
10,1,22,4.2765,4.5
10,1,22,4.3573,4.5
10,1,75,4.2447,4.5
10,1,75,3.8484,4.5
10,1,20,4.5337,5.0
10,1,20,4.1932,5.0
10,1,108,4.1934,5.0
10,1,108,4.1746,5.0
10,1,73,4.3524,4.25
10,1,73,4.5313,4.25
10,1,106,4.2258,2.0
10,1,106,4.2202,2.0
10,1,55,3.8740,5.25
10,1,55,4.2352,5.25
10,1,104,4.5076,4.5
10,1,104,4.0074,4.5
10,1,53,4.1312,5.25
10,1,53,3.6739,5.25
10,1,30,4.5909,5.5
10,1,30,4.2537,5.5
10,1,86,4.5309,4.0
10,1,86,4.7202,4.0
10,1,51,4.5197,5.5
10,1,51,4.4333,5.5
10,1,28,4.5013,4.75
10,1,28,4.3917,4.75
10,1,84,3.8248,2.75
10,1,84,4.2030,2.75
10,1,49,4.0356,4.0
10,1,49,4.2017,4.0
10,1,26,3.7474,2.375
10,1,26,4.2736,2.375
10,1,82,4.6559,4.5
10,1,82,4.2737,4.5
10,2,65,3.8742,5.0
10,2,65,4.2892,5.0
10,2,26,4.1972,3.5
10,2,26,3.4518,3.5
10,2,83,4.4998,4.25
10,2,83,4.5357,4.25
10,2,15,4.4529,5.75
10,2,15,3.6009,5.75
10,2,25,3.3304,4.25
10,2,25,3.1739,4.25
10,2,82,4.2795,5.25
10,2,82,4.2381,5.25
10,2,14,3.7221,5.25
10,2,14,3.9894,5.25
10,2,71,3.9458,4.0
10,2,71,3.6895,4.0
10,2,24,3.5701,3.5
10,2,24,3.8858,3.5
10,2,81,3.9842,5.25
10,2,81,3.8149,5.25
10,2,35,3.8328,2.75
10,2,35,3.5936,2.75
10,2,13,4.1623,5.25
10,2,13,3.8780,5.25
10,2,70,4.4683,4.66667
10,2,70,4.4535,4.66667
10,2,31,3.9076,3.25
10,2,31,3.3901,3.25
10,2,80,3.9348,4.5
10,2,80,3.9866,4.5
10,2,34,4.0283,5.0
10,2,34,3.7741,5.0
10,2,12,4.6495,4.25
10,2,12,4.2476,4.25
10,2,69,4.1936,5.25
10,2,69,4.2176,5.25
10,2,30,3.7225,5.75
10,2,30,4.1190,5.75
10,2,87,4.2954,5.5
10,2,87,4.8086,5.5
10,2,33,3.7847,4.75
10,2,33,4.3269,4.75
10,2,51,4.4614,5.5
10,2,51,4.3173,5.5
10,2,68,4.1465,4.75
10,2,68,3.9323,4.75
10,2,29,3.9284,5.0
10,2,29,4.2568,5.0
10,2,86,3.1716,4.5
10,2,86,3.5534,4.5
10,2,32,3.9688,1.75
10,2,32,4.2721,1.75
10,2,50,2.3435,4.0
10,2,50,2.1119,4.0
10,2,75,4.2157,4.5
10,2,75,4.1774,4.5
10,2,28,4.4223,4.5
10,2,28,4.2555,4.5
10,2,85,3.6298,5.25
10,2,85,3.9628,5.25
10,2,39,4.0827,5.25
10,2,39,4.1451,5.25
10,2,74,4.2940,4.75
10,2,74,4.2983,4.75
10,2,3,3.7969,3.75
10,2,3,4.1695,3.75
10,2,84,4.1307,4.0
10,2,84,4.2894,4.0
10,2,38,4.3047,4.75
10,2,38,4.2622,4.75
10,2,73,4.0592,5.5
10,2,73,4.1061,5.5
10,2,91,4.0922,4.25
10,2,91,4.1952,4.25
10,2,37,4.2305,5.0
10,2,37,3.3197,5.0
10,2,55,4.1944,3.75
10,2,55,3.6055,3.75
10,2,72,4.2395,6.25
10,2,72,4.4297,6.25
10,2,90,4.5054,4.25
10,2,90,4.4211,4.25
10,2,19,3.7358,4.5
10,2,19,3.7188,4.5
10,2,36,3.9908,3.75
10,2,36,4.2755,3.75
10,2,54,4.3921,5.5
10,2,54,4.2818,5.5
10,2,79,3.8475,5.5
10,2,79,4.1962,5.5
10,2,89,4.8960,4.0
10,2,89,4.6013,4.0
10,2,43,4.2272,5.75
10,2,43,4.0187,5.75
10,2,53,3.5156,6.75
10,2,53,3.4395,6.75
10,2,78,4.4114,5.25
10,2,78,4.3512,5.25
10,2,7,3.4060,5.25
10,2,7,3.5411,5.25
10,2,88,4.4792,5.5
10,2,88,4.4668,5.5
10,2,42,4.0041,5.5
10,2,42,4.3970,5.5
10,2,52,3.3568,5.5
10,2,52,3.7952,5.5
10,2,77,3.6748,3.5
10,2,77,3.8296,3.5
10,2,6,3.7771,5.25
10,2,6,3.4228,5.25
10,2,95,4.1708,2.0
10,2,95,4.1438,2.0
10,2,41,3.5695,5.25
10,2,41,4.6870,5.25
10,2,76,4.0562,4.5
10,2,76,4.3500,4.5
10,2,5,3.7107,5.5
10,2,5,3.6514,5.5
10,2,94,3.9984,3.25
10,2,94,4.5221,3.25
10,2,23,3.9458,5.0
10,2,23,4.0196,5.0
10,2,40,3.6192,4.5
10,2,40,3.6616,4.5
10,2,97,1.7677,5.75
10,2,97,1.2944,5.75
10,2,58,3.3686,5.5
10,2,58,3.5716,5.5
10,2,4,3.7143,6.25
10,2,4,3.4962,6.25
10,2,93,3.7961,3.25
10,2,93,3.6430,3.25
10,2,22,4.0269,5.5
10,2,22,4.3076,5.5
10,2,47,1.7697,5.25
10,2,47,1.1721,5.25
10,2,96,3.9604,4.75
10,2,96,3.9826,4.75
10,2,11,3.6375,4.5
10,2,11,3.7767,4.5
10,2,92,3.9239,4.75
10,2,92,4.4830,4.75
10,2,21,3.5696,5.5
10,2,21,4.1566,5.5
10,2,46,4.0094,4.25
10,2,46,3.5301,4.25
10,2,56,4.3116,5.25
10,2,56,4.0241,5.25
10,2,10,3.7167,5.25
10,2,10,2.8052,5.25
10,2,67,4.3835,4.33333
10,2,67,4.4529,4.33333
10,2,20,3.8583,2.75
10,2,20,3.8770,2.75
10,2,45,3.4103,3.5
10,2,45,3.7120,3.5
10,2,9,3.9345,3.25
10,2,9,3.3400,3.25
10,2,66,3.6739,3.0
10,2,66,3.8385,3.0
10,2,27,3.9476,5.0
10,2,27,3.8745,5.0
10,2,44,3.9782,5.0
10,2,44,4.3488,5.0
10,2,8,3.7872,5.75
10,2,8,3.7775,5.75
11,1,5,4.7304,4.5
11,1,5,4.3853,4.5
11,1,94,4.0284,5.75
11,1,94,4.5750,5.75
11,1,23,5.1548,5.75
11,1,23,4.3714,5.75
11,1,32,4.3369,4.25
11,1,32,3.9309,4.25
11,1,50,3.9659,3.0
11,1,50,4.7603,3.0
11,1,75,4.0210,3.5
11,1,75,4.3078,3.5
11,1,4,4.1350,5.75
11,1,4,4.3815,5.75
11,1,93,4.2991,4.25
11,1,93,3.9138,4.25
11,1,22,4.8820,6.25
11,1,22,5.0442,6.25
11,1,47,4.0858,4.0
11,1,47,3.8172,4.0
11,1,49,4.2076,4.5
11,1,49,3.6856,4.5
11,1,74,4.3615,5.0
11,1,74,4.2430,5.0
11,1,92,4.8596,4.25
11,1,92,4.1917,4.25
11,1,21,4.2498,4.25
11,1,21,3.5047,4.25
11,1,46,4.2527,1.75
11,1,46,4.7682,1.75
11,1,48,3.8842,2.25
11,1,48,4.0783,2.25
11,1,73,5.0562,5.25
11,1,73,4.6574,5.25
11,1,91,4.1021,5.5
11,1,91,3.7817,5.5
11,1,20,4.9061,5.5
11,1,20,3.9850,5.5
11,1,63,4.6422,6.25
11,1,63,4.2746,6.25
11,1,72,4.2368,4.75
11,1,72,3.7118,4.75
11,1,90,4.4622,4.25
11,1,90,4.2817,4.25
11,1,19,4.8769,6.25
11,1,19,4.2364,6.25
11,1,62,4.2957,5.0
11,1,62,4.1045,5.0
11,1,89,4.2026,5.0
11,1,89,3.6057,5.0
11,1,15,4.2800,3.5
11,1,15,4.2667,3.5
11,1,88,3.8022,3.75
11,1,88,3.9306,3.75
11,1,99,4.4283,6.25
11,1,99,3.6662,6.25
11,1,14,4.9891,4.25
11,1,14,4.6221,4.25
11,1,71,4.9118,4.75
11,1,71,3.9270,4.75
11,1,98,4.3988,4.5
11,1,98,4.6548,4.5
11,1,13,4.7062,5.25
11,1,13,3.9420,5.25
11,1,70,4.3821,5.0
11,1,70,3.8568,5.0
11,1,31,5.0506,5.5
11,1,31,4.3789,5.5
11,1,97,4.1288,3.75
11,1,97,3.6418,3.75
11,1,12,4.8094,5.5
11,1,12,3.6594,5.5
11,1,69,4.5031,4.0
11,1,69,3.7712,4.0
11,1,30,4.6483,4.25
11,1,30,4.1309,4.25
11,1,87,4.7443,2.75
11,1,87,4.1293,2.75
11,1,96,4.9204,4.75
11,1,96,4.8501,4.75
11,1,57,2.9990,2.5
11,1,57,3.3759,2.5
11,1,11,4.6128,4.5
11,1,11,4.5962,4.5
11,1,68,4.1729,4.25
11,1,68,3.7255,4.25
11,1,29,4.7565,5.5
11,1,29,4.6348,5.5
11,1,56,3.7206,2.25
11,1,56,3.6180,2.25
11,1,10,4.5405,4.66667
11,1,10,3.9478,4.66667
11,1,67,4.6399,6.25
11,1,67,4.3987,6.25
11,1,28,4.6523,4.5
11,1,28,4.6003,4.5
11,1,39,0.7471,5.0
11,1,39,1.6288,5.0
11,1,9,4.7789,4.0
11,1,9,4.2744,4.0
11,1,66,4.1538,3.25
11,1,66,4.0555,3.25
11,1,27,4.6682,4.5
11,1,27,4.4889,4.5
11,1,84,4.1614,3.5
11,1,84,4.1305,3.5
11,1,38,4.8265,4.5
11,1,38,4.3356,4.5
11,1,8,4.9690,4.25
11,1,8,4.7092,4.25
11,1,65,4.0298,4.25
11,1,65,3.7287,4.25
11,1,26,4.8849,4.0
11,1,26,4.2430,4.0
11,1,83,5.0049,3.5
11,1,83,4.2001,3.5
11,1,37,4.7453,3.75
11,1,37,3.9239,3.75
11,1,55,3.8580,4.0
11,1,55,4.0183,4.0
11,1,64,4.6216,5.0
11,1,64,4.1770,5.0
11,1,25,4.5983,5.0
11,1,25,4.1378,5.0
11,1,82,4.2781,4.5
11,1,82,3.5377,4.5
11,1,36,4.0993,5.0
11,1,36,3.1566,5.0
11,1,54,4.5953,2.5
11,1,54,3.7890,2.5
11,1,79,4.1971,4.5
11,1,79,4.7450,4.5
11,1,24,3.8420,3.25
11,1,24,3.9887,3.25
11,1,81,4.2394,4.5
11,1,81,3.4794,4.5
11,1,35,4.4135,4.5
11,1,35,4.0552,4.5
11,1,53,4.3292,5.25
11,1,53,4.0348,5.25
11,1,78,4.8797,5.0
11,1,78,4.5008,5.0
11,1,7,5.1863,4.25
11,1,7,4.5842,4.25
11,1,80,4.1768,6.0
11,1,80,4.5115,6.0
11,1,34,4.6552,4.5
11,1,34,4.7253,4.5
11,1,52,4.8081,4.25
11,1,52,3.5045,4.25
11,1,77,4.6650,6.0
11,1,77,4.2735,6.0
11,1,6,3.9537,5.0
11,1,6,4.4371,5.0
11,1,95,4.7653,4.25
11,1,95,4.4092,4.25
11,1,33,4.3540,5.0
11,1,33,4.5469,5.0
11,1,51,4.3125,4.75
11,1,51,4.0529,4.75
11,1,76,4.0321,4.0
11,1,76,3.6295,4.0
11,2,84,3.3018,4.75
11,2,84,3.2907,4.75
11,2,28,3.8953,4.5
11,2,28,3.4986,4.5
11,2,74,3.1214,4.25
11,2,74,3.1259,4.25
11,2,18,4.2999,4.0
11,2,18,4.4058,4.0
11,2,72,2.6279,4.25
11,2,72,3.0873,4.25
11,2,63,2.8042,2.75
11,2,63,2.8836,2.75
11,2,78,3.3148,5.5
11,2,78,3.6821,5.5
11,2,61,2.6172,3.25
11,2,61,2.8072,3.25
11,2,22,3.1483,3.75
11,2,22,3.8280,3.75
11,2,76,3.7581,5.5
11,2,76,2.7370,5.5
11,2,51,3.9556,4.5
11,2,51,4.1064,4.5
11,2,20,3.7055,4.75
11,2,20,3.6660,4.75
11,2,105,3.5656,4.5
11,2,105,3.6544,4.5
11,2,66,3.8159,1.75
11,2,66,3.6109,1.75
11,2,49,4.7814,2.75
11,2,49,5.0577,2.75
11,2,10,3.3157,4.75
11,2,10,3.6114,4.75
11,2,111,3.1015,4.5
11,2,111,3.8054,4.5
11,2,64,3.0968,4.25
11,2,64,3.2660,4.25
11,2,55,3.5337,4.5
11,2,55,3.4519,4.5
11,2,8,3.1745,5.0
11,2,8,3.6568,5.0
11,2,109,3.9157,4.75
11,2,109,3.6490,4.75
11,2,53,2.7727,4.5
11,2,53,3.6036,4.5
11,2,99,3.2611,5.5
11,2,99,3.6648,5.5
11,2,68,4.4989,4.0
11,2,68,4.6163,4.0
11,2,43,3.1167,5.25
11,2,43,4.0277,5.25
11,2,12,3.3357,2.25
11,2,12,2.6207,2.25
11,2,97,3.2927,3.75
11,2,97,3.8305,3.75
11,2,41,3.5175,4.75
11,2,41,3.2773,4.75
11,2,103,3.9806,5.25
11,2,103,3.9382,5.25
11,2,47,4.1726,4.0
11,2,47,3.3157,4.0
11,2,101,4.0512,4.75
11,2,101,3.5488,4.75
11,2,45,3.3092,4.25
11,2,45,3.7350,4.25
11,2,6,2.9825,5.5
11,2,6,3.9900,5.5
11,2,91,3.8054,4.5
11,2,91,3.7860,4.5
11,2,35,3.3360,3.75
11,2,35,3.8968,3.75
11,2,4,3.9258,4.0
11,2,4,3.2682,4.0
11,2,89,3.4378,4.75
11,2,89,3.3468,4.75
11,2,33,3.2841,4.25
11,2,33,3.4568,4.25
11,2,95,3.7678,4.0
11,2,95,3.8567,4.0
11,2,39,4.3413,4.5
11,2,39,3.6526,4.5
11,2,93,2.7190,5.0
11,2,93,3.6533,5.0
11,2,37,3.8904,5.0
11,2,37,3.8369,5.0
11,2,83,3.6438,4.0
11,2,83,4.4585,4.0
11,2,27,2.5400,5.5
11,2,27,3.6620,5.5
11,2,81,3.7300,3.0
11,2,81,2.9276,3.0
11,2,25,3.7230,5.0
11,2,25,3.6577,5.0
11,2,87,3.7349,4.25
11,2,87,3.8948,4.25
11,2,31,3.9332,5.0
11,2,31,4.2105,5.0
11,2,85,4.1233,5.0
11,2,85,3.5902,5.0
11,2,56,3.1524,4.75
11,2,56,2.7010,4.75
11,2,29,3.7084,4.75
11,2,29,3.3169,4.75
11,2,75,2.8100,2.5
11,2,75,3.5060,2.5
11,2,62,2.8679,1.75
11,2,62,2.5088,1.75
11,2,19,3.7479,5.25
11,2,19,3.2246,5.25
11,2,73,3.6195,4.25
11,2,73,3.4966,4.25
11,2,60,3.9064,2.5
11,2,60,3.6710,2.5
11,2,17,4.2955,3.75
11,2,17,3.3689,3.75
11,2,106,3.9722,3.0
11,2,106,4.2584,3.0
11,2,79,3.1161,4.25
11,2,79,3.2962,4.25
11,2,50,4.0021,4.25
11,2,50,3.5094,4.25
11,2,23,2.2191,5.75
11,2,23,2.5213,5.75
11,2,104,4.1324,6.0
11,2,104,3.2799,6.0
11,2,77,3.3535,4.5
11,2,77,4.0165,4.5
11,2,48,3.2354,6.5
11,2,48,3.2896,6.5
11,2,21,3.5038,6.25
11,2,21,4.0828,6.25
11,2,110,3.7929,4.75
11,2,110,3.9552,4.75
11,2,67,4.5338,4.75
11,2,67,2.9129,4.75
11,2,54,2.6736,3.75
11,2,54,3.3489,3.75
11,2,11,3.7936,2.5
11,2,11,3.5439,2.5
11,2,65,3.6958,2.5
11,2,65,3.2901,2.5
11,2,52,3.1343,5.0
11,2,52,3.4271,5.0
11,2,9,4.5224,3.5
11,2,9,4.3764,3.5
11,2,98,3.7157,5.0
11,2,98,3.3887,5.0
11,2,42,3.4126,4.75
11,2,42,3.6011,4.75
11,2,96,4.8512,5.0
11,2,96,4.3698,5.0
11,2,69,3.7159,3.25
11,2,69,3.5072,3.25
11,2,40,3.0969,4.25
11,2,40,3.0936,4.25
11,2,102,2.6699,3.75
11,2,102,2.8708,3.75
11,2,46,4.2525,4.25
11,2,46,3.6586,4.25
11,2,3,3.6682,5.0
11,2,3,3.2149,5.0
11,2,100,3.8061,4.5
11,2,100,3.6312,4.5
11,2,44,3.4927,5.5
11,2,44,3.0374,5.5
11,2,90,3.3597,3.25
11,2,90,3.5413,3.25
11,2,34,3.8047,6.5
11,2,34,3.9328,6.5
11,2,7,3.1608,0.75
11,2,7,3.4542,0.75
11,2,88,2.9980,5.0
11,2,88,3.1445,5.0
11,2,32,4.9923,5.25
11,2,32,4.2369,5.25
11,2,5,3.6449,2.25
11,2,5,3.1185,2.25
11,2,94,3.8843,4.25
11,2,94,3.8960,4.25
11,2,38,2.8708,4.25
11,2,38,3.9375,4.25
11,2,92,3.8690,5.5
11,2,92,3.4611,5.5
11,2,36,4.4989,4.25
11,2,36,4.1165,4.25
11,2,82,2.8235,4.75
11,2,82,3.3054,4.75
11,2,26,3.8110,3.5
11,2,26,3.6229,3.5
11,2,80,3.5650,3.75
11,2,80,3.6841,3.75
11,2,24,3.4589,5.0
11,2,24,3.6645,5.0
11,2,86,3.1711,5.75
11,2,86,3.6091,5.75
11,2,30,3.7749,4.0
11,2,30,3.6920,4.0
12,1,60,3.8938,3.75
12,1,60,3.5817,3.75
12,1,25,3.2762,5.75
12,1,25,3.7630,5.75
12,1,83,3.7326,5.5
12,1,83,4.8134,5.5
12,1,62,4.4819,2.5
12,1,62,4.1109,2.5
12,1,27,3.5917,4.5
12,1,27,4.3360,4.5
12,1,77,3.7576,4.75
12,1,77,3.6476,4.75
12,1,21,3.9246,4.5
12,1,21,4.9935,4.5
12,1,79,3.9666,4.25
12,1,79,4.1982,4.25
12,1,23,3.3229,3.5
12,1,23,4.1395,3.5
12,1,108,4.7689,3.25
12,1,108,4.7107,3.25
12,1,73,3.6356,4.25
12,1,73,3.8261,4.25
12,1,17,3.4084,5.0
12,1,17,3.9761,5.0
12,1,110,3.9676,5.0
12,1,110,4.3280,5.0
12,1,75,4.2368,5.25
12,1,75,4.6975,5.25
12,1,54,4.3599,4.75
12,1,54,4.5697,4.75
12,1,19,4.6140,3.75
12,1,19,4.4685,3.75
12,1,104,3.9999,2.5
12,1,104,4.6775,2.5
12,1,69,4.7624,3.75
12,1,69,4.8857,3.75
12,1,48,3.9720,4.5
12,1,48,5.1287,4.5
12,1,106,4.5653,1.25
12,1,106,3.8352,1.25
12,1,100,3.5087,2.75
12,1,100,4.4261,2.75
12,1,65,4.6561,4.5
12,1,65,3.8831,4.5
12,1,44,3.8596,5.5
12,1,44,4.5003,5.5
12,1,9,3.6482,4.75
12,1,9,4.7374,4.75
12,1,102,3.9748,4.5
12,1,102,4.7114,4.5
12,1,67,3.8523,2.75
12,1,67,3.7483,2.75
12,1,46,3.2778,3.5
12,1,46,3.8225,3.5
12,1,11,3.9964,5.0
12,1,11,4.3023,5.0
12,1,96,4.1762,3.25
12,1,96,4.7896,3.25
12,1,40,3.4471,4.25
12,1,40,4.3057,4.25
12,1,5,3.6095,6.0
12,1,5,4.1526,6.0
12,1,98,4.1715,3.75
12,1,98,4.2255,3.75
12,1,42,3.7233,4.25
12,1,42,4.4044,4.25
12,1,7,3.6344,6.25
12,1,7,4.4791,6.25
12,1,92,4.2502,3.25
12,1,92,4.5949,3.25
12,1,36,3.5352,5.0
12,1,36,4.3471,5.0
12,1,38,3.3765,5.5
12,1,38,3.9659,5.5
12,1,3,4.3668,6.0
12,1,3,5.1680,6.0
12,1,88,3.5574,4.5
12,1,88,4.5393,4.5
12,1,32,3.4770,5.25
12,1,32,3.9976,5.25
12,1,90,4.6255,4.0
12,1,90,4.1241,4.0
12,1,34,4.1002,5.5
12,1,34,4.9241,5.5
12,1,84,3.7179,4.5
12,1,84,4.1821,4.5
12,1,28,3.2164,5.0
12,1,28,3.4928,5.0
12,1,86,4.1420,3.0
12,1,86,4.3588,3.0
12,1,30,4.0730,4.0
12,1,30,4.9219,4.0
12,1,80,4.7815,4.0
12,1,80,4.6476,4.0
12,1,24,3.4591,5.25
12,1,24,3.8364,5.25
12,1,82,4.4197,4.0
12,1,82,4.8139,4.0
12,1,61,4.2391,4.0
12,1,61,4.4274,4.0
12,1,26,3.7643,5.0
12,1,26,4.1823,5.0
12,1,76,4.4813,4.0
12,1,76,4.8021,4.0
12,1,63,4.3484,3.0
12,1,63,4.5500,3.0
12,1,20,3.5735,4.75
12,1,20,4.4500,4.75
12,1,78,3.8514,6.0
12,1,78,4.5163,6.0
12,1,22,4.3210,4.5
12,1,22,4.8217,4.5
12,1,72,4.3980,3.25
12,1,72,4.5091,3.25
12,1,16,3.7186,5.25
12,1,16,4.7142,5.25
12,1,109,4.0940,3.5
12,1,109,4.4557,3.5
12,1,74,3.9483,5.0
12,1,74,4.7837,5.0
12,1,53,4.1973,4.5
12,1,53,5.1717,4.5
12,1,18,3.4582,4.25
12,1,18,4.1332,4.25
12,1,111,3.6936,2.75
12,1,111,4.4143,2.75
12,1,68,3.8175,4.25
12,1,68,4.2882,4.25
12,1,55,3.4761,5.0
12,1,55,4.1973,5.0
12,1,12,4.1206,5.75
12,1,12,5.1266,5.75
12,1,105,3.5931,3.25
12,1,105,4.2755,3.25
12,1,49,3.7869,4.75
12,1,49,4.6495,4.75
12,1,107,3.9391,4.5
12,1,107,3.8202,4.5
12,1,64,3.9596,4.0
12,1,64,4.6821,4.0
12,1,8,3.7003,5.25
12,1,8,4.5239,5.25
12,1,101,4.0302,3.25
12,1,101,4.0845,3.25
12,1,66,4.6896,3.0
12,1,66,4.3091,3.0
12,1,45,4.2146,5.0
12,1,45,4.1979,5.0
12,1,10,4.7893,5.25
12,1,10,5.1225,5.25
12,1,103,3.9670,4.5
12,1,103,3.8081,4.5
12,1,47,3.9215,5.5
12,1,47,5.1148,5.5
12,1,4,3.7774,6.25
12,1,4,4.7145,6.25
12,1,97,4.4180,4.25
12,1,97,4.0647,4.25
12,1,41,3.5701,3.75
12,1,41,4.5849,3.75
12,1,6,3.9014,5.0
12,1,6,4.3696,5.0
12,1,99,4.8117,1.75
12,1,99,4.4973,1.75
12,1,43,3.5173,4.75
12,1,43,4.6185,4.75
12,1,93,3.2939,3.75
12,1,93,3.9889,3.75
12,1,37,4.6899,4.5
12,1,37,5.2301,4.5
12,1,2,4.2212,6.5
12,1,2,4.9765,6.5
12,1,39,3.3056,5.75
12,1,39,4.3525,5.75
12,1,89,3.5608,3.5
12,1,89,4.1385,3.5
12,1,33,4.5234,4.25
12,1,33,4.8086,4.25
12,1,91,3.2610,4.5
12,1,91,4.1763,4.5
12,1,35,3.3534,4.0
12,1,35,4.2800,4.0
12,1,85,4.0697,4.75
12,1,85,3.9221,4.75
12,1,29,3.3595,2.75
12,1,29,4.0452,2.75
12,1,87,4.4333,5.0
12,1,87,4.7168,5.0
12,1,31,4.5647,5.0
12,1,31,4.9197,5.0
12,1,81,3.9768,4.0
12,1,81,4.7053,4.0
12,2,14,2.3805,4.25
12,2,14,2.4320,4.25
12,2,37,4.0345,3.5
12,2,37,3.8881,3.5
12,2,64,4.1177,1.5
12,2,64,2.7677,1.5
12,2,8,3.7622,4.0
12,2,8,3.4720,4.0
12,2,39,1.9820,2.0
12,2,39,2.6179,2.0
12,2,66,2.4790,1.0
12,2,66,2.9362,1.0
12,2,10,4.0418,4.25
12,2,10,3.8919,4.25
12,2,33,2.9864,3.75
12,2,33,3.0051,3.75
12,2,4,2.7292,4.0
12,2,4,2.4148,4.0
12,2,35,4.0109,3.0
12,2,35,3.4311,3.0
12,2,6,2.3782,3.5
12,2,6,2.8812,3.5
12,2,93,3.6940,5.0
12,2,93,3.2024,5.0
12,2,95,3.6764,4.75
12,2,95,3.9692,4.75
12,2,89,2.6763,3.75
12,2,89,2.5656,3.75
12,2,116,4.2801,3.0
12,2,116,4.1970,3.0
12,2,91,2.4174,4.5
12,2,91,2.8253,4.5
12,2,62,3.4847,1.75
12,2,62,3.0033,1.75
12,2,85,3.7243,4.75
12,2,85,3.3980,4.75
12,2,112,3.8530,3.75
12,2,112,3.0435,3.75
12,2,29,3.9971,3.0
12,2,29,3.3888,3.0
12,2,56,4.9576,5.0
12,2,56,3.4623,5.0
12,2,87,3.1590,4.75
12,2,87,3.3076,4.75
12,2,114,3.7038,3.5
12,2,114,2.8061,3.5
12,2,31,4.3117,4.75
12,2,31,3.0013,4.75
12,2,58,4.3902,3.75
12,2,58,3.9832,3.75
12,2,81,2.7664,5.5
12,2,81,2.7905,5.5
12,2,108,4.0806,2.0
12,2,108,3.7088,2.0
12,2,25,3.7377,4.75
12,2,25,3.1185,4.75
12,2,52,2.6810,4.75
12,2,52,2.9665,4.75
12,2,83,3.9102,3.75
12,2,83,3.8798,3.75
12,2,110,3.6325,2.25
12,2,110,3.2205,2.25
12,2,27,4.6390,4.5
12,2,27,3.6692,4.5
12,2,54,3.1721,4.5
12,2,54,3.3127,4.5
12,2,77,4.2444,5.0
12,2,77,3.1418,5.0
12,2,104,2.9406,2.0
12,2,104,3.3187,2.0
12,2,21,2.3303,3.75
12,2,21,2.7501,3.75
12,2,48,2.1563,4.5
12,2,48,2.8862,4.5
12,2,79,3.4608,3.75
12,2,79,3.3601,3.75
12,2,106,3.4567,3.5
12,2,106,3.2434,3.5
12,2,23,2.0304,5.25
12,2,23,1.9933,5.25
12,2,50,2.1221,4.75
12,2,50,2.7270,4.75
12,2,73,2.3290,2.0
12,2,73,2.7249,2.0
12,2,100,4.9176,2.5
12,2,100,3.5388,2.5
12,2,44,3.1259,3.75
12,2,44,2.8980,3.75
12,2,102,3.5237,1.75
12,2,102,3.2311,1.75
12,2,19,2.2232,4.5
12,2,19,2.5617,4.5
12,2,46,3.8451,4.25
12,2,46,3.9661,4.25
12,2,69,2.3776,2.25
12,2,69,2.1907,2.25
12,2,96,4.0254,4.75
12,2,96,3.6628,4.75
12,2,13,3.9923,3.5
12,2,13,2.9274,3.5
12,2,40,3.8760,3.5
12,2,40,3.1089,3.5
12,2,71,3.2901,1.5
12,2,71,3.0064,1.5
12,2,98,4.3046,2.75
12,2,98,3.2419,2.75
12,2,42,2.1611,3.5
12,2,42,2.7660,3.5
12,2,65,2.4399,2.25
12,2,65,2.1316,2.25
12,2,9,2.1239,4.0
12,2,9,2.8789,4.0
12,2,36,2.0150,5.75
12,2,36,2.2188,5.75
12,2,67,3.7123,3.0
12,2,67,3.2931,3.0
12,2,11,4.0679,5.0
12,2,11,3.2484,5.0
12,2,5,4.3626,5.25
12,2,5,3.8851,5.25
12,2,32,2.7444,3.25
12,2,32,3.6966,3.25
12,2,7,2.2546,5.0
12,2,7,2.3191,5.0
12,2,34,4.5292,4.25
12,2,34,4.1438,4.25
12,2,92,4.6221,3.5
12,2,92,4.0014,3.5
12,2,3,3.1182,3.75
12,2,3,2.6086,3.75
12,2,94,3.7355,2.5
12,2,94,3.9239,2.5
12,2,88,2.6153,5.0
12,2,88,2.0162,5.0
12,2,90,4.3771,3.25
12,2,90,3.8582,3.25
12,2,113,3.3038,3.25
12,2,113,3.7417,3.25
12,2,57,3.1851,4.75
12,2,57,3.3320,4.75
12,2,84,1.8747,4.25
12,2,84,2.7329,4.25
12,2,115,3.6533,2.75
12,2,115,3.3983,2.75
12,2,28,3.0192,4.75
12,2,28,3.3693,4.75
12,2,59,3.6385,5.0
12,2,59,3.8787,5.0
12,2,86,4.1519,4.0
12,2,86,3.5661,4.0
12,2,109,3.8035,3.25
12,2,109,4.0718,3.25
12,2,30,4.4552,4.5
12,2,30,3.5337,4.5
12,2,53,4.2942,3.75
12,2,53,3.8141,3.75
12,2,80,4.1634,5.25
12,2,80,4.1092,5.25
12,2,111,2.9069,4.0
12,2,111,2.5865,4.0
12,2,24,4.4885,4.25
12,2,24,3.8985,4.25
12,2,55,2.6491,4.5
12,2,55,3.4086,4.5
12,2,82,2.3664,2.5
12,2,82,1.7533,2.5
12,2,105,2.6686,4.0
12,2,105,2.9836,4.0
12,2,26,2.0880,2.75
12,2,26,2.6447,2.75
12,2,49,2.5173,5.25
12,2,49,1.9995,5.25
12,2,107,3.4193,2.25
12,2,107,3.3376,2.25
12,2,20,2.2928,4.0
12,2,20,2.4491,4.0
12,2,51,3.9677,3.0
12,2,51,4.0185,3.0
12,2,78,3.9462,4.0
12,2,78,3.3727,4.0
12,2,101,4.2928,3.0
12,2,101,3.7971,3.0
12,2,22,3.3208,5.0
12,2,22,3.7950,5.0
12,2,45,3.9907,4.0
12,2,45,3.6384,4.0
12,2,103,4.1216,2.5
12,2,103,3.6290,2.5
12,2,47,3.7522,4.75
12,2,47,3.3874,4.75
12,2,97,2.6512,1.5
12,2,97,2.9395,1.5
12,2,41,2.3446,5.25
12,2,41,3.0201,5.25
12,2,68,2.3322,2.0
12,2,68,2.3548,2.0
12,2,99,2.7151,3.25
12,2,99,3.0835,3.25
12,2,12,2.4214,5.25
12,2,12,2.4824,5.25
12,2,43,3.6326,4.5
12,2,43,4.1618,4.5
12,2,70,2.6230,1.25
12,2,70,1.9356,1.25
16,2,107,4.7962,3.25
16,2,107,4.1587,3.25
16,2,78,4.7426,4.25
16,2,78,4.1336,4.25
16,2,37,4.3391,4.5
16,2,37,3.4492,4.5
16,2,109,3.5099,4.5
16,2,109,3.0146,4.5
16,2,39,3.8003,2.25
16,2,39,4.1235,2.25
16,2,111,2.9489,3.5
16,2,111,3.3324,3.5
16,2,66,4.1482,5.75
16,2,66,4.3830,5.75
16,2,25,3.7510,3.0
16,2,25,3.7933,3.0
16,2,97,4.4115,2.75
16,2,97,3.9365,2.75
16,2,68,3.9607,1.25
16,2,68,3.7552,1.25
16,2,27,4.1870,4.25
16,2,27,3.2052,4.25
16,2,99,3.8530,3.25
16,2,99,3.7537,3.25
16,2,70,3.0024,1.75
16,2,70,3.5986,1.75
16,2,29,4.5911,2.0
16,2,29,3.8819,2.0
16,2,101,3.4115,5.0
16,2,101,3.9415,5.0
16,2,56,4.1982,4.75
16,2,56,3.5440,4.75
16,2,31,4.1081,2.0
16,2,31,3.5993,2.0
16,2,103,4.5864,3.25
16,2,103,3.7174,3.25
16,2,58,3.8942,2.25
16,2,58,4.5709,2.25
16,2,89,4.2036,1.75
16,2,89,3.6662,1.75
16,2,60,4.6356,3.0
16,2,60,3.8325,3.0
16,2,91,3.8702,3.25
16,2,91,3.7240,3.25
16,2,21,3.6725,3.75
16,2,21,3.1728,3.75
16,2,93,3.8037,4.0
16,2,93,3.8866,4.0
16,2,48,4.0423,3.25
16,2,48,4.0748,3.25
16,2,23,3.9065,2.5
16,2,23,3.9678,2.5
16,2,95,4.4116,3.5
16,2,95,4.0782,3.5
16,2,50,3.2946,2.25
16,2,50,3.6258,2.25
16,2,9,3.9537,3.5
16,2,9,3.7885,3.5
16,2,81,2.8875,2.5
16,2,81,3.7075,2.5
16,2,52,3.8605,2.25
16,2,52,3.3703,2.25
16,2,11,4.9927,4.5
16,2,11,4.8364,4.5
16,2,83,4.1567,4.5
16,2,83,3.0001,4.5
16,2,54,3.8616,1.25
16,2,54,3.6927,1.25
16,2,13,5.0041,4.5
16,2,13,4.8270,4.5
16,2,85,3.9341,3.5
16,2,85,4.0585,3.5
16,2,40,3.2545,2.0
16,2,40,4.5066,2.0
16,2,15,3.5357,4.25
16,2,15,2.7147,4.25
16,2,112,3.9477,1.5
16,2,112,3.7551,1.5
16,2,87,3.9500,3.5
16,2,87,3.0070,3.5
16,2,42,3.9784,2.5
16,2,42,4.6065,2.5
16,2,114,5.0991,3.5
16,2,114,4.6705,3.5
16,2,73,3.5426,4.0
16,2,73,3.1212,4.0
16,2,44,4.4404,2.75
16,2,44,3.5817,2.75
16,2,116,3.2804,4.0
16,2,116,3.9281,4.0
16,2,46,4.6974,2.5
16,2,46,4.3367,2.5
16,2,5,3.1957,4.0
16,2,5,3.6321,4.0
16,2,77,3.9110,5.5
16,2,77,3.3370,5.5
16,2,32,4.0621,2.75
16,2,32,4.0735,2.75
16,2,7,3.9246,5.0
16,2,7,4.4688,5.0
16,2,104,4.8530,1.75
16,2,104,4.6499,1.75
16,2,79,3.1063,5.0
16,2,79,2.2899,5.0
16,2,34,4.9384,2.25
16,2,34,4.7157,2.25
16,2,106,4.9824,2.75
16,2,106,3.6744,2.75
16,2,65,4.2276,5.0
16,2,65,3.5891,5.0
16,2,36,4.3227,3.75
16,2,36,4.0190,3.75
16,2,108,2.1513,2.75
16,2,108,3.2597,2.75
16,2,67,3.3033,3.5
16,2,67,3.4775,3.5
16,2,38,3.8790,4.0
16,2,38,3.2780,4.0
16,2,110,4.1633,2.25
16,2,110,3.8777,2.25
16,2,69,3.8950,1.75
16,2,69,3.2371,1.75
16,2,24,4.5230,3.5
16,2,24,4.4390,3.5
16,2,96,2.8863,3.5
16,2,96,4.0888,3.5
16,2,71,4.1134,4.0
16,2,71,3.3682,4.0
16,2,26,3.9478,3.25
16,2,26,3.7365,3.25
16,2,98,3.9697,4.5
16,2,98,3.9220,4.5
16,2,57,3.6199,3.0
16,2,57,3.8395,3.0
16,2,28,4.1810,3.25
16,2,28,2.8819,3.25
16,2,100,2.8007,3.25
16,2,100,3.4005,3.25
16,2,59,4.5644,3.0
16,2,59,4.2113,3.0
16,2,30,4.3970,3.0
16,2,30,3.9015,3.0
16,2,102,3.7065,1.75
16,2,102,3.4208,1.75
16,2,61,4.0815,2.5
16,2,61,3.7611,2.5
16,2,88,2.6668,3.75
16,2,88,3.2658,3.75
16,2,90,3.1352,1.75
16,2,90,2.4706,1.75
16,2,49,3.0429,2.75
16,2,49,3.4831,2.75
16,2,92,4.4874,2.5
16,2,92,3.6613,2.5
16,2,51,4.2888,3.5
16,2,51,2.5701,3.5
16,2,22,2.3596,1.75
16,2,22,2.8024,1.75
16,2,94,2.5742,4.0
16,2,94,3.1919,4.0
16,2,53,3.8896,4.0
16,2,53,4.2740,4.0
16,2,8,4.6286,3.25
16,2,8,4.2943,3.25
16,2,80,4.6760,4.0
16,2,80,4.1594,4.0
16,2,55,3.7427,4.0
16,2,55,3.0011,4.0
16,2,10,4.4344,5.5
16,2,10,4.1627,5.5
16,2,82,4.2240,2.25
16,2,82,3.5159,2.25
16,2,41,3.4596,1.75
16,2,41,4.2092,1.75
16,2,12,3.8823,5.5
16,2,12,3.6556,5.5
16,2,113,4.6943,2.5
16,2,113,4.5254,2.5
16,2,84,2.1670,3.75
16,2,84,3.3528,3.75
16,2,43,3.2792,2.25
16,2,43,3.4029,2.25
16,2,14,3.7720,4.0
16,2,14,2.4090,4.0
16,2,115,3.9653,2.75
16,2,115,5.1285,2.75
16,2,86,3.3759,4.5
16,2,86,3.5172,4.5
16,2,45,3.5307,3.0
16,2,45,3.8245,3.0
16,2,72,3.3316,2.25
16,2,72,3.2256,2.25
16,2,47,4.3288,1.75
16,2,47,4.0020,1.75
16,2,33,3.3956,1.5
16,2,33,3.9225,1.5
16,2,105,3.8621,3.75
16,2,105,3.8232,3.75
16,2,76,4.3805,3.0
16,2,76,4.3099,3.0
16,2,35,4.4080,2.5
16,2,35,4.1022,2.5
16,2,6,4.0067,4.5
16,2,6,3.0108,4.5
17,1,87,4.5645,2.5
17,1,87,4.7440,2.5
17,1,56,3.9512,3.25
17,1,56,4.4118,3.25
17,1,31,2.9378,4.0
17,1,31,3.2643,4.0
17,1,73,4.3757,4.25
17,1,73,4.5270,4.25
17,1,17,3.8987,3.0
17,1,17,3.5557,3.0
17,1,75,2.9346,1.75
17,1,75,4.1420,1.75
17,1,60,3.2237,3.0
17,1,60,4.1616,3.0
17,1,19,4.3709,4.0
17,1,19,4.6793,4.0
17,1,77,2.3444,3.5
17,1,77,4.1947,3.5
17,1,62,3.0020,1.75
17,1,62,3.9165,1.75
17,1,21,3.6728,2.5
17,1,21,2.9695,2.5
17,1,104,4.0424,3.25
17,1,104,3.9760,3.25
17,1,79,3.5697,3.25
17,1,79,2.8705,3.25
17,1,23,3.6238,2.5
17,1,23,3.6830,2.5
17,1,106,4.4205,2.75
17,1,106,4.1932,2.75
17,1,65,1.5084,1.25
17,1,65,2.5793,1.25
17,1,50,2.9532,3.75
17,1,50,3.2734,3.75
17,1,9,3.1295,1.5
17,1,9,4.1506,1.5
17,1,108,3.4848,2.5
17,1,108,3.3564,2.5
17,1,67,2.8533,3.0
17,1,67,4.2084,3.0
17,1,52,4.1214,2.75
17,1,52,3.7098,2.75
17,1,11,2.8238,1.5
17,1,11,3.6033,1.5
17,1,110,3.2048,3.5
17,1,110,4.2100,3.5
17,1,69,3.4075,2.5
17,1,69,4.1450,2.5
17,1,54,2.6527,3.25
17,1,54,2.6314,3.25
17,1,96,3.8915,1.5
17,1,96,3.9701,1.5
17,1,40,3.8519,3.0
17,1,40,4.1411,3.0
17,1,98,4.0359,3.5
17,1,98,4.5077,3.5
17,1,42,2.4284,3.75
17,1,42,3.1632,3.75
17,1,100,4.4424,2.75
17,1,100,4.4247,2.75
17,1,44,4.0768,3.5
17,1,44,4.1900,3.5
17,1,102,3.4560,3.75
17,1,102,3.6637,3.75
17,1,46,2.7829,4.0
17,1,46,3.7292,4.0
17,1,5,4.2803,2.75
17,1,5,4.2976,2.75
17,1,88,3.3594,4.25
17,1,88,3.8273,4.25
17,1,32,2.9349,4.5
17,1,32,3.3261,4.5
17,1,7,1.9797,2.75
17,1,7,2.2698,2.75
17,1,90,3.0926,5.5
17,1,90,3.3196,5.5
17,1,34,3.2876,3.25
17,1,34,4.2990,3.25
17,1,92,3.7832,5.25
17,1,92,4.5207,5.25
17,1,36,3.7799,2.75
17,1,36,3.3915,2.75
17,1,94,4.4168,3.5
17,1,94,4.0845,3.5
17,1,38,3.3999,2.25
17,1,38,3.2409,2.25
17,1,80,3.4645,4.25
17,1,80,3.7036,4.25
17,1,24,4.0006,3.25
17,1,24,4.6056,3.25
17,1,82,2.9584,5.0
17,1,82,4.2654,5.0
17,1,26,3.1755,3.0
17,1,26,3.7568,3.0
17,1,84,4.3485,4.25
17,1,84,4.5897,4.25
17,1,28,4.5538,4.25
17,1,28,4.2290,4.25
17,1,86,2.9257,4.0
17,1,86,3.5062,4.0
17,1,59,2.1455,2.5
17,1,59,3.1273,2.5
17,1,30,3.4995,5.25
17,1,30,4.5166,5.25
17,1,72,3.6455,5.25
17,1,72,4.1819,5.25
17,1,61,3.4607,2.25
17,1,61,3.5606,2.25
17,1,74,3.2856,3.25
17,1,74,3.6610,3.25
17,1,63,3.9563,1.75
17,1,63,4.3963,1.75
17,1,18,2.3692,2.75
17,1,18,3.3230,2.75
17,1,105,3.6271,3.75
17,1,105,3.6143,3.75
17,1,76,3.4923,4.5
17,1,76,3.3456,4.5
17,1,20,3.0377,3.5
17,1,20,2.9068,3.5
17,1,107,2.8828,3.25
17,1,107,2.9320,3.25
17,1,78,3.1398,4.25
17,1,78,4.4337,4.25
17,1,51,3.8248,3.0
17,1,51,3.0598,3.0
17,1,22,3.4939,3.0
17,1,22,3.2232,3.0
17,1,109,3.3272,2.5
17,1,109,3.6029,2.5
17,1,64,4.3490,1.0
17,1,64,4.4445,1.0
17,1,53,4.0278,2.75
17,1,53,4.6337,2.75
17,1,8,4.2249,2.75
17,1,8,4.1835,2.75
17,1,111,3.0275,2.0
17,1,111,3.7184,2.0
17,1,66,2.1515,0.75
17,1,66,2.7357,0.75
17,1,55,3.6441,2.5
17,1,55,4.5344,2.5
17,1,10,1.8572,1.5
17,1,10,3.0903,1.5
17,1,97,3.3861,2.5
17,1,97,3.9370,2.5
17,1,68,2.3073,3.75
17,1,68,3.3112,3.75
17,1,41,3.3291,3.25
17,1,41,4.2374,3.25
17,1,12,3.5758,2.25
17,1,12,3.0450,2.25
17,1,99,3.3549,3.5
17,1,99,2.8881,3.5
17,1,43,3.2714,4.25
17,1,43,2.9810,4.25
17,1,14,3.5181,1.5
17,1,14,3.8623,1.5
17,1,101,3.0533,3.0
17,1,101,3.5855,3.0
17,1,45,2.8645,3.0
17,1,45,4.2925,3.0
17,1,103,2.8779,3.0
17,1,103,2.9200,3.0
17,1,89,3.6260,3.25
17,1,89,3.9502,3.25
17,1,33,4.0015,3.75
17,1,33,3.7049,3.75
17,1,4,2.9156,2.75
17,1,4,4.5526,2.75
17,1,91,4.5863,3.5
17,1,91,4.5943,3.5
17,1,35,3.2044,2.5
17,1,35,4.5326,2.5
17,1,6,2.7803,2.75
17,1,6,3.5656,2.75
17,1,93,2.4560,3.5
17,1,93,2.8997,3.5
17,1,37,4.2097,2.5
17,1,37,4.3013,2.5
17,1,95,3.6382,5.25
17,1,95,4.2768,5.25
17,1,39,2.8976,4.5
17,1,39,4.1696,4.5
17,1,81,3.4197,4.5
17,1,81,3.8357,4.5
17,1,25,3.9555,3.75
17,1,25,4.3491,3.75
17,1,83,3.0476,3.5
17,1,83,3.4570,3.5
17,1,27,3.8623,4.5
17,1,27,4.4234,4.5
17,1,85,3.4549,4.75
17,1,85,2.8530,4.75
17,1,29,4.6273,4.0
17,1,29,4.0275,4.0
18,1,94,3.9992,2.5
18,1,94,3.4772,2.5
18,1,20,3.2134,2.75
18,1,20,2.9197,2.75
18,1,49,3.9748,1.5
18,1,49,3.2786,1.5
18,1,92,3.7152,2.25
18,1,92,2.6632,2.25
18,1,18,4.0278,2.75
18,1,18,3.6220,2.75
18,1,47,3.2661,1.75
18,1,47,3.7833,1.75
18,1,90,3.7294,2.5
18,1,90,3.5283,2.5
18,1,16,2.3923,2.33333
18,1,16,3.3281,2.33333
18,1,45,3.1798,4.75
18,1,45,2.8034,4.75
18,1,88,3.5921,2.75
18,1,88,2.7253,2.75
18,1,43,3.4785,4.25
18,1,43,2.8930,4.25
18,1,86,3.3052,2.5
18,1,86,3.6242,2.5
18,1,12,3.8296,6.0
18,1,12,3.0669,6.0
18,1,41,4.0692,4.0
18,1,41,3.6918,4.0
18,1,84,4.0589,4.5
18,1,84,2.5191,4.5
18,1,10,3.0601,1.75
18,1,10,3.1454,1.75
18,1,39,3.1221,4.0
18,1,39,2.3247,4.0
18,1,82,3.3706,3.25
18,1,82,2.9116,3.25
18,1,111,2.3621,2.75
18,1,111,2.2793,2.75
18,1,8,2.6263,2.25
18,1,8,3.8196,2.25
18,1,37,4.0667,2.75
18,1,37,3.4224,2.75
18,1,80,3.0255,3.5
18,1,80,2.1847,3.5
18,1,109,4.3827,3.0
18,1,109,2.5765,3.0
18,1,6,3.0858,3.5
18,1,6,3.3360,3.5
18,1,35,3.6551,2.25
18,1,35,2.3792,2.25
18,1,78,2.3560,2.0
18,1,78,1.3022,2.0
18,1,107,2.8669,3.0
18,1,107,3.4848,3.0
18,1,4,3.6099,3.0
18,1,4,3.4119,3.0
18,1,33,1.9834,1.0
18,1,33,2.1540,1.0
18,1,76,2.8991,2.0
18,1,76,2.0193,2.0
18,1,105,4.5554,1.75
18,1,105,3.4718,1.75
18,1,2,4.1869,4.25
18,1,2,3.6471,4.25
18,1,74,3.0498,1.5
18,1,74,3.1405,1.5
18,1,103,3.8810,2.0
18,1,103,2.6356,2.0
18,1,101,3.4799,2.25
18,1,101,2.5054,2.25
18,1,62,3.2919,1.5
18,1,62,3.4288,1.5
18,1,99,3.2310,2.5
18,1,99,2.8703,2.5
18,1,60,1.3275,1.0
18,1,60,1.6710,1.0
18,1,68,2.6627,2.5
18,1,68,3.0686,2.5
18,1,97,4.1096,3.25
18,1,97,4.0163,3.25
18,1,66,2.0438,1.75
18,1,66,2.5223,1.75
18,1,31,3.6059,3.75
18,1,31,3.6221,3.75
18,1,56,4.2561,3.25
18,1,56,2.9078,3.25
18,1,64,3.4750,2.25
18,1,64,2.5447,2.25
18,1,29,3.7641,3.75
18,1,29,2.7690,3.75
18,1,54,2.9601,1.25
18,1,54,3.3055,1.25
18,1,27,2.6989,3.75
18,1,27,3.1000,3.75
18,1,25,3.6197,3.0
18,1,25,4.4987,3.0
18,1,50,3.4485,2.25
18,1,50,3.5604,2.25
18,1,23,4.0757,2.5
18,1,23,2.7944,2.5
18,1,48,3.1641,1.75
18,1,48,2.9754,1.75
18,1,95,3.2311,4.25
18,1,95,3.0498,4.25
18,1,21,4.6635,2.5
18,1,21,3.9223,2.5
18,1,46,2.9452,2.25
18,1,46,2.5689,2.25
18,1,93,4.4879,2.0
18,1,93,3.5123,2.0
18,1,19,2.9572,2.75
18,1,19,2.4846,2.75
18,1,44,4.0542,2.5
18,1,44,3.0474,2.5
18,1,91,4.4182,2.5
18,1,91,3.6731,2.5
18,1,17,3.7605,3.0
18,1,17,2.9926,3.0
18,1,42,3.4830,2.5
18,1,42,2.9272,2.5
18,1,89,2.5545,2.25
18,1,89,2.2022,2.25
18,1,40,3.5955,4.0
18,1,40,2.7847,4.0
18,1,87,2.8012,3.25
18,1,87,3.5936,3.25
18,1,112,3.3834,1.25
18,1,112,3.8217,1.25
18,1,38,3.5025,3.5
18,1,38,2.5989,3.5
18,1,85,3.2535,4.0
18,1,85,2.9581,4.0
18,1,110,3.8423,1.75
18,1,110,2.5203,1.75
18,1,11,3.1973,5.75
18,1,11,2.5462,5.75
18,1,36,2.6962,2.25
18,1,36,1.8107,2.25
18,1,83,3.2872,3.75
18,1,83,2.5954,3.75
18,1,108,3.5683,2.5
18,1,108,2.4561,2.5
18,1,9,2.6280,2.0
18,1,9,2.5139,2.0
18,1,34,2.9517,2.25
18,1,34,2.6154,2.25
18,1,81,3.4852,3.75
18,1,81,2.4079,3.75
18,1,106,3.9528,1.25
18,1,106,3.2123,1.25
18,1,7,3.1558,2.5
18,1,7,2.7837,2.5
18,1,32,3.3535,1.25
18,1,32,3.0109,1.25
18,1,79,2.9815,2.25
18,1,79,2.0791,2.25
18,1,104,3.2441,3.25
18,1,104,4.1236,3.25
18,1,5,3.4035,1.5
18,1,5,3.1222,1.5
18,1,77,3.5809,1.0
18,1,77,3.1316,1.0
18,1,102,3.4180,2.25
18,1,102,3.3049,2.25
18,1,3,3.3319,2.25
18,1,3,2.9840,2.25
18,1,75,2.6701,1.0
18,1,75,2.2979,1.0
18,1,100,3.4367,3.75
18,1,100,2.6540,3.75
18,1,73,3.4624,2.0
18,1,73,2.5754,2.0
18,1,98,2.8222,2.25
18,1,98,2.2895,2.25
18,1,96,2.2107,2.5
18,1,96,3.0916,2.5
18,1,61,3.2633,3.25
18,1,61,2.9589,3.25
18,1,69,3.0138,1.0
18,1,69,3.3296,1.0
18,1,30,3.4492,2.75
18,1,30,3.2018,2.75
18,1,59,3.6601,1.66667
18,1,59,4.0402,1.66667
18,1,67,3.0645,1.0
18,1,67,3.3566,1.0
18,1,28,3.9539,3.25
18,1,28,2.6010,3.25
18,1,65,1.9096,1.0
18,1,65,2.2519,1.0
18,1,26,2.8696,2.75
18,1,26,3.3232,2.75
18,1,55,3.6743,1.75
18,1,55,2.7806,1.75
18,1,24,4.2017,3.25
18,1,24,3.9486,3.25
18,1,53,2.6492,3.25
18,1,53,2.3887,3.25
18,1,22,4.3322,3.75
18,1,22,3.1136,3.75
18,1,51,2.8789,1.25
18,1,51,2.8983,1.25
