3,1,1,5.1964,3.875
3,1,1,5.3528,3.875
3,1,2,3.7796,4.5
3,1,2,4.0782,4.5
3,1,3,4.2917,3.0
3,1,3,4.9439,3.0
3,1,4,3.3163,3.25
3,1,4,5.5252,3.25
3,1,5,1.4480,6.0
3,1,5,3.0422,6.0
3,1,6,1.5544,4.5
3,1,6,3.1508,4.5
3,1,7,3.5468,4.75
3,1,7,5.7947,4.75
3,1,8,3.7691,3.5
3,1,8,5.3482,3.5
3,1,10,4.0143,2.875
3,1,10,5.5747,2.875
3,1,14,4.2234,3.75
3,1,14,5.6537,3.75
3,1,15,3.9011,5.0
3,1,15,3.0194,5.0
3,1,16,3.6986,4.75
3,1,16,5.4254,4.75
3,1,17,4.3684,5.0
3,1,17,5.4455,5.0
3,1,18,3.4419,3.75
3,1,18,4.0824,3.75
3,1,20,3.6943,2.5
3,1,20,5.0222,2.5
3,1,21,3.8310,4.5
3,1,21,5.5928,4.5
3,1,22,4.0378,4.83333
3,1,22,3.0263,4.83333
3,1,24,3.6569,4.5
3,1,24,3.6419,4.5
3,1,25,3.7237,5.5
3,1,25,5.6843,5.5
3,1,26,3.1574,4.0
3,1,26,5.1713,4.0
3,1,27,4.0390,5.25
3,1,27,5.8118,5.25
3,1,28,2.8092,4.75
3,1,28,2.6280,4.75
3,1,29,4.1472,1.25
3,1,29,5.3802,1.25
3,1,30,3.1554,4.5
3,1,30,5.3090,4.5
3,1,33,3.5109,3.0
3,1,33,4.7534,3.0
3,1,34,2.9346,4.125
3,1,34,2.7079,4.125
3,1,35,3.6496,4.375
3,1,35,5.1747,4.375
3,1,40,3.3494,5.0
3,1,40,5.0346,5.0
3,1,43,2.7963,4.0
3,1,43,4.9085,4.0
3,1,44,2.4072,3.0
3,1,44,4.6420,3.0
3,1,45,3.1927,4.25
3,1,45,4.6055,4.25
3,1,46,3.0718,5.0
3,1,46,4.2411,5.0
3,1,47,3.1875,4.25
3,1,47,4.3039,4.25
3,1,48,3.4627,2.5
3,1,48,4.3421,2.5
3,1,49,3.1268,5.0
3,1,49,5.2731,5.0
3,1,50,2.7834,4.66667
3,1,50,4.8259,4.66667
3,1,51,3.4625,4.5
3,1,51,4.5470,4.5
3,1,52,3.7554,3.5
3,1,52,4.7242,3.5
3,1,55,4.2360,3.25
3,1,55,5.4205,3.25
3,1,56,3.0549,4.0
3,1,56,5.4614,4.0
3,1,57,3.1902,4.875
3,1,57,5.5373,4.875
3,1,58,2.2808,4.5
3,1,58,5.5143,4.5
3,1,59,3.5442,5.5
3,1,59,4.7092,5.5
3,1,60,2.5811,5.5
3,1,60,5.3017,5.5
3,1,61,3.1738,5.5
3,1,61,5.1080,5.5
3,1,62,1.7544,4.375
3,1,62,4.9420,4.375
3,1,63,3.0901,4.75
3,1,63,2.3603,4.75
3,1,64,3.2555,5.75
3,1,64,4.8573,5.75
3,1,65,3.7294,6.25
3,1,65,4.5054,6.25
3,1,66,3.7081,3.0
3,1,66,4.8459,3.0
3,1,70,3.1717,2.75
3,1,70,3.3474,2.75
3,1,71,3.4506,2.0
3,1,71,4.7943,2.0
3,1,73,3.0472,3.0
3,1,73,4.9832,3.0
3,1,74,3.3606,4.0
3,1,74,4.9551,4.0
3,1,75,2.9145,4.0
3,1,75,1.9724,4.0
3,1,78,3.8381,5.25
3,1,78,4.3062,5.25
3,1,79,3.8721,5.25
3,1,79,5.0361,5.25
3,1,80,3.0156,2.75
3,1,80,5.2868,2.75
3,1,81,3.6718,2.75
3,1,81,2.6408,2.75
3,1,82,3.6081,3.0
3,1,82,4.8402,3.0
3,1,83,3.7063,4.5
3,1,83,5.0286,4.5
3,1,84,3.3459,3.75
3,1,84,4.0012,3.75
3,1,85,3.1997,2.0
3,1,85,4.1568,2.0
3,1,86,3.8079,4.25
3,1,86,4.9638,4.25
3,1,87,4.0081,4.25
3,1,87,5.0462,4.25
3,1,88,2.4962,4.0
3,1,88,4.8934,4.0
3,1,89,3.4541,4.25
3,1,89,4.6052,4.25
3,1,90,3.7031,3.75
3,1,90,4.0280,3.75
3,1,91,3.1860,4.0
3,1,91,4.1406,4.0
3,1,92,3.1635,3.5
3,1,92,3.1197,3.5
3,1,93,4.0554,3.25
3,1,93,4.6706,3.25
3,1,94,3.4008,3.25
3,1,94,4.4302,3.25
3,1,95,3.0535,3.75
3,1,95,5.0490,3.75
3,1,96,3.3150,3.875
3,1,96,4.3488,3.875
3,1,97,1.1671,1.25
3,1,97,2.3509,1.25
3,1,98,1.7830,1.75
3,1,98,4.4515,1.75
3,1,99,2.3850,1.5
3,1,99,4.0683,1.5
3,1,100,3.0494,2.375
3,1,100,3.0540,2.375
3,1,101,3.4167,4.375
3,1,101,5.3811,4.375
3,1,102,3.3188,5.25
3,1,102,1.9905,5.25
3,1,103,2.5538,1.5
3,1,103,4.9199,1.5
3,1,104,1.4490,3.5
3,1,104,4.6837,3.5
3,1,105,3.0298,1.25
3,1,105,4.3055,1.25
3,1,106,3.0208,2.75
3,1,106,4.5402,1.875
3,2,2,4.5087,1.875
3,2,2,4.6903,3.25
3,2,5,4.9633,3.25
3,2,5,4.2510,5.25
3,2,6,4.5698,5.25
3,2,6,5.0347,6.0
3,2,7,5.2904,6.0
3,2,7,5.0367,6.0
3,2,8,5.1944,6.0
3,2,8,4.7701,4.5
3,2,9,4.3113,4.5
3,2,9,4.9075,4.0
3,2,10,4.3844,4.0
3,2,10,4.7062,4.125
3,2,11,4.7215,4.125
3,2,11,4.9766,5.25
3,2,12,4.3654,5.25
3,2,12,5.0205,5.0
3,2,13,4.7701,5.0
3,2,13,4.9771,3.75
3,2,14,4.8697,3.75
3,2,14,3.6638,2.5
3,2,26,4.1076,2.5
3,2,26,4.0556,4.0
3,2,27,3.1685,4.0
3,2,27,4.0648,4.0
3,2,28,3.8642,4.0
3,2,28,3.7333,4.0
3,2,29,3.2699,4.0
3,2,29,4.0198,3.625
3,2,30,3.8086,3.625
3,2,30,4.3486,3.25
3,2,31,4.4631,3.25
3,2,31,4.0498,3.25
3,2,32,2.0596,3.25
3,2,32,3.3378,3.5
3,2,34,3.9478,3.5
3,2,34,3.5636,3.875
3,2,35,3.8253,3.875
3,2,35,3.2644,2.75
3,2,36,3.5675,2.75
3,2,36,4.2335,2.25
3,2,37,3.6523,2.25
3,2,37,3.9994,3.25
3,2,38,3.8172,3.25
3,2,38,3.2931,4.25
3,2,39,3.7520,4.25
3,2,39,3.6544,2.75
3,2,40,3.4023,2.75
3,2,40,4.2566,3.5
3,2,41,1.8382,3.5
3,2,41,4.2567,2.5
3,2,42,1.9788,2.5
3,2,42,3.7599,4.0
3,2,43,3.8206,4.0
3,2,43,4.0785,5.0
3,2,44,4.4947,5.0
3,2,44,4.1843,3.25
3,2,45,2.3513,3.25
3,2,45,4.2866,4.5
3,2,46,3.7508,4.5
3,2,46,2.7751,3.875
3,2,47,2.9796,3.875
3,2,47,5.0168,4.25
3,2,48,4.2786,4.25
3,2,48,4.2321,3.75
3,2,50,2.8335,3.75
3,2,50,4.0423,4.0
3,2,51,4.0182,4.0
3,2,51,3.8334,1.5
3,2,52,2.9300,1.5
3,2,52,4.0681,4.5
3,2,53,1.7621,4.5
3,2,53,3.5967,3.33333
3,2,55,2.6342,3.33333
3,2,55,3.8336,4.25
3,2,56,3.5945,4.25
3,2,56,3.6144,2.25
3,2,59,2.7624,2.25
3,2,59,5.4097,3.75
3,2,60,4.7817,3.75
3,2,60,4.8337,4.375
3,2,61,3.7141,4.375
3,2,61,5.1537,5.25
3,2,62,4.9577,5.25
3,2,62,2.1753,1.25
3,2,63,4.6807,1.25
3,2,63,5.2952,2.375
3,2,64,3.7842,2.375
3,2,64,4.6906,3.75
3,2,66,4.6477,3.75
3,2,66,5.0152,5.25
3,2,67,4.0156,5.25
3,2,67,5.5218,5.5
3,2,68,4.5110,5.5
3,2,68,5.2631,1.25
3,2,69,5.1078,1.25
3,2,69,4.9858,3.66667
3,2,70,4.0867,3.66667
3,2,70,4.6405,2.375
3,2,71,3.7632,2.375
3,2,71,4.3861,3.75
3,2,73,3.9482,3.75
3,2,73,3.9940,2.75
3,2,78,4.0006,2.75
3,2,78,4.5529,3.75
3,2,79,3.7143,3.75
3,2,79,4.5628,4.75
3,2,80,3.8775,4.75
3,2,80,4.6639,4.375
3,2,81,3.0164,4.375
3,2,81,4.8846,3.25
3,2,82,2.8240,3.25
3,2,82,4.9904,4.25
3,2,83,3.3171,4.25
3,2,83,4.6846,4.0
3,2,84,3.1986,4.0
3,2,84,4.8110,3.25
3,2,85,2.3545,3.25
3,2,85,4.3557,2.75
3,2,86,3.4260,2.75
3,2,86,4.6140,3.75
3,2,87,2.1693,3.75
3,2,87,4.1565,4.0
3,2,88,3.6239,4.0
3,2,88,4.8777,4.25
3,2,90,3.4253,4.25
3,2,90,4.8600,4.5
3,2,91,3.5377,4.5
3,2,91,4.1070,3.75
3,2,94,1.7729,3.75
3,2,94,4.4922,1.5
3,2,95,4.1732,1.5
3,2,95,4.3460,3.125
3,2,96,3.5534,3.125
3,2,96,4.2231,5.0
3,2,97,3.8555,5.0
3,2,97,4.4971,4.5
3,2,98,3.8893,4.5
3,2,98,4.5428,2.625
3,2,99,3.5238,2.625
3,2,99,4.8667,1.25
3,2,100,3.8298,1.25
3,2,100,4.7294,3.125
3,2,101,4.4407,3.125
3,2,101,4.6874,2.0
3,2,102,3.8431,2.0
3,2,102,4.6408,4.0
3,2,103,4.5952,4.0
3,2,103,3.8180,3.5
3,2,104,4.1607,3.5
3,2,104,4.4206,3.5
3,2,105,2.9778,3.5
3,2,105,4.7825,3.875
3,2,106,3.7225,3.875
3,2,106,4.6938,4.625
3,2,107,3.7848,4.625
3,2,107,4.6428,4.0
3,2,108,3.8526,4.0
3,2,108,4.8896,4.25
3,2,110,3.4166,4.25
3,2,110,3.9268,3.5
3,2,111,2.3808,3.5
3,2,111,4.2044,3.0
4,1,23,4.1726,1.0
4,1,23,4.7535,1.0
4,1,30,2.6622,1.125
4,1,30,3.9394,1.125
4,1,31,2.4888,2.25
4,1,31,4.0842,2.25
4,1,32,2.5380,1.5
4,1,32,4.0082,1.5
4,1,33,2.4464,1.5
4,1,33,4.0077,1.5
4,1,34,2.5252,1.5
4,1,34,3.6846,1.5
4,1,35,2.5188,1.75
4,1,35,3.9054,1.75
4,1,36,2.4065,0.875
4,1,36,3.7080,0.875
4,1,37,2.2813,2.25
4,1,37,3.7777,2.25
4,1,38,2.5795,2.5
4,1,38,3.9669,2.5
4,1,39,2.6766,2.5
4,1,39,3.8965,2.5
4,1,40,2.6030,4.0
4,1,40,3.9068,4.0
4,1,41,2.5758,2.5
4,1,41,4.0380,2.5
4,1,42,2.7225,1.75
4,1,42,4.3612,1.75
4,1,45,3.1454,2.125
4,1,45,4.0379,2.125
4,1,46,2.6278,3.75
4,1,46,3.9688,3.75
4,1,48,2.6645,1.5
4,1,48,3.4354,1.5
4,1,49,2.4558,4.25
4,1,49,3.8433,4.25
4,1,50,2.8082,2.0
4,1,50,3.9560,2.0
4,1,51,2.7147,2.75
4,1,51,3.7911,2.75
4,1,52,3.1718,3.25
4,1,52,4.0650,3.25
4,1,54,3.0419,3.375
4,1,54,3.7132,3.375
4,1,55,2.8594,2.5
4,1,55,3.8714,2.5
4,1,56,2.6283,2.0
4,1,56,4.0173,2.0
4,1,57,2.1906,2.75
4,1,57,4.1301,2.75
4,1,58,2.3991,2.25
4,1,58,4.0997,2.25
4,1,59,2.7868,1.875
4,1,59,3.9083,1.875
4,1,63,2.3183,1.0
4,1,63,3.6835,1.0
4,1,64,2.9977,3.5
4,1,64,4.3318,3.5
4,1,65,2.3821,4.75
4,1,65,3.7783,4.75
4,1,66,2.5228,1.0
4,1,66,3.7974,1.0
4,1,67,2.4431,1.75
4,1,67,4.1229,1.75
4,1,68,2.8977,5.5
4,1,68,4.3098,5.5
4,1,69,2.5553,5.5
4,1,69,4.3527,5.5
4,1,70,3.2159,5.25
4,1,70,4.1006,5.25
4,1,71,2.7728,2.125
4,1,71,4.3892,2.125
4,1,72,3.0157,2.375
4,1,72,4.4844,2.375
4,1,73,2.4651,4.25
4,1,73,4.4786,4.25
4,1,74,3.2858,3.5
4,1,74,4.4528,3.5
4,1,75,3.1777,4.75
4,1,75,4.4312,4.75
4,1,77,3.3295,2.625
4,1,77,4.1521,2.625
4,1,99,2.7368,2.375
4,1,99,3.4516,2.375
4,1,102,2.9557,1.5
4,1,102,2.8775,1.5
4,1,104,2.8045,1.25
4,1,104,3.1578,1.25
4,1,105,3.3057,3.625
4,1,105,3.1083,3.625
4,1,110,3.0468,4.0
4,1,110,3.4078,4.0
4,1,111,2.9530,3.5
4,1,111,1.9778,3.5
4,1,112,2.9890,1.0
7,1,1,4.5409,3.5
7,1,1,5.1965,3.5
7,1,2,4.8990,5.5
7,1,2,5.3546,5.5
7,1,3,4.8922,4.75
7,1,3,5.1956,4.75
7,1,4,5.2722,3.25
7,1,4,5.4318,3.25
7,1,5,5.1240,4.75
7,1,5,5.5005,4.75
7,1,7,4.5860,2.25
7,1,7,4.4920,2.25
7,1,8,4.7182,4.5
7,1,8,5.0315,4.5
7,1,9,3.8823,2.0
7,1,9,4.7040,2.0
7,1,10,4.5147,2.75
7,1,10,4.3571,2.75
7,1,11,4.2000,1.75
7,1,11,5.3271,1.75
7,1,12,4.4748,5.0
7,1,12,4.7383,5.0
7,1,13,3.5324,3.0
7,1,13,3.7246,3.0
7,1,14,4.0033,1.75
7,1,14,5.3767,1.75
7,1,18,5.0659,6.0
7,1,18,5.6278,6.0
7,1,19,4.7019,4.75
7,1,19,5.5464,4.75
7,1,20,5.1928,5.25
7,1,20,5.2255,5.25
7,1,22,4.8403,3.75
7,1,22,5.7332,3.75
7,1,23,4.6055,4.0
7,1,23,5.2771,4.0
7,1,24,4.5473,5.0
7,1,24,5.5396,5.0
7,1,25,2.2438,4.5
7,1,25,5.4324,4.5
7,1,26,4.7489,3.0
7,1,26,5.0227,3.0
7,1,27,4.8525,4.25
7,1,27,5.5024,4.25
7,1,28,4.6123,5.25
7,1,28,5.0269,5.25
7,1,29,4.3749,4.25
7,1,29,5.3086,4.25
7,1,30,4.5436,3.0
7,1,30,5.3122,3.0
7,1,31,4.6390,4.5
7,1,31,5.1492,4.5
7,1,32,4.9545,3.75
7,1,32,5.2023,3.75
7,1,33,5.2512,4.75
7,1,33,5.3056,4.75
7,1,34,4.0114,5.5
7,1,34,5.0114,5.5
7,1,35,4.6647,6.0
7,1,35,4.9839,6.0
7,1,36,4.7466,4.25
7,1,36,5.4413,4.25
7,1,37,4.8623,4.25
7,1,37,5.4680,4.25
7,1,38,4.5362,3.5
7,1,38,4.9219,3.5
7,1,39,4.7358,5.5
7,1,39,4.7089,5.5
7,1,40,4.7531,5.5
7,1,40,5.6754,5.5
7,1,41,4.7508,4.75
7,1,41,4.4282,4.75
7,1,42,4.3392,3.0
7,1,42,5.3656,3.0
7,1,43,4.6291,3.5
7,1,43,5.4697,3.5
7,1,44,4.9837,6.25
7,1,44,4.8398,6.25
7,1,45,4.4156,4.5
7,1,45,5.0351,4.5
7,1,46,4.3004,4.0
7,1,46,5.1181,4.0
7,1,47,4.6451,4.5
7,1,47,5.1069,4.5
7,1,48,4.1881,1.5
7,1,48,5.1811,1.5
7,1,49,3.8886,4.5
7,1,49,4.8720,4.5
7,1,50,4.2696,5.0
7,1,50,5.3074,5.0
7,1,51,4.7982,3.5
7,1,51,5.0667,3.5
7,1,52,4.6386,0.75
7,1,52,5.1311,0.75
7,1,53,5.1341,5.5
7,1,53,5.4028,5.5
7,1,55,4.4711,2.5
7,1,55,4.8281,2.5
7,1,57,4.7320,4.25
7,1,57,5.2905,4.25
7,1,58,2.2465,6.0
7,1,58,4.8144,6.0
7,1,59,2.7641,5.25
7,1,59,4.7661,5.25
7,1,60,2.8021,3.25
7,1,60,4.5243,3.25
7,1,61,2.3506,5.0
7,1,61,4.6569,5.0
7,1,62,2.1374,4.5
7,1,62,4.6085,4.5
7,1,63,2.1682,5.5
7,1,63,4.7389,5.5
7,1,64,1.5384,5.0
7,1,64,4.0008,5.0
7,1,65,1.7828,5.25
7,1,65,2.8599,5.25
7,1,66,2.0708,4.25
7,1,66,4.5494,4.25
7,1,67,3.1638,4.75
7,1,67,3.7290,4.75
7,1,68,3.1569,4.25
7,1,68,4.1966,4.25
7,1,69,4.5545,5.5
7,1,69,4.9517,5.5
7,1,70,4.6579,5.5
7,1,70,5.0081,5.5
7,1,71,4.7103,4.75
7,1,71,4.9608,4.75
7,1,72,3.6950,2.0
7,1,72,4.6391,2.0
7,1,73,4.5148,1.0
7,1,73,4.7424,1.0
7,1,74,4.1934,4.25
7,1,74,5.0083,4.25
7,1,75,4.1605,4.75
7,1,75,4.7984,4.75
7,1,76,4.2241,2.75
7,1,76,4.7538,2.75
7,1,78,4.3191,4.0
7,1,78,4.7787,4.0
7,1,79,3.8075,3.0
7,1,79,4.5225,3.0
7,1,80,4.0613,2.0
7,1,80,4.6829,2.0
7,1,81,4.8793,4.0
7,1,81,4.6526,4.0
7,1,82,4.6843,5.25
7,1,82,4.2126,5.25
7,1,83,5.0242,4.75
7,1,83,4.5706,4.75
7,1,84,2.9683,4.75
7,1,84,4.6914,4.75
7,1,86,4.6681,3.25
7,1,86,4.8167,3.25
7,1,88,4.1200,6.5
7,1,88,5.1810,6.5
7,1,90,5.1390,4.0
7,1,90,4.3997,4.0
7,1,92,4.5119,5.75
7,1,92,4.9140,5.75
7,1,93,4.7732,4.25
7,1,93,4.8688,4.25
7,1,94,4.9632,3.0
7,1,94,4.6896,3.0
7,1,95,5.3567,4.75
7,1,95,5.1588,4.75
7,1,96,5.2984,5.5
7,1,96,5.2175,5.5
7,1,97,4.8808,5.5
7,1,97,4.3389,5.5
7,1,98,4.8193,3.25
7,1,98,4.9208,3.25
7,1,101,4.4115,4.0
7,1,101,4.5370,4.0
7,1,102,4.8836,4.25
7,1,102,4.1514,4.25
7,1,103,5.2685,3.25
7,1,103,4.6735,3.25
7,1,104,1.3588,4.75
7,1,104,4.1989,4.75
7,1,105,3.4744,4.75
7,1,105,4.5436,4.75
7,1,106,4.5539,4.75
7,1,106,5.2814,4.75
7,1,109,4.4527,6.25
7,1,109,4.6683,4.25
7,2,1,4.9286,4.25
7,2,1,4.0040,2.75
7,2,2,5.0797,2.75
7,2,2,4.4884,5.75
7,2,3,5.4334,5.75
7,2,3,4.1536,3.0
7,2,4,5.2718,3.0
7,2,4,4.5457,3.25
7,2,5,5.2622,3.25
7,2,5,4.9669,4.0
7,2,6,5.5654,4.0
7,2,6,4.4967,5.0
7,2,7,5.5742,5.0
7,2,7,3.8305,4.0
7,2,8,4.8561,4.0
7,2,8,4.1204,4.0
7,2,9,4.9892,4.0
7,2,9,4.0649,4.0
7,2,10,5.4714,4.0
7,2,10,1.8871,2.75
7,2,11,4.4358,2.75
7,2,11,2.9960,4.25
7,2,12,4.7651,4.25
7,2,12,4.0549,4.75
7,2,13,5.2170,4.75
7,2,13,4.6520,5.5
7,2,14,5.3502,5.5
7,2,14,4.4218,5.0
7,2,16,5.2432,5.0
7,2,16,3.6782,6.0
7,2,17,4.4082,6.0
7,2,17,3.5444,3.5
7,2,18,5.7416,3.5
7,2,18,4.4566,4.5
7,2,19,5.0806,4.5
7,2,19,4.3496,5.5
7,2,20,4.4111,5.5
7,2,20,4.2600,1.5
7,2,21,4.7373,1.5
7,2,21,3.7763,3.0
7,2,22,4.6794,3.0
7,2,22,4.3614,1.75
7,2,23,5.4173,1.75
7,2,23,4.6956,3.75
7,2,24,5.1345,3.75
7,2,24,4.0652,4.75
7,2,25,4.8306,4.75
7,2,25,4.4759,4.25
7,2,26,5.5603,4.25
7,2,26,4.5286,4.25
7,2,27,5.5725,4.25
7,2,27,3.1704,5.75
7,2,28,4.8442,5.75
7,2,28,4.1649,1.75
7,2,29,5.0453,1.75
7,2,29,3.2087,3.0
7,2,30,4.4912,3.0
7,2,30,3.9272,3.75
7,2,31,5.2604,3.75
7,2,31,4.3809,4.5
7,2,32,4.9314,4.5
7,2,32,3.3499,1.5
7,2,33,5.1422,1.5
7,2,33,3.0820,4.25
7,2,34,4.7449,4.25
7,2,34,3.5424,3.5
7,2,35,5.0653,3.5
7,2,35,4.5501,2.5
7,2,36,4.6499,2.5
7,2,36,4.2328,3.5
7,2,37,5.4458,3.5
7,2,37,4.2751,5.25
7,2,38,3.9956,5.25
7,2,38,3.4443,4.0
7,2,39,4.5024,4.0
7,2,39,4.1171,5.25
7,2,40,5.1778,5.25
7,2,40,4.3197,3.0
7,2,42,4.6929,3.0
7,2,42,4.2488,2.75
7,2,43,4.8599,2.75
7,2,43,3.9333,4.5
7,2,44,4.7960,4.5
7,2,44,3.4705,2.5
7,2,45,4.6905,2.5
7,2,45,4.1770,4.75
7,2,46,4.7732,4.75
7,2,46,4.3043,4.0
7,2,47,5.1967,4.0
7,2,47,4.0366,3.75
7,2,48,4.9301,3.75
7,2,48,2.5848,4.0
7,2,49,4.4636,4.0
7,2,49,4.5712,4.25
7,2,50,4.6546,4.25
7,2,50,4.1640,4.75
7,2,51,5.0637,4.75
7,2,51,4.1052,3.25
7,2,52,5.1793,3.25
7,2,52,3.8681,5.0
7,2,53,4.4679,5.0
7,2,53,3.8798,4.0
7,2,55,5.1446,4.0
7,2,55,2.2889,4.75
7,2,56,5.0583,4.75
7,2,56,3.7859,1.5
7,2,57,4.7971,1.5
7,2,57,3.9191,4.0
7,2,58,4.8588,4.0
7,2,58,1.8093,4.0
7,2,60,4.4131,4.0
7,2,60,1.6124,5.5
7,2,61,4.1948,5.5
7,2,61,2.5601,5.25
7,2,63,4.2386,5.25
7,2,63,3.9554,3.25
7,2,64,5.1454,3.25
7,2,64,4.7032,5.0
7,2,65,4.9323,5.0
7,2,65,2.2928,5.5
7,2,66,4.4118,5.5
7,2,66,3.6625,6.5
7,2,68,4.4137,6.5
7,2,68,4.1254,4.25
7,2,69,4.9875,4.25
7,2,69,2.6341,3.25
7,2,70,4.5726,3.25
7,2,70,3.7469,4.0
7,2,71,4.0033,4.0
7,2,71,4.6251,4.25
7,2,72,4.6598,4.25
7,2,72,3.5964,3.25
7,2,73,4.1053,3.25
7,2,73,4.0410,2.5
7,2,74,5.0068,2.5
7,2,74,4.4413,3.5
7,2,75,4.7127,3.5
7,2,75,3.9494,4.5
7,2,76,4.8932,4.5
7,2,76,2.9913,4.25
7,2,77,4.4239,4.25
7,2,77,1.7524,5.0
7,2,78,4.6179,5.0
7,2,78,4.4108,4.0
7,2,80,4.9679,4.0
7,2,80,4.7340,3.25
7,2,82,4.7625,3.25
7,2,82,3.5595,5.0
7,2,83,4.8429,5.0
7,2,83,4.0076,3.75
7,2,84,4.3941,3.75
7,2,84,1.9460,2.5
7,2,85,4.7331,2.5
7,2,85,2.5247,2.5
7,2,86,4.7573,2.5
7,2,86,2.1831,4.5
7,2,87,4.4957,4.5
7,2,87,3.2195,5.0
7,2,88,4.6577,5.0
7,2,88,2.7174,3.0
7,2,89,4.8603,3.0
7,2,89,2.5278,4.0
7,2,90,4.4133,4.0
7,2,90,3.8209,3.75
7,2,91,4.6138,3.75
7,2,91,4.3377,4.66667
7,2,92,4.8952,4.66667
7,2,92,3.7800,4.75
7,2,93,4.8918,4.75
7,2,93,2.1281,3.25
7,2,94,3.3463,3.25
7,2,94,3.7691,2.5
7,2,95,4.2092,2.5
7,2,95,4.1452,3.5
7,2,96,4.4346,3.5
7,2,96,2.0689,3.0
7,2,97,4.1305,3.0
7,2,97,2.6725,3.75
7,2,98,4.2318,3.75
7,2,98,3.0327,4.25
7,2,99,3.4594,4.25
7,2,99,3.2356,1.75
7,2,100,2.7836,1.75
7,2,100,3.6646,5.25
7,2,102,4.4982,5.25
7,2,102,3.2681,4.25
7,2,103,4.9453,4.25
7,2,103,1.9400,3.5
7,2,104,4.3192,3.5
7,2,104,3.2927,3.0
7,2,105,4.8384,3.0
7,2,105,4.2410,6.25
7,2,106,4.8073,6.25
7,2,106,3.5026,4.5
7,2,107,4.1833,4.5
7,2,107,3.8314,5.5
7,2,108,4.6575,5.5
7,2,108,2.1259,5.25
7,2,109,3.6219,5.25
7,2,109,3.8111,4.75
8,1,9,2.8801,2.0
8,1,9,2.9941,2.0
8,1,10,3.0139,1.75
8,1,10,1.9402,1.75
8,1,16,3.7208,2.75
8,1,16,3.2622,2.75
8,1,17,3.8244,3.25
8,1,17,2.5212,3.25
8,1,18,3.6234,3.75
8,1,18,2.3272,3.75
8,1,20,3.9548,2.5
8,1,20,2.8615,2.5
8,1,21,4.2770,1.75
8,1,21,3.0850,1.75
8,1,22,3.6786,3.5
8,1,22,2.8351,3.5
8,1,27,3.3475,2.0
8,1,27,1.7203,2.0
8,1,30,4.1075,2.5
8,1,30,2.6338,2.5
8,1,54,3.4185,3.0
8,1,54,0.4725,3.0
8,1,58,3.5749,1.0
8,1,58,3.0034,1.0
8,1,68,3.4000,1.5
8,1,68,4.0133,1.5
8,1,73,3.9745,2.75
8,1,73,4.1150,2.75
8,1,74,4.0590,2.5
8,1,74,2.6058,2.5
8,1,75,4.2668,3.0
8,1,75,2.1850,3.0
8,1,76,4.2121,1.0
8,1,76,2.0534,1.0
8,1,77,4.4834,3.25
8,1,77,2.3331,3.25
8,1,78,4.2850,2.75
8,1,78,2.7272,2.75
8,1,79,4.3387,2.0
8,1,79,2.6920,2.0
8,1,80,4.3172,1.75
8,1,80,1.8789,1.75
8,1,81,4.2624,2.25
8,1,81,2.3133,2.25
8,1,82,3.4064,1.75
8,1,82,3.0152,1.75
8,1,85,4.2979,2.0
8,1,85,2.8107,2.0
8,1,88,4.3363,2.25
8,1,88,2.7641,2.25
8,1,89,4.2840,3.5
8,1,89,4.1281,3.25
8,2,4,3.2011,3.25
8,2,4,3.1054,3.75
8,2,5,3.0594,3.75
8,2,5,3.0701,1.5
8,2,7,3.0463,1.5
8,2,7,2.8745,4.25
8,2,8,3.1994,4.25
8,2,8,2.8087,2.0
8,2,9,2.4258,2.0
8,2,9,3.8342,3.0
8,2,11,3.4530,3.0
8,2,11,3.0742,2.25
8,2,15,3.3522,2.25
8,2,15,2.0871,4.0
8,2,16,3.9313,4.0
8,2,16,3.3056,3.5
8,2,18,2.7959,3.5
8,2,18,3.1245,3.75
8,2,20,3.6532,3.75
8,2,20,3.3668,2.25
8,2,21,2.5333,2.25
8,2,21,3.2102,2.25
8,2,22,2.9443,2.25
8,2,22,2.6818,2.5
8,2,23,3.0253,2.5
8,2,23,4.0892,3.0
8,2,24,3.3703,3.0
8,2,24,2.1066,4.0
8,2,27,3.4525,4.0
8,2,27,1.7946,2.5
8,2,28,2.2108,2.5
8,2,28,2.8462,4.75
8,2,29,3.7850,4.75
8,2,29,3.7463,4.25
8,2,30,3.4524,4.25
8,2,30,3.4945,2.75
8,2,31,2.6952,2.75
8,2,31,2.7453,4.0
8,2,32,3.8838,4.0
8,2,32,2.3133,3.5
8,2,35,2.9709,3.5
8,2,35,2.1208,3.75
8,2,36,3.7590,3.75
8,2,36,2.1483,2.25
8,2,37,2.3347,2.25
8,2,37,2.5288,3.75
8,2,38,3.4698,3.75
8,2,38,1.9954,2.0
8,2,39,2.2397,2.0
8,2,39,2.2204,2.0
8,2,40,2.5850,2.0
8,2,40,2.2638,4.0
8,2,41,3.1271,4.0
8,2,41,1.7292,3.5
8,2,42,2.9499,3.5
8,2,42,2.4408,2.25
8,2,45,3.5762,2.25
8,2,45,3.3203,4.0
8,2,48,2.9445,4.0
8,2,48,3.3353,4.0
8,2,49,3.7090,4.0
8,2,49,1.5844,3.0
8,2,50,2.8955,3.0
8,2,50,2.1533,3.75
8,2,55,4.0008,3.75
8,2,55,1.4596,4.75
8,2,57,3.5146,4.75
8,2,57,2.5123,3.0
8,2,58,3.9897,3.0
8,2,58,1.9136,1.75
8,2,62,4.0233,1.75
8,2,62,1.3693,5.25
8,2,63,3.7232,5.25
8,2,63,1.4311,1.625
8,2,67,3.9026,1.625
8,2,67,1.9095,2.75
8,2,68,4.0984,2.75
8,2,68,1.6073,3.5
8,2,69,4.0853,3.5
8,2,69,1.5987,2.0
8,2,71,3.4740,2.0
8,2,71,1.4527,3.5
8,2,72,2.9330,3.5
8,2,72,1.5204,3.75
8,2,74,3.6076,3.75
8,2,74,1.9832,4.0
9,1,2,1.4234,5.25
9,1,2,2.3172,5.25
9,1,3,1.2933,4.75
9,1,3,3.8294,4.75
9,1,4,3.6248,5.0
9,1,4,3.6749,5.0
9,1,5,1.6984,5.75
9,1,5,4.0397,5.75
9,1,6,0.9443,3.5
9,1,6,4.0670,3.5
9,1,7,-1.5594,4.25
9,1,7,3.6947,4.25
9,1,8,3.5426,4.5
9,1,8,3.2245,4.5
9,1,12,-1.0886,4.75
9,1,12,1.7620,4.75
9,1,16,4.0037,1.5
9,1,16,3.5530,1.5
9,1,17,2.8740,4.25
9,1,17,4.2128,4.25
9,1,18,0.4408,3.5
9,1,18,3.9853,3.5
9,1,19,1.0448,3.25
9,1,19,3.1835,3.25
9,1,20,1.6622,4.0
9,1,20,3.6354,4.0
9,1,21,-0.8571,4.5
9,1,21,3.8635,4.5
9,1,22,0.8868,3.0
9,1,22,3.8109,3.0
9,1,23,1.1244,4.5
9,1,23,3.9155,4.5
9,1,24,1.6333,3.5
9,1,24,2.1210,3.5
9,1,25,2.1841,3.5
9,1,25,3.6781,3.5
9,1,26,1.6072,4.5
9,1,26,2.0141,4.5
9,1,27,3.5882,3.75
9,1,27,2.5996,3.75
9,1,28,1.3912,2.75
9,1,28,2.0232,2.75
9,1,29,1.1954,2.5
9,1,29,2.0363,2.5
9,1,30,0.9862,3.0
9,1,30,3.7005,3.0
9,1,31,0.8365,3.5
9,1,31,2.4754,3.5
9,1,32,1.3231,2.75
9,1,32,2.4543,2.75
9,1,33,1.2831,3.75
9,1,33,3.0058,3.75
9,1,34,1.2460,3.25
9,1,34,3.6181,3.25
9,1,35,1.3233,3.5
9,1,35,2.9559,3.5
9,1,36,2.6265,3.5
9,1,36,4.0513,3.5
9,1,37,2.9142,4.5
9,1,37,3.5078,4.5
9,1,38,1.7406,3.5
9,1,38,2.4567,3.5
9,1,39,1.6253,2.75
9,1,39,3.1970,2.75
9,1,40,1.6513,2.25
9,1,40,1.9223,2.25
9,1,41,1.5558,3.0
9,1,41,1.7049,3.0
9,1,42,3.9588,4.0
9,1,42,2.6589,4.0
9,1,50,-0.1135,3.5
9,1,50,3.0035,3.5
9,1,51,1.3035,3.5
9,1,51,3.0661,3.5
9,1,52,1.7337,2.75
9,1,52,2.1580,2.75
9,1,53,1.2049,3.0
9,1,53,2.4089,3.0
9,1,54,1.1120,2.75
9,1,54,2.4647,2.75
9,1,55,3.0019,3.5
9,1,55,2.0057,3.5
9,1,56,1.6369,3.75
9,1,56,1.7519,3.75
9,1,59,3.5294,2.75
9,1,59,1.4049,2.75
9,1,60,3.6753,4.0
9,1,60,3.6923,4.0
9,1,61,1.8991,3.5
9,1,61,2.0176,3.5
9,1,63,3.9455,3.25
9,1,63,1.4722,3.25
9,1,64,3.8593,4.25
9,1,64,3.4649,4.25
9,1,65,1.8077,2.0
9,1,65,1.8564,2.0
9,1,66,3.6798,4.75
9,1,66,1.8403,4.75
9,1,67,0.1635,4.25
9,1,67,1.6821,4.25
9,1,68,3.7199,3.5
9,1,68,3.5928,3.5
9,1,69,1.0397,5.5
9,1,69,2.4668,5.5
9,1,72,3.0503,3.75
9,1,72,4.0263,3.75
9,1,73,3.2675,3.25
9,1,73,3.5991,3.25
9,1,74,1.4387,3.0
9,1,74,4.2527,3.0
9,1,75,3.0842,2.5
9,1,75,4.4781,2.5
9,1,76,2.3817,4.0
9,1,76,4.2972,4.0
9,1,77,3.3044,3.25
9,1,77,2.3437,3.25
9,1,78,1.2214,3.5
9,1,78,3.9706,3.5
9,1,79,1.5136,4.0
9,1,79,3.6513,4.0
9,1,81,3.7627,2.25
9,1,81,3.5220,2.25
9,1,82,3.9435,4.0
9,1,82,4.3873,4.0
9,1,83,3.5541,4.25
9,1,83,3.7995,4.25
9,1,84,2.1927,3.0
9,1,84,4.1311,3.0
9,1,85,3.1008,4.75
9,1,85,4.0048,4.75
9,1,86,1.7467,4.0
9,1,86,3.8542,4.0
9,1,87,2.0320,3.25
9,1,87,3.7986,3.25
9,1,88,0.7363,3.25
9,1,88,3.4260,3.25
9,1,89,4.0944,2.75
9,1,89,4.0349,2.75
9,1,90,0.8260,2.75
9,1,90,4.0172,2.75
9,1,91,1.6431,3.75
9,1,91,3.7630,3.75
9,1,92,1.7482,4.0
9,1,92,3.8266,4.0
9,1,93,0.6907,3.25
9,1,93,4.4466,3.25
9,1,94,3.9085,3.0
9,1,94,3.5877,3.0
9,1,95,3.5168,4.25
9,1,95,4.1274,4.25
9,1,96,3.6976,4.25
9,1,96,3.7096,4.25
9,1,97,3.8464,3.5
9,1,97,3.8454,3.5
9,1,98,3.9726,2.25
9,1,98,4.3524,2.25
9,1,99,0.8862,3.0
9,1,99,3.7748,3.0
9,1,100,3.7771,4.25
9,1,100,3.9529,4.25
9,1,101,1.9917,2.25
9,1,101,3.0253,2.25
9,1,102,3.3252,3.75
9,1,102,3.9165,3.75
9,1,103,-0.5439,2.25
9,1,103,3.7658,2.25
9,1,104,3.3039,3.0
9,1,104,3.8348,3.0
9,1,105,2.9009,3.75
9,1,105,3.1590,3.75
9,1,106,3.7757,4.0
9,1,106,1.7662,4.0
9,1,107,3.7195,4.25
9,1,107,2.9481,4.25
9,1,110,0.9198,4.25
9,1,110,3.6154,4.25
9,1,111,1.8607,3.0
9,1,111,3.3796,4.0
9,2,2,4.4795,4.0
9,2,2,2.3607,4.5
9,2,3,4.3741,4.5
9,2,3,2.9339,5.25
9,2,4,3.6661,5.25
9,2,4,3.3689,5.5
9,2,5,3.4558,5.5
9,2,5,1.7333,5.75
9,2,6,4.5675,5.75
9,2,6,3.8438,5.25
9,2,7,4.5135,5.25
9,2,7,4.0922,4.5
9,2,8,4.4800,4.5
9,2,8,4.2857,5.75
9,2,9,1.8873,5.75
9,2,9,4.5640,4.75
9,2,10,4.8492,4.75
9,2,10,4.3649,4.5
9,2,11,4.4666,4.5
9,2,11,4.4793,5.5
9,2,12,4.3876,5.5
9,2,12,3.6690,3.75
9,2,13,4.6577,3.75
9,2,13,4.1790,2.75
9,2,16,4.5953,2.75
9,2,16,4.2662,4.0
9,2,17,4.5278,4.0
9,2,17,2.6137,4.25
9,2,18,4.7285,4.25
9,2,18,3.1346,3.0
9,2,20,4.1822,3.0
9,2,20,3.8787,3.75
9,2,21,4.0889,3.75
9,2,21,3.8136,3.0
9,2,22,4.3731,3.0
9,2,22,3.7932,2.75
9,2,23,4.4244,2.75
9,2,23,3.7878,1.75
9,2,24,4.4728,1.75
9,2,24,3.9979,5.75
9,2,25,4.0861,5.75
9,2,25,3.6823,3.25
9,2,27,4.5744,3.25
9,2,27,3.2750,2.75
9,2,30,4.3877,2.75
9,2,30,3.2837,2.75
9,2,31,4.3600,2.75
9,2,31,3.9267,2.25
9,2,32,1.7993,2.25
9,2,32,3.8412,2.5
9,2,34,3.9398,2.5
9,2,34,3.9305,4.75
9,2,36,4.4472,4.75
9,2,36,2.9525,3.75
9,2,37,4.2529,3.75
9,2,37,2.3117,2.0
9,2,38,4.1562,2.0
9,2,38,3.7196,3.25
9,2,42,4.5989,3.25
9,2,42,3.6553,3.0
9,2,45,4.5310,3.0
9,2,45,3.8044,4.75
9,2,46,4.5908,4.75
9,2,46,1.7348,4.0
9,2,50,4.7459,4.0
9,2,50,4.6343,3.75
9,2,53,3.7044,3.75
9,2,53,3.5005,4.0
9,2,62,1.5050,4.0
9,2,62,4.1938,5.0
9,2,63,4.2203,5.0
9,2,63,2.1349,4.5
9,2,64,4.3598,4.5
9,2,64,1.9446,5.5
9,2,66,4.0920,5.5
9,2,66,3.6430,4.25
9,2,67,4.6021,4.25
9,2,67,3.7578,3.25
9,2,68,2.1951,3.25
9,2,68,4.2621,3.25
9,2,69,4.0773,3.25
9,2,69,1.4945,4.75
9,2,70,4.0889,4.75
9,2,70,3.5837,5.25
9,2,71,4.1828,5.25
9,2,71,2.0759,5.25
9,2,74,4.1743,5.25
9,2,74,4.3744,3.75
9,2,75,4.0242,3.75
9,2,75,4.2608,4.25
9,2,77,4.1639,4.25
9,2,77,4.4579,5.5
9,2,78,4.7681,5.5
9,2,78,3.5697,5.25
9,2,79,4.5462,5.25
9,2,79,4.2120,4.75
9,2,81,4.5012,4.75
9,2,81,4.1710,3.75
9,2,84,4.2070,3.75
9,2,84,2.8169,4.75
9,2,85,4.2340,4.75
9,2,85,2.0497,4.0
9,2,86,1.0416,4.0
9,2,86,3.8872,3.25
9,2,87,4.1140,3.25
9,2,87,4.3487,4.5
9,2,88,4.1235,4.5
9,2,88,4.0207,2.75
9,2,89,1.0120,2.75
9,2,89,3.9144,3.25
9,2,90,4.3227,3.25
9,2,90,3.5580,4.25
9,2,91,4.3858,4.25
9,2,91,4.1233,4.25
9,2,92,1.9693,4.25
9,2,92,3.6035,5.0
9,2,95,4.4318,5.0
9,2,95,1.7905,3.0
9,2,96,3.9364,3.0
9,2,96,2.9326,4.5
9,2,98,4.5161,4.5
9,2,98,4.5383,5.75
9,2,100,4.4173,5.75
9,2,100,3.0824,3.0
9,2,103,4.3825,3.0
9,2,103,3.8144,3.25
9,2,104,4.5312,3.25
9,2,104,4.1631,4.5
9,2,105,4.6792,4.5
9,2,105,4.0600,3.75
9,2,107,3.9614,3.75
9,2,107,4.0646,4.25
9,2,108,4.6655,4.25
9,2,108,3.6096,2.25
9,2,109,3.8046,2.25
9,2,109,3.8239,4.5
10,1,4,3.6367,5.5
10,1,4,5.2009,5.5
10,1,5,3.1208,5.0
10,1,5,5.1653,5.0
10,1,6,3.4530,5.0
10,1,6,5.3650,5.0
10,1,7,2.4852,5.5
10,1,7,5.3083,5.5
10,1,8,3.8233,6.25
10,1,8,5.4013,6.25
10,1,9,2.6868,5.5
10,1,9,5.1910,5.5
10,1,10,3.6626,5.0
10,1,10,5.4369,5.0
10,1,11,3.5019,4.0
10,1,11,4.6017,4.0
10,1,12,3.9703,4.5
10,1,12,4.7064,4.5
10,1,13,3.8398,4.25
10,1,13,4.8751,4.25
10,1,14,3.2516,3.75
10,1,14,5.2354,3.75
10,1,20,3.3170,5.0
10,1,20,5.0713,5.0
10,1,21,3.0411,5.25
10,1,21,4.4869,5.25
10,1,22,1.7337,4.5
10,1,22,4.9085,4.5
10,1,24,3.6456,4.75
10,1,24,4.1809,4.75
10,1,25,3.2346,4.5
10,1,25,4.2979,4.5
10,1,26,1.8384,2.375
10,1,26,4.4268,2.375
10,1,27,2.0608,4.25
10,1,27,3.6993,4.25
10,1,28,2.7294,4.75
10,1,28,4.5445,4.75
10,1,29,1.5899,4.5
10,1,29,5.0678,4.5
10,1,30,2.6686,5.5
10,1,30,4.1931,5.5
10,1,31,3.0749,4.75
10,1,31,4.5856,4.75
10,1,32,0.3427,3.75
10,1,32,4.2887,3.75
10,1,33,2.0522,4.5
10,1,33,4.4699,4.5
10,1,36,1.5927,4.75
10,1,36,4.7482,4.75
10,1,39,1.9868,4.0
10,1,39,3.6213,4.0
10,1,42,2.9286,5.25
10,1,42,4.1822,5.25
10,1,43,2.0200,4.5
10,1,43,4.7838,4.5
10,1,44,2.8618,4.5
10,1,44,4.0947,4.5
10,1,45,1.0508,2.875
10,1,45,4.0872,2.875
10,1,46,4.4128,5.0
10,1,46,4.8533,5.0
10,1,47,4.0317,5.25
10,1,47,4.4468,5.25
10,1,48,3.1813,5.0
10,1,48,4.5752,5.0
10,1,49,1.5638,4.0
10,1,49,4.2042,4.0
10,1,50,3.2348,5.25
10,1,50,3.5827,5.25
10,1,51,1.2622,5.5
10,1,51,4.4641,5.5
10,1,52,3.1489,5.0
10,1,52,4.0630,5.0
10,1,53,2.1552,5.25
10,1,53,4.5256,5.25
10,1,55,2.1259,5.25
10,1,55,4.8426,5.25
10,1,56,2.1952,4.5
10,1,56,4.2709,4.5
10,1,57,1.1920,1.5
10,1,57,4.9312,1.5
10,1,61,4.7112,4.0
10,1,61,5.5745,4.0
10,1,62,3.4799,3.75
10,1,62,5.5474,3.75
10,1,63,4.3852,4.25
10,1,63,5.0290,4.25
10,1,64,4.4454,5.0
10,1,64,5.0871,5.0
10,1,65,4.7587,5.75
10,1,65,5.0099,5.75
10,1,66,4.1248,6.0
10,1,66,5.2732,6.0
10,1,67,4.4068,5.25
10,1,67,5.4744,5.25
10,1,68,3.8480,3.75
10,1,68,5.3467,3.75
10,1,69,5.0001,4.5
10,1,69,5.4285,4.5
10,1,72,3.9019,3.0
10,1,72,4.7643,3.0
10,1,73,2.7944,4.25
10,1,73,4.1284,4.25
10,1,74,2.9477,4.75
10,1,74,3.8534,4.75
10,1,75,3.3202,4.5
10,1,75,4.4407,4.5
10,1,76,1.3575,4.75
10,1,76,4.1793,4.75
10,1,77,3.4445,4.5
10,1,77,4.2223,4.5
10,1,78,4.1233,5.5
10,1,78,4.5295,5.5
10,1,79,3.2609,4.5
10,1,79,4.6466,4.5
10,1,80,2.2221,5.0
10,1,80,4.5336,5.0
10,1,81,1.5338,4.25
10,1,81,4.3277,4.25
10,1,82,1.1713,4.5
10,1,82,4.3699,4.5
10,1,83,0.9639,3.0
10,1,83,4.5128,3.0
10,1,84,1.3507,2.75
10,1,84,4.5459,2.75
10,1,85,1.3575,4.75
10,1,85,4.2917,4.75
10,1,86,0.6225,4.0
10,1,86,4.7683,4.0
10,1,87,3.4417,4.75
10,1,87,4.6941,4.75
10,1,88,3.3162,5.5
10,1,88,4.9102,5.5
10,1,89,1.2825,5.25
10,1,89,5.1123,5.25
10,1,90,1.0190,3.75
10,1,90,4.2412,3.75
10,1,91,0.9355,4.5
10,1,91,4.6461,4.5
10,1,92,3.5140,5.0
10,1,92,4.2127,5.0
10,1,93,2.7172,4.0
10,1,93,4.2836,4.0
10,1,94,-0.0292,5.0
10,1,94,4.2890,5.0
10,1,95,3.3331,4.75
10,1,95,4.0956,4.75
10,1,96,1.2607,4.5
10,1,96,4.8068,4.5
10,1,97,2.0939,3.75
10,1,97,3.7322,3.75
10,1,98,2.1560,4.5
10,1,98,2.8344,4.5
10,1,99,2.0296,5.25
10,1,99,4.4689,5.25
10,1,100,3.0954,4.0
10,1,100,2.6597,4.0
10,1,101,3.1140,5.5
10,1,101,4.4150,5.5
10,1,102,2.9445,5.0
10,1,102,3.5654,5.0
10,1,103,3.7262,3.75
10,1,103,3.7853,3.75
10,1,104,3.3507,4.5
10,1,104,4.1459,4.5
10,1,105,1.4905,4.0
10,1,105,3.5125,4.0
10,1,106,1.4651,2.0
10,1,106,2.1527,2.0
10,1,107,1.0672,5.0
10,1,107,4.1527,5.0
10,1,108,4.0918,5.0
10,1,108,1.0267,3.75
10,2,3,5.3283,3.75
10,2,3,1.1818,6.25
10,2,4,5.6458,6.25
10,2,4,4.1840,5.5
10,2,5,5.5484,5.5
10,2,5,4.0772,5.25
10,2,6,5.2966,5.25
10,2,6,3.8846,5.25
10,2,7,5.5435,5.25
10,2,7,3.8927,5.75
10,2,8,5.3370,5.75
10,2,8,4.0284,3.25
10,2,9,4.3497,3.25
10,2,9,3.3163,5.25
10,2,10,4.8956,5.25
10,2,10,2.2749,4.5
10,2,11,5.0947,4.5
10,2,11,2.1047,4.25
10,2,12,5.1825,4.25
10,2,12,1.0068,5.25
10,2,13,4.9709,5.25
10,2,13,1.0224,5.25
10,2,14,5.3858,5.25
10,2,14,3.5856,5.75
10,2,15,5.2841,5.75
10,2,15,-0.0064,4.5
10,2,19,4.9068,4.5
10,2,19,2.4412,2.75
10,2,20,4.6466,2.75
10,2,20,3.0762,5.5
10,2,21,4.3488,5.5
10,2,21,2.2529,5.5
10,2,22,4.5863,5.5
10,2,22,1.0006,5.0
10,2,23,4.1243,5.0
10,2,23,1.8837,3.5
10,2,26,4.7281,3.5
10,2,26,1.3195,4.5
10,2,28,4.1440,4.5
10,2,28,1.2482,5.0
10,2,29,3.3110,5.0
10,2,29,3.2658,5.75
10,2,30,4.1377,5.75
10,2,30,1.5122,4.75
10,2,33,4.4423,4.75
10,2,33,1.1364,3.75
10,2,36,4.0494,3.75
10,2,36,-0.3131,5.0
10,2,37,4.4925,5.0
10,2,37,1.2694,4.75
10,2,38,4.3170,4.75
10,2,38,3.3646,5.25
10,2,39,4.1682,5.25
10,2,39,1.4203,5.25
10,2,41,4.5878,5.25
10,2,41,1.2391,5.5
10,2,42,4.4387,5.5
10,2,42,1.6577,5.75
10,2,43,4.1581,5.75
10,2,43,2.5607,5.25
10,2,47,4.1724,5.25
10,2,47,4.5551,5.5
10,2,51,4.9830,5.5
10,2,51,4.8774,5.5
10,2,52,4.8184,5.5
10,2,52,4.5573,6.75
10,2,53,5.1884,6.75
10,2,53,4.7116,5.5
10,2,54,4.5160,5.5
10,2,54,1.6230,3.75
10,2,55,5.0112,3.75
10,2,55,3.9034,5.25
10,2,56,3.9165,5.25
10,2,56,4.0778,5.5
10,2,58,5.1896,5.5
10,2,58,3.2867,5.0
10,2,65,4.0457,5.0
10,2,65,1.2724,3.0
10,2,66,3.0167,3.0
10,2,66,3.1545,4.33333
10,2,67,3.8680,4.33333
10,2,67,3.5732,4.75
10,2,68,4.0805,4.75
10,2,68,4.1711,5.25
10,2,69,4.8098,5.25
10,2,69,1.2042,4.66667
10,2,70,3.7964,4.66667
10,2,70,1.2186,4.0
10,2,71,4.3143,4.0
10,2,71,1.2493,6.25
10,2,72,5.2282,6.25
10,2,72,1.8727,5.5
10,2,73,4.1837,5.5
10,2,73,3.6149,4.75
10,2,74,3.7716,4.75
10,2,74,2.8333,4.5
10,2,75,3.9907,4.5
10,2,75,2.7001,4.5
10,2,76,3.6160,4.5
10,2,76,1.4940,3.5
10,2,77,4.0424,3.5
10,2,77,3.3824,5.25
10,2,78,3.7898,5.25
10,2,78,3.7896,5.5
10,2,79,4.7714,5.5
10,2,79,0.8833,4.5
10,2,80,3.8073,4.5
10,2,80,1.6489,5.25
10,2,81,4.9600,5.25
10,2,81,3.6010,5.25
10,2,82,4.6198,5.25
10,2,82,2.1296,4.25
10,2,83,4.6184,4.25
10,2,83,1.5836,4.0
10,2,84,4.2984,4.0
10,2,84,1.5804,5.25
10,2,85,4.4704,5.25
10,2,85,2.4993,4.5
10,2,86,3.5170,4.5
10,2,86,2.2192,5.5
10,2,87,4.4874,5.5
10,2,87,1.8179,5.5
10,2,88,4.9157,5.5
10,2,88,1.4184,4.0
10,2,89,4.4484,4.0
10,2,89,2.4827,4.25
10,2,90,4.5187,4.25
10,2,90,2.0692,4.25
10,2,91,3.8583,4.25
10,2,91,3.9551,5.75
11,1,4,4.7364,5.75
11,1,4,3.8129,5.75
11,1,5,4.5034,4.5
11,1,5,3.6196,4.5
11,1,6,4.4574,5.0
11,1,6,3.5572,5.0
11,1,7,4.5630,4.25
11,1,7,3.2232,4.25
11,1,8,4.2804,4.25
11,1,8,3.6016,4.25
11,1,9,4.4764,4.0
11,1,9,3.4032,4.0
11,1,10,4.8095,4.66667
11,1,10,4.0748,4.66667
11,1,11,4.5673,4.5
11,1,11,3.8060,4.5
11,1,12,4.4977,5.5
11,1,12,3.5866,5.5
11,1,13,4.9637,5.25
11,1,13,3.3952,5.25
11,1,14,4.6514,4.25
11,1,14,3.8513,4.25
11,1,15,4.5667,3.5
11,1,15,3.6655,3.5
11,1,19,4.3611,6.25
11,1,19,3.7778,6.25
11,1,20,4.2210,5.5
11,1,20,3.6084,5.5
11,1,21,4.2418,4.25
11,1,21,3.6790,4.25
11,1,22,4.0223,6.25
11,1,22,3.6098,6.25
11,1,23,4.2138,5.75
11,1,23,3.7806,5.75
11,1,24,3.8953,3.25
11,1,24,3.6981,3.25
11,1,25,4.3153,5.0
11,1,25,3.9298,5.0
11,1,26,4.0984,4.0
11,1,26,3.9664,4.0
11,1,27,4.1156,4.5
11,1,27,3.6757,4.5
11,1,28,3.7843,4.5
11,1,28,3.6092,4.5
11,1,29,3.8528,5.5
11,1,29,3.7919,5.5
11,1,30,4.0078,4.25
11,1,30,3.8510,4.25
11,1,31,3.8734,5.5
11,1,31,3.8433,5.5
11,1,32,3.9536,4.25
11,1,32,3.4031,4.25
11,1,33,4.3114,5.0
11,1,33,3.9860,5.0
11,1,34,4.2546,4.5
11,1,34,3.5967,4.5
11,1,35,4.0846,4.5
11,1,35,3.3410,4.5
11,1,36,3.8138,5.0
11,1,36,3.3193,5.0
11,1,37,4.2285,3.75
11,1,37,3.7582,3.75
11,1,38,4.0929,4.5
11,1,38,3.8382,4.5
11,1,39,4.2956,5.0
11,1,39,3.6097,5.0
11,1,48,3.1869,2.25
11,1,48,-0.7688,2.25
11,1,50,4.4053,3.0
11,1,50,2.2362,3.0
11,1,51,4.4643,4.75
11,1,51,2.5587,4.75
11,1,57,1.2110,2.5
11,1,57,2.2245,2.5
11,1,62,3.7986,5.0
11,1,62,3.5634,5.0
11,1,63,4.2205,6.25
11,1,63,2.6405,6.25
11,1,64,4.1548,5.0
11,1,64,2.3386,5.0
11,1,66,4.1735,3.25
11,1,66,2.4057,3.25
11,1,68,4.3742,4.25
11,1,68,2.5920,4.25
11,1,69,4.1941,4.0
11,1,69,0.1262,4.0
11,1,70,4.1790,5.0
11,1,70,3.1140,5.0
11,1,73,4.3803,5.25
11,1,73,3.3561,5.25
11,1,75,4.3161,3.5
11,1,75,2.4004,3.5
11,1,76,4.2934,4.0
11,1,76,2.1684,4.0
11,1,77,4.3661,6.0
11,1,77,2.9648,6.0
11,1,78,3.6634,5.0
11,1,78,2.7371,5.0
11,1,79,4.2666,4.5
11,1,79,2.7786,4.5
11,1,80,4.0719,6.0
11,1,80,2.9854,6.0
11,1,81,4.2238,4.5
11,1,81,3.6338,4.5
11,1,82,4.1319,4.5
11,1,82,3.3042,4.5
11,1,83,4.1053,3.5
11,1,83,3.2544,3.5
11,1,84,4.0242,3.5
11,1,84,3.1174,3.5
11,1,87,4.2843,2.75
11,1,87,3.4160,2.75
11,1,88,3.6427,3.75
11,1,88,3.4094,3.75
11,1,90,3.9739,4.25
11,1,90,3.2393,4.25
11,1,91,3.9979,5.5
11,1,91,3.0553,5.5
11,1,93,4.0856,4.25
11,1,93,2.9244,4.25
11,1,94,3.9845,5.75
11,1,94,2.8524,5.75
11,1,95,4.0902,4.25
11,1,95,2.9074,4.25
11,1,96,4.3996,4.75
11,1,96,3.1209,4.75
11,1,97,4.1633,3.75
11,1,97,2.7540,3.75
11,1,98,4.2254,4.5
11,1,98,3.1523,4.5
11,1,99,4.1175,6.25
11,1,99,4.3260,5.0
11,2,3,3.8150,5.0
11,2,3,4.0424,4.0
11,2,4,4.3121,4.0
11,2,4,4.2576,2.25
11,2,5,3.8116,2.25
11,2,5,4.3701,5.5
11,2,6,3.8300,5.5
11,2,6,3.7121,0.75
11,2,7,4.0590,0.75
11,2,7,3.1285,5.0
11,2,8,3.8937,5.0
11,2,8,3.9273,3.5
11,2,9,3.8872,3.5
11,2,9,4.2212,4.75
11,2,10,3.8802,4.75
11,2,10,3.5659,2.25
11,2,12,4.0075,2.25
11,2,12,3.7557,3.75
11,2,17,4.0233,3.75
11,2,17,3.3252,4.0
11,2,18,3.3708,4.0
11,2,18,3.8224,5.25
11,2,19,4.2511,5.25
11,2,19,3.8991,4.75
11,2,20,4.0103,4.75
11,2,20,3.5979,6.25
11,2,21,4.1408,6.25
11,2,21,4.1144,3.75
11,2,22,4.1122,3.75
11,2,22,3.9849,5.75
11,2,23,4.1002,5.75
11,2,23,3.6595,5.0
11,2,24,4.1177,5.0
11,2,24,4.1076,5.0
11,2,25,3.8834,5.0
11,2,25,3.7963,3.5
11,2,26,3.8978,3.5
11,2,26,3.4486,5.5
11,2,27,4.5470,5.5
11,2,27,3.4729,4.5
11,2,28,4.0933,4.5
11,2,28,3.0684,4.75
11,2,29,4.1566,4.75
11,2,29,3.4835,4.0
11,2,30,4.1874,4.0
11,2,30,3.7415,5.0
11,2,31,4.3155,5.0
11,2,31,3.8622,5.25
11,2,32,4.4736,5.25
11,2,32,3.0372,4.25
11,2,33,4.4232,4.25
11,2,33,4.3757,6.5
11,2,34,4.2924,6.5
11,2,34,4.0799,3.75
11,2,35,4.4485,3.75
11,2,35,4.0170,4.25
11,2,36,4.4061,4.25
11,2,36,2.9840,5.0
11,2,37,4.2590,5.0
11,2,37,4.2202,4.25
11,2,38,4.0643,4.25
11,2,38,3.5874,4.5
11,2,39,4.2197,4.5
11,2,39,4.0104,4.25
11,2,40,4.3432,4.25
11,2,40,4.0795,4.75
11,2,41,3.9186,4.75
11,2,41,3.5530,4.75
11,2,42,3.9088,4.75
11,2,42,4.1641,5.25
11,2,43,4.1518,5.25
11,2,43,4.0796,5.5
11,2,44,4.1383,5.5
11,2,44,3.9111,4.25
11,2,45,4.1724,4.25
11,2,45,4.1609,4.25
11,2,46,4.1378,4.25
11,2,46,4.2249,4.0
11,2,47,4.0753,4.0
11,2,47,4.1123,6.5
11,2,48,2.2839,6.5
11,2,48,4.1992,2.75
11,2,49,3.8060,2.75
11,2,49,4.1570,4.25
11,2,50,4.0123,4.25
11,2,50,3.8770,4.5
11,2,51,4.2526,4.5
11,2,51,4.2762,5.0
11,2,52,4.2548,5.0
11,2,52,4.1592,4.5
11,2,53,4.5703,4.5
11,2,53,4.1064,3.75
11,2,54,4.5028,3.75
11,2,54,3.7872,4.5
11,2,55,4.5592,4.5
11,2,55,3.6642,4.75
11,2,56,4.3378,4.75
11,2,56,4.4549,2.5
11,2,60,4.1807,2.5
11,2,60,4.1667,3.25
11,2,61,4.5611,3.25
11,2,61,3.6460,1.75
11,2,62,4.5501,1.75
11,2,62,3.7579,2.75
11,2,63,4.0450,2.75
11,2,63,3.9407,4.25
11,2,64,4.8151,4.25
11,2,64,3.9561,2.5
11,2,65,4.8746,2.5
11,2,65,3.6982,1.75
11,2,66,4.8603,1.75
11,2,66,3.1724,4.75
11,2,67,4.7435,4.75
11,2,67,3.8248,4.0
11,2,68,4.8391,4.0
11,2,68,3.8356,3.25
11,2,69,4.7629,3.25
11,2,69,4.3289,4.25
11,2,72,4.1851,4.25
11,2,72,4.1812,4.25
11,2,73,4.0879,4.25
11,2,73,4.2390,4.25
11,2,74,3.7995,4.25
11,2,74,4.1429,2.5
11,2,75,3.7493,2.5
11,2,75,4.3484,5.5
11,2,76,3.8052,5.5
11,2,76,4.2934,4.5
11,2,77,2.3185,4.5
11,2,77,4.2525,5.5
11,2,78,3.4848,5.5
11,2,78,4.0239,4.25
11,2,79,3.7129,4.25
11,2,79,4.0189,3.75
11,2,80,2.7089,3.75
11,2,80,4.0499,3.0
11,2,81,3.1984,3.0
11,2,81,4.0623,4.75
11,2,82,3.0532,4.75
11,2,82,3.9624,4.0
11,2,83,3.9661,4.0
11,2,83,4.3328,4.75
11,2,84,3.1950,4.75
11,2,84,3.8447,5.0
11,2,85,3.6684,5.0
11,2,85,4.1006,5.75
11,2,86,4.2251,5.75
11,2,86,4.0355,4.25
11,2,87,3.6107,4.25
11,2,87,4.0264,5.0
11,2,88,3.7084,5.0
11,2,88,3.5843,4.75
11,2,89,3.8159,4.75
11,2,89,3.8044,3.25
11,2,90,3.8325,3.25
11,2,90,3.8796,4.5
11,2,91,3.5369,4.5
11,2,91,3.5236,5.5
11,2,92,0.4760,5.5
11,2,92,4.1133,5.0
11,2,93,3.7587,5.0
11,2,93,4.1626,4.25
11,2,94,4.1166,4.25
11,2,94,3.6751,4.0
11,2,95,3.8746,4.0
11,2,95,4.2303,5.0
11,2,96,3.5408,5.0
11,2,96,4.2469,3.75
11,2,97,2.9236,3.75
11,2,97,4.2562,5.0
11,2,98,3.6587,5.0
11,2,98,3.9022,5.5
11,2,99,4.0705,5.5
11,2,99,2.9930,4.5
11,2,100,3.5189,4.5
11,2,100,3.3826,4.75
11,2,101,3.7472,4.75
11,2,101,4.2402,3.75
11,2,102,3.5943,3.75
11,2,102,4.1625,5.25
11,2,103,2.4260,5.25
11,2,103,3.7066,6.0
11,2,104,3.6372,6.0
11,2,104,4.0252,4.5
11,2,105,3.5196,4.5
11,2,105,3.5239,3.0
11,2,106,3.2623,3.0
11,2,106,4.3606,4.75
11,2,109,3.5202,4.75
11,2,109,4.3174,4.75
11,2,110,3.1260,4.75
11,2,110,4.1168,4.5
12,1,2,5.0579,6.5
12,1,2,4.5362,6.5
12,1,3,5.3215,6.0
12,1,3,3.7378,6.0
12,1,5,4.9773,6.0
12,1,5,2.2019,6.0
12,1,6,5.5953,5.0
12,1,6,2.4720,5.0
12,1,7,5.2148,6.25
12,1,7,3.0993,6.25
12,1,8,5.3616,5.25
12,1,8,3.8944,5.25
12,1,9,5.0773,4.75
12,1,9,2.6019,4.75
12,1,10,5.0536,5.25
12,1,10,3.4958,5.25
12,1,11,5.1755,5.0
12,1,11,2.9644,5.0
12,1,12,4.2739,5.75
12,1,12,2.4670,5.75
12,1,69,4.6090,3.75
12,1,69,5.1493,4.0
12,2,4,4.3838,4.0
12,2,4,5.2556,5.25
12,2,5,3.9067,5.25
12,2,5,5.1514,5.0
12,2,11,2.4087,5.0
12,2,11,4.9439,5.25
16,2,5,3.7937,4.0
16,2,5,4.0723,4.0
16,2,6,3.9008,4.5
16,2,6,4.6392,4.5
16,2,7,3.2964,5.0
16,2,7,4.1229,5.0
16,2,8,3.3224,3.25
16,2,8,3.8921,3.25
16,2,9,3.5798,3.5
16,2,9,4.6121,3.5
16,2,10,4.1891,5.5
16,2,10,4.2386,5.5
16,2,11,2.2611,4.5
16,2,11,4.2549,4.5
16,2,12,2.2529,5.5
16,2,12,3.4988,5.5
16,2,13,3.1317,4.5
16,2,13,3.8616,4.5
16,2,14,2.9741,4.0
16,2,14,3.6799,4.0
16,2,15,3.7821,4.25
16,2,15,3.9082,4.25
16,2,21,3.2399,3.75
16,2,21,4.5201,3.75
16,2,22,4.0138,1.75
16,2,22,5.0436,1.75
16,2,23,2.7392,2.5
16,2,23,4.5985,2.5
16,2,24,2.5379,3.5
16,2,24,4.1162,3.5
16,2,25,2.4921,3.0
16,2,25,3.7680,3.0
16,2,26,2.2029,3.25
16,2,26,3.8414,3.25
16,2,27,2.8503,4.25
16,2,27,3.7871,4.25
16,2,28,2.9104,3.25
16,2,28,3.2602,3.25
16,2,29,2.9469,2.0
16,2,29,3.7526,2.0
16,2,30,3.6902,3.0
16,2,30,3.6943,3.0
16,2,31,2.5433,2.0
16,2,31,4.2709,2.0
16,2,32,2.1074,2.75
16,2,32,4.4224,2.75
16,2,33,2.8064,1.5
16,2,33,4.0179,1.5
16,2,34,2.4321,2.25
16,2,34,4.1460,2.25
16,2,35,2.2645,2.5
16,2,35,2.8820,2.5
16,2,36,2.9744,3.75
16,2,36,3.6725,3.75
16,2,37,2.1795,4.5
16,2,37,4.6272,4.5
16,2,38,3.5504,4.0
16,2,38,4.2508,4.0
16,2,39,3.8446,2.25
16,2,39,4.1291,2.25
16,2,40,2.3616,2.0
16,2,40,3.1657,2.0
16,2,41,3.4851,1.75
16,2,41,3.9963,1.75
16,2,42,3.0451,2.5
16,2,42,3.2060,2.5
16,2,43,2.8299,2.25
16,2,43,4.4666,2.25
16,2,44,2.3530,2.75
16,2,44,4.0298,2.75
16,2,45,2.0070,3.0
16,2,45,4.0053,3.0
16,2,46,2.8421,2.5
16,2,46,4.2505,2.5
16,2,47,2.9956,1.75
16,2,47,3.9035,1.75
16,2,48,1.9420,3.25
16,2,48,2.6302,3.25
16,2,49,2.2891,2.75
16,2,49,2.5867,2.75
16,2,50,2.1261,2.25
16,2,50,4.3764,2.25
16,2,51,2.2918,3.5
16,2,51,4.5867,3.5
16,2,52,2.2573,2.25
16,2,52,4.4020,2.25
16,2,53,3.3738,4.0
16,2,53,4.6183,4.0
16,2,54,2.4913,1.25
16,2,54,3.0218,1.25
16,2,55,3.7969,4.0
16,2,55,3.7028,4.0
16,2,56,3.9686,4.75
16,2,56,4.4393,4.75
16,2,57,3.2594,3.0
16,2,57,4.4599,3.0
16,2,58,3.7368,2.25
16,2,58,4.2354,2.25
16,2,60,3.3875,3.0
16,2,60,3.3023,3.0
16,2,61,4.0523,2.5
16,2,61,4.0971,2.5
16,2,65,3.9098,5.0
16,2,65,4.2120,5.0
16,2,66,4.1583,5.75
16,2,66,4.4023,5.75
16,2,67,4.0427,3.5
16,2,67,3.8426,3.5
16,2,68,2.7596,1.25
16,2,68,3.8276,1.25
16,2,69,2.7759,1.75
16,2,69,3.8231,1.75
16,2,70,2.9002,1.75
16,2,70,3.8896,1.75
16,2,71,4.2561,4.0
16,2,71,4.1819,4.0
16,2,72,3.8699,2.25
16,2,72,3.8584,2.25
16,2,73,3.6811,4.0
16,2,73,3.8017,4.0
16,2,76,3.1378,3.0
16,2,76,4.2868,3.0
16,2,77,2.9416,5.5
16,2,77,3.9991,5.5
16,2,78,3.4334,4.25
16,2,78,4.6721,4.25
16,2,79,4.2870,5.0
16,2,79,4.4586,5.0
16,2,80,3.2218,4.0
16,2,80,4.7702,4.0
16,2,81,2.6185,2.5
16,2,81,3.9668,2.5
16,2,82,2.4121,2.25
16,2,82,4.5386,2.25
16,2,83,2.6680,4.5
16,2,83,4.8637,4.5
16,2,84,2.4600,3.75
16,2,84,4.6726,3.75
16,2,85,2.6727,3.5
16,2,85,4.4987,3.5
16,2,86,3.1920,4.5
16,2,86,4.5193,4.5
16,2,87,2.6070,3.5
16,2,87,4.6621,3.5
16,2,88,2.6175,3.75
16,2,88,4.8694,3.75
16,2,89,2.5059,1.75
16,2,89,4.9746,1.75
16,2,90,2.7691,1.75
16,2,90,3.0201,1.75
16,2,91,2.7842,3.25
16,2,91,4.2983,3.25
16,2,92,3.4252,2.5
16,2,92,4.5869,2.5
16,2,93,4.2910,4.0
16,2,93,4.3383,4.0
16,2,94,3.2713,4.0
16,2,94,4.8187,4.0
16,2,95,3.6185,3.5
16,2,95,4.1095,3.5
16,2,96,3.3560,3.5
16,2,96,4.6028,3.5
16,2,97,2.4946,2.75
16,2,97,5.2687,2.75
16,2,98,2.2583,4.5
16,2,98,4.1112,4.5
16,2,99,1.3405,3.25
16,2,99,4.3042,3.25
16,2,100,2.7823,3.25
16,2,100,4.0023,3.25
16,2,101,3.7141,5.0
16,2,101,4.1649,5.0
16,2,102,3.1211,1.75
16,2,102,4.2651,1.75
16,2,103,2.3063,3.25
16,2,103,3.8872,3.25
16,2,104,2.4951,1.75
16,2,104,3.9620,1.75
16,2,105,3.5114,3.75
16,2,105,4.0475,3.75
16,2,106,3.3424,2.75
16,2,106,4.3848,2.75
16,2,107,3.1716,3.25
16,2,107,4.7009,3.25
16,2,108,3.0003,2.75
16,2,108,4.6331,2.75
16,2,109,3.9024,4.5
16,2,109,4.6115,4.5
16,2,110,3.4268,2.25
16,2,110,3.4700,2.25
16,2,111,3.9434,3.5
16,2,111,4.4216,3.5
16,2,112,2.3675,1.5
16,2,112,5.1325,1.5
16,2,113,2.6022,2.5
16,2,113,5.0693,2.5
16,2,114,3.8345,3.5
16,2,114,3.9581,3.5
16,2,115,3.7589,2.75
16,2,115,4.1715,2.75
16,2,116,3.2702,4.0
17,1,4,4.6012,2.75
17,1,4,2.1116,2.75
17,1,5,4.3698,2.75
17,1,5,1.7293,2.75
17,1,6,4.3254,2.75
17,1,6,1.8141,2.75
17,1,7,4.6975,2.75
17,1,7,1.6992,2.75
17,1,8,4.2603,2.75
17,1,8,1.9375,2.75
17,1,9,4.5481,1.5
17,1,9,1.9934,1.5
17,1,10,4.1635,1.5
17,1,10,2.1132,1.5
17,1,12,3.7126,2.25
17,1,12,2.9917,2.25
17,1,17,4.7885,3.0
17,1,17,1.4806,3.0
17,1,18,4.8336,2.75
17,1,18,1.5359,2.75
17,1,19,4.6017,4.0
17,1,19,1.4704,4.0
17,1,20,4.7158,3.5
17,1,20,1.4976,3.5
17,1,21,4.6620,2.5
17,1,21,1.2826,2.5
17,1,22,4.7415,3.0
17,1,22,1.5063,3.0
17,1,23,4.7678,2.5
17,1,23,1.3744,2.5
17,1,24,4.7083,3.25
17,1,24,1.6931,3.25
17,1,25,4.9188,3.75
17,1,25,1.5321,3.75
17,1,26,4.9982,3.0
17,1,26,1.2043,3.0
17,1,27,4.8205,4.5
17,1,27,1.4719,4.5
17,1,29,4.7929,4.0
17,1,29,1.4477,4.0
17,1,30,4.9763,5.25
17,1,30,1.4212,5.25
17,1,31,4.7964,4.0
17,1,31,1.5679,4.0
17,1,32,4.6222,4.5
17,1,32,1.8408,4.5
17,1,33,4.6909,3.75
17,1,33,1.3017,3.75
17,1,34,4.4710,3.25
17,1,34,1.4956,3.25
17,1,35,4.5381,2.5
17,1,35,1.4561,2.5
17,1,36,4.5140,2.75
17,1,36,1.5640,2.75
17,1,37,4.7934,2.5
17,1,37,1.5938,2.5
17,1,38,4.7937,2.25
17,1,38,1.2926,2.25
17,1,39,4.3987,4.5
17,1,39,1.4939,4.5
17,1,40,4.6312,3.0
17,1,40,1.3514,3.0
17,1,41,4.4444,3.25
17,1,41,1.6803,3.25
17,1,42,4.4715,3.75
17,1,42,1.5965,3.75
17,1,43,4.6269,4.25
17,1,43,1.3014,4.25
17,1,44,4.4849,3.5
17,1,44,1.4890,3.5
17,1,45,4.5439,3.0
17,1,45,1.7894,3.0
17,1,46,4.4709,4.0
17,1,46,1.7773,4.0
17,1,51,4.6687,3.0
17,1,51,1.1927,3.0
17,1,52,4.9739,2.75
17,1,52,1.7176,2.75
17,1,53,4.7395,2.75
17,1,53,1.6472,2.75
17,1,54,4.7174,3.25
17,1,54,1.6100,3.25
17,1,55,4.4493,2.5
17,1,55,1.9647,2.5
17,1,56,4.5063,3.25
17,1,56,1.3390,3.25
17,1,59,4.1108,2.5
17,1,59,2.1061,2.5
17,1,60,4.1988,3.0
17,1,60,2.0187,3.0
17,1,61,3.2338,2.25
17,1,61,1.6405,2.25
17,1,62,3.8028,1.75
17,1,62,2.3532,1.75
17,1,63,3.3096,1.75
17,1,63,2.3207,1.75
17,1,64,3.3172,1.0
17,1,64,1.9243,1.0
17,1,65,2.7338,1.25
17,1,65,1.9748,1.25
17,1,67,4.6742,3.0
17,1,67,2.0025,3.0
17,1,68,4.4383,3.75
17,1,68,1.7745,3.75
17,1,69,4.0203,2.5
17,1,69,2.5371,2.5
17,1,72,5.0367,5.25
17,1,72,1.6422,5.25
17,1,73,4.6227,4.25
17,1,73,1.3019,4.25
17,1,74,4.6783,3.25
17,1,74,1.4085,3.25
17,1,75,4.3709,1.75
17,1,75,1.4630,1.75
17,1,76,4.8626,4.5
17,1,76,1.5517,4.5
17,1,77,4.9766,3.5
17,1,77,1.3478,3.5
17,1,78,4.5862,4.25
17,1,78,1.4481,4.25
17,1,79,4.7068,3.25
17,1,79,1.5775,3.25
17,1,80,4.7832,4.25
17,1,80,1.5061,4.25
17,1,81,4.9662,4.5
17,1,81,1.0214,4.5
17,1,82,4.8917,5.0
17,1,82,1.2620,5.0
17,1,83,5.0897,3.5
17,1,83,1.4633,3.5
17,1,84,4.7303,4.25
17,1,84,1.4969,4.25
17,1,85,4.5248,4.75
17,1,85,1.5161,4.75
17,1,86,4.7800,4.0
17,1,86,1.5087,4.0
17,1,87,4.8906,2.5
17,1,87,1.4558,2.5
17,1,88,5.1652,4.25
17,1,88,1.5797,4.25
17,1,89,4.8875,3.25
17,1,89,1.4372,3.25
17,1,90,5.0198,5.5
17,1,90,1.4701,5.5
17,1,91,5.0578,3.5
17,1,91,1.7860,3.5
17,1,92,4.9892,5.25
17,1,92,1.5228,5.25
17,1,93,4.5704,3.5
17,1,93,1.7555,3.5
17,1,94,5.1138,3.5
17,1,94,1.5339,3.5
17,1,95,5.1030,5.25
17,1,95,1.5874,5.25
17,1,96,4.5154,1.5
17,1,96,1.3737,1.5
17,1,97,4.5712,2.5
17,1,97,1.4763,2.5
17,1,98,5.1701,3.5
17,1,98,1.7332,3.5
17,1,99,4.7128,3.5
17,1,99,1.4619,3.5
17,1,100,4.8702,2.75
17,1,100,1.5634,2.75
17,1,101,4.7541,3.0
17,1,101,1.5183,3.0
17,1,102,4.7123,3.75
17,1,102,1.4222,3.75
17,1,104,4.5063,3.25
17,1,104,1.6646,3.25
17,1,105,5.0310,3.75
17,1,105,1.3771,3.75
17,1,106,4.8575,2.75
17,1,106,1.5639,2.75
17,1,107,4.9765,3.25
17,1,107,1.5237,3.25
17,1,108,4.9494,2.5
17,1,108,1.5927,2.5
17,1,109,4.4557,2.5
18,1,2,2.6016,4.25
18,1,2,4.4516,4.25
18,1,3,2.9571,2.25
18,1,3,4.4524,2.25
18,1,4,3.9883,3.0
18,1,4,3.2435,3.0
18,1,5,2.7675,1.5
18,1,5,2.3036,1.5
18,1,6,3.0233,3.5
18,1,6,3.5097,3.5
18,1,7,2.4669,2.5
18,1,7,1.8661,2.5
18,1,8,2.4930,2.25
18,1,8,2.4142,2.25
18,1,9,4.2593,2.0
18,1,9,1.9337,2.0
18,1,10,4.7769,1.75
18,1,10,3.8887,1.75
18,1,11,5.5697,5.75
18,1,11,4.8411,5.75
18,1,12,5.2209,6.0
18,1,12,3.8131,6.0
18,1,16,2.6147,2.33333
18,1,16,5.0953,2.33333
18,1,17,2.8521,3.0
18,1,17,4.9106,3.0
18,1,18,2.4420,2.75
18,1,18,4.7978,2.75
18,1,19,2.5609,2.75
18,1,19,4.8981,2.75
18,1,20,2.1832,2.75
18,1,20,5.3001,2.75
18,1,21,3.4524,2.5
18,1,21,4.6464,2.5
18,1,28,5.0202,3.25
18,1,28,5.2788,3.25
18,1,29,3.4849,3.75
18,1,29,5.1507,3.75
18,1,30,4.7640,2.75
18,1,30,4.7862,2.75
18,1,31,3.0984,3.75
18,1,31,4.9020,3.75
18,1,32,2.8423,1.25
18,1,32,4.7442,1.25
18,1,33,2.4954,1.0
18,1,33,5.1061,1.0
18,1,34,4.5361,2.25
18,1,34,5.1116,2.25
18,1,35,3.9159,2.25
18,1,35,4.8132,2.25
18,1,36,3.8222,2.25
18,1,36,4.8151,2.25
18,1,37,3.7257,2.75
18,1,37,4.8344,2.75
18,1,38,3.7021,3.5
18,1,38,4.6788,3.5
18,1,39,4.3567,4.0
18,1,39,3.2852,4.0
18,1,40,3.1425,4.0
18,1,40,4.4894,4.0
18,1,41,4.4474,4.0
18,1,41,4.8960,4.0
18,1,42,4.4236,2.5
18,1,42,4.3002,2.5
18,1,43,4.7338,4.25
18,1,43,4.0110,4.25
18,1,44,1.7668,2.5
18,1,44,2.6372,2.5
18,1,45,4.9322,4.75
18,1,45,4.4385,4.75
18,1,46,2.8655,2.25
18,1,46,4.7083,2.25
18,1,47,2.7013,1.75
18,1,47,4.8318,1.75
18,1,48,3.6066,1.75
18,1,48,4.7843,1.75
18,1,49,3.8176,1.5
18,1,49,5.2205,1.5
18,1,50,4.1870,2.25
18,1,50,5.2734,2.25
18,1,51,2.9243,1.25
18,1,51,4.1214,1.25
18,1,53,4.9829,3.25
18,1,53,5.2678,3.25
18,1,54,2.7468,1.25
18,1,54,2.0678,1.25
18,1,55,4.2607,1.75
18,1,55,4.5453,1.75
18,1,56,4.2637,3.25
18,1,56,4.3505,3.25
18,1,59,3.0818,1.66667
18,1,59,1.9248,1.66667
18,1,60,2.7585,1.0
18,1,60,2.4342,1.0
18,1,61,2.9380,3.25
18,1,61,2.0727,3.25
18,1,62,3.5782,1.5
18,1,62,3.2767,1.5
18,1,64,4.1697,2.25
18,1,64,3.9304,2.25
18,1,65,4.7862,1.0
18,1,65,1.8578,1.0
18,1,66,1.9013,1.75
18,1,66,2.0278,1.75
18,1,67,4.1605,1.0
18,1,67,1.8525,1.0
18,1,68,2.3987,2.5
18,1,68,2.6363,2.5
18,1,74,5.0106,1.5
18,1,74,3.1727,1.5
18,1,75,3.8640,1.0
18,1,75,4.4099,1.0
18,1,76,3.0219,2.0
18,1,76,5.3105,2.0
18,1,77,2.3206,1.0
18,1,77,5.0854,1.0
18,1,78,2.8791,2.0
18,1,78,4.8652,2.0
18,1,79,4.0551,2.25
18,1,79,4.6126,2.25
18,1,80,2.9944,3.5
18,1,80,4.4446,3.5
18,1,81,4.7187,3.75
18,1,81,4.6098,3.75
18,1,82,3.5977,3.25
18,1,82,4.0041,3.25
18,1,84,4.3129,4.5
18,1,84,4.9886,4.5
18,1,85,4.4580,4.0
18,1,85,3.8484,4.0
18,1,90,2.1204,2.5
18,1,90,3.5078,2.5
18,1,91,1.8583,2.5
18,1,91,5.3327,2.5
18,1,92,5.2284,2.25
18,1,92,4.9051,2.25
18,1,93,2.3639,2.0
18,1,93,4.4800,2.0
18,1,94,4.7717,2.5
18,1,94,3.7000,2.5
18,1,95,4.0720,4.25
18,1,95,4.9602,4.25
18,1,96,3.6545,2.5
18,1,96,3.3417,2.5
18,1,97,4.4218,3.25
18,1,97,4.8431,3.25
18,1,98,4.1094,2.25
18,1,98,4.4147,2.25
18,1,99,2.5084,2.5
18,1,99,2.9234,2.5
18,1,100,3.8294,3.75
18,1,100,4.7788,3.75
18,1,101,4.2619,2.25
18,1,101,4.5039,2.25
18,1,102,3.8720,2.25
18,1,102,3.6004,2.25
18,1,103,3.0334,2.0
18,1,103,3.1275,2.0
18,1,104,2.4838,3.25
18,1,104,2.9925,3.25
18,1,105,2.6549,1.75
18,1,105,3.9227,1.75
18,1,109,4.2060,3.0
18,1,109,3.3507,3.0
18,1,111,2.4601,2.75
18,1,111,4.9051,2.75
18,1,112,3.0987,1.25
