3,1,47,5.9908,4.25
3,1,47,5.9908,4.25
3,1,10,4.9494,2.875
3,1,10,4.9481,2.875
3,1,101,5.2045,4.375
3,1,101,5.2036,4.375
3,1,64,4.6673,5.75
3,1,64,4.6662,5.75
3,1,45,4.7162,4.25
3,1,45,4.7150,4.25
3,1,8,4.9478,3.5
3,1,8,4.9515,3.5
3,1,99,4.5846,1.5
3,1,99,4.5735,1.5
3,1,94,3.9298,3.25
3,1,94,3.9283,3.25
3,1,43,4.5335,4.0
3,1,43,4.4922,4.0
3,1,6,5.4287,4.5
3,1,6,5.4294,4.5
3,1,97,4.2613,1.25
3,1,97,4.2606,1.25
3,1,92,4.3047,3.5
3,1,92,4.3077,3.5
3,1,41,4.2155,3.25
3,1,41,4.2178,3.25
3,1,4,4.8124,3.25
3,1,4,4.8166,3.25
3,1,90,4.3915,3.75
3,1,90,4.3874,3.75
3,1,39,4.1310,5.75
3,1,39,4.1298,5.75
3,1,2,3.6929,4.5
3,1,2,3.6974,4.5
3,1,88,3.1896,4.0
3,1,88,3.1963,4.0
3,1,37,4.5583,3.125
3,1,37,4.5539,3.125
3,1,86,4.4409,4.25
3,1,86,4.4392,4.25
3,1,35,5.3137,4.375
3,1,35,5.3129,4.375
3,1,30,3.9324,4.5
3,1,30,3.9193,4.5
3,1,84,4.8838,3.75
3,1,84,4.8819,3.75
3,1,33,3.2734,3.0
3,1,33,3.2612,3.0
3,1,28,4.2921,4.75
3,1,28,4.2928,4.75
3,1,82,3.9797,3.0
3,1,82,4.0144,3.0
3,1,63,5.0577,4.75
3,1,63,5.0595,4.75
3,1,26,5.5050,4.0
3,1,26,5.5052,4.0
3,1,80,3.3003,2.75
3,1,80,3.3023,2.75
3,1,61,4.5167,5.5
3,1,61,4.5149,5.5
3,1,24,4.1566,4.5
3,1,24,4.1574,4.5
3,1,59,4.2734,5.5
3,1,59,4.2742,5.5
3,1,22,4.2186,4.83333
3,1,22,4.2182,4.83333
3,1,57,4.6159,4.875
3,1,57,4.6174,4.875
3,1,20,4.7994,2.5
3,1,20,4.7998,2.5
3,1,79,3.6968,5.25
3,1,79,3.6915,5.25
3,1,55,4.0162,3.25
3,1,55,4.0166,3.25
3,1,18,4.0123,3.75
3,1,18,4.0119,3.75
3,1,77,4.4082,4.5
3,1,77,4.4012,4.5
3,1,16,4.6109,4.75
3,1,16,4.6123,4.75
3,1,75,3.5780,4.0
3,1,75,3.5772,4.0
3,1,51,4.8649,4.5
3,1,51,4.8654,4.5
3,1,73,3.8542,3.0
3,1,73,3.8477,3.0
3,1,49,4.2422,5.0
3,1,49,4.2434,5.0
3,1,108,5.0245,2.25
3,1,108,5.0224,2.25
3,1,71,3.7139,2.0
3,1,71,3.7163,2.0
3,1,15,3.5984,5.0
3,1,15,3.5987,5.0
3,1,106,4.3154,2.75
3,1,106,4.3154,2.75
3,1,104,4.7005,3.5
3,1,104,4.6977,3.5
3,1,102,4.1104,5.25
3,1,102,4.1092,5.25
3,1,65,5.1095,6.25
3,1,65,5.1122,6.25
3,1,46,4.5460,5.0
3,1,46,4.5488,5.0
3,1,9,3.9195,2.75
3,1,9,3.9159,2.75
3,1,100,4.1816,2.375
3,1,100,4.1845,2.375
3,1,95,3.1947,3.75
3,1,95,3.1935,3.75
3,1,44,4.0602,3.0
3,1,44,4.0647,3.0
3,1,7,5.1071,4.75
3,1,7,5.1068,4.75
3,1,98,4.6635,1.75
3,1,98,4.6661,1.75
3,1,93,4.0408,3.25
3,1,93,4.0454,3.25
3,1,5,4.7716,6.0
3,1,5,4.7723,6.0
3,1,96,3.8446,3.875
3,1,96,3.8437,3.875
3,1,91,3.3413,4.0
3,1,91,3.3367,4.0
3,1,40,4.2994,5.0
3,1,40,4.2995,5.0
3,1,3,4.2186,3.0
3,1,3,4.2175,3.0
3,1,89,4.5865,4.25
3,1,89,4.6430,4.25
3,1,38,3.9406,4.5
3,1,38,3.9415,4.5
3,1,1,3.5489,3.875
3,1,1,3.5481,3.875
3,1,87,3.9990,4.25
3,1,87,3.9964,4.25
3,1,36,4.5162,3.5
3,1,36,4.5137,3.5
3,1,31,4.7656,3.66667
3,1,31,4.7670,3.66667
3,1,85,3.5045,2.0
3,1,85,3.5092,2.0
3,1,34,5.0899,4.125
3,1,34,5.0880,4.125
3,1,29,4.9634,1.25
3,1,29,4.9693,1.25
3,1,83,4.4959,4.5
3,1,83,4.4711,4.5
3,1,32,4.1147,4.5
3,1,32,4.1214,4.5
3,1,27,4.8694,5.25
3,1,27,4.8618,5.25
3,1,81,3.8337,2.75
3,1,81,3.8361,2.75
3,1,62,5.0429,4.375
3,1,62,4.9089,4.375
3,1,25,5.6212,5.5
3,1,25,5.6230,5.5
3,1,60,4.3111,5.5
3,1,60,4.3102,5.5
3,1,23,4.4254,3.875
3,1,23,4.4254,3.875
3,1,58,4.4536,4.5
3,1,58,4.4162,4.5
3,1,21,3.8613,4.5
3,1,21,3.8614,4.5
3,1,56,4.4511,4.0
3,1,56,4.4375,4.0
3,1,19,4.7250,4.125
3,1,19,4.7255,4.125
3,1,78,4.2674,5.25
3,1,78,4.2690,5.25
3,1,17,4.5436,5.0
3,1,17,4.5321,5.0
3,1,76,5.0367,4.0
3,1,76,5.0370,4.0
3,1,52,4.5669,3.5
3,1,52,4.5701,3.5
3,1,74,4.2015,4.0
3,1,74,4.2039,4.0
3,1,50,4.2850,4.66667
3,1,50,4.2819,4.66667
3,1,48,5.0045,2.5
3,1,48,5.0089,2.5
3,1,107,4.3310,5.25
3,1,107,4.3308,5.25
3,1,70,3.7368,2.75
3,1,70,3.7470,2.75
3,1,14,4.1240,3.75
3,1,14,4.1242,3.75
3,1,105,3.9165,1.25
3,1,105,3.9229,1.25
3,1,103,4.6532,1.5
3,1,103,4.6741,1.5
3,1,66,4.6597,3.0
3,1,66,4.6944,3.0
3,2,82,1.8687,3.25
3,2,82,1.8633,3.25
3,2,61,3.9860,4.375
3,2,61,3.9840,4.375
3,2,80,3.3162,4.75
3,2,80,3.3118,4.75
3,2,30,2.9653,3.625
3,2,30,2.9508,3.625
3,2,35,3.5245,3.875
3,2,35,3.5249,3.875
3,2,86,3.2604,2.75
3,2,86,3.2650,2.75
3,2,28,3.1847,4.0
3,2,28,3.1838,4.0
3,2,33,3.8119,5.0
3,2,33,3.8142,5.0
3,2,84,3.8565,4.0
3,2,84,3.8560,4.0
3,2,2,4.4225,1.875
3,2,2,4.4222,1.875
3,2,39,3.8629,4.25
3,2,39,3.8679,4.25
3,2,90,3.8988,4.25
3,2,90,3.9093,4.25
3,2,37,3.8878,2.25
3,2,37,3.8892,2.25
3,2,88,3.5534,4.0
3,2,88,3.5590,4.0
3,2,6,4.6354,5.25
3,2,6,4.6346,5.25
3,2,43,3.0490,4.0
3,2,43,3.0501,4.0
3,2,94,3.6860,3.75
3,2,94,3.6874,3.75
3,2,99,3.9623,2.625
3,2,99,3.9631,2.625
3,2,41,3.8868,3.5
3,2,41,3.8907,3.5
3,2,92,4.2063,3.25
3,2,92,4.2001,3.25
3,2,97,2.9805,5.0
3,2,97,2.9857,5.0
3,2,10,3.8404,4.0
3,2,10,3.8431,4.0
3,2,47,3.2841,3.875
3,2,47,3.2864,3.875
3,2,66,3.9349,3.75
3,2,66,3.9335,3.75
3,2,103,3.6201,4.0
3,2,103,3.6194,4.0
3,2,8,3.5878,6.0
3,2,8,3.5871,6.0
3,2,45,5.1207,3.25
3,2,45,5.1101,3.25
3,2,64,2.9704,2.375
3,2,64,2.9705,2.375
3,2,101,3.3913,3.125
3,2,101,3.3939,3.125
3,2,14,3.3200,3.75
3,2,14,3.3264,3.75
3,2,70,3.8365,3.66667
3,2,70,3.8387,3.66667
3,2,107,2.6670,4.625
3,2,107,2.6697,4.625
3,2,12,4.9797,5.25
3,2,12,4.9610,5.25
3,2,68,3.9346,5.5
3,2,68,3.9467,5.5
3,2,105,3.4721,3.5
3,2,105,3.4752,3.5
3,2,50,3.9301,3.75
3,2,50,3.9284,3.75
3,2,74,3.7524,3.25
3,2,74,3.7493,3.25
3,2,111,2.6953,3.5
3,2,111,2.7485,3.5
3,2,48,2.4669,4.25
3,2,48,2.4701,4.25
3,2,109,3.7502,1.95833
3,2,109,3.7541,1.95833
3,2,78,3.6167,2.75
3,2,78,3.6124,2.75
3,2,52,3.1854,1.5
3,2,52,3.1841,1.5
3,2,56,3.8464,4.25
3,2,56,3.8504,4.25
3,2,112,3.5787,4.0
3,2,112,3.5847,4.0
3,2,62,3.9664,5.25
3,2,62,3.9651,5.25
3,2,27,3.1505,4.0
3,2,27,3.1613,4.0
3,2,60,3.0807,3.75
3,2,60,3.0806,3.75
3,2,83,3.0242,4.25
3,2,83,3.0224,4.25
3,2,34,3.4918,3.5
3,2,34,3.4934,3.5
3,2,81,4.1943,4.375
3,2,81,4.1942,4.375
3,2,31,4.2454,3.25
3,2,31,4.2432,3.25
3,2,32,3.8331,3.25
3,2,32,3.8291,3.25
3,2,87,3.1626,3.75
3,2,87,3.1600,3.75
3,2,29,3.6589,4.0
3,2,29,3.6625,4.0
3,2,38,4.8194,3.25
3,2,38,4.8393,3.25
3,2,85,3.8545,3.25
3,2,85,3.8593,3.25
3,2,36,4.3370,2.75
3,2,36,4.3137,2.75
3,2,91,4.0236,4.5
3,2,91,4.0186,4.5
3,2,42,3.3191,2.5
3,2,42,3.3111,2.5
3,2,89,4.3868,3.25
3,2,89,4.3837,3.25
3,2,98,2.8127,4.5
3,2,98,2.8067,4.5
3,2,7,3.9170,6.0
3,2,7,3.9183,6.0
3,2,40,3.8385,2.75
3,2,40,3.8351,2.75
3,2,95,2.8657,1.5
3,2,95,2.8631,1.5
3,2,96,2.9546,3.125
3,2,96,2.9546,3.125
3,2,5,3.8902,3.25
3,2,5,3.8880,3.25
3,2,46,4.9618,4.5
3,2,46,4.9612,4.5
3,2,93,2.2397,5.0
3,2,93,2.2426,5.0
3,2,102,3.6675,2.0
3,2,102,3.6683,2.0
3,2,11,4.9974,4.125
3,2,11,5.0026,4.125
3,2,44,2.7491,5.0
3,2,44,2.7465,5.0
3,2,67,3.1084,5.25
3,2,67,3.3794,5.25
3,2,100,4.2939,1.25
3,2,100,4.2964,1.25
3,2,9,3.9326,4.5
3,2,9,3.9363,4.5
3,2,65,3.4383,3.0
3,2,65,3.4464,3.0
3,2,106,3.2710,3.875
3,2,106,3.2701,3.875
3,2,71,3.1727,2.375
3,2,71,3.1705,2.375
3,2,104,3.3818,3.5
3,2,104,3.3643,3.5
3,2,13,4.8874,5.0
3,2,13,4.8900,5.0
3,2,69,3.0988,1.25
3,2,69,3.1011,1.25
3,2,110,3.9104,4.25
3,2,110,3.9081,4.25
3,2,51,3.1281,4.0
3,2,51,3.1263,4.0
3,2,108,2.8816,4.0
3,2,108,2.8734,4.0
3,2,49,3.2130,2.75
3,2,49,3.2136,2.75
3,2,73,3.5221,3.75
3,2,73,3.5240,3.75
3,2,55,3.1866,3.33333
3,2,55,3.1899,3.33333
3,2,79,3.2985,3.75
3,2,79,3.2992,3.75
3,2,53,3.7745,4.5
3,2,53,3.7696,4.5
3,2,77,3.7573,2.25
3,2,77,3.7539,2.25
3,2,59,3.3663,2.25
3,2,59,3.3649,2.25
3,2,113,3.7671,3.0
3,2,113,3.7604,3.0
3,2,26,3.0750,2.5
3,2,26,3.0689,2.5
3,2,63,1.7085,1.25
3,2,63,1.7083,1.25
4,1,29,2.5573,3.0
4,1,29,2.5569,3.0
4,1,58,4.8589,2.25
4,1,58,4.8584,2.25
4,1,85,2.8997,2.5
4,1,85,2.9062,2.5
4,1,114,1.8044,1.5
4,1,114,1.8013,1.5
4,1,31,3.3835,2.25
4,1,31,3.3837,2.25
4,1,36,3.0047,0.875
4,1,36,3.0022,0.875
4,1,87,2.4424,3.25
4,1,87,2.4425,3.25
4,1,25,3.3603,1.5
4,1,25,3.3582,1.5
4,1,38,2.2706,2.5
4,1,38,2.2735,2.5
4,1,81,2.6128,3.0
4,1,81,2.6138,3.0
4,1,27,2.3025,2.75
4,1,27,2.3029,2.75
4,1,32,2.8444,1.5
4,1,32,2.8470,1.5
4,1,83,2.4930,3.25
4,1,83,2.4907,3.25
4,1,5,1.8403,1.0
4,1,5,1.8395,1.0
4,1,34,3.2247,1.5
4,1,34,3.2263,1.5
4,1,93,3.2512,3.0
4,1,93,3.2519,3.0
4,1,7,2.9891,1.75
4,1,7,2.9894,1.75
4,1,95,2.8254,3.5
4,1,95,2.8261,3.5
4,1,100,1.9572,0.75
4,1,100,1.9572,0.75
4,1,46,3.3839,3.75
4,1,46,3.3832,3.75
4,1,89,1.7121,1.75
4,1,89,1.7119,1.75
4,1,102,1.9989,1.5
4,1,102,1.9946,1.5
4,1,3,2.9751,3.5
4,1,3,2.9760,3.5
4,1,40,3.1953,4.0
4,1,40,3.2027,4.0
4,1,91,2.6299,2.25
4,1,91,2.6299,2.25
4,1,96,3.1102,2.75
4,1,96,3.1093,2.75
4,1,13,2.2836,1.5
4,1,13,2.2843,1.5
4,1,42,2.4786,1.75
4,1,42,2.4783,1.75
4,1,69,4.4497,5.5
4,1,69,4.4501,5.5
4,1,98,2.1261,3.25
4,1,98,2.1273,3.25
4,1,15,2.1764,0.75
4,1,15,2.1774,0.75
4,1,71,3.4758,2.125
4,1,71,3.4749,2.125
4,1,108,2.9166,3.25
4,1,108,2.9174,3.25
4,1,9,2.5196,1.0
4,1,9,2.5237,1.0
4,1,65,2.7475,4.75
4,1,65,2.7486,4.75
4,1,110,2.9593,4.0
4,1,110,2.9596,4.0
4,1,11,3.2045,1.0
4,1,11,3.2048,1.0
4,1,67,4.0912,1.75
4,1,67,4.0913,1.75
4,1,104,3.2363,1.25
4,1,104,3.2350,1.25
4,1,53,4.4190,2.5
4,1,53,4.4186,2.5
4,1,77,3.8043,2.625
4,1,77,3.8049,2.625
4,1,106,1.8834,2.125
4,1,106,1.8862,2.125
4,1,55,3.8911,2.5
4,1,55,3.8905,2.5
4,1,79,4.1912,6.75
4,1,79,4.1919,6.75
4,1,49,4.3896,4.25
4,1,49,4.3885,4.25
4,1,73,4.1335,4.25
4,1,73,4.1333,4.25
4,1,22,2.3977,1.25
4,1,22,2.3976,1.25
4,1,51,4.1299,2.75
4,1,51,4.1378,2.75
4,1,75,3.2268,4.75
4,1,75,3.2252,4.75
4,1,16,2.4252,1.0
4,1,16,2.4250,1.0
4,1,117,2.4506,1.25
4,1,117,2.4513,1.25
4,1,63,2.0624,1.0
4,1,63,2.0630,1.0
4,1,28,2.8625,2.625
4,1,28,2.8583,2.625
4,1,57,4.1993,2.75
4,1,57,4.1997,2.75
4,1,84,2.6216,2.5
4,1,84,2.6205,2.5
4,1,113,3.4820,3.25
4,1,113,3.4825,3.25
4,1,30,2.9773,1.125
4,1,30,2.9760,1.125
4,1,59,4.4754,1.875
4,1,59,4.4743,1.875
4,1,86,2.1788,1.66667
4,1,86,2.1817,1.66667
4,1,115,2.5182,3.5
4,1,115,2.5250,3.5
4,1,24,3.0797,2.0
4,1,24,3.0780,2.0
4,1,37,3.1348,2.25
4,1,37,3.1348,2.25
4,1,80,2.9104,3.5
4,1,80,2.9117,3.5
4,1,26,2.8837,4.375
4,1,26,2.8809,4.375
4,1,39,3.5756,2.5
4,1,39,3.5770,2.5
4,1,82,2.1829,6.5
4,1,82,2.1837,6.5
4,1,4,2.6228,1.5
4,1,4,2.6198,1.5
4,1,33,2.3346,1.5
4,1,33,2.3513,1.5
4,1,92,2.2133,2.0
4,1,92,2.2134,2.0
4,1,6,2.3757,1.5
4,1,6,2.3748,1.5
4,1,35,2.7845,1.75
4,1,35,2.7827,1.75
4,1,94,2.0731,1.5
4,1,94,2.0731,1.5
4,1,45,3.2146,2.125
4,1,45,3.2133,2.125
4,1,88,3.1704,1.5
4,1,88,3.1715,1.5
4,1,101,2.3001,3.875
4,1,101,2.2998,3.875
4,1,47,3.8096,2.125
4,1,47,3.8110,2.125
4,1,90,2.3576,1.375
4,1,90,2.3539,1.375
4,1,103,2.2438,1.0
4,1,103,2.2438,1.0
4,1,12,2.1642,2.5
4,1,12,2.1633,2.5
4,1,41,4.6768,2.5
4,1,41,4.6759,2.5
4,1,68,3.8998,5.5
4,1,68,3.8989,5.5
4,1,97,2.3766,1.625
4,1,97,2.3775,1.625
4,1,70,3.3503,5.25
4,1,70,3.3492,5.25
4,1,99,3.1526,2.375
4,1,99,3.1523,2.375
4,1,8,2.8319,0.75
4,1,8,2.8307,0.75
4,1,64,3.7385,3.5
4,1,64,3.7379,3.5
4,1,109,2.3676,2.75
4,1,109,2.3679,2.75
4,1,10,3.1099,3.0
4,1,10,3.1085,3.0
4,1,66,1.9626,1.0
4,1,66,1.9558,1.0
4,1,111,2.1288,3.5
4,1,111,2.1287,3.5
4,1,52,3.8429,3.25
4,1,52,3.8422,3.25
4,1,105,3.1514,3.625
4,1,105,3.1662,3.625
4,1,54,3.9892,3.375
4,1,54,3.9888,3.375
4,1,78,2.8890,3.25
4,1,78,2.8904,3.25
4,1,48,5.0532,1.5
4,1,48,5.0569,1.5
4,1,72,1.9095,2.375
4,1,72,1.9075,2.375
4,1,50,4.1072,2.0
4,1,50,4.1074,2.0
4,1,74,3.0195,3.5
4,1,74,3.0236,3.5
4,1,23,2.6109,1.0
4,1,23,2.6074,1.0
4,1,116,2.7625,1.75
4,1,116,2.7656,1.75
4,1,118,5.0070,4.5
4,1,118,5.0260,4.5
4,1,56,4.1718,2.0
4,1,56,4.1704,2.0
4,1,112,2.8262,1.0
4,1,112,2.8258,1.0
7,1,40,4.7364,5.5
7,1,40,4.8785,5.5
7,1,3,4.5416,4.75
7,1,3,4.6005,4.75
7,1,102,4.0393,4.25
7,1,102,4.0982,4.25
7,1,46,4.7446,4.0
7,1,46,4.8533,4.0
7,1,1,4.9958,3.5
7,1,1,4.7147,3.5
7,1,44,4.7217,6.25
7,1,44,4.2871,6.25
7,1,7,4.5004,2.25
7,1,7,4.4987,2.25
7,1,90,4.5867,4.0
7,1,90,4.6953,4.0
7,1,34,4.8661,5.5
7,1,34,5.0157,5.5
7,1,5,4.6023,4.75
7,1,5,4.6631,4.75
7,1,88,4.7967,6.5
7,1,88,4.5973,6.5
7,1,32,4.6607,3.75
7,1,32,4.8431,3.75
7,1,94,4.6869,3.0
7,1,94,4.8684,3.0
7,1,38,4.3978,3.5
7,1,38,3.9429,3.5
7,1,92,4.8610,5.75
7,1,92,4.7478,5.75
7,1,36,4.6597,4.25
7,1,36,3.8653,4.25
7,1,82,4.7668,5.25
7,1,82,4.6530,5.25
7,1,26,5.3066,3.0
7,1,26,5.0858,3.0
7,1,80,4.8283,2.0
7,1,80,4.6367,2.0
7,1,24,4.6904,5.0
7,1,24,4.6709,5.0
7,1,86,4.7783,3.25
7,1,86,4.5067,3.25
7,1,59,4.6619,5.25
7,1,59,4.0623,5.25
7,1,30,4.6861,3.0
7,1,30,4.6860,3.0
7,1,84,4.4500,4.75
7,1,84,4.7481,4.75
7,1,57,4.5545,4.25
7,1,57,4.4657,4.25
7,1,28,4.5528,5.25
7,1,28,4.8484,5.25
7,1,74,3.9826,4.25
7,1,74,4.4807,4.25
7,1,63,4.0814,5.5
7,1,63,4.0357,5.5
7,1,18,4.4715,6.0
7,1,18,4.8998,6.0
7,1,72,4.2684,2.0
7,1,72,4.0066,2.0
7,1,61,4.7730,5.0
7,1,61,4.9056,5.0
7,1,107,4.5527,4.0
7,1,107,4.1396,4.0
7,1,78,4.2213,4.0
7,1,78,3.8922,4.0
7,1,51,4.4428,3.5
7,1,51,4.5879,3.5
7,1,22,4.4306,3.75
7,1,22,4.7702,3.75
7,1,105,4.7790,4.75
7,1,105,4.2900,4.75
7,1,76,4.7629,2.75
7,1,76,4.7096,2.75
7,1,49,4.3828,4.5
7,1,49,4.5399,4.5
7,1,20,4.6315,5.25
7,1,20,4.7543,5.25
7,1,66,4.5897,4.25
7,1,66,4.2649,4.25
7,1,55,4.1861,2.5
7,1,55,4.0785,2.5
7,1,10,4.5947,2.75
7,1,10,4.4175,2.75
7,1,109,3.7785,6.25
7,1,109,3.9904,6.25
7,1,64,4.4876,5.0
7,1,64,3.9711,5.0
7,1,53,4.3322,5.5
7,1,53,3.9756,5.5
7,1,8,4.5541,4.5
7,1,8,4.6515,4.5
7,1,70,4.2490,5.5
7,1,70,4.3122,5.5
7,1,43,5.2779,3.5
7,1,43,4.9840,3.5
7,1,14,3.8327,1.75
7,1,14,4.3925,1.75
7,1,97,4.0042,5.5
7,1,97,4.0023,5.5
7,1,68,3.9412,4.25
7,1,68,3.5948,4.25
7,1,41,4.6622,4.75
7,1,41,4.9010,4.75
7,1,12,3.7301,5.0
7,1,12,3.4399,5.0
7,1,103,4.5135,3.25
7,1,103,4.5702,3.25
7,1,47,5.5218,4.5
7,1,47,5.0907,4.5
7,1,2,4.4757,5.5
7,1,2,4.1204,5.5
7,1,101,4.5380,4.0
7,1,101,4.3712,4.0
7,1,45,4.6677,4.5
7,1,45,4.7590,4.5
7,1,35,4.5368,6.0
7,1,35,4.3991,6.0
7,1,89,4.6192,5.25
7,1,89,4.8907,5.25
7,1,33,5.1456,4.75
7,1,33,4.9087,4.75
7,1,4,4.9099,3.25
7,1,4,4.8976,3.25
7,1,95,4.1954,4.75
7,1,95,4.2519,4.75
7,1,39,4.7139,5.5
7,1,39,4.0628,5.5
7,1,93,4.6506,4.25
7,1,93,4.7094,4.25
7,1,37,4.2562,4.25
7,1,37,4.2393,4.25
7,1,83,4.7922,4.75
7,1,83,4.5852,4.75
7,1,27,4.8885,4.25
7,1,27,5.0171,4.25
7,1,81,4.8659,4.0
7,1,81,4.6879,4.0
7,1,25,4.9377,4.5
7,1,25,5.4049,4.5
7,1,31,4.5888,4.5
7,1,31,3.4479,4.5
7,1,58,4.4556,6.0
7,1,58,4.3879,6.0
7,1,29,4.9075,4.25
7,1,29,4.2154,4.25
7,1,75,4.8283,4.75
7,1,75,4.7830,4.75
7,1,19,4.1161,4.75
7,1,19,4.4087,4.75
7,1,73,4.6567,1.0
7,1,73,4.6699,1.0
7,1,62,4.6072,4.5
7,1,62,4.8015,4.5
7,1,79,4.4147,3.0
7,1,79,4.3375,3.0
7,1,60,4.2669,3.25
7,1,60,4.3294,3.25
7,1,23,4.1705,4.0
7,1,23,4.6364,4.0
7,1,106,4.7129,4.75
7,1,106,4.4102,4.75
7,1,50,4.8026,5.0
7,1,50,4.7785,5.0
7,1,104,4.9426,4.75
7,1,104,4.2949,4.75
7,1,67,3.7589,4.75
7,1,67,3.3492,4.75
7,1,48,4.9851,1.5
7,1,48,5.2662,1.5
7,1,11,2.9520,1.75
7,1,11,2.9091,1.75
7,1,65,3.9190,5.25
7,1,65,3.5786,5.25
7,1,54,4.6994,5.5
7,1,54,4.7009,5.5
7,1,9,4.3005,2.0
7,1,9,4.5475,2.0
7,1,108,4.5524,2.75
7,1,108,4.2018,2.75
7,1,71,4.7229,4.75
7,1,71,4.2512,4.75
7,1,52,5.3173,0.75
7,1,52,4.9236,0.75
7,1,98,4.3227,3.25
7,1,98,4.6043,3.25
7,1,69,4.3020,5.5
7,1,69,4.1418,5.5
7,1,42,4.8858,3.0
7,1,42,5.2296,3.0
7,1,13,3.2331,3.0
7,1,13,3.1820,3.0
7,1,96,4.3667,5.5
7,1,96,4.0245,5.5
7,2,77,4.3420,4.25
7,2,77,4.0325,4.25
7,2,102,4.7975,5.25
7,2,102,4.3442,5.25
7,2,3,4.2408,5.75
7,2,3,4.3970,5.75
7,2,75,4.3861,3.5
7,2,75,3.9688,3.5
7,2,100,3.4740,1.75
7,2,100,2.8116,1.75
7,2,1,3.8395,4.25
7,2,1,3.7129,4.25
7,2,73,3.6737,3.25
7,2,73,3.0744,3.25
7,2,98,4.6208,3.75
7,2,98,4.3486,3.75
7,2,63,4.1688,5.25
7,2,63,3.5352,5.25
7,2,71,4.2006,4.0
7,2,71,3.8393,4.0
7,2,96,3.8525,3.5
7,2,96,4.2477,3.5
7,2,61,1.6779,5.5
7,2,61,1.8224,5.5
7,2,69,4.3762,4.25
7,2,69,4.1120,4.25
7,2,30,4.1551,3.0
7,2,30,3.8113,3.0
7,2,28,4.1941,5.75
7,2,28,3.7241,5.75
7,2,57,2.7625,1.5
7,2,57,3.0656,1.5
7,2,65,4.0094,5.0
7,2,65,3.9767,5.0
7,2,26,3.6992,4.25
7,2,26,3.6862,4.25
7,2,55,2.9189,4.0
7,2,55,2.8578,4.0
7,2,24,4.2023,3.75
7,2,24,3.6981,3.75
7,2,53,3.5484,5.0
7,2,53,3.3956,5.0
7,2,22,3.7356,3.0
7,2,22,3.5915,3.0
7,2,51,4.0487,4.75
7,2,51,4.2645,4.75
7,2,94,3.8034,3.25
7,2,94,3.9092,3.25
7,2,20,4.3800,5.5
7,2,20,4.4058,5.5
7,2,49,4.1923,4.0
7,2,49,3.7207,4.0
7,2,92,4.1491,4.66667
7,2,92,3.9737,4.66667
7,2,18,3.0256,3.5
7,2,18,3.6596,3.5
7,2,47,4.5274,4.0
7,2,47,4.8014,4.0
7,2,90,4.2740,4.0
7,2,90,4.4820,4.0
7,2,16,4.5229,5.0
7,2,16,4.0376,5.0
7,2,45,3.2190,2.5
7,2,45,2.9563,2.5
7,2,88,3.6103,5.0
7,2,88,3.7524,5.0
7,2,14,4.2021,5.5
7,2,14,4.2980,5.5
7,2,43,4.0798,2.75
7,2,43,4.0065,2.75
7,2,86,4.2458,2.5
7,2,86,4.2528,2.5
7,2,12,3.9096,4.25
7,2,12,3.0478,4.25
7,2,84,4.2056,3.75
7,2,84,3.9456,3.75
7,2,10,4.2125,4.0
7,2,10,3.9363,4.0
7,2,39,4.0516,4.0
7,2,39,3.7371,4.0
7,2,82,4.5995,3.25
7,2,82,4.0039,3.25
7,2,8,3.0284,4.0
7,2,8,3.0435,4.0
7,2,37,4.3343,3.5
7,2,37,3.9519,3.5
7,2,80,3.5026,4.0
7,2,80,2.4853,4.0
7,2,109,3.3761,5.25
7,2,109,4.0098,5.25
7,2,6,4.5461,4.0
7,2,6,4.4244,4.0
7,2,35,3.3386,3.5
7,2,35,2.8879,3.5
7,2,78,4.3055,5.0
7,2,78,4.0582,5.0
7,2,107,5.2283,4.5
7,2,107,4.9984,4.5
7,2,4,3.5015,3.0
7,2,4,3.2295,3.0
7,2,33,3.7138,1.5
7,2,33,3.4191,1.5
7,2,76,2.9482,4.5
7,2,76,2.7127,4.5
7,2,105,4.8707,3.0
7,2,105,4.5877,3.0
7,2,2,3.0237,2.75
7,2,2,3.0492,2.75
7,2,74,3.8949,2.5
7,2,74,3.5362,2.5
7,2,103,3.0739,4.25
7,2,103,3.8158,4.25
7,2,72,4.2556,4.25
7,2,72,4.1542,4.25
7,2,70,3.3532,3.25
7,2,70,3.4025,3.25
7,2,99,4.1892,4.25
7,2,99,4.1865,4.25
7,2,60,2.6227,4.0
7,2,60,2.4249,4.0
7,2,68,3.3203,6.5
7,2,68,2.8428,6.5
7,2,97,3.9047,3.0
7,2,97,3.6758,3.0
7,2,58,2.3184,4.0
7,2,58,2.3716,4.0
7,2,66,3.7250,5.5
7,2,66,4.1414,5.5
7,2,31,3.8414,3.75
7,2,31,3.8982,3.75
7,2,56,4.5946,4.75
7,2,56,4.1081,4.75
7,2,64,2.3324,3.25
7,2,64,1.6570,3.25
7,2,29,4.5717,1.75
7,2,29,4.1147,1.75
7,2,27,5.2807,4.25
7,2,27,5.0027,4.25
7,2,52,4.2480,3.25
7,2,52,4.2987,3.25
7,2,25,4.3023,4.75
7,2,25,4.4115,4.75
7,2,50,3.7893,4.25
7,2,50,2.9755,4.25
7,2,23,4.6256,1.75
7,2,23,3.5130,1.75
7,2,48,4.0502,3.75
7,2,48,4.1471,3.75
7,2,95,3.9751,2.5
7,2,95,3.8190,2.5
7,2,21,3.6698,1.5
7,2,21,3.4808,1.5
7,2,46,2.3350,4.75
7,2,46,1.6596,4.75
7,2,93,3.6674,4.75
7,2,93,3.8060,4.75
7,2,19,4.2080,4.5
7,2,19,3.4841,4.5
7,2,44,4.3077,4.5
7,2,44,4.2333,4.5
7,2,91,2.8760,3.75
7,2,91,2.5315,3.75
7,2,17,4.0475,6.0
7,2,17,3.8775,6.0
7,2,42,4.5333,3.0
7,2,42,4.3846,3.0
7,2,89,3.1733,3.0
7,2,89,3.7675,3.0
7,2,40,4.7671,5.25
7,2,40,4.5608,5.25
7,2,87,3.1812,4.5
7,2,87,3.8957,4.5
7,2,13,3.8565,4.75
7,2,13,3.8193,4.75
7,2,38,4.7996,5.25
7,2,38,4.6627,5.25
7,2,85,4.7542,2.5
7,2,85,3.6243,2.5
7,2,110,2.1738,4.75
7,2,110,2.9552,4.75
7,2,11,2.3947,2.75
7,2,11,2.6877,2.75
7,2,36,3.7822,2.5
7,2,36,2.8398,2.5
7,2,83,4.1306,5.0
7,2,83,4.2599,5.0
7,2,108,3.2328,5.5
7,2,108,3.7727,5.5
7,2,9,4.2377,4.0
7,2,9,4.1674,4.0
7,2,34,3.9504,4.25
7,2,34,3.9966,4.25
7,2,106,3.4003,6.25
7,2,106,3.4953,6.25
7,2,7,4.2991,5.0
7,2,7,3.9856,5.0
7,2,32,4.6282,4.5
7,2,32,3.7815,4.5
7,2,104,3.5569,3.5
7,2,104,3.8959,3.5
7,2,5,4.4332,3.25
7,2,5,4.3731,3.25
8,1,34,2.9763,2.5
8,1,34,3.3000,2.5
8,1,7,3.3164,1.0
8,1,7,2.5288,1.0
8,1,94,1.0217,1.75
8,1,94,0.5407,1.75
8,1,21,2.2994,1.75
8,1,21,3.4157,1.75
8,1,35,2.8297,3.0
8,1,35,2.8283,3.0
8,1,49,2.2332,2.25
8,1,49,2.6596,2.25
8,1,8,2.3187,1.0
8,1,8,2.9669,1.0
8,1,95,2.7769,2.25
8,1,95,3.5003,2.25
8,1,22,3.2024,3.5
8,1,22,3.7721,3.5
8,1,36,2.3447,3.75
8,1,36,3.0257,3.75
8,1,50,2.3419,1.0
8,1,50,2.6853,1.0
8,1,9,1.9929,2.0
8,1,9,2.6816,2.0
8,1,64,2.5951,1.25
8,1,64,2.9933,1.25
8,1,23,2.6298,3.25
8,1,23,2.9902,3.25
8,1,37,2.2573,1.75
8,1,37,3.2060,1.75
8,1,51,0.7582,1.0
8,1,51,1.1333,1.0
8,1,10,3.0039,1.75
8,1,10,3.2185,1.75
8,1,65,2.8199,2.0
8,1,65,2.5033,2.0
8,1,24,2.4787,3.75
8,1,24,1.5400,3.75
8,1,38,2.8990,2.25
8,1,38,2.6723,2.25
8,1,52,2.0848,1.25
8,1,52,3.3952,1.25
8,1,11,2.6630,2.0
8,1,11,2.3500,2.0
8,1,66,2.6668,2.25
8,1,66,3.1124,2.25
8,1,25,0.2274,2.5
8,1,25,0.2067,2.5
8,1,80,1.6483,1.75
8,1,80,0.5397,1.75
8,1,39,1.6658,3.0
8,1,39,0.9882,3.0
8,1,53,0.8438,2.25
8,1,53,0.3865,2.25
8,1,12,3.1452,1.0
8,1,12,2.3062,1.0
8,1,67,2.0166,2.25
8,1,67,1.3565,2.25
8,1,26,2.1399,2.75
8,1,26,2.8077,2.75
8,1,81,2.4301,2.25
8,1,81,2.5680,2.25
8,1,40,2.0578,1.75
8,1,40,2.2403,1.75
8,1,54,2.1855,3.0
8,1,54,2.8730,3.0
8,1,68,2.9922,1.5
8,1,68,2.6183,1.5
8,1,27,2.0394,2.0
8,1,27,2.3110,2.0
8,1,82,1.5517,1.75
8,1,82,2.0914,1.75
8,1,41,0.7295,1.5
8,1,41,0.3710,1.5
8,1,96,2.0857,2.5
8,1,96,2.2257,2.5
8,1,69,1.3112,2.5
8,1,69,2.3719,2.5
8,1,28,1.7522,1.0
8,1,28,1.1025,1.0
8,1,42,2.4197,3.5
8,1,42,2.1697,3.5
8,1,97,2.5800,2.25
8,1,97,3.1599,2.25
8,1,29,2.5060,3.25
8,1,29,3.0329,3.25
8,1,43,2.2095,1.75
8,1,43,2.9861,1.75
8,1,98,3.4431,0.75
8,1,98,3.8343,0.75
8,1,30,2.6531,2.5
8,1,30,2.5721,2.5
8,1,85,1.1505,2.0
8,1,85,2.1759,2.0
8,1,44,1.7028,3.25
8,1,44,2.7357,3.25
8,1,58,0.8496,1.0
8,1,58,1.2052,1.0
8,1,31,1.4937,1.25
8,1,31,1.4327,1.25
8,1,86,2.9373,1.25
8,1,86,2.8042,1.25
8,1,59,2.9638,1.5
8,1,59,2.5447,1.5
8,1,73,0.6166,2.75
8,1,73,0.5866,2.75
8,1,87,2.6499,1.0
8,1,87,2.0023,1.0
8,1,60,0.5919,2.5
8,1,60,0.5209,2.5
8,1,74,1.0329,2.5
8,1,74,1.1492,2.5
8,1,88,1.7923,2.25
8,1,88,2.0146,2.25
8,1,61,2.1903,2.75
8,1,61,2.8478,2.75
8,1,75,2.2387,3.0
8,1,75,2.9047,3.0
8,1,2,3.0752,2.75
8,1,2,3.8175,2.75
8,1,89,3.2326,3.5
8,1,89,2.4385,3.5
8,1,16,3.6164,2.75
8,1,16,2.0907,2.75
8,1,62,0.3318,1.5
8,1,62,1.0193,1.5
8,1,76,2.2812,1.0
8,1,76,2.9502,1.0
8,1,3,3.1086,2.5
8,1,3,3.8798,2.5
8,1,17,3.9687,3.25
8,1,17,3.1890,3.25
8,1,63,3.5918,1.0
8,1,63,3.2752,1.0
8,1,77,1.9638,3.25
8,1,77,2.4698,3.25
8,1,4,1.2039,1.75
8,1,4,1.4689,1.75
8,1,91,1.3680,2.75
8,1,91,1.3232,2.75
8,1,18,2.0447,3.75
8,1,18,3.2538,3.75
8,1,32,3.0939,2.75
8,1,32,3.0787,2.75
8,1,78,3.1096,2.75
8,1,78,1.4126,2.75
8,1,5,2.1418,2.0
8,1,5,3.1124,2.0
8,1,92,1.5555,1.5
8,1,92,2.3851,1.5
8,1,19,2.8078,2.25
8,1,19,2.4590,2.25
8,1,33,2.7501,1.75
8,1,33,2.6400,1.75
8,1,79,0.5299,2.0
8,1,79,1.9807,2.0
8,1,6,3.6367,1.5
8,1,6,1.5247,1.5
8,1,93,3.2645,1.75
8,1,93,2.0832,1.75
8,1,20,2.6391,2.5
8,1,20,3.2169,2.5
8,2,17,4.3105,3.5
8,2,17,4.3224,3.5
8,2,91,1.1429,2.25
8,2,91,1.1458,2.25
8,2,19,2.7590,2.0
8,2,19,2.7552,2.0
8,2,93,1.9382,4.25
8,2,93,1.9544,4.25
8,2,96,2.0020,2.0
8,2,96,2.0004,2.0
8,2,21,2.9429,2.25
8,2,21,2.9377,2.25
8,2,56,2.3141,2.0
8,2,56,2.3294,2.0
8,2,95,1.3983,2.0
8,2,95,1.3945,2.0
8,2,98,2.5658,3.0
8,2,98,2.5577,3.0
8,2,23,3.5067,2.5
8,2,23,3.5111,2.5
8,2,58,2.9948,3.0
8,2,58,2.9963,3.0
8,2,100,2.0321,3.25
8,2,100,2.0886,3.25
8,2,25,2.5751,2.75
8,2,25,2.5794,2.75
8,2,60,1.5675,3.5
8,2,60,1.5756,3.5
8,2,67,1.0917,1.625
8,2,67,1.0925,1.625
8,2,27,1.0032,4.0
8,2,27,1.0060,4.0
8,2,62,3.5356,1.75
8,2,62,3.5508,1.75
8,2,69,0.1988,3.5
8,2,69,0.2012,3.5
8,2,29,4.9923,4.75
8,2,29,5.0607,4.75
8,2,32,3.7708,4.0
8,2,32,3.7672,4.0
8,2,71,1.6840,2.0
8,2,71,1.6972,2.0
8,2,31,2.4596,2.75
8,2,31,2.4447,2.75
8,2,34,3.1827,3.5
8,2,34,3.1881,3.5
8,2,73,1.7829,3.5
8,2,73,1.7915,3.5
8,2,36,3.8809,3.75
8,2,36,3.8803,3.75
8,2,75,0.8722,4.0
8,2,75,0.8709,4.0
8,2,38,5.6114,3.75
8,2,38,5.6131,3.75
8,2,77,1.7196,4.75
8,2,77,1.7289,4.75
8,2,5,0.7833,3.75
8,2,5,0.7825,3.75
8,2,40,3.6767,2.0
8,2,40,3.6714,2.0
8,2,79,3.1858,4.0
8,2,79,3.1932,4.0
8,2,7,1.9254,1.5
8,2,7,1.8571,1.5
8,2,42,3.6052,3.5
8,2,42,3.6059,3.5
8,2,9,0.6927,2.0
8,2,9,0.7036,2.0
8,2,44,3.5394,3.25
8,2,44,3.5350,3.25
8,2,11,1.8239,3.0
8,2,11,1.8224,3.0
8,2,46,2.0147,3.25
8,2,46,2.0126,3.25
8,2,80,4.2011,3.25
8,2,80,4.2014,3.25
8,2,15,2.1621,2.25
8,2,15,2.1566,2.25
8,2,49,3.2554,4.0
8,2,49,3.2575,4.0
8,2,84,2.1760,3.5
8,2,84,2.2433,3.5
8,2,86,2.3920,3.25
8,2,86,2.3959,3.25
8,2,88,2.7157,3.75
8,2,88,2.7163,3.75
8,2,16,4.0822,4.0
8,2,16,4.0852,4.0
8,2,55,3.5281,3.75
8,2,55,3.5172,3.75
8,2,90,1.9214,1.5
8,2,90,1.9191,1.5
8,2,97,3.4295,4.25
8,2,97,3.4174,4.25
8,2,18,3.1316,3.5
8,2,18,3.1256,3.5
8,2,57,3.3148,4.75
8,2,57,3.3144,4.75
8,2,92,1.6601,2.0
8,2,92,1.6604,2.0
8,2,99,2.7260,4.0
8,2,99,2.7257,4.0
8,2,20,5.1841,3.75
8,2,20,5.1823,3.75
8,2,59,2.6038,4.5
8,2,59,2.6064,4.5
8,2,94,0.8953,3.0
8,2,94,0.8978,3.0
8,2,101,2.6355,2.75
8,2,101,2.6096,2.75
8,2,22,3.2942,2.25
8,2,22,3.2837,2.25
8,2,61,3.5925,4.0
8,2,61,3.5940,4.0
8,2,64,4.6679,4.75
8,2,64,4.6515,4.75
8,2,24,1.4530,3.0
8,2,24,1.4574,3.0
8,2,63,3.0704,5.25
8,2,63,3.0740,5.25
8,2,26,2.1105,4.0
8,2,26,2.1081,4.0
8,2,33,1.5357,2.25
8,2,33,1.5387,2.25
8,2,68,2.3481,2.75
8,2,68,2.3530,2.75
8,2,28,1.6152,2.5
8,2,28,1.6104,2.5
8,2,35,3.5647,3.5
8,2,35,3.5603,3.5
8,2,70,3.2597,4.0
8,2,70,3.2549,4.0
8,2,30,4.3449,4.25
8,2,30,4.3428,4.25
8,2,37,3.4766,2.25
8,2,37,3.4773,2.25
8,2,72,1.0738,3.5
8,2,72,1.0695,3.5
8,2,39,4.7778,2.0
8,2,39,4.7778,2.0
8,2,74,0.1026,3.75
8,2,74,0.1023,3.75
8,2,41,3.0932,4.0
8,2,41,3.1039,4.0
8,2,76,4.1276,3.25
8,2,76,4.1277,3.25
8,2,4,0.8248,3.25
8,2,4,0.8300,3.25
8,2,43,2.3408,2.75
8,2,43,2.2999,2.75
8,2,78,2.5044,3.25
8,2,78,2.5240,3.25
8,2,6,1.2238,1.75
8,2,6,1.2042,1.75
8,2,45,4.8562,2.25
8,2,45,4.8570,2.25
8,2,8,2.3580,4.25
8,2,8,2.3096,4.25
8,2,47,0.5301,2.75
8,2,47,0.5195,2.75
8,2,10,2.3217,1.75
8,2,10,2.3489,1.75
8,2,83,0.9521,2.75
8,2,83,0.9478,2.75
8,2,85,1.2667,4.5
8,2,85,1.2620,4.5
8,2,48,2.7236,4.0
8,2,48,2.7200,4.0
8,2,87,3.0470,2.0
8,2,87,3.0503,2.0
8,2,50,4.2497,3.0
8,2,50,4.2476,3.0
8,2,89,3.1807,2.25
8,2,89,3.1140,2.25
9,1,81,1.7608,2.25
9,1,81,2.4767,2.25
9,1,27,4.3039,3.75
9,1,27,4.2124,3.75
9,1,83,3.7740,4.25
9,1,83,3.6751,4.25
9,1,29,3.8041,2.5
9,1,29,3.2268,2.5
9,1,32,3.8832,2.75
9,1,32,3.9506,2.75
9,1,85,5.1330,4.75
9,1,85,5.3569,4.75
9,1,31,4.3610,3.5
9,1,31,3.8821,3.5
9,1,34,2.9963,3.25
9,1,34,3.1920,3.25
9,1,87,3.0160,3.25
9,1,87,3.6398,3.25
9,1,36,3.1800,3.5
9,1,36,3.2393,3.5
9,1,89,4.3909,2.75
9,1,89,3.7630,2.75
9,1,3,3.5361,4.75
9,1,3,3.4326,4.75
9,1,38,4.3299,3.5
9,1,38,4.2109,3.5
9,1,91,3.3113,3.75
9,1,91,3.7814,3.75
9,1,5,3.9386,5.75
9,1,5,3.3173,5.75
9,1,40,2.5766,2.25
9,1,40,3.3123,2.25
9,1,93,4.2820,3.25
9,1,93,4.4962,3.25
9,1,96,2.4117,4.25
9,1,96,2.3693,4.25
9,1,7,4.6063,4.25
9,1,7,4.5140,4.25
9,1,42,3.1363,4.0
9,1,42,3.4866,4.0
9,1,95,2.5289,4.25
9,1,95,3.0195,4.25
9,1,98,4.8593,2.25
9,1,98,5.4738,2.25
9,1,65,4.0267,2.0
9,1,65,3.8328,2.0
9,1,100,4.6799,4.25
9,1,100,4.3252,4.25
9,1,67,3.8384,4.25
9,1,67,4.1852,4.25
9,1,102,3.5782,3.75
9,1,102,3.2627,3.75
9,1,69,3.4579,5.5
9,1,69,3.3470,5.5
9,1,104,4.0911,3.0
9,1,104,4.3323,3.0
9,1,106,4.0738,4.0
9,1,106,4.7930,4.0
9,1,73,3.4761,3.25
9,1,73,3.8513,3.25
9,1,51,3.6041,3.5
9,1,51,3.2050,3.5
9,1,75,3.6549,2.5
9,1,75,4.2237,2.5
9,1,110,3.8348,4.25
9,1,110,3.5604,4.25
9,1,53,3.7804,3.0
9,1,53,3.3558,3.0
9,1,77,3.5558,3.25
9,1,77,3.8592,3.25
9,1,16,3.6500,1.5
9,1,16,3.7718,1.5
9,1,55,3.1728,3.5
9,1,55,3.3284,3.5
9,1,79,4.2962,4.0
9,1,79,4.5303,4.0
9,1,18,4.1651,3.5
9,1,18,4.6138,3.5
9,1,20,3.1968,4.0
9,1,20,3.7855,4.0
9,1,59,3.6306,2.75
9,1,59,4.0137,2.75
9,1,22,3.2749,3.0
9,1,22,3.6384,3.0
9,1,61,4.4398,3.5
9,1,61,4.2216,3.5
9,1,24,4.6269,3.5
9,1,24,4.3340,3.5
9,1,63,3.2964,3.25
9,1,63,3.1816,3.25
9,1,80,3.8938,3.25
9,1,80,3.8858,3.25
9,1,26,3.6947,4.5
9,1,26,3.3679,4.5
9,1,33,3.1154,3.75
9,1,33,3.6043,3.75
9,1,82,3.9950,4.0
9,1,82,3.3825,4.0
9,1,28,3.3061,2.75
9,1,28,2.5979,2.75
9,1,35,3.9894,3.5
9,1,35,3.4155,3.5
9,1,84,4.6043,3.0
9,1,84,4.3042,3.0
9,1,30,4.0979,3.0
9,1,30,3.4885,3.0
9,1,37,4.6999,4.5
9,1,37,4.5549,4.5
9,1,86,4.0815,4.0
9,1,86,3.8965,4.0
9,1,39,2.3407,2.75
9,1,39,2.9664,2.75
9,1,88,4.0556,3.25
9,1,88,4.2592,3.25
9,1,2,3.5322,5.25
9,1,2,3.3775,5.25
9,1,41,3.4650,3.0
9,1,41,3.8601,3.0
9,1,90,4.1292,2.75
9,1,90,3.9181,2.75
9,1,97,4.8164,3.5
9,1,97,4.5969,3.5
9,1,4,3.7471,5.0
9,1,4,3.6588,5.0
9,1,92,3.6444,4.0
9,1,92,3.5534,4.0
9,1,99,3.9939,3.0
9,1,99,3.8816,3.0
9,1,6,4.7633,3.5
9,1,6,4.4805,3.5
9,1,94,3.4360,3.0
9,1,94,3.6686,3.0
9,1,101,3.9802,2.25
9,1,101,4.5250,2.25
9,1,8,3.8473,4.5
9,1,8,3.5521,4.5
9,1,64,4.1427,4.25
9,1,64,3.9044,4.25
9,1,103,2.7965,2.25
9,1,103,2.6727,2.25
9,1,66,4.2419,4.75
9,1,66,3.6023,4.75
9,1,105,3.4442,3.75
9,1,105,3.4695,3.75
9,1,12,2.5621,4.75
9,1,12,3.0653,4.75
9,1,68,4.3295,3.5
9,1,68,4.6316,3.5
9,1,107,2.8240,4.25
9,1,107,3.0788,4.25
9,1,72,4.4349,3.75
9,1,72,3.7845,3.75
9,1,111,3.4864,3.0
9,1,111,4.1819,3.0
9,1,50,3.2971,3.5
9,1,50,3.7511,3.5
9,1,74,3.0277,3.0
9,1,74,3.2039,3.0
9,1,17,4.1947,4.25
9,1,17,3.7519,4.25
9,1,52,3.7073,2.75
9,1,52,3.6909,2.75
9,1,76,3.8984,4.0
9,1,76,4.0782,4.0
9,1,19,4.3067,3.25
9,1,19,3.6431,3.25
9,1,54,3.1074,2.75
9,1,54,2.3154,2.75
9,1,78,3.7558,3.5
9,1,78,4.2092,3.5
9,1,21,2.2773,4.5
9,1,21,2.3832,4.5
9,1,56,3.9662,3.75
9,1,56,4.6590,3.75
9,1,23,4.3991,4.5
9,1,23,4.1995,4.5
9,1,25,3.6394,3.5
9,1,25,4.0078,3.5
9,1,60,4.4826,4.0
9,1,60,3.7697,4.0
9,2,98,4.7291,4.5
9,2,98,4.5841,4.5
9,2,71,5.1367,5.25
9,2,71,4.9594,5.25
9,2,100,5.0218,5.75
9,2,100,4.6449,5.75
9,2,46,3.3222,4.75
9,2,46,3.5108,4.75
9,2,102,4.9249,3.75
9,2,102,4.8146,3.75
9,2,75,4.0033,3.75
9,2,75,4.5869,3.75
9,2,16,3.9881,2.75
9,2,16,3.8255,2.75
9,2,104,4.8016,3.25
9,2,104,4.9189,3.25
9,2,77,4.4687,4.25
9,2,77,4.3372,4.25
9,2,18,2.8718,4.25
9,2,18,3.4316,4.25
9,2,106,5.1627,5.25
9,2,106,5.0250,5.25
9,2,79,4.6079,5.25
9,2,79,5.1412,5.25
9,2,20,2.7835,3.0
9,2,20,3.0998,3.0
9,2,108,4.2721,4.25
9,2,108,4.4493,4.25
9,2,49,5.0448,5.25
9,2,49,4.9079,5.25
9,2,22,4.1681,3.0
9,2,22,3.9616,3.0
9,2,110,4.1342,3.25
9,2,110,4.0991,3.25
9,2,51,3.6187,5.0
9,2,51,4.3335,5.0
9,2,24,4.2409,1.75
9,2,24,3.7839,1.75
9,2,80,4.4015,4.75
9,2,80,4.1352,4.75
9,2,53,1.6452,3.75
9,2,53,3.0994,3.75
9,2,26,4.3222,3.25
9,2,26,3.5092,3.25
9,2,82,4.8978,3.0
9,2,82,4.8650,3.0
9,2,55,4.0656,3.25
9,2,55,4.3665,3.25
9,2,28,4.6042,4.75
9,2,28,3.7779,4.75
9,2,84,5.1237,3.75
9,2,84,4.3809,3.75
9,2,30,4.3849,2.75
9,2,30,4.5530,2.75
9,2,113,4.7044,5.75
9,2,113,4.8221,5.75
9,2,86,4.1977,4.0
9,2,86,4.4138,4.0
9,2,88,4.6825,4.5
9,2,88,4.3961,4.5
9,2,2,3.1513,4.0
9,2,2,3.7298,4.0
9,2,90,5.1526,3.25
9,2,90,5.1712,3.25
9,2,63,4.6844,5.0
9,2,63,4.7185,5.0
9,2,4,4.5189,5.25
9,2,4,4.0005,5.25
9,2,92,4.9661,4.25
9,2,92,4.9101,4.25
9,2,33,3.1567,3.0
9,2,33,3.0090,3.0
9,2,6,4.5434,5.75
9,2,6,4.6760,5.75
9,2,94,4.4639,4.0
9,2,94,4.7922,4.0
9,2,35,3.3839,2.5
9,2,35,3.8185,2.5
9,2,8,3.5210,4.5
9,2,8,3.6424,4.5
9,2,64,4.6713,4.5
9,2,64,4.2930,4.5
9,2,37,3.1261,3.75
9,2,37,3.2348,3.75
9,2,10,4.1877,4.75
9,2,10,4.0323,4.75
9,2,66,5.0291,5.5
9,2,66,4.4988,5.5
9,2,39,3.7483,4.0
9,2,39,4.1031,4.0
9,2,12,4.2498,5.5
9,2,12,4.6050,5.5
9,2,68,4.1256,3.25
9,2,68,4.2818,3.25
9,2,41,2.8905,4.5
9,2,41,4.2881,4.5
9,2,97,4.4565,3.75
9,2,97,4.6143,3.75
9,2,70,4.5032,4.75
9,2,70,4.7065,4.75
9,2,99,4.6393,4.5
9,2,99,4.5964,4.5
9,2,45,2.9130,3.0
9,2,45,2.6943,3.0
9,2,101,4.7971,3.75
9,2,101,4.6715,3.75
9,2,74,5.0475,5.25
9,2,74,4.7476,5.25
9,2,47,3.9869,5.0
9,2,47,2.8265,5.0
9,2,103,4.5868,3.0
9,2,103,5.1516,3.0
9,2,76,5.0894,3.25
9,2,76,5.2277,3.25
9,2,17,4.7558,4.0
9,2,17,4.1661,4.0
9,2,105,5.1420,4.5
9,2,105,4.9712,4.5
9,2,78,4.3388,5.5
9,2,78,4.7412,5.5
9,2,19,3.5279,3.25
9,2,19,2.7902,3.25
9,2,107,4.6108,3.75
9,2,107,4.3501,3.75
9,2,48,3.6352,5.0
9,2,48,3.6817,5.0
9,2,21,3.4379,3.75
9,2,21,3.5534,3.75
9,2,109,4.3804,2.25
9,2,109,4.5646,2.25
9,2,50,3.4593,4.0
9,2,50,3.1597,4.0
9,2,23,2.9664,2.75
9,2,23,3.7668,2.75
9,2,111,4.8841,4.0
9,2,111,4.8249,4.0
9,2,52,2.2554,2.75
9,2,52,1.7278,2.75
9,2,25,3.7287,5.75
9,2,25,4.0937,5.75
9,2,81,4.3457,4.75
9,2,81,4.6487,4.75
9,2,54,3.8512,5.5
9,2,54,4.5616,5.5
9,2,27,3.5790,3.25
9,2,27,3.1105,3.25
9,2,83,4.7586,4.0
9,2,83,4.1822,4.0
9,2,56,3.7306,5.0
9,2,56,3.0442,5.0
9,2,29,3.4936,3.0
9,2,29,4.1755,3.0
9,2,112,4.5880,4.5
9,2,112,4.2857,4.5
9,2,85,4.8904,4.75
9,2,85,4.8856,4.75
9,2,31,3.4263,2.75
9,2,31,3.6976,2.75
9,2,87,4.8506,3.25
9,2,87,4.9082,3.25
9,2,89,4.6689,2.75
9,2,89,4.8551,2.75
9,2,62,4.5806,4.0
9,2,62,4.8115,4.0
9,2,3,3.9906,4.5
9,2,3,3.8434,4.5
9,2,91,4.5240,4.25
9,2,91,5.0278,4.25
9,2,32,3.8751,2.25
9,2,32,3.4357,2.25
9,2,5,3.4995,5.5
9,2,5,4.0724,5.5
9,2,93,4.4844,4.5
9,2,93,4.7525,4.5
9,2,34,5.1735,2.5
9,2,34,4.0145,2.5
9,2,7,4.0445,5.25
9,2,7,4.0287,5.25
9,2,95,4.9530,5.0
9,2,95,4.6219,5.0
9,2,36,3.5866,4.75
9,2,36,3.4882,4.75
9,2,9,4.6792,5.75
9,2,9,4.7617,5.75
9,2,65,4.5977,4.75
9,2,65,4.5492,4.75
9,2,38,3.2998,2.0
9,2,38,3.0957,2.0
9,2,11,4.3569,4.5
9,2,11,4.2723,4.5
9,2,67,4.7355,4.25
9,2,67,4.6235,4.25
9,2,40,3.7071,3.25
9,2,40,4.5231,3.25
9,2,13,3.7848,3.75
9,2,13,3.9183,3.75
9,2,96,5.0536,3.0
9,2,96,4.8510,3.0
9,2,69,4.9749,3.25
9,2,69,4.6935,3.25
9,2,42,4.4259,3.25
9,2,42,4.0313,3.25
10,1,63,4.6050,4.25
10,1,63,4.6479,4.25
10,1,24,4.5740,4.75
10,1,24,4.8828,4.75
10,1,80,5.0654,5.0
10,1,80,5.0106,5.0
10,1,61,5.2456,4.0
10,1,61,5.4196,4.0
10,1,6,4.3287,5.0
10,1,6,4.7789,5.0
10,1,94,5.2008,5.0
10,1,94,5.0128,5.0
10,1,4,4.6212,5.5
10,1,4,4.4847,5.5
10,1,92,4.0034,5.0
10,1,92,3.7241,5.0
10,1,57,4.5695,1.5
10,1,57,4.6645,1.5
10,1,90,5.0287,3.75
10,1,90,5.3346,3.75
10,1,39,4.7932,4.0
10,1,39,4.3901,4.0
10,1,88,4.3424,5.5
10,1,88,4.6841,5.5
10,1,37,4.5298,6.0
10,1,37,5.2043,6.0
10,1,14,4.9733,3.75
10,1,14,4.8060,3.75
10,1,35,4.7867,2.0
10,1,35,4.6703,2.0
10,1,12,4.9444,4.5
10,1,12,4.8549,4.5
10,1,68,4.6547,3.75
10,1,68,4.5879,3.75
10,1,33,4.4017,4.5
10,1,33,5.1161,4.5
10,1,10,4.5598,5.0
10,1,10,4.6268,5.0
10,1,66,4.9575,6.0
10,1,66,4.8288,6.0
10,1,47,4.7749,5.25
10,1,47,4.9842,5.25
10,1,8,4.7513,6.25
10,1,8,5.0699,6.25
10,1,103,5.0875,3.75
10,1,103,4.6755,3.75
10,1,64,4.8355,5.0
10,1,64,4.5851,5.0
10,1,45,4.8910,2.875
10,1,45,4.6979,2.875
10,1,101,4.8092,5.5
10,1,101,4.5763,5.5
10,1,78,4.9345,5.5
10,1,78,4.7920,5.5
10,1,43,4.7713,4.5
10,1,43,5.0115,4.5
10,1,99,5.0411,5.25
10,1,99,4.4892,5.25
10,1,76,4.6339,4.75
10,1,76,4.5532,4.75
10,1,41,4.8754,3.25
10,1,41,4.9431,3.25
10,1,97,4.7257,3.75
10,1,97,4.5662,3.75
10,1,74,5.1782,4.75
10,1,74,4.8301,4.75
10,1,72,4.6830,3.0
10,1,72,5.0136,3.0
10,1,21,4.5801,5.25
10,1,21,4.7214,5.25
10,1,54,4.3306,3.5
10,1,54,4.3857,3.5
10,1,107,4.6483,5.0
10,1,107,5.0116,5.0
10,1,52,5.0447,5.0
10,1,52,4.8151,5.0
10,1,105,4.9477,4.0
10,1,105,4.2872,4.0
10,1,50,4.5753,5.25
10,1,50,4.7799,5.25
10,1,31,5.3997,4.75
10,1,31,4.9960,4.75
10,1,87,4.9261,4.75
10,1,87,4.6800,4.75
10,1,48,5.1874,5.0
10,1,48,5.0332,5.0
10,1,29,5.3134,4.5
10,1,29,4.7411,4.5
10,1,85,4.8767,4.75
10,1,85,4.6207,4.75
10,1,62,4.8973,3.75
10,1,62,4.5239,3.75
10,1,27,4.8676,4.25
10,1,27,4.9032,4.25
10,1,83,4.8662,3.0
10,1,83,5.0483,3.0
10,1,25,4.9425,4.5
10,1,25,4.6787,4.5
10,1,81,4.5104,4.25
10,1,81,4.3093,4.25
10,1,7,4.7949,5.5
10,1,7,4.9562,5.5
10,1,95,5.1870,4.75
10,1,95,4.9556,4.75
10,1,56,4.8544,4.5
10,1,56,4.6874,4.5
10,1,5,4.3443,5.0
10,1,5,4.7059,5.0
10,1,93,4.7499,4.0
10,1,93,4.8757,4.0
10,1,38,4.5400,3.75
10,1,38,4.6021,3.75
10,1,91,4.8113,4.5
10,1,91,4.7197,4.5
10,1,36,5.0130,4.75
10,1,36,5.1851,4.75
10,1,89,4.6152,5.25
10,1,89,4.9319,5.25
10,1,34,4.3503,4.0
10,1,34,4.3258,4.0
10,1,32,5.2928,3.75
10,1,32,5.1527,3.75
10,1,13,4.5383,4.25
10,1,13,4.7378,4.25
10,1,69,5.5083,4.5
10,1,69,4.8243,4.5
10,1,46,4.8429,5.0
10,1,46,4.8288,5.0
10,1,11,4.8614,4.0
10,1,11,5.3986,4.0
10,1,102,4.9925,5.0
10,1,102,4.6153,5.0
10,1,67,5.0065,5.25
10,1,67,4.6595,5.25
10,1,44,4.8489,4.5
10,1,44,4.8270,4.5
10,1,9,4.2577,5.5
10,1,9,4.2435,5.5
10,1,100,4.6716,4.0
10,1,100,4.7734,4.0
10,1,65,4.5515,5.75
10,1,65,4.8209,5.75
10,1,42,5.1586,5.25
10,1,42,4.6618,5.25
10,1,98,4.8088,4.5
10,1,98,4.4371,4.5
10,1,79,4.7114,4.5
10,1,79,4.5888,4.5
10,1,40,5.0269,4.5
10,1,40,4.8310,4.5
10,1,96,4.6553,4.5
10,1,96,5.0687,4.5
10,1,77,4.9621,4.5
10,1,77,4.6619,4.5
10,1,22,4.7570,4.5
10,1,22,5.0395,4.5
10,1,75,4.7284,4.5
10,1,75,4.7101,4.5
10,1,20,5.1064,5.0
10,1,20,5.0309,5.0
10,1,108,4.4209,5.0
10,1,108,4.6562,5.0
10,1,73,4.9968,4.25
10,1,73,4.7473,4.25
10,1,106,4.9172,2.0
10,1,106,4.7464,2.0
10,1,55,4.7513,5.25
10,1,55,4.4145,5.25
10,1,104,5.3023,4.5
10,1,104,4.7662,4.5
10,1,53,4.6818,5.25
10,1,53,4.6542,5.25
10,1,30,5.4489,5.5
10,1,30,4.9513,5.5
10,1,86,5.1814,4.0
10,1,86,5.2333,4.0
10,1,51,5.2191,5.5
10,1,51,4.6631,5.5
10,1,28,4.8820,4.75
10,1,28,5.1500,4.75
10,1,84,4.3664,2.75
10,1,84,4.5513,2.75
10,1,49,4.5212,4.0
10,1,49,4.4847,4.0
10,1,26,4.5910,2.375
10,1,26,4.4602,2.375
10,1,82,5.5142,4.5
10,1,82,4.9962,4.5
10,2,65,4.4926,5.0
10,2,65,4.5963,5.0
10,2,26,4.9326,3.5
10,2,26,4.8982,3.5
10,2,83,4.3321,4.25
10,2,83,4.3171,4.25
10,2,15,4.4115,5.75
10,2,15,4.1454,5.75
10,2,25,3.0599,4.25
10,2,25,3.8418,4.25
10,2,82,4.5019,5.25
10,2,82,4.6984,5.25
10,2,14,3.9605,5.25
10,2,14,4.0940,5.25
10,2,71,4.1447,4.0
10,2,71,3.9917,4.0
10,2,24,3.8286,3.5
10,2,24,3.6683,3.5
10,2,81,3.7188,5.25
10,2,81,4.1386,5.25
10,2,35,3.7267,2.75
10,2,35,4.0759,2.75
10,2,13,4.6187,5.25
10,2,13,4.4730,5.25
10,2,70,4.7816,4.66667
10,2,70,5.2401,4.66667
10,2,31,4.6211,3.25
10,2,31,4.1685,3.25
10,2,80,4.3871,4.5
10,2,80,4.1984,4.5
10,2,34,3.7354,5.0
10,2,34,4.1748,5.0
10,2,12,4.6017,4.25
10,2,12,4.4920,4.25
10,2,69,4.7889,5.25
10,2,69,4.9282,5.25
10,2,30,3.5551,5.75
10,2,30,3.7029,5.75
10,2,87,4.9992,5.5
10,2,87,5.5501,5.5
10,2,33,4.5649,4.75
10,2,33,5.1045,4.75
10,2,51,5.0318,5.5
10,2,51,4.6364,5.5
10,2,68,4.4059,4.75
10,2,68,4.7355,4.75
10,2,29,4.3569,5.0
10,2,29,4.4970,5.0
10,2,86,3.4317,4.5
10,2,86,3.6063,4.5
10,2,32,4.8054,1.75
10,2,32,4.3683,1.75
10,2,50,2.6746,4.0
10,2,50,2.2679,4.0
10,2,75,4.6874,4.5
10,2,75,5.0455,4.5
10,2,28,4.1679,4.5
10,2,28,4.4662,4.5
10,2,85,3.8485,5.25
10,2,85,4.2011,5.25
10,2,39,4.0388,5.25
10,2,39,4.2191,5.25
10,2,74,4.7522,4.75
10,2,74,4.7859,4.75
10,2,3,4.7682,3.75
10,2,3,4.7473,3.75
10,2,84,4.8893,4.0
10,2,84,4.5172,4.0
10,2,38,4.0685,4.75
10,2,38,5.3688,4.75
10,2,73,4.5594,5.5
10,2,73,4.3559,5.5
10,2,91,4.1914,4.25
10,2,91,4.3707,4.25
10,2,37,4.1418,5.0
10,2,37,3.8331,5.0
10,2,55,4.7144,3.75
10,2,55,4.2302,3.75
10,2,72,4.5273,6.25
10,2,72,4.7030,6.25
10,2,90,4.9664,4.25
10,2,90,4.9703,4.25
10,2,19,3.7441,4.5
10,2,19,4.0110,4.5
10,2,36,4.4339,3.75
10,2,36,4.6982,3.75
10,2,54,4.9247,5.5
10,2,54,4.9218,5.5
10,2,79,4.3270,5.5
10,2,79,3.9482,5.5
10,2,89,4.8450,4.0
10,2,89,4.9928,4.0
10,2,43,3.5972,5.75
10,2,43,4.4058,5.75
10,2,53,4.7365,6.75
10,2,53,4.9623,6.75
10,2,78,5.2644,5.25
10,2,78,5.2290,5.25
10,2,7,3.6119,5.25
10,2,7,4.0986,5.25
10,2,88,5.4897,5.5
10,2,88,6.1699,5.5
10,2,42,5.1399,5.5
10,2,42,5.1208,5.5
10,2,52,3.7411,5.5
10,2,52,3.9638,5.5
10,2,77,3.8446,3.5
10,2,77,4.5859,3.5
10,2,6,3.9690,5.25
10,2,6,3.4382,5.25
10,2,95,4.7992,2.0
10,2,95,4.7989,2.0
10,2,41,2.8308,5.25
10,2,41,5.0328,5.25
10,2,76,4.6611,4.5
10,2,76,5.0260,4.5
10,2,5,3.5719,5.5
10,2,5,4.3422,5.5
10,2,94,4.8264,3.25
10,2,94,4.9642,3.25
10,2,23,4.3173,5.0
10,2,23,4.2063,5.0
10,2,40,2.4176,4.5
10,2,40,3.1208,4.5
10,2,97,2.8311,5.75
10,2,97,2.4650,5.75
10,2,58,3.9649,5.5
10,2,58,4.1202,5.5
10,2,4,3.6483,6.25
10,2,4,3.7564,6.25
10,2,93,3.9100,3.25
10,2,93,3.5477,3.25
10,2,22,4.6152,5.5
10,2,22,5.2147,5.5
10,2,47,2.5270,5.25
10,2,47,1.3218,5.25
10,2,96,3.8344,4.75
10,2,96,4.0471,4.75
10,2,11,4.4804,4.5
10,2,11,4.3370,4.5
10,2,92,4.6851,4.75
10,2,92,4.9106,4.75
10,2,21,4.1532,5.5
10,2,21,4.0379,5.5
10,2,46,3.8653,4.25
10,2,46,3.4271,4.25
10,2,56,3.7534,5.25
10,2,56,3.8622,5.25
10,2,10,3.7375,5.25
10,2,10,3.9455,5.25
10,2,67,5.2403,4.33333
10,2,67,5.3972,4.33333
10,2,20,4.2728,2.75
10,2,20,3.7190,2.75
10,2,45,3.2666,3.5
10,2,45,4.3075,3.5
10,2,9,5.0853,3.25
10,2,9,4.4059,3.25
10,2,66,3.9446,3.0
10,2,66,3.8995,3.0
10,2,27,3.9467,5.0
10,2,27,4.1085,5.0
10,2,44,4.4851,5.0
10,2,44,4.3975,5.0
10,2,8,3.7781,5.75
10,2,8,3.7631,5.75
11,1,5,4.8381,4.5
11,1,5,4.0292,4.5
11,1,94,3.7608,5.75
11,1,94,3.9629,5.75
11,1,23,4.1695,5.75
11,1,23,3.4976,5.75
11,1,32,3.9691,4.25
11,1,32,2.7297,4.25
11,1,50,2.5899,3.0
11,1,50,3.2480,3.0
11,1,75,3.8358,3.5
11,1,75,3.9088,3.5
11,1,4,3.3380,5.75
11,1,4,3.5161,5.75
11,1,93,3.3965,4.25
11,1,93,3.5742,4.25
11,1,22,4.7167,6.25
11,1,22,4.7629,6.25
11,1,47,3.5032,4.0
11,1,47,3.3061,4.0
11,1,49,3.3374,4.5
11,1,49,2.9711,4.5
11,1,74,3.4295,5.0
11,1,74,3.1688,5.0
11,1,92,4.1028,4.25
11,1,92,3.9937,4.25
11,1,21,3.6183,4.25
11,1,21,3.4382,4.25
11,1,46,3.8160,1.75
11,1,46,3.4510,1.75
11,1,48,3.6299,2.25
11,1,48,3.9067,2.25
11,1,73,4.5427,5.25
11,1,73,3.9987,5.25
11,1,91,3.6368,5.5
11,1,91,3.6456,5.5
11,1,20,5.1752,5.5
11,1,20,5.3026,5.5
11,1,63,4.8011,6.25
11,1,63,3.7200,6.25
11,1,72,3.4499,4.75
11,1,72,3.0745,4.75
11,1,90,4.0884,4.25
11,1,90,3.5492,4.25
11,1,19,4.8691,6.25
11,1,19,3.5409,6.25
11,1,62,3.5071,5.0
11,1,62,3.5037,5.0
11,1,89,4.0187,5.0
11,1,89,3.7015,5.0
11,1,15,3.9918,3.5
11,1,15,3.8267,3.5
11,1,88,3.6092,3.75
11,1,88,2.8579,3.75
11,1,99,3.1537,6.25
11,1,99,3.5629,6.25
11,1,14,4.5415,4.25
11,1,14,3.8123,4.25
11,1,71,5.1058,4.75
11,1,71,4.1428,4.75
11,1,98,3.2471,4.5
11,1,98,3.4230,4.5
11,1,13,4.9563,5.25
11,1,13,3.5022,5.25
11,1,70,4.5257,5.0
11,1,70,3.7379,5.0
11,1,31,5.0854,5.5
11,1,31,3.9087,5.5
11,1,97,3.5426,3.75
11,1,97,3.1474,3.75
11,1,12,3.7860,5.5
11,1,12,3.6770,5.5
11,1,69,3.5638,4.0
11,1,69,3.0304,4.0
11,1,30,4.8122,4.25
11,1,30,3.9720,4.25
11,1,87,4.4252,2.75
11,1,87,3.5073,2.75
11,1,96,4.5063,4.75
11,1,96,4.2117,4.75
11,1,57,3.0715,2.5
11,1,57,2.9935,2.5
11,1,11,4.7715,4.5
11,1,11,4.4933,4.5
11,1,68,3.7458,4.25
11,1,68,3.0452,4.25
11,1,29,4.5496,5.5
11,1,29,4.4279,5.5
11,1,56,2.8313,2.25
11,1,56,3.3198,2.25
11,1,10,4.2177,4.66667
11,1,10,4.4400,4.66667
11,1,67,3.5870,6.25
11,1,67,2.8734,6.25
11,1,28,4.2060,4.5
11,1,28,3.7799,4.5
11,1,39,1.3242,5.0
11,1,39,2.1631,5.0
11,1,9,4.8852,4.0
11,1,9,4.2080,4.0
11,1,66,3.2412,3.25
11,1,66,4.3825,3.25
11,1,27,4.2881,4.5
11,1,27,3.6546,4.5
11,1,84,4.4376,3.5
11,1,84,3.5515,3.5
11,1,38,3.8457,4.5
11,1,38,3.0708,4.5
11,1,8,3.8603,4.25
11,1,8,3.7678,4.25
11,1,65,3.1399,4.25
11,1,65,3.3772,4.25
11,1,26,5.0185,4.0
11,1,26,4.1128,4.0
11,1,83,4.7514,3.5
11,1,83,4.7504,3.5
11,1,37,4.9084,3.75
11,1,37,3.8871,3.75
11,1,55,3.9489,4.0
11,1,55,3.1837,4.0
11,1,64,3.5225,5.0
11,1,64,3.8586,5.0
11,1,25,3.3460,5.0
11,1,25,3.1690,5.0
11,1,82,3.8722,4.5
11,1,82,3.7677,4.5
11,1,36,3.9652,5.0
11,1,36,3.1493,5.0
11,1,54,4.0082,2.5
11,1,54,3.9814,2.5
11,1,79,3.7570,4.5
11,1,79,3.4189,4.5
11,1,24,3.6203,3.25
11,1,24,3.1198,3.25
11,1,81,3.6680,4.5
11,1,81,3.3372,4.5
11,1,35,4.2930,4.5
11,1,35,3.5855,4.5
11,1,53,4.1820,5.25
11,1,53,3.1834,5.25
11,1,78,4.0604,5.0
11,1,78,3.4940,5.0
11,1,7,5.2671,4.25
11,1,7,4.5643,4.25
11,1,80,3.8521,6.0
11,1,80,4.1004,6.0
11,1,34,4.3704,4.5
11,1,34,4.6357,4.5
11,1,52,4.5449,4.25
11,1,52,3.5878,4.25
11,1,77,3.9615,6.0
11,1,77,3.1241,6.0
11,1,6,2.8617,5.0
11,1,6,3.6027,5.0
11,1,95,4.0123,4.25
11,1,95,3.8751,4.25
11,1,33,4.1574,5.0
11,1,33,4.1655,5.0
11,1,51,3.7823,4.75
11,1,51,4.0040,4.75
11,1,76,3.5583,4.0
11,1,76,3.5283,4.0
11,2,84,3.3329,4.75
11,2,84,3.1867,4.75
11,2,28,4.4557,4.5
11,2,28,3.3543,4.5
11,2,74,2.8600,4.25
11,2,74,2.4886,4.25
11,2,18,3.8237,4.0
11,2,18,3.7762,4.0
11,2,72,2.7550,4.25
11,2,72,2.8134,4.25
11,2,63,3.2202,2.75
11,2,63,3.1342,2.75
11,2,78,3.7858,5.5
11,2,78,3.1498,5.5
11,2,61,2.8678,3.25
11,2,61,2.9839,3.25
11,2,22,2.7523,3.75
11,2,22,2.6724,3.75
11,2,76,4.7190,5.5
11,2,76,3.2978,5.5
11,2,51,3.8033,4.5
11,2,51,3.6754,4.5
11,2,20,3.9803,4.75
11,2,20,3.3583,4.75
11,2,105,3.6365,4.5
11,2,105,2.6849,4.5
11,2,66,3.2706,1.75
11,2,66,3.8437,1.75
11,2,49,4.6379,2.75
11,2,49,5.0433,2.75
11,2,10,3.7927,4.75
11,2,10,3.2614,4.75
11,2,111,3.7394,4.5
11,2,111,4.1428,4.5
11,2,64,3.2336,4.25
11,2,64,2.6947,4.25
11,2,55,4.4701,4.5
11,2,55,3.6735,4.5
11,2,8,3.4039,5.0
11,2,8,3.3176,5.0
11,2,109,4.5376,4.75
11,2,109,3.2606,4.75
11,2,53,3.6411,4.5
11,2,53,3.4599,4.5
11,2,99,3.1300,5.5
11,2,99,2.5081,5.5
11,2,68,3.6375,4.0
11,2,68,4.2070,4.0
11,2,43,3.2104,5.25
11,2,43,3.4838,5.25
11,2,12,3.0606,2.25
11,2,12,3.5992,2.25
11,2,97,2.9417,3.75
11,2,97,3.1998,3.75
11,2,41,2.7552,4.75
11,2,41,2.2974,4.75
11,2,103,5.1110,5.25
11,2,103,3.4432,5.25
11,2,47,4.0387,4.0
11,2,47,2.4655,4.0
11,2,101,3.2871,4.75
11,2,101,3.0937,4.75
11,2,45,3.1586,4.25
11,2,45,2.9537,4.25
11,2,6,2.7213,5.5
11,2,6,3.3701,5.5
11,2,91,3.6708,4.5
11,2,91,3.7434,4.5
11,2,35,3.4180,3.75
11,2,35,3.4135,3.75
11,2,4,3.3227,4.0
11,2,4,2.4213,4.0
11,2,89,3.5398,4.75
11,2,89,2.6682,4.75
11,2,33,3.7385,4.25
11,2,33,2.5641,4.25
11,2,95,3.1671,4.0
11,2,95,2.4866,4.0
11,2,39,3.4996,4.5
11,2,39,4.1599,4.5
11,2,93,2.7661,5.0
11,2,93,2.6409,5.0
11,2,37,3.9126,5.0
11,2,37,3.3748,5.0
11,2,83,3.5701,4.0
11,2,83,3.5397,4.0
11,2,27,2.6904,5.5
11,2,27,3.0608,5.5
11,2,81,3.9977,3.0
11,2,81,3.6449,3.0
11,2,25,3.5176,5.0
11,2,25,3.5481,5.0
11,2,87,3.0908,4.25
11,2,87,2.0843,4.25
11,2,31,4.0098,5.0
11,2,31,3.6562,5.0
11,2,85,4.2485,5.0
11,2,85,3.4407,5.0
11,2,56,2.5692,4.75
11,2,56,2.9268,4.75
11,2,29,4.1788,4.75
11,2,29,3.8234,4.75
11,2,75,2.6051,2.5
11,2,75,2.3716,2.5
11,2,62,2.8391,1.75
11,2,62,2.7585,1.75
11,2,19,3.3607,5.25
11,2,19,2.6124,5.25
11,2,73,3.6803,4.25
11,2,73,2.9174,4.25
11,2,60,2.7133,2.5
11,2,60,3.0039,2.5
11,2,17,3.7853,3.75
11,2,17,2.7130,3.75
11,2,106,3.1492,3.0
11,2,106,4.2268,3.0
11,2,79,3.0447,4.25
11,2,79,2.5781,4.25
11,2,50,4.2751,4.25
11,2,50,2.6880,4.25
11,2,23,3.1529,5.75
11,2,23,2.9790,5.75
11,2,104,3.6320,6.0
11,2,104,2.7203,6.0
11,2,77,3.9623,4.5
11,2,77,3.4669,4.5
11,2,48,3.5317,6.5
11,2,48,2.7632,6.5
11,2,21,4.0051,6.25
11,2,21,3.5094,6.25
11,2,110,4.8465,4.75
11,2,110,3.3445,4.75
11,2,67,5.1759,4.75
11,2,67,3.0930,4.75
11,2,54,2.9884,3.75
11,2,54,3.3092,3.75
11,2,11,3.6461,2.5
11,2,11,3.6551,2.5
11,2,65,3.8084,2.5
11,2,65,2.3644,2.5
11,2,52,3.6285,5.0
11,2,52,2.9575,5.0
11,2,9,4.0980,3.5
11,2,9,4.2333,3.5
11,2,98,3.5199,5.0
11,2,98,2.7693,5.0
11,2,42,3.0457,4.75
11,2,42,3.8728,4.75
11,2,96,3.8671,5.0
11,2,96,3.7867,5.0
11,2,69,3.8283,3.25
11,2,69,3.1387,3.25
11,2,40,3.4360,4.25
11,2,40,3.0316,4.25
11,2,102,2.9775,3.75
11,2,102,2.9842,3.75
11,2,46,4.2110,4.25
11,2,46,3.7195,4.25
11,2,3,3.9039,5.0
11,2,3,2.7694,5.0
11,2,100,4.4139,4.5
11,2,100,3.9844,4.5
11,2,44,3.9707,5.5
11,2,44,3.1438,5.5
11,2,90,3.8140,3.25
11,2,90,2.9572,3.25
11,2,34,4.1218,6.5
11,2,34,3.5261,6.5
11,2,7,2.8287,0.75
11,2,7,2.6547,0.75
11,2,88,3.3881,5.0
11,2,88,3.0926,5.0
11,2,32,4.0185,5.25
11,2,32,3.8784,5.25
11,2,5,3.7199,2.25
11,2,5,2.7669,2.25
11,2,94,3.9266,4.25
11,2,94,3.6106,4.25
11,2,38,3.4803,4.25
11,2,38,3.5379,4.25
11,2,92,3.4200,5.5
11,2,92,3.0890,5.5
11,2,36,3.6714,4.25
11,2,36,3.4361,4.25
11,2,82,2.8103,4.75
11,2,82,3.1088,4.75
11,2,26,4.0056,3.5
11,2,26,3.6778,3.5
11,2,80,3.1895,3.75
11,2,80,3.3464,3.75
11,2,24,3.8273,5.0
11,2,24,3.1928,5.0
11,2,86,3.2532,5.75
11,2,86,3.1466,5.75
11,2,30,3.6661,4.0
11,2,30,3.0390,4.0
12,1,60,3.9342,3.75
12,1,60,4.3228,3.75
12,1,25,4.2472,5.75
12,1,25,4.2498,5.75
12,1,83,4.7235,5.5
12,1,83,4.9608,5.5
12,1,62,3.5070,2.5
12,1,62,3.6434,2.5
12,1,27,4.2916,4.5
12,1,27,4.7981,4.5
12,1,77,3.9896,4.75
12,1,77,4.5975,4.75
12,1,21,4.6667,4.5
12,1,21,4.9402,4.5
12,1,79,4.0745,4.25
12,1,79,4.5047,4.25
12,1,23,3.8623,3.5
12,1,23,4.2465,3.5
12,1,108,4.5285,3.25
12,1,108,5.2177,3.25
12,1,73,4.5980,4.25
12,1,73,4.8765,4.25
12,1,17,4.3773,5.0
12,1,17,4.6494,5.0
12,1,110,4.4572,5.0
12,1,110,4.7952,5.0
12,1,75,4.6668,5.25
12,1,75,5.0035,5.25
12,1,54,5.2649,4.75
12,1,54,5.0139,4.75
12,1,19,4.7195,3.75
12,1,19,5.1915,3.75
12,1,104,4.4083,2.5
12,1,104,4.7154,2.5
12,1,69,4.9508,3.75
12,1,69,4.8155,3.75
12,1,48,4.7491,4.5
12,1,48,4.8727,4.5
12,1,106,3.4858,1.25
12,1,106,2.9335,1.25
12,1,100,4.3668,2.75
12,1,100,4.5282,2.75
12,1,65,4.9726,4.5
12,1,65,4.3459,4.5
12,1,44,4.3490,5.5
12,1,44,4.7336,5.5
12,1,9,4.7777,4.75
12,1,9,5.3108,4.75
12,1,102,4.3037,4.5
12,1,102,4.7479,4.5
12,1,67,3.4968,2.75
12,1,67,3.2530,2.75
12,1,46,4.2789,3.5
12,1,46,4.5567,3.5
12,1,11,4.3353,5.0
12,1,11,4.8308,5.0
12,1,96,4.1032,3.25
12,1,96,5.1766,3.25
12,1,40,4.1701,4.25
12,1,40,4.5470,4.25
12,1,5,4.7383,6.0
12,1,5,4.9180,6.0
12,1,98,4.5496,3.75
12,1,98,5.0518,3.75
12,1,42,4.5332,4.25
12,1,42,5.3081,4.25
12,1,7,4.6672,6.25
12,1,7,5.2329,6.25
12,1,92,4.6730,3.25
12,1,92,4.7329,3.25
12,1,36,4.4930,5.0
12,1,36,5.0643,5.0
12,1,38,4.6281,5.5
12,1,38,4.8218,5.5
12,1,3,5.0666,6.0
12,1,3,5.0955,6.0
12,1,88,4.2248,4.5
12,1,88,4.6688,4.5
12,1,32,4.2699,5.25
12,1,32,4.2487,5.25
12,1,90,4.8352,4.0
12,1,90,5.1215,4.0
12,1,34,4.1364,5.5
12,1,34,4.6343,5.5
12,1,84,4.4390,4.5
12,1,84,5.0485,4.5
12,1,28,4.2377,5.0
12,1,28,3.7036,5.0
12,1,86,4.4461,3.0
12,1,86,5.1304,3.0
12,1,30,4.1539,4.0
12,1,30,4.2847,4.0
12,1,80,4.4940,4.0
12,1,80,4.4073,4.0
12,1,24,4.0874,5.25
12,1,24,3.2415,5.25
12,1,82,4.7066,4.0
12,1,82,5.3354,4.0
12,1,61,3.8471,4.0
12,1,61,4.1632,4.0
12,1,26,4.1160,5.0
12,1,26,4.7011,5.0
12,1,76,4.9481,4.0
12,1,76,5.1224,4.0
12,1,63,4.3809,3.0
12,1,63,4.5598,3.0
12,1,20,4.7534,4.75
12,1,20,5.1360,4.75
12,1,78,4.6518,6.0
12,1,78,5.4592,6.0
12,1,22,4.5623,4.5
12,1,22,4.9987,4.5
12,1,72,4.4721,3.25
12,1,72,4.8673,3.25
12,1,16,4.0263,5.25
12,1,16,4.3368,5.25
12,1,109,4.0112,3.5
12,1,109,4.5091,3.5
12,1,74,4.9839,5.0
12,1,74,5.0752,5.0
12,1,53,4.5840,4.5
12,1,53,4.5163,4.5
12,1,18,4.0310,4.25
12,1,18,4.5401,4.25
12,1,111,4.3636,2.75
12,1,111,4.8542,2.75
12,1,68,4.4652,4.25
12,1,68,4.7898,4.25
12,1,55,4.4374,5.0
12,1,55,4.2900,5.0
12,1,12,4.7069,5.75
12,1,12,5.3088,5.75
12,1,105,4.4327,3.25
12,1,105,4.3695,3.25
12,1,49,4.0607,4.75
12,1,49,4.7924,4.75
12,1,107,4.0852,4.5
12,1,107,4.3662,4.5
12,1,64,4.3333,4.0
12,1,64,4.4605,4.0
12,1,8,4.8663,5.25
12,1,8,5.2993,5.25
12,1,101,3.9241,3.25
12,1,101,4.9166,3.25
12,1,66,4.9008,3.0
12,1,66,4.3169,3.0
12,1,45,4.3506,5.0
12,1,45,4.8155,5.0
12,1,10,4.7505,5.25
12,1,10,5.0529,5.25
12,1,103,4.7158,4.5
12,1,103,4.7089,4.5
12,1,47,4.3641,5.5
12,1,47,5.6163,5.5
12,1,4,4.8757,6.25
12,1,4,4.8896,6.25
12,1,97,4.3785,4.25
12,1,97,4.7723,4.25
12,1,41,4.2390,3.75
12,1,41,4.7144,3.75
12,1,6,4.3068,5.0
12,1,6,4.9003,5.0
12,1,99,4.0201,1.75
12,1,99,4.5665,1.75
12,1,43,4.4785,4.75
12,1,43,4.9511,4.75
12,1,93,4.3890,3.75
12,1,93,4.5545,3.75
12,1,37,4.9186,4.5
12,1,37,5.0773,4.5
12,1,2,4.2858,6.5
12,1,2,4.9157,6.5
12,1,39,4.2069,5.75
12,1,39,4.3798,5.75
12,1,89,4.2930,3.5
12,1,89,4.3789,3.5
12,1,33,4.0570,4.25
12,1,33,4.3085,4.25
12,1,91,4.0305,4.5
12,1,91,4.4221,4.5
12,1,35,4.2519,4.0
12,1,35,4.1027,4.0
12,1,85,4.6014,4.75
12,1,85,4.6790,4.75
12,1,29,3.8524,2.75
12,1,29,3.9333,2.75
12,1,87,4.9428,5.0
12,1,87,5.1373,5.0
12,1,31,4.4030,5.0
12,1,31,4.9426,5.0
12,1,81,4.3434,4.0
12,1,81,4.6729,4.0
12,2,14,2.9833,4.25
12,2,14,3.5560,4.25
12,2,37,3.7440,3.5
12,2,37,3.5819,3.5
12,2,64,3.1137,1.5
12,2,64,2.9661,1.5
12,2,8,1.6392,4.0
12,2,8,2.2593,4.0
12,2,39,2.2952,2.0
12,2,39,2.6599,2.0
12,2,66,2.5226,1.0
12,2,66,2.9134,1.0
12,2,10,3.0095,4.25
12,2,10,3.0962,4.25
12,2,33,3.1234,3.75
12,2,33,3.6860,3.75
12,2,4,2.7648,4.0
12,2,4,4.4225,4.0
12,2,35,4.2865,3.0
12,2,35,4.1223,3.0
12,2,6,2.2647,3.5
12,2,6,1.8798,3.5
12,2,93,2.4766,5.0
12,2,93,2.2506,5.0
12,2,95,2.9750,4.75
12,2,95,3.4243,4.75
12,2,89,2.7261,3.75
12,2,89,3.4099,3.75
12,2,116,3.7616,3.0
12,2,116,3.4177,3.0
12,2,91,3.1189,4.5
12,2,91,3.4073,4.5
12,2,62,3.0634,1.75
12,2,62,3.4364,1.75
12,2,85,2.3182,4.75
12,2,85,2.5645,4.75
12,2,112,1.9596,3.75
12,2,112,2.6346,3.75
12,2,29,2.2351,3.0
12,2,29,2.2689,3.0
12,2,56,2.7188,5.0
12,2,56,2.9526,5.0
12,2,87,3.1020,4.75
12,2,87,2.5368,4.75
12,2,114,2.5969,3.5
12,2,114,2.1791,3.5
12,2,31,2.8456,4.75
12,2,31,2.6327,4.75
12,2,58,3.8591,3.75
12,2,58,3.4062,3.75
12,2,81,3.0187,5.5
12,2,81,3.2767,5.5
12,2,108,3.4926,2.0
12,2,108,2.5219,2.0
12,2,25,1.6485,4.75
12,2,25,2.6093,4.75
12,2,52,2.6195,4.75
12,2,52,3.2225,4.75
12,2,83,3.6134,3.75
12,2,83,2.8381,3.75
12,2,110,2.7126,2.25
12,2,110,3.1297,2.25
12,2,27,3.6494,4.5
12,2,27,2.8965,4.5
12,2,54,3.0970,4.5
12,2,54,2.7868,4.5
12,2,77,2.8846,5.0
12,2,77,2.7676,5.0
12,2,104,2.1462,2.0
12,2,104,2.3417,2.0
12,2,21,3.0699,3.75
12,2,21,3.3891,3.75
12,2,48,2.4148,4.5
12,2,48,3.2626,4.5
12,2,79,3.3883,3.75
12,2,79,3.9019,3.75
12,2,106,2.4996,3.5
12,2,106,3.4333,3.5
12,2,23,2.0230,5.25
12,2,23,3.5805,5.25
12,2,50,2.6140,4.75
12,2,50,3.9909,4.75
12,2,73,2.0665,2.0
12,2,73,3.5975,2.0
12,2,100,3.3987,2.5
12,2,100,2.8789,2.5
12,2,44,3.2884,3.75
12,2,44,3.8808,3.75
12,2,102,2.1959,1.75
12,2,102,2.3798,1.75
12,2,19,2.5795,4.5
12,2,19,2.7300,4.5
12,2,46,2.8596,4.25
12,2,46,3.5559,4.25
12,2,69,2.1774,2.25
12,2,69,3.1965,2.25
12,2,96,3.4171,4.75
12,2,96,2.9933,4.75
12,2,13,2.6445,3.5
12,2,13,2.9170,3.5
12,2,40,3.0452,3.5
12,2,40,2.8646,3.5
12,2,71,1.5474,1.5
12,2,71,2.2706,1.5
12,2,98,2.7377,2.75
12,2,98,3.6980,2.75
12,2,42,3.1748,3.5
12,2,42,3.9926,3.5
12,2,65,1.8374,2.25
12,2,65,2.1415,2.25
12,2,9,1.8640,4.0
12,2,9,2.8708,4.0
12,2,36,2.4886,5.75
12,2,36,2.6927,5.75
12,2,67,2.0509,3.0
12,2,67,2.8534,3.0
12,2,11,1.2347,5.0
12,2,11,2.3354,5.0
12,2,5,3.3164,5.25
12,2,5,4.5756,5.25
12,2,32,3.6101,3.25
12,2,32,3.3643,3.25
12,2,7,2.3168,5.0
12,2,7,2.3465,5.0
12,2,34,3.2860,4.25
12,2,34,3.6457,4.25
12,2,92,2.9575,3.5
12,2,92,2.6909,3.5
12,2,3,1.1644,3.75
12,2,3,2.1874,3.75
12,2,94,2.7479,2.5
12,2,94,2.9307,2.5
12,2,88,3.1837,5.0
12,2,88,2.8418,5.0
12,2,90,3.4755,3.25
12,2,90,3.4206,3.25
12,2,113,2.7818,3.25
12,2,113,3.0702,3.25
12,2,57,2.3531,4.75
12,2,57,3.6105,4.75
12,2,84,2.1982,4.25
12,2,84,2.7511,4.25
12,2,115,1.9748,2.75
12,2,115,2.1462,2.75
12,2,28,2.4373,4.75
12,2,28,3.4509,4.75
12,2,59,2.8365,5.0
12,2,59,3.5323,5.0
12,2,86,3.2896,4.0
12,2,86,2.1437,4.0
12,2,109,3.0387,3.25
12,2,109,3.4556,3.25
12,2,30,3.0967,4.5
12,2,30,2.6085,4.5
12,2,53,3.3982,3.75
12,2,53,3.3522,3.75
12,2,80,3.3067,5.25
12,2,80,3.1762,5.25
12,2,111,2.3976,4.0
12,2,111,3.2842,4.0
12,2,24,2.8787,4.25
12,2,24,3.6458,4.25
12,2,55,3.1367,4.5
12,2,55,3.8850,4.5
12,2,82,1.4121,2.5
12,2,82,1.7824,2.5
12,2,105,4.0997,4.0
12,2,105,3.6845,4.0
12,2,26,1.6902,2.75
12,2,26,3.1759,2.75
12,2,49,2.2412,5.25
12,2,49,2.5545,5.25
12,2,107,2.6117,2.25
12,2,107,1.9340,2.25
12,2,20,3.0469,4.0
12,2,20,2.9018,4.0
12,2,51,2.8019,3.0
12,2,51,3.9311,3.0
12,2,78,2.8977,4.0
12,2,78,3.7116,4.0
12,2,101,1.8109,3.0
12,2,101,2.4869,3.0
12,2,22,3.1400,5.0
12,2,22,3.1482,5.0
12,2,45,2.7946,4.0
12,2,45,3.3620,4.0
12,2,103,2.9860,2.5
12,2,103,3.0774,2.5
12,2,47,3.2672,4.75
12,2,47,3.0891,4.75
12,2,97,2.6878,1.5
12,2,97,2.8833,1.5
12,2,41,2.5940,5.25
12,2,41,3.3321,5.25
12,2,68,1.6553,2.0
12,2,68,3.1651,2.0
12,2,99,3.5163,3.25
12,2,99,3.1268,3.25
12,2,12,2.0315,5.25
12,2,12,3.0817,5.25
12,2,43,3.4987,4.5
12,2,43,3.8757,4.5
12,2,70,2.7807,1.25
12,2,70,3.6666,1.25
16,2,107,4.4175,3.25
16,2,107,3.8324,3.25
16,2,78,4.3082,4.25
16,2,78,4.4439,4.25
16,2,37,4.2460,4.5
16,2,37,3.6579,4.5
16,2,109,3.6617,4.5
16,2,109,2.9647,4.5
16,2,39,3.6897,2.25
16,2,39,4.3389,2.25
16,2,111,3.5944,3.5
16,2,111,2.9966,3.5
16,2,66,3.9853,5.75
16,2,66,4.3721,5.75
16,2,25,4.2892,3.0
16,2,25,4.5060,3.0
16,2,97,4.5268,2.75
16,2,97,4.3226,2.75
16,2,68,3.4570,1.25
16,2,68,4.0523,1.25
16,2,27,4.2352,4.25
16,2,27,3.7722,4.25
16,2,99,4.6231,3.25
16,2,99,3.0478,3.25
16,2,70,3.2992,1.75
16,2,70,3.1888,1.75
16,2,29,4.0108,2.0
16,2,29,3.7823,2.0
16,2,101,3.6272,5.0
16,2,101,3.8534,5.0
16,2,56,3.7355,4.75
16,2,56,3.5837,4.75
16,2,31,3.3420,2.0
16,2,31,3.7772,2.0
16,2,103,4.2925,3.25
16,2,103,4.0137,3.25
16,2,58,4.2080,2.25
16,2,58,3.7431,2.25
16,2,89,3.2711,1.75
16,2,89,3.3728,1.75
16,2,60,3.8843,3.0
16,2,60,3.6850,3.0
16,2,91,3.2590,3.25
16,2,91,3.6200,3.25
16,2,21,3.3964,3.75
16,2,21,3.2688,3.75
16,2,93,3.8486,4.0
16,2,93,3.1066,4.0
16,2,48,4.3465,3.25
16,2,48,4.2028,3.25
16,2,23,3.9981,2.5
16,2,23,3.7874,2.5
16,2,95,3.8275,3.5
16,2,95,3.2807,3.5
16,2,50,3.2230,2.25
16,2,50,2.9880,2.25
16,2,9,4.3985,3.5
16,2,9,3.5802,3.5
16,2,81,3.0755,2.5
16,2,81,3.3162,2.5
16,2,52,4.6562,2.25
16,2,52,3.2416,2.25
16,2,11,4.4530,4.5
16,2,11,4.9138,4.5
16,2,83,3.9414,4.5
16,2,83,2.8249,4.5
16,2,54,4.7065,1.25
16,2,54,3.9827,1.25
16,2,13,4.9437,4.5
16,2,13,5.0159,4.5
16,2,85,4.2451,3.5
16,2,85,4.1297,3.5
16,2,40,3.2792,2.0
16,2,40,3.8502,2.0
16,2,15,3.8642,4.25
16,2,15,3.3621,4.25
16,2,112,3.6169,1.5
16,2,112,3.0921,1.5
16,2,87,3.7223,3.5
16,2,87,2.7440,3.5
16,2,42,4.8352,2.5
16,2,42,3.5618,2.5
16,2,114,4.9243,3.5
16,2,114,4.1217,3.5
16,2,73,3.5877,4.0
16,2,73,2.8230,4.0
16,2,44,4.8289,2.75
16,2,44,4.3664,2.75
16,2,116,3.1415,4.0
16,2,116,3.1086,4.0
16,2,46,4.5615,2.5
16,2,46,3.0419,2.5
16,2,5,3.0469,4.0
16,2,5,3.3141,4.0
16,2,77,4.1881,5.5
16,2,77,3.0955,5.5
16,2,32,4.6082,2.75
16,2,32,4.2387,2.75
16,2,7,4.0933,5.0
16,2,7,3.9013,5.0
16,2,104,4.1426,1.75
16,2,104,3.9561,1.75
16,2,79,2.7733,5.0
16,2,79,2.8636,5.0
16,2,34,4.6647,2.25
16,2,34,4.9656,2.25
16,2,106,4.5325,2.75
16,2,106,3.5294,2.75
16,2,65,4.2358,5.0
16,2,65,4.6255,5.0
16,2,36,3.5857,3.75
16,2,36,3.9948,3.75
16,2,108,2.3774,2.75
16,2,108,3.2862,2.75
16,2,67,3.5369,3.5
16,2,67,3.4055,3.5
16,2,38,3.7840,4.0
16,2,38,4.1165,4.0
16,2,110,4.3485,2.25
16,2,110,3.7159,2.25
16,2,69,2.9575,1.75
16,2,69,2.3194,1.75
16,2,24,4.9531,3.5
16,2,24,4.4942,3.5
16,2,96,3.5559,3.5
16,2,96,3.2015,3.5
16,2,71,4.3293,4.0
16,2,71,3.6031,4.0
16,2,26,4.3902,3.25
16,2,26,3.7335,3.25
16,2,98,4.3936,4.5
16,2,98,4.0730,4.5
16,2,57,3.4314,3.0
16,2,57,3.4215,3.0
16,2,28,3.6799,3.25
16,2,28,3.4335,3.25
16,2,100,3.4786,3.25
16,2,100,2.5336,3.25
16,2,59,3.7018,3.0
16,2,59,4.1166,3.0
16,2,30,4.2792,3.0
16,2,30,4.1697,3.0
16,2,102,3.6835,1.75
16,2,102,3.2139,1.75
16,2,61,4.4331,2.5
16,2,61,2.7815,2.5
16,2,88,3.6799,3.75
16,2,88,2.2307,3.75
16,2,90,2.8767,1.75
16,2,90,2.4863,1.75
16,2,49,3.8300,2.75
16,2,49,3.3664,2.75
16,2,92,4.0526,2.5
16,2,92,3.3876,2.5
16,2,51,4.0732,3.5
16,2,51,3.7891,3.5
16,2,22,2.1314,1.75
16,2,22,2.8501,1.75
16,2,94,2.8697,4.0
16,2,94,2.9827,4.0
16,2,53,4.1087,4.0
16,2,53,3.7467,4.0
16,2,8,3.9566,3.25
16,2,8,4.0367,3.25
16,2,80,4.2838,4.0
16,2,80,3.0690,4.0
16,2,55,3.5994,4.0
16,2,55,3.5209,4.0
16,2,10,3.7777,5.5
16,2,10,3.5015,5.5
16,2,82,4.3702,2.25
16,2,82,4.1645,2.25
16,2,41,4.4656,1.75
16,2,41,3.7715,1.75
16,2,12,4.4026,5.5
16,2,12,3.9809,5.5
16,2,113,5.1344,2.5
16,2,113,4.3967,2.5
16,2,84,3.2889,3.75
16,2,84,3.2052,3.75
16,2,43,2.9549,2.25
16,2,43,3.0706,2.25
16,2,14,3.8656,4.0
16,2,14,3.2584,4.0
16,2,115,3.7643,2.75
16,2,115,4.2979,2.75
16,2,86,4.1079,4.5
16,2,86,3.3029,4.5
16,2,45,4.4944,3.0
16,2,45,3.8257,3.0
16,2,72,3.5142,2.25
16,2,72,2.8702,2.25
16,2,47,3.9646,1.75
16,2,47,4.1885,1.75
16,2,33,4.3700,1.5
16,2,33,3.4819,1.5
16,2,105,4.4727,3.75
16,2,105,4.3312,3.75
16,2,76,3.9973,3.0
16,2,76,3.6916,3.0
16,2,35,4.7694,2.5
16,2,35,4.3612,2.5
16,2,6,2.8342,4.5
16,2,6,3.0821,4.5
17,1,87,4.3361,2.5
17,1,87,4.5491,2.5
17,1,56,3.9793,3.25
17,1,56,4.5857,3.25
17,1,31,3.0299,4.0
17,1,31,2.8684,4.0
17,1,73,3.9275,4.25
17,1,73,4.1172,4.25
17,1,17,4.1052,3.0
17,1,17,4.2885,3.0
17,1,75,3.3227,1.75
17,1,75,3.8322,1.75
17,1,60,3.1738,3.0
17,1,60,3.1854,3.0
17,1,19,4.8548,4.0
17,1,19,4.8526,4.0
17,1,77,3.3425,3.5
17,1,77,3.7936,3.5
17,1,62,3.4439,1.75
17,1,62,3.4914,1.75
17,1,21,3.3156,2.5
17,1,21,2.4102,2.5
17,1,104,4.2659,3.25
17,1,104,3.8498,3.25
17,1,79,3.0363,3.25
17,1,79,3.3974,3.25
17,1,23,3.6170,2.5
17,1,23,3.4709,2.5
17,1,106,4.0544,2.75
17,1,106,4.3894,2.75
17,1,65,3.1026,1.25
17,1,65,2.8216,1.25
17,1,50,2.9356,3.75
17,1,50,3.7918,3.75
17,1,9,3.1005,1.5
17,1,9,3.4508,1.5
17,1,108,3.1076,2.5
17,1,108,3.0586,2.5
17,1,67,3.4209,3.0
17,1,67,3.5535,3.0
17,1,52,3.0190,2.75
17,1,52,3.1230,2.75
17,1,11,3.0829,1.5
17,1,11,2.9670,1.5
17,1,110,3.6962,3.5
17,1,110,4.0727,3.5
17,1,69,2.8841,2.5
17,1,69,3.6644,2.5
17,1,54,2.2082,3.25
17,1,54,2.6827,3.25
17,1,96,3.6470,1.5
17,1,96,3.6586,1.5
17,1,40,3.8895,3.0
17,1,40,4.0876,3.0
17,1,98,3.8980,3.5
17,1,98,4.2866,3.5
17,1,42,3.0293,3.75
17,1,42,2.5692,3.75
17,1,100,4.2576,2.75
17,1,100,4.2915,2.75
17,1,44,4.0974,3.5
17,1,44,4.6302,3.5
17,1,102,2.7939,3.75
17,1,102,2.7773,3.75
17,1,46,3.1487,4.0
17,1,46,2.9819,4.0
17,1,5,3.3193,2.75
17,1,5,3.4874,2.75
17,1,88,3.6691,4.25
17,1,88,3.0447,4.25
17,1,32,3.3295,4.5
17,1,32,3.9604,4.5
17,1,7,2.4392,2.75
17,1,7,2.7184,2.75
17,1,90,3.4999,5.5
17,1,90,3.2891,5.5
17,1,34,3.1819,3.25
17,1,34,3.9867,3.25
17,1,92,4.0913,5.25
17,1,92,4.3137,5.25
17,1,36,3.4792,2.75
17,1,36,2.9858,2.75
17,1,94,3.7618,3.5
17,1,94,4.6347,3.5
17,1,38,3.0520,2.25
17,1,38,2.4965,2.25
17,1,80,3.9088,4.25
17,1,80,4.0506,4.25
17,1,24,3.6442,3.25
17,1,24,3.9719,3.25
17,1,82,3.8673,5.0
17,1,82,4.1512,5.0
17,1,26,3.0674,3.0
17,1,26,3.9579,3.0
17,1,84,4.4762,4.25
17,1,84,4.2610,4.25
17,1,28,3.9470,4.25
17,1,28,3.7660,4.25
17,1,86,3.4322,4.0
17,1,86,3.1451,4.0
17,1,59,3.0677,2.5
17,1,59,2.6824,2.5
17,1,30,4.3080,5.25
17,1,30,3.8124,5.25
17,1,72,3.4682,5.25
17,1,72,4.0494,5.25
17,1,61,3.4375,2.25
17,1,61,3.4991,2.25
17,1,74,3.4808,3.25
17,1,74,3.3776,3.25
17,1,63,3.4735,1.75
17,1,63,3.7573,1.75
17,1,18,3.5396,2.75
17,1,18,3.8885,2.75
17,1,105,3.1325,3.75
17,1,105,3.3944,3.75
17,1,76,3.1793,4.5
17,1,76,3.8147,4.5
17,1,20,2.6497,3.5
17,1,20,3.6437,3.5
17,1,107,3.2258,3.25
17,1,107,2.9224,3.25
17,1,78,3.9541,4.25
17,1,78,4.0567,4.25
17,1,51,3.4345,3.0
17,1,51,3.0962,3.0
17,1,22,3.0611,3.0
17,1,22,3.5603,3.0
17,1,109,3.0750,2.5
17,1,109,3.7518,2.5
17,1,64,3.7624,1.0
17,1,64,3.2223,1.0
17,1,53,4.1293,2.75
17,1,53,4.2639,2.75
17,1,8,3.9996,2.75
17,1,8,3.5047,2.75
17,1,111,3.4215,2.0
17,1,111,3.1495,2.0
17,1,66,3.0373,0.75
17,1,66,3.2532,0.75
17,1,55,4.3688,2.5
17,1,55,4.0849,2.5
17,1,10,3.1070,1.5
17,1,10,3.0561,1.5
17,1,97,3.8787,2.5
17,1,97,4.4616,2.5
17,1,68,3.3740,3.75
17,1,68,3.6729,3.75
17,1,41,3.9661,3.25
17,1,41,4.2070,3.25
17,1,12,2.9780,2.25
17,1,12,2.9779,2.25
17,1,99,3.8136,3.5
17,1,99,3.2288,3.5
17,1,43,3.5915,4.25
17,1,43,4.1291,4.25
17,1,14,3.4974,1.5
17,1,14,2.9290,1.5
17,1,101,3.8417,3.0
17,1,101,3.3066,3.0
17,1,45,3.9841,3.0
17,1,45,4.0943,3.0
17,1,103,3.3749,3.0
17,1,103,2.5375,3.0
17,1,89,3.6107,3.25
17,1,89,4.1410,3.25
17,1,33,2.7234,3.75
17,1,33,2.9229,3.75
17,1,4,3.4671,2.75
17,1,4,3.2339,2.75
17,1,91,3.6706,3.5
17,1,91,4.2812,3.5
17,1,35,3.4094,2.5
17,1,35,4.3200,2.5
17,1,6,2.4706,2.75
17,1,6,2.9222,2.75
17,1,93,2.0591,3.5
17,1,93,2.8109,3.5
17,1,37,4.4669,2.5
17,1,37,4.2905,2.5
17,1,95,3.7516,5.25
17,1,95,4.0542,5.25
17,1,39,2.9844,4.5
17,1,39,3.3445,4.5
17,1,81,3.1050,4.5
17,1,81,3.5687,4.5
17,1,25,4.2667,3.75
17,1,25,3.9329,3.75
17,1,83,3.5104,3.5
17,1,83,3.7670,3.5
17,1,27,4.2419,4.5
17,1,27,4.7323,4.5
17,1,85,3.4719,4.75
17,1,85,3.0112,4.75
17,1,29,4.1649,4.0
17,1,29,4.0912,4.0
18,1,94,3.9559,2.5
18,1,94,3.9308,2.5
18,1,20,2.9628,2.75
18,1,20,3.3923,2.75
18,1,49,3.9914,1.5
18,1,49,2.9740,1.5
18,1,92,3.7497,2.25
18,1,92,2.9503,2.25
18,1,18,3.9182,2.75
18,1,18,3.5019,2.75
18,1,47,2.6862,1.75
18,1,47,2.7549,1.75
18,1,90,3.0927,2.5
18,1,90,3.2209,2.5
18,1,16,2.0500,2.33333
18,1,16,3.1446,2.33333
18,1,45,3.6359,4.75
18,1,45,2.6160,4.75
18,1,88,2.3282,2.75
18,1,88,2.8351,2.75
18,1,43,2.9660,4.25
18,1,43,2.2517,4.25
18,1,86,3.7531,2.5
18,1,86,3.4169,2.5
18,1,12,3.2632,6.0
18,1,12,3.0396,6.0
18,1,41,4.6023,4.0
18,1,41,4.3173,4.0
18,1,84,3.1944,4.5
18,1,84,3.1060,4.5
18,1,10,3.9848,1.75
18,1,10,3.8038,1.75
18,1,39,3.0954,4.0
18,1,39,2.2922,4.0
18,1,82,3.3318,3.25
18,1,82,3.2103,3.25
18,1,111,3.0485,2.75
18,1,111,2.1564,2.75
18,1,8,2.8003,2.25
18,1,8,3.2438,2.25
18,1,37,4.0131,2.75
18,1,37,3.4894,2.75
18,1,80,2.9664,3.5
18,1,80,1.8769,3.5
18,1,109,3.8446,3.0
18,1,109,4.4013,3.0
18,1,6,3.5317,3.5
18,1,6,3.6119,3.5
18,1,35,3.1821,2.25
18,1,35,2.4367,2.25
18,1,78,1.5674,2.0
18,1,78,1.4464,2.0
18,1,107,4.0536,3.0
18,1,107,3.8036,3.0
18,1,4,3.7306,3.0
18,1,4,3.5631,3.0
18,1,33,2.5790,1.0
18,1,33,1.2501,1.0
18,1,76,1.5913,2.0
18,1,76,2.6149,2.0
18,1,105,4.5695,1.75
18,1,105,4.1252,1.75
18,1,2,4.2826,4.25
18,1,2,4.1001,4.25
18,1,74,2.9169,1.5
18,1,74,2.4530,1.5
18,1,103,2.7666,2.0
18,1,103,3.2494,2.0
18,1,101,3.0049,2.25
18,1,101,2.3100,2.25
18,1,62,2.5138,1.5
18,1,62,2.5400,1.5
18,1,99,3.3817,2.5
18,1,99,2.4528,2.5
18,1,60,1.2247,1.0
18,1,60,1.8895,1.0
18,1,68,2.7225,2.5
18,1,68,2.7429,2.5
18,1,97,4.3819,3.25
18,1,97,3.8448,3.25
18,1,66,2.2639,1.75
18,1,66,2.2889,1.75
18,1,31,3.5889,3.75
18,1,31,3.7621,3.75
18,1,56,3.6601,3.25
18,1,56,2.6647,3.25
18,1,64,3.0491,2.25
18,1,64,2.0909,2.25
18,1,29,3.3438,3.75
18,1,29,2.6243,3.75
18,1,54,2.4863,1.25
18,1,54,2.6362,1.25
18,1,27,3.6205,3.75
18,1,27,3.9052,3.75
18,1,25,3.9361,3.0
18,1,25,4.9904,3.0
18,1,50,2.2992,2.25
18,1,50,2.9888,2.25
18,1,23,3.8848,2.5
18,1,23,3.2887,2.5
18,1,48,3.5365,1.75
18,1,48,3.0560,1.75
18,1,95,3.0659,4.25
18,1,95,3.1397,4.25
18,1,21,3.7957,2.5
18,1,21,3.5096,2.5
18,1,46,2.8574,2.25
18,1,46,2.1735,2.25
18,1,93,3.9863,2.0
18,1,93,4.0227,2.0
18,1,19,2.5916,2.75
18,1,19,3.0962,2.75
18,1,44,4.2593,2.5
18,1,44,3.7869,2.5
18,1,91,4.1600,2.5
18,1,91,3.7853,2.5
18,1,17,4.1506,3.0
18,1,17,2.8532,3.0
18,1,42,3.7106,2.5
18,1,42,3.6421,2.5
18,1,89,2.3959,2.25
18,1,89,2.1384,2.25
18,1,40,2.8255,4.0
18,1,40,2.2798,4.0
18,1,87,2.9772,3.25
18,1,87,3.3651,3.25
18,1,112,3.9597,1.25
18,1,112,4.0129,1.25
18,1,38,3.4440,3.5
18,1,38,3.7847,3.5
18,1,85,2.9156,4.0
18,1,85,2.1303,4.0
18,1,110,2.7215,1.75
18,1,110,2.6467,1.75
18,1,11,2.4513,5.75
18,1,11,2.1735,5.75
18,1,36,2.2955,2.25
18,1,36,2.2607,2.25
18,1,83,3.1965,3.75
18,1,83,2.0201,3.75
18,1,108,3.2496,2.5
18,1,108,1.7490,2.5
18,1,9,4.0071,2.0
18,1,9,2.4196,2.0
18,1,34,3.4172,2.25
18,1,34,2.7133,2.25
18,1,81,2.7712,3.75
18,1,81,2.4544,3.75
18,1,106,3.5497,1.25
18,1,106,3.9648,1.25
18,1,7,2.8064,2.5
18,1,7,2.8993,2.5
18,1,32,3.5510,1.25
18,1,32,3.0655,1.25
18,1,79,2.3015,2.25
18,1,79,1.9361,2.25
18,1,104,3.9714,3.25
18,1,104,4.2924,3.25
18,1,5,3.1314,1.5
18,1,5,3.6639,1.5
18,1,77,2.6906,1.0
18,1,77,2.6833,1.0
18,1,102,3.5480,2.25
18,1,102,4.1547,2.25
18,1,3,3.3215,2.25
18,1,3,3.8610,2.25
18,1,75,1.5690,1.0
18,1,75,2.7636,1.0
18,1,100,3.1196,3.75
18,1,100,2.3321,3.75
18,1,73,2.7674,2.0
18,1,73,2.3042,2.0
18,1,98,2.6739,2.25
18,1,98,1.8212,2.25
18,1,96,3.2317,2.5
18,1,96,2.4684,2.5
18,1,61,2.2538,3.25
18,1,61,2.2312,3.25
18,1,69,2.4349,1.0
18,1,69,2.5872,1.0
18,1,30,3.6669,2.75
18,1,30,3.6035,2.75
18,1,59,3.4337,1.66667
18,1,59,3.6089,1.66667
18,1,67,2.9257,1.0
18,1,67,3.2645,1.0
18,1,28,3.6357,3.25
18,1,28,3.4423,3.25
18,1,65,2.1484,1.0
18,1,65,2.2177,1.0
18,1,26,3.4447,2.75
18,1,26,3.9916,2.75
18,1,55,3.1644,1.75
18,1,55,2.9357,1.75
18,1,24,3.6528,3.25
18,1,24,3.6490,3.25
18,1,53,2.8381,3.25
18,1,53,2.8654,3.25
18,1,22,4.1183,3.75
18,1,22,2.9869,3.75
18,1,51,2.2236,1.25
18,1,51,2.2385,1.25
