3,1,47,5.5874,4.25
3,1,47,5.5865,4.25
3,1,10,3.9517,2.875
3,1,10,3.9426,2.875
3,1,101,5.3306,4.375
3,1,101,5.3264,4.375
3,1,64,5.7591,5.75
3,1,64,5.7757,5.75
3,1,45,4.7437,4.25
3,1,45,4.7621,4.25
3,1,8,5.3941,3.5
3,1,8,5.3909,3.5
3,1,99,4.4483,1.5
3,1,99,4.4493,1.5
3,1,94,4.0684,3.25
3,1,94,4.0693,3.25
3,1,43,3.7598,4.0
3,1,43,3.7531,4.0
3,1,6,4.5697,4.5
3,1,6,4.5722,4.5
3,1,97,4.5670,1.25
3,1,97,4.5752,1.25
3,1,92,4.1695,3.5
3,1,92,4.1730,3.5
3,1,41,3.4032,3.25
3,1,41,3.3949,3.25
3,1,4,4.9824,3.25
3,1,4,4.9850,3.25
3,1,90,4.7717,3.75
3,1,90,4.7669,3.75
3,1,39,4.3248,5.75
3,1,39,4.3285,5.75
3,1,2,4.0675,4.5
3,1,2,4.0632,4.5
3,1,88,3.7713,4.0
3,1,88,3.7774,4.0
3,1,37,4.5951,3.125
3,1,37,4.5961,3.125
3,1,86,4.8756,4.25
3,1,86,4.8796,4.25
3,1,35,5.1987,4.375
3,1,35,5.1753,4.375
3,1,30,4.0718,4.5
3,1,30,4.0778,4.5
3,1,84,4.6281,3.75
3,1,84,4.5996,3.75
3,1,33,4.2592,3.0
3,1,33,4.2549,3.0
3,1,28,5.7224,4.75
3,1,28,5.7225,4.75
3,1,82,3.6572,3.0
3,1,82,3.6407,3.0
3,1,63,5.2884,4.75
3,1,63,5.2898,4.75
3,1,26,4.8162,4.0
3,1,26,4.8126,4.0
3,1,80,4.0620,2.75
3,1,80,4.0640,2.75
3,1,61,3.5195,5.5
3,1,61,3.5145,5.5
3,1,24,4.9228,4.5
3,1,24,4.9182,4.5
3,1,59,4.6601,5.5
3,1,59,4.6684,5.5
3,1,22,5.5107,4.83333
3,1,22,5.5034,4.83333
3,1,57,4.5229,4.875
3,1,57,4.5209,4.875
3,1,20,5.1227,2.5
3,1,20,5.1240,2.5
3,1,79,3.8028,5.25
3,1,79,3.8074,5.25
3,1,55,3.1706,3.25
3,1,55,3.1605,3.25
3,1,18,3.8467,3.75
3,1,18,3.8487,3.75
3,1,77,4.1246,4.5
3,1,77,4.1240,4.5
3,1,16,5.1526,4.75
3,1,16,5.1530,4.75
3,1,75,3.9561,4.0
3,1,75,3.9517,4.0
3,1,51,3.9201,4.5
3,1,51,3.9224,4.5
3,1,73,3.7215,3.0
3,1,73,3.7142,3.0
3,1,49,4.6556,5.0
3,1,49,4.6588,5.0
3,1,108,3.9240,2.25
3,1,108,3.9284,2.25
3,1,71,4.3442,2.0
3,1,71,4.3467,2.0
3,1,15,4.4674,5.0
3,1,15,4.4708,5.0
3,1,106,3.4053,2.75
3,1,106,3.4082,2.75
3,1,104,3.9567,3.5
3,1,104,3.9540,3.5
3,1,102,3.0413,5.25
3,1,102,3.0649,5.25
3,1,65,4.0329,6.25
3,1,65,4.0281,6.25
3,1,46,5.4803,5.0
3,1,46,5.4816,5.0
3,1,9,3.5225,2.75
3,1,9,3.5190,2.75
3,1,100,3.3372,2.375
3,1,100,3.3351,2.375
3,1,95,3.2229,3.75
3,1,95,3.2194,3.75
3,1,44,3.7226,3.0
3,1,44,3.7417,3.0
3,1,7,5.8738,4.75
3,1,7,5.8784,4.75
3,1,98,5.3258,1.75
3,1,98,5.3254,1.75
3,1,93,4.2108,3.25
3,1,93,4.2123,3.25
3,1,5,4.3527,6.0
3,1,5,4.3544,6.0
3,1,96,4.5920,3.875
3,1,96,4.5962,3.875
3,1,91,4.6994,4.0
3,1,91,4.7094,4.0
3,1,40,4.1804,5.0
3,1,40,4.1849,5.0
3,1,3,4.7962,3.0
3,1,3,4.7966,3.0
3,1,89,4.6556,4.25
3,1,89,4.6292,4.25
3,1,38,4.2107,4.5
3,1,38,4.2162,4.5
3,1,1,2.7416,3.875
3,1,1,2.7470,3.875
3,1,87,4.8067,4.25
3,1,87,4.8373,4.25
3,1,36,4.8371,3.5
3,1,36,4.8340,3.5
3,1,31,3.6323,3.66667
3,1,31,3.6395,3.66667
3,1,85,4.4718,2.0
3,1,85,4.4763,2.0
3,1,34,4.3608,4.125
3,1,34,4.3681,4.125
3,1,29,5.6965,1.25
3,1,29,5.6944,1.25
3,1,83,5.0171,4.5
3,1,83,5.1624,4.5
3,1,32,2.7362,4.5
3,1,32,2.7604,4.5
3,1,27,4.3118,5.25
3,1,27,4.3432,5.25
3,1,81,4.3430,2.75
3,1,81,4.3397,2.75
3,1,62,5.1548,4.375
3,1,62,5.1572,4.375
3,1,25,5.6607,5.5
3,1,25,5.6615,5.5
3,1,60,4.8149,5.5
3,1,60,4.8186,5.5
3,1,23,4.1000,3.875
3,1,23,4.0978,3.875
3,1,58,3.4275,4.5
3,1,58,3.4300,4.5
3,1,21,4.9924,4.5
3,1,21,4.9885,4.5
3,1,56,3.3373,4.0
3,1,56,3.3553,4.0
3,1,19,4.8225,4.125
3,1,19,4.8227,4.125
3,1,78,3.8958,5.25
3,1,78,3.8911,5.25
3,1,17,3.5596,5.0
3,1,17,3.5601,5.0
3,1,76,5.4618,4.0
3,1,76,5.4605,4.0
3,1,52,4.8762,3.5
3,1,52,4.8833,3.5
3,1,74,4.6721,4.0
3,1,74,4.6704,4.0
3,1,50,3.8088,4.66667
3,1,50,3.8102,4.66667
3,1,48,5.4578,2.5
3,1,48,5.4513,2.5
3,1,107,4.2084,5.25
3,1,107,4.2020,5.25
3,1,70,3.8190,2.75
3,1,70,3.8197,2.75
3,1,14,3.6541,3.75
3,1,14,3.6481,3.75
3,1,105,2.7178,1.25
3,1,105,2.7403,1.25
3,1,103,2.9991,1.5
3,1,103,2.9986,1.5
3,1,66,4.8009,3.0
3,1,66,4.8112,3.0
3,2,82,2.4892,3.25
3,2,82,2.4895,3.25
3,2,61,4.8383,4.375
3,2,61,4.8384,4.375
3,2,80,4.2548,4.75
3,2,80,4.2536,4.75
3,2,30,3.0113,3.625
3,2,30,2.9973,3.625
3,2,35,3.8665,3.875
3,2,35,3.8658,3.875
3,2,86,3.5085,2.75
3,2,86,3.4983,2.75
3,2,28,3.2493,4.0
3,2,28,3.2557,4.0
3,2,33,3.1018,5.0
3,2,33,3.1000,5.0
3,2,84,3.8825,4.0
3,2,84,3.8840,4.0
3,2,2,4.5745,1.875
3,2,2,4.5760,1.875
3,2,39,5.1332,4.25
3,2,39,5.1368,4.25
3,2,90,4.5481,4.25
3,2,90,4.5516,4.25
3,2,37,3.3847,2.25
3,2,37,3.3894,2.25
3,2,88,2.8087,4.0
3,2,88,2.8221,4.0
3,2,6,4.4401,5.25
3,2,6,4.4393,5.25
3,2,43,3.0105,4.0
3,2,43,3.0049,4.0
3,2,94,3.6832,3.75
3,2,94,3.6784,3.75
3,2,99,3.9617,2.625
3,2,99,3.9644,2.625
3,2,41,4.1281,3.5
3,2,41,4.1316,3.5
3,2,92,4.0292,3.25
3,2,92,4.0316,3.25
3,2,97,3.9792,5.0
3,2,97,3.9697,5.0
3,2,10,4.1011,4.0
3,2,10,4.0792,4.0
3,2,47,3.0164,3.875
3,2,47,3.0190,3.875
3,2,66,3.8464,3.75
3,2,66,3.8390,3.75
3,2,103,3.9465,4.0
3,2,103,3.9544,4.0
3,2,8,2.8794,6.0
3,2,8,2.8772,6.0
3,2,45,5.1143,3.25
3,2,45,5.1493,3.25
3,2,64,4.6498,2.375
3,2,64,4.6443,2.375
3,2,101,2.8427,3.125
3,2,101,2.8521,3.125
3,2,14,3.8642,3.75
3,2,14,3.8650,3.75
3,2,70,4.6474,3.66667
3,2,70,4.6432,3.66667
3,2,107,2.8887,4.625
3,2,107,2.9001,4.625
3,2,12,4.7519,5.25
3,2,12,4.7527,5.25
3,2,68,2.7613,5.5
3,2,68,2.7576,5.5
3,2,105,3.3139,3.5
3,2,105,3.3041,3.5
3,2,50,4.8709,3.75
3,2,50,4.8836,3.75
3,2,74,3.5813,3.25
3,2,74,3.5776,3.25
3,2,111,3.0410,3.5
3,2,111,3.0422,3.5
3,2,48,3.1202,4.25
3,2,48,3.1207,4.25
3,2,109,4.5502,1.95833
3,2,109,4.5538,1.95833
3,2,78,3.4146,2.75
3,2,78,3.4161,2.75
3,2,52,3.9669,1.5
3,2,52,3.9734,1.5
3,2,56,4.4254,4.25
3,2,56,4.4247,4.25
3,2,112,3.8612,4.0
3,2,112,3.8375,4.0
3,2,62,3.5769,5.25
3,2,62,3.5742,5.25
3,2,27,2.9782,4.0
3,2,27,2.9784,4.0
3,2,60,2.9490,3.75
3,2,60,2.9497,3.75
3,2,83,2.5670,4.25
3,2,83,2.5562,4.25
3,2,34,3.7933,3.5
3,2,34,3.7914,3.5
3,2,81,4.7402,4.375
3,2,81,4.7419,4.375
3,2,31,3.1038,3.25
3,2,31,3.1032,3.25
3,2,32,3.7288,3.25
3,2,32,3.7418,3.25
3,2,87,2.5484,3.75
3,2,87,2.5472,3.75
3,2,29,3.9454,4.0
3,2,29,3.9522,4.0
3,2,38,5.1532,3.25
3,2,38,5.1834,3.25
3,2,85,3.5035,3.25
3,2,85,3.5097,3.25
3,2,36,3.5747,2.75
3,2,36,3.5531,2.75
3,2,91,3.2377,4.5
3,2,91,3.2399,4.5
3,2,42,2.7704,2.5
3,2,42,2.7744,2.5
3,2,89,5.0825,3.25
3,2,89,5.0679,3.25
3,2,98,2.7004,4.5
3,2,98,2.6353,4.5
3,2,7,4.5322,6.0
3,2,7,4.5356,6.0
3,2,40,3.6548,2.75
3,2,40,3.6526,2.75
3,2,95,2.9815,1.5
3,2,95,2.9848,1.5
3,2,96,3.3554,3.125
3,2,96,3.3602,3.125
3,2,5,3.3475,3.25
3,2,5,3.3447,3.25
3,2,46,4.3692,4.5
3,2,46,4.3655,4.5
3,2,93,3.9786,5.0
3,2,93,3.9771,5.0
3,2,102,3.9626,2.0
3,2,102,3.9571,2.0
3,2,11,5.0639,4.125
3,2,11,5.0584,4.125
3,2,44,3.5964,5.0
3,2,44,3.5917,5.0
3,2,67,3.7507,5.25
3,2,67,3.7463,5.25
3,2,100,4.1099,1.25
3,2,100,4.1090,1.25
3,2,9,3.7660,4.5
3,2,9,3.7620,4.5
3,2,65,4.1058,3.0
3,2,65,4.1008,3.0
3,2,106,2.8935,3.875
3,2,106,2.8890,3.875
3,2,71,3.1004,2.375
3,2,71,3.0996,2.375
3,2,104,3.4171,3.5
3,2,104,3.4544,3.5
3,2,13,3.6780,5.0
3,2,13,3.6782,5.0
3,2,69,2.9426,1.25
3,2,69,2.9404,1.25
3,2,110,3.8469,4.25
3,2,110,3.8485,4.25
3,2,51,4.2192,4.0
3,2,51,4.2171,4.0
3,2,108,3.0278,4.0
3,2,108,3.0266,4.0
3,2,49,3.9105,2.75
3,2,49,3.9099,2.75
3,2,73,2.6943,3.75
3,2,73,2.6975,3.75
3,2,55,4.3226,3.33333
3,2,55,4.3161,3.33333
3,2,79,3.5610,3.75
3,2,79,3.5640,3.75
3,2,53,2.6272,4.5
3,2,53,2.6188,4.5
3,2,77,2.8696,2.25
3,2,77,2.8706,2.25
3,2,59,4.0361,2.25
3,2,59,4.0396,2.25
3,2,113,3.3841,3.0
3,2,113,3.3890,3.0
3,2,26,2.8599,2.5
3,2,26,2.8529,2.5
3,2,63,1.0622,1.25
3,2,63,1.0601,1.25
4,1,29,3.1757,3.0
4,1,29,3.1762,3.0
4,1,58,4.4024,2.25
4,1,58,4.4027,2.25
4,1,85,3.0121,2.5
4,1,85,3.0125,2.5
4,1,114,2.9274,1.5
4,1,114,2.9241,1.5
4,1,31,4.2930,2.25
4,1,31,4.2927,2.25
4,1,36,3.5802,0.875
4,1,36,3.5785,0.875
4,1,87,3.7123,3.25
4,1,87,3.7117,3.25
4,1,25,4.0680,1.5
4,1,25,4.0681,1.5
4,1,38,3.6060,2.5
4,1,38,3.6059,2.5
4,1,81,3.3766,3.0
4,1,81,3.3764,3.0
4,1,27,3.3330,2.75
4,1,27,3.3328,2.75
4,1,32,3.7501,1.5
4,1,32,3.7536,1.5
4,1,83,2.9942,3.25
4,1,83,2.9943,3.25
4,1,5,3.0194,1.0
4,1,5,3.0193,1.0
4,1,34,3.5574,1.5
4,1,34,3.5630,1.5
4,1,93,3.4146,3.0
4,1,93,3.4136,3.0
4,1,7,3.3630,1.75
4,1,7,3.3615,1.75
4,1,95,3.2918,3.5
4,1,95,3.2917,3.5
4,1,100,3.1348,0.75
4,1,100,3.1340,0.75
4,1,46,3.3994,3.75
4,1,46,3.3992,3.75
4,1,89,3.2510,1.75
4,1,89,3.2511,1.75
4,1,102,3.3246,1.5
4,1,102,3.3256,1.5
4,1,3,3.0205,3.5
4,1,3,3.0196,3.5
4,1,40,4.0019,4.0
4,1,40,4.0109,4.0
4,1,91,3.1093,2.25
4,1,91,3.1094,2.25
4,1,96,3.2976,2.75
4,1,96,3.2977,2.75
4,1,13,2.9530,1.5
4,1,13,2.9530,1.5
4,1,42,3.5027,1.75
4,1,42,3.5024,1.75
4,1,69,4.6811,5.5
4,1,69,4.6809,5.5
4,1,98,3.0727,3.25
4,1,98,3.0720,3.25
4,1,15,2.6776,0.75
4,1,15,2.6851,0.75
4,1,71,3.8484,2.125
4,1,71,3.8489,2.125
4,1,108,2.9020,3.25
4,1,108,2.9017,3.25
4,1,9,3.7080,1.0
4,1,9,3.6669,1.0
4,1,65,3.6766,4.75
4,1,65,3.6774,4.75
4,1,110,3.7767,4.0
4,1,110,3.7767,4.0
4,1,11,3.0954,1.0
4,1,11,3.0948,1.0
4,1,67,4.6138,1.75
4,1,67,4.6126,1.75
4,1,104,2.9804,1.25
4,1,104,2.9798,1.25
4,1,53,5.0404,2.5
4,1,53,5.0405,2.5
4,1,77,5.0056,2.625
4,1,77,5.0050,2.625
4,1,106,2.7650,2.125
4,1,106,2.7669,2.125
4,1,55,4.8455,2.5
4,1,55,4.8453,2.5
4,1,79,4.6906,6.75
4,1,79,4.6902,6.75
4,1,49,4.0135,4.25
4,1,49,4.0130,4.25
4,1,73,3.8345,4.25
4,1,73,3.8335,4.25
4,1,22,3.0576,1.25
4,1,22,3.0584,1.25
4,1,51,4.0140,2.75
4,1,51,4.0136,2.75
4,1,75,2.9990,4.75
4,1,75,2.9707,4.75
4,1,16,3.2232,1.0
4,1,16,3.2228,1.0
4,1,117,3.4118,1.25
4,1,117,3.4115,1.25
4,1,63,3.0173,1.0
4,1,63,3.0172,1.0
4,1,28,3.6855,2.625
4,1,28,3.6823,2.625
4,1,57,3.8190,2.75
4,1,57,3.8185,2.75
4,1,84,3.5498,2.5
4,1,84,3.5478,2.5
4,1,113,3.4237,3.25
4,1,113,3.4233,3.25
4,1,30,3.2737,1.125
4,1,30,3.2767,1.125
4,1,59,3.7396,1.875
4,1,59,3.7398,1.875
4,1,86,3.2694,1.66667
4,1,86,3.2768,1.66667
4,1,115,3.0627,3.5
4,1,115,3.0625,3.5
4,1,24,4.4045,2.0
4,1,24,4.4047,2.0
4,1,37,4.2232,2.25
4,1,37,4.2233,2.25
4,1,80,3.7107,3.5
4,1,80,3.7110,3.5
4,1,26,4.1093,4.375
4,1,26,4.1086,4.375
4,1,39,4.3781,2.5
4,1,39,4.3781,2.5
4,1,82,3.0922,6.5
4,1,82,3.0924,6.5
4,1,4,3.8026,1.5
4,1,4,3.8175,1.5
4,1,33,3.0840,1.5
4,1,33,3.0744,1.5
4,1,92,3.3001,2.0
4,1,92,3.2999,2.0
4,1,6,3.0969,1.5
4,1,6,3.0965,1.5
4,1,35,4.1659,1.75
4,1,35,4.1663,1.75
4,1,94,2.9820,1.5
4,1,94,2.9827,1.5
4,1,45,3.7889,2.125
4,1,45,3.7893,2.125
4,1,88,3.8049,1.5
4,1,88,3.8044,1.5
4,1,101,3.2233,3.875
4,1,101,3.2234,3.875
4,1,47,4.6890,2.125
4,1,47,4.6883,2.125
4,1,90,3.5749,1.375
4,1,90,3.5744,1.375
4,1,103,3.0413,1.0
4,1,103,3.0436,1.0
4,1,12,3.3518,2.5
4,1,12,3.3505,2.5
4,1,41,4.8167,2.5
4,1,41,4.8170,2.5
4,1,68,3.2679,5.5
4,1,68,3.2682,5.5
4,1,97,3.1979,1.625
4,1,97,3.1980,1.625
4,1,70,3.2729,5.25
4,1,70,3.2744,5.25
4,1,99,3.3596,2.375
4,1,99,3.3595,2.375
4,1,8,2.9567,0.75
4,1,8,2.9576,0.75
4,1,64,3.2489,3.5
4,1,64,3.2489,3.5
4,1,109,3.5787,2.75
4,1,109,3.5766,2.75
4,1,10,2.6290,3.0
4,1,10,2.6258,3.0
4,1,66,3.1295,1.0
4,1,66,3.1300,1.0
4,1,111,2.7660,3.5
4,1,111,2.7679,3.5
4,1,52,3.4751,3.25
4,1,52,3.4744,3.25
4,1,105,3.1572,3.625
4,1,105,3.1835,3.625
4,1,54,4.1834,3.375
4,1,54,4.1833,3.375
4,1,78,3.4866,3.25
4,1,78,3.4867,3.25
4,1,48,5.5003,1.5
4,1,48,5.5003,1.5
4,1,72,3.1598,2.375
4,1,72,3.1611,2.375
4,1,50,3.8342,2.0
4,1,50,3.8366,2.0
4,1,74,3.1378,3.5
4,1,74,3.1376,3.5
4,1,23,3.3669,1.0
4,1,23,3.3665,1.0
4,1,116,3.4531,1.75
4,1,116,3.4512,1.75
4,1,118,3.5197,4.5
4,1,118,3.5194,4.5
4,1,56,3.2983,2.0
4,1,56,3.2976,2.0
4,1,112,2.8003,1.0
4,1,112,2.8002,1.0
7,1,40,3.4678,5.5
7,1,40,3.5902,5.5
7,1,3,2.8209,4.75
7,1,3,3.0451,4.75
7,1,102,2.8938,4.25
7,1,102,2.7651,4.25
7,1,46,3.4232,4.0
7,1,46,3.1306,4.0
7,1,1,3.1428,3.5
7,1,1,2.7928,3.5
7,1,44,3.1905,6.25
7,1,44,2.7801,6.25
7,1,7,3.3316,2.25
7,1,7,2.6931,2.25
7,1,90,3.0921,4.0
7,1,90,3.3096,4.0
7,1,34,3.0593,5.5
7,1,34,3.3901,5.5
7,1,5,3.3274,4.75
7,1,5,2.7885,4.75
7,1,88,3.2553,6.5
7,1,88,3.4587,6.5
7,1,32,2.8100,3.75
7,1,32,2.7309,3.75
7,1,94,3.5957,3.0
7,1,94,3.9239,3.0
7,1,38,2.7553,3.5
7,1,38,2.6249,3.5
7,1,92,2.4407,5.75
7,1,92,2.6007,5.75
7,1,36,2.7521,4.25
7,1,36,2.9558,4.25
7,1,82,3.1754,5.25
7,1,82,2.9928,5.25
7,1,26,4.0409,3.0
7,1,26,3.7619,3.0
7,1,80,2.8855,2.0
7,1,80,3.2501,2.0
7,1,24,3.0990,5.0
7,1,24,3.0226,5.0
7,1,86,2.8865,3.25
7,1,86,2.5926,3.25
7,1,59,2.5203,5.25
7,1,59,3.1080,5.25
7,1,30,2.5390,3.0
7,1,30,2.5527,3.0
7,1,84,2.5321,4.75
7,1,84,1.9648,4.75
7,1,57,3.0793,4.25
7,1,57,3.3270,4.25
7,1,28,3.2426,5.25
7,1,28,3.4931,5.25
7,1,74,2.7444,4.25
7,1,74,3.0486,4.25
7,1,63,2.6729,5.5
7,1,63,2.4302,5.5
7,1,18,3.0295,6.0
7,1,18,2.6974,6.0
7,1,72,3.1049,2.0
7,1,72,3.0476,2.0
7,1,61,3.2538,5.0
7,1,61,3.4253,5.0
7,1,107,2.5295,4.0
7,1,107,1.8904,4.0
7,1,78,3.0439,4.0
7,1,78,3.0256,4.0
7,1,51,2.5980,3.5
7,1,51,2.5018,3.5
7,1,22,2.4324,3.75
7,1,22,2.4871,3.75
7,1,105,3.4269,4.75
7,1,105,2.7805,4.75
7,1,76,2.7670,2.75
7,1,76,2.6489,2.75
7,1,49,3.6174,4.5
7,1,49,2.9794,4.5
7,1,20,2.7299,5.25
7,1,20,2.9329,5.25
7,1,66,2.5413,4.25
7,1,66,2.9253,4.25
7,1,55,2.5048,2.5
7,1,55,2.7252,2.5
7,1,10,2.8421,2.75
7,1,10,2.8015,2.75
7,1,109,2.9640,6.25
7,1,109,3.4505,6.25
7,1,64,2.2958,5.0
7,1,64,2.0985,5.0
7,1,53,1.8531,5.5
7,1,53,2.1972,5.5
7,1,8,3.0295,4.5
7,1,8,2.8022,4.5
7,1,70,2.3536,5.5
7,1,70,2.3019,5.5
7,1,43,3.2934,3.5
7,1,43,2.9131,3.5
7,1,14,2.1072,1.75
7,1,14,2.3757,1.75
7,1,97,2.6446,5.5
7,1,97,2.4894,5.5
7,1,68,2.3824,4.25
7,1,68,2.1961,4.25
7,1,41,3.1706,4.75
7,1,41,3.8901,4.75
7,1,12,2.7122,5.0
7,1,12,2.7573,5.0
7,1,103,2.2902,3.25
7,1,103,2.0625,3.25
7,1,47,3.9677,4.5
7,1,47,3.6188,4.5
7,1,2,2.4262,5.5
7,1,2,2.3630,5.5
7,1,101,3.1585,4.0
7,1,101,2.8436,4.0
7,1,45,2.8285,4.5
7,1,45,2.4058,4.5
7,1,35,2.9120,6.0
7,1,35,2.3920,6.0
7,1,89,2.9053,5.25
7,1,89,3.1378,5.25
7,1,33,3.6891,4.75
7,1,33,3.6085,4.75
7,1,4,3.2369,3.25
7,1,4,3.6739,3.25
7,1,95,2.6198,4.75
7,1,95,3.0598,4.75
7,1,39,3.2644,5.5
7,1,39,3.0504,5.5
7,1,93,3.4381,4.25
7,1,93,3.0230,4.25
7,1,37,2.7114,4.25
7,1,37,3.0845,4.25
7,1,83,2.6103,4.75
7,1,83,2.3380,4.75
7,1,27,2.8234,4.25
7,1,27,2.8523,4.25
7,1,81,2.3335,4.0
7,1,81,2.9127,4.0
7,1,25,3.6631,4.5
7,1,25,3.4242,4.5
7,1,31,3.3437,4.5
7,1,31,2.8268,4.5
7,1,58,2.6928,6.0
7,1,58,2.4343,6.0
7,1,29,3.0310,4.25
7,1,29,3.1390,4.25
7,1,75,3.2310,4.75
7,1,75,2.9191,4.75
7,1,19,3.0379,4.75
7,1,19,2.9018,4.75
7,1,73,2.9674,1.0
7,1,73,2.8814,1.0
7,1,62,2.2758,4.5
7,1,62,3.0256,4.5
7,1,79,2.6973,3.0
7,1,79,2.8428,3.0
7,1,60,2.2673,3.25
7,1,60,2.5597,3.25
7,1,23,2.6741,4.0
7,1,23,2.8265,4.0
7,1,106,2.4408,4.75
7,1,106,2.1860,4.75
7,1,50,2.8204,5.0
7,1,50,2.8291,5.0
7,1,104,3.3504,4.75
7,1,104,3.9214,4.75
7,1,67,3.2220,4.75
7,1,67,3.3212,4.75
7,1,48,3.8622,1.5
7,1,48,2.9637,1.5
7,1,11,2.3090,1.75
7,1,11,2.1510,1.75
7,1,65,1.4412,5.25
7,1,65,2.0415,5.25
7,1,54,2.9521,5.5
7,1,54,2.5032,5.5
7,1,9,2.8689,2.0
7,1,9,2.7288,2.0
7,1,108,2.5455,2.75
7,1,108,2.4489,2.75
7,1,71,2.3491,4.75
7,1,71,2.7352,4.75
7,1,52,2.8489,0.75
7,1,52,2.6883,0.75
7,1,98,2.6229,3.25
7,1,98,2.6192,3.25
7,1,69,2.3842,5.5
7,1,69,2.3744,5.5
7,1,42,3.9307,3.0
7,1,42,3.3223,3.0
7,1,13,2.6962,3.0
7,1,13,2.7427,3.0
7,1,96,2.6765,5.5
7,1,96,2.8034,5.5
7,2,77,1.9117,4.25
7,2,77,1.6461,4.25
7,2,102,2.8496,5.25
7,2,102,2.4717,5.25
7,2,3,2.3636,5.75
7,2,3,2.1262,5.75
7,2,75,1.7847,3.5
7,2,75,1.5276,3.5
7,2,100,1.6654,1.75
7,2,100,1.4867,1.75
7,2,1,1.3056,4.25
7,2,1,1.7259,4.25
7,2,73,1.4686,3.25
7,2,73,1.5640,3.25
7,2,98,1.5846,3.75
7,2,98,1.3640,3.75
7,2,63,1.7523,5.25
7,2,63,2.0000,5.25
7,2,71,1.7297,4.0
7,2,71,1.8066,4.0
7,2,96,1.7728,3.5
7,2,96,1.4208,3.5
7,2,61,1.0181,5.5
7,2,61,1.5413,5.5
7,2,69,2.2971,4.25
7,2,69,2.0208,4.25
7,2,30,2.5360,3.0
7,2,30,2.1375,3.0
7,2,28,2.0186,5.75
7,2,28,2.3005,5.75
7,2,57,1.3550,1.5
7,2,57,1.6467,1.5
7,2,65,1.9442,5.0
7,2,65,1.6455,5.0
7,2,26,2.4478,4.25
7,2,26,2.3577,4.25
7,2,55,1.4329,4.0
7,2,55,1.5745,4.0
7,2,24,2.3262,3.75
7,2,24,2.0804,3.75
7,2,53,1.8539,5.0
7,2,53,1.8682,5.0
7,2,22,2.4342,3.0
7,2,22,2.3669,3.0
7,2,51,2.4826,4.75
7,2,51,2.1415,4.75
7,2,94,1.8676,3.25
7,2,94,1.5971,3.25
7,2,20,2.4303,5.5
7,2,20,2.2824,5.5
7,2,49,1.2912,4.0
7,2,49,2.0333,4.0
7,2,92,1.4035,4.66667
7,2,92,1.8897,4.66667
7,2,18,2.2058,3.5
7,2,18,1.7553,3.5
7,2,47,2.2873,4.0
7,2,47,2.1085,4.0
7,2,90,3.1357,4.0
7,2,90,2.6164,4.0
7,2,16,2.4278,5.0
7,2,16,2.0756,5.0
7,2,45,2.1346,2.5
7,2,45,2.1215,2.5
7,2,88,1.6611,5.0
7,2,88,2.0795,5.0
7,2,14,2.1121,5.5
7,2,14,2.4070,5.5
7,2,43,1.6425,2.75
7,2,43,2.0509,2.75
7,2,86,1.9805,2.5
7,2,86,1.6957,2.5
7,2,12,2.8581,4.25
7,2,12,3.2175,4.25
7,2,84,2.5156,3.75
7,2,84,2.7251,3.75
7,2,10,2.1673,4.0
7,2,10,1.9428,4.0
7,2,39,1.9235,4.0
7,2,39,1.4916,4.0
7,2,82,2.2159,3.25
7,2,82,1.9761,3.25
7,2,8,1.1596,4.0
7,2,8,1.1701,4.0
7,2,37,1.5418,3.5
7,2,37,2.0042,3.5
7,2,80,1.3488,4.0
7,2,80,1.4496,4.0
7,2,109,1.5561,5.25
7,2,109,1.4735,5.25
7,2,6,2.5564,4.0
7,2,6,2.2708,4.0
7,2,35,2.5446,3.5
7,2,35,1.7766,3.5
7,2,78,1.3867,5.0
7,2,78,1.5136,5.0
7,2,107,2.6331,4.5
7,2,107,2.7982,4.5
7,2,4,2.3004,3.0
7,2,4,2.2647,3.0
7,2,33,1.4042,1.5
7,2,33,1.1696,1.5
7,2,76,1.9123,4.5
7,2,76,2.0428,4.5
7,2,105,2.9451,3.0
7,2,105,2.4053,3.0
7,2,2,1.9776,2.75
7,2,2,1.5500,2.75
7,2,74,1.7053,2.5
7,2,74,1.5758,2.5
7,2,103,1.3939,4.25
7,2,103,1.2665,4.25
7,2,72,3.0772,4.25
7,2,72,3.0816,4.25
7,2,70,2.1199,3.25
7,2,70,2.0728,3.25
7,2,99,1.8630,4.25
7,2,99,1.7029,4.25
7,2,60,2.2577,4.0
7,2,60,1.8009,4.0
7,2,68,1.6532,6.5
7,2,68,2.1729,6.5
7,2,97,2.1318,3.0
7,2,97,1.8308,3.0
7,2,58,1.3600,4.0
7,2,58,1.5495,4.0
7,2,66,2.6335,5.5
7,2,66,2.4331,5.5
7,2,31,1.6951,3.75
7,2,31,1.5808,3.75
7,2,56,1.7772,4.75
7,2,56,2.3539,4.75
7,2,64,1.8055,3.25
7,2,64,1.9978,3.25
7,2,29,2.1792,1.75
7,2,29,2.0979,1.75
7,2,27,2.7352,4.25
7,2,27,2.5063,4.25
7,2,52,2.8320,3.25
7,2,52,2.4601,3.25
7,2,25,2.0550,4.75
7,2,25,2.4205,4.75
7,2,50,1.8374,4.25
7,2,50,2.1985,4.25
7,2,23,1.5516,1.75
7,2,23,2.1891,1.75
7,2,48,1.9311,3.75
7,2,48,1.7804,3.75
7,2,95,1.4112,2.5
7,2,95,1.2413,2.5
7,2,21,1.7360,1.5
7,2,21,1.5328,1.5
7,2,46,1.7110,4.75
7,2,46,1.3161,4.75
7,2,93,1.9451,4.75
7,2,93,2.1290,4.75
7,2,19,1.8796,4.5
7,2,19,2.4155,4.5
7,2,44,2.6161,4.5
7,2,44,2.4475,4.5
7,2,91,2.2180,3.75
7,2,91,2.3927,3.75
7,2,17,2.4754,6.0
7,2,17,2.1384,6.0
7,2,42,2.1261,3.0
7,2,42,1.9222,3.0
7,2,89,2.4168,3.0
7,2,89,2.6220,3.0
7,2,40,1.8514,5.25
7,2,40,1.8328,5.25
7,2,87,1.2286,4.5
7,2,87,1.5028,4.5
7,2,13,2.1055,4.75
7,2,13,1.7414,4.75
7,2,38,2.2556,5.25
7,2,38,2.2716,5.25
7,2,85,1.4351,2.5
7,2,85,2.5078,2.5
7,2,110,1.8593,4.75
7,2,110,1.5019,4.75
7,2,11,1.9335,2.75
7,2,11,1.9233,2.75
7,2,36,2.2316,2.5
7,2,36,1.9455,2.5
7,2,83,1.9939,5.0
7,2,83,2.4453,5.0
7,2,108,1.4390,5.5
7,2,108,1.4955,5.5
7,2,9,2.0702,4.0
7,2,9,2.0918,4.0
7,2,34,1.9932,4.25
7,2,34,1.7863,4.25
7,2,106,2.0383,6.25
7,2,106,1.9919,6.25
7,2,7,2.3606,5.0
7,2,7,2.0394,5.0
7,2,32,2.0192,4.5
7,2,32,1.5929,4.5
7,2,104,1.6003,3.5
7,2,104,1.6414,3.5
7,2,5,2.3886,3.25
7,2,5,1.7007,3.25
8,1,34,2.9958,2.5
8,1,34,1.9508,2.5
8,1,7,3.1713,1.0
8,1,7,3.8898,1.0
8,1,94,2.6750,1.75
8,1,94,1.4988,1.75
8,1,21,3.4516,1.75
8,1,21,2.9543,1.75
8,1,35,2.9724,3.0
8,1,35,1.9439,3.0
8,1,49,3.4907,2.25
8,1,49,2.4851,2.25
8,1,8,3.3638,1.0
8,1,8,2.6672,1.0
8,1,95,2.5794,2.25
8,1,95,1.9273,2.25
8,1,22,3.7689,3.5
8,1,22,4.1527,3.5
8,1,36,3.3087,3.75
8,1,36,2.8664,3.75
8,1,50,2.4234,1.0
8,1,50,2.8555,1.0
8,1,9,3.3084,2.0
8,1,9,2.3747,2.0
8,1,64,3.1851,1.25
8,1,64,2.2862,1.25
8,1,23,3.6739,3.25
8,1,23,3.5763,3.25
8,1,37,3.1338,1.75
8,1,37,2.3198,1.75
8,1,51,2.4652,1.0
8,1,51,3.6454,1.0
8,1,10,2.9498,1.75
8,1,10,3.0836,1.75
8,1,65,2.6134,2.0
8,1,65,3.3218,2.0
8,1,24,3.6538,3.75
8,1,24,2.5298,3.75
8,1,38,3.6817,2.25
8,1,38,2.9362,2.25
8,1,52,2.8050,1.25
8,1,52,2.4588,1.25
8,1,11,2.7786,2.0
8,1,11,2.8085,2.0
8,1,66,3.1394,2.25
8,1,66,2.9949,2.25
8,1,25,2.6561,2.5
8,1,25,1.6696,2.5
8,1,80,1.2336,1.75
8,1,80,1.4887,1.75
8,1,39,3.0761,3.0
8,1,39,1.9998,3.0
8,1,53,3.4193,2.25
8,1,53,1.5080,2.25
8,1,12,3.6077,1.0
8,1,12,3.2033,1.0
8,1,67,1.8012,2.25
8,1,67,3.1356,2.25
8,1,26,3.5188,2.75
8,1,26,2.2031,2.75
8,1,81,3.1432,2.25
8,1,81,2.5775,2.25
8,1,40,3.5450,1.75
8,1,40,2.4658,1.75
8,1,54,3.1235,3.0
8,1,54,3.7664,3.0
8,1,68,3.5052,1.5
8,1,68,3.8894,1.5
8,1,27,1.5346,2.0
8,1,27,1.2990,2.0
8,1,82,2.8121,1.75
8,1,82,2.5307,1.75
8,1,41,2.5815,1.5
8,1,41,1.2058,1.5
8,1,96,2.8342,2.5
8,1,96,2.6715,2.5
8,1,69,2.2054,2.5
8,1,69,2.0460,2.5
8,1,28,2.9275,1.0
8,1,28,2.8606,1.0
8,1,42,3.0769,3.5
8,1,42,2.2949,3.5
8,1,97,3.9899,2.25
8,1,97,3.3149,2.25
8,1,29,4.2049,3.25
8,1,29,2.8717,3.25
8,1,43,2.3690,1.75
8,1,43,1.5371,1.75
8,1,98,3.7323,0.75
8,1,98,3.3699,0.75
8,1,30,3.5582,2.5
8,1,30,2.9180,2.5
8,1,85,3.2867,2.0
8,1,85,2.1586,2.0
8,1,44,3.4076,3.25
8,1,44,1.7025,3.25
8,1,58,2.8951,1.0
8,1,58,4.3348,1.0
8,1,31,2.8293,1.25
8,1,31,2.1249,1.25
8,1,86,2.9029,1.25
8,1,86,2.8012,1.25
8,1,59,3.7145,1.5
8,1,59,3.4944,1.5
8,1,73,3.1722,2.75
8,1,73,2.2702,2.75
8,1,87,3.3323,1.0
8,1,87,1.8989,1.0
8,1,60,2.9867,2.5
8,1,60,1.8717,2.5
8,1,74,2.8065,2.5
8,1,74,2.0741,2.5
8,1,88,2.6144,2.25
8,1,88,3.1067,2.25
8,1,61,3.3211,2.75
8,1,61,2.4080,2.75
8,1,75,3.4666,3.0
8,1,75,3.0810,3.0
8,1,2,2.8432,2.75
8,1,2,2.5930,2.75
8,1,89,3.5320,3.5
8,1,89,2.3970,3.5
8,1,16,2.9384,2.75
8,1,16,3.0476,2.75
8,1,62,2.2958,1.5
8,1,62,3.4512,1.5
8,1,76,3.5079,1.0
8,1,76,2.9022,1.0
8,1,3,2.8330,2.5
8,1,3,3.0590,2.5
8,1,17,3.5392,3.25
8,1,17,3.2664,3.25
8,1,63,4.5079,1.0
8,1,63,3.8653,1.0
8,1,77,2.3864,3.25
8,1,77,1.9894,3.25
8,1,4,3.5913,1.75
8,1,4,1.7250,1.75
8,1,91,2.8934,2.75
8,1,91,2.3338,2.75
8,1,18,3.1453,3.75
8,1,18,2.3128,3.75
8,1,32,3.6715,2.75
8,1,32,1.9932,2.75
8,1,78,3.0007,2.75
8,1,78,2.8408,2.75
8,1,5,2.7688,2.0
8,1,5,2.1011,2.0
8,1,92,2.0070,1.5
8,1,92,2.0732,1.5
8,1,19,2.6896,2.25
8,1,19,2.6005,2.25
8,1,33,3.0699,1.75
8,1,33,2.5579,1.75
8,1,79,1.7656,2.0
8,1,79,1.4962,2.0
8,1,6,2.7532,1.5
8,1,6,3.2640,1.5
8,1,93,2.9038,1.75
8,1,93,2.8430,1.75
8,1,20,2.0754,2.5
8,1,20,2.6498,2.5
8,2,17,3.2416,3.5
8,2,17,3.2427,3.5
8,2,91,1.2221,2.25
8,2,91,1.2235,2.25
8,2,19,2.0542,2.0
8,2,19,2.0397,2.0
8,2,93,1.4390,4.25
8,2,93,1.4366,4.25
8,2,96,2.9359,2.0
8,2,96,2.9310,2.0
8,2,21,2.8341,2.25
8,2,21,2.8342,2.25
8,2,56,2.0418,2.0
8,2,56,2.0326,2.0
8,2,95,2.2849,2.0
8,2,95,2.2837,2.0
8,2,98,2.9894,3.0
8,2,98,2.9915,3.0
8,2,23,3.1368,2.5
8,2,23,3.1372,2.5
8,2,58,3.3133,3.0
8,2,58,3.3188,3.0
8,2,100,3.1618,3.25
8,2,100,3.2037,3.25
8,2,25,2.7425,2.75
8,2,25,2.7418,2.75
8,2,60,1.8104,3.5
8,2,60,1.8062,3.5
8,2,67,1.7326,1.625
8,2,67,1.7303,1.625
8,2,27,1.0449,4.0
8,2,27,1.0457,4.0
8,2,62,4.1367,1.75
8,2,62,4.1371,1.75
8,2,69,1.1248,3.5
8,2,69,1.1235,3.5
8,2,29,3.0817,4.75
8,2,29,3.1115,4.75
8,2,32,4.0382,4.0
8,2,32,4.0372,4.0
8,2,71,1.3408,2.0
8,2,71,1.3360,2.0
8,2,31,3.0667,2.75
8,2,31,3.0650,2.75
8,2,34,2.2771,3.5
8,2,34,2.2799,3.5
8,2,73,1.5659,3.5
8,2,73,1.5658,3.5
8,2,36,4.6527,3.75
8,2,36,4.6530,3.75
8,2,75,2.0917,4.0
8,2,75,2.0906,4.0
8,2,38,3.8659,3.75
8,2,38,3.8680,3.75
8,2,77,2.2779,4.75
8,2,77,2.2814,4.75
8,2,5,0.7138,3.75
8,2,5,0.7156,3.75
8,2,40,3.1998,2.0
8,2,40,3.1927,2.0
8,2,79,2.4720,4.0
8,2,79,2.4771,4.0
8,2,7,1.9564,1.5
8,2,7,1.9580,1.5
8,2,42,2.7793,3.5
8,2,42,2.7772,3.5
8,2,9,1.9774,2.0
8,2,9,1.9783,2.0
8,2,44,3.6738,3.25
8,2,44,3.6844,3.25
8,2,11,2.7765,3.0
8,2,11,2.7691,3.0
8,2,46,3.0790,3.25
8,2,46,3.0771,3.25
8,2,80,3.4351,3.25
8,2,80,3.4389,3.25
8,2,15,2.3660,2.25
8,2,15,2.3627,2.25
8,2,49,2.4784,4.0
8,2,49,2.4785,4.0
8,2,84,3.3102,3.5
8,2,84,3.3078,3.5
8,2,86,1.7498,3.25
8,2,86,1.7489,3.25
8,2,88,2.2156,3.75
8,2,88,2.2141,3.75
8,2,16,2.4439,4.0
8,2,16,2.4168,4.0
8,2,55,2.8147,3.75
8,2,55,2.7877,3.75
8,2,90,1.7874,1.5
8,2,90,1.7870,1.5
8,2,97,3.3268,4.25
8,2,97,3.3228,4.25
8,2,18,3.1982,3.5
8,2,18,3.1965,3.5
8,2,57,1.9970,4.75
8,2,57,1.9968,4.75
8,2,92,2.7873,2.0
8,2,92,2.7865,2.0
8,2,99,1.9761,4.0
8,2,99,1.9745,4.0
8,2,20,4.1647,3.75
8,2,20,4.1639,3.75
8,2,59,2.8297,4.5
8,2,59,2.8297,4.5
8,2,94,1.3566,3.0
8,2,94,1.3711,3.0
8,2,101,3.0899,2.75
8,2,101,3.0932,2.75
8,2,22,3.1519,2.25
8,2,22,3.1402,2.25
8,2,61,2.9979,4.0
8,2,61,2.9925,4.0
8,2,64,3.5950,4.75
8,2,64,3.5938,4.75
8,2,24,2.5559,3.0
8,2,24,2.5572,3.0
8,2,63,2.0607,5.25
8,2,63,2.0616,5.25
8,2,26,2.2981,4.0
8,2,26,2.2977,4.0
8,2,33,1.4539,2.25
8,2,33,1.4515,2.25
8,2,68,3.3019,2.75
8,2,68,3.2937,2.75
8,2,28,3.3007,2.5
8,2,28,3.3036,2.5
8,2,35,3.6508,3.5
8,2,35,3.6511,3.5
8,2,70,2.6324,4.0
8,2,70,2.6301,4.0
8,2,30,3.9259,4.25
8,2,30,3.9275,4.25
8,2,37,2.6111,2.25
8,2,37,2.6166,2.25
8,2,72,2.9469,3.5
8,2,72,2.9480,3.5
8,2,39,4.0567,2.0
8,2,39,4.0576,2.0
8,2,74,0.6656,3.75
8,2,74,0.6695,3.75
8,2,41,3.2279,4.0
8,2,41,3.2075,4.0
8,2,76,3.7441,3.25
8,2,76,3.7456,3.25
8,2,4,1.2061,3.25
8,2,4,1.2036,3.25
8,2,43,1.6288,2.75
8,2,43,1.6327,2.75
8,2,78,1.8396,3.25
8,2,78,1.8370,3.25
8,2,6,2.4253,1.75
8,2,6,2.4186,1.75
8,2,45,3.2305,2.25
8,2,45,3.2324,2.25
8,2,8,3.0576,4.25
8,2,8,3.0728,4.25
8,2,47,0.9997,2.75
8,2,47,0.9927,2.75
8,2,10,1.6090,1.75
8,2,10,1.6095,1.75
8,2,83,1.0742,2.75
8,2,83,1.0708,2.75
8,2,85,1.6062,4.5
8,2,85,1.6131,4.5
8,2,48,3.1299,4.0
8,2,48,3.1332,4.0
8,2,87,3.5420,2.0
8,2,87,3.5413,2.0
8,2,50,4.0333,3.0
8,2,50,4.0360,3.0
8,2,89,1.9990,2.25
8,2,89,2.0106,2.25
9,1,81,4.0541,2.25
9,1,81,3.0876,2.25
9,1,27,3.7401,3.75
9,1,27,3.5927,3.75
9,1,83,4.6204,4.25
9,1,83,4.4197,4.25
9,1,29,3.3057,2.5
9,1,29,3.0533,2.5
9,1,32,2.6408,2.75
9,1,32,3.4524,2.75
9,1,85,5.6248,4.75
9,1,85,5.4737,4.75
9,1,31,4.1202,3.5
9,1,31,3.3938,3.5
9,1,34,3.9291,3.25
9,1,34,4.0591,3.25
9,1,87,3.0437,3.25
9,1,87,3.5562,3.25
9,1,36,3.7267,3.5
9,1,36,2.8299,3.5
9,1,89,3.9592,2.75
9,1,89,3.0768,2.75
9,1,3,4.0805,4.75
9,1,3,2.7519,4.75
9,1,38,3.8261,3.5
9,1,38,3.3828,3.5
9,1,91,4.1826,3.75
9,1,91,4.0081,3.75
9,1,5,3.9749,5.75
9,1,5,3.9348,5.75
9,1,40,3.9731,2.25
9,1,40,3.7854,2.25
9,1,93,4.8472,3.25
9,1,93,4.9484,3.25
9,1,96,3.5409,4.25
9,1,96,3.5637,4.25
9,1,7,4.1864,4.25
9,1,7,3.3153,4.25
9,1,42,3.1192,4.0
9,1,42,2.8713,4.0
9,1,95,4.3131,4.25
9,1,95,3.4009,4.25
9,1,98,6.3563,2.25
9,1,98,6.3603,2.25
9,1,65,3.9522,2.0
9,1,65,3.2725,2.0
9,1,100,4.1709,4.25
9,1,100,3.6478,4.25
9,1,67,4.2914,4.25
9,1,67,3.7821,4.25
9,1,102,3.8456,3.75
9,1,102,3.7396,3.75
9,1,69,3.9434,5.5
9,1,69,3.5660,5.5
9,1,104,5.3867,3.0
9,1,104,4.3488,3.0
9,1,106,4.3394,4.0
9,1,106,4.6316,4.0
9,1,73,4.1510,3.25
9,1,73,3.9130,3.25
9,1,51,4.2484,3.5
9,1,51,4.0172,3.5
9,1,75,4.7157,2.5
9,1,75,4.3994,2.5
9,1,110,3.8252,4.25
9,1,110,3.7428,4.25
9,1,53,4.1305,3.0
9,1,53,3.7452,3.0
9,1,77,3.8836,3.25
9,1,77,4.0409,3.25
9,1,16,3.2409,1.5
9,1,16,3.6360,1.5
9,1,55,3.1814,3.5
9,1,55,3.1056,3.5
9,1,79,4.8751,4.0
9,1,79,4.1322,4.0
9,1,18,4.6052,3.5
9,1,18,3.9860,3.5
9,1,20,3.3773,4.0
9,1,20,3.6446,4.0
9,1,59,4.0647,2.75
9,1,59,3.5396,2.75
9,1,22,4.3625,3.0
9,1,22,3.6410,3.0
9,1,61,6.0123,3.5
9,1,61,6.4643,3.5
9,1,24,5.3839,3.5
9,1,24,4.2790,3.5
9,1,63,3.6153,3.25
9,1,63,3.6828,3.25
9,1,80,3.9570,3.25
9,1,80,3.1810,3.25
9,1,26,3.5931,4.5
9,1,26,3.3838,4.5
9,1,33,3.5840,3.75
9,1,33,3.3335,3.75
9,1,82,4.2337,4.0
9,1,82,3.2880,4.0
9,1,28,3.0753,2.75
9,1,28,3.2789,2.75
9,1,35,4.1872,3.5
9,1,35,4.1039,3.5
9,1,84,5.3225,3.0
9,1,84,4.3606,3.0
9,1,30,2.8557,3.0
9,1,30,3.0072,3.0
9,1,37,5.6357,4.5
9,1,37,4.6920,4.5
9,1,86,3.9787,4.0
9,1,86,3.6723,4.0
9,1,39,4.0681,2.75
9,1,39,3.1580,2.75
9,1,88,3.8057,3.25
9,1,88,3.2898,3.25
9,1,2,3.8037,5.25
9,1,2,4.2068,5.25
9,1,41,4.0920,3.0
9,1,41,3.4831,3.0
9,1,90,3.8540,2.75
9,1,90,3.7777,2.75
9,1,97,4.2242,3.5
9,1,97,4.1096,3.5
9,1,4,4.1138,5.0
9,1,4,3.6000,5.0
9,1,92,4.1789,4.0
9,1,92,3.8483,4.0
9,1,99,3.5644,3.0
9,1,99,3.4405,3.0
9,1,6,4.1654,3.5
9,1,6,4.1885,3.5
9,1,94,3.4384,3.0
9,1,94,3.8278,3.0
9,1,101,4.5445,2.25
9,1,101,4.8263,2.25
9,1,8,3.8873,4.5
9,1,8,4.0159,4.5
9,1,64,4.0252,4.25
9,1,64,3.8009,4.25
9,1,103,3.8750,2.25
9,1,103,4.2675,2.25
9,1,66,4.2309,4.75
9,1,66,3.0498,4.75
9,1,105,2.9051,3.75
9,1,105,2.8168,3.75
9,1,12,3.2800,4.75
9,1,12,2.7317,4.75
9,1,68,4.4278,3.5
9,1,68,4.2556,3.5
9,1,107,3.2463,4.25
9,1,107,2.9250,4.25
9,1,72,3.9087,3.75
9,1,72,3.5335,3.75
9,1,111,3.9539,3.0
9,1,111,3.8869,3.0
9,1,50,3.6926,3.5
9,1,50,3.2226,3.5
9,1,74,2.6216,3.0
9,1,74,3.3138,3.0
9,1,17,4.2338,4.25
9,1,17,4.1231,4.25
9,1,52,4.4468,2.75
9,1,52,3.2264,2.75
9,1,76,3.9833,4.0
9,1,76,3.7931,4.0
9,1,19,4.3870,3.25
9,1,19,4.3280,3.25
9,1,54,3.9386,2.75
9,1,54,3.2567,2.75
9,1,78,4.7731,3.5
9,1,78,5.0844,3.5
9,1,21,3.7916,4.5
9,1,21,3.7004,4.5
9,1,56,4.3869,3.75
9,1,56,4.8306,3.75
9,1,23,5.5116,4.5
9,1,23,5.4287,4.5
9,1,25,3.6290,3.5
9,1,25,3.5052,3.5
9,1,60,4.3303,4.0
9,1,60,4.1152,4.0
9,2,98,4.2279,4.5
9,2,98,4.3843,4.5
9,2,71,4.9219,5.25
9,2,71,5.1636,5.25
9,2,100,5.6373,5.75
9,2,100,5.1093,5.75
9,2,46,3.7078,4.75
9,2,46,3.6886,4.75
9,2,102,4.0996,3.75
9,2,102,4.0312,3.75
9,2,75,4.3649,3.75
9,2,75,3.9449,3.75
9,2,16,4.4914,2.75
9,2,16,4.6432,2.75
9,2,104,4.8347,3.25
9,2,104,3.8078,3.25
9,2,77,4.2793,4.25
9,2,77,4.1919,4.25
9,2,18,4.4996,4.25
9,2,18,3.8775,4.25
9,2,106,4.3818,5.25
9,2,106,4.1282,5.25
9,2,79,4.5938,5.25
9,2,79,5.6064,5.25
9,2,20,3.2758,3.0
9,2,20,3.5832,3.0
9,2,108,4.2901,4.25
9,2,108,3.8301,4.25
9,2,49,4.3227,5.25
9,2,49,3.9911,5.25
9,2,22,3.5582,3.0
9,2,22,3.7574,3.0
9,2,110,3.6819,3.25
9,2,110,3.7236,3.25
9,2,51,3.9321,5.0
9,2,51,3.6531,5.0
9,2,24,5.3422,1.75
9,2,24,4.8868,1.75
9,2,80,4.2675,4.75
9,2,80,4.2256,4.75
9,2,53,3.5121,3.75
9,2,53,2.6062,3.75
9,2,26,4.2895,3.25
9,2,26,4.3035,3.25
9,2,82,4.4084,3.0
9,2,82,4.5832,3.0
9,2,55,4.5544,3.25
9,2,55,4.2108,3.25
9,2,28,4.4585,4.75
9,2,28,3.7950,4.75
9,2,84,4.8133,3.75
9,2,84,4.6205,3.75
9,2,30,4.3632,2.75
9,2,30,4.2909,2.75
9,2,113,3.5210,5.75
9,2,113,3.6135,5.75
9,2,86,4.5665,4.0
9,2,86,4.2729,4.0
9,2,88,4.2881,4.5
9,2,88,4.3801,4.5
9,2,2,4.5275,4.0
9,2,2,4.7757,4.0
9,2,90,4.2329,3.25
9,2,90,4.5033,3.25
9,2,63,4.0686,5.0
9,2,63,4.2007,5.0
9,2,4,3.6389,5.25
9,2,4,2.8520,5.25
9,2,92,4.2983,4.25
9,2,92,4.1234,4.25
9,2,33,3.3224,3.0
9,2,33,3.0029,3.0
9,2,6,5.4204,5.75
9,2,6,4.9454,5.75
9,2,94,4.4207,4.0
9,2,94,4.5826,4.0
9,2,35,3.1745,2.5
9,2,35,3.6318,2.5
9,2,8,3.7950,4.5
9,2,8,3.2980,4.5
9,2,64,4.8579,4.5
9,2,64,4.5550,4.5
9,2,37,3.6121,3.75
9,2,37,3.1672,3.75
9,2,10,4.3173,4.75
9,2,10,3.9277,4.75
9,2,66,4.7888,5.5
9,2,66,4.8611,5.5
9,2,39,3.9284,4.0
9,2,39,3.3258,4.0
9,2,12,4.3893,5.5
9,2,12,4.2781,5.5
9,2,68,3.7927,3.25
9,2,68,3.7842,3.25
9,2,41,5.3976,4.5
9,2,41,5.1652,4.5
9,2,97,4.0016,3.75
9,2,97,3.7638,3.75
9,2,70,4.5872,4.75
9,2,70,4.2333,4.75
9,2,99,4.3451,4.5
9,2,99,3.6960,4.5
9,2,45,2.5043,3.0
9,2,45,2.2664,3.0
9,2,101,4.7959,3.75
9,2,101,4.8123,3.75
9,2,74,5.1765,5.25
9,2,74,4.6627,5.25
9,2,47,4.1550,5.0
9,2,47,4.8664,5.0
9,2,103,4.0983,3.0
9,2,103,4.1341,3.0
9,2,76,5.6852,3.25
9,2,76,5.3158,3.25
9,2,17,4.2974,4.0
9,2,17,4.2562,4.0
9,2,105,4.6793,4.5
9,2,105,4.8376,4.5
9,2,78,3.6408,5.5
9,2,78,3.7968,5.5
9,2,19,3.8644,3.25
9,2,19,3.2788,3.25
9,2,107,3.6801,3.75
9,2,107,4.0032,3.75
9,2,48,4.5314,5.0
9,2,48,4.4736,5.0
9,2,21,3.3321,3.75
9,2,21,2.9777,3.75
9,2,109,3.9271,2.25
9,2,109,4.4903,2.25
9,2,50,4.2063,4.0
9,2,50,3.5950,4.0
9,2,23,3.1310,2.75
9,2,23,2.9184,2.75
9,2,111,4.5170,4.0
9,2,111,4.3711,4.0
9,2,52,2.1466,2.75
9,2,52,3.2212,2.75
9,2,25,3.7426,5.75
9,2,25,3.5372,5.75
9,2,81,5.4076,4.75
9,2,81,5.2041,4.75
9,2,54,4.2158,5.5
9,2,54,3.9923,5.5
9,2,27,3.2087,3.25
9,2,27,2.9427,3.25
9,2,83,4.5287,4.0
9,2,83,4.3433,4.0
9,2,56,4.3752,5.0
9,2,56,3.6665,5.0
9,2,29,3.5354,3.0
9,2,29,3.8773,3.0
9,2,112,4.5285,4.5
9,2,112,3.9262,4.5
9,2,85,4.2680,4.75
9,2,85,4.5961,4.75
9,2,31,3.9402,2.75
9,2,31,3.0546,2.75
9,2,87,5.1128,3.25
9,2,87,4.8869,3.25
9,2,89,4.4926,2.75
9,2,89,4.4088,2.75
9,2,62,4.1229,4.0
9,2,62,4.0314,4.0
9,2,3,4.0371,4.5
9,2,3,3.9936,4.5
9,2,91,5.0373,4.25
9,2,91,5.8119,4.25
9,2,32,3.5820,2.25
9,2,32,3.0908,2.25
9,2,5,3.8419,5.5
9,2,5,3.5141,5.5
9,2,93,4.6357,4.5
9,2,93,4.4480,4.5
9,2,34,5.2574,2.5
9,2,34,4.8025,2.5
9,2,7,4.5619,5.25
9,2,7,4.5310,5.25
9,2,95,4.1665,5.0
9,2,95,4.2096,5.0
9,2,36,4.2165,4.75
9,2,36,4.0168,4.75
9,2,9,5.0227,5.75
9,2,9,5.5080,5.75
9,2,65,4.3803,4.75
9,2,65,4.1328,4.75
9,2,38,3.2043,2.0
9,2,38,3.3042,2.0
9,2,11,4.9534,4.5
9,2,11,5.1098,4.5
9,2,67,4.2014,4.25
9,2,67,4.2615,4.25
9,2,40,3.9357,3.25
9,2,40,4.0049,3.25
9,2,13,4.4225,3.75
9,2,13,3.8545,3.75
9,2,96,4.6122,3.0
9,2,96,5.0837,3.0
9,2,69,4.3432,3.25
9,2,69,4.3803,3.25
9,2,42,4.1308,3.25
9,2,42,3.7782,3.25
10,1,63,4.5944,4.25
10,1,63,4.1265,4.25
10,1,24,5.1865,4.75
10,1,24,4.4150,4.75
10,1,80,4.4143,5.0
10,1,80,4.6618,5.0
10,1,61,5.0788,4.0
10,1,61,5.5683,4.0
10,1,6,4.2142,5.0
10,1,6,4.4549,5.0
10,1,94,4.9989,5.0
10,1,94,4.1585,5.0
10,1,4,4.5331,5.5
10,1,4,4.8230,5.5
10,1,92,4.1108,5.0
10,1,92,3.7581,5.0
10,1,57,4.0264,1.5
10,1,57,3.4065,1.5
10,1,90,4.8708,3.75
10,1,90,4.7949,3.75
10,1,39,4.3946,4.0
10,1,39,4.7379,4.0
10,1,88,4.3895,5.5
10,1,88,4.7063,5.5
10,1,37,5.4228,6.0
10,1,37,4.7302,6.0
10,1,14,4.5485,3.75
10,1,14,4.6979,3.75
10,1,35,5.7276,2.0
10,1,35,4.2202,2.0
10,1,12,4.3491,4.5
10,1,12,4.7633,4.5
10,1,68,4.4524,3.75
10,1,68,4.8784,3.75
10,1,33,4.6769,4.5
10,1,33,4.1714,4.5
10,1,10,3.7775,5.0
10,1,10,4.1906,5.0
10,1,66,4.6396,6.0
10,1,66,4.1621,6.0
10,1,47,4.3063,5.25
10,1,47,4.1655,5.25
10,1,8,4.4577,6.25
10,1,8,4.6904,6.25
10,1,103,4.9693,3.75
10,1,103,5.2391,3.75
10,1,64,4.1075,5.0
10,1,64,3.5151,5.0
10,1,45,5.8524,2.875
10,1,45,4.5843,2.875
10,1,101,4.3996,5.5
10,1,101,5.0157,5.5
10,1,78,5.1121,5.5
10,1,78,4.8526,5.5
10,1,43,4.6208,4.5
10,1,43,5.3513,4.5
10,1,99,4.9559,5.25
10,1,99,5.6242,5.25
10,1,76,5.2763,4.75
10,1,76,4.8213,4.75
10,1,41,5.3318,3.25
10,1,41,4.6560,3.25
10,1,97,4.1473,3.75
10,1,97,3.7516,3.75
10,1,74,4.2383,4.75
10,1,74,4.0431,4.75
10,1,72,4.6558,3.0
10,1,72,4.9897,3.0
10,1,21,5.1448,5.25
10,1,21,4.1916,5.25
10,1,54,3.9139,3.5
10,1,54,4.3129,3.5
10,1,107,4.6804,5.0
10,1,107,3.9577,5.0
10,1,52,4.9922,5.0
10,1,52,4.7733,5.0
10,1,105,4.2177,4.0
10,1,105,4.2859,4.0
10,1,50,5.1598,5.25
10,1,50,4.8056,5.25
10,1,31,5.1329,4.75
10,1,31,4.8140,4.75
10,1,87,4.9673,4.75
10,1,87,4.2115,4.75
10,1,48,4.5036,5.0
10,1,48,4.1497,5.0
10,1,29,5.0238,4.5
10,1,29,4.6760,4.5
10,1,85,4.7190,4.75
10,1,85,4.7247,4.75
10,1,62,4.1079,3.75
10,1,62,4.3235,3.75
10,1,27,4.8622,4.25
10,1,27,4.7249,4.25
10,1,83,4.5918,3.0
10,1,83,4.9112,3.0
10,1,25,4.6432,4.5
10,1,25,3.8071,4.5
10,1,81,4.3229,4.25
10,1,81,4.4151,4.25
10,1,7,4.4844,5.5
10,1,7,4.7741,5.5
10,1,95,4.7855,4.75
10,1,95,5.0619,4.75
10,1,56,4.6487,4.5
10,1,56,4.3100,4.5
10,1,5,4.8201,5.0
10,1,5,4.0239,5.0
10,1,93,5.0820,4.0
10,1,93,4.6307,4.0
10,1,38,4.7434,3.75
10,1,38,4.2071,3.75
10,1,91,4.6195,4.5
10,1,91,4.4291,4.5
10,1,36,5.8954,4.75
10,1,36,5.0491,4.75
10,1,89,3.9229,5.25
10,1,89,4.8085,5.25
10,1,34,3.9701,4.0
10,1,34,3.9407,4.0
10,1,32,5.7049,3.75
10,1,32,5.1178,3.75
10,1,13,4.7716,4.25
10,1,13,4.5286,4.25
10,1,69,4.8723,4.5
10,1,69,4.7881,4.5
10,1,46,4.7948,5.0
10,1,46,5.1363,5.0
10,1,11,4.0645,4.0
10,1,11,3.6564,4.0
10,1,102,4.6857,5.0
10,1,102,4.5755,5.0
10,1,67,5.0952,5.25
10,1,67,4.7504,5.25
10,1,44,5.7418,4.5
10,1,44,4.7924,4.5
10,1,9,3.9333,5.5
10,1,9,4.4983,5.5
10,1,100,4.3144,4.0
10,1,100,3.7352,4.0
10,1,65,5.0948,5.75
10,1,65,4.0906,5.75
10,1,42,5.2675,5.25
10,1,42,4.9745,5.25
10,1,98,4.8409,4.5
10,1,98,4.4430,4.5
10,1,79,4.7531,4.5
10,1,79,4.4097,4.5
10,1,40,4.1700,4.5
10,1,40,3.5738,4.5
10,1,96,4.8190,4.5
10,1,96,4.8526,4.5
10,1,77,4.9924,4.5
10,1,77,4.8442,4.5
10,1,22,4.4723,4.5
10,1,22,4.4139,4.5
10,1,75,4.3647,4.5
10,1,75,3.7119,4.5
10,1,20,5.5858,5.0
10,1,20,4.7561,5.0
10,1,108,4.2512,5.0
10,1,108,4.1609,5.0
10,1,73,4.9479,4.25
10,1,73,4.4898,4.25
10,1,106,3.9619,2.0
10,1,106,3.9177,2.0
10,1,55,4.3458,5.25
10,1,55,4.1105,5.25
10,1,104,4.6702,4.5
10,1,104,4.5864,4.5
10,1,53,4.4588,5.25
10,1,53,4.2234,5.25
10,1,30,5.1182,5.5
10,1,30,5.2029,5.5
10,1,86,4.9758,4.0
10,1,86,5.3708,4.0
10,1,51,4.7165,5.5
10,1,51,5.4666,5.5
10,1,28,5.4264,4.75
10,1,28,4.5398,4.75
10,1,84,4.1511,2.75
10,1,84,4.3957,2.75
10,1,49,4.0104,4.0
10,1,49,4.0404,4.0
10,1,26,4.1475,2.375
10,1,26,4.1401,2.375
10,1,82,5.1079,4.5
10,1,82,4.7916,4.5
10,2,65,4.6483,5.0
10,2,65,5.0383,5.0
10,2,26,5.5793,3.5
10,2,26,5.2578,3.5
10,2,83,4.8410,4.25
10,2,83,4.0175,4.25
10,2,15,5.5807,5.75
10,2,15,6.0758,5.75
10,2,25,2.8520,4.25
10,2,25,2.6841,4.25
10,2,82,4.4739,5.25
10,2,82,4.1989,5.25
10,2,14,3.6051,5.25
10,2,14,4.5092,5.25
10,2,71,4.1762,4.0
10,2,71,3.4449,4.0
10,2,24,3.8934,3.5
10,2,24,4.1638,3.5
10,2,81,4.6337,5.25
10,2,81,3.5709,5.25
10,2,35,2.6885,2.75
10,2,35,3.1909,2.75
10,2,13,4.3418,5.25
10,2,13,4.2018,5.25
10,2,70,5.0985,4.66667
10,2,70,4.8121,4.66667
10,2,31,3.1956,3.25
10,2,31,4.4377,3.25
10,2,80,3.9254,4.5
10,2,80,3.5683,4.5
10,2,34,4.3993,5.0
10,2,34,3.8449,5.0
10,2,12,4.3733,4.25
10,2,12,3.8270,4.25
10,2,69,3.9247,5.25
10,2,69,4.4306,5.25
10,2,30,4.1532,5.75
10,2,30,5.0899,5.75
10,2,87,4.9646,5.5
10,2,87,4.6790,5.5
10,2,33,4.2275,4.75
10,2,33,4.3659,4.75
10,2,51,4.4881,5.5
10,2,51,4.9210,5.5
10,2,68,4.5202,4.75
10,2,68,4.5540,4.75
10,2,29,3.9619,5.0
10,2,29,3.8444,5.0
10,2,86,3.2544,4.5
10,2,86,3.8734,4.5
10,2,32,3.6183,1.75
10,2,32,3.9046,1.75
10,2,50,2.9331,4.0
10,2,50,2.9189,4.0
10,2,75,4.0258,4.5
10,2,75,4.6164,4.5
10,2,28,3.4004,4.5
10,2,28,3.6886,4.5
10,2,85,4.3201,5.25
10,2,85,3.6506,5.25
10,2,39,4.6695,5.25
10,2,39,4.7094,5.25
10,2,74,4.8728,4.75
10,2,74,4.3066,4.75
10,2,3,6.0321,3.75
10,2,3,6.2358,3.75
10,2,84,4.2913,4.0
10,2,84,4.1296,4.0
10,2,38,4.7143,4.75
10,2,38,4.4237,4.75
10,2,73,3.8663,5.5
10,2,73,5.3650,5.5
10,2,91,4.3347,4.25
10,2,91,3.7860,4.25
10,2,37,3.4012,5.0
10,2,37,3.7064,5.0
10,2,55,4.2513,3.75
10,2,55,4.0286,3.75
10,2,72,4.5657,6.25
10,2,72,4.2663,6.25
10,2,90,4.4012,4.25
10,2,90,4.7381,4.25
10,2,19,3.7934,4.5
10,2,19,3.1216,4.5
10,2,36,4.3933,3.75
10,2,36,3.7149,3.75
10,2,54,4.6126,5.5
10,2,54,4.3402,5.5
10,2,79,4.2027,5.5
10,2,79,5.2737,5.5
10,2,89,4.5739,4.0
10,2,89,3.6617,4.0
10,2,43,3.8518,5.75
10,2,43,4.7191,5.75
10,2,53,5.5517,6.75
10,2,53,4.0755,6.75
10,2,78,7.0390,5.25
10,2,78,4.7849,5.25
10,2,7,3.1209,5.25
10,2,7,3.5661,5.25
10,2,88,6.2776,5.5
10,2,88,5.5468,5.5
10,2,42,6.1305,5.5
10,2,42,4.5339,5.5
10,2,52,3.4860,5.5
10,2,52,3.8089,5.5
10,2,77,4.8389,3.5
10,2,77,4.3207,3.5
10,2,6,5.2254,5.25
10,2,6,5.2350,5.25
10,2,95,4.5618,2.0
10,2,95,4.6698,2.0
10,2,41,4.2653,5.25
10,2,41,5.2317,5.25
10,2,76,4.3583,4.5
10,2,76,4.1656,4.5
10,2,5,3.1080,5.5
10,2,5,3.5593,5.5
10,2,94,3.4546,3.25
10,2,94,4.2973,3.25
10,2,23,4.1845,5.0
10,2,23,4.7702,5.0
10,2,40,2.8822,4.5
10,2,40,3.4987,4.5
10,2,97,-0.3258,5.75
10,2,97,-0.3068,5.75
10,2,58,3.9335,5.5
10,2,58,3.6218,5.5
10,2,4,3.4941,6.25
10,2,4,3.7995,6.25
10,2,93,3.2609,3.25
10,2,93,3.3517,3.25
10,2,22,4.6534,5.5
10,2,22,4.3903,5.5
10,2,47,-0.3240,5.25
10,2,47,-0.3046,5.25
10,2,96,4.1617,4.75
10,2,96,3.9498,4.75
10,2,11,4.8033,4.5
10,2,11,6.3264,4.5
10,2,92,3.9034,4.75
10,2,92,3.9469,4.75
10,2,21,3.9727,5.5
10,2,21,3.9882,5.5
10,2,46,3.1715,4.25
10,2,46,3.7525,4.25
10,2,56,5.8598,5.25
10,2,56,4.3605,5.25
10,2,10,4.2515,5.25
10,2,10,4.8650,5.25
10,2,67,5.8984,4.33333
10,2,67,5.5731,4.33333
10,2,20,3.6317,2.75
10,2,20,3.9361,2.75
10,2,45,3.4274,3.5
10,2,45,3.7583,3.5
10,2,9,5.1827,3.25
10,2,9,4.0314,3.25
10,2,66,3.5943,3.0
10,2,66,2.9956,3.0
10,2,27,4.0668,5.0
10,2,27,3.9028,5.0
10,2,44,4.4352,5.0
10,2,44,4.2671,5.0
10,2,8,3.6170,5.75
10,2,8,3.7987,5.75
11,1,5,4.4405,4.5
11,1,5,5.2805,4.5
11,1,94,4.1033,5.75
11,1,94,4.3204,5.75
11,1,23,4.2611,5.75
11,1,23,4.7877,5.75
11,1,32,4.6201,4.25
11,1,32,4.2708,4.25
11,1,50,5.2230,3.0
11,1,50,5.7513,3.0
11,1,75,4.1727,3.5
11,1,75,4.6704,3.5
11,1,4,5.1595,5.75
11,1,4,5.1092,5.75
11,1,93,4.2032,4.25
11,1,93,3.8065,4.25
11,1,22,4.3264,6.25
11,1,22,4.7079,6.25
11,1,47,4.2869,4.0
11,1,47,4.1056,4.0
11,1,49,3.8759,4.5
11,1,49,3.5237,4.5
11,1,74,3.8639,5.0
11,1,74,3.4679,5.0
11,1,92,3.3701,4.25
11,1,92,3.7409,4.25
11,1,21,4.0303,4.25
11,1,21,3.9822,4.25
11,1,46,4.1321,1.75
11,1,46,4.3781,1.75
11,1,48,3.3231,2.25
11,1,48,2.8755,2.25
11,1,73,4.9073,5.25
11,1,73,4.3679,5.25
11,1,91,3.3236,5.5
11,1,91,3.7943,5.5
11,1,20,4.7891,5.5
11,1,20,4.9657,5.5
11,1,63,4.1394,6.25
11,1,63,4.7542,6.25
11,1,72,4.2006,4.75
11,1,72,4.3334,4.75
11,1,90,4.5340,4.25
11,1,90,4.7952,4.25
11,1,19,5.5970,6.25
11,1,19,5.3778,6.25
11,1,62,4.0789,5.0
11,1,62,3.5809,5.0
11,1,89,4.2235,5.0
11,1,89,5.0002,5.0
11,1,15,5.1326,3.5
11,1,15,4.8485,3.5
11,1,88,3.7454,3.75
11,1,88,3.0631,3.75
11,1,99,4.7137,6.25
11,1,99,4.5185,6.25
11,1,14,4.5780,4.25
11,1,14,5.2228,4.25
11,1,71,4.8915,4.75
11,1,71,4.8687,4.75
11,1,98,4.6782,4.5
11,1,98,4.5617,4.5
11,1,13,4.0456,5.25
11,1,13,4.1719,5.25
11,1,70,4.9366,5.0
11,1,70,4.5513,5.0
11,1,31,4.3199,5.5
11,1,31,4.3255,5.5
11,1,97,4.1944,3.75
11,1,97,3.8140,3.75
11,1,12,4.4836,5.5
11,1,12,5.2998,5.5
11,1,69,4.5739,4.0
11,1,69,4.9951,4.0
11,1,30,4.4372,4.25
11,1,30,4.4422,4.25
11,1,87,4.1894,2.75
11,1,87,4.5057,2.75
11,1,96,5.0003,4.75
11,1,96,4.6947,4.75
11,1,57,3.4354,2.5
11,1,57,2.8862,2.5
11,1,11,5.0475,4.5
11,1,11,2.8701,4.5
11,1,68,4.4593,4.25
11,1,68,4.4407,4.25
11,1,29,4.6505,5.5
11,1,29,4.2881,5.5
11,1,56,4.0136,2.25
11,1,56,3.0101,2.25
11,1,10,5.5374,4.66667
11,1,10,5.3466,4.66667
11,1,67,5.2890,6.25
11,1,67,3.9080,6.25
11,1,28,5.0640,4.5
11,1,28,4.7115,4.5
11,1,39,-0.8848,5.0
11,1,39,-0.8796,5.0
11,1,9,4.7274,4.0
11,1,9,4.0882,4.0
11,1,66,6.0143,3.25
11,1,66,4.7762,3.25
11,1,27,5.5023,4.5
11,1,27,4.9673,4.5
11,1,84,4.1756,3.5
11,1,84,4.0237,3.5
11,1,38,3.7620,4.5
11,1,38,4.9674,4.5
11,1,8,4.8476,4.25
11,1,8,5.0350,4.25
11,1,65,3.1692,4.25
11,1,65,3.6382,4.25
11,1,26,4.8634,4.0
11,1,26,4.6207,4.0
11,1,83,4.5644,3.5
11,1,83,4.2220,3.5
11,1,37,4.4499,3.75
11,1,37,4.0910,3.75
11,1,55,4.0888,4.0
11,1,55,3.9929,4.0
11,1,64,4.7038,5.0
11,1,64,5.3811,5.0
11,1,25,4.2636,5.0
11,1,25,4.4945,5.0
11,1,82,4.8481,4.5
11,1,82,3.9682,4.5
11,1,36,4.7631,5.0
11,1,36,5.2020,5.0
11,1,54,4.6643,2.5
11,1,54,4.6001,2.5
11,1,79,4.6888,4.5
11,1,79,4.0612,4.5
11,1,24,2.4537,3.25
11,1,24,4.9604,3.25
11,1,81,3.9327,4.5
11,1,81,4.0281,4.5
11,1,35,4.4239,4.5
11,1,35,4.6597,4.5
11,1,53,4.9522,5.25
11,1,53,4.8956,5.25
11,1,78,4.5328,5.0
11,1,78,4.7557,5.0
11,1,7,4.2396,4.25
11,1,7,4.6861,4.25
11,1,80,6.1511,6.0
11,1,80,4.2527,6.0
11,1,34,5.8637,4.5
11,1,34,5.7037,4.5
11,1,52,4.4616,4.25
11,1,52,5.1009,4.25
11,1,77,5.1664,6.0
11,1,77,5.0595,6.0
11,1,6,5.4376,5.0
11,1,6,4.6211,5.0
11,1,95,4.4155,4.25
11,1,95,4.2213,4.25
11,1,33,4.6420,5.0
11,1,33,4.7375,5.0
11,1,51,4.5766,4.75
11,1,51,4.5071,4.75
11,1,76,4.2802,4.0
11,1,76,4.4651,4.0
11,2,84,3.1096,4.75
11,2,84,3.2808,4.75
11,2,28,3.3597,4.5
11,2,28,3.2764,4.5
11,2,74,3.3411,4.25
11,2,74,2.1782,4.25
11,2,18,4.2496,4.0
11,2,18,3.2903,4.0
11,2,72,3.9935,4.25
11,2,72,3.6392,4.25
11,2,63,2.7067,2.75
11,2,63,2.4148,2.75
11,2,78,3.4369,5.5
11,2,78,3.7048,5.5
11,2,61,2.3148,3.25
11,2,61,2.4488,3.25
11,2,22,4.4629,3.75
11,2,22,4.1881,3.75
11,2,76,3.5932,5.5
11,2,76,3.4269,5.5
11,2,51,3.7445,4.5
11,2,51,3.8112,4.5
11,2,20,3.4853,4.75
11,2,20,3.4891,4.75
11,2,105,2.7664,4.5
11,2,105,2.5371,4.5
11,2,66,4.0344,1.75
11,2,66,3.1883,1.75
11,2,49,4.9974,2.75
11,2,49,4.1880,2.75
11,2,10,3.3958,4.75
11,2,10,3.9488,4.75
11,2,111,3.7637,4.5
11,2,111,3.1351,4.5
11,2,64,3.5724,4.25
11,2,64,2.5999,4.25
11,2,55,3.2538,4.5
11,2,55,2.6156,4.5
11,2,8,3.6916,5.0
11,2,8,3.7931,5.0
11,2,109,4.3287,4.75
11,2,109,2.8136,4.75
11,2,53,3.7724,4.5
11,2,53,2.8565,4.5
11,2,99,2.6979,5.5
11,2,99,3.5292,5.5
11,2,68,5.1520,4.0
11,2,68,4.3097,4.0
11,2,43,3.7023,5.25
11,2,43,2.3398,5.25
11,2,12,3.7176,2.25
11,2,12,3.4324,2.25
11,2,97,3.4958,3.75
11,2,97,2.3657,3.75
11,2,41,3.3325,4.75
11,2,41,3.2183,4.75
11,2,103,3.6568,5.25
11,2,103,3.0471,5.25
11,2,47,4.2038,4.0
11,2,47,3.5913,4.0
11,2,101,4.1212,4.75
11,2,101,3.7265,4.75
11,2,45,3.7878,4.25
11,2,45,3.0452,4.25
11,2,6,3.6796,5.5
11,2,6,3.1777,5.5
11,2,91,4.0341,4.5
11,2,91,3.8401,4.5
11,2,35,4.0413,3.75
11,2,35,3.4374,3.75
11,2,4,3.2227,4.0
11,2,4,3.0059,4.0
11,2,89,3.1399,4.75
11,2,89,2.9198,4.75
11,2,33,4.4224,4.25
11,2,33,3.7964,4.25
11,2,95,3.0743,4.0
11,2,95,4.0235,4.0
11,2,39,3.3091,4.5
11,2,39,2.2268,4.5
11,2,93,1.4648,5.0
11,2,93,2.3695,5.0
11,2,37,3.0003,5.0
11,2,37,2.8867,5.0
11,2,83,3.8021,4.0
11,2,83,3.6454,4.0
11,2,27,3.4792,5.5
11,2,27,2.3834,5.5
11,2,81,3.7165,3.0
11,2,81,3.7178,3.0
11,2,25,2.8515,5.0
11,2,25,2.9996,5.0
11,2,87,3.1469,4.25
11,2,87,2.8564,4.25
11,2,31,4.1568,5.0
11,2,31,3.6308,5.0
11,2,85,4.5931,5.0
11,2,85,4.2207,5.0
11,2,56,4.3402,4.75
11,2,56,3.2300,4.75
11,2,29,3.5550,4.75
11,2,29,1.8891,4.75
11,2,75,2.4466,2.5
11,2,75,2.5627,2.5
11,2,62,3.1063,1.75
11,2,62,2.9024,1.75
11,2,19,4.0075,5.25
11,2,19,3.6898,5.25
11,2,73,3.1669,4.25
11,2,73,4.3248,4.25
11,2,60,3.3094,2.5
11,2,60,2.6442,2.5
11,2,17,3.8483,3.75
11,2,17,2.9965,3.75
11,2,106,4.5048,3.0
11,2,106,3.3635,3.0
11,2,79,3.1851,4.25
11,2,79,2.3458,4.25
11,2,50,3.9870,4.25
11,2,50,3.5982,4.25
11,2,23,4.5242,5.75
11,2,23,3.8543,5.75
11,2,104,3.0915,6.0
11,2,104,2.2327,6.0
11,2,77,3.9289,4.5
11,2,77,4.0025,4.5
11,2,48,3.6906,6.5
11,2,48,3.1569,6.5
11,2,21,4.5340,6.25
11,2,21,3.7355,6.25
11,2,110,2.8598,4.75
11,2,110,3.6125,4.75
11,2,67,4.2430,4.75
11,2,67,4.1069,4.75
11,2,54,3.2501,3.75
11,2,54,2.6996,3.75
11,2,11,2.6238,2.5
11,2,11,2.8544,2.5
11,2,65,2.8562,2.5
11,2,65,2.9301,2.5
11,2,52,2.5700,5.0
11,2,52,3.7866,5.0
11,2,9,3.7272,3.5
11,2,9,3.8411,3.5
11,2,98,3.3359,5.0
11,2,98,3.3910,5.0
11,2,42,3.3246,4.75
11,2,42,2.5082,4.75
11,2,96,4.0529,5.0
11,2,96,4.2339,5.0
11,2,69,3.2953,3.25
11,2,69,4.3456,3.25
11,2,40,3.8111,4.25
11,2,40,4.5085,4.25
11,2,102,3.4916,3.75
11,2,102,1.9013,3.75
11,2,46,4.9036,4.25
11,2,46,3.5613,4.25
11,2,3,3.6811,5.0
11,2,3,3.2003,5.0
11,2,100,3.1054,4.5
11,2,100,1.9671,4.5
11,2,44,3.8883,5.5
11,2,44,3.6828,5.5
11,2,90,4.0094,3.25
11,2,90,3.5339,3.25
11,2,34,4.4799,6.5
11,2,34,4.5537,6.5
11,2,7,2.9270,0.75
11,2,7,2.3642,0.75
11,2,88,3.2536,5.0
11,2,88,3.3840,5.0
11,2,32,4.0452,5.25
11,2,32,3.9649,5.25
11,2,5,4.3024,2.25
11,2,5,3.2100,2.25
11,2,94,4.2705,4.25
11,2,94,3.5034,4.25
11,2,38,3.3190,4.25
11,2,38,3.4547,4.25
11,2,92,3.2446,5.5
11,2,92,2.1452,5.5
11,2,36,3.9259,4.25
11,2,36,3.6755,4.25
11,2,82,3.0027,4.75
11,2,82,2.7575,4.75
11,2,26,4.3684,3.5
11,2,26,4.6594,3.5
11,2,80,3.8642,3.75
11,2,80,3.1076,3.75
11,2,24,4.3762,5.0
11,2,24,3.6902,5.0
11,2,86,3.5281,5.75
11,2,86,3.8706,5.75
11,2,30,3.9512,4.0
11,2,30,3.5618,4.0
12,1,60,2.3454,3.75
12,1,60,2.3547,3.75
12,1,25,1.6864,5.75
12,1,25,1.7892,5.75
12,1,83,2.8263,5.5
12,1,83,2.3985,5.5
12,1,62,3.5036,2.5
12,1,62,3.5596,2.5
12,1,27,2.2395,4.5
12,1,27,2.1782,4.5
12,1,77,2.6795,4.75
12,1,77,2.5142,4.75
12,1,21,3.6354,4.5
12,1,21,3.4279,4.5
12,1,79,2.2755,4.25
12,1,79,2.1086,4.25
12,1,23,2.1342,3.5
12,1,23,2.1163,3.5
12,1,108,3.0719,3.25
12,1,108,3.4708,3.25
12,1,73,2.5313,4.25
12,1,73,1.8535,4.25
12,1,17,1.6939,5.0
12,1,17,2.1995,5.0
12,1,110,2.6480,5.0
12,1,110,2.1424,5.0
12,1,75,3.5014,5.25
12,1,75,3.4898,5.25
12,1,54,3.5605,4.75
12,1,54,4.1166,4.75
12,1,19,3.0814,3.75
12,1,19,3.2292,3.75
12,1,104,3.7447,2.5
12,1,104,3.1851,2.5
12,1,69,3.3981,3.75
12,1,69,2.9959,3.75
12,1,48,3.5077,4.5
12,1,48,3.5653,4.5
12,1,106,3.1618,1.25
12,1,106,3.2017,1.25
12,1,100,1.8737,2.75
12,1,100,1.7999,2.75
12,1,65,2.8981,4.5
12,1,65,2.9092,4.5
12,1,44,2.3478,5.5
12,1,44,2.0762,5.5
12,1,9,2.6904,4.75
12,1,9,2.7303,4.75
12,1,102,2.7428,4.5
12,1,102,2.6959,4.5
12,1,67,3.2240,2.75
12,1,67,3.1332,2.75
12,1,46,1.5914,3.5
12,1,46,1.5464,3.5
12,1,11,1.9090,5.0
12,1,11,2.1121,5.0
12,1,96,3.0933,3.25
12,1,96,3.2751,3.25
12,1,40,2.1756,4.25
12,1,40,1.7208,4.25
12,1,5,2.2736,6.0
12,1,5,2.1016,6.0
12,1,98,3.5088,3.75
12,1,98,3.6670,3.75
12,1,42,2.6583,4.25
12,1,42,2.5000,4.25
12,1,7,2.5605,6.25
12,1,7,2.1606,6.25
12,1,92,3.1816,3.25
12,1,92,3.2097,3.25
12,1,36,2.0490,5.0
12,1,36,1.9702,5.0
12,1,38,1.6450,5.5
12,1,38,1.7915,5.5
12,1,3,3.5873,6.0
12,1,3,3.6612,6.0
12,1,88,2.1653,4.5
12,1,88,2.0301,4.5
12,1,32,2.3430,5.25
12,1,32,2.1995,5.25
12,1,90,3.2121,4.0
12,1,90,3.2017,4.0
12,1,34,3.6323,5.5
12,1,34,3.4455,5.5
12,1,84,2.5634,4.5
12,1,84,2.1242,4.5
12,1,28,1.3376,5.0
12,1,28,1.8797,5.0
12,1,86,3.0428,3.0
12,1,86,2.8979,3.0
12,1,30,2.9310,4.0
12,1,30,3.6850,4.0
12,1,80,2.9813,4.0
12,1,80,3.2514,4.0
12,1,24,1.3308,5.25
12,1,24,1.6669,5.25
12,1,82,3.5367,4.0
12,1,82,3.8329,4.0
12,1,61,3.6944,4.0
12,1,61,3.3316,4.0
12,1,26,2.7200,5.0
12,1,26,3.0453,5.0
12,1,76,3.6337,4.0
12,1,76,3.5592,4.0
12,1,63,2.1643,3.0
12,1,63,2.3800,3.0
12,1,20,2.0044,4.75
12,1,20,2.2674,4.75
12,1,78,2.9986,6.0
12,1,78,2.9279,6.0
12,1,22,3.4298,4.5
12,1,22,3.5416,4.5
12,1,72,3.6121,3.25
12,1,72,3.2903,3.25
12,1,16,2.4835,5.25
12,1,16,2.1937,5.25
12,1,109,2.3790,3.5
12,1,109,2.3513,3.5
12,1,74,3.6530,5.0
12,1,74,3.3526,5.0
12,1,53,3.2973,4.5
12,1,53,3.3107,4.5
12,1,18,1.9053,4.25
12,1,18,2.4277,4.25
12,1,111,3.3771,2.75
12,1,111,2.8722,2.75
12,1,68,2.5638,4.25
12,1,68,2.3766,4.25
12,1,55,2.0791,5.0
12,1,55,2.2287,5.0
12,1,12,3.7063,5.75
12,1,12,3.8524,5.75
12,1,105,1.6940,3.25
12,1,105,1.6996,3.25
12,1,49,2.9544,4.75
12,1,49,2.9243,4.75
12,1,107,2.1903,4.5
12,1,107,2.0375,4.5
12,1,64,2.6692,4.0
12,1,64,3.5065,4.0
12,1,8,2.5027,5.25
12,1,8,2.7574,5.25
12,1,101,2.6556,3.25
12,1,101,2.2857,3.25
12,1,66,3.1522,3.0
12,1,66,2.9218,3.0
12,1,45,2.8238,5.0
12,1,45,3.1608,5.0
12,1,10,2.9841,5.25
12,1,10,3.3211,5.25
12,1,103,2.4852,4.5
12,1,103,1.7487,4.5
12,1,47,3.5881,5.5
12,1,47,3.8480,5.5
12,1,4,2.4116,6.25
12,1,4,2.5829,6.25
12,1,97,3.0694,4.25
12,1,97,3.0869,4.25
12,1,41,2.4559,3.75
12,1,41,2.2768,3.75
12,1,6,2.3006,5.0
12,1,6,2.5349,5.0
12,1,99,3.0534,1.75
12,1,99,3.5692,1.75
12,1,43,2.0926,4.75
12,1,43,2.0314,4.75
12,1,93,1.8599,3.75
12,1,93,1.7163,3.75
12,1,37,3.3246,4.5
12,1,37,3.9852,4.5
12,1,2,3.3476,6.5
12,1,2,4.0347,6.5
12,1,39,1.7715,5.75
12,1,39,1.9191,5.75
12,1,89,1.5770,3.5
12,1,89,1.9520,3.5
12,1,33,2.7518,4.25
12,1,33,3.6574,4.25
12,1,91,1.1513,4.5
12,1,91,1.9439,4.5
12,1,35,1.8781,4.0
12,1,35,2.0403,4.0
12,1,85,2.5827,4.75
12,1,85,2.2326,4.75
12,1,29,2.0380,2.75
12,1,29,1.5067,2.75
12,1,87,3.7285,5.0
12,1,87,3.4988,5.0
12,1,31,3.5910,5.0
12,1,31,3.4110,5.0
12,1,81,3.4594,4.0
12,1,81,3.5189,4.0
12,2,14,2.8296,4.25
12,2,14,3.2377,4.25
12,2,37,3.9984,3.5
12,2,37,3.5352,3.5
12,2,64,3.4392,1.5
12,2,64,3.2975,1.5
12,2,8,3.1959,4.0
12,2,8,3.1534,4.0
12,2,39,2.6527,2.0
12,2,39,2.4274,2.0
12,2,66,2.8839,1.0
12,2,66,3.3005,1.0
12,2,10,3.8341,4.25
12,2,10,3.6248,4.25
12,2,33,3.7778,3.75
12,2,33,4.0106,3.75
12,2,4,3.6511,4.0
12,2,4,3.5453,4.0
12,2,35,3.2345,3.0
12,2,35,3.7671,3.0
12,2,6,3.7113,3.5
12,2,6,3.7293,3.5
12,2,93,3.1787,5.0
12,2,93,2.3660,5.0
12,2,95,3.1616,4.75
12,2,95,3.7328,4.75
12,2,89,2.6991,3.75
12,2,89,2.9019,3.75
12,2,116,4.0170,3.0
12,2,116,3.8597,3.0
12,2,91,2.8894,4.5
12,2,91,2.8601,4.5
12,2,62,3.0636,1.75
12,2,62,2.5912,1.75
12,2,85,3.5798,4.75
12,2,85,2.9802,4.75
12,2,112,2.3467,3.75
12,2,112,2.7411,3.75
12,2,29,2.8708,3.0
12,2,29,3.3305,3.0
12,2,56,4.1190,5.0
12,2,56,4.8536,5.0
12,2,87,3.9120,4.75
12,2,87,3.9113,4.75
12,2,114,3.3825,3.5
12,2,114,3.4372,3.5
12,2,31,3.4475,4.75
12,2,31,3.1071,4.75
12,2,58,4.7140,3.75
12,2,58,4.3707,3.75
12,2,81,3.3416,5.5
12,2,81,2.6151,5.5
12,2,108,3.9941,2.0
12,2,108,3.5953,2.0
12,2,25,3.1765,4.75
12,2,25,3.0060,4.75
12,2,52,4.3690,4.75
12,2,52,4.0548,4.75
12,2,83,4.0418,3.75
12,2,83,3.9682,3.75
12,2,110,2.3981,2.25
12,2,110,2.3833,2.25
12,2,27,3.9236,4.5
12,2,27,4.7221,4.5
12,2,54,3.2721,4.5
12,2,54,2.8097,4.5
12,2,77,3.9049,5.0
12,2,77,4.8531,5.0
12,2,104,2.5543,2.0
12,2,104,2.9127,2.0
12,2,21,3.6885,3.75
12,2,21,3.5114,3.75
12,2,48,3.2823,4.5
12,2,48,3.5590,4.5
12,2,79,2.6564,3.75
12,2,79,3.6612,3.75
12,2,106,2.7265,3.5
12,2,106,2.4953,3.5
12,2,23,2.4760,5.25
12,2,23,2.4559,5.25
12,2,50,3.1594,4.75
12,2,50,3.4443,4.75
12,2,73,3.1060,2.0
12,2,73,3.1575,2.0
12,2,100,3.8621,2.5
12,2,100,3.8477,2.5
12,2,44,4.0092,3.75
12,2,44,4.3381,3.75
12,2,102,2.1643,1.75
12,2,102,3.4043,1.75
12,2,19,3.4931,4.5
12,2,19,2.4958,4.5
12,2,46,4.6803,4.25
12,2,46,4.3813,4.25
12,2,69,2.8716,2.25
12,2,69,3.3876,2.25
12,2,96,3.1934,4.75
12,2,96,3.7771,4.75
12,2,13,3.7063,3.5
12,2,13,3.0266,3.5
12,2,40,4.1468,3.5
12,2,40,4.0294,3.5
12,2,71,1.8244,1.5
12,2,71,1.1899,1.5
12,2,98,3.6109,2.75
12,2,98,4.0299,2.75
12,2,42,3.3819,3.5
12,2,42,2.7048,3.5
12,2,65,3.2101,2.25
12,2,65,3.7396,2.25
12,2,9,2.7443,4.0
12,2,9,3.0136,4.0
12,2,36,2.8214,5.75
12,2,36,2.7183,5.75
12,2,67,3.9260,3.0
12,2,67,3.5202,3.0
12,2,11,2.7347,5.0
12,2,11,3.1827,5.0
12,2,5,3.3001,5.25
12,2,5,3.9966,5.25
12,2,32,4.6735,3.25
12,2,32,4.8865,3.25
12,2,7,3.0867,5.0
12,2,7,2.8266,5.0
12,2,34,4.4771,4.25
12,2,34,4.5150,4.25
12,2,92,4.8316,3.5
12,2,92,4.0410,3.5
12,2,3,2.8063,3.75
12,2,3,2.1082,3.75
12,2,94,1.0883,2.5
12,2,94,1.7172,2.5
12,2,88,2.9477,5.0
12,2,88,2.5990,5.0
12,2,90,3.9412,3.25
12,2,90,5.0637,3.25
12,2,113,3.2000,3.25
12,2,113,3.1570,3.25
12,2,57,4.2100,4.75
12,2,57,3.6580,4.75
12,2,84,2.4753,4.25
12,2,84,2.8506,4.25
12,2,115,2.2454,2.75
12,2,115,3.1498,2.75
12,2,28,4.4585,4.75
12,2,28,4.0404,4.75
12,2,59,4.0571,5.0
12,2,59,3.8857,5.0
12,2,86,3.8602,4.0
12,2,86,3.6706,4.0
12,2,109,2.9288,3.25
12,2,109,3.2096,3.25
12,2,30,2.7290,4.5
12,2,30,3.4636,4.5
12,2,53,4.1546,3.75
12,2,53,4.2999,3.75
12,2,80,3.6282,5.25
12,2,80,3.5752,5.25
12,2,111,3.3374,4.0
12,2,111,2.8892,4.0
12,2,24,3.7080,4.25
12,2,24,3.9697,4.25
12,2,55,4.7742,4.5
12,2,55,3.8850,4.5
12,2,82,2.8989,2.5
12,2,82,3.3480,2.5
12,2,105,3.7157,4.0
12,2,105,3.2127,4.0
12,2,26,2.7253,2.75
12,2,26,3.2247,2.75
12,2,49,2.8635,5.25
12,2,49,2.6100,5.25
12,2,107,3.0993,2.25
12,2,107,3.2587,2.25
12,2,20,3.1037,4.0
12,2,20,3.1527,4.0
12,2,51,3.7197,3.0
12,2,51,3.7704,3.0
12,2,78,2.9088,4.0
12,2,78,3.3745,4.0
12,2,101,3.4832,3.0
12,2,101,2.6039,3.0
12,2,22,3.0302,5.0
12,2,22,3.4489,5.0
12,2,45,4.9944,4.0
12,2,45,4.7515,4.0
12,2,103,2.5379,2.5
12,2,103,3.3910,2.5
12,2,47,2.5722,4.75
12,2,47,3.2957,4.75
12,2,97,4.2242,1.5
12,2,97,3.9875,1.5
12,2,41,3.3985,5.25
12,2,41,2.7238,5.25
12,2,68,1.5440,2.0
12,2,68,1.8611,2.0
12,2,99,4.9918,3.25
12,2,99,4.1519,3.25
12,2,12,4.7709,5.25
12,2,12,3.5068,5.25
12,2,43,4.6867,4.5
12,2,43,4.2483,4.5
12,2,70,2.8220,1.25
12,2,70,2.9904,1.25
16,2,107,3.4874,3.25
16,2,107,3.5400,3.25
16,2,78,3.7950,4.25
16,2,78,3.6800,4.25
16,2,37,4.6632,4.5
16,2,37,4.1448,4.5
16,2,109,4.7017,4.5
16,2,109,3.4260,4.5
16,2,39,4.5610,2.25
16,2,39,5.3690,2.25
16,2,111,3.8438,3.5
16,2,111,3.3447,3.5
16,2,66,4.5598,5.75
16,2,66,4.8773,5.75
16,2,25,4.2524,3.0
16,2,25,3.7680,3.0
16,2,97,3.7528,2.75
16,2,97,4.8729,2.75
16,2,68,3.6251,1.25
16,2,68,4.1901,1.25
16,2,27,4.2836,4.25
16,2,27,4.5028,4.25
16,2,99,4.5586,3.25
16,2,99,4.3109,3.25
16,2,70,3.5612,1.75
16,2,70,2.9808,1.75
16,2,29,5.0311,2.0
16,2,29,4.4577,2.0
16,2,101,3.6765,5.0
16,2,101,3.7229,5.0
16,2,56,3.3544,4.75
16,2,56,3.9699,4.75
16,2,31,3.2539,2.0
16,2,31,2.9482,2.0
16,2,103,4.8003,3.25
16,2,103,3.6492,3.25
16,2,58,4.2070,2.25
16,2,58,3.9480,2.25
16,2,89,3.5441,1.75
16,2,89,3.7069,1.75
16,2,60,3.7143,3.0
16,2,60,4.1168,3.0
16,2,91,3.5513,3.25
16,2,91,2.8415,3.25
16,2,21,4.2262,3.75
16,2,21,3.7322,3.75
16,2,93,4.4041,4.0
16,2,93,5.0898,4.0
16,2,48,3.8242,3.25
16,2,48,4.6881,3.25
16,2,23,4.1265,2.5
16,2,23,3.9470,2.5
16,2,95,4.5225,3.5
16,2,95,4.6879,3.5
16,2,50,3.2190,2.25
16,2,50,2.8143,2.25
16,2,9,4.1702,3.5
16,2,9,4.8838,3.5
16,2,81,2.8880,2.5
16,2,81,3.1910,2.5
16,2,52,3.4665,2.25
16,2,52,3.6642,2.25
16,2,11,4.5161,4.5
16,2,11,4.8583,4.5
16,2,83,3.9053,4.5
16,2,83,3.4448,4.5
16,2,54,3.9115,1.25
16,2,54,4.1795,1.25
16,2,13,4.0366,4.5
16,2,13,5.2070,4.5
16,2,85,4.0269,3.5
16,2,85,3.8765,3.5
16,2,40,4.1324,2.0
16,2,40,3.6613,2.0
16,2,15,3.7333,4.25
16,2,15,3.5707,4.25
16,2,112,3.7032,1.5
16,2,112,3.2797,1.5
16,2,87,4.2018,3.5
16,2,87,3.8180,3.5
16,2,42,4.4633,2.5
16,2,42,3.9493,2.5
16,2,114,4.7736,3.5
16,2,114,5.3034,3.5
16,2,73,3.2331,4.0
16,2,73,3.2866,4.0
16,2,44,3.4242,2.75
16,2,44,4.8964,2.75
16,2,116,2.9592,4.0
16,2,116,3.1717,4.0
16,2,46,3.9515,2.5
16,2,46,3.6139,2.5
16,2,5,3.7693,4.0
16,2,5,3.4316,4.0
16,2,77,3.8179,5.5
16,2,77,4.1094,5.5
16,2,32,4.7215,2.75
16,2,32,4.4981,2.75
16,2,7,2.9727,5.0
16,2,7,4.1309,5.0
16,2,104,4.8279,1.75
16,2,104,5.0903,1.75
16,2,79,3.3394,5.0
16,2,79,3.0368,5.0
16,2,34,5.4182,2.25
16,2,34,4.8886,2.25
16,2,106,4.2371,2.75
16,2,106,4.7309,2.75
16,2,65,5.8059,5.0
16,2,65,5.4294,5.0
16,2,36,4.7654,3.75
16,2,36,4.5257,3.75
16,2,108,1.4702,2.75
16,2,108,2.2802,2.75
16,2,67,3.4589,3.5
16,2,67,3.2226,3.5
16,2,38,3.3619,4.0
16,2,38,4.3604,4.0
16,2,110,4.7381,2.25
16,2,110,4.1928,2.25
16,2,69,3.5027,1.75
16,2,69,3.8236,1.75
16,2,24,4.1448,3.5
16,2,24,4.7792,3.5
16,2,96,4.5626,3.5
16,2,96,3.4527,3.5
16,2,71,5.1181,4.0
16,2,71,4.9519,4.0
16,2,26,4.5576,3.25
16,2,26,4.5251,3.25
16,2,98,3.6417,4.5
16,2,98,3.3179,4.5
16,2,57,4.0220,3.0
16,2,57,3.8144,3.0
16,2,28,4.0251,3.25
16,2,28,4.1763,3.25
16,2,100,2.7719,3.25
16,2,100,2.3261,3.25
16,2,59,3.7687,3.0
16,2,59,3.6741,3.0
16,2,30,5.2645,3.0
16,2,30,4.8776,3.0
16,2,102,3.3922,1.75
16,2,102,3.5015,1.75
16,2,61,4.7543,2.5
16,2,61,4.5513,2.5
16,2,88,3.2674,3.75
16,2,88,3.9999,3.75
16,2,90,3.5317,1.75
16,2,90,3.4399,1.75
16,2,49,3.9758,2.75
16,2,49,3.7616,2.75
16,2,92,4.4045,2.5
16,2,92,3.6070,2.5
16,2,51,4.0192,3.5
16,2,51,4.6372,3.5
16,2,22,4.1962,1.75
16,2,22,3.3653,1.75
16,2,94,2.7736,4.0
16,2,94,2.8683,4.0
16,2,53,4.4051,4.0
16,2,53,4.1016,4.0
16,2,8,3.9979,3.25
16,2,8,4.5222,3.25
16,2,80,3.8328,4.0
16,2,80,3.7758,4.0
16,2,55,3.9605,4.0
16,2,55,3.9973,4.0
16,2,10,3.9082,5.5
16,2,10,4.6947,5.5
16,2,82,4.6445,2.25
16,2,82,5.2977,2.25
16,2,41,3.5371,1.75
16,2,41,4.3448,1.75
16,2,12,3.8041,5.5
16,2,12,4.6703,5.5
16,2,113,3.8921,2.5
16,2,113,4.2010,2.5
16,2,84,4.0925,3.75
16,2,84,3.2223,3.75
16,2,43,3.9641,2.25
16,2,43,3.5643,2.25
16,2,14,3.0188,4.0
16,2,14,3.1410,4.0
16,2,115,4.0133,2.75
16,2,115,4.5500,2.75
16,2,86,3.4937,4.5
16,2,86,3.1324,4.5
16,2,45,4.6147,3.0
16,2,45,5.0494,3.0
16,2,72,3.4886,2.25
16,2,72,2.6286,2.25
16,2,47,4.0370,1.75
16,2,47,3.8203,1.75
16,2,33,4.2131,1.5
16,2,33,3.4649,1.5
16,2,105,3.2190,3.75
16,2,105,2.9045,3.75
16,2,76,4.3119,3.0
16,2,76,4.9508,3.0
16,2,35,4.0722,2.5
16,2,35,5.6484,2.5
16,2,6,1.8566,4.5
16,2,6,2.6511,4.5
17,1,87,3.6296,2.5
17,1,87,4.4851,2.5
17,1,56,3.3156,3.25
17,1,56,3.5786,3.25
17,1,31,2.3641,4.0
17,1,31,1.7865,4.0
17,1,73,4.2732,4.25
17,1,73,4.6922,4.25
17,1,17,4.8872,3.0
17,1,17,4.2188,3.0
17,1,75,3.5059,1.75
17,1,75,2.3674,1.75
17,1,60,2.7369,3.0
17,1,60,2.0913,3.0
17,1,19,4.6255,4.0
17,1,19,5.5033,4.0
17,1,77,2.9206,3.5
17,1,77,2.1463,3.5
17,1,62,2.0434,1.75
17,1,62,1.9271,1.75
17,1,21,3.0422,2.5
17,1,21,4.2327,2.5
17,1,104,3.9182,3.25
17,1,104,3.6920,3.25
17,1,79,3.4901,3.25
17,1,79,4.2662,3.25
17,1,23,3.6128,2.5
17,1,23,4.0309,2.5
17,1,106,3.6145,2.75
17,1,106,3.7342,2.75
17,1,65,2.5062,1.25
17,1,65,2.7889,1.25
17,1,50,3.3370,3.75
17,1,50,3.0144,3.75
17,1,9,2.5994,1.5
17,1,9,2.0900,1.5
17,1,108,3.0142,2.5
17,1,108,2.5364,2.5
17,1,67,3.4519,3.0
17,1,67,2.6863,3.0
17,1,52,3.8485,2.75
17,1,52,3.5277,2.75
17,1,11,2.2224,1.5
17,1,11,0.8412,1.5
17,1,110,3.6211,3.5
17,1,110,3.2068,3.5
17,1,69,3.4447,2.5
17,1,69,3.3655,2.5
17,1,54,3.1016,3.25
17,1,54,2.6534,3.25
17,1,96,3.1771,1.5
17,1,96,3.0635,1.5
17,1,40,2.8683,3.0
17,1,40,2.5732,3.0
17,1,98,3.4441,3.5
17,1,98,3.7854,3.5
17,1,42,2.1970,3.75
17,1,42,2.3979,3.75
17,1,100,4.0529,2.75
17,1,100,4.4028,2.75
17,1,44,3.4673,3.5
17,1,44,3.4662,3.5
17,1,102,2.9075,3.75
17,1,102,2.2627,3.75
17,1,46,2.3091,4.0
17,1,46,2.7580,4.0
17,1,5,3.3995,2.75
17,1,5,3.4950,2.75
17,1,88,3.0801,4.25
17,1,88,2.7675,4.25
17,1,32,3.2910,4.5
17,1,32,3.6043,4.5
17,1,7,3.2377,2.75
17,1,7,3.1644,2.75
17,1,90,3.1516,5.5
17,1,90,3.3797,5.5
17,1,34,3.3697,3.25
17,1,34,3.1103,3.25
17,1,92,4.1280,5.25
17,1,92,3.9977,5.25
17,1,36,3.2677,2.75
17,1,36,4.2960,2.75
17,1,94,4.0747,3.5
17,1,94,5.2950,3.5
17,1,38,2.8996,2.25
17,1,38,4.1914,2.25
17,1,80,4.3657,4.25
17,1,80,4.1880,4.25
17,1,24,4.7253,3.25
17,1,24,5.0428,3.25
17,1,82,2.9839,5.0
17,1,82,2.6124,5.0
17,1,26,2.7800,3.0
17,1,26,3.1752,3.0
17,1,84,4.3831,4.25
17,1,84,3.4836,4.25
17,1,28,3.9505,4.25
17,1,28,4.0752,4.25
17,1,86,3.1034,4.0
17,1,86,3.0347,4.0
17,1,59,2.5880,2.5
17,1,59,3.3594,2.5
17,1,30,2.5255,5.25
17,1,30,2.5038,5.25
17,1,72,3.3487,5.25
17,1,72,3.0663,5.25
17,1,61,3.0916,2.25
17,1,61,2.8982,2.25
17,1,74,3.5643,3.25
17,1,74,3.7382,3.25
17,1,63,3.7238,1.75
17,1,63,3.7625,1.75
17,1,18,3.0997,2.75
17,1,18,2.7595,2.75
17,1,105,3.0196,3.75
17,1,105,2.9393,3.75
17,1,76,3.5279,4.5
17,1,76,5.3291,4.5
17,1,20,3.0464,3.5
17,1,20,1.2397,3.5
17,1,107,2.3322,3.25
17,1,107,2.8543,3.25
17,1,78,2.8084,4.25
17,1,78,2.3631,4.25
17,1,51,4.2887,3.0
17,1,51,5.0866,3.0
17,1,22,3.1085,3.0
17,1,22,3.2714,3.0
17,1,109,2.0664,2.5
17,1,109,3.2641,2.5
17,1,64,3.2428,1.0
17,1,64,3.3222,1.0
17,1,53,4.3737,2.75
17,1,53,3.7803,2.75
17,1,8,3.4354,2.75
17,1,8,3.3926,2.75
17,1,111,3.2078,2.0
17,1,111,2.7987,2.0
17,1,66,2.1769,0.75
17,1,66,3.0271,0.75
17,1,55,2.5540,2.5
17,1,55,3.7693,2.5
17,1,10,1.8004,1.5
17,1,10,1.2462,1.5
17,1,97,4.1401,2.5
17,1,97,3.9852,2.5
17,1,68,2.6123,3.75
17,1,68,2.3606,3.75
17,1,41,3.4079,3.25
17,1,41,2.5353,3.25
17,1,12,3.1040,2.25
17,1,12,3.1201,2.25
17,1,99,4.2048,3.5
17,1,99,4.2171,3.5
17,1,43,3.0449,4.25
17,1,43,4.7817,4.25
17,1,14,1.7417,1.5
17,1,14,2.1543,1.5
17,1,101,4.0370,3.0
17,1,101,3.7521,3.0
17,1,45,3.6281,3.0
17,1,45,2.6127,3.0
17,1,103,2.7695,3.0
17,1,103,3.1805,3.0
17,1,89,3.8365,3.25
17,1,89,3.7916,3.25
17,1,33,3.0411,3.75
17,1,33,3.4204,3.75
17,1,4,3.3337,2.75
17,1,4,2.4238,2.75
17,1,91,3.5748,3.5
17,1,91,3.5635,3.5
17,1,35,3.5590,2.5
17,1,35,3.9564,2.5
17,1,6,2.2173,2.75
17,1,6,1.4508,2.75
17,1,93,2.7783,3.5
17,1,93,3.3101,3.5
17,1,37,4.6322,2.5
17,1,37,4.7483,2.5
17,1,95,3.1600,5.25
17,1,95,3.3252,5.25
17,1,39,3.0044,4.5
17,1,39,2.1370,4.5
17,1,81,3.0776,4.5
17,1,81,2.6049,4.5
17,1,25,4.2058,3.75
17,1,25,3.4725,3.75
17,1,83,2.8304,3.5
17,1,83,1.4142,3.5
17,1,27,3.7174,4.5
17,1,27,3.6668,4.5
17,1,85,2.9968,4.75
17,1,85,3.0137,4.75
17,1,29,4.0126,4.0
17,1,29,4.7685,4.0
18,1,94,3.7507,2.5
18,1,94,3.7983,2.5
18,1,20,3.7361,2.75
18,1,20,3.8780,2.75
18,1,49,3.6393,1.5
18,1,49,3.7651,1.5
18,1,92,3.2320,2.25
18,1,92,3.9286,2.25
18,1,18,3.4814,2.75
18,1,18,3.5626,2.75
18,1,47,3.5970,1.75
18,1,47,2.3264,1.75
18,1,90,3.2839,2.5
18,1,90,2.9022,2.5
18,1,16,3.2621,2.33333
18,1,16,2.7778,2.33333
18,1,45,3.5276,4.75
18,1,45,4.6046,4.75
18,1,88,2.9519,2.75
18,1,88,4.0608,2.75
18,1,43,3.6450,4.25
18,1,43,3.5844,4.25
18,1,86,4.2231,2.5
18,1,86,3.9910,2.5
18,1,12,4.0785,6.0
18,1,12,3.8491,6.0
18,1,41,4.4146,4.0
18,1,41,5.2209,4.0
18,1,84,3.9356,4.5
18,1,84,3.1259,4.5
18,1,10,4.3092,1.75
18,1,10,3.9880,1.75
18,1,39,3.7316,4.0
18,1,39,3.2952,4.0
18,1,82,2.3703,3.25
18,1,82,3.5634,3.25
18,1,111,3.2192,2.75
18,1,111,3.2071,2.75
18,1,8,1.5784,2.25
18,1,8,2.5682,2.25
18,1,37,4.2441,2.75
18,1,37,3.9870,2.75
18,1,80,2.7151,3.5
18,1,80,1.9944,3.5
18,1,109,3.7427,3.0
18,1,109,4.8586,3.0
18,1,6,3.2486,3.5
18,1,6,3.5444,3.5
18,1,35,2.8461,2.25
18,1,35,3.0822,2.25
18,1,78,2.8211,2.0
18,1,78,2.2588,2.0
18,1,107,3.9059,3.0
18,1,107,3.3911,3.0
18,1,4,4.1557,3.0
18,1,4,4.5824,3.0
18,1,33,3.3024,1.0
18,1,33,2.9565,1.0
18,1,76,3.0167,2.0
18,1,76,3.0799,2.0
18,1,105,4.2878,1.75
18,1,105,4.3691,1.75
18,1,2,2.7363,4.25
18,1,2,3.0805,4.25
18,1,74,2.0074,1.5
18,1,74,1.9635,1.5
18,1,103,3.5104,2.0
18,1,103,4.2867,2.0
18,1,101,2.6178,2.25
18,1,101,2.4120,2.25
18,1,62,2.6142,1.5
18,1,62,1.8849,1.5
18,1,99,2.2688,2.5
18,1,99,1.6048,2.5
18,1,60,2.0508,1.0
18,1,60,1.7984,1.0
18,1,68,1.9417,2.5
18,1,68,1.5787,2.5
18,1,97,3.5187,3.25
18,1,97,5.1566,3.25
18,1,66,2.5849,1.75
18,1,66,1.9042,1.75
18,1,31,3.2853,3.75
18,1,31,4.6536,3.75
18,1,56,2.9941,3.25
18,1,56,3.5706,3.25
18,1,64,2.4155,2.25
18,1,64,3.2336,2.25
18,1,29,3.6897,3.75
18,1,29,4.1470,3.75
18,1,54,2.7678,1.25
18,1,54,2.0175,1.25
18,1,27,4.0590,3.75
18,1,27,4.1490,3.75
18,1,25,3.6916,3.0
18,1,25,4.5585,3.0
18,1,50,2.8010,2.25
18,1,50,2.2873,2.25
18,1,23,3.9863,2.5
18,1,23,4.0324,2.5
18,1,48,3.6382,1.75
18,1,48,4.6139,1.75
18,1,95,3.9505,4.25
18,1,95,3.5613,4.25
18,1,21,3.8612,2.5
18,1,21,4.1151,2.5
18,1,46,3.7004,2.25
18,1,46,4.3243,2.25
18,1,93,3.3708,2.0
18,1,93,3.6059,2.0
18,1,19,2.9643,2.75
18,1,19,2.9842,2.75
18,1,44,5.1286,2.5
18,1,44,4.4479,2.5
18,1,91,3.4711,2.5
18,1,91,3.8329,2.5
18,1,17,4.0242,3.0
18,1,17,4.8056,3.0
18,1,42,3.3096,2.5
18,1,42,3.3215,2.5
18,1,89,2.9587,2.25
18,1,89,3.4518,2.25
18,1,40,2.6984,4.0
18,1,40,2.9561,4.0
18,1,87,3.8698,3.25
18,1,87,3.3232,3.25
18,1,112,4.0333,1.25
18,1,112,3.5631,1.25
18,1,38,4.7636,3.5
18,1,38,4.0030,3.5
18,1,85,2.0417,4.0
18,1,85,2.5389,4.0
18,1,110,3.2683,1.75
18,1,110,3.4014,1.75
18,1,11,3.8863,5.75
18,1,11,3.6314,5.75
18,1,36,3.1674,2.25
18,1,36,2.7201,2.25
18,1,83,2.9401,3.75
18,1,83,2.3412,3.75
18,1,108,2.9896,2.5
18,1,108,3.7825,2.5
18,1,9,2.8279,2.0
18,1,9,2.9487,2.0
18,1,34,3.2071,2.25
18,1,34,3.2983,2.25
18,1,81,2.5787,3.75
18,1,81,2.7723,3.75
18,1,106,3.5453,1.25
18,1,106,4.1083,1.25
18,1,7,1.9290,2.5
18,1,7,2.2323,2.5
18,1,32,3.8822,1.25
18,1,32,3.0876,1.25
18,1,79,3.4512,2.25
18,1,79,3.2786,2.25
18,1,104,4.3148,3.25
18,1,104,3.8757,3.25
18,1,5,2.6527,1.5
18,1,5,3.2215,1.5
18,1,77,2.5792,1.0
18,1,77,2.4822,1.0
18,1,102,3.7819,2.25
18,1,102,3.8100,2.25
18,1,3,2.5331,2.25
18,1,3,2.0097,2.25
18,1,75,2.8470,1.0
18,1,75,2.0971,1.0
18,1,100,3.2164,3.75
18,1,100,2.4488,3.75
18,1,73,3.0288,2.0
18,1,73,2.5491,2.0
18,1,98,2.6708,2.25
18,1,98,3.0624,2.25
18,1,96,3.9571,2.5
18,1,96,4.3415,2.5
18,1,61,2.5288,3.25
18,1,61,2.6931,3.25
18,1,69,2.8880,1.0
18,1,69,1.9699,1.0
18,1,30,2.8157,2.75
18,1,30,3.9949,2.75
18,1,59,2.4312,1.66667
18,1,59,3.7505,1.66667
18,1,67,2.6512,1.0
18,1,67,2.7246,1.0
18,1,28,3.2934,3.25
18,1,28,3.8983,3.25
18,1,65,1.9782,1.0
18,1,65,2.7329,1.0
18,1,26,3.7099,2.75
18,1,26,3.8318,2.75
18,1,55,3.2894,1.75
18,1,55,3.9277,1.75
18,1,24,4.1551,3.25
18,1,24,4.1648,3.25
18,1,53,3.6415,3.25
18,1,53,3.6707,3.25
18,1,22,3.2996,3.75
18,1,22,4.2853,3.75
18,1,51,2.4419,1.25
18,1,51,1.5656,1.25
