3,1,1,5.45612192154,3.875
3,1,1,3.81990480423,3.875
3,1,2,3.96677970886,4.5
3,1,2,4.37118530273,4.5
3,1,3,3.4830288887,3.0
3,1,3,3.92914700508,3.0
3,1,4,3.49784827232,3.25
3,1,4,4.14781141281,3.25
3,1,5,3.4350206852,6.0
3,1,5,3.9827902317,6.0
3,1,6,2.94909906387,4.5
3,1,6,4.0493812561,4.5
3,1,7,2.8095510006,4.75
3,1,7,3.90942597389,4.75
3,1,8,3.36170005798,3.5
3,1,8,3.89387631416,3.5
3,1,10,2.73040890694,2.875
3,1,10,3.10346531868,2.875
3,1,14,4.92038393021,3.75
3,1,14,4.80491828918,3.75
3,1,15,3.66501808167,5.0
3,1,15,3.39718055725,5.0
3,1,16,3.71836662292,4.75
3,1,16,3.88041424751,4.75
3,1,17,2.85737729073,5.0
3,1,17,3.88350081444,5.0
3,1,18,2.92789173126,3.75
3,1,18,4.25016880035,3.75
3,1,20,3.24405837059,2.5
3,1,20,4.05392837524,2.5
3,1,21,3.459192276,4.5
3,1,21,3.39539074898,4.5
3,1,22,3.94528412819,4.83333
3,1,22,3.84904360771,4.83333
3,1,24,3.93931865692,4.5
3,1,24,3.67815279961,4.5
3,1,25,3.75314712524,5.5
3,1,25,4.44953775406,5.5
3,1,26,3.53288602829,4.0
3,1,26,3.97717380524,4.0
3,1,27,3.69260334969,5.25
3,1,27,4.1331744194,5.25
3,1,28,3.03798961639,4.75
3,1,28,4.09220314026,4.75
3,1,29,4.06941461563,1.25
3,1,29,4.0732293129,1.25
3,1,30,2.23912978172,4.5
3,1,30,3.76508140564,4.5
3,1,33,2.63125038147,3.0
3,1,33,3.00111222267,3.0
3,1,34,2.71940994263,4.125
3,1,34,4.69183969498,4.125
3,1,35,4.14214324951,4.375
3,1,35,4.92370033264,4.375
3,1,40,2.73246121407,5.0
3,1,40,4.53744602203,5.0
3,1,43,2.43924212456,4.0
3,1,43,3.05494713783,4.0
3,1,44,2.88065934181,3.0
3,1,44,3.94962739944,3.0
3,1,45,3.38113307953,4.25
3,1,45,2.80532193184,4.25
3,1,46,2.17040061951,5.0
3,1,46,4.517827034,5.0
3,1,47,2.96592235565,4.25
3,1,47,3.65172100067,4.25
3,1,48,4.01997470856,2.5
3,1,48,4.43054962158,2.5
3,1,49,2.48453354836,5.0
3,1,49,3.6694214344,5.0
3,1,50,2.33956670761,4.66667
3,1,50,4.96596193314,4.66667
3,1,51,3.9523460865,4.5
3,1,51,2.97913551331,4.5
3,1,52,2.72520828247,3.5
3,1,52,3.3925075531,3.5
3,1,55,3.57285547256,3.25
3,1,55,4.89584875107,3.25
3,1,56,2.2321190834,4.0
3,1,56,5.63187456131,4.0
3,1,57,3.90899753571,4.875
3,1,57,4.54150295258,4.875
3,1,58,3.18390774727,4.5
3,1,58,5.60266828537,4.5
3,1,59,3.40717148781,5.5
3,1,59,4.96190547943,5.5
3,1,60,2.83360028267,5.5
3,1,60,5.38339853287,5.5
3,1,61,3.3622713089,5.5
3,1,61,4.99268007278,5.5
3,1,62,3.64247822762,4.375
3,1,62,4.29720687866,4.375
3,1,63,3.55203795433,4.75
3,1,63,5.73187541962,4.75
3,1,64,3.22695231438,5.75
3,1,64,5.40567350388,5.75
3,1,65,2.45157694817,6.25
3,1,65,5.37155628204,6.25
3,1,66,3.73691654205,3.0
3,1,66,4.07335615158,3.0
3,1,70,2.1422533989,2.75
3,1,70,3.81571865082,2.75
3,1,71,1.53885650635,2.0
3,1,71,4.62205123901,2.0
3,1,73,2.91652798653,3.0
3,1,73,3.05607438087,3.0
3,1,74,4.88228607178,4.0
3,1,74,3.5183134079,4.0
3,1,75,3.26314735413,4.0
3,1,75,3.22977185249,4.0
3,1,78,3.65919160843,5.25
3,1,78,3.55183506012,5.25
3,1,79,5.57770586014,5.25
3,1,79,5.69952297211,5.25
3,1,80,4.1061205864,2.75
3,1,80,5.83205604553,2.75
3,1,81,3.89835715294,2.75
3,1,81,3.6423535347,2.75
3,1,82,3.02023029327,3.0
3,1,82,3.80998206139,3.0
3,1,83,3.36598587036,4.5
3,1,83,4.89940214157,4.5
3,1,84,2.81293535233,3.75
3,1,84,4.27897977829,3.75
3,1,85,3.43160510063,2.0
3,1,85,4.75838899612,2.0
3,1,86,3.23881864548,4.25
3,1,86,3.38232469559,4.25
3,1,87,3.80901741982,4.25
3,1,87,3.53525924683,4.25
3,1,88,3.4882068634,4.0
3,1,88,4.42698431015,4.0
3,1,89,5.36451530457,4.25
3,1,89,4.66164875031,4.25
3,1,90,3.60792040825,3.75
3,1,90,4.8342461586,3.75
3,1,91,2.78725624084,4.0
3,1,91,3.90019536018,4.0
3,1,92,3.69869995117,3.5
3,1,92,3.49640536308,3.5
3,1,93,3.28892016411,3.25
3,1,93,3.96788573265,3.25
3,1,94,2.67548775673,3.25
3,1,94,3.23908853531,3.25
3,1,95,3.7197239399,3.75
3,1,95,5.34915494919,3.75
3,1,96,3.56883645058,3.875
3,1,96,4.74909448624,3.875
3,1,97,3.53516817093,1.25
3,1,97,4.23882055283,1.25
3,1,98,3.00932192802,1.75
3,1,98,4.34737873077,1.75
3,1,99,2.64873123169,1.5
3,1,99,4.55057668686,1.5
3,1,100,2.52786850929,2.375
3,1,100,4.23861026764,2.375
3,1,101,4.00682163239,4.375
3,1,101,1.38822412491,4.375
3,1,102,3.31919622421,5.25
3,1,102,4.46981668472,5.25
3,1,103,3.12092590332,1.5
3,1,103,4.23075962067,1.5
3,1,104,2.74660253525,3.5
3,1,104,4.44047021866,3.5
3,1,105,3.04000425339,1.25
3,1,105,3.95939278603,1.25
3,1,106,2.6563103199,2.75
3,1,106,4.16008329391,1.875
3,2,2,4.36678886414,1.875
3,2,2,4.46366214752,3.25
3,2,5,5.28462696075,3.25
3,2,5,3.81439089775,5.25
3,2,6,4.79086923599,5.25
3,2,6,4.41329288483,6.0
3,2,7,5.54480886459,6.0
3,2,7,4.52391147614,6.0
3,2,8,4.67926168442,6.0
3,2,8,3.84816169739,4.5
3,2,9,4.68190431595,4.5
3,2,9,4.3130197525,4.0
3,2,10,5.35892105103,4.0
3,2,10,3.67386436462,4.125
3,2,11,4.81135368347,4.125
3,2,11,4.24280166626,5.25
3,2,12,5.79480552673,5.25
3,2,12,4.40761232376,5.0
3,2,13,4.05219554901,5.0
3,2,13,4.35586690903,3.25
3,2,14,3.98456525803,3.25
3,2,14,3.59271931648,2.5
3,2,26,2.99287128448,2.5
3,2,26,3.82114601135,4.0
3,2,27,3.09114193916,4.0
3,2,27,3.15326619148,4.0
3,2,28,3.9167330265,4.0
3,2,28,3.85444617271,5.25
3,2,29,3.48879337311,5.25
3,2,29,3.52086520195,3.25
3,2,30,3.31823205948,3.25
3,2,30,3.92869734764,3.25
3,2,31,4.71647930145,3.25
3,2,31,3.596347332,3.25
3,2,32,2.48958182335,3.25
3,2,32,2.45889639854,3.5
3,2,34,4.39672279358,3.5
3,2,34,2.40355324745,3.875
3,2,35,1.41619110107,3.875
3,2,35,3.28865146637,2.75
3,2,36,2.64907455444,2.75
3,2,36,2.996727705,2.25
3,2,37,4.05531978607,2.25
3,2,37,3.20700955391,3.25
3,2,38,3.10347414017,3.25
3,2,38,1.88436543941,4.25
3,2,39,3.42795419693,4.25
3,2,39,2.09825229645,2.75
3,2,40,3.54883360863,2.75
3,2,40,4.07754993439,3.5
3,2,41,2.73681950569,3.5
3,2,41,2.3236579895,2.5
3,2,42,4.27766990662,2.5
3,2,42,1.04540812969,4.0
3,2,43,2.11920785904,4.0
3,2,43,3.26723885536,5.0
3,2,44,4.43819046021,5.0
3,2,44,3.05677580833,3.25
3,2,45,2.08697032928,3.25
3,2,45,2.56656479836,4.5
3,2,46,3.0335123539,4.5
3,2,46,2.36050987244,3.875
3,2,47,3.49637413025,3.875
3,2,47,3.43163347244,4.25
3,2,48,4.89175462723,4.25
3,2,48,2.71292209625,3.75
3,2,50,3.95818471909,3.75
3,2,50,3.04587006569,4.0
3,2,51,4.47622442245,4.0
3,2,51,3.17997264862,1.5
3,2,52,3.70945596695,1.5
3,2,52,3.12284755707,4.5
3,2,53,2.11045408249,4.5
3,2,53,2.77109241486,3.33333
3,2,55,3.26200079918,3.33333
3,2,55,3.56692671776,3.25
3,2,56,4.19786119461,3.25
3,2,56,2.84434771538,0.0
3,2,59,3.90370178223,0.0
3,2,59,5.75254154205,3.75
3,2,60,5.0119509697,3.75
3,2,60,4.24022722244,4.25
3,2,61,4.67557001114,4.25
3,2,61,5.07753133774,5.25
3,2,62,5.2935090065,5.25
3,2,62,4.32883453369,1.25
3,2,63,4.64166402817,1.25
3,2,63,4.80849885941,2.375
3,2,64,3.95761585236,2.375
3,2,64,5.19426202774,3.75
3,2,66,4.53742790222,3.75
3,2,66,4.33621072769,5.25
3,2,67,3.42120456696,5.25
3,2,67,5.4106092453,5.5
3,2,68,5.32900476456,5.5
3,2,68,4.60529375076,1.25
3,2,69,4.10207080841,1.25
3,2,69,4.69777870178,3.66667
3,2,70,3.93708610535,3.66667
3,2,70,4.3081946373,2.375
3,2,71,4.28480577469,2.375
3,2,71,3.76745033264,3.75
3,2,73,3.85045409203,3.75
3,2,73,3.32128071785,2.75
3,2,78,3.11935734749,2.75
3,2,78,4.27135562897,3.75
3,2,79,3.45839953423,3.75
3,2,79,4.19840526581,4.75
3,2,80,4.01393175125,4.75
3,2,80,4.09559822083,4.375
3,2,81,3.85864877701,4.375
3,2,81,3.39045524597,3.25
3,2,82,2.40502119064,3.25
3,2,82,3.91197824478,4.25
3,2,83,3.26571273804,4.25
3,2,83,4.25568437576,4.0
3,2,84,3.02842736244,4.0
3,2,84,3.83285188675,3.25
3,2,85,1.52682685852,3.25
3,2,85,3.53343725204,2.75
3,2,86,3.93711614609,2.75
3,2,86,3.72046923637,3.75
3,2,87,3.40985703468,3.75
3,2,87,3.39091277122,4.0
3,2,88,4.39145612717,4.0
3,2,88,3.01903104782,4.25
3,2,90,3.12620258331,4.25
3,2,90,3.14956307411,4.5
3,2,91,4.55147266388,4.5
3,2,91,4.80554056168,3.75
3,2,94,3.29996752739,3.75
3,2,94,3.80216217041,1.5
3,2,95,4.23433589935,1.5
3,2,95,2.44044804573,3.125
3,2,96,4.2661948204,3.125
3,2,96,4.06698656082,5.0
3,2,97,3.94705104828,5.0
3,2,97,4.06219625473,4.5
3,2,98,2.874366045,4.5
3,2,98,3.5498521328,2.625
3,2,99,3.35952115059,2.625
3,2,99,3.40402746201,1.25
3,2,100,4.01638936996,1.25
3,2,100,4.47628974915,3.125
3,2,101,3.85581302643,3.125
3,2,101,3.86241173744,2.0
3,2,102,4.49753713608,2.0
3,2,102,4.3073887825,4.0
3,2,103,3.94547343254,4.0
3,2,103,4.19838428497,3.5
3,2,104,3.42222261429,3.5
3,2,104,3.78919672966,3.5
3,2,105,2.79006028175,3.5
3,2,105,3.50355172157,3.5
3,2,106,2.95412898064,3.5
3,2,106,4.22466039658,4.625
3,2,107,4.01321554184,4.625
3,2,107,3.38797163963,4.0
3,2,108,3.32269477844,4.0
3,2,108,3.26257109642,4.25
3,2,110,4.40354251862,4.25
3,2,110,3.2782394886,3.5
3,2,111,1.97859954834,3.5
3,2,111,3.02749991417,3.0
4,1,23,1.37677824497,1.0
4,1,23,2.86197781563,1.0
4,1,30,2.24550151825,1.125
4,1,30,2.58966302872,1.125
4,1,31,2.09706544876,2.25
4,1,31,1.66061341763,2.25
4,1,32,1.58689594269,1.5
4,1,32,2.83328175545,1.5
4,1,33,1.58152186871,1.5
4,1,33,2.40698838234,1.5
4,1,34,2.32735896111,1.5
4,1,34,2.08891534805,1.5
4,1,35,1.91244864464,1.75
4,1,35,2.44873356819,1.75
4,1,36,1.7757037878,0.875
4,1,36,1.98487627506,0.875
4,1,37,2.10311388969,2.25
4,1,37,3.119795084,2.25
4,1,38,2.5637948513,2.5
4,1,38,2.48461937904,2.5
4,1,39,1.96763718128,2.5
4,1,39,2.86148166656,2.5
4,1,40,2.36283016205,4.0
4,1,40,2.58517742157,4.0
4,1,41,2.17006206512,2.5
4,1,41,2.36558818817,2.5
4,1,42,3.44520020485,1.75
4,1,42,3.09324884415,1.75
4,1,45,2.47590661049,2.125
4,1,45,1.9764380455,2.125
4,1,46,2.1619720459,3.75
4,1,46,2.41431593895,3.75
4,1,48,1.3549002409,1.5
4,1,48,2.49685335159,1.5
4,1,49,2.30695152283,4.25
4,1,49,1.95894932747,4.25
4,1,50,2.21042847633,2.0
4,1,50,1.5692961216,2.0
4,1,51,2.66390419006,2.75
4,1,51,2.0607316494,2.75
4,1,52,2.73376131058,3.25
4,1,52,2.72194766998,3.25
4,1,54,2.22932052612,3.375
4,1,54,2.62427258492,3.375
4,1,55,2.52320337296,2.5
4,1,55,2.00804233551,2.5
4,1,56,1.72514426708,2.0
4,1,56,2.13217520714,2.0
4,1,57,1.62816631794,2.75
4,1,57,2.3288602829,2.75
4,1,58,1.66832613945,2.25
4,1,58,1.97153127193,2.25
4,1,59,3.21484780312,1.875
4,1,59,2.53010416031,1.875
4,1,63,3.1571290493,1.0
4,1,63,2.84081721306,1.0
4,1,64,4.58224821091,3.5
4,1,64,3.68542456627,3.5
4,1,65,2.74351549149,4.75
4,1,65,3.45660614967,4.75
4,1,66,2.85111904144,1.0
4,1,66,3.15545010567,1.0
4,1,67,2.57652616501,1.75
4,1,67,3.77620697021,1.75
4,1,68,3.65094256401,5.0
4,1,68,3.27708387375,5.0
4,1,69,3.04269313812,5.5
4,1,69,3.23662805557,5.5
4,1,70,3.68962240219,5.25
4,1,70,3.44220161438,5.25
4,1,71,2.56671500206,2.125
4,1,71,3.30799531937,2.125
4,1,72,3.67236185074,3.25
4,1,72,3.66332888603,3.25
4,1,73,4.33991861343,4.25
4,1,73,3.37739896774,4.25
4,1,74,3.89162874222,3.5
4,1,74,3.65988135338,3.5
4,1,75,3.01370215416,4.75
4,1,75,3.66244912148,4.75
4,1,77,2.9551589489,2.625
4,1,77,3.02737879753,2.625
4,1,99,2.31757378578,2.375
4,1,99,3.27405953407,2.375
4,1,102,2.08212637901,1.5
4,1,102,2.68625044823,1.5
4,1,104,2.18618392944,1.25
4,1,104,4.51863527298,1.25
4,1,105,2.40661334991,3.625
4,1,105,4.02399253845,3.625
4,1,110,2.25851631165,4.0
4,1,110,2.62652492523,4.0
4,1,111,2.42458581924,3.5
4,1,111,1.73688042164,3.5
4,1,112,2.50659489632,1.0
7,1,1,0.098422922194,3.5
7,1,1,0.0753086283803,3.5
7,1,2,0.0814888626337,5.5
7,1,2,0.098017603159,5.5
7,1,3,0.0538307949901,4.75
7,1,3,0.00236039143056,4.75
7,1,4,0.124286748469,3.25
7,1,4,0.0702051222324,3.25
7,1,5,0.112391449511,4.75
7,1,5,0.0583660788834,4.75
7,1,7,0.079689592123,2.25
7,1,7,0.0446609519422,2.25
7,1,8,0.0183667670935,4.5
7,1,8,0.0279241800308,4.5
7,1,9,-0.0146347386762,2.0
7,1,9,0.0832014381886,2.0
7,1,10,0.0288291014731,2.75
7,1,10,0.0959737822413,2.75
7,1,11,0.0530174933374,1.75
7,1,11,0.0415728315711,1.75
7,1,12,0.0464080572128,5.0
7,1,12,0.00566451344639,5.0
7,1,13,0.11590538919,3.0
7,1,13,0.002358939033,3.0
7,1,14,0.0246109180152,2.25
7,1,14,0.0142957111821,2.25
7,1,18,-0.0109638180584,6.0
7,1,18,0.0598773658276,6.0
7,1,19,0.0634771585464,4.75
7,1,19,0.00227575725876,4.75
7,1,20,0.000364145147614,5.25
7,1,20,-0.00898430682719,5.25
7,1,22,-0.040520761162,3.75
7,1,22,0.0525687560439,3.75
7,1,23,-0.0191962458193,4.0
7,1,23,0.0751927644014,4.0
7,1,24,-0.00925756432116,5.0
7,1,24,0.0674753710628,5.0
7,1,25,-0.0251636132598,4.5
7,1,25,0.0587119013071,4.5
7,1,26,0.0215541943908,3.0
7,1,26,0.10101287812,3.0
7,1,27,0.0602233931422,4.25
7,1,27,0.0764910280704,4.25
7,1,28,0.0668137669563,5.25
7,1,28,0.112359300256,5.25
7,1,29,0.0807128176093,4.25
7,1,29,0.0362802147865,4.25
7,1,30,-0.0246164817363,3.0
7,1,30,0.0203066822141,3.0
7,1,31,0.0379792675376,4.5
7,1,31,-0.0486404672265,4.5
7,1,32,0.0328594818711,3.75
7,1,32,0.0217469446361,3.75
7,1,33,-0.0415977910161,4.75
7,1,33,0.0858276933432,4.75
7,1,34,-0.0195617265999,5.5
7,1,34,-0.00802451372147,5.5
7,1,35,0.0303254500031,6.0
7,1,35,0.0612574853003,6.0
7,1,36,0.0235096774995,4.25
7,1,36,0.065406113863,4.25
7,1,37,0.049463018775,4.25
7,1,37,0.048353523016,4.25
7,1,38,0.0186153706163,3.5
7,1,38,0.018522946164,3.5
7,1,39,0.0339040569961,5.5
7,1,39,0.0787453874946,5.5
7,1,40,0.04141844064,5.5
7,1,40,0.124721363187,5.5
7,1,41,0.0412130244076,4.75
7,1,41,4.80858143419e-05,4.75
7,1,42,-0.00454138312489,3.0
7,1,42,-0.0183074809611,3.0
7,1,43,-0.0223721079528,3.5
7,1,43,0.0168202035129,3.5
7,1,44,0.0481916815042,6.25
7,1,44,0.107895821333,6.25
7,1,45,0.00243060290813,4.5
7,1,45,0.144484832883,4.5
7,1,46,0.0745295584202,4.0
7,1,46,0.103191517293,4.0
7,1,47,-0.00268550519831,4.5
7,1,47,0.0305776558816,4.5
7,1,48,0.0280539505184,1.5
7,1,48,0.0893047526479,1.5
7,1,49,-0.0103181228042,4.5
7,1,49,0.0172412991524,4.5
7,1,50,0.0232691988349,5.0
7,1,50,0.0556382015347,5.0
7,1,51,0.0204286780208,3.5
7,1,51,0.0351708605886,3.5
7,1,52,0.0312447268516,0.75
7,1,52,0.00630429666489,0.75
7,1,53,-0.00368496426381,5.5
7,1,53,0.0560290776193,5.5
7,1,55,0.0418583489954,2.5
7,1,55,0.107185274363,2.5
7,1,57,0.0079401563853,4.25
7,1,57,0.0478921085596,4.25
7,1,58,-0.00681486260146,6.0
7,1,58,0.0687692239881,6.0
7,1,59,-0.012925052084,5.25
7,1,59,0.0626882389188,5.25
7,1,60,0.00436223298311,3.25
7,1,60,0.0787630006671,3.25
7,1,61,-0.0114407641813,5.0
7,1,61,0.0895115882158,5.0
7,1,62,0.0809677988291,4.5
7,1,62,0.124989889562,4.5
7,1,63,0.0196005478501,5.5
7,1,63,0.0839100629091,5.5
7,1,64,0.0681731253862,5.0
7,1,64,0.0762070044875,5.0
7,1,65,0.0852275043726,5.25
7,1,65,-0.00913068745285,5.25
7,1,66,0.00659118406475,4.25
7,1,66,0.0492966659367,4.25
7,1,67,-0.0602079480886,4.75
7,1,67,0.0762488469481,4.75
7,1,68,-0.0177239216864,4.25
7,1,68,0.0340869799256,4.25
7,1,69,0.0564775541425,5.5
7,1,69,0.0661700442433,5.5
7,1,70,0.0701766088605,5.5
7,1,70,0.0929453223944,5.5
7,1,71,0.0921091139317,4.75
7,1,71,0.0412637628615,4.75
7,1,72,0.0395233631134,2.0
7,1,72,0.0300719942898,2.0
7,1,73,0.0507089495659,1.0
7,1,73,0.0345718897879,1.0
7,1,74,0.0587721988559,4.25
7,1,74,0.0742328763008,4.25
7,1,75,0.0678701847792,4.75
7,1,75,0.10855794698,4.75
7,1,76,0.133549228311,2.75
7,1,76,0.108499698341,2.75
7,1,78,0.0758720785379,4.0
7,1,78,0.0628065168858,4.0
7,1,79,-0.0177453029901,3.0
7,1,79,0.0881875008345,3.0
7,1,80,0.071635812521,2.0
7,1,80,0.0742556229234,2.0
7,1,81,0.0625474303961,4.0
7,1,81,0.111062407494,4.0
7,1,82,0.116110868752,5.25
7,1,82,0.0316937863827,5.25
7,1,83,0.0791672840714,4.75
7,1,83,0.0527667663991,4.75
7,1,84,0.0718312859535,4.75
7,1,84,0.051388848573,4.75
7,1,86,0.032044261694,3.25
7,1,86,0.0131917493418,3.25
7,1,88,0.0437386967242,6.5
7,1,88,0.0188790652901,6.5
7,1,90,0.0429327376187,4.0
7,1,90,-0.0159387737513,4.0
7,1,92,0.131311267614,5.75
7,1,92,0.00664056744426,5.75
7,1,93,0.0125084249303,4.25
7,1,93,0.0148827005178,4.25
7,1,94,0.0550356954336,3.0
7,1,94,0.0587798915803,3.0
7,1,95,0.0834663286805,4.75
7,1,95,0.0418269559741,4.75
7,1,96,0.0483430065215,5.5
7,1,96,0.0972234681249,5.5
7,1,97,-0.0059349052608,5.5
7,1,97,0.0203565303236,5.5
7,1,98,0.0578148812056,3.25
7,1,98,0.0678127557039,3.25
7,1,101,0.0692505612969,4.0
7,1,101,0.0251893959939,4.0
7,1,102,0.139781922102,4.25
7,1,102,0.0101522719488,4.25
7,1,103,0.110723607242,3.25
7,1,103,0.0103701883927,3.25
7,1,104,-0.032440200448,4.75
7,1,104,0.0831812471151,4.75
7,1,105,-0.0539289265871,4.75
7,1,105,0.0675108283758,4.75
7,1,106,0.108260072768,4.75
7,1,106,0.0686315819621,4.75
7,1,109,0.0310547761619,6.25
7,1,109,-0.0716183334589,4.25
7,2,1,0.128602191806,4.25
7,2,1,-0.0895371511579,2.75
7,2,2,0.15046569705,2.75
7,2,2,-0.0805316567421,5.75
7,2,3,0.134136497974,5.75
7,2,3,-0.0851988196373,3.0
7,2,4,0.110558234155,3.0
7,2,4,-0.0931384339929,3.25
7,2,5,0.141310542822,3.25
7,2,5,-0.0837109312415,4.0
7,2,6,0.140234932303,4.0
7,2,6,-0.0843512192369,5.0
7,2,7,0.139479443431,5.0
7,2,7,-0.0898305624723,4.0
7,2,8,0.105975568295,4.0
7,2,8,-0.0834891572595,4.0
7,2,9,0.131483778358,4.0
7,2,9,-0.0872687399387,4.0
7,2,10,0.120026402175,4.0
7,2,10,-0.0805071443319,2.75
7,2,11,0.118446856737,2.75
7,2,11,-0.0602319762111,4.25
7,2,12,0.137337997556,4.25
7,2,12,-0.0804810672998,4.75
7,2,13,0.152237609029,4.75
7,2,13,-0.101326830685,5.5
7,2,14,0.124949149787,5.5
7,2,14,-0.0843390747905,5.0
7,2,16,0.0935487523675,5.0
7,2,16,-0.0698855891824,6.0
7,2,17,-0.0755566582084,6.0
7,2,17,-0.0660349652171,3.5
7,2,18,0.0966996923089,3.5
7,2,18,-0.0841480791569,4.5
7,2,19,0.131027296185,4.5
7,2,19,-0.113376162946,5.5
7,2,20,0.120011761785,5.5
7,2,20,-0.112405769527,1.5
7,2,21,0.10860311985,1.5
7,2,21,-0.0984226986766,3.0
7,2,22,0.122475683689,3.0
7,2,22,-0.0842461436987,1.75
7,2,23,0.114499673247,1.75
7,2,23,-0.0961987376213,3.75
7,2,24,0.1232894063,3.75
7,2,24,-0.0939269885421,4.75
7,2,25,0.129900977015,4.75
7,2,25,-0.0800280719995,4.25
7,2,26,0.149139732122,4.25
7,2,26,-0.0918434262276,4.25
7,2,27,0.131676435471,4.25
7,2,27,-0.111994311213,5.75
7,2,28,0.0801245719194,5.75
7,2,28,-0.0732908844948,1.75
7,2,29,0.0761649832129,1.75
7,2,29,-0.0723998919129,3.0
7,2,30,0.130036741495,3.0
7,2,30,-0.0703197494149,3.75
7,2,31,0.129640802741,3.75
7,2,31,-0.0953607186675,4.5
7,2,32,0.112200513482,4.5
7,2,32,-0.0939988493919,1.5
7,2,33,0.134678989649,1.5
7,2,33,-0.122439362109,4.25
7,2,34,0.123839087784,4.25
7,2,34,-0.104883775115,3.5
7,2,35,0.131309017539,3.5
7,2,35,-0.090199790895,2.5
7,2,36,0.154036909342,2.5
7,2,36,-0.0846138820052,3.5
7,2,37,0.122276209295,3.5
7,2,37,-0.0757302641869,5.25
7,2,38,0.125774994493,5.25
7,2,38,-0.0918959230185,4.0
7,2,39,0.152257338166,4.0
7,2,39,-0.0939954146743,5.25
7,2,40,0.137673914433,5.25
7,2,40,-0.102921515703,3.0
7,2,42,0.141526699066,3.0
7,2,42,-0.0959996655583,2.75
7,2,43,0.135125294328,2.75
7,2,43,-0.094743847847,4.5
7,2,44,0.129996404052,4.5
7,2,44,-0.102998293936,2.5
7,2,45,0.133895426989,2.5
7,2,45,-0.0820955857635,4.75
7,2,46,0.115056566894,4.75
7,2,46,-0.0977606102824,4.0
7,2,47,0.101080060005,4.0
7,2,47,-0.10177449882,3.75
7,2,48,0.133670151234,3.75
7,2,48,-0.12121386826,4.0
7,2,49,0.146665051579,4.0
7,2,49,-0.104725375772,4.25
7,2,50,0.152329429984,4.25
7,2,50,-0.103456825018,4.75
7,2,51,0.106014937162,4.75
7,2,51,-0.088220641017,3.25
7,2,52,0.0605128854513,3.25
7,2,52,-0.08014472574,5.0
7,2,53,0.136969432235,5.0
7,2,53,-0.0894239023328,4.0
7,2,55,0.150811821222,4.0
7,2,55,-0.0943783149123,4.75
7,2,56,0.111004829407,4.75
7,2,56,-0.0761691182852,1.5
7,2,57,0.144335493445,1.5
7,2,57,-0.0875023528934,4.0
7,2,58,0.13063518703,4.0
7,2,58,-0.0865674987435,4.0
7,2,60,0.156365677714,4.0
7,2,60,-0.0668485164642,5.5
7,2,61,0.139183104038,5.5
7,2,61,-0.0649742931128,5.25
7,2,63,0.150106996298,5.25
7,2,63,-0.0587825514376,3.25
7,2,64,0.128465563059,3.25
7,2,64,-0.0847933068871,5.0
7,2,65,0.0842036157846,5.0
7,2,65,-0.0974472090602,5.5
7,2,66,0.128310784698,5.5
7,2,66,-0.0740100070834,6.5
7,2,68,0.142119795084,6.5
7,2,68,-0.0562346689403,4.25
7,2,69,0.123761080205,4.25
7,2,69,-0.0948681011796,3.25
7,2,70,0.134665742517,3.25
7,2,70,-0.0848791003227,4.0
7,2,71,0.106403872371,4.0
7,2,71,-0.0858174711466,4.25
7,2,72,0.0298362430185,4.25
7,2,72,-0.0935610234737,3.25
7,2,73,0.0336293168366,3.25
7,2,73,-0.0705785676837,2.5
7,2,74,0.106901742518,2.5
7,2,74,-0.077716447413,3.5
7,2,75,0.0821117311716,3.5
7,2,75,-0.0776651725173,4.5
7,2,76,0.0961526930332,4.5
7,2,76,-0.0872568637133,4.25
7,2,77,0.0604308210313,4.25
7,2,77,-0.104833051562,5.0
7,2,78,0.114189967513,5.0
7,2,78,-0.0821980834007,4.0
7,2,80,0.0994639247656,4.0
7,2,80,-0.0755633488297,3.25
7,2,82,0.133794590831,3.25
7,2,82,-0.0971480533481,5.0
7,2,83,0.135255038738,5.0
7,2,83,-0.0962579920888,3.75
7,2,84,0.0899433791637,3.75
7,2,84,-0.0858465880156,2.5
7,2,85,0.114710263908,2.5
7,2,85,-0.0824118480086,2.5
7,2,86,0.130713671446,2.5
7,2,86,-0.0914524719119,4.5
7,2,87,0.133923828602,4.5
7,2,87,0.0462647974491,5.0
7,2,88,0.134781524539,5.0
7,2,88,-0.0930196121335,3.0
7,2,89,0.124075211585,3.0
7,2,89,-0.10379370302,4.0
7,2,90,0.1520575881,4.0
7,2,90,-0.0970968529582,3.75
7,2,91,0.142081663013,3.75
7,2,91,-0.0707058161497,4.66667
7,2,92,0.15783855319,4.66667
7,2,92,-0.0814708545804,4.75
7,2,93,0.14534753561,4.75
7,2,93,-0.0694821551442,3.25
7,2,94,0.157486096025,3.25
7,2,94,-0.0590219013393,2.5
7,2,95,0.149854123592,2.5
7,2,95,-0.0573353990912,3.5
7,2,96,0.136237904429,3.5
7,2,96,-0.101601287723,3.0
7,2,97,0.147817090154,3.0
7,2,97,-0.0985676720738,3.75
7,2,98,0.115494988859,3.75
7,2,98,-0.0936045721173,4.25
7,2,99,0.137083902955,4.25
7,2,99,-0.110982403159,1.75
7,2,100,0.138324335217,1.75
7,2,100,-0.0870548635721,5.25
7,2,102,0.137819081545,5.25
7,2,102,-0.0711277276278,4.25
7,2,103,0.156905293465,4.25
7,2,103,-0.0806740894914,3.5
7,2,104,0.136707797647,3.5
7,2,104,-0.0748691260815,3.0
7,2,105,0.153120860457,3.0
7,2,105,-0.10266380012,6.25
7,2,106,0.167263045907,6.25
7,2,106,-0.0807596370578,4.5
7,2,107,0.168666139245,4.5
7,2,107,-0.108508892357,5.5
7,2,108,0.157366245985,5.5
7,2,108,-0.0916453972459,5.25
7,2,109,0.151258453727,5.25
7,2,109,-0.0981027558446,4.75
8,1,9,3.97776603699,2.0
8,1,9,2.52182936668,2.0
8,1,10,2.23590826988,1.75
8,1,10,2.93112874031,1.75
8,1,16,2.8095202446,2.75
8,1,16,2.55826234818,2.75
8,1,17,3.32049417496,3.25
8,1,17,3.49027490616,3.25
8,1,18,3.63374447823,3.75
8,1,18,2.70201778412,3.75
8,1,20,3.09398531914,2.5
8,1,20,3.78653740883,2.5
8,1,21,3.58358693123,1.75
8,1,21,1.96193194389,1.75
8,1,22,3.64102053642,3.5
8,1,22,3.34554004669,3.5
8,1,27,2.4672563076,2.0
8,1,27,4.05650043488,2.0
8,1,30,3.22098231316,2.5
8,1,30,1.9058880806,2.5
8,1,54,3.04702496529,3.0
8,1,54,2.58448719978,3.0
8,1,58,2.95059967041,1.0
8,1,58,3.91505503654,1.0
8,1,68,2.57706141472,1.5
8,1,68,2.50664949417,1.5
8,1,73,3.87572169304,2.75
8,1,73,1.29723346233,2.75
8,1,74,3.12195944786,2.5
8,1,74,3.56233096123,2.5
8,1,75,3.75596213341,3.0
8,1,75,3.64725208282,3.0
8,1,76,2.61920642853,1.0
8,1,76,2.7084903717,1.0
8,1,77,2.21627497673,3.25
8,1,77,3.02967214584,3.25
8,1,78,3.06498622894,2.75
8,1,78,3.54928994179,2.75
8,1,79,2.80878424644,2.0
8,1,79,2.7197663784,2.0
8,1,80,2.29191946983,1.75
8,1,80,2.61247467995,1.75
8,1,81,3.18030834198,2.25
8,1,81,3.45767664909,2.25
8,1,82,3.53412485123,1.75
8,1,82,2.29333949089,1.75
8,1,85,3.34308290482,2.0
8,1,85,3.11182904243,2.0
8,1,88,3.08293318748,2.25
8,1,88,2.9644510746,2.25
8,1,89,3.56933569908,3.5
8,1,89,3.68489384651,3.25
8,2,4,3.99857544899,3.25
8,2,4,3.20192909241,3.75
8,2,5,2.82991576195,3.75
8,2,5,3.72452926636,1.5
8,2,7,1.78099620342,1.5
8,2,7,3.34336471558,4.25
8,2,8,3.40281128883,4.25
8,2,8,2.53332972527,2.0
8,2,9,3.45138549805,2.0
8,2,9,3.40941739082,3.0
8,2,11,2.91091704369,3.0
8,2,11,2.67480540276,2.25
8,2,15,3.22221159935,2.25
8,2,15,2.30373001099,4.0
8,2,16,4.30987358093,4.0
8,2,16,3.29724836349,3.5
8,2,18,3.37657117844,3.5
8,2,18,2.69767212868,3.75
8,2,20,3.81965374947,3.75
8,2,20,1.60356116295,2.25
8,2,21,3.47879362106,2.25
8,2,21,2.67880511284,2.25
8,2,22,3.40602254868,2.25
8,2,22,2.04421758652,2.5
8,2,23,3.38851642609,2.5
8,2,23,1.90229928493,3.0
8,2,24,3.33530473709,3.0
8,2,24,3.10526013374,4.0
8,2,27,2.62672996521,4.0
8,2,27,2.70988678932,2.5
8,2,28,3.7462015152,2.5
8,2,28,3.49130821228,4.75
8,2,29,2.73767328262,4.75
8,2,29,1.7065962553,4.25
8,2,30,3.09447383881,4.25
8,2,30,2.75282001495,2.75
8,2,31,3.37688088417,2.75
8,2,31,2.87793684006,4.0
8,2,32,2.90317296982,4.0
8,2,32,3.10867142677,3.5
8,2,35,1.57744777203,3.5
8,2,35,3.42171931267,3.75
8,2,36,2.8292350769,3.75
8,2,36,2.91426539421,2.25
8,2,37,3.18291497231,2.25
8,2,37,2.55156326294,3.75
8,2,38,2.9578897953,3.75
8,2,38,1.97726309299,2.0
8,2,39,2.78308486938,2.0
8,2,39,2.33901929855,2.0
8,2,40,2.01220870018,2.0
8,2,40,2.37837815285,4.0
8,2,41,1.95108759403,4.0
8,2,41,4.55317020416,3.5
8,2,42,2.41435170174,3.5
8,2,42,2.08691287041,2.25
8,2,45,3.04589724541,2.25
8,2,45,3.0232963562,4.0
8,2,48,2.54379820824,4.0
8,2,48,3.53578495979,4.0
8,2,49,4.84941244125,4.0
8,2,49,3.70280408859,3.0
8,2,50,3.30367732048,3.0
8,2,50,3.55100846291,3.75
8,2,55,2.8474445343,3.75
8,2,55,2.95955324173,4.75
8,2,57,3.4107644558,4.75
8,2,57,3.9033138752,3.0
8,2,58,2.87156128883,3.0
8,2,58,3.21527075768,1.75
8,2,62,3.01907205582,1.75
8,2,62,2.82207512856,5.25
8,2,63,3.93795990944,5.25
8,2,63,4.00771760941,3.25
8,2,67,3.03321862221,3.25
8,2,67,4.29315328598,2.75
8,2,68,3.35329437256,2.75
8,2,68,4.32830429077,3.5
8,2,69,2.44652605057,3.5
8,2,69,3.6202352047,2.0
8,2,71,2.72612404823,2.0
8,2,71,4.02057600021,3.5
8,2,72,2.98701405525,3.5
8,2,72,3.71025395393,3.75
8,2,74,2.97079157829,3.75
8,2,74,3.7398006916,4.0
9,1,2,4.85738945007,5.25
9,1,2,5.87863492966,5.25
9,1,3,5.66243267059,4.75
9,1,3,6.20091438293,4.75
9,1,4,5.61548280716,5.0
9,1,4,5.36212348938,5.0
9,1,5,4.91441011429,5.75
9,1,5,5.8435997963,5.75
9,1,6,6.03438663483,3.5
9,1,6,6.79419231415,3.5
9,1,7,5.11835718155,4.25
9,1,7,6.36073732376,4.25
9,1,8,6.49316120148,4.5
9,1,8,5.7485704422,4.5
9,1,12,5.87672996521,4.75
9,1,12,5.42035388947,4.75
9,1,16,5.42688703537,1.5
9,1,16,5.36242485046,1.5
9,1,17,5.05092334747,4.25
9,1,17,5.92871952057,4.25
9,1,18,4.91481018066,3.5
9,1,18,4.97992610931,3.5
9,1,19,4.61957120895,3.25
9,1,19,4.15853691101,3.25
9,1,20,4.43828630447,4.0
9,1,20,4.80431365967,4.0
9,1,21,4.05849170685,4.5
9,1,21,4.6489777565,4.5
9,1,22,4.24282264709,3.0
9,1,22,4.72151279449,3.0
9,1,23,5.06549358368,4.5
9,1,23,5.27230596542,4.5
9,1,24,4.61480808258,3.5
9,1,24,5.9878745079,3.5
9,1,25,4.55444669724,3.5
9,1,25,5.02046060562,3.5
9,1,26,5.10678434372,4.5
9,1,26,6.43780231476,4.5
9,1,27,5.22340154648,3.75
9,1,27,3.76078081131,3.75
9,1,28,5.4018073082,2.75
9,1,28,5.16694402695,2.75
9,1,29,4.27587461472,2.5
9,1,29,4.76008892059,2.5
9,1,30,5.33539819717,3.0
9,1,30,4.35467910767,3.0
9,1,31,4.80880784988,3.5
9,1,31,5.37157058716,3.5
9,1,32,6.08049917221,2.75
9,1,32,4.73167276382,2.75
9,1,33,4.42023468018,3.75
9,1,33,3.82011342049,3.75
9,1,34,4.37689685822,3.25
9,1,34,4.00476264954,3.25
9,1,35,4.47384643555,3.5
9,1,35,4.92540121078,3.5
9,1,36,3.89346456528,3.5
9,1,36,4.29530000687,3.5
9,1,37,4.22805356979,4.5
9,1,37,3.55193400383,4.5
9,1,38,4.21630191803,3.5
9,1,38,4.70391464233,3.5
9,1,39,4.20555019379,2.75
9,1,39,4.86685180664,2.75
9,1,40,4.08913707733,2.25
9,1,40,4.7825088501,2.25
9,1,41,3.81535410881,3.0
9,1,41,4.80411434174,3.0
9,1,42,3.42238378525,4.0
9,1,42,5.22601890564,4.0
9,1,50,4.33435678482,3.5
9,1,50,4.66484642029,3.5
9,1,51,4.14190149307,3.5
9,1,51,4.95218229294,3.5
9,1,52,3.52984285355,2.75
9,1,52,5.03836870193,2.75
9,1,53,4.40671920776,3.0
9,1,53,4.01726675034,3.0
9,1,54,3.94606471062,2.75
9,1,54,5.02955341339,2.75
9,1,55,4.24371957779,3.5
9,1,55,5.21881914139,3.5
9,1,56,4.48749542236,3.75
9,1,56,4.47137069702,3.75
9,1,59,2.61315441132,2.75
9,1,59,5.14266681671,2.75
9,1,60,4.0643324852,4.0
9,1,60,5.54723262787,4.0
9,1,61,5.80695486069,3.5
9,1,61,5.60512399673,3.5
9,1,63,2.90374398232,3.25
9,1,63,4.828125,3.25
9,1,64,3.16906023026,4.25
9,1,64,4.31562519073,4.25
9,1,65,3.92724895477,2.0
9,1,65,5.13525247574,2.0
9,1,66,3.79982113838,4.75
9,1,66,5.53654432297,4.75
9,1,67,4.51359939575,4.25
9,1,67,5.0366897583,4.25
9,1,68,4.27237939835,3.5
9,1,68,5.45212697983,3.5
9,1,69,3.32627415657,5.5
9,1,69,3.98572301865,5.5
9,1,72,4.11222457886,3.75
9,1,72,2.21825170517,3.75
9,1,73,5.00067186356,3.25
9,1,73,1.99130654335,3.25
9,1,74,5.11880683899,3.0
9,1,74,1.3839392662,3.0
9,1,75,4.72078895569,2.5
9,1,75,1.54012954235,2.5
9,1,76,5.84141969681,4.0
9,1,76,2.56797480583,4.0
9,1,77,5.26216316223,3.25
9,1,77,4.3829498291,3.25
9,1,78,5.09448337555,3.5
9,1,78,2.65736699104,3.5
9,1,79,4.90656757355,4.0
9,1,79,2.74006104469,4.0
9,1,81,1.81824326515,2.25
9,1,81,4.51195287704,2.25
9,1,82,4.27610015869,4.0
9,1,82,1.93098306656,4.0
9,1,83,3.30059242249,4.25
9,1,83,1.92486310005,4.25
9,1,84,3.87231016159,3.0
9,1,84,3.30509996414,3.0
9,1,85,3.52492547035,4.75
9,1,85,2.63568639755,4.75
9,1,86,4.22571325302,4.0
9,1,86,3.82401537895,4.0
9,1,87,3.86559295654,3.25
9,1,87,2.89614224434,3.25
9,1,88,5.06801748276,3.25
9,1,88,3.20819854736,3.25
9,1,89,6.02237892151,2.75
9,1,89,3.27575230598,2.75
9,1,90,4.29288959503,2.75
9,1,90,2.58015155792,2.75
9,1,91,4.5745882988,3.75
9,1,91,2.0917840004,3.75
9,1,92,4.82149887085,4.0
9,1,92,2.80380320549,4.0
9,1,93,4.38131856918,3.25
9,1,93,2.62151098251,3.25
9,1,94,3.62993693352,3.0
9,1,94,2.50782370567,3.0
9,1,95,3.90821027756,4.25
9,1,95,2.54977440834,4.25
9,1,96,3.42572188377,4.25
9,1,96,2.64587044716,4.25
9,1,97,2.67314553261,3.5
9,1,97,2.32525396347,3.5
9,1,98,6.12977647781,2.25
9,1,98,2.65273165703,2.25
9,1,99,3.5046517849,3.0
9,1,99,3.23115491867,3.0
9,1,100,3.10117745399,4.25
9,1,100,2.20616388321,4.25
9,1,101,4.25682353973,2.25
9,1,101,2.35727548599,2.25
9,1,102,4.58339214325,3.75
9,1,102,3.00269985199,3.75
9,1,103,3.61401939392,2.25
9,1,103,2.79439592361,2.25
9,1,104,2.77802538872,3.0
9,1,104,3.02273273468,3.0
9,1,105,5.03463745117,3.75
9,1,105,3.17586350441,3.75
9,1,106,3.85679268837,4.0
9,1,106,4.61792182922,4.0
9,1,107,4.00182533264,4.25
9,1,107,4.15601491928,4.25
9,1,110,5.24524593353,4.25
9,1,110,2.47803926468,4.25
9,1,111,3.0706410408,3.0
9,1,111,4.93269920349,4.0
9,2,2,4.89652776718,4.0
9,2,2,4.77210044861,4.5
9,2,3,5.76711368561,4.5
9,2,3,5.56533002853,5.25
9,2,4,5.77775287628,5.25
9,2,4,4.44206857681,5.5
9,2,5,4.40249633789,5.5
9,2,5,4.78910446167,5.75
9,2,6,4.75820541382,5.75
9,2,6,4.61121368408,5.25
9,2,7,5.5521364212,5.25
9,2,7,5.06087779999,4.5
9,2,8,5.25011825562,4.5
9,2,8,4.73121070862,5.75
9,2,9,5.99147510529,5.75
9,2,9,5.938372612,4.75
9,2,10,5.10720252991,4.75
9,2,10,5.83229446411,4.5
9,2,11,5.28847551346,4.5
9,2,11,6.02243566513,5.5
9,2,12,3.74436712265,5.5
9,2,12,3.33009624481,3.75
9,2,13,5.44161319733,3.75
9,2,13,3.63708281517,2.75
9,2,16,5.41374349594,2.75
9,2,16,3.28021597862,4.0
9,2,17,4.88447284698,4.0
9,2,17,2.60020923615,4.25
9,2,18,5.19122838974,4.25
9,2,18,2.82032465935,3.0
9,2,20,3.87398076057,3.0
9,2,20,3.78435778618,3.75
9,2,21,5.22192049026,3.75
9,2,21,4.02267217636,3.0
9,2,22,5.02435159683,3.0
9,2,22,3.08016037941,2.75
9,2,23,5.47049760818,2.75
9,2,23,3.03147578239,1.75
9,2,24,4.31958723068,1.75
9,2,24,4.07751893997,5.75
9,2,25,5.86146974564,5.75
9,2,25,2.67354369164,3.25
9,2,27,3.7612965107,3.25
9,2,27,4.13996887207,2.75
9,2,30,4.75137996674,2.75
9,2,30,3.61841416359,2.75
9,2,31,4.14205026627,2.75
9,2,31,3.83828854561,2.25
9,2,32,5.05002737045,2.25
9,2,32,3.21810436249,2.5
9,2,34,4.79863166809,2.5
9,2,34,3.71001219749,4.75
9,2,36,5.75549697876,4.75
9,2,36,3.5175511837,3.75
9,2,37,4.81288290024,3.75
9,2,37,2.68361949921,2.0
9,2,38,3.38452601433,2.0
9,2,38,2.95451450348,3.25
9,2,42,4.81227874756,3.25
9,2,42,4.23155403137,3.0
9,2,45,6.30130624771,3.0
9,2,45,2.85677790642,4.75
9,2,46,5.017765522,4.75
9,2,46,3.85057473183,4.0
9,2,50,5.54570293427,4.0
9,2,50,2.28677678108,3.75
9,2,53,3.01707029343,3.75
9,2,53,5.07140207291,4.0
9,2,62,3.59502887726,4.0
9,2,62,5.02116537094,5.0
9,2,63,3.96532869339,5.0
9,2,63,4.54167747498,4.5
9,2,64,4.9796090126,4.5
9,2,64,5.01320457458,5.5
9,2,66,5.21234512329,5.5
9,2,66,5.20689153671,4.25
9,2,67,4.9608373642,4.25
9,2,67,4.13408613205,3.25
9,2,68,4.11867141724,3.25
9,2,68,5.28687572479,3.25
9,2,69,5.08790302277,3.25
9,2,69,5.03277015686,4.75
9,2,70,5.49928331375,4.75
9,2,70,5.73758840561,5.25
9,2,71,5.03257322311,5.25
9,2,71,5.45378828049,5.25
9,2,74,4.30563545227,5.25
9,2,74,5.65309667587,3.75
9,2,75,4.26715421677,3.75
9,2,75,4.42110013962,4.25
9,2,77,3.4985268116,4.25
9,2,77,4.19526720047,5.5
9,2,78,4.56239700317,5.5
9,2,78,4.69985198975,5.25
9,2,79,4.45841836929,5.25
9,2,79,5.73432540894,4.75
9,2,81,4.44801807404,4.75
9,2,81,4.21799993515,3.75
9,2,84,4.58970212936,3.75
9,2,84,4.76352596283,4.75
9,2,85,4.87361097336,4.75
9,2,85,5.30388879776,4.0
9,2,86,4.51457834244,4.0
9,2,86,4.38304281235,3.25
9,2,87,3.37428712845,3.25
9,2,87,3.8089094162,4.5
9,2,88,2.96432352066,4.5
9,2,88,3.50691413879,2.75
9,2,89,4.52968931198,2.75
9,2,89,4.79667901993,3.25
9,2,90,3.40770077705,3.25
9,2,90,3.88770198822,4.25
9,2,91,3.81881690025,4.25
9,2,91,5.0989484787,4.25
9,2,92,3.59035825729,4.25
9,2,92,4.00692892075,5.0
9,2,95,3.76757669449,5.0
9,2,95,4.99972724915,3.0
9,2,96,3.64150047302,3.0
9,2,96,2.65249252319,4.5
9,2,98,2.63400101662,4.5
9,2,98,5.40068769455,5.75
9,2,100,3.51285076141,5.75
9,2,100,4.80825710297,3.0
9,2,103,5.3693819046,3.0
9,2,103,4.19214725494,3.25
9,2,104,4.09994316101,3.25
9,2,104,4.42432403564,4.5
9,2,105,5.12124204636,4.5
9,2,105,2.90215992928,3.75
9,2,107,4.14745426178,3.75
9,2,107,4.48409223557,4.25
9,2,108,5.22043514252,4.25
9,2,108,4.06111288071,2.25
9,2,109,4.13154411316,2.25
9,2,109,5.8874578476,4.5
10,1,4,5.51479768753,5.5
10,1,4,5.54135227203,5.5
10,1,5,5.28940582275,5.0
10,1,5,6.1330909729,5.0
10,1,6,5.72524547577,5.0
10,1,6,5.53226280212,5.0
10,1,7,5.34893846512,5.5
10,1,7,5.22716426849,5.5
10,1,8,5.84312438965,6.25
10,1,8,5.19688510895,6.25
10,1,9,4.97144412994,5.5
10,1,9,5.78213071823,5.5
10,1,10,5.12794542313,5.0
10,1,10,5.91589546204,5.0
10,1,11,4.82994890213,4.0
10,1,11,5.22383213043,4.0
10,1,12,6.13781690598,4.5
10,1,12,5.3017039299,4.5
10,1,13,4.79327917099,4.25
10,1,13,5.16553640366,4.25
10,1,14,5.61806488037,3.75
10,1,14,4.82673072815,3.75
10,1,20,4.68234443665,5.0
10,1,20,5.51082420349,5.0
10,1,21,3.38324713707,5.25
10,1,21,3.92143273354,5.25
10,1,22,4.27537488937,4.5
10,1,22,3.85457253456,4.5
10,1,24,4.77568912506,4.75
10,1,24,4.7945356369,4.75
10,1,25,4.78301525116,4.5
10,1,25,4.37752008438,4.5
10,1,26,4.07912111282,2.25
10,1,26,4.14136457443,2.25
10,1,27,3.83366775513,4.25
10,1,27,3.4980328083,4.25
10,1,28,3.80408620834,4.75
10,1,28,4.27677869797,4.75
10,1,29,4.2052359581,4.75
10,1,29,4.70850276947,4.75
10,1,30,4.16165208817,5.5
10,1,30,3.80817246437,5.5
10,1,31,4.0628619194,4.75
10,1,31,4.07991790771,4.75
10,1,32,3.58392548561,3.75
10,1,32,3.94774770737,3.75
10,1,33,4.30179786682,4.5
10,1,33,3.5747449398,4.5
10,1,36,3.93876242638,4.75
10,1,36,4.66733360291,4.75
10,1,39,3.57559132576,4.0
10,1,39,4.52458763123,4.0
10,1,42,4.1427936554,5.25
10,1,42,5.04455661774,5.25
10,1,43,3.55283212662,4.5
10,1,43,4.65982723236,4.5
10,1,44,4.38805627823,4.5
10,1,44,3.55536866188,4.5
10,1,45,3.23009943962,3.25
10,1,45,4.16385650635,3.25
10,1,46,5.32515716553,5.0
10,1,46,5.69349002838,5.0
10,1,47,3.50377941132,5.25
10,1,47,4.82944107056,5.25
10,1,48,4.78167581558,5.0
10,1,48,4.39628887177,5.0
10,1,49,4.74122428894,4.0
10,1,49,4.14912891388,4.0
10,1,50,3.98773479462,5.25
10,1,50,2.90381813049,5.25
10,1,51,2.71335983276,5.5
10,1,51,3.85709452629,5.5
10,1,52,4.53169822693,5.0
10,1,52,4.42408418655,5.0
10,1,53,3.84644031525,5.25
10,1,53,4.69824695587,5.25
10,1,55,3.40375256538,5.25
10,1,55,3.95705509186,5.25
10,1,56,3.91169977188,4.5
10,1,56,4.73180103302,4.5
10,1,57,4.53086328506,1.5
10,1,57,4.70309448242,1.5
10,1,61,4.90420246124,5.0
10,1,61,4.97259759903,5.0
10,1,62,5.14822912216,3.75
10,1,62,6.02201986313,3.75
10,1,63,4.91570281982,4.25
10,1,63,5.73083734512,4.25
10,1,64,4.74648094177,5.0
10,1,64,4.87460899353,5.0
10,1,65,4.68957901001,5.75
10,1,65,5.12533140182,5.75
10,1,66,4.68145179749,6.0
10,1,66,5.29057502747,6.0
10,1,67,5.23440074921,5.25
10,1,67,4.73705053329,5.25
10,1,68,5.3312664032,3.75
10,1,68,4.85644435883,3.75
10,1,69,5.51321315765,4.5
10,1,69,5.33204078674,4.5
10,1,72,4.05638217926,3.0
10,1,72,4.19501447678,3.0
10,1,73,4.35567951202,4.25
10,1,73,4.81119203568,4.25
10,1,74,3.68996596336,4.75
10,1,74,4.20954370499,4.75
10,1,75,4.6378030777,4.5
10,1,75,4.25410604477,4.5
10,1,76,3.51833844185,4.75
10,1,76,4.35316705704,4.75
10,1,77,3.93152189255,4.5
10,1,77,5.20450115204,4.5
10,1,78,4.77838754654,5.5
10,1,78,5.2225561142,5.5
10,1,79,4.02440166473,4.5
10,1,79,4.71491909027,4.5
10,1,80,4.39668130875,5.0
10,1,80,4.01067829132,5.0
10,1,81,3.87005925179,4.25
10,1,81,4.96267652512,4.25
10,1,82,3.85849428177,4.5
10,1,82,4.47855472565,4.5
10,1,83,2.89534854889,3.0
10,1,83,5.23578691483,3.0
10,1,84,3.45805764198,2.75
10,1,84,4.37748575211,2.75
10,1,85,4.75123882294,4.75
10,1,85,4.82831192017,4.75
10,1,86,3.02251338959,4.0
10,1,86,4.71880674362,4.0
10,1,87,5.71595954895,4.75
10,1,87,4.74529886246,4.75
10,1,88,4.76480913162,5.5
10,1,88,4.73371219635,5.5
10,1,89,3.93774294853,5.25
10,1,89,5.33528327942,5.25
10,1,90,2.99218964577,3.75
10,1,90,4.87315368652,3.75
10,1,91,3.15661978722,4.5
10,1,91,4.79144954681,4.5
10,1,92,3.45514273643,5.0
10,1,92,3.89211344719,5.0
10,1,93,3.85576558113,4.0
10,1,93,4.00020313263,4.0
10,1,94,4.46503543854,5.0
10,1,94,3.62175917625,5.0
10,1,95,4.07651853561,4.75
10,1,95,4.61392498016,4.75
10,1,96,3.33579111099,4.5
10,1,96,5.68027067184,4.5
10,1,97,3.79777526855,3.75
10,1,97,3.9148235321,3.75
10,1,98,3.58079624176,4.5
10,1,98,3.66186618805,4.5
10,1,99,4.77859067917,5.25
10,1,99,4.25483608246,5.25
10,1,100,4.22376012802,4.0
10,1,100,4.87606096268,4.0
10,1,101,4.78937864304,5.5
10,1,101,4.80468273163,5.5
10,1,102,3.14666032791,5.0
10,1,102,4.03888845444,5.0
10,1,103,3.96936488152,3.75
10,1,103,4.15355110168,3.75
10,1,104,4.46247959137,4.5
10,1,104,3.82963275909,4.5
10,1,105,2.92465376854,4.0
10,1,105,4.87455511093,4.0
10,1,106,3.67870545387,2.0
10,1,106,4.15585136414,2.0
10,1,107,3.7210381031,5.0
10,1,107,4.17210483551,5.0
10,1,108,4.17399120331,5.0
10,1,108,5.66874933243,3.75
10,2,3,5.39267539978,3.75
10,2,3,5.95079660416,6.25
10,2,4,5.86224603653,6.25
10,2,4,6.27547168732,5.5
10,2,5,5.51939868927,5.5
10,2,5,6.31979131699,5.25
10,2,6,5.91174888611,5.25
10,2,6,6.19942378998,5.25
10,2,7,6.36598491669,5.25
10,2,7,6.63514471054,5.75
10,2,8,4.69888448715,5.75
10,2,8,5.20886611938,3.25
10,2,9,4.10554885864,3.25
10,2,9,5.77461862564,5.25
10,2,10,5.88881874084,5.25
10,2,10,5.7744808197,4.5
10,2,11,4.90136480331,4.5
10,2,11,5.83811950684,4.25
10,2,12,5.67822933197,4.25
10,2,12,6.2260389328,5.25
10,2,13,6.18302106857,5.25
10,2,13,6.36905622482,5.25
10,2,14,5.28909254074,5.25
10,2,14,6.34681081772,5.75
10,2,15,5.17594099045,5.75
10,2,15,4.51216363907,4.5
10,2,19,6.23782587051,4.5
10,2,19,4.16060304642,2.75
10,2,20,5.42411422729,2.75
10,2,20,5.63156843185,5.5
10,2,21,5.057056427,5.5
10,2,21,4.83633708954,5.5
10,2,22,5.89348268509,5.5
10,2,22,3.98520469666,5.0
10,2,23,4.66669082642,5.0
10,2,23,4.39304447174,3.5
10,2,26,5.80810403824,3.5
10,2,26,4.10251522064,4.5
10,2,28,4.95308971405,4.5
10,2,28,3.96582078934,5.0
10,2,29,3.98527050018,5.0
10,2,29,4.25588417053,5.75
10,2,30,4.85548305511,5.75
10,2,30,3.37800860405,4.75
10,2,33,5.58112001419,4.75
10,2,33,3.34994888306,3.75
10,2,36,5.56628227234,3.75
10,2,36,4.28237628937,5.0
10,2,37,5.37644147873,5.0
10,2,37,5.0617685318,4.75
10,2,38,5.5220375061,4.75
10,2,38,6.11831903458,5.25
10,2,39,4.41961860657,5.25
10,2,39,4.22097969055,5.25
10,2,41,5.31271457672,5.25
10,2,41,4.33536958694,5.5
10,2,42,4.04750013351,5.5
10,2,42,4.87959575653,5.75
10,2,43,3.47606563568,5.75
10,2,43,4.35204648972,5.25
10,2,47,4.63852643967,5.25
10,2,47,6.02356529236,5.5
10,2,51,5.04204034805,5.5
10,2,51,5.72081851959,5.5
10,2,52,4.80415725708,5.5
10,2,52,6.27177190781,6.75
10,2,53,5.29988241196,6.75
10,2,53,6.38552999496,5.5
10,2,54,4.66327190399,5.5
10,2,54,6.20838451385,3.75
10,2,55,4.27199983597,3.75
10,2,55,6.35403108597,5.25
10,2,56,4.50871515274,5.25
10,2,56,6.17051935196,5.5
10,2,58,5.99780464172,5.5
10,2,58,5.0966334343,5.0
10,2,65,5.41317462921,5.0
10,2,65,4.94683218002,3.0
10,2,66,4.39761209488,3.0
10,2,66,3.81240463257,4.33333
10,2,67,4.86473989487,4.33333
10,2,67,5.23562669754,4.75
10,2,68,5.48650503159,4.75
10,2,68,5.4095454216,5.25
10,2,69,5.51719045639,5.25
10,2,69,5.39868402481,4.66667
10,2,70,5.7404294014,4.66667
10,2,70,5.08256816864,4.0
10,2,71,5.0130777359,4.0
10,2,71,5.46102619171,6.25
10,2,72,6.49528741837,6.25
10,2,72,5.52224445343,5.5
10,2,73,4.97876644135,5.5
10,2,73,5.22870635986,4.75
10,2,74,4.48047304153,4.75
10,2,74,5.64633083344,4.5
10,2,75,4.9174246788,4.5
10,2,75,4.78951883316,4.5
10,2,76,4.92594099045,4.5
10,2,76,4.75831460953,3.5
10,2,77,5.25197458267,3.5
10,2,77,5.01162433624,5.25
10,2,78,5.02602005005,5.25
10,2,78,4.85228443146,5.5
10,2,79,4.99429321289,5.5
10,2,79,4.54499387741,4.5
10,2,80,4.13623952866,4.5
10,2,80,5.0047326088,5.25
10,2,81,5.37440633774,5.25
10,2,81,4.84780883789,5.25
10,2,82,4.74971151352,5.25
10,2,82,4.78833913803,4.25
10,2,83,6.36811971664,4.25
10,2,83,5.49091434479,4.0
10,2,84,4.00046062469,4.0
10,2,84,4.481757164,5.25
10,2,85,4.56565380096,5.25
10,2,85,3.66203451157,4.5
10,2,86,4.85521030426,4.5
10,2,86,3.9801235199,5.5
10,2,87,4.3173584938,5.5
10,2,87,5.05618143082,5.5
10,2,88,6.182056427,5.5
10,2,88,4.16540145874,4.0
10,2,89,3.85443282127,4.0
10,2,89,4.82477474213,4.25
10,2,90,4.46866512299,4.25
10,2,90,5.11704349518,4.25
10,2,91,3.99899220467,4.25
10,2,91,4.66542625427,5.75
11,1,4,5.09411525726,5.75
11,1,4,4.58506441116,5.75
11,1,5,4.76416254044,4.5
11,1,5,3.32405090332,4.5
11,1,6,5.24629068375,5.0
11,1,6,2.90361881256,5.0
11,1,7,4.30591058731,4.25
11,1,7,3.27234697342,4.25
11,1,8,3.83385777473,4.25
11,1,8,2.97745990753,4.25
11,1,9,3.34104514122,4.0
11,1,9,4.34290933609,4.0
11,1,10,4.27895355225,4.66667
11,1,10,4.34935569763,4.66667
11,1,11,4.94768762589,4.5
11,1,11,3.20015907288,4.5
11,1,12,3.65904545784,5.5
11,1,12,3.62991547585,5.5
11,1,13,4.05589914322,5.25
11,1,13,4.96765327454,5.25
11,1,14,3.64664435387,4.25
11,1,14,3.24315404892,4.25
11,1,15,2.3478140831,3.5
11,1,15,3.31197023392,3.5
11,1,19,3.50567650795,6.25
11,1,19,4.07843828201,6.25
11,1,20,3.0595574379,5.5
11,1,20,4.57841062546,5.5
11,1,21,2.22291970253,4.25
11,1,21,3.15516996384,4.25
11,1,22,2.10159277916,6.25
11,1,22,3.57500863075,6.25
11,1,23,2.61807894707,5.75
11,1,23,4.03275489807,5.75
11,1,24,1.35213422775,3.25
11,1,24,4.38173055649,3.25
11,1,25,1.98695516586,5.0
11,1,25,4.95793962479,5.0
11,1,26,1.64154553413,4.0
11,1,26,3.76822853088,4.0
11,1,27,2.03518390656,4.5
11,1,27,3.68720054626,4.5
11,1,28,2.47344684601,4.5
11,1,28,3.69202542305,4.5
11,1,29,1.80183041096,5.5
11,1,29,4.52160739899,5.5
11,1,30,2.11079025269,4.25
11,1,30,4.61043357849,4.25
11,1,31,2.16241168976,5.5
11,1,31,3.17308115959,5.5
11,1,32,2.42238736153,4.25
11,1,32,2.75710892677,4.25
11,1,33,2.55665969849,5.0
11,1,33,4.11010122299,5.0
11,1,34,2.17352867126,4.5
11,1,34,3.10521793365,4.5
11,1,35,2.6504650116,4.5
11,1,35,2.41403651237,4.5
11,1,36,1.87296378613,5.0
11,1,36,3.03279471397,5.0
11,1,37,3.06340122223,3.75
11,1,37,2.66789793968,3.75
11,1,38,2.48456072807,4.5
11,1,38,5.08349275589,4.5
11,1,39,3.31612610817,5.0
11,1,39,3.57173085213,5.0
11,1,48,3.86703586578,2.25
11,1,48,3.27323389053,2.25
11,1,50,3.65139532089,3.0
11,1,50,2.01783967018,3.0
11,1,51,3.00472211838,4.75
11,1,51,5.03840398788,4.75
11,1,57,2.05952644348,2.5
11,1,57,4.10049676895,2.5
11,1,62,2.97811102867,5.0
11,1,62,5.89392471313,5.0
11,1,63,2.83375740051,6.25
11,1,63,4.64686870575,6.25
11,1,64,2.77539086342,5.0
11,1,64,4.59626674652,5.0
11,1,66,2.06906604767,3.25
11,1,66,3.27780938148,3.25
11,1,68,2.6383869648,4.25
11,1,68,4.72568082809,4.25
11,1,69,2.52297687531,4.0
11,1,69,3.51881599426,4.0
11,1,70,2.61432647705,5.0
11,1,70,3.43376040459,5.0
11,1,73,3.69694256783,5.25
11,1,73,4.38903713226,5.25
11,1,75,2.8231215477,3.5
11,1,75,2.67803168297,3.5
11,1,76,2.55231976509,4.0
11,1,76,4.51073884964,4.0
11,1,77,2.85559058189,6.0
11,1,77,4.63599824905,6.0
11,1,78,1.59070181847,5.0
11,1,78,4.26403093338,5.0
11,1,79,2.82383084297,4.5
11,1,79,3.06077408791,4.5
11,1,80,2.9685561657,6.0
11,1,80,3.3536696434,6.0
11,1,81,3.24345684052,4.5
11,1,81,4.22348690033,4.5
11,1,82,2.28139400482,4.5
11,1,82,4.03705835342,4.5
11,1,83,2.09588074684,3.5
11,1,83,4.23761034012,3.5
11,1,84,2.89247465134,3.5
11,1,84,2.81361651421,3.5
11,1,87,1.8755838871,2.75
11,1,87,4.9147567749,2.75
11,1,88,3.01263451576,3.75
11,1,88,3.43361449242,3.75
11,1,90,2.72126460075,4.25
11,1,90,4.56526422501,4.25
11,1,91,2.47942519188,5.5
11,1,91,4.69586372375,5.5
11,1,93,3.32591462135,4.25
11,1,93,2.47390413284,4.25
11,1,94,2.43051576614,5.75
11,1,94,5.0950717926,5.75
11,1,95,1.99785029888,4.25
11,1,95,4.13631296158,4.25
11,1,96,2.97996377945,4.75
11,1,96,3.40874242783,4.75
11,1,97,1.91838729382,3.75
11,1,97,4.35271453857,3.75
11,1,98,3.05547237396,4.5
11,1,98,4.53617191315,4.5
11,1,99,4.82268857956,6.25
11,1,99,2.45489430428,5.0
11,2,3,4.35895967484,5.0
11,2,3,2.98077726364,4.0
11,2,4,2.97392511368,4.0
11,2,4,3.32510495186,2.25
11,2,5,4.2605214119,2.25
11,2,5,3.98970866203,5.5
11,2,6,3.97287106514,5.5
11,2,6,2.24208903313,0.75
11,2,7,3.44453763962,0.75
11,2,7,2.72111201286,5.0
11,2,8,4.79733228683,5.0
11,2,8,2.4041633606,3.5
11,2,9,3.79170489311,3.5
11,2,9,2.94474005699,4.75
11,2,10,3.01169371605,4.75
11,2,10,3.10471630096,2.25
11,2,12,5.96042203903,2.25
11,2,12,2.31952548027,3.75
11,2,17,2.32402706146,3.75
11,2,17,1.93933546543,4.0
11,2,18,2.5001335144,4.0
11,2,18,2.57612252235,5.25
11,2,19,1.7248955965,5.25
11,2,19,2.5880844593,4.75
11,2,20,3.78958845139,4.75
11,2,20,2.95191001892,6.25
11,2,21,3.38848400116,6.25
11,2,21,1.67616868019,3.75
11,2,22,4.78169727325,3.75
11,2,22,1.72442734241,5.75
11,2,23,3.5177924633,5.75
11,2,23,3.19666218758,5.0
11,2,24,3.11686778069,5.0
11,2,24,2.22248578072,5.0
11,2,25,2.07334280014,5.0
11,2,25,1.77064681053,3.5
11,2,26,2.21427774429,3.5
11,2,26,2.90742778778,5.5
11,2,27,3.13691091537,5.5
11,2,27,4.01982975006,4.5
11,2,28,3.01469159126,4.5
11,2,28,3.77313947678,4.75
11,2,29,4.06032943726,4.75
11,2,29,3.06347441673,4.0
11,2,30,4.8891992569,4.0
11,2,30,2.20577716827,5.0
11,2,31,2.91576910019,5.0
11,2,31,1.93107700348,5.25
11,2,32,3.35654783249,5.25
11,2,32,2.2657597065,4.25
11,2,33,6.0509057045,4.25
11,2,33,3.30043983459,6.5
11,2,34,5.29795598984,6.5
11,2,34,2.12052941322,3.75
11,2,35,4.42441225052,3.75
11,2,35,1.74554812908,4.25
11,2,36,3.75631546974,4.25
11,2,36,3.7886993885,5.0
11,2,37,2.4776930809,5.0
11,2,37,1.64075505733,4.25
11,2,38,2.89579939842,4.25
11,2,38,3.17392134666,4.5
11,2,39,2.12788963318,4.5
11,2,39,2.5044465065,4.25
11,2,40,2.23951840401,4.25
11,2,40,2.71593284607,4.75
11,2,41,1.92213869095,4.75
11,2,41,2.14462065697,4.75
11,2,42,1.47743904591,4.75
11,2,42,2.78200221062,5.25
11,2,43,2.50409817696,5.25
11,2,43,4.10290145874,5.5
11,2,44,4.20240354538,5.5
11,2,44,3.38206553459,4.25
11,2,45,3.12855529785,4.25
11,2,45,2.67390084267,4.25
11,2,46,2.53130912781,4.25
11,2,46,2.07156658173,4.0
11,2,47,2.51445651054,4.0
11,2,47,2.2588531971,6.5
11,2,48,2.20754551888,6.5
11,2,48,2.49554586411,2.75
11,2,49,3.36205673218,2.75
11,2,49,2.28006863594,4.25
11,2,50,2.42217135429,4.25
11,2,50,2.51601886749,4.5
11,2,51,1.56979262829,4.5
11,2,51,3.79781723022,5.0
11,2,52,3.6502263546,5.0
11,2,52,3.24073004723,4.5
11,2,53,2.82308554649,4.5
11,2,53,1.90130102634,3.75
11,2,54,3.15206861496,3.75
11,2,54,5.02730607986,4.5
11,2,55,2.45494961739,4.5
11,2,55,2.45631408691,4.75
11,2,56,4.19267368317,4.75
11,2,56,4.02325439453,2.5
11,2,60,4.35925865173,2.5
11,2,60,4.60546731949,3.25
11,2,61,4.05911207199,3.25
11,2,61,3.91622972488,1.75
11,2,62,3.27233290672,1.75
11,2,62,2.0801987648,2.75
11,2,63,2.91737484932,2.75
11,2,63,2.72019839287,4.25
11,2,64,4.25299406052,4.25
11,2,64,2.65919780731,2.5
11,2,65,4.75175905228,2.5
11,2,65,2.28960418701,1.75
11,2,66,4.19760751724,1.75
11,2,66,2.16435623169,4.75
11,2,67,4.44635057449,4.75
11,2,67,1.80501270294,4.0
11,2,68,4.12683534622,4.0
11,2,68,3.82926464081,3.25
11,2,69,3.05247378349,3.25
11,2,69,3.06958150864,4.25
11,2,72,3.97136306763,4.25
11,2,72,3.28909921646,4.25
11,2,73,2.78078770638,4.25
11,2,73,3.25687026978,4.25
11,2,74,2.9183485508,4.25
11,2,74,3.23370456696,2.5
11,2,75,2.75042247772,2.5
11,2,75,2.27338433266,5.5
11,2,76,3.58266496658,5.5
11,2,76,3.54114794731,4.5
11,2,77,2.52165079117,4.5
11,2,77,3.33805847168,5.5
11,2,78,3.06622695923,5.5
11,2,78,4.11166858673,4.25
11,2,79,1.86749458313,4.25
11,2,79,2.67364192009,3.75
11,2,80,2.29455947876,3.75
11,2,80,1.93762946129,3.0
11,2,81,3.00538730621,3.0
11,2,81,2.18901181221,4.75
11,2,82,2.11930966377,4.75
11,2,82,2.1975851059,4.0
11,2,83,2.31683111191,4.0
11,2,83,2.06586313248,4.75
11,2,84,2.23633742332,4.75
11,2,84,2.58199548721,5.0
11,2,85,4.08316087723,5.0
11,2,85,2.76147484779,5.75
11,2,86,1.95015048981,5.75
11,2,86,2.904515028,4.25
11,2,87,2.56425261497,4.25
11,2,87,2.32519507408,5.0
11,2,88,2.08942484856,5.0
11,2,88,2.2937681675,4.75
11,2,89,3.25648164749,4.75
11,2,89,3.4552834034,3.25
11,2,90,3.31879663467,3.25
11,2,90,2.90383243561,4.5
11,2,91,1.74769568443,4.5
11,2,91,4.15688228607,5.5
11,2,92,2.19642901421,5.5
11,2,92,3.47876262665,5.0
11,2,93,2.78287863731,5.0
11,2,93,1.84707129002,4.25
11,2,94,2.70253753662,4.25
11,2,94,1.96979176998,4.0
11,2,95,2.76566910744,4.0
11,2,95,1.55357921124,5.0
11,2,96,2.55529928207,5.0
11,2,96,2.16769099236,3.75
11,2,97,3.33404564857,3.75
11,2,97,1.99398732185,5.0
11,2,98,2.46984577179,5.0
11,2,98,2.42421483994,5.5
11,2,99,4.43308258057,5.5
11,2,99,1.95259988308,4.5
11,2,100,3.60442042351,4.5
11,2,100,2.98861312866,4.75
11,2,101,2.61984395981,4.75
11,2,101,2.92738509178,3.75
11,2,102,2.55352711678,3.75
11,2,102,3.10221886635,5.25
11,2,103,3.26854681969,5.25
11,2,103,3.92723536491,6.0
11,2,104,2.93917155266,6.0
11,2,104,3.22315335274,4.5
11,2,105,3.59677958488,4.5
11,2,105,6.02209329605,3.0
11,2,106,3.05319070816,3.0
11,2,106,2.59569644928,4.75
11,2,109,2.39208459854,4.75
11,2,109,4.61412000656,4.75
11,2,110,3.18499016762,4.75
11,2,110,1.70638823509,4.5
12,1,2,3.33438467979,6.5
12,1,2,6.18857145309,6.5
12,1,3,5.48091411591,6.0
12,1,3,5.5096654892,6.0
12,1,5,3.8815844059,6.0
12,1,5,6.07830238342,6.0
12,1,6,4.15943813324,5.0
12,1,6,5.48323774338,5.0
12,1,7,3.55783987045,6.25
12,1,7,4.54054784775,6.25
12,1,8,3.98548173904,5.25
12,1,8,5.87877035141,5.25
12,1,9,4.51605701447,4.75
12,1,9,6.52487421036,4.75
12,1,10,5.41697692871,5.25
12,1,10,6.6831741333,5.25
12,1,11,4.57805013657,5.0
12,1,11,5.07806682587,5.0
12,1,12,2.81372928619,5.75
12,1,12,5.01196908951,5.75
12,1,69,3.47477626801,3.75
12,1,69,4.84010744095,4.0
12,2,4,2.76530766487,4.0
12,2,4,4.61273622513,5.25
12,2,5,5.02112054825,5.25
12,2,5,5.84232521057,5.0
12,2,11,4.27883958817,5.0
12,2,11,3.6084625721,5.25
16,2,5,5.12652826309,4.0
16,2,5,4.78156137466,4.0
16,2,6,4.90762615204,4.5
16,2,6,4.57409191132,4.5
16,2,7,4.95624828339,5.0
16,2,7,4.17953920364,5.0
16,2,8,5.07095336914,3.25
16,2,8,3.26310658455,3.25
16,2,9,4.96904468536,3.5
16,2,9,4.94553375244,3.5
16,2,10,5.14128017426,5.5
16,2,10,4.86063957214,5.5
16,2,11,4.79088354111,4.5
16,2,11,4.9327378273,4.5
16,2,12,5.00824451447,5.5
16,2,12,4.69364023209,5.5
16,2,13,4.76260471344,4.5
16,2,13,5.00734472275,4.5
16,2,14,4.99424552917,4.0
16,2,14,4.41091012955,4.0
16,2,15,4.68208169937,4.25
16,2,15,4.27446269989,4.25
16,2,21,3.53838562965,3.75
16,2,21,4.40891265869,3.75
16,2,22,3.80144047737,1.75
16,2,22,4.64261627197,1.75
16,2,23,3.26189351082,2.5
16,2,23,4.43722581863,2.5
16,2,24,3.62905836105,3.5
16,2,24,4.22464895248,3.5
16,2,25,3.08523988724,3.0
16,2,25,3.76975917816,3.0
16,2,26,3.69868731499,3.25
16,2,26,3.18277072906,3.25
16,2,27,4.03622150421,4.25
16,2,27,4.74506092072,4.25
16,2,28,3.69020414352,3.25
16,2,28,3.97165179253,3.25
16,2,29,3.57785463333,2.0
16,2,29,4.32791566849,2.0
16,2,30,3.81696248055,3.0
16,2,30,4.13969182968,3.0
16,2,31,3.74540758133,2.0
16,2,31,4.60370922089,2.0
16,2,32,3.49297094345,2.75
16,2,32,4.38696193695,2.75
16,2,33,3.5996799469,1.5
16,2,33,4.77858924866,1.5
16,2,34,3.47674942017,2.25
16,2,34,4.99043321609,2.25
16,2,35,3.54102826118,2.5
16,2,35,4.62110233307,2.5
16,2,36,3.57275819778,3.75
16,2,36,4.58112239838,3.75
16,2,37,3.4764509201,4.5
16,2,37,3.89037919044,4.5
16,2,38,3.69556474686,4.0
16,2,38,3.83360147476,4.0
16,2,39,3.99149608612,2.25
16,2,39,4.15481138229,2.25
16,2,40,3.47254538536,2.0
16,2,40,4.40966176987,2.0
16,2,41,3.45847177505,1.75
16,2,41,4.83670759201,1.75
16,2,42,3.68453836441,2.5
16,2,42,4.03063583374,2.5
16,2,43,4.7602057457,2.25
16,2,43,3.42751169205,2.25
16,2,44,4.81667661667,2.75
16,2,44,3.67358136177,2.75
16,2,45,3.24820184708,3.0
16,2,45,4.73412322998,3.0
16,2,46,3.81169867516,2.5
16,2,46,4.6271944046,2.5
16,2,47,3.37021994591,1.75
16,2,47,4.93307352066,1.75
16,2,48,3.27753710747,3.25
16,2,48,3.81564879417,3.25
16,2,49,3.24715614319,2.75
16,2,49,4.82543992996,2.75
16,2,50,3.38958668709,2.25
16,2,50,4.59730482101,2.25
16,2,51,3.45365428925,3.5
16,2,51,4.69131851196,3.5
16,2,52,3.32565593719,2.25
16,2,52,4.52654361725,2.25
16,2,53,3.658182621,4.0
16,2,53,4.7034497261,4.0
16,2,54,4.77777338028,1.25
16,2,54,4.19700241089,1.25
16,2,55,4.79014921188,4.0
16,2,55,4.33414793015,4.0
16,2,56,4.8313908577,4.75
16,2,56,4.71238231659,4.75
16,2,57,4.65874385834,3.0
16,2,57,4.52445268631,3.0
16,2,58,4.70234107971,2.25
16,2,58,4.88914394379,2.25
16,2,60,4.54536771774,3.0
16,2,60,3.86565351486,3.0
16,2,61,4.63578748703,2.5
16,2,61,4.44270658493,2.5
16,2,65,4.85977745056,5.0
16,2,65,4.34836816788,5.0
16,2,66,4.79741573334,5.75
16,2,66,4.26189899445,5.75
16,2,67,4.83034229279,3.5
16,2,67,3.6600484848,3.5
16,2,68,4.46319770813,1.25
16,2,68,3.99876189232,1.25
16,2,69,4.54429864883,1.75
16,2,69,4.26286268234,1.75
16,2,70,4.44620323181,1.75
16,2,70,4.12682819366,1.75
16,2,71,5.00400876999,4.0
16,2,71,4.48196172714,4.0
16,2,72,4.87986564636,2.25
16,2,72,4.36510467529,2.25
16,2,73,4.65155172348,4.0
16,2,73,4.60348510742,4.0
16,2,76,3.76214504242,3.0
16,2,76,4.70236349106,3.0
16,2,77,3.29013228416,5.5
16,2,77,5.01977539062,5.5
16,2,78,3.31675338745,4.25
16,2,78,4.65742635727,4.25
16,2,79,3.70587825775,5.0
16,2,79,4.25033950806,5.0
16,2,80,3.55410265923,4.0
16,2,80,4.03717565536,4.0
16,2,81,3.67328071594,2.5
16,2,81,4.99845457077,2.5
16,2,82,3.37865829468,2.25
16,2,82,3.90035200119,2.25
16,2,83,4.11795282364,4.5
16,2,83,4.17698526382,4.5
16,2,84,4.19615411758,3.75
16,2,84,4.16525650024,3.75
16,2,85,4.62378644943,3.5
16,2,85,5.00791740417,3.5
16,2,86,3.71828627586,4.5
16,2,86,4.60813617706,4.5
16,2,87,4.01804113388,3.5
16,2,87,4.38771343231,3.5
16,2,88,3.52682590485,3.75
16,2,88,4.38225460052,3.75
16,2,89,3.47082543373,1.75
16,2,89,4.37400102615,1.75
16,2,90,2.83668088913,1.75
16,2,90,4.13372564316,1.75
16,2,91,4.29589176178,3.25
16,2,91,4.44326686859,3.25
16,2,92,4.68438482285,2.5
16,2,92,3.91979217529,2.5
16,2,93,4.64108037949,4.0
16,2,93,4.42927360535,4.0
16,2,94,4.78022050858,4.0
16,2,94,4.85561418533,4.0
16,2,95,3.53872704506,3.5
16,2,95,3.78327584267,3.5
16,2,96,3.77332997322,3.5
16,2,96,4.2000002861,3.5
16,2,97,4.70100975037,2.75
16,2,97,4.7416973114,2.75
16,2,98,4.76734781265,4.5
16,2,98,4.61207962036,4.5
16,2,99,4.29519796371,3.25
16,2,99,4.29589319229,3.25
16,2,100,5.00160312653,3.25
16,2,100,3.46245241165,3.25
16,2,101,4.33804798126,5.0
16,2,101,3.2044532299,5.0
16,2,102,3.56009554863,1.75
16,2,102,3.30897283554,1.75
16,2,103,3.42532229424,3.25
16,2,103,3.45699930191,3.25
16,2,104,3.40474104881,1.75
16,2,104,3.17254519463,1.75
16,2,105,3.50639390945,3.75
16,2,105,3.16786336899,3.75
16,2,106,4.23633623123,2.75
16,2,106,3.84195637703,2.75
16,2,107,4.11239767075,3.25
16,2,107,3.39315676689,3.25
16,2,108,3.0398414135,2.75
16,2,108,4.20339775085,2.75
16,2,109,4.99172973633,4.5
16,2,109,4.50957250595,4.5
16,2,110,4.69663619995,2.25
16,2,110,4.11513614655,2.25
16,2,111,4.68876123428,3.5
16,2,111,4.64595317841,3.5
16,2,112,4.64192581177,1.5
16,2,112,4.50950241089,1.5
16,2,113,4.56496620178,2.5
16,2,113,4.29914617538,2.5
16,2,114,4.91482210159,3.5
16,2,114,4.22639036179,3.5
16,2,115,4.88233184814,2.75
16,2,115,5.06406354904,2.75
16,2,116,4.61820840836,4.0
17,1,4,4.9906835556,2.75
17,1,4,3.15139603615,2.75
17,1,5,3.95065331459,2.75
17,1,5,3.3159635067,2.75
17,1,6,5.31872034073,2.75
17,1,6,3.42185711861,2.75
17,1,7,5.79615974426,2.75
17,1,7,1.55402076244,2.75
17,1,8,5.12026500702,2.75
17,1,8,4.56456422806,2.75
17,1,9,2.511251688,1.5
17,1,9,1.79425430298,1.5
17,1,10,4.47764444351,1.5
17,1,10,2.58602905273,1.5
17,1,12,4.03124284744,2.25
17,1,12,3.0881357193,2.25
17,1,17,2.64585757256,3.0
17,1,17,2.36316180229,3.0
17,1,18,4.79239082336,2.75
17,1,18,4.54207038879,2.75
17,1,19,6.74836015701,4.0
17,1,19,1.8264490366,4.0
17,1,20,6.44906997681,3.5
17,1,20,1.87443745136,3.5
17,1,21,3.18974089622,2.5
17,1,21,3.04685091972,2.5
17,1,22,3.13973522186,3.0
17,1,22,2.25487971306,3.0
17,1,23,5.74683380127,2.5
17,1,23,2.48111438751,2.5
17,1,24,5.02674245834,3.25
17,1,24,2.34697151184,3.25
17,1,25,7.69436407089,3.75
17,1,25,2.28033304214,3.75
17,1,26,6.66965007782,3.0
17,1,26,4.06374311447,3.0
17,1,27,4.8140335083,4.5
17,1,27,2.0909845829,4.5
17,1,29,4.64725542068,4.0
17,1,29,2.45955586433,4.0
17,1,30,5.16380977631,5.25
17,1,30,3.31050086021,5.25
17,1,31,4.59119939804,4.0
17,1,31,2.40357708931,4.0
17,1,32,6.86483860016,4.5
17,1,32,2.32063746452,4.5
17,1,33,6.17085027695,3.75
17,1,33,2.47170162201,3.75
17,1,34,5.7400393486,3.25
17,1,34,2.17852067947,3.25
17,1,35,4.68650865555,2.5
17,1,35,2.57211065292,2.5
17,1,36,3.79277634621,2.75
17,1,36,2.42816829681,2.75
17,1,37,6.43035125732,2.5
17,1,37,1.68947470188,2.5
17,1,38,4.11349916458,2.25
17,1,38,2.43797707558,2.25
17,1,39,5.11304235458,4.5
17,1,39,3.21499156952,4.5
17,1,40,4.5989522934,3.0
17,1,40,1.9482922554,3.0
17,1,41,3.25605773926,3.25
17,1,41,2.20899391174,3.25
17,1,42,4.66734695435,3.75
17,1,42,1.87920069695,3.75
17,1,43,3.61904406548,4.25
17,1,43,2.19179701805,4.25
17,1,44,5.10309553146,3.5
17,1,44,2.12703108788,3.5
17,1,45,5.24583911896,3.0
17,1,45,2.96605277061,3.0
17,1,46,4.79891395569,4.0
17,1,46,2.69471979141,4.0
17,1,51,6.67767763138,3.0
17,1,51,1.73312318325,3.0
17,1,52,6.91459321976,2.75
17,1,52,4.06948566437,2.75
17,1,53,4.76482343674,2.75
17,1,53,2.88404011726,2.75
17,1,54,4.59819698334,3.25
17,1,54,1.96456062794,3.25
17,1,55,4.0867857933,2.5
17,1,55,1.86025607586,2.5
17,1,56,5.87351417542,3.25
17,1,56,2.4904153347,3.25
17,1,59,5.6112947464,2.5
17,1,59,4.43373584747,2.5
17,1,60,6.19822072983,3.0
17,1,60,4.86476182938,3.0
17,1,61,3.77325773239,2.25
17,1,61,2.34271907806,2.25
17,1,62,3.46358728409,1.75
17,1,62,3.49335193634,1.75
17,1,63,3.4180085659,1.75
17,1,63,3.07374715805,1.75
17,1,64,4.24050807953,1.0
17,1,64,4.14600467682,1.0
17,1,65,4.73418521881,1.25
17,1,65,1.87871837616,1.25
17,1,67,6.19379281998,3.0
17,1,67,3.78026676178,3.0
17,1,68,5.99041986465,3.75
17,1,68,2.46543669701,3.75
17,1,69,3.36596751213,2.5
17,1,69,3.14025712013,2.5
17,1,72,6.60870552063,5.25
17,1,72,3.16134023666,5.25
17,1,73,4.49608755112,4.25
17,1,73,1.97872018814,4.25
17,1,74,6.91611480713,3.25
17,1,74,2.30333542824,3.25
17,1,75,4.76909065247,1.75
17,1,75,2.21215295792,1.75
17,1,76,5.85747146606,4.5
17,1,76,3.2445089817,4.5
17,1,77,6.54909038544,3.5
17,1,77,2.30015063286,3.5
17,1,78,4.52283525467,4.25
17,1,78,3.12005019188,4.25
17,1,79,8.17920684814,3.25
17,1,79,6.49335002899,3.25
17,1,80,4.15120744705,4.25
17,1,80,2.89957261086,4.25
17,1,81,5.13159513474,4.5
17,1,81,1.7766109705,4.5
17,1,82,6.95359373093,5.0
17,1,82,2.13112044334,5.0
17,1,83,6.19408035278,3.5
17,1,83,1.50311625004,3.5
17,1,84,6.77232933044,4.25
17,1,84,3.45921635628,4.25
17,1,85,4.32321500778,4.75
17,1,85,3.27895092964,4.75
17,1,86,7.12800455093,4.0
17,1,86,3.4019613266,4.0
17,1,87,7.26055002213,2.5
17,1,87,2.31524801254,2.5
17,1,88,6.31231880188,4.25
17,1,88,1.32051181793,4.25
17,1,89,8.05657482147,3.25
17,1,89,2.90322995186,3.25
17,1,90,6.32211351395,5.5
17,1,90,2.65219950676,5.5
17,1,91,5.41483449936,3.5
17,1,91,2.83592653275,3.5
17,1,92,5.62977313995,5.25
17,1,92,3.00386071205,5.25
17,1,93,4.1170091629,3.5
17,1,93,3.29827833176,3.5
17,1,94,5.85969209671,3.5
17,1,94,2.76495933533,3.5
17,1,95,5.57747602463,5.25
17,1,95,3.41814637184,5.25
17,1,96,4.55296897888,1.5
17,1,96,3.00684547424,1.5
17,1,97,5.95713758469,2.5
17,1,97,2.01007080078,2.5
17,1,98,4.56635761261,3.5
17,1,98,2.03136634827,3.5
17,1,99,4.61430072784,3.5
17,1,99,2.42489910126,3.5
17,1,100,5.94240379333,2.75
17,1,100,2.15302848816,2.75
17,1,101,4.86986303329,3.0
17,1,101,3.17649102211,3.0
17,1,102,3.91377139091,3.75
17,1,102,1.93111979961,3.75
17,1,104,3.87983417511,3.25
17,1,104,2.32808089256,3.25
17,1,105,6.10193634033,3.75
17,1,105,2.56347417831,3.75
17,1,106,8.8099899292,2.75
17,1,106,3.37997961044,2.75
17,1,107,6.69227600098,3.25
17,1,107,3.25159740448,3.25
17,1,108,6.62423181534,2.5
17,1,108,1.12667429447,2.5
17,1,109,4.77680206299,2.5
18,1,2,3.53464150429,4.25
18,1,2,4.0532374382,4.25
18,1,3,3.79906821251,2.25
18,1,3,4.2275929451,2.25
18,1,4,3.12522292137,3.0
18,1,4,4.03679037094,3.0
18,1,5,2.75635743141,1.5
18,1,5,4.15468358994,1.5
18,1,6,3.00778913498,3.5
18,1,6,4.0712223053,3.5
18,1,7,3.24280595779,2.5
18,1,7,4.11218595505,2.5
18,1,8,3.37064313889,2.25
18,1,8,4.46065616608,2.25
18,1,9,2.84052276611,2.0
18,1,9,4.35726594925,2.0
18,1,10,3.19790506363,1.75
18,1,10,4.06975746155,1.75
18,1,11,3.98866224289,5.75
18,1,11,4.20481538773,5.75
18,1,12,3.95053482056,6.0
18,1,12,4.22856092453,6.0
18,1,16,3.16570019722,2.33333
18,1,16,4.39906597137,2.33333
18,1,17,2.87721252441,3.0
18,1,17,4.29161548615,3.0
18,1,18,3.21505522728,2.75
18,1,18,4.44536590576,2.75
18,1,19,3.03171229362,2.75
18,1,19,3.86173057556,2.75
18,1,20,2.80292773247,2.75
18,1,20,4.64242124557,2.75
18,1,21,3.35693621635,2.5
18,1,21,4.5598077774,2.5
18,1,28,2.97057962418,3.25
18,1,28,4.20457601547,3.25
18,1,29,2.77046728134,3.75
18,1,29,4.18564748764,3.75
18,1,30,3.24062085152,2.75
18,1,30,4.23568105698,2.75
18,1,31,2.89627122879,3.75
18,1,31,4.22832107544,3.75
18,1,32,2.47959065437,1.25
18,1,32,4.11408519745,1.25
18,1,33,2.87629032135,1.0
18,1,33,4.10596513748,1.0
18,1,34,2.38945412636,2.25
18,1,34,4.06021213531,2.25
18,1,35,2.57778739929,2.25
18,1,35,4.01234531403,2.25
18,1,36,2.60282754898,2.25
18,1,36,3.90116882324,2.25
18,1,37,3.35887551308,2.75
18,1,37,3.99412941933,2.75
18,1,38,2.37192749977,3.5
18,1,38,3.92318797112,3.5
18,1,39,2.67194080353,4.0
18,1,39,3.95420074463,4.0
18,1,40,2.3996899128,4.0
18,1,40,4.12873125076,4.0
18,1,41,2.60593414307,4.0
18,1,41,4.10215759277,4.0
18,1,42,2.55951476097,2.5
18,1,42,4.03949069977,2.5
18,1,43,2.62973070145,4.25
18,1,43,3.66793417931,4.25
18,1,44,2.46598649025,2.5
18,1,44,3.55998778343,2.5
18,1,45,2.77889609337,4.75
18,1,45,3.97645425797,4.75
18,1,46,2.75491166115,2.25
18,1,46,3.7209944725,2.25
18,1,47,2.74326205254,1.75
18,1,47,3.43813681602,1.75
18,1,48,2.964168787,1.75
18,1,48,3.1445980072,1.75
18,1,49,3.01856517792,1.5
18,1,49,3.80128026009,1.5
18,1,50,2.78849220276,2.25
18,1,50,3.62378740311,2.25
18,1,51,2.63145375252,1.25
18,1,51,3.69168400764,1.25
18,1,53,2.5216012001,3.25
18,1,53,4.06885004044,3.25
18,1,54,3.34644126892,1.25
18,1,54,3.7508687973,1.25
18,1,55,2.93247008324,1.75
18,1,55,4.15325880051,1.75
18,1,56,2.98703718185,3.25
18,1,56,3.2659330368,3.25
18,1,59,2.95062065125,1.66667
18,1,59,4.31524085999,1.66667
18,1,60,2.93101668358,1.0
18,1,60,4.21508598328,1.0
18,1,61,2.62033748627,3.25
18,1,61,4.1482834816,3.25
18,1,62,3.01242184639,1.5
18,1,62,4.16050958633,1.5
18,1,64,2.76573300362,2.25
18,1,64,4.14003562927,2.25
18,1,65,2.73858475685,1.0
18,1,65,4.05027723312,1.0
18,1,66,2.68413257599,1.75
18,1,66,3.80833554268,1.75
18,1,67,2.72292876244,1.0
18,1,67,3.90648627281,1.0
18,1,68,2.76051473618,2.5
18,1,68,4.01462697983,2.5
18,1,74,2.39644503593,1.5
18,1,74,3.84996271133,1.5
18,1,75,2.6914908886,1.0
18,1,75,4.26574420929,1.0
18,1,76,3.17182445526,2.0
18,1,76,4.22025680542,2.0
18,1,77,3.22831869125,1.0
18,1,77,4.4115729332,1.0
18,1,78,3.24698996544,2.0
18,1,78,3.89450407028,2.0
18,1,79,2.43058657646,2.25
18,1,79,4.15204429626,2.25
18,1,80,2.47066664696,3.5
18,1,80,4.11190366745,3.5
18,1,81,2.6009349823,3.75
18,1,81,4.02681112289,3.75
18,1,82,2.98521852493,3.25
18,1,82,4.13256120682,3.25
18,1,84,2.76189351082,4.5
18,1,84,4.5331454277,4.5
18,1,85,2.77993583679,4.0
18,1,85,4.05976247787,4.0
18,1,90,2.56554436684,2.5
18,1,90,4.07003927231,2.5
18,1,91,2.52769970894,2.5
18,1,91,4.34708738327,2.5
18,1,92,2.59096240997,2.25
18,1,92,3.79415154457,2.25
18,1,93,2.23618483543,2.0
18,1,93,4.40200281143,2.0
18,1,94,2.27620244026,2.5
18,1,94,3.83738541603,2.5
18,1,95,2.33512639999,4.25
18,1,95,4.4375038147,4.25
18,1,96,2.64013886452,2.5
18,1,96,4.28062391281,2.5
18,1,97,2.39561724663,3.25
18,1,97,4.25126504898,3.25
18,1,98,2.53927016258,2.25
18,1,98,4.22562217712,2.25
18,1,99,2.93342399597,2.5
18,1,99,4.28900575638,2.5
18,1,100,2.68802690506,3.75
18,1,100,4.35584449768,3.75
18,1,101,2.40796256065,2.25
18,1,101,4.43203020096,2.25
18,1,102,2.45364761353,2.25
18,1,102,4.20605325699,2.25
18,1,103,2.52155160904,2.0
18,1,103,4.19248390198,2.0
18,1,104,2.35187888145,3.25
18,1,104,4.02544164658,3.25
18,1,105,2.3964073658,1.75
18,1,105,3.8816318512,1.75
18,1,109,2.43926858902,3.0
18,1,109,4.22375822067,3.0
18,1,111,2.70951080322,2.75
18,1,111,4.04872846603,2.75
18,1,112,2.42062902451,1.25
