3,1,1,0.0418335013092,3.875
3,1,1,-0.00222110003233,3.875
3,1,2,-0.00713204219937,4.5
3,1,2,-0.00760389585048,4.5
3,1,3,0.00366722722538,3.0
3,1,3,-0.0121187204495,3.0
3,1,4,-0.0203596130013,3.25
3,1,4,-0.0108057269827,3.25
3,1,5,-0.0352780520916,6.0
3,1,5,-0.0459278896451,6.0
3,1,6,-0.0319677218795,4.5
3,1,6,-0.028912441805,4.5
3,1,7,-0.0219243578613,4.75
3,1,7,-0.0328337401152,4.75
3,1,8,-0.0202061831951,3.5
3,1,8,-0.0203179195523,3.5
3,1,10,-0.0251052901149,2.875
3,1,10,-0.0230451077223,2.875
3,1,14,-0.0102564580739,3.75
3,1,14,0.0793323144317,3.75
3,1,15,-0.0227021835744,5.0
3,1,15,-0.00338882370852,5.0
3,1,16,-0.0208260398358,4.75
3,1,16,-0.00934770703316,4.75
3,1,17,-0.0252754949033,5.0
3,1,17,-0.0316922105849,5.0
3,1,18,-0.03114612028,3.75
3,1,18,-0.044340223074,3.75
3,1,20,-0.0375373214483,2.5
3,1,20,-0.043422434479,2.5
3,1,21,-0.0253381617367,4.5
3,1,21,-0.0273936018348,4.5
3,1,22,-0.0113717634231,4.83333
3,1,22,-0.0246711410582,4.83333
3,1,24,-0.0198903959244,4.5
3,1,24,-0.04529363662,4.5
3,1,25,-0.0208128988743,5.5
3,1,25,0.0257468447089,5.5
3,1,26,-0.0286668092012,4.0
3,1,26,0.0037699546665,4.0
3,1,27,-0.0204533133656,5.25
3,1,27,0.00524707697332,5.25
3,1,28,-0.0452720448375,4.75
3,1,28,-0.0214886032045,4.75
3,1,29,-0.0226076021791,1.25
3,1,29,-0.00745179830119,1.25
3,1,30,-0.0575121119618,4.5
3,1,30,-0.0105849122629,4.5
3,1,33,-0.0435634478927,3.0
3,1,33,-0.0130509976298,3.0
3,1,34,-0.0465665124357,4.125
3,1,34,-0.022566717118,4.125
3,1,35,-0.0360329188406,4.375
3,1,35,-0.0310675576329,4.375
3,1,40,-0.0310312081128,5.0
3,1,40,0.0203053243458,5.0
3,1,43,-0.0525782108307,4.0
3,1,43,-0.0182477496564,4.0
3,1,44,-0.047066166997,3.0
3,1,44,0.0464797839522,3.0
3,1,45,-0.0386158376932,4.25
3,1,45,0.0279935523868,4.25
3,1,46,-0.049700088799,5.0
3,1,46,0.0363463722169,5.0
3,1,47,-0.0503668710589,4.25
3,1,47,0.0263232178986,4.25
3,1,48,-0.0323901996017,2.5
3,1,48,0.00201314105652,2.5
3,1,49,-0.0391521528363,5.0
3,1,49,0.000713783840183,5.0
3,1,50,-0.0384713411331,4.66667
3,1,50,0.036893799901,4.66667
3,1,51,-0.0628822743893,4.5
3,1,51,0.00338944117539,4.5
3,1,52,-0.0406351238489,3.5
3,1,52,0.0297127701342,3.5
3,1,55,0.0079645421356,3.25
3,1,55,0.0257423222065,3.25
3,1,56,-0.012828335166,4.0
3,1,56,0.0117656495422,4.0
3,1,57,-0.0259903147817,4.875
3,1,57,0.0378311499953,4.875
3,1,58,-0.022094629705,4.5
3,1,58,0.0321515724063,4.5
3,1,59,-0.0182910077274,5.5
3,1,59,0.0724389851093,5.5
3,1,60,-0.0279111228883,5.5
3,1,60,0.0663451477885,5.5
3,1,61,-0.0142503697425,5.5
3,1,61,0.09213142097,5.5
3,1,62,-0.0124857472256,4.375
3,1,62,0.0270464085042,4.375
3,1,63,-0.0172343272716,4.75
3,1,63,0.0542924143374,4.75
3,1,64,-0.0387373901904,5.75
3,1,64,0.0803212374449,5.75
3,1,65,-0.0408533997834,6.25
3,1,65,0.077511228621,6.25
3,1,66,0.00690203066915,3.0
3,1,66,0.0207297541201,3.0
3,1,70,-0.0386495888233,2.75
3,1,70,0.022172998637,2.75
3,1,71,-0.0247751362622,2.0
3,1,71,-0.0058137960732,2.0
3,1,73,-0.0405676439404,3.0
3,1,73,-0.0110865579918,3.0
3,1,74,-0.0215116329491,4.0
3,1,74,-0.0434873402119,4.0
3,1,75,-0.0338887348771,4.0
3,1,75,-0.0416850410402,4.0
3,1,78,-0.0271518509835,5.25
3,1,78,-0.0373947843909,5.25
3,1,79,-0.0235802996904,5.25
3,1,79,0.0116279106587,5.25
3,1,80,-0.0334829650819,2.75
3,1,80,0.0183282494545,2.75
3,1,81,-0.0346478335559,2.75
3,1,81,0.0264781136066,2.75
3,1,82,-0.035706654191,3.0
3,1,82,0.0669809952378,3.0
3,1,83,-0.0504533275962,4.5
3,1,83,0.01015002653,4.5
3,1,84,-0.0526672191918,3.75
3,1,84,-0.00537932571024,3.75
3,1,85,-0.0519246049225,2.0
3,1,85,0.00347430771217,2.0
3,1,86,-0.041642986238,4.25
3,1,86,0.0178106166422,4.25
3,1,87,-0.0181873366237,4.25
3,1,87,-0.00683123525232,4.25
3,1,88,-0.0347523167729,4.0
3,1,88,-0.0172628462315,4.0
3,1,89,-0.021896250546,4.25
3,1,89,-0.0129025792703,4.25
3,1,90,-0.0198884680867,3.75
3,1,90,0.00610941741616,3.75
3,1,91,-0.0514057055116,4.0
3,1,91,0.0176987759769,4.0
3,1,92,-0.0499758459628,3.5
3,1,92,-0.0525298453867,3.5
3,1,93,-0.0358270518482,3.25
3,1,93,-0.0309306494892,3.25
3,1,94,-0.0434166118503,3.25
3,1,94,-0.0090107312426,3.25
3,1,95,-0.0454228073359,3.75
3,1,95,2.5242799893e-05,3.75
3,1,96,-0.0405099466443,3.875
3,1,96,-0.0103347674012,3.875
3,1,97,-0.0562210567296,1.25
3,1,97,0.032858017832,1.25
3,1,98,-0.0293611399829,1.75
3,1,98,0.0184483174235,1.75
3,1,99,-0.0369885750115,1.5
3,1,99,-0.0125574991107,1.5
3,1,100,-0.0351422987878,2.375
3,1,100,-0.0445129647851,2.375
3,1,101,-0.0318273678422,4.375
3,1,101,-0.0440136753023,4.375
3,1,102,-0.0272870026529,5.25
3,1,102,-0.0829725563526,5.25
3,1,103,-0.0436833165586,1.5
3,1,103,-0.00420520501211,1.5
3,1,104,-0.0496833324432,3.5
3,1,104,-0.0466994866729,3.5
3,1,105,-0.0364658497274,1.25
3,1,105,-0.0586280748248,1.25
3,1,106,-0.0267004929483,2.75
3,1,106,0.0312042608857,1.875
3,2,2,0.041079044342,1.875
3,2,2,0.0911743417382,3.25
3,2,5,0.0656660497189,3.25
3,2,5,0.0896827727556,5.25
3,2,6,0.0445626080036,5.25
3,2,6,0.113032110035,6.0
3,2,7,0.0806884616613,6.0
3,2,7,0.119611799717,6.0
3,2,8,0.070070669055,6.0
3,2,8,0.0970717817545,4.5
3,2,9,0.0169716272503,4.5
3,2,9,0.109449625015,4.0
3,2,10,0.0327431224287,4.0
3,2,10,0.0966079831123,4.125
3,2,11,0.0198464393616,4.125
3,2,11,0.10535608232,5.25
3,2,12,0.0334067046642,5.25
3,2,12,0.0885616540909,5.0
3,2,13,0.0272632949054,5.0
3,2,13,0.106292076409,3.75
3,2,14,0.0221151337028,3.75
3,2,14,-0.00266694277525,2.5
3,2,26,-0.0109744267538,2.5
3,2,26,0.000187257304788,4.0
3,2,27,-0.0403358787298,4.0
3,2,27,0.0222957022488,4.0
3,2,28,-0.0279679857194,4.0
3,2,28,0.0189479477704,4.0
3,2,29,-0.0359494797885,4.0
3,2,29,0.0241636894643,3.625
3,2,30,-0.0135181993246,3.625
3,2,30,0.000154741806909,3.25
3,2,31,-0.0222456306219,3.25
3,2,31,0.0272946543992,3.25
3,2,32,-0.0146999247372,3.25
3,2,32,0.00668244902045,3.5
3,2,34,-0.034962631762,3.5
3,2,34,0.0283106770366,3.875
3,2,35,-0.0443047657609,3.875
3,2,35,-0.0138325039297,2.75
3,2,36,-0.0457833521068,2.75
3,2,36,-0.0224598236382,2.25
3,2,37,-0.00445383507758,2.25
3,2,37,0.0243087429553,3.25
3,2,38,-0.0255790613592,3.25
3,2,38,-0.00278485938907,4.25
3,2,39,-0.0253100432456,4.25
3,2,39,0.00537299085408,2.75
3,2,40,-0.0169741753489,2.75
3,2,40,0.0329761132598,3.5
3,2,41,-0.0510540679097,3.5
3,2,41,0.00084613810759,2.5
3,2,42,-0.0314341783524,2.5
3,2,42,-0.02114469558,4.0
3,2,43,-0.0310170352459,4.0
3,2,43,0.00298329908401,5.0
3,2,44,-2.17157648876e-05,5.0
3,2,44,-0.0272141434252,3.25
3,2,45,-0.0501757338643,3.25
3,2,45,-0.0412029027939,4.5
3,2,46,-0.0333231464028,4.5
3,2,46,-0.0419273413718,3.875
3,2,47,-0.0324032194912,3.875
3,2,47,0.035263504833,4.25
3,2,48,-0.0212631933391,4.25
3,2,48,0.00807490944862,3.75
3,2,50,-0.0331295393407,3.75
3,2,50,0.00955626554787,4.0
3,2,51,-0.00993289146572,4.0
3,2,51,0.00856288149953,1.5
3,2,52,-0.0470088645816,1.5
3,2,52,0.0118026891723,4.5
3,2,53,-0.0469942577183,4.5
3,2,53,0.0344038158655,3.33333
3,2,55,-0.00791804492474,3.33333
3,2,55,0.0391516685486,4.25
3,2,56,-0.0411569997668,4.25
3,2,56,-0.0143044637516,2.25
3,2,59,0.0364540889859,2.25
3,2,59,0.0524523630738,3.75
3,2,60,0.0508630089462,3.75
3,2,60,0.0204224679619,4.375
3,2,61,0.0154756335542,4.375
3,2,61,0.0648814812303,5.25
3,2,62,0.0224386118352,5.25
3,2,62,0.0176264550537,1.25
3,2,63,0.0165409967303,1.25
3,2,63,0.0272483676672,2.375
3,2,64,0.0144764464349,2.375
3,2,64,0.0789349451661,3.75
3,2,66,0.00903213769197,3.75
3,2,66,0.0478495880961,5.25
3,2,67,0.000739793933462,5.25
3,2,67,0.0777833759785,5.5
3,2,68,0.00924396794289,5.5
3,2,68,0.0649167075753,1.25
3,2,69,0.0166458971798,1.25
3,2,69,0.0413048714399,3.66667
3,2,70,0.0209304280579,3.66667
3,2,70,0.0626700296998,2.375
3,2,71,0.0119047760963,2.375
3,2,71,0.0218288302422,3.75
3,2,73,0.0103128766641,3.75
3,2,73,0.00723551167175,2.75
3,2,78,-0.0117150666192,2.75
3,2,78,0.026849783957,3.75
3,2,79,-0.0137523477897,3.75
3,2,79,0.0536725334823,4.75
3,2,80,-0.018877338618,4.75
3,2,80,0.0265119411051,4.375
3,2,81,-0.0458716638386,4.375
3,2,81,0.0112140607089,3.25
3,2,82,-0.0645354092121,3.25
3,2,82,0.04645036906,4.25
3,2,83,-0.0290755555034,4.25
3,2,83,0.0351503901184,4.0
3,2,84,-0.0321276262403,4.0
3,2,84,0.0260763727129,3.25
3,2,85,-0.062710672617,3.25
3,2,85,0.0249449070543,2.75
3,2,86,-0.0195745266974,2.75
3,2,