3,1,47,9.37267971039,4.25
3,1,47,9.37666606903,4.25
3,1,10,10.9212608337,2.875
3,1,10,10.9255056381,2.875
3,1,101,6.97478961945,4.375
3,1,101,6.97256660461,4.375
3,1,64,9.39159584045,5.75
3,1,64,9.39251041412,5.75
3,1,45,8.57699584961,4.25
3,1,45,8.57789039612,4.25
3,1,8,9.7881193161,3.5
3,1,8,9.78343677521,3.5
3,1,99,5.6322760582,1.5
3,1,99,5.62739849091,1.5
3,1,94,5.18635177612,3.25
3,1,94,5.19049739838,3.25
3,1,43,6.97336006165,4.0
3,1,43,6.96958732605,4.0
3,1,6,10.011639595,4.5
3,1,6,10.0133924484,4.5
3,1,97,5.67612361908,1.25
3,1,97,5.6813659668,1.25
3,1,92,8.33848762512,3.5
3,1,92,8.3348197937,3.5
3,1,41,4.00327205658,3.25
3,1,41,4.01333808899,3.25
3,1,4,10.608130455,3.25
3,1,4,10.6124744415,3.25
3,1,90,6.47376918793,3.75
3,1,90,6.47447681427,3.75
3,1,39,9.46505737305,5.75
3,1,39,9.46625709534,5.75
3,1,2,3.58866906166,4.5
3,1,2,3.58703660965,4.5
3,1,88,5.65797948837,4.0
3,1,88,5.66125869751,4.0
3,1,37,8.73450183868,3.125
3,1,37,8.72854995728,3.125
3,1,86,6.49345493317,4.25
3,1,86,6.48995304108,4.25
3,1,35,8.02808189392,4.375
3,1,35,8.01963615417,4.375
3,1,30,4.18521642685,4.5
3,1,30,4.18475246429,4.5
3,1,84,6.68164825439,3.75
3,1,84,6.66788101196,3.75
3,1,33,7.41976547241,3.0
3,1,33,7.41998147964,3.0
3,1,28,9.61844062805,4.75
3,1,28,9.61838912964,4.75
3,1,82,7.09383964539,3.0
3,1,82,7.08630275726,3.0
3,1,63,8.85237026215,4.75
3,1,63,8.85407924652,4.75
3,1,26,9.38144207001,4.0
3,1,26,9.38230895996,4.0
3,1,80,6.65614128113,2.75
3,1,80,6.65482378006,2.75
3,1,61,9.85101890564,5.5
3,1,61,9.84879684448,5.5
3,1,24,8.84407234192,4.5
3,1,24,8.84318161011,4.5
3,1,59,9.49332427979,5.5
3,1,59,9.50377082825,5.5
3,1,22,9.71576499939,4.83333
3,1,22,9.71258163452,4.83333
3,1,57,10.5924568176,4.875
3,1,57,10.5924110413,4.875
3,1,20,5.741751194,2.5
3,1,20,5.74180030823,2.5
3,1,79,6.57414007187,5.25
3,1,79,6.57072162628,5.25
3,1,55,5.24874591827,3.25
3,1,55,5.24587583542,3.25
3,1,18,8.14851379395,3.75
3,1,18,8.15023040771,3.75
3,1,77,7.6602640152,4.5
3,1,77,7.65975093842,4.5
3,1,16,7.99024486542,4.75
3,1,16,7.98825502396,4.75
3,1,75,7.52130413055,4.0
3,1,75,7.50916290283,4.0
3,1,51,6.43316602707,4.5
3,1,51,6.43712425232,4.5
3,1,73,6.21567630768,3.0
3,1,73,6.21816253662,3.0
3,1,49,9.0097026825,5.0
3,1,49,9.00518035889,5.0
3,1,108,6.57354259491,2.25
3,1,108,6.57030963898,2.25
3,1,71,5.40291118622,2.0
3,1,71,5.40188598633,2.0
3,1,15,8.95158290863,5.0
3,1,15,8.95076560974,5.0
3,1,106,4.35382080078,2.75
3,1,106,4.35650253296,2.75
3,1,104,5.96424245834,3.5
3,1,104,5.9755563736,3.5
3,1,102,6.96475028992,5.25
3,1,102,6.96492433548,5.25
3,1,65,7.48733568192,6.25
3,1,65,7.48283481598,6.25
3,1,46,6.05998706818,5.0
3,1,46,6.06161928177,5.0
3,1,9,7.87218952179,2.75
3,1,9,7.87070703506,2.75
3,1,100,6.95114994049,2.375
3,1,100,6.95196723938,2.375
3,1,95,7.60986709595,3.75
3,1,95,7.60765647888,3.75
3,1,44,4.35339307785,3.0
3,1,44,4.35184001923,3.0
3,1,7,12.5317516327,4.75
3,1,7,12.5312747955,4.75
3,1,98,4.60788726807,1.75
3,1,98,4.60875654221,1.75
3,1,93,6.45996522903,3.25
3,1,93,6.46029567719,3.25
3,1,5,11.8435382843,6.0
3,1,5,11.8446865082,6.0
3,1,96,7.66591739655,3.875
3,1,96,7.66420412064,3.875
3,1,91,8.13453865051,4.0
3,1,91,8.13210296631,4.0
3,1,40,6.54838275909,5.0
3,1,40,6.54642820358,5.0
3,1,3,8.24840450287,3.0
3,1,3,8.25185108185,3.0
3,1,89,7.49662876129,4.25
3,1,89,7.49066925049,4.25
3,1,38,8.3447933197,4.5
3,1,38,8.34704494476,4.5
3,1,1,4.48520374298,3.875
3,1,1,4.48564720154,3.875
3,1,87,7.50524282455,4.25
3,1,87,7.50376701355,4.25
3,1,36,7.45630073547,3.5
3,1,36,7.45042991638,3.5
3,1,31,5.68050527573,3.66667
3,1,31,5.67995882034,3.66667
3,1,85,6.5708360672,2.0
3,1,85,6.56748485565,2.0
3,1,34,9.7953119278,4.125
3,1,34,9.7915802002,4.125
3,1,29,9.56866168976,1.25
3,1,29,9.56809806824,1.25
3,1,83,9.01697349548,4.5
3,1,83,9.02144527435,4.5
3,1,32,4.59426355362,4.5
3,1,32,4.59230899811,4.5
3,1,27,7.51145744324,5.25
3,1,27,7.51478385925,5.25
3,1,81,8.54203128815,2.75
3,1,81,8.54414367676,2.75
3,1,62,10.0864887238,4.375
3,1,62,10.0859117508,4.375
3,1,25,13.637172699,5.5
3,1,25,13.6392536163,5.5
3,1,60,10.2426767349,5.5
3,1,60,10.2471313477,5.5
3,1,23,7.62942314148,3.875
3,1,23,7.62895488739,3.875
3,1,58,7.29648256302,4.5
3,1,58,7.29521942139,4.5
3,1,21,10.9063434601,4.5
3,1,21,10.9041748047,4.5
3,1,56,3.8818397522,4.0
3,1,56,3.8776717186,4.0
3,1,19,7.62308835983,4.125
3,1,19,7.61957216263,4.125
3,1,78,7.67297315598,5.25
3,1,78,7.67490577698,5.25
3,1,17,10.2658720016,5.0
3,1,17,10.2677354813,5.0
3,1,76,7.8967666626,4.0
3,1,76,7.89708566666,4.0
3,1,52,9.24879646301,3.5
3,1,52,9.2493391037,3.5
3,1,74,7.89824295044,4.0
3,1,74,7.90092802048,4.0
3,1,50,7.16106033325,4.66667
3,1,50,7.16384267807,4.66667
3,1,48,9.03955459595,2.5
3,1,48,9.03451251984,2.5
3,1,107,5.53539419174,5.25
3,1,107,5.54203224182,5.25
3,1,70,5.31773853302,2.75
3,1,70,5.32160711288,2.75
3,1,14,5.79371070862,3.75
3,1,14,5.7906370163,3.75
3,1,105,3.298361063,1.25
3,1,105,3.30103826523,1.25
3,1,103,3.5743560791,1.5
3,1,103,3.57464647293,1.5
3,1,66,5.29619789124,3.0
3,1,66,5.29608774185,3.0
3,2,82,3.10428571701,3.25
3,2,82,3.10212421417,3.25
3,2,61,8.92210292816,4.375
3,2,61,8.92723083496,4.375
3,2,80,6.45218896866,4.75
3,2,80,6.45317363739,4.75
3,2,30,0.621013045311,3.625
3,2,30,0.619400501251,3.625
3,2,35,2.09324550629,3.875
3,2,35,2.09655785561,3.875
3,2,86,3.6870970726,2.75
3,2,86,3.68760919571,2.75
3,2,28,1.87858486176,4.0
3,2,28,1.87778067589,4.0
3,2,33,7.228723526,5.0
3,2,33,7.23009204865,5.0
3,2,84,2.30253601074,4.0
3,2,84,2.3015730381,4.0
3,2,2,4.39307451248,1.875
3,2,2,4.39219474792,1.875
3,2,39,6.55222797394,4.25
3,2,39,6.55336380005,4.25
3,2,90,5.00397062302,4.25
3,2,90,5.00346899033,4.25
3,2,37,4.83058547974,2.25
3,2,37,4.83122205734,2.25
3,2,88,7.97827625275,4.0
3,2,88,7.97621536255,4.0
3,2,6,6.71049499512,5.25
3,2,6,6.71304988861,5.25
3,2,43,3.48936080933,4.0
3,2,43,3.49090957642,4.0
3,2,94,8.81295013428,3.75
3,2,94,8.81212902069,3.75
3,2,99,6.93581199646,2.625
3,2,99,6.93784189224,2.625
3,2,41,7.31629943848,3.5
3,2,41,7.31825733185,3.5
3,2,92,3.74050712585,3.25
3,2,92,3.73811101913,3.25
3,2,97,5.92671203613,5.0
3,2,97,5.92645645142,5.0
3,2,10,6.92636585236,4.0
3,2,10,6.92646789551,4.0
3,2,47,3.72109413147,3.875
3,2,47,3.72072076797,3.875
3,2,66,5.81026124954,3.75
3,2,66,5.81015443802,3.75
3,2,103,7.40364217758,4.0
3,2,103,7.39760541916,4.0
3,2,8,6.35850763321,6.0
3,2,8,6.35835933685,6.0
3,2,45,4.01226568222,3.25
3,2,45,4.00998497009,3.25
3,2,64,4.52583026886,2.375
3,2,64,4.52550888062,2.375
3,2,101,6.39038562775,3.125
3,2,101,6.38879442215,3.125
3,2,14,5.45659351349,3.75
3,2,14,5.45671463013,3.75
3,2,70,6.07300901413,3.66667
3,2,70,6.07537555695,3.66667
3,2,107,2.37394022942,4.625
3,2,107,2.36878204346,4.625
3,2,12,9.81125259399,5.25
3,2,12,9.81952953339,5.25
3,2,68,5.54469680786,5.5
3,2,68,5.58303260803,5.5
3,2,105,5.2696428299,3.5
3,2,105,5.29821300507,3.5
3,2,50,8.77352237701,3.75
3,2,50,8.7726392746,3.75
3,2,74,6.89822673798,3.25
3,2,74,6.89698410034,3.25
3,2,111,7.29116725922,3.5
3,2,111,7.29440498352,3.5
3,2,48,2.39724850655,4.25
3,2,48,2.40049219131,4.25
3,2,109,3.53948259354,1.95833
3,2,109,3.54210734367,1.95833
3,2,78,10.003569603,2.75
3,2,78,10.0025625229,2.75
3,2,52,5.19203567505,1.5
3,2,52,5.19252872467,1.5
3,2,56,6.41459369659,4.25
3,2,56,6.4156165123,4.25
3,2,112,3.66499376297,4.0
3,2,112,3.66787648201,4.0
3,2,62,8.05286693573,5.25
3,2,62,8.05069923401,5.25
3,2,27,7.15325975418,4.0
3,2,27,7.1560292244,4.0
3,2,60,4.08317136765,3.75
3,2,60,4.08008289337,3.75
3,2,83,7.42104244232,4.25
3,2,83,7.4208111763,4.25
3,2,34,4.66900777817,3.5
3,2,34,4.66924858093,3.5
3,2,81,6.09543704987,4.375
3,2,81,6.09245586395,4.375
3,2,31,5.99667930603,3.25
3,2,31,5.99725675583,3.25
3,2,32,6.81671619415,3.25
3,2,32,6.81002807617,3.25
3,2,87,3.06800699234,3.75
3,2,87,3.06206941605,3.75
3,2,29,2.77898049355,4.0
3,2,29,2.77971124649,4.0
3,2,38,9.48748207092,3.25
3,2,38,9.48826026917,3.25
3,2,85,4.25887680054,3.25
3,2,85,4.2633190155,3.25
3,2,36,5.29987573624,2.75
3,2,36,5.30073738098,2.75
3,2,91,7.49262809753,4.5
3,2,91,7.49156188965,4.5
3,2,42,1.32161688805,2.5
3,2,42,1.32082748413,2.5
3,2,89,7.66686725616,3.25
3,2,89,7.67184829712,3.25
3,2,98,7.61763763428,4.5
3,2,98,7.63613891602,4.5
3,2,7,4.85212516785,6.0
3,2,7,4.85339975357,6.0
3,2,40,6.28935146332,2.75
3,2,40,6.29014873505,2.75
3,2,95,2.68739771843,1.5
3,2,95,2.68801903725,1.5
3,2,96,4.37976360321,3.125
3,2,96,4.38215732574,3.125
3,2,5,5.52655410767,3.25
3,2,5,5.52629232407,3.25
3,2,46,3.32152557373,4.5
3,2,46,3.3221719265,4.5
3,2,93,8.43313407898,5.0
3,2,93,8.42674541473,5.0
3,2,102,6.81083488464,2.0
3,2,102,6.80492401123,2.0
3,2,11,6.24432373047,4.125
3,2,11,6.25249528885,4.125
3,2,44,1.69868981838,5.0
3,2,44,1.69670927525,5.0
3,2,67,9.77381134033,5.25
3,2,67,9.77512073517,5.25
3,2,100,4.82289123535,1.25
3,2,100,4.82098913193,1.25
3,2,9,6.98928022385,4.5
3,2,9,6.99562883377,4.5
3,2,65,4.62891054153,3.0
3,2,65,4.63133335114,3.0
3,2,106,5.56503629684,3.875
3,2,106,5.56117916107,3.875
3,2,71,5.7925028801,2.375
3,2,71,5.79107570648,2.375
3,2,104,1.62679648399,3.5
3,2,104,1.63265669346,3.5
3,2,13,10.0449867249,5.0
3,2,13,10.0446605682,5.0
3,2,69,1.65994083881,1.25
3,2,69,1.65870571136,1.25
3,2,110,5.8417263031,4.25
3,2,110,5.84143972397,4.25
3,2,51,8.05767440796,4.0
3,2,51,8.05746364594,4.0
3,2,108,4.24749088287,4.0
3,2,108,4.25264453888,4.0
3,2,49,4.4262919426,2.75
3,2,49,4.4261674881,2.75
3,2,73,6.90739250183,3.75
3,2,73,6.90960359573,3.75
3,2,55,7.56454372406,3.33333
3,2,55,7.56181430817,3.33333
3,2,79,4.35078430176,3.75
3,2,79,4.35506916046,3.75
3,2,53,6.05174636841,4.5
3,2,53,6.0503153801,4.5
3,2,77,7.15969276428,2.25
3,2,77,7.15797328949,2.25
3,2,59,5.90461444855,2.25
3,2,59,5.90212774277,2.25
3,2,113,5.15469741821,3.0
3,2,113,5.15206050873,3.0
3,2,26,2.3210606575,2.5
3,2,26,2.31939721107,2.5
3,2,63,1.78637444973,1.25
3,2,63,1.78159511089,1.25
4,1,29,1.74514532089,3.0
4,1,29,1.78911328316,3.0
4,1,58,5.19074678421,2.25
4,1,58,5.18924617767,2.25
4,1,85,3.8370308876,2.5
4,1,85,3.82471084595,2.5
4,1,114,3.32443642616,1.5
4,1,114,3.32638072968,1.5
4,1,31,0.632433474064,2.25
4,1,31,0.641046881676,2.25
4,1,36,-1.04763293266,0.875
4,1,36,-1.05350697041,0.875
4,1,87,3.1050901413,3.25
4,1,87,3.1012365818,3.25
4,1,25,-0.571295380592,1.5
4,1,25,-0.558689951897,1.5
4,1,38,2.1179587841,2.5
4,1,38,2.10980272293,2.5
4,1,81,2.60741424561,3.0
4,1,81,2.61088132858,3.0
4,1,27,0.203153371811,2.75
4,1,27,0.203321993351,2.75
4,1,32,0.745974302292,1.5
4,1,32,0.735882520676,1.5
4,1,83,1.6795501709,3.25
4,1,83,1.69581317902,3.25
4,1,5,-0.653547644615,1.0
4,1,5,-0.680475592613,1.0
4,1,34,0.313553720713,1.5
4,1,34,0.314964234829,1.5
4,1,93,4.7990322113,3.0
4,1,93,4.7837061882,3.0
4,1,7,-1.23283302784,1.75
4,1,7,-1.2398788929,1.75
4,1,95,2.95871162415,3.5
4,1,95,2.9846777916,3.5
4,1,100,3.03601646423,0.75
4,1,100,3.04696750641,0.75
4,1,46,5.81612586975,3.75
4,1,46,5.81657743454,3.75
4,1,89,3.04103326797,1.75
4,1,89,3.03622102737,1.75
4,1,102,2.24838471413,1.5
4,1,102,2.25482010841,1.5
4,1,3,0.920502305031,3.5
4,1,3,0.957057714462,3.5
4,1,40,5.90952920914,4.0
4,1,40,5.89861440659,4.0
4,1,91,2.70713973045,2.25
4,1,91,2.69526290894,2.25
4,1,96,3.90806818008,2.75
4,1,96,3.90402507782,2.75
4,1,13,-0.0614763721824,1.5
4,1,13,-0.0685523152351,1.5
4,1,42,2.25578951836,1.75
4,1,42,2.26148939133,1.75
4,1,69,6.66174125671,5.5
4,1,69,6.66756439209,5.5
4,1,98,4.66478347778,3.25
4,1,98,4.68039226532,3.25
4,1,15,1.64217638969,0.75
4,1,15,1.65254878998,0.75
4,1,71,6.39490413666,2.125
4,1,71,6.39580154419,2.125
4,1,108,4.26229095459,3.25
4,1,108,4.26821184158,3.25
4,1,9,-1.30935299397,1.0
4,1,9,-1.33182239532,1.0
4,1,65,4.42261219025,4.75
4,1,65,4.42513656616,4.75
4,1,110,3.96989250183,4.0
4,1,110,3.98761749268,4.0
4,1,11,0.827767014503,1.0
4,1,11,0.823120474815,1.0
4,1,67,4.25891494751,1.75
4,1,67,4.29704666138,1.75
4,1,104,2.97148799896,1.25
4,1,104,2.97061133385,1.25
4,1,53,5.91630649567,2.5
4,1,53,5.91836214066,2.5
4,1,77,5.99758386612,2.625
4,1,77,6.00145530701,2.625
4,1,106,3.04944634438,2.125
4,1,106,3.02866983414,2.125
4,1,55,6.25126218796,2.5
4,1,55,6.24719524384,2.5
4,1,79,5.77905654907,6.75
4,1,79,5.77913045883,6.75
4,1,49,6.38485145569,4.25
4,1,49,6.38089799881,4.25
4,1,73,5.64906024933,4.25
4,1,73,5.65763187408,4.25
4,1,22,0.696781277657,1.25
4,1,22,0.681914567947,1.25
4,1,51,5.37662220001,2.75
4,1,51,5.37111902237,2.75
4,1,75,5.44785690308,4.75
4,1,75,5.44951057434,4.75
4,1,16,-0.469936877489,1.0
4,1,16,-0.447326302528,1.0
4,1,117,4.12784004211,1.25
4,1,117,4.12240314484,1.25
4,1,63,-1.22142839432,1.0
4,1,63,-1.22824549675,1.0
4,1,28,2.73628854752,2.625
4,1,28,2.72261810303,2.625
4,1,57,6.24901676178,2.75
4,1,57,6.25066423416,2.75
4,1,84,2.21149396896,2.5
4,1,84,2.22296571732,2.5
4,1,113,3.55414628983,3.25
4,1,113,3.58886194229,3.25
4,1,30,1.01518952847,1.125
4,1,30,1.00783622265,1.125
4,1,59,4.26540088654,1.875
4,1,59,4.27262401581,1.875
4,1,86,1.31019663811,1.66667
4,1,86,1.30496025085,1.66667
4,1,115,3.17722177505,3.5
4,1,115,3.18749189377,3.5
4,1,24,1.27297496796,2.0
4,1,24,1.26406538486,2.0
4,1,37,4.50617218018,2.25
4,1,37,4.51220703125,2.25
4,1,80,2.94944095612,3.5
4,1,80,2.94404530525,3.5
4,1,26,4.79766750336,4.375
4,1,26,4.79905366898,4.375
4,1,39,4.88702297211,2.5
4,1,39,4.88191413879,2.5
4,1,82,4.52615404129,6.5
4,1,82,4.51231098175,6.5
4,1,4,-0.550360202789,1.5
4,1,4,-0.548160016537,1.5
4,1,33,0.0392463058233,1.5
4,1,33,0.0398854166269,1.5
4,1,92,1.90254378319,2.0
4,1,92,1.90673232079,2.0
4,1,6,0.222282484174,1.5
4,1,6,0.22048728168,1.5
4,1,35,1.44029450417,1.75
4,1,35,1.43540656567,1.75
4,1,94,1.88179588318,1.5
4,1,94,1.85966062546,1.5
4,1,45,3.57033419609,2.125
4,1,45,3.57095503807,2.125
4,1,88,2.87752842903,1.5
4,1,88,2.89565992355,1.5
4,1,101,1.17938756943,3.875
4,1,101,1.19466423988,3.875
4,1,47,4.87451171875,2.125
4,1,47,4.88106679916,2.125
4,1,90,4.10035610199,1.375
4,1,90,4.12277698517,1.375
4,1,103,4.05650615692,1.0
4,1,103,4.05057144165,1.0
4,1,12,0.0248507335782,2.5
4,1,12,0.00608329894021,2.5
4,1,41,5.95742177963,2.5
4,1,41,5.94603776932,2.5
4,1,68,5.17533254623,5.5
4,1,68,5.18285131454,5.5
4,1,97,2.39055871964,1.625
4,1,97,2.39799356461,1.625
4,1,70,4.27354240417,5.25
4,1,70,4.26886177063,5.25
4,1,99,4.70153284073,2.375
4,1,99,4.70137166977,2.375
4,1,8,-0.864856302738,0.75
4,1,8,-0.865099847317,0.75
4,1,64,6.0418753624,3.5
4,1,64,6.05360126495,3.5
4,1,109,3.10170698166,2.75
4,1,109,3.10756874084,2.75
4,1,10,-0.748357832432,3.0
4,1,10,-0.730265617371,3.0
4,1,66,-0.960563063622,1.0
4,1,66,-0.966876268387,1.0
4,1,111,3.66013145447,3.5
4,1,111,3.66491031647,3.5
4,1,52,7.16439437866,3.25
4,1,52,7.15894508362,3.25
4,1,105,4.69135046005,3.625
4,1,105,4.69342374802,3.625
4,1,54,4.97949075699,3.375
4,1,54,4.99358177185,3.375
4,1,78,2.60199356079,3.25
4,1,78,2.61710929871,3.25
4,1,48,4.59962463379,1.5
4,1,48,4.59855079651,1.5
4,1,72,2.67811131477,2.375
4,1,72,2.69004583359,2.375
4,1,50,5.18365430832,2.0
4,1,50,5.17922544479,2.0
4,1,74,4.52121162415,3.5
4,1,74,4.51874160767,3.5
4,1,23,-1.13664186001,1.0
4,1,23,-1.14167809486,1.0
4,1,116,5.28453636169,1.75
4,1,116,5.28354740143,1.75
4,1,118,4.06080341339,4.5
4,1,118,4.05416965485,4.5
4,1,56,5.25192975998,2.0
4,1,56,5.24572467804,2.0
4,1,112,4.35766506195,1.0
4,1,112,4.34397602081,1.0
7,1,40,10.5598011017,5.5
7,1,40,10.4720392227,5.5
7,1,3,6.38588476181,4.75
7,1,3,6.76602649689,4.75
7,1,102,4.99720239639,4.25
7,1,102,5.10899734497,4.25
7,1,46,9.10427093506,4.0
7,1,46,9.24678993225,4.0
7,1,1,6.11274147034,3.5
7,1,1,5.86678504944,3.5
7,1,44,7.10321426392,6.25
7,1,44,6.84739971161,6.25
7,1,7,7.24842023849,2.25
7,1,7,6.77462768555,2.25
7,1,90,6.89529848099,4.0
7,1,90,7.04694747925,4.0
7,1,34,8.01088523865,5.5
7,1,34,8.35381126404,5.5
7,1,5,5.97385978699,4.75
7,1,5,5.79715538025,4.75
7,1,88,6.5652680397,6.5
7,1,88,6.3422627449,6.5
7,1,32,8.44577121735,3.75
7,1,32,8.98034381866,3.75
7,1,94,6.92265605927,3.0
7,1,94,6.80938720703,3.0
7,1,38,5.60638141632,3.5
7,1,38,6.16460800171,3.5
7,1,92,5.75354719162,5.75
7,1,92,5.790995121,5.75
7,1,36,4.54960727692,4.25
7,1,36,4.60234451294,4.25
7,1,82,6.92196750641,5.25
7,1,82,6.85635280609,5.25
7,1,26,9.53759384155,3.0
7,1,26,9.74601745605,3.0
7,1,80,6.59814929962,2.0
7,1,80,6.39120578766,2.0
7,1,24,7.65578174591,5.0
7,1,24,7.73363542557,5.0
7,1,86,7.80278587341,3.25
7,1,86,7.71698474884,3.25
7,1,59,6.90668296814,5.25
7,1,59,6.81346416473,5.25
7,1,30,5.7937874794,3.0
7,1,30,5.853931427,3.0
7,1,84,5.15953540802,4.75
7,1,84,5.38223743439,4.75
7,1,57,7.91900396347,4.25
7,1,57,7.85535049438,4.25
7,1,28,8.71987247467,5.25
7,1,28,8.1167755127,5.25
7,1,74,8.03931808472,4.25
7,1,74,7.42961597443,4.25
7,1,63,6.30979442596,5.5
7,1,63,6.1737947464,5.5
7,1,18,9.03695869446,6.0
7,1,18,8.37647628784,6.0
7,1,72,6.27957344055,2.0
7,1,72,6.83059024811,2.0
7,1,61,7.491522789,5.0
7,1,61,7.78417301178,5.0
7,1,107,4.52183485031,4.0
7,1,107,4.8690199852,4.0
7,1,78,3.95548582077,4.0
7,1,78,4.34759140015,4.0
7,1,51,8.41550254822,3.5
7,1,51,8.42453575134,3.5
7,1,22,6.34470319748,3.75
7,1,22,6.48041439056,3.75
7,1,105,6.36223125458,4.75
7,1,105,6.75137615204,4.75
7,1,76,7.80652713776,2.75
7,1,76,8.12299346924,2.75
7,1,49,8.07708835602,4.5
7,1,49,7.94651269913,4.5
7,1,20,8.27149009705,5.25
7,1,20,7.93580341339,5.25
7,1,66,3.89906024933,4.25
7,1,66,4.1089515686,4.25
7,1,55,4.92032814026,2.5
7,1,55,5.25173473358,2.5
7,1,10,6.63014507294,2.75
7,1,10,6.58265161514,2.75
7,1,109,4.8160238266,6.25
7,1,109,4.67224502563,6.25
7,1,64,4.79686450958,5.0
7,1,64,4.57390356064,5.0
7,1,53,9.11902236938,5.5
7,1,53,9.0571975708,5.5
7,1,8,7.09808921814,4.5
7,1,8,7.19256734848,4.5
7,1,70,5.55919027328,5.5
7,1,70,5.70913219452,5.5
7,1,43,8.94812202454,3.5
7,1,43,8.59049034119,3.5
7,1,14,3.47678375244,1.75
7,1,14,3.87446594238,1.75
7,1,97,3.53830480576,5.5
7,1,97,3.74039983749,5.5
7,1,68,4.96898889542,4.25
7,1,68,4.19771671295,4.25
7,1,41,8.33467674255,4.75
7,1,41,8.24233436584,4.75
7,1,12,2.66959428787,5.0
7,1,12,2.89964485168,5.0
7,1,103,5.3454580307,3.25
7,1,103,5.15250396729,3.25
7,1,47,9.90312957764,4.5
7,1,47,9.89153385162,4.5
7,1,2,6.65439414978,5.5
7,1,2,6.59862995148,5.5
7,1,101,5.84629583359,4.0
7,1,101,6.04065704346,4.0
7,1,45,8.6695432663,4.5
7,1,45,8.53281879425,4.5
7,1,35,7.4503698349,6.0
7,1,35,7.65690422058,6.0
7,1,89,6.39668512344,5.25
7,1,89,6.23748683929,5.25
7,1,33,7.65462875366,4.75
7,1,33,7.75990581512,4.75
7,1,4,7.92170238495,3.25
7,1,4,8.02610111237,3.25
7,1,95,6.35467100143,4.75
7,1,95,7.07930088043,4.75
7,1,39,7.82169818878,5.5
7,1,39,7.86158370972,5.5
7,1,93,7.4933795929,4.25
7,1,93,7.33246994019,4.25
7,1,37,6.96120643616,4.25
7,1,37,7.22026205063,4.25
7,1,83,6.99936819077,4.75
7,1,83,6.8264503479,4.75
7,1,27,8.50901889801,4.25
7,1,27,8.42128562927,4.25
7,1,81,7.1496963501,4.0
7,1,81,7.08563423157,4.0
7,1,25,6.86374282837,4.5
7,1,25,6.27813625336,4.5
7,1,31,5.73355197906,4.5
7,1,31,6.12652015686,4.5
7,1,58,6.34407234192,6.0
7,1,58,6.2227973938,6.0
7,1,29,7.6121339798,4.25
7,1,29,7.497215271,4.25
7,1,75,6.88999176025,4.75
7,1,75,6.99429607391,4.75
7,1,19,6.93079662323,4.75
7,1,19,6.49702262878,4.75
7,1,73,6.21347618103,1.0
7,1,73,6.04117298126,1.0
7,1,62,6.44945955276,4.5
7,1,62,6.60807132721,4.5
7,1,79,5.47472476959,3.0
7,1,79,5.56190252304,3.0
7,1,60,5.74641370773,3.25
7,1,60,5.55629920959,3.25
7,1,23,7.54578495026,4.0
7,1,23,7.06340074539,4.0
7,1,106,7.58875656128,4.75
7,1,106,7.53191328049,4.75
7,1,50,9.41326141357,5.0
7,1,50,8.97528457642,5.0
7,1,104,5.70791387558,4.75
7,1,104,6.14757633209,4.75
7,1,67,3.12863397598,4.75
7,1,67,3.22890996933,4.75
7,1,48,8.49788951874,1.5
7,1,48,8.6292257309,1.5
7,1,11,3.43648576736,1.75
7,1,11,3.61573719978,1.75
7,1,65,2.70504045486,5.25
7,1,65,2.63137555122,5.25
7,1,54,7.62280750275,5.5
7,1,54,7.11639595032,5.5
7,1,9,5.83715105057,2.0
7,1,9,5.73966932297,2.0
7,1,108,5.98965787888,2.75
7,1,108,6.03779506683,2.75
7,1,71,6.14760494232,4.75
7,1,71,5.94189071655,4.75
7,1,52,9.00412082672,0.75
7,1,52,8.89743995667,0.75
7,1,98,4.95207834244,3.25
7,1,98,5.13216638565,3.25
7,1,69,6.2717628479,5.5
7,1,69,6.45947265625,5.5
7,1,42,10.147808075,3.0
7,1,42,9.86550521851,3.0
7,1,13,4.34798288345,3.0
7,1,13,4.28833293915,3.0
7,1,96,5.98719453812,5.5
7,1,96,6.00552082062,5.5
7,2,77,6.94857025146,4.25
7,2,77,6.90150165558,4.25
7,2,102,9.05758571625,5.25
7,2,102,8.42543888092,5.25
7,2,3,7.42411327362,5.75
7,2,3,7.69225883484,5.75
7,2,75,6.61483764648,3.5
7,2,75,6.48994064331,3.5
7,2,100,4.84926700592,1.75
7,2,100,5.09286308289,1.75
7,2,1,4.64975500107,4.25
7,2,1,4.78722381592,4.25
7,2,73,5.91218900681,3.25
7,2,73,5.76846265793,3.25
7,2,98,8.57294845581,3.75
7,2,98,8.91735935211,3.75
7,2,63,7.53324222565,5.25
7,2,63,7.67251968384,5.25
7,2,71,6.13591766357,4.0
7,2,71,6.32862472534,4.0
7,2,96,9.55753517151,3.5
7,2,96,9.200756073,3.5
7,2,61,6.3732843399,5.5
7,2,61,6.24648189545,5.5
7,2,69,6.627202034,4.25
7,2,69,6.50361442566,4.25
7,2,30,7.76793575287,3.0
7,2,30,7.5878572464,3.0
7,2,28,8.81127357483,5.75
7,2,28,8.58037853241,5.75
7,2,57,6.54424285889,1.5
7,2,57,6.76463794708,1.5
7,2,65,6.55048942566,5.0
7,2,65,6.38445568085,5.0
7,2,26,8.57032966614,4.25
7,2,26,8.37777996063,4.25
7,2,55,6.65884923935,4.0
7,2,55,6.62066650391,4.0
7,2,24,7.84820270538,3.75
7,2,24,7.95217466354,3.75
7,2,53,8.69268989563,5.0
7,2,53,8.47717285156,5.0
7,2,22,8.14476013184,3.0
7,2,22,7.96378183365,3.0
7,2,51,7.79646873474,4.75
7,2,51,7.53676986694,4.75
7,2,94,8.24830341339,3.25
7,2,94,8.25087356567,3.25
7,2,20,7.96858263016,5.5
7,2,20,7.68909835815,5.5
7,2,49,9.3121471405,4.0
7,2,49,9.5366191864,4.0
7,2,92,7.6327085495,4.66667
7,2,92,7.67086744308,4.66667
7,2,18,7.33650493622,3.5
7,2,18,7.3395409584,3.5
7,2,47,9.25477218628,4.0
7,2,47,9.15335845947,4.0
7,2,90,9.56701374054,4.0
7,2,90,9.68226528168,4.0
7,2,16,8.13746070862,5.0
7,2,16,7.95936584473,5.0
7,2,45,7.58657646179,2.5
7,2,45,7.34924554825,2.5
7,2,88,10.2385988235,5.0
7,2,88,10.324432373,5.0
7,2,14,8.24992656708,5.5
7,2,14,8.09633827209,5.5
7,2,43,6.94671630859,2.75
7,2,43,6.92376232147,2.75
7,2,86,8.09712028503,2.5
7,2,86,7.92734050751,2.5
7,2,12,6.67915916443,4.25
7,2,12,6.76873207092,4.25
7,2,84,8.08258247375,3.75
7,2,84,8.07939815521,3.75
7,2,10,6.54686594009,4.0
7,2,10,6.86219072342,4.0
7,2,39,8.35083770752,4.0
7,2,39,8.13618183136,4.0
7,2,82,8.85181808472,3.25
7,2,82,8.8967666626,3.25
7,2,8,6.7507352829,4.0
7,2,8,6.48072624207,4.0
7,2,37,7.05949401855,3.5
7,2,37,7.03718662262,3.5
7,2,80,8.64535236359,4.0
7,2,80,8.52604675293,4.0
7,2,109,5.7559466362,5.25
7,2,109,6.24992752075,5.25
7,2,6,9.49855327606,4.0
7,2,6,9.88446140289,4.0
7,2,35,5.65960550308,3.5
7,2,35,5.65326881409,3.5
7,2,78,6.23644351959,5.0
7,2,78,6.2991809845,5.0
7,2,107,10.5514745712,4.5
7,2,107,10.7117071152,4.5
7,2,4,6.13441753387,3.0
7,2,4,6.24596977234,3.0
7,2,33,6.2060880661,1.5
7,2,33,5.8809595108,1.5
7,2,76,10.3721618652,4.5
7,2,76,10.2095003128,4.5
7,2,105,10.1959762573,3.0
7,2,105,9.94078826904,3.0
7,2,2,5.37017917633,2.75
7,2,2,5.86119651794,2.75
7,2,74,7.6716799736,2.5
7,2,74,7.60125255585,2.5
7,2,103,8.75485229492,4.25
7,2,103,9.00462913513,4.25
7,2,72,9.47139453888,4.25
7,2,72,9.30930423737,4.25
7,2,70,6.95426559448,3.25
7,2,70,6.71509981155,3.25
7,2,99,8.73467826843,4.25
7,2,99,9.03734874725,4.25
7,2,60,4.92490720749,4.0
7,2,60,4.85474157333,4.0
7,2,68,5.78478527069,6.5
7,2,68,5.94764471054,6.5
7,2,97,7.27229595184,3.0
7,2,97,7.62718009949,3.0
7,2,58,5.30358219147,4.0
7,2,58,5.18132066727,4.0
7,2,66,7.03822898865,5.5
7,2,66,7.38280010223,5.5
7,2,31,9.18046379089,3.75
7,2,31,8.89632415771,3.75
7,2,56,6.55415010452,4.75
7,2,56,5.94391107559,4.75
7,2,64,3.9924697876,3.25
7,2,64,4.24861717224,3.25
7,2,29,7.8435754776,1.75
7,2,29,7.64631843567,1.75
7,2,27,8.86239051819,4.25
7,2,27,8.72843074799,4.25
7,2,52,7.11263656616,3.25
7,2,52,7.02253437042,3.25
7,2,25,8.31865406036,4.75
7,2,25,8.6206073761,4.75
7,2,50,8.82779788971,4.25
7,2,50,8.53682804108,4.25
7,2,23,6.56607055664,1.75
7,2,23,6.63345146179,1.75
7,2,48,9.13015079498,3.75
7,2,48,8.62679481506,3.75
7,2,95,7.28686523438,2.5
7,2,95,6.92715072632,2.5
7,2,21,7.073574543,1.5
7,2,21,6.92888832092,1.5
7,2,46,7.66546058655,4.75
7,2,46,6.99659538269,4.75
7,2,93,8.06167411804,4.75
7,2,93,8.04960441589,4.75
7,2,19,6.58888244629,4.5
7,2,19,7.04409503937,4.5
7,2,44,6.89783334732,4.5
7,2,44,6.64491558075,4.5
7,2,91,8.41138648987,3.75
7,2,91,8.4335231781,3.75
7,2,17,5.91668510437,6.0
7,2,17,5.82124233246,6.0
7,2,42,10.1178283691,3.0
7,2,42,10.2392311096,3.0
7,2,89,7.49594783783,3.0
7,2,89,7.57498455048,3.0
7,2,40,9.35802650452,5.25
7,2,40,9.32218360901,5.25
7,2,87,10.2734775543,4.5
7,2,87,10.3178253174,4.5
7,2,13,5.61078310013,4.75
7,2,13,6.02770614624,4.75
7,2,38,8.62351894379,5.25
7,2,38,8.13205432892,5.25
7,2,85,9.23830127716,2.5
7,2,85,9.3270740509,2.5
7,2,110,5.11926651001,4.75
7,2,110,5.2681555748,4.75
7,2,11,3.85964655876,2.75
7,2,11,4.05188941956,2.75
7,2,36,7.49971961975,2.5
7,2,36,7.3905506134,2.5
7,2,83,10.3224859238,5.0
7,2,83,10.4278125763,5.0
7,2,108,6.61512184143,5.5
7,2,108,7.09743785858,5.5
7,2,9,8.21953105927,4.0
7,2,9,8.36631965637,4.0
7,2,34,6.75565814972,4.25
7,2,34,6.46072483063,4.25
7,2,106,8.16268539429,6.25
7,2,106,7.86697292328,6.25
7,2,7,7.31499099731,5.0
7,2,7,7.23502445221,5.0
7,2,32,8.78830909729,4.5
7,2,32,8.34639072418,4.5
7,2,104,6.89373588562,3.5
7,2,104,6.7006072998,3.5
7,2,5,6.06529521942,3.25
7,2,5,6.09683275223,3.25
8,1,34,3.43259572983,2.5
8,1,34,2.95350456238,2.5
8,1,7,2.79687213898,1.0
8,1,7,3.06340956688,1.0
8,1,94,2.20708799362,1.75
8,1,94,1.88568019867,1.75
8,1,21,1.53628849983,1.75
8,1,21,1.73453557491,1.75
8,1,35,4.38278436661,3.0
8,1,35,3.68473482132,3.0
8,1,49,2.36001420021,2.25
8,1,49,2.3590388298,2.25
8,1,8,1.72471928596,1.0
8,1,8,1.80020642281,1.0
8,1,95,2.29290628433,2.25
8,1,95,2.01184797287,2.25
8,1,22,3.33975362778,3.5
8,1,22,3.23987102509,3.5
8,1,36,3.38553857803,3.75
8,1,36,2.81337952614,3.75
8,1,50,1.78155946732,1.0
8,1,50,1.23498654366,1.0
8,1,9,3.8935482502,2.0
8,1,9,3.58913397789,2.0
8,1,64,1.65790295601,1.25
8,1,64,1.83240389824,1.25
8,1,23,6.27009105682,3.25
8,1,23,4.44170475006,3.25
8,1,37,3.1064350605,1.75
8,1,37,2.04875516891,1.75
8,1,51,1.09378540516,1.0
8,1,51,1.75308513641,1.0
8,1,10,2.18904447556,1.75
8,1,10,2.38359642029,1.75
8,1,65,1.50747132301,2.0
8,1,65,1.3679984808,2.0
8,1,24,3.47374463081,3.75
8,1,24,3.21613240242,3.75
8,1,38,3.77661991119,2.25
8,1,38,3.33776569366,2.25
8,1,52,1.49146437645,1.25
8,1,52,1.41007864475,1.25
8,1,11,2.45045089722,2.0
8,1,11,2.67414617538,2.0
8,1,66,1.70501184464,2.25
8,1,66,1.70685875416,2.25
8,1,25,3.08352828026,2.5
8,1,25,2.44514989853,2.5
8,1,80,1.86976182461,1.75
8,1,80,1.66669821739,1.75
8,1,39,3.71425509453,3.0
8,1,39,2.7447681427,3.0
8,1,53,2.94964694977,2.25
8,1,53,3.00118231773,2.25
8,1,12,2.19181489944,1.0
8,1,12,2.72697854042,1.0
8,1,67,2.26551699638,2.25
8,1,67,2.55445957184,2.25
8,1,26,2.69733452797,2.75
8,1,26,2.31682443619,2.75
8,1,81,2.48698925972,2.25
8,1,81,2.03297257423,2.25
8,1,40,3.59988546371,1.75
8,1,40,2.84843587875,1.75
8,1,54,2.37181138992,3.0
8,1,54,1.97992479801,3.0
8,1,68,1.8326690197,1.5
8,1,68,2.04174089432,1.5
8,1,27,0.75863301754,2.0
8,1,27,0.662290930748,2.0
8,1,82,2.10052227974,1.75
8,1,82,1.75309824944,1.75
8,1,41,3.95537137985,1.5
8,1,41,2.96886396408,1.5
8,1,96,2.82337737083,2.5
8,1,96,2.25837635994,2.5
8,1,69,2.47493982315,2.5
8,1,69,1.71892869473,2.5
8,1,28,1.31168079376,1.0
8,1,28,1.62037181854,1.0
8,1,42,2.48329520226,3.5
8,1,42,1.87802314758,3.5
8,1,97,4.43536186218,2.25
8,1,97,3.38442420959,2.25
8,1,29,4.49285554886,3.25
8,1,29,3.42525601387,3.25
8,1,43,1.65813851357,1.75
8,1,43,1.16439151764,1.75
8,1,98,2.92364883423,0.75
8,1,98,3.26019644737,0.75
8,1,30,4.39310789108,2.5
8,1,30,3.99997472763,2.5
8,1,85,2.86506652832,2.0
8,1,85,2.47848892212,2.0
8,1,44,3.53157091141,3.25
8,1,44,2.98631978035,3.25
8,1,58,2.04580760002,1.0
8,1,58,2.43462085724,1.0
8,1,31,4.75809955597,1.25
8,1,31,4.20734786987,1.25
8,1,86,2.52717328072,1.25
8,1,86,2.7301697731,1.25
8,1,59,3.60597658157,1.5
8,1,59,3.36918020248,1.5
8,1,73,3.62051010132,2.75
8,1,73,2.61976528168,2.75
8,1,87,1.6259021759,1.0
8,1,87,1.41744971275,1.0
8,1,60,2.34481501579,2.5
8,1,60,1.66327261925,2.5
8,1,74,3.34859466553,2.5
8,1,74,2.77051520348,2.5
8,1,88,2.11655712128,2.25
8,1,88,2.72154641151,2.25
8,1,61,1.71403574944,2.75
8,1,61,1.55955481529,2.75
8,1,75,2.99088668823,3.0
8,1,75,2.8960647583,3.0
8,1,2,5.18190574646,2.75
8,1,2,4.0032992363,2.75
8,1,89,1.65090966225,3.5
8,1,89,1.58023881912,3.5
8,1,16,4.06324577332,2.75
8,1,16,3.24228668213,2.75
8,1,62,1.938778162,1.5
8,1,62,1.89970374107,1.5
8,1,76,1.89566588402,1.0
8,1,76,1.31666195393,1.0
8,1,3,2.94601655006,2.5
8,1,3,2.58408546448,2.5
8,1,17,3.80317139626,3.25
8,1,17,3.32685828209,3.25
8,1,63,2.10377144814,1.0
8,1,63,2.42700099945,1.0
8,1,77,2.35881304741,3.25
8,1,77,2.24332761765,3.25
8,1,4,3.82921099663,1.75
8,1,4,2.94997262955,1.75
8,1,91,2.86878013611,2.75
8,1,91,2.72758626938,2.75
8,1,18,4.13305187225,3.75
8,1,18,3.81764554977,3.75
8,1,32,4.39922428131,2.75
8,1,32,4.0357966423,2.75
8,1,78,2.9919719696,2.75
8,1,78,3.45673322678,2.75
8,1,5,1.70492184162,2.0
8,1,5,1.59009504318,2.0
8,1,92,1.52314639091,1.5
8,1,92,1.42069375515,1.5
8,1,19,2.20030927658,2.25
8,1,19,2.08286094666,2.25
8,1,33,1.76256918907,1.75
8,1,33,1.50705742836,1.75
8,1,79,2.06713652611,2.0
8,1,79,1.87099862099,2.0
8,1,6,2.61725068092,1.5
8,1,6,2.91804766655,1.5
8,1,93,2.44763636589,1.75
8,1,93,3.13653278351,1.75
8,1,20,2.59682965279,2.5
8,1,20,2.52805233002,2.5
8,2,17,3.22126102448,3.5
8,2,17,3.21457600594,3.5
8,2,91,0.204321414232,2.25
8,2,91,0.204894438386,2.25
8,2,19,0.688394069672,2.0
8,2,19,0.690761327744,2.0
8,2,93,0.324137330055,4.25
8,2,93,0.322799772024,4.25
8,2,96,0.574254393578,2.0
8,2,96,0.574586629868,2.0
8,2,21,2.10110759735,2.25
8,2,21,2.11073184013,2.25
8,2,56,1.16220748425,2.0
8,2,56,1.16261553764,2.0
8,2,95,0.822581648827,2.0
8,2,95,0.821603298187,2.0
8,2,98,0.788040518761,3.0
8,2,98,0.787809610367,3.0
8,2,23,2.50458812714,2.5
8,2,23,2.49787592888,2.5
8,2,58,2.88644599915,3.0
8,2,58,2.88404870033,3.0
8,2,100,1.66636347771,3.25
8,2,100,1.66579771042,3.25
8,2,25,2.27761626244,2.75
8,2,25,2.27862620354,2.75
8,2,60,0.624241948128,3.5
8,2,60,0.625857651234,3.5
8,2,67,1.45721936226,1.625
8,2,67,1.45226740837,1.625
8,2,27,0.341718494892,4.0
8,2,27,0.340387701988,4.0
8,2,62,0.920723319054,1.75
8,2,62,0.917270243168,1.75
8,2,69,0.137327373028,3.5
8,2,69,0.13746291399,3.5
8,2,29,4.30316305161,4.75
8,2,29,4.3078417778,4.75
8,2,32,3.41587042809,4.0
8,2,32,3.41924929619,4.0
8,2,71,0.418707787991,2.0
8,2,71,0.417817652225,2.0
8,2,31,1.1744363308,2.75
8,2,31,1.17099034786,2.75
8,2,34,1.02991604805,3.5
8,2,34,1.02780926228,3.5
8,2,73,0.236330032349,3.5
8,2,73,0.237819984555,3.5
8,2,36,3.6767578125,3.75
8,2,36,3.68551063538,3.75
8,2,75,0.59229850769,4.0
8,2,75,0.588467419147,4.0
8,2,38,3.00995850563,3.75
8,2,38,3.0086081028,3.75
8,2,77,0.805335879326,4.75
8,2,77,0.80677574873,4.75
8,2,5,0.518246352673,3.75
8,2,5,0.518959164619,3.75
8,2,40,3.66445207596,2.0
8,2,40,3.65798997879,2.0
8,2,79,1.51446294785,4.0
8,2,79,1.51153922081,4.0
8,2,7,0.401478856802,1.5
8,2,7,0.410538733006,1.5
8,2,42,2.60234713554,3.5
8,2,42,2.60065436363,3.5
8,2,9,0.661047279835,2.0
8,2,9,0.660887360573,2.0
8,2,44,1.97226333618,3.25
8,2,44,1.9712280035,3.25
8,2,11,1.34498155117,3.0
8,2,11,1.34443330765,3.0
8,2,46,1.40287876129,3.25
8,2,46,1.40274000168,3.25
8,2,80,1.87215328217,3.25
8,2,80,1.88294100761,3.25
8,2,15,0.421886563301,2.25
8,2,15,0.417339831591,2.25
8,2,49,3.2025167942,4.0
8,2,49,3.20225715637,4.0
8,2,84,1.39287602901,3.5
8,2,84,1.39268195629,3.5
8,2,86,1.20615553856,3.25
8,2,86,1.20548355579,3.25
8,2,88,1.30836117268,3.75
8,2,88,1.30534660816,3.75
8,2,16,4.90445804596,4.0
8,2,16,4.90051698685,4.0
8,2,55,0.97396171093,3.75
8,2,55,0.967061281204,3.75
8,2,90,1.37823998928,1.5
8,2,90,1.38268613815,1.5
8,2,97,2.98681545258,4.25
8,2,97,2.99293661118,4.25
8,2,18,2.07121133804,3.5
8,2,18,2.07396054268,3.5
8,2,57,2.83751320839,4.75
8,2,57,2.84930253029,4.75
8,2,92,2.12778687477,2.0
8,2,92,2.1279399395,2.0
8,2,99,0.268976271152,4.0
8,2,99,0.269227236509,4.0
8,2,20,4.43225336075,3.75
8,2,20,4.43323230743,3.75
8,2,59,1.6736330986,4.5
8,2,59,1.66948628426,4.5
8,2,94,0.334861457348,3.0
8,2,94,0.336041331291,3.0
8,2,101,1.27925944328,2.75
8,2,101,1.27891850471,2.75
8,2,22,3.6661233902,2.25
8,2,22,3.66583824158,2.25
8,2,61,1.08364784718,4.0
8,2,61,1.08554160595,4.0
8,2,64,1.03654158115,4.75
8,2,64,1.04015672207,4.75
8,2,24,0.473205596209,3.0
8,2,24,0.473472237587,3.0
8,2,63,2.33783769608,5.25
8,2,63,2.33528900146,5.25
8,2,26,0.313095510006,4.0
8,2,26,0.310391247272,4.0
8,2,33,0.67296308279,2.25
8,2,33,0.672630548477,2.25
8,2,68,0.275868982077,2.75
8,2,68,0.276880115271,2.75
8,2,28,0.666235923767,2.5
8,2,28,0.667115449905,2.5
8,2,35,2.31456756592,3.5
8,2,35,2.31409215927,3.5
8,2,70,1.96421706676,4.0
8,2,70,1.95593798161,4.0
8,2,30,2.57213926315,4.25
8,2,30,2.57511138916,4.25
8,2,37,3.30121803284,2.25
8,2,37,3.30068707466,2.25
8,2,72,0.705676674843,3.5
8,2,72,0.705726325512,3.5
8,2,39,2.89120054245,2.0
8,2,39,2.89306139946,2.0
8,2,74,0.414928793907,3.75
8,2,74,0.413629442453,3.75
8,2,41,0.591541826725,4.0
8,2,41,0.586816549301,4.0
8,2,76,2.63598895073,3.25
8,2,76,2.64089918137,3.25
8,2,4,0.218272477388,3.25
8,2,4,0.21941396594,3.25
8,2,43,-0.129889890552,2.75
8,2,43,-0.127649575472,2.75
8,2,78,0.735574245453,3.25
8,2,78,0.739517092705,3.25
8,2,6,0.867203116417,1.75
8,2,6,0.865853667259,1.75
8,2,45,3.01837587357,2.25
8,2,45,3.01421308517,2.25
8,2,8,1.47914516926,4.25
8,2,8,1.48088717461,4.25
8,2,47,-0.127105295658,2.75
8,2,47,-0.12767624855,2.75
8,2,10,-0.10891751945,1.75
8,2,10,-0.110569216311,1.75
8,2,83,0.749346911907,2.75
8,2,83,0.748674690723,2.75
8,2,85,0.000648663088214,4.5
8,2,85,0.000625423213933,4.5
8,2,48,2.69255876541,4.0
8,2,48,2.69267559052,4.0
8,2,87,1.56915700436,2.0
8,2,87,1.56931936741,2.0
8,2,50,3.03583812714,3.0
8,2,50,3.03732562065,3.0
8,2,89,2.61902713776,2.25
8,2,89,2.62106132507,2.25
9,1,81,3.90725469589,2.25
9,1,81,3.68782138824,2.25
9,1,27,5.31174182892,3.75
9,1,27,6.13003349304,3.75
9,1,83,4.2957072258,4.25
9,1,83,5.11813211441,4.25
9,1,29,2.82834815979,2.5
9,1,29,2.87343263626,2.5
9,1,32,3.28751468658,2.75
9,1,32,3.38928031921,2.75
9,1,85,6.06266641617,4.75
9,1,85,6.68475532532,4.75
9,1,31,5.22395086288,3.5
9,1,31,5.07578706741,3.5
9,1,34,3.14924860001,3.25
9,1,34,3.3646736145,3.25
9,1,87,4.5329003334,3.25
9,1,87,4.33884048462,3.25
9,1,36,4.23800897598,3.5
9,1,36,4.61134243011,3.5
9,1,89,4.55921697617,2.75
9,1,89,4.79465532303,2.75
9,1,3,5.38532447815,4.75
9,1,3,6.15235090256,4.75
9,1,38,3.4473028183,3.5
9,1,38,3.53770828247,3.5
9,1,91,3.41736674309,3.75
9,1,91,4.17791938782,3.75
9,1,5,5.08041667938,5.75
9,1,5,5.48618650436,5.75
9,1,40,3.66899347305,2.25
9,1,40,4.01740598679,2.25
9,1,93,4.41882991791,3.25
9,1,93,5.51591968536,3.25
9,1,96,4.59066152573,4.25
9,1,96,5.10498380661,4.25
9,1,7,5.76420021057,4.25
9,1,7,6.01321411133,4.25
9,1,42,4.31769275665,4.0
9,1,42,4.20254945755,4.0
9,1,95,5.21869087219,4.25
9,1,95,4.92751169205,4.25
9,1,98,3.81461977959,2.25
9,1,98,3.67748451233,2.25
9,1,65,3.13485860825,2.0
9,1,65,3.42193937302,2.0
9,1,100,5.50897502899,4.25
9,1,100,5.75077533722,4.25
9,1,67,4.49047470093,4.25
9,1,67,4.5684967041,4.25
9,1,102,4.32687044144,3.75
9,1,102,4.8136806488,3.75
9,1,69,4.55403614044,5.5
9,1,69,5.07242536545,5.5
9,1,104,3.86899065971,3.0
9,1,104,4.22062778473,3.0
9,1,106,2.65948057175,4.0
9,1,106,2.89436292648,4.0
9,1,73,4.6207947731,3.25
9,1,73,5.44196891785,3.25
9,1,51,3.97256994247,3.5
9,1,51,5.02801656723,3.5
9,1,75,4.28708171844,2.5
9,1,75,4.75912237167,2.5
9,1,110,4.88791847229,4.25
9,1,110,4.76567268372,4.25
9,1,53,3.69835662842,3.0
9,1,53,4.19419431686,3.0
9,1,77,4.17079925537,3.25
9,1,77,5.1403131485,3.25
9,1,16,2.93238019943,1.5
9,1,16,3.49246311188,1.5
9,1,55,4.01114654541,3.5
9,1,55,3.7872543335,3.5
9,1,79,4.38256883621,4.0
9,1,79,4.91994094849,4.0
9,1,18,4.87918043137,3.5
9,1,18,5.64412641525,3.5
9,1,20,4.63048219681,4.0
9,1,20,4.48424291611,4.0
9,1,59,3.69784855843,2.75
9,1,59,3.98992347717,2.75
9,1,22,3.66333007812,3.0
9,1,22,4.02150726318,3.0
9,1,61,3.80763101578,3.5
9,1,61,4.62753248215,3.5
9,1,24,3.08424901962,3.5
9,1,24,3.94426298141,3.5
9,1,63,2.16559553146,3.25
9,1,63,2.82440900803,3.25
9,1,80,4.22232198715,3.25
9,1,80,4.30424499512,3.25
9,1,26,3.73380374908,4.5
9,1,26,4.00014209747,4.5
9,1,33,4.64089393616,3.75
9,1,33,4.84466171265,3.75
9,1,82,4.91456604004,4.0
9,1,82,5.59629249573,4.0
9,1,28,4.1376247406,2.75
9,1,28,4.33425045013,2.75
9,1,35,3.88807678223,3.5
9,1,35,4.32794857025,3.5
9,1,84,5.50844717026,3.0
9,1,84,5.68954372406,3.0
9,1,30,3.82166385651,3.0
9,1,30,4.12045001984,3.0
9,1,37,4.5618481636,4.5
9,1,37,5.01852178574,4.5
9,1,86,4.39886474609,4.0
9,1,86,4.48122310638,4.0
9,1,39,3.77556228638,2.75
9,1,39,4.46544313431,2.75
9,1,88,2.63754844666,3.25
9,1,88,3.15936613083,3.25
9,1,2,4.70413637161,5.25
9,1,2,5.61252260208,5.25
9,1,41,4.1255941391,3.0
9,1,41,4.56415891647,3.0
9,1,90,3.58678245544,2.75
9,1,90,3.74463796616,2.75
9,1,97,4.70507383347,3.5
9,1,97,5.41251754761,3.5
9,1,4,5.84803247452,5.0
9,1,4,6.48805522919,5.0
9,1,92,4.10597515106,4.0
9,1,92,4.26861286163,4.0
9,1,99,3.47026848793,3.0
9,1,99,3.4821100235,3.0
9,1,6,4.26291561127,3.5
9,1,6,4.37285137177,3.5
9,1,94,4.26708889008,3.0
9,1,94,4.95533037186,3.0
9,1,101,3.40961623192,2.25
9,1,101,3.22422599792,2.25
9,1,8,4.18356513977,4.5
9,1,8,4.97094249725,4.5
9,1,64,4.71663999557,4.25
9,1,64,4.59637546539,4.25
9,1,103,4.03175783157,2.25
9,1,103,5.00093889236,2.25
9,1,66,5.13527584076,4.75
9,1,66,5.96226501465,4.75
9,1,105,3.9410533905,3.75
9,1,105,4.8709692955,3.75
9,1,12,3.5344414711,4.75
9,1,12,3.57195854187,4.75
9,1,68,3.97525906563,3.5
9,1,68,4.42810153961,3.5
9,1,107,3.37043476105,4.25
9,1,107,4.18489551544,4.25
9,1,72,3.77361989021,3.75
9,1,72,3.91193342209,3.75
9,1,111,4.33215332031,3.0
9,1,111,5.16334629059,3.0
9,1,50,4.65804767609,3.5
9,1,50,4.94841432571,3.5
9,1,74,3.89662027359,3.0
9,1,74,4.69342470169,3.0
9,1,17,4.40908956528,4.25
9,1,17,4.51808071136,4.25
9,1,52,3.3694434166,2.75
9,1,52,4.04681348801,2.75
9,1,76,4.90671062469,4.0
9,1,76,5.13383865356,4.0
9,1,19,3.84831261635,3.25
9,1,19,4.51196432114,3.25
9,1,54,2.60096144676,2.75
9,1,54,2.89342474937,2.75
9,1,78,4.4226102829,3.5
9,1,78,5.01250457764,3.5
9,1,21,4.14130353928,4.5
9,1,21,4.28672361374,4.5
9,1,56,3.99655246735,3.75
9,1,56,4.37471485138,3.75
9,1,23,4.63628721237,4.5
9,1,23,4.74661540985,4.5
9,1,25,3.71336126328,3.5
9,1,25,4.06113815308,3.5
9,1,60,3.8178756237,4.0
9,1,60,4.47568178177,4.0
9,2,98,3.78660154343,4.5
9,2,98,3.37955617905,4.5
9,2,71,6.15015125275,5.25
9,2,71,6.16600942612,5.25
9,2,100,4.39765834808,5.75
9,2,100,4.99575519562,5.75
9,2,46,5.32051086426,4.75
9,2,46,5.55505180359,4.75
9,2,102,5.68883752823,3.75
9,2,102,6.21519947052,3.75
9,2,75,4.46656656265,3.75
9,2,75,5.04790258408,3.75
9,2,16,3.4796705246,2.75
9,2,16,3.79190015793,2.75
9,2,104,3.82211780548,3.25
9,2,104,3.93932437897,3.25
9,2,77,4.15201759338,4.25
9,2,77,2.99746179581,4.25
9,2,18,3.21984004974,4.25
9,2,18,4.08818006516,4.25
9,2,106,5.6225233078,5.25
9,2,106,5.52144145966,5.25
9,2,79,5.41904258728,5.25
9,2,79,5.50827407837,5.25
9,2,20,2.60125994682,3.0
9,2,20,3.7037153244,3.0
9,2,108,4.30921554565,4.25
9,2,108,4.69409370422,4.25
9,2,49,5.56357812881,5.25
9,2,49,5.82599496841,5.25
9,2,22,2.97499299049,3.0
9,2,22,3.64655542374,3.0
9,2,110,3.36313533783,3.25
9,2,110,4.14931678772,3.25
9,2,51,5.53528261185,5.0
9,2,51,5.74309682846,5.0
9,2,24,3.02837228775,1.75
9,2,24,3.33727812767,1.75
9,2,80,5.21286487579,4.75
9,2,80,5.32054233551,4.75
9,2,53,2.01487278938,3.75
9,2,53,2.04913401604,3.75
9,2,26,3.15825247765,3.25
9,2,26,3.18858671188,3.25
9,2,82,3.79805803299,3.0
9,2,82,4.30688762665,3.0
9,2,55,3.844591856,3.25
9,2,55,4.29374217987,3.25
9,2,28,3.99757194519,4.75
9,2,28,3.97840261459,4.75
9,2,84,3.91586852074,3.75
9,2,84,4.27224493027,3.75
9,2,30,4.38884401321,2.75
9,2,30,4.29801654816,2.75
9,2,113,4.35075807571,5.75
9,2,113,4.93469905853,5.75
9,2,86,4.58192777634,4.0
9,2,86,4.27930450439,4.0
9,2,88,4.42481708527,4.5
9,2,88,4.33356809616,4.5
9,2,2,5.28938865662,4.0
9,2,2,5.1138086319,4.0
9,2,90,3.90895032883,3.25
9,2,90,4.20192241669,3.25
9,2,63,3.31478476524,5.0
9,2,63,3.2709710598,5.0
9,2,4,3.87833476067,5.25
9,2,4,4.09927654266,5.25
9,2,92,4.58669662476,4.25
9,2,92,4.46647977829,4.25
9,2,33,4.85094594955,3.0
9,2,33,4.66350317001,3.0
9,2,6,6.30597925186,5.75
9,2,6,6.42660427094,5.75
9,2,94,3.80621981621,4.0
9,2,94,4.04874134064,4.0
9,2,35,3.77432250977,2.5
9,2,35,3.54409646988,2.5
9,2,8,3.77094316483,4.5
9,2,8,4.14953422546,4.5
9,2,64,3.37576675415,4.5
9,2,64,3.03992366791,4.5
9,2,37,3.90051484108,3.75
9,2,37,4.57823896408,3.75
9,2,10,5.06894207001,4.75
9,2,10,5.67741012573,4.75
9,2,66,5.03014612198,5.5
9,2,66,5.32625579834,5.5
9,2,39,4.66977357864,4.0
9,2,39,4.4050359726,4.0
9,2,12,5.10266828537,5.5
9,2,12,5.41928386688,5.5
9,2,68,4.02536582947,3.25
9,2,68,4.15582370758,3.25
9,2,41,5.65122556686,4.5
9,2,41,5.31993675232,4.5
9,2,97,2.60047507286,3.75
9,2,97,2.67671179771,3.75
9,2,70,4.68564796448,4.75
9,2,70,5.2424082756,4.75
9,2,99,4.80301427841,4.5
9,2,99,4.67641448975,4.5
9,2,45,3.4477751255,3.0
9,2,45,3.55832219124,3.0
9,2,101,4.96924352646,3.75
9,2,101,4.69814109802,3.75
9,2,74,5.34378671646,5.25
9,2,74,5.54987478256,5.25
9,2,47,4.12538385391,5.0
9,2,47,4.75389099121,5.0
9,2,103,4.31912708282,3.0
9,2,103,4.58722686768,3.0
9,2,76,5.31643867493,3.25
9,2,76,5.18108510971,3.25
9,2,17,4.51077795029,4.0
9,2,17,4.65907096863,4.0
9,2,105,5.74061822891,4.5
9,2,105,5.72059059143,4.5
9,2,78,4.39276218414,5.5
9,2,78,4.4385228157,5.5
9,2,19,3.68981981277,3.25
9,2,19,4.27462291718,3.25
9,2,107,2.94682812691,3.75
9,2,107,3.46405982971,3.75
9,2,48,5.60008430481,5.0
9,2,48,5.70328712463,5.0
9,2,21,3.88770532608,3.75
9,2,21,4.11149358749,3.75
9,2,109,3.8859333992,2.25
9,2,109,4.28230619431,2.25
9,2,50,4.56392383575,4.0
9,2,50,4.33688545227,4.0
9,2,23,3.07748365402,2.75
9,2,23,3.68738746643,2.75
9,2,111,3.88730669022,4.0
9,2,111,3.82113265991,4.0
9,2,52,1.22360420227,2.75
9,2,52,1.34605586529,2.75
9,2,25,4.43250656128,5.75
9,2,25,5.33745574951,5.75
9,2,81,4.55322742462,4.75
9,2,81,4.97278261185,4.75
9,2,54,4.86631298065,5.5
9,2,54,5.40236711502,5.5
9,2,27,2.19426298141,3.25
9,2,27,2.74554276466,3.25
9,2,83,4.40359163284,4.0
9,2,83,5.31927776337,4.0
9,2,56,4.50189590454,5.0
9,2,56,4.73462152481,5.0
9,2,29,4.18298244476,3.0
9,2,29,4.35164546967,3.0
9,2,112,3.3712439537,4.5
9,2,112,3.51335263252,4.5
9,2,85,2.87693524361,4.75
9,2,85,3.24580049515,4.75
9,2,31,3.70858049393,2.75
9,2,31,3.10524511337,2.75
9,2,87,3.54717278481,3.25
9,2,87,3.79340744019,3.25
9,2,89,3.2639632225,2.75
9,2,89,2.71977090836,2.75
9,2,62,4.33646345139,4.0
9,2,62,4.22563552856,4.0
9,2,3,4.15849876404,4.5
9,2,3,4.70392799377,4.5
9,2,91,5.47063827515,4.25
9,2,91,5.17785978317,4.25
9,2,32,3.02352046967,2.25
9,2,32,3.28341364861,2.25
9,2,5,4.85103225708,5.5
9,2,5,4.98957204819,5.5
9,2,93,4.33580112457,4.5
9,2,93,4.32898235321,4.5
9,2,34,3.2447924614,2.5
9,2,34,3.84455394745,2.5
9,2,7,3.65890836716,5.25
9,2,7,3.70054507256,5.25
9,2,95,4.20417022705,5.0
9,2,95,4.22656726837,5.0
9,2,36,4.35973453522,4.75
9,2,36,5.13908004761,4.75
9,2,9,4.9376449585,5.75
9,2,9,5.62781333923,5.75
9,2,65,4.97125959396,4.75
9,2,65,4.92142343521,4.75
9,2,38,3.01122379303,2.0
9,2,38,3.71734213829,2.0
9,2,11,4.99849462509,4.5
9,2,11,4.94046163559,4.5
9,2,67,5.84866142273,4.25
9,2,67,5.79490184784,4.25
9,2,40,5.93770551682,3.25
9,2,40,5.551653862,3.25
9,2,13,3.97368550301,3.75
9,2,13,4.08400726318,3.75
9,2,96,4.18555450439,3.0
9,2,96,4.23941993713,3.0
9,2,69,4.15688419342,3.25
9,2,69,4.38314628601,3.25
9,2,42,4.07220077515,3.25
9,2,42,4.20620107651,3.25
10,1,63,3.13776397705,4.25
10,1,63,3.21879482269,4.25
10,1,24,6.46816158295,4.75
10,1,24,6.54437732697,4.75
10,1,80,4.63039779663,5.0
10,1,80,5.02484321594,5.0
10,1,61,9.48527622223,4.0
10,1,61,10.0373907089,4.0
10,1,6,5.26163578033,5.0
10,1,6,5.14735794067,5.0
10,1,94,3.70280218124,5.0
10,1,94,4.10408782959,5.0
10,1,4,6.03303050995,5.5
10,1,4,5.68347454071,5.5
10,1,92,6.13124847412,5.0
10,1,92,6.56959915161,5.0
10,1,57,4.57702112198,1.5
10,1,57,5.04510641098,1.5
10,1,90,5.51258945465,3.75
10,1,90,6.62735748291,3.75
10,1,39,3.09285545349,4.0
10,1,39,3.17877292633,4.0
10,1,88,7.04531002045,5.5
10,1,88,6.89290380478,5.5
10,1,37,7.40793037415,6.0
10,1,37,7.9332818985,6.0
10,1,14,5.85705566406,3.75
10,1,14,6.26725387573,3.75
10,1,35,3.09918737411,2.0
10,1,35,3.84483766556,2.0
10,1,12,6.57420444489,4.5
10,1,12,7.50147485733,4.5
10,1,68,6.79325485229,3.75
10,1,68,7.45973110199,3.75
10,1,33,4.20059108734,4.5
10,1,33,4.6039981842,4.5
10,1,10,5.5833735466,5.0
10,1,10,5.67086362839,5.0
10,1,66,6.55236911774,6.0
10,1,66,6.66100120544,6.0
10,1,47,4.77586984634,5.25
10,1,47,4.8691701889,5.25
10,1,8,7.23123550415,6.25
10,1,8,6.92207527161,6.25
10,1,103,3.73348999023,3.75
10,1,103,4.05343914032,3.75
10,1,64,4.01785087585,5.0
10,1,64,3.86000847816,5.0
10,1,45,3.1944231987,2.875
10,1,45,3.64925956726,2.875
10,1,101,4.41669559479,5.5
10,1,101,4.84867858887,5.5
10,1,78,5.73300504684,5.5
10,1,78,5.84194231033,5.5
10,1,43,6.58921432495,4.5
10,1,43,6.89296340942,4.5
10,1,99,5.80483341217,5.25
10,1,99,6.71718025208,5.25
10,1,76,6.40786170959,4.75
10,1,76,6.92318058014,4.75
10,1,41,4.85905361176,3.25
10,1,41,5.14935112,3.25
10,1,97,4.07861471176,3.75
10,1,97,4.20313072205,3.75
10,1,74,3.87250089645,4.75
10,1,74,4.1243891716,4.75
10,1,72,6.53203582764,3.0
10,1,72,7.19586467743,3.0
10,1,21,5.40909671783,5.25
10,1,21,5.36796998978,5.25
10,1,54,3.51144313812,3.5
10,1,54,3.66236114502,3.5
10,1,107,5.92659235001,5.0
10,1,107,6.02567386627,5.0
10,1,52,5.83912992477,5.0
10,1,52,6.13812065125,5.0
10,1,105,4.68241882324,4.0
10,1,105,4.64317703247,4.0
10,1,50,6.58878993988,5.25
10,1,50,7.30796813965,5.25
10,1,31,5.19511604309,4.75
10,1,31,5.6919670105,4.75
10,1,87,6.97522068024,4.75
10,1,87,6.90865802765,4.75
10,1,48,6.78144693375,5.0
10,1,48,7.22043371201,5.0
10,1,29,6.22015762329,4.5
10,1,29,6.84372806549,4.5
10,1,85,4.58043956757,4.75
10,1,85,5.18057107925,4.75
10,1,62,4.24636268616,3.75
10,1,62,4.72269964218,3.75
10,1,27,4.52792263031,4.25
10,1,27,5.09588861465,4.25
10,1,83,6.25216674805,3.0
10,1,83,6.64064693451,3.0
10,1,25,5.80619239807,4.5
10,1,25,6.0663690567,4.5
10,1,81,3.30729436874,4.25
10,1,81,3.60451936722,4.25
10,1,7,6.79546880722,5.5
10,1,7,6.99875545502,5.5
10,1,95,6.58258152008,4.75
10,1,95,7.05206537247,4.75
10,1,56,4.81239128113,4.5
10,1,56,5.16154241562,4.5
10,1,5,4.78378009796,5.0
10,1,5,4.91831350327,5.0
10,1,93,5.42723369598,4.0
10,1,93,5.98072719574,4.0
10,1,38,3.54663705826,3.75
10,1,38,3.70085716248,3.75
10,1,91,6.08788204193,4.5
10,1,91,6.83737850189,4.5
10,1,36,7.00076675415,4.75
10,1,36,7.94129705429,4.75
10,1,89,6.55868196487,5.25
10,1,89,7.00446367264,5.25
10,1,34,2.36419606209,4.0
10,1,34,2.63823866844,4.0
10,1,32,6.0729675293,3.75
10,1,32,6.92339134216,3.75
10,1,13,4.74854040146,4.25
10,1,13,5.16985321045,4.25
10,1,69,5.86705684662,4.5
10,1,69,6.15401649475,4.5
10,1,46,6.92346858978,5.0
10,1,46,7.31343460083,5.0
10,1,11,3.10514736176,4.0
10,1,11,3.36010622978,4.0
10,1,102,4.0028219223,5.0
10,1,102,4.50938463211,5.0
10,1,67,5.81713294983,5.25
10,1,67,6.14162540436,5.25
10,1,44,5.69527196884,4.5
10,1,44,6.38231182098,4.5
10,1,9,4.72300958633,5.5
10,1,9,5.07280158997,5.5
10,1,100,3.67465162277,4.0
10,1,100,4.47887611389,4.0
10,1,65,4.71533298492,5.75
10,1,65,4.93921422958,5.75
10,1,42,7.93838119507,5.25
10,1,42,8.44137573242,5.25
10,1,98,6.43375015259,4.5
10,1,98,6.58866548538,4.5
10,1,79,4.16438245773,4.5
10,1,79,4.29753303528,4.5
10,1,40,4.95791053772,4.5
10,1,40,6.10866880417,4.5
10,1,96,6.91473579407,4.5
10,1,96,6.85395240784,4.5
10,1,77,6.67997503281,4.5
10,1,77,7.65911102295,4.5
10,1,22,5.49921989441,4.5
10,1,22,5.99826049805,4.5
10,1,75,5.10697031021,4.5
10,1,75,5.95144081116,4.5
10,1,20,5.71260356903,5.0
10,1,20,6.15131187439,5.0
10,1,108,4.41481208801,5.0
10,1,108,4.80721235275,5.0
10,1,73,5.88973808289,4.25
10,1,73,7.21683883667,4.25
10,1,106,3.91811513901,2.0
10,1,106,4.3062376976,2.0
10,1,55,5.70630550385,5.25
10,1,55,6.4842581749,5.25
10,1,104,5.48420572281,4.5
10,1,104,5.57830715179,4.5
10,1,53,5.97212791443,5.25
10,1,53,6.64617156982,5.25
10,1,30,7.58861064911,5.5
10,1,30,8.38285064697,5.5
10,1,86,5.97842550278,4.0
10,1,86,6.35898828506,4.0
10,1,51,4.59781360626,5.5
10,1,51,4.86892986298,5.5
10,1,28,6.67170238495,4.75
10,1,28,6.59808731079,4.75
10,1,84,3.9713640213,2.75
10,1,84,4.31523704529,2.75
10,1,49,3.78772115707,4.0
10,1,49,3.95472812653,4.0
10,1,26,2.643460989,2.375
10,1,26,2.83773732185,2.375
10,1,82,6.01401901245,4.5
10,1,82,6.22319507599,4.5
10,2,65,1.23417150974,5.0
10,2,65,1.48728966713,5.0
10,2,26,1.78598880768,3.5
10,2,26,1.46070337296,3.5
10,2,83,1.78740692139,4.25
10,2,83,1.655575037,4.25
10,2,15,2.41707277298,5.75
10,2,15,2.21706199646,5.75
10,2,25,1.82272028923,4.25
10,2,25,1.82774066925,4.25
10,2,82,1.3270072937,5.25
10,2,82,1.32994794846,5.25
10,2,14,3.69158029556,5.25
10,2,14,3.38590693474,5.25
10,2,71,1.54407012463,4.0
10,2,71,1.51412582397,4.0
10,2,24,1.29047834873,3.5
10,2,24,1.41497397423,3.5
10,2,81,1.85665476322,5.25
10,2,81,1.78562498093,5.25
10,2,35,0.0594891048968,2.75
10,2,35,-0.0166299603879,2.75
10,2,13,3.73836231232,5.25
10,2,13,3.34895420074,5.25
10,2,70,3.63828778267,4.66667
10,2,70,3.47285938263,4.66667
10,2,31,1.23380506039,3.25
10,2,31,1.21279323101,3.25
10,2,80,2.188393116,4.5
10,2,80,2.33797717094,4.5
10,2,34,2.0356297493,5.0
10,2,34,1.77034413815,5.0
10,2,12,2.78483963013,4.25
10,2,12,2.82096385956,4.25
10,2,69,1.84560012817,5.25
10,2,69,1.96087837219,5.25
10,2,30,2.3218896389,5.75
10,2,30,2.3316078186,5.75
10,2,87,2.72550082207,5.5
10,2,87,2.75207805634,5.5
10,2,33,1.16036832333,4.75
10,2,33,1.2249737978,4.75
10,2,51,3.83765983582,5.5
10,2,51,3.56041193008,5.5
10,2,68,2.38434028625,4.75
10,2,68,2.40917682648,4.75
10,2,29,1.55704975128,5.0
10,2,29,1.58095157146,5.0
10,2,86,1.98743128777,4.5
10,2,86,1.94662964344,4.5
10,2,32,1.10952925682,1.75
10,2,32,1.57211172581,1.75
10,2,50,2.33347272873,4.0
10,2,50,2.55942559242,4.0
10,2,75,2.59816193581,4.5
10,2,75,2.49973011017,4.5
10,2,28,2.20522546768,4.5
10,2,28,2.09369921684,4.5
10,2,85,2.4926431179,5.25
10,2,85,2.62631559372,5.25
10,2,39,3.57503771782,5.25
10,2,39,3.43518972397,5.25
10,2,74,2.55656766891,4.75
10,2,74,2.61779284477,4.75
10,2,3,3.41310834885,3.75
10,2,3,2.98916268349,3.75
10,2,84,1.68978285789,4.0
10,2,84,1.41852104664,4.0
10,2,38,2.67353200912,4.75
10,2,38,2.67057466507,4.75
10,2,73,1.74935698509,5.5
10,2,73,1.72185873985,5.5
10,2,91,2.09167504311,4.25
10,2,91,2.01409626007,4.25
10,2,37,2.0499587059,5.0
10,2,37,1.98761367798,5.0
10,2,55,3.62233328819,3.75
10,2,55,3.25844430923,3.75
10,2,72,1.54210066795,6.25
10,2,72,1.46455872059,6.25
10,2,90,3.24280834198,4.25
10,2,90,2.96212029457,4.25
10,2,19,1.33018445969,4.5
10,2,19,1.28913164139,4.5
10,2,36,2.03655409813,3.75
10,2,36,2.12380933762,3.75
10,2,54,3.01118278503,5.5
10,2,54,3.12266874313,5.5
10,2,79,2.28747606277,5.5
10,2,79,2.54864883423,5.5
10,2,89,2.96101784706,4.0
10,2,89,2.81417179108,4.0
10,2,43,2.01945209503,5.75
10,2,43,2.02243351936,5.75
10,2,53,3.9724354744,6.75
10,2,53,3.94924736023,6.75
10,2,78,2.59007048607,5.25
10,2,78,2.71736955643,5.25
10,2,7,3.16073036194,5.25
10,2,7,2.99354171753,5.25
10,2,88,2.5565366745,5.5
10,2,88,2.43625330925,5.5
10,2,42,3.31124401093,5.5
10,2,42,2.42408585548,5.5
10,2,52,3.05375957489,5.5
10,2,52,3.15902352333,5.5
10,2,77,2.02169036865,3.5
10,2,77,2.35619330406,3.5
10,2,6,3.00587511063,5.25
10,2,6,2.89739608765,5.25
10,2,95,1.49971437454,2.0
10,2,95,1.37642550468,2.0
10,2,41,3.26925849915,5.25
10,2,41,3.18831539154,5.25
10,2,76,1.72911167145,4.5
10,2,76,1.99662780762,4.5
10,2,5,3.43434429169,5.5
10,2,5,3.01698589325,5.5
10,2,94,1.68606626987,3.25
10,2,94,1.81460285187,3.25
10,2,23,2.80038833618,5.0
10,2,23,2.90254735947,5.0
10,2,40,0.916929960251,4.5
10,2,40,1.00346529484,4.5
10,2,97,0.835022330284,5.75
10,2,97,1.06387722492,5.75
10,2,58,2.82110881805,5.5
10,2,58,2.98500108719,5.5
10,2,4,2.91975975037,6.25
10,2,4,2.9715282917,6.25
10,2,93,1.41994166374,3.25
10,2,93,1.60712480545,3.25
10,2,22,2.76460576057,5.5
10,2,22,2.49397015572,5.5
10,2,47,1.60376358032,5.25
10,2,47,1.42555606365,5.25
10,2,96,2.61607027054,4.75
10,2,96,2.72414779663,4.75
10,2,11,2.52827262878,4.5
10,2,11,2.36656999588,4.5
10,2,92,0.718554139137,4.75
10,2,92,0.754729866982,4.75
10,2,21,2.77266263962,5.5
10,2,21,2.52843379974,5.5
10,2,46,1.27887105942,4.25
10,2,46,1.37669730186,4.25
10,2,56,2.99115133286,5.25
10,2,56,2.80175113678,5.25
10,2,10,1.38928723335,5.25
10,2,10,1.25559449196,5.25
10,2,67,2.35998654366,4.33333
10,2,67,2.19941091537,4.33333
10,2,20,2.55155849457,2.75
10,2,20,1.93880581856,2.75
10,2,45,1.14640498161,3.5
10,2,45,0.881156980991,3.5
10,2,9,1.56399321556,3.25
10,2,9,1.55425643921,3.25
10,2,66,1.53165435791,3.0
10,2,66,1.67946338654,3.0
10,2,27,2.30529522896,5.0
10,2,27,1.9061858654,5.0
10,2,44,2.91793560982,5.0
10,2,44,2.65186882019,5.0
10,2,8,3.15672588348,5.75
10,2,8,2.73533177376,5.75
11,1,5,2.84888315201,4.5
11,1,5,3.52442169189,4.5
11,1,94,2.63589072227,5.75
11,1,94,2.98143076897,5.75
11,1,23,4.83387899399,5.75
11,1,23,5.20615673065,5.75
11,1,32,3.46327924728,4.25
11,1,32,3.65408492088,4.25
11,1,50,1.12743389606,3.0
11,1,50,1.24978160858,3.0
11,1,75,1.91498184204,3.5
11,1,75,2.02280807495,3.5
11,1,4,3.02407479286,5.75
11,1,4,3.34383821487,5.75
11,1,93,2.98232650757,4.25
11,1,93,3.51887440681,4.25
11,1,22,2.58241510391,6.25
11,1,22,3.09361696243,6.25
11,1,47,1.51212251186,4.0
11,1,47,1.6964225769,4.0
11,1,49,1.23814034462,4.5
11,1,49,1.32098674774,4.5
11,1,74,1.91528224945,5.0
11,1,74,1.93428063393,5.0
11,1,92,2.68212604523,4.25
11,1,92,3.06644535065,4.25
11,1,21,2.84160995483,4.25
11,1,21,2.98905658722,4.25
11,1,46,0.861084461212,1.75
11,1,46,1.40218794346,1.75
11,1,48,1.04609966278,2.25
11,1,48,1.16651856899,2.25
11,1,73,4.53922462463,5.25
11,1,73,5.0378241539,5.25
11,1,91,2.98266077042,5.5
11,1,91,3.33755135536,5.5
11,1,20,2.93735742569,5.5
11,1,20,3.48830723763,5.5
11,1,63,2.99285936356,6.25
11,1,63,2.80546140671,6.25
11,1,72,2.93945169449,4.75
11,1,72,3.12791395187,4.75
11,1,90,2.95180082321,4.25
11,1,90,2.96863126755,4.25
11,1,19,3.73077392578,6.25
11,1,19,4.18551874161,6.25
11,1,62,2.50093054771,5.0
11,1,62,2.63906550407,5.0
11,1,89,4.58945798874,5.0
11,1,89,4.95597648621,5.0
11,1,15,2.29467344284,3.5
11,1,15,2.26285982132,3.5
11,1,88,2.92393183708,3.75
11,1,88,3.3146674633,3.75
11,1,99,2.78736495972,6.25
11,1,99,3.03611183167,6.25
11,1,14,3.19893836975,4.25
11,1,14,3.56652355194,4.25
11,1,71,1.84659814835,4.75
11,1,71,2.61084890366,4.75
11,1,98,1.89198338985,4.5
11,1,98,2.06849646568,4.5
11,1,13,2.84183716774,5.25
11,1,13,3.16703176498,5.25
11,1,70,2.40225887299,5.0
11,1,70,2.29105091095,5.0
11,1,31,3.61250138283,5.5
11,1,31,3.92230033875,5.5
11,1,97,1.50578427315,3.75
11,1,97,1.78222668171,3.75
11,1,12,3.19047737122,5.5
11,1,12,3.8122279644,5.5
11,1,69,1.99861192703,4.0
11,1,69,2.30164217949,4.0
11,1,30,3.92418956757,4.25
11,1,30,4.52678871155,4.25
11,1,87,1.48451709747,2.75
11,1,87,1.65503430367,2.75
11,1,96,2.19755840302,4.75
11,1,96,2.42143654823,4.75
11,1,57,0.339573472738,2.5
11,1,57,0.403096228838,2.5
11,1,11,1.95325994492,4.5
11,1,11,2.4285941124,4.5
11,1,68,2.36099863052,4.25
11,1,68,2.18061184883,4.25
11,1,29,3.16432762146,5.5
11,1,29,3.48538208008,5.5
11,1,56,0.682723999023,2.25
11,1,56,1.13196599483,2.25
11,1,10,2.83920049667,4.66667
11,1,10,2.6906542778,4.66667
11,1,67,2.35107946396,6.25
11,1,67,2.52646017075,6.25
11,1,28,2.90821743011,4.5
11,1,28,3.54163599014,4.5
11,1,39,1.88190364838,5.0
11,1,39,2.02951073647,5.0
11,1,9,3.06411647797,4.0
11,1,9,3.70447874069,4.0
11,1,66,1.83228468895,3.25
11,1,66,1.94122505188,3.25
11,1,27,3.28653764725,4.5
11,1,27,3.62051439285,4.5
11,1,84,2.61551189423,3.5
11,1,84,2.95983505249,3.5
11,1,38,4.45880937576,4.5
11,1,38,5.21770954132,4.5
11,1,8,2.81591510773,4.25
11,1,8,3.39005994797,4.25
11,1,65,1.71597599983,4.25
11,1,65,2.36101269722,4.25
11,1,26,4.13068675995,4.0
11,1,26,4.53606653214,4.0
11,1,83,2.14779376984,3.5
11,1,83,2.60919475555,3.5
11,1,37,3.83527040482,3.75
11,1,37,3.71565580368,3.75
11,1,55,0.836287617683,4.0
11,1,55,1.07536435127,4.0
11,1,64,3.22067451477,5.0
11,1,64,3.55912780762,5.0
11,1,25,3.4862716198,5.0
11,1,25,3.82096576691,5.0
11,1,82,3.20504426956,4.5
11,1,82,3.29098844528,4.5
11,1,36,2.81049323082,5.0
11,1,36,3.14743471146,5.0
11,1,54,0.948860645294,2.5
11,1,54,1.56628656387,2.5
11,1,79,2.10933852196,4.5
11,1,79,2.59091877937,4.5
11,1,24,3.75352978706,3.25
11,1,24,4.22512054443,3.25
11,1,81,2.48163890839,4.5
11,1,81,2.76909708977,4.5
11,1,35,3.81880259514,4.5
11,1,35,3.86008501053,4.5
11,1,53,2.37370896339,5.25
11,1,53,2.30661559105,5.25
11,1,78,2.24577260017,5.0
11,1,78,2.74670624733,5.0
11,1,7,2.28544926643,4.25
11,1,7,2.70339536667,4.25
11,1,80,2.33833217621,6.0
11,1,80,2.48203206062,6.0
11,1,34,4.27312612534,4.5
11,1,34,4.48123407364,4.5
11,1,52,3.43251156807,4.25
11,1,52,4.57336854935,4.25
11,1,77,3.87257575989,6.0
11,1,77,4.31006765366,6.0
11,1,6,2.33720564842,5.0
11,1,6,2.96748566628,5.0
11,1,95,2.27334451675,4.25
11,1,95,2.30962395668,4.25
11,1,33,3.99832010269,5.0
11,1,33,4.41606807709,5.0
11,1,51,2.40622925758,4.75
11,1,51,2.63048791885,4.75
11,1,76,2.67298483849,4.0
11,1,76,2.93911409378,4.0
11,2,84,1.22794783115,4.75
11,2,84,0.987170040607,4.75
11,2,28,1.43041503429,4.5
11,2,28,1.55323767662,4.5
11,2,74,0.534084379673,4.25
11,2,74,0.474519848824,4.25
11,2,18,2.23476910591,4.0
11,2,18,2.26325488091,4.0
11,2,72,1.99579286575,4.25
11,2,72,1.37662696838,4.25
11,2,63,0.855374574661,2.75
11,2,63,0.623630821705,2.75
11,2,78,2.56745004654,5.5
11,2,78,2.89458703995,5.5
11,2,61,0.959970235825,3.25
11,2,61,0.938285171986,3.25
11,2,22,1.82143115997,3.75
11,2,22,1.74018669128,3.75
11,2,76,1.94639611244,5.5
11,2,76,1.86172747612,5.5
11,2,51,2.75343036652,4.5
11,2,51,2.66541528702,4.5
11,2,20,2.66546201706,4.75
11,2,20,2.80269765854,4.75
11,2,105,2.15943074226,4.5
11,2,105,2.34152650833,4.5
11,2,66,1.11865544319,1.75
11,2,66,1.18305683136,1.75
11,2,49,1.35349369049,2.75
11,2,49,1.18722569942,2.75
11,2,10,1.24394452572,4.75
11,2,10,1.20553159714,4.75
11,2,111,2.49425363541,4.5
11,2,111,2.10552835464,4.5
11,2,64,1.61523628235,4.25
11,2,64,1.53756856918,4.25
11,2,55,2.01920080185,4.5
11,2,55,2.2610001564,4.5
11,2,8,2.38851928711,5.0
11,2,8,2.36538481712,5.0
11,2,109,2.82296538353,4.75
11,2,109,2.88056755066,4.75
11,2,53,2.30489516258,4.5
11,2,53,2.14352703094,4.5
11,2,99,2.58759522438,5.5
11,2,99,2.58361124992,5.5
11,2,68,1.73760724068,4.0
11,2,68,1.73188829422,4.0
11,2,43,1.49976205826,5.25
11,2,43,1.2547608614,5.25
11,2,12,0.594711303711,2.25
11,2,12,0.203823506832,2.25
11,2,97,1.0458394289,3.75
11,2,97,0.88683539629,3.75
11,2,41,1.63157773018,4.75
11,2,41,1.72560489178,4.75
11,2,103,2.89286875725,5.25
11,2,103,3.12387609482,5.25
11,2,47,2.205991745,4.0
11,2,47,2.49911165237,4.0
11,2,101,1.58732056618,4.75
11,2,101,1.64935040474,4.75
11,2,45,0.77252972126,4.25
11,2,45,0.540222287178,4.25
11,2,6,2.33002400398,5.5
11,2,6,1.71255660057,5.5
11,2,91,1.65762257576,4.5
11,2,91,1.3585139513,4.5
11,2,35,1.73239016533,3.75
11,2,35,1.87952327728,3.75
11,2,4,0.700024068356,4.0
11,2,4,0.567153990269,4.0
11,2,89,2.01878380775,4.75
11,2,89,1.81503605843,4.75
11,2,33,2.73452877998,4.25
11,2,33,2.92971873283,4.25
11,2,95,1.78646731377,4.0
11,2,95,1.84375011921,4.0
11,2,39,0.825524330139,4.5
11,2,39,0.885084986687,4.5
11,2,93,1.43447601795,5.0
11,2,93,1.2352950573,5.0
11,2,37,1.564032197,5.0
11,2,37,1.67264080048,5.0
11,2,83,1.92309165001,4.0
11,2,83,1.90479969978,4.0
11,2,27,2.284522295,5.5
11,2,27,2.37528514862,5.5
11,2,81,0.6683152318,3.0
11,2,81,0.359283387661,3.0
11,2,25,2.46834635735,5.0
11,2,25,2.18895435333,5.0
11,2,87,2.28747272491,4.25
11,2,87,2.79265546799,4.25
11,2,31,2.89034795761,5.0
11,2,31,3.08395767212,5.0
11,2,85,0.8729159832,5.0
11,2,85,0.940105140209,5.0
11,2,56,2.04198098183,4.75
11,2,56,1.98341095448,4.75
11,2,29,1.55737066269,4.75
11,2,29,1.65705800056,4.75
11,2,75,0.422578036785,2.5
11,2,75,0.397889494896,2.5
11,2,62,0.0853784233332,1.75
11,2,62,0.330877691507,1.75
11,2,19,1.46276056767,5.25
11,2,19,1.33516991138,5.25
11,2,73,0.323315441608,4.25
11,2,73,0.329549521208,4.25
11,2,60,0.894490003586,2.5
11,2,60,0.749504089355,2.5
11,2,17,0.954253196716,3.75
11,2,17,1.29177546501,3.75
11,2,106,2.16938042641,3.0
11,2,106,2.32257175446,3.0
11,2,79,0.849842429161,4.25
11,2,79,0.86533176899,4.25
11,2,50,2.60970854759,4.25
11,2,50,2.48625087738,4.25
11,2,23,1.74013459682,5.75
11,2,23,1.47343277931,5.75
11,2,104,2.74663829803,6.0
11,2,104,2.72056770325,6.0
11,2,77,1.89425563812,4.5
11,2,77,1.87637114525,4.5
11,2,48,2.17772722244,6.5
11,2,48,1.8450961113,6.5
11,2,21,3.79773569107,6.25
11,2,21,4.42088985443,6.25
11,2,110,3.14069271088,4.75
11,2,110,3.44705295563,4.75
11,2,67,1.06471824646,4.75
11,2,67,1.23542141914,4.75
11,2,54,1.54756069183,3.75
11,2,54,1.21882605553,3.75
11,2,11,1.51601421833,2.5
11,2,11,1.41506171227,2.5
11,2,65,1.32329642773,2.5
11,2,65,1.3063955307,2.5
11,2,52,3.11760187149,5.0
11,2,52,3.27743124962,5.0
11,2,9,2.67711186409,3.5
11,2,9,2.55401587486,3.5
11,2,98,1.6596596241,5.0
11,2,98,1.58058810234,5.0
11,2,42,1.82935988903,4.75
11,2,42,1.47101807594,4.75
11,2,96,1.87785351276,5.0
11,2,96,1.58313250542,5.0
11,2,69,1.54086351395,3.25
11,2,69,1.40645182133,3.25
11,2,40,1.94955444336,4.25
11,2,40,1.789686203,4.25
11,2,102,1.8110294342,3.75
11,2,102,1.74563193321,3.75
11,2,46,1.61612224579,4.25
11,2,46,1.44266963005,4.25
11,2,3,1.54182338715,5.0
11,2,3,1.5564494133,5.0
11,2,100,1.6948120594,4.5
11,2,100,1.84238839149,4.5
11,2,44,3.82046699524,5.5
11,2,44,4.0491900444,5.5
11,2,90,1.18395841122,3.25
11,2,90,1.36007761955,3.25
11,2,34,2.58056020737,6.5
11,2,34,2.98453378677,6.5
11,2,7,0.635305166245,0.75
11,2,7,0.639091134071,0.75
11,2,88,0.790832519531,5.0
11,2,88,0.778843164444,5.0
11,2,32,1.24150753021,5.25
11,2,32,1.57727599144,5.25
11,2,5,0.554487645626,2.25
11,2,5,0.282350420952,2.25
11,2,94,2.11940050125,4.25
11,2,94,1.77331101894,4.25
11,2,38,1.2806596756,4.25
11,2,38,1.11800932884,4.25
11,2,92,1.80768299103,5.5
11,2,92,1.96411395073,5.5
11,2,36,2.84239411354,4.25
11,2,36,2.67757582664,4.25
11,2,82,0.763485908508,4.75
11,2,82,0.766840219498,4.75
11,2,26,1.80093407631,3.5
11,2,26,1.8729776144,3.5
11,2,80,0.304062157869,3.75
11,2,80,0.0526657775044,3.75
11,2,24,2.5629825592,5.0
11,2,24,2.79960536957,5.0
11,2,86,1.68812632561,5.75
11,2,86,1.47731649876,5.75
11,2,30,2.23504304886,4.0
11,2,30,2.13852953911,4.0
12,1,60,1.2841553688,3.75
12,1,60,1.38328826427,3.75
12,1,25,2.3444712162,5.75
12,1,25,2.0991973877,5.75
12,1,83,3.80255270004,5.5
12,1,83,3.44488954544,5.5
12,1,62,-0.363984405994,2.5
12,1,62,-0.346750497818,2.5
12,1,27,1.66412949562,4.5
12,1,27,1.46601366997,4.5
12,1,77,2.34922862053,4.75
12,1,77,2.46543884277,4.75
12,1,21,4.11587524414,4.5
12,1,21,4.61397361755,4.5
12,1,79,2.29598593712,4.25
12,1,79,2.13673019409,4.25
12,1,23,2.44070768356,3.5
12,1,23,1.76227617264,3.5
12,1,108,1.88994932175,3.25
12,1,108,2.3534924984,3.25
12,1,73,3.16150689125,4.25
12,1,73,3.16430521011,4.25
12,1,17,4.86873626709,5.0
12,1,17,4.37939739227,5.0
12,1,110,2.55247950554,5.0
12,1,110,2.55107092857,5.0
12,1,75,2.44991993904,5.25
12,1,75,2.46189904213,5.25
12,1,54,4.12435674667,4.75
12,1,54,3.51685476303,4.75
12,1,19,3.37491846085,3.75
12,1,19,3.8522772789,3.75
12,1,104,0.48334467411,2.5
12,1,104,0.448126554489,2.5
12,1,69,2.71694469452,3.75
12,1,69,3.1599149704,3.75
12,1,48,4.05233335495,4.5
12,1,48,3.56805419922,4.5
12,1,106,-0.389453709126,1.25
12,1,106,-0.35768571496,1.25
12,1,100,0.632268607616,2.75
12,1,100,0.631228625774,2.75
12,1,65,1.916685462,4.5
12,1,65,1.47981202602,4.5
12,1,44,4.24549007416,5.5
12,1,44,3.68279123306,5.5
12,1,9,4.51342010498,4.75
12,1,9,4.83269500732,4.75
12,1,102,3.01660490036,4.5
12,1,102,2.77643871307,4.5
12,1,67,-0.183794721961,2.75
12,1,67,-0.612265586853,2.75
12,1,46,2.76586198807,3.5
12,1,46,2.07769370079,3.5
12,1,11,4.82019853592,5.0
12,1,11,4.11533975601,5.0
12,1,96,2.53588271141,3.25
12,1,96,2.32498264313,3.25
12,1,40,2.5859811306,4.25
12,1,40,1.80496108532,4.25
12,1,5,3.77649497986,6.0
12,1,5,3.92935609818,6.0
12,1,98,3.54094433784,3.75
12,1,98,3.46159601212,3.75
12,1,42,4.11462593079,4.25
12,1,42,3.47662258148,4.25
12,1,7,4.5110077858,6.25
12,1,7,4.77978420258,6.25
12,1,92,1.46963572502,3.25
12,1,92,1.7817196846,3.25
12,1,36,2.39912581444,5.0
12,1,36,2.08703708649,5.0
12,1,38,3.77836561203,5.5
12,1,38,3.83789992332,5.5
12,1,3,4.89811038971,6.0
12,1,3,4.83618545532,6.0
12,1,88,2.81473779678,4.5
12,1,88,3.14695000648,4.5
12,1,32,1.53936004639,5.25
12,1,32,1.67570495605,5.25
12,1,90,2.91065406799,4.0
12,1,90,2.39626312256,4.0
12,1,34,1.85446214676,5.5
12,1,34,1.67577600479,5.5
12,1,84,4.38080215454,4.5
12,1,84,4.7147231102,4.5
12,1,28,1.86416816711,5.0
12,1,28,1.46537613869,5.0
12,1,86,2.19617962837,3.0
12,1,86,2.22610378265,3.0
12,1,30,1.68502211571,4.0
12,1,30,1.84059762955,4.0
12,1,80,2.197681427,4.0
12,1,80,2.10757732391,4.0
12,1,24,1.72869348526,5.25
12,1,24,1.71080374718,5.25
12,1,82,4.11086177826,4.0
12,1,82,3.86476993561,4.0
12,1,61,1.16062641144,4.0
12,1,61,0.739796638489,4.0
12,1,26,3.3708319664,5.0
12,1,26,4.28814935684,5.0
12,1,76,3.34128046036,4.0
12,1,76,3.45471954346,4.0
12,1,63,-0.255856513977,3.0
12,1,63,0.0830993950367,3.0
12,1,20,4.56722164154,4.75
12,1,20,3.42507791519,4.75
12,1,78,3.16939210892,6.0
12,1,78,3.98104429245,6.0
12,1,22,1.17680442333,4.5
12,1,22,2.07372713089,4.5
12,1,72,2.86099433899,3.25
12,1,72,3.43806600571,3.25
12,1,16,2.77743911743,5.25
12,1,16,2.33021831512,5.25
12,1,109,1.36928844452,3.5
12,1,109,1.65150284767,3.5
12,1,74,3.03758883476,5.0
12,1,74,3.03866910934,5.0
12,1,53,2.92521762848,4.5
12,1,53,1.95523929596,4.5
12,1,18,3.32951164246,4.25
12,1,18,2.7142393589,4.25
12,1,111,1.87682294846,2.75
12,1,111,2.86232018471,2.75
12,1,68,4.00176954269,4.25
12,1,68,3.12684130669,4.25
12,1,55,4.87550735474,5.0
12,1,55,4.31174659729,5.0
12,1,12,5.17584896088,5.75
12,1,12,4.46424484253,5.75
12,1,105,0.981063723564,3.25
12,1,105,1.02933621407,3.25
12,1,49,1.44704508781,4.75
12,1,49,1.95336163044,4.75
12,1,107,1.83057570457,4.5
12,1,107,1.74429583549,4.5
12,1,64,3.26803636551,4.0
12,1,64,2.87770223618,4.0
12,1,8,6.05029773712,5.25
12,1,8,5.97780609131,5.25
12,1,101,1.00318336487,3.25
12,1,101,1.19236290455,3.25
12,1,66,1.19344091415,3.0
12,1,66,0.326673686504,3.0
12,1,45,3.13832092285,5.0
12,1,45,2.40869903564,5.0
12,1,10,5.29461097717,5.25
12,1,10,5.17626667023,5.25
12,1,103,2.83633089066,4.5
12,1,103,2.63341379166,4.5
12,1,47,4.08290338516,5.5
12,1,47,3.90265321732,5.5
12,1,4,4.62931060791,6.25
12,1,4,4.44200849533,6.25
12,1,97,1.33500897884,4.25
12,1,97,2.11084294319,4.25
12,1,41,1.98292601109,3.75
12,1,41,2.89969372749,3.75
12,1,6,4.35284757614,5.0
12,1,6,4.47878742218,5.0
12,1,99,-0.387637257576,1.75
12,1,99,-0.459699571133,1.75
12,1,43,3.4376168251,4.75
12,1,43,2.68311214447,4.75
12,1,93,0.841094732285,3.75
12,1,93,0.899212121964,3.75
12,1,37,4.00287818909,4.5
12,1,37,3.35484838486,4.5
12,1,2,5.16885185242,6.5
12,1,2,5.1690120697,6.5
12,1,39,1.90801405907,5.75
12,1,39,1.80900812149,5.75
12,1,89,0.841732442379,3.5
12,1,89,1.53936004639,3.5
12,1,33,1.35772979259,4.25
12,1,33,1.43452358246,4.25
12,1,91,3.20366716385,4.5
12,1,91,2.50417733192,4.5
12,1,35,3.16597437859,4.0
12,1,35,2.95085024834,4.0
12,1,85,4.01503419876,4.75
12,1,85,3.47278189659,4.75
12,1,29,0.300817400217,2.75
12,1,29,-0.00561950402334,2.75
12,1,87,1.79609942436,5.0
12,1,87,2.1092646122,5.0
12,1,31,3.52664422989,5.0
12,1,31,2.5043656826,5.0
12,1,81,0.98491692543,4.0
12,1,81,1.27549803257,4.0
12,2,14,3.09045028687,4.25
12,2,14,3.5523955822,4.25
12,2,37,2.63700699806,3.5
12,2,37,2.04598379135,3.5
12,2,64,-0.723837852478,1.5
12,2,64,-1.04835534096,1.5
12,2,8,2.44062662125,4.0
12,2,8,1.95526003838,4.0
12,2,39,1.47139668465,2.0
12,2,39,0.69874638319,2.0
12,2,66,-0.365873634815,1.0
12,2,66,-0.65190923214,1.0
12,2,10,4.65239238739,4.25
12,2,10,3.92009353638,4.25
12,2,33,3.46748614311,3.75
12,2,33,3.63229107857,3.75
12,2,4,1.96088480949,4.0
12,2,4,1.97739624977,4.0
12,2,35,3.03619766235,3.0
12,2,35,2.36930775642,3.0
12,2,6,3.78441810608,3.5
12,2,6,2.59063076973,3.5
12,2,93,1.44135355949,5.0
12,2,93,1.58876430988,5.0
12,2,95,1.40885746479,4.75
12,2,95,1.46010422707,4.75
12,2,89,2.79909515381,3.75
12,2,89,2.3526802063,3.75
12,2,116,1.33306837082,3.0
12,2,116,1.43836832047,3.0
12,2,91,2.41325902939,4.5
12,2,91,2.34379863739,4.5
12,2,62,-0.0606998726726,1.75
12,2,62,-0.339172959328,1.75
12,2,85,2.08746504784,4.75
12,2,85,2.37619400024,4.75
12,2,112,3.22165632248,3.75
12,2,112,2.6913383007,3.75
12,2,29,2.8453783989,3.0
12,2,29,2.67440748215,3.0
12,2,56,4.05659484863,5.0
12,2,56,3.85612177849,5.0
12,2,87,1.48188555241,4.75
12,2,87,1.98691570759,4.75
12,2,114,0.664194583893,3.5
12,2,114,0.77728998661,3.5
12,2,31,3.50833511353,4.75
12,2,31,2.53528237343,4.75
12,2,58,3.5419383049,3.75
12,2,58,2.7890765667,3.75
12,2,81,3.36959195137,5.5
12,2,81,3.03832817078,5.5
12,2,108,-0.520978569984,2.0
12,2,108,0.0855398401618,2.0
12,2,25,3.68868970871,4.75
12,2,25,3.2310385704,4.75
12,2,52,4.35050106049,4.75
12,2,52,4.14989995956,4.75
12,2,83,1.09895443916,3.75
12,2,83,1.64000701904,3.75
12,2,110,-0.122575029731,2.25
12,2,110,-0.300155937672,2.25
12,2,27,2.93327689171,4.5
12,2,27,2.52561473846,4.5
12,2,54,3.37251567841,4.5
12,2,54,2.29073572159,4.5
12,2,77,2.15947890282,5.0
12,2,77,1.75025367737,5.0
12,2,104,1.04205691814,2.0
12,2,104,1.19474375248,2.0
12,2,21,1.54986858368,3.75
12,2,21,1.46157634258,3.75
12,2,48,4.45895814896,4.5
12,2,48,3.7889778614,4.5
12,2,79,2.14380550385,3.75
12,2,79,2.25126767159,3.75
12,2,106,0.597816288471,3.5
12,2,106,1.05363488197,3.5
12,2,23,2.87383985519,5.25
12,2,23,2.80023336411,5.25
12,2,50,4.44771671295,4.75
12,2,50,4.12309360504,4.75
12,2,73,0.359143584967,2.0
12,2,73,0.431073814631,2.0
12,2,100,0.502820014954,2.5
12,2,100,0.965216994286,2.5
12,2,44,2.99178361893,3.75
12,2,44,2.69125366211,3.75
12,2,102,-0.160872429609,1.75
12,2,102,0.0813940018415,1.75
12,2,19,3.70714950562,4.5
12,2,19,3.44793748856,4.5
12,2,46,3.96279764175,4.25
12,2,46,3.36582946777,4.25
12,2,69,-1.15314936638,2.25
12,2,69,-1.05928552151,2.25
12,2,96,2.61753034592,4.75
12,2,96,2.30872011185,4.75
12,2,13,3.33441400528,3.5
12,2,13,1.57376611233,3.5
12,2,40,4.36297750473,3.5
12,2,40,3.47927188873,3.5
12,2,71,-0.085914298892,1.5
12,2,71,-0.581412315369,1.5
12,2,98,1.5848171711,2.75
12,2,98,1.83428120613,2.75
12,2,42,2.79919147491,3.5
12,2,42,2.73969817162,3.5
12,2,65,-0.613264918327,2.25
12,2,65,-0.798335909843,2.25
12,2,9,1.94981908798,4.0
12,2,9,1.83018159866,4.0
12,2,36,2.25738406181,5.75
12,2,36,1.45813012123,5.75
12,2,67,2.81683015823,3.0
12,2,67,1.7919728756,3.0
12,2,11,2.60323667526,5.0
12,2,11,1.7311193943,5.0
12,2,5,1.60961461067,5.25
12,2,5,1.57522583008,5.25
12,2,32,3.25634288788,3.25
12,2,32,2.59958791733,3.25
12,2,7,1.94314074516,5.0
12,2,7,2.20688247681,5.0
12,2,34,3.71519064903,4.25
12,2,34,3.15352249146,4.25
12,2,92,2.08423614502,3.5
12,2,92,2.12458372116,3.5
12,2,3,0.469222724438,3.75
12,2,3,0.802872657776,3.75
12,2,94,0.585987448692,2.5
12,2,94,0.122700713575,2.5
12,2,88,1.97825980186,5.0
12,2,88,2.20186853409,5.0
12,2,90,2.22216916084,3.25
12,2,90,2.31916332245,3.25
12,2,113,2.84213852882,3.25
12,2,113,2.5342195034,3.25
12,2,57,5.3068819046,4.75
12,2,57,4.70788574219,4.75
12,2,84,0.859915852547,4.25
12,2,84,1.05191373825,4.25
12,2,115,0.583603560925,2.75
12,2,115,0.850301265717,2.75
12,2,28,2.08928632736,4.75
12,2,28,1.94078874588,4.75
12,2,59,4.8783197403,5.0
12,2,59,4.1971912384,5.0
12,2,86,2.21980667114,4.0
12,2,86,1.85317575932,4.0
12,2,109,0.390898764133,3.25
12,2,109,0.956944227219,3.25
12,2,30,2.57325458527,4.5
12,2,30,2.37294769287,4.5
12,2,53,5.33898115158,3.75
12,2,53,4.56684780121,3.75
12,2,80,2.05206537247,5.25
12,2,80,1.85823845863,5.25
12,2,111,2.4322309494,4.0
12,2,111,2.01895689964,4.0
12,2,24,3.22548246384,4.25
12,2,24,2.7868885994,4.25
12,2,55,5.16394853592,4.5
12,2,55,5.50163173676,4.5
12,2,82,0.257061839104,2.5
12,2,82,0.403935909271,2.5
12,2,105,2.55464935303,4.0
12,2,105,2.35784196854,4.0
12,2,26,2.35448551178,2.75
12,2,26,1.62018680573,2.75
12,2,49,4.01336812973,5.25
12,2,49,3.93365263939,5.25
12,2,107,0.957956850529,2.25
12,2,107,1.3249578476,2.25
12,2,20,3.47802114487,4.0
12,2,20,3.40177774429,4.0
12,2,51,0.253138750792,3.0
12,2,51,0.301108300686,3.0
12,2,78,1.29249763489,4.0
12,2,78,1.37102115154,4.0
12,2,101,2.1626188755,3.0
12,2,101,2.39213418961,3.0
12,2,22,4.20247840881,5.0
12,2,22,3.8072476387,5.0
12,2,45,3.78393793106,4.0
12,2,45,3.05212259293,4.0
12,2,103,1.0772138834,2.5
12,2,103,1.47457742691,2.5
12,2,47,4.67431354523,4.75
12,2,47,3.79971027374,4.75
12,2,97,0.915413737297,1.5
12,2,97,1.04155099392,1.5
12,2,41,3.4102127552,5.25
12,2,41,2.94076061249,5.25
12,2,68,-0.412848204374,2.0
12,2,68,-0.653716564178,2.0
12,2,99,1.52044808865,3.25
12,2,99,1.65069961548,3.25
12,2,12,3.40155315399,5.25
12,2,12,2.98050284386,5.25
12,2,43,5.17585849762,4.5
12,2,43,4.2022895813,4.5
12,2,70,-1.34569251537,1.25
12,2,70,-1.46641921997,1.25
16,2,107,3.85936260223,3.25
16,2,107,3.08244752884,3.25
16,2,78,3.33843660355,4.25
16,2,78,2.25881028175,4.25
16,2,37,2.74793338776,4.5
16,2,37,1.65325498581,4.5
16,2,109,0.903952479362,4.5
16,2,109,1.36855578423,4.5
16,2,39,4.75849246979,2.25
16,2,39,4.42985153198,2.25
16,2,111,1.72905230522,3.5
16,2,111,0.956248044968,3.5
16,2,66,5.70485067368,5.75
16,2,66,5.38953828812,5.75
16,2,25,3.56863498688,3.0
16,2,25,3.26945734024,3.0
16,2,97,5.01728057861,2.75
16,2,97,4.80706071854,2.75
16,2,68,2.4345934391,1.25
16,2,68,2.43050575256,1.25
16,2,27,5.34524250031,4.25
16,2,27,5.19791412354,4.25
16,2,99,4.62311697006,3.25
16,2,99,4.02148389816,3.25
16,2,70,0.158689260483,1.75
16,2,70,1.35244238377,1.75
16,2,29,5.44166088104,2.0
16,2,29,5.73479366302,2.0
16,2,101,4.84589576721,5.0
16,2,101,4.69485902786,5.0
16,2,56,2.74538946152,4.75
16,2,56,3.17076826096,4.75
16,2,31,3.06113433838,2.0
16,2,31,2.48942375183,2.0
16,2,103,3.33369922638,3.25
16,2,103,3.27395343781,3.25
16,2,58,3.275806427,2.25
16,2,58,3.18619632721,2.25
16,2,89,0.480828881264,1.75
16,2,89,0.645721375942,1.75
16,2,60,5.16243076324,3.0
16,2,60,5.03360509872,3.0
16,2,91,2.37629747391,3.25
16,2,91,1.74437952042,3.25
16,2,21,3.39915776253,3.75
16,2,21,2.93922543526,3.75
16,2,93,5.0363945961,4.0
16,2,93,4.42605113983,4.0
16,2,48,5.32712650299,3.25
16,2,48,5.15850114822,3.25
16,2,23,4.55124902725,2.5
16,2,23,4.77066373825,2.5
16,2,95,4.78698968887,3.5
16,2,95,4.63515329361,3.5
16,2,50,-0.0541043579578,2.25
16,2,50,-0.153696715832,2.25
16,2,9,5.53380823135,3.5
16,2,9,5.44091796875,3.5
16,2,81,0.909746110439,2.5
16,2,81,1.0448012352,2.5
16,2,52,0.55850404501,2.25
16,2,52,1.78769123554,2.25
16,2,11,5.10754203796,4.5
16,2,11,4.3596944809,4.5
16,2,83,1.03109574318,4.5
16,2,83,0.693180322647,4.5
16,2,54,4.07046079636,1.25
16,2,54,4.01850318909,1.25
16,2,13,4.38935661316,4.5
16,2,13,4.23329496384,4.5
16,2,85,0.146959349513,3.5
16,2,85,0.633814692497,3.5
16,2,40,2.23867344856,2.0
16,2,40,2.63348484039,2.0
16,2,15,3.57155871391,4.25
16,2,15,3.00134968758,4.25
16,2,112,0.0224017947912,1.5
16,2,112,-0.182237952948,1.5
16,2,87,1.85356199741,3.5
16,2,87,1.82888388634,3.5
16,2,42,0.604374289513,2.5
16,2,42,0.993306875229,2.5
16,2,114,4.20406627655,3.5
16,2,114,3.7837035656,3.5
16,2,73,3.22078990936,4.0
16,2,73,2.72779989243,4.0
16,2,44,4.28295230865,2.75
16,2,44,4.33855628967,2.75
16,2,116,3.1543006897,4.0
16,2,116,2.96360659599,4.0
16,2,46,3.05575847626,2.5
16,2,46,2.15160703659,2.5
16,2,5,2.14926719666,4.0
16,2,5,1.31049716473,4.0
16,2,77,2.48577880859,5.5
16,2,77,1.84692978859,5.5
16,2,32,4.95280647278,2.75
16,2,32,3.98270058632,2.75
16,2,7,4.2253575325,5.0
16,2,7,4.01976728439,5.0
16,2,104,4.17738437653,1.75
16,2,104,4.321434021,1.75
16,2,79,2.12776851654,5.0
16,2,79,2.01047754288,5.0
16,2,34,3.41254591942,2.25
16,2,34,2.24415683746,2.25
16,2,106,3.46856975555,2.75
16,2,106,3.30779838562,2.75
16,2,65,4.66199541092,5.0
16,2,65,4.51202535629,5.0
16,2,36,4.15214157104,3.75
16,2,36,3.61103224754,3.75
16,2,108,-0.458519756794,2.75
16,2,108,0.000782021787018,2.75
16,2,67,-0.039121452719,3.5
16,2,67,-0.35272115469,3.5
16,2,38,3.2218079567,4.0
16,2,38,2.54662322998,4.0
16,2,110,1.96458542347,2.25
16,2,110,2.26110267639,2.25
16,2,69,3.50688028336,1.75
16,2,69,3.93511009216,1.75
16,2,24,5.75453329086,3.5
16,2,24,5.93756484985,3.5
16,2,96,1.58980345726,3.5
16,2,96,0.642446756363,3.5
16,2,71,5.919257164,4.0
16,2,71,5.78181886673,4.0
16,2,26,4.66541004181,3.25
16,2,26,4.76546049118,3.25
16,2,98,4.48032522202,4.5
16,2,98,4.21399497986,4.5
16,2,57,1.44881784916,3.0
16,2,57,1.25574672222,3.0
16,2,28,5.27861642838,3.25
16,2,28,5.1624250412,3.25
16,2,100,1.886546731,3.25
16,2,100,0.830132603645,3.25
16,2,59,-0.0131718283519,3.0
16,2,59,0.761720538139,3.0
16,2,30,4.31389570236,3.0
16,2,30,3.4236395359,3.0
16,2,102,3.22645711899,1.75
16,2,102,2.66496920586,1.75
16,2,61,3.37706613541,2.5
16,2,61,3.21504878998,2.5
16,2,88,2.48181629181,3.75
16,2,88,2.11537337303,3.75
16,2,90,-0.953481793404,1.75
16,2,90,-0.653091132641,1.75
16,2,49,2.85317802429,2.75
16,2,49,2.61363554001,2.75
16,2,92,3.6830663681,2.5
16,2,92,3.5461370945,2.5
16,2,51,4.6819767952,3.5
16,2,51,4.32401943207,3.5
16,2,22,0.250289320946,1.75
16,2,22,0.00781838502735,1.75
16,2,94,0.530777871609,4.0
16,2,94,-0.556881904602,4.0
16,2,53,2.75271320343,4.0
16,2,53,2.12498116493,4.0
16,2,8,3.91757774353,3.25
16,2,8,3.31294250488,3.25
16,2,80,2.89954042435,4.0
16,2,80,2.60242605209,4.0
16,2,55,4.35270357132,4.0
16,2,55,4.1656999588,4.0
16,2,10,5.44064044952,5.5
16,2,10,4.87575149536,5.5
16,2,82,3.86040401459,2.25
16,2,82,2.68406462669,2.25
16,2,41,4.75753831863,1.75
16,2,41,4.69788742065,1.75
16,2,12,5.6052646637,5.5
16,2,12,5.43767595291,5.5
16,2,113,0.935559153557,2.5
16,2,113,1.28755366802,2.5
16,2,84,0.380452483892,3.75
16,2,84,0.56588101387,3.75
16,2,43,2.80986261368,2.25
16,2,43,2.34064269066,2.25
16,2,14,4.74637508392,4.0
16,2,14,4.3233423233,4.0
16,2,115,2.51305317879,2.75
16,2,115,2.24896597862,2.75
16,2,86,3.06260633469,4.5
16,2,86,2.36883592606,4.5
16,2,45,5.02153491974,3.0
16,2,45,4.56351852417,3.0
16,2,72,2.45381689072,2.25
16,2,72,2.22787475586,2.25
16,2,47,3.56772136688,1.75
16,2,47,3.41806507111,1.75
16,2,33,3.87019658089,1.5
16,2,33,3.02926588058,1.5
16,2,105,3.92728281021,3.75
16,2,105,3.49714946747,3.75
16,2,76,4.48102760315,3.0
16,2,76,4.25728607178,3.0
16,2,35,3.82061052322,2.5
16,2,35,3.33062648773,2.5
16,2,6,3.85222363472,4.5
16,2,6,3.46995091438,4.5
17,1,87,3.47562599182,2.5
17,1,87,3.6529750824,2.5
17,1,56,2.80068397522,3.25
17,1,56,2.73452973366,3.25
17,1,31,-0.566316604614,4.0
17,1,31,-0.598918437958,4.0
17,1,73,4.01928377151,4.25
17,1,73,4.66058492661,4.25
17,1,17,5.81844615936,3.0
17,1,17,6.19832992554,3.0
17,1,75,-0.613669157028,1.75
17,1,75,-0.289400815964,1.75
17,1,60,-1.1139973402,3.0
17,1,60,-0.936129331589,3.0
17,1,19,4.30877828598,4.0
17,1,19,4.6614074707,4.0
17,1,77,-0.00246157031506,3.5
17,1,77,0.0703188553452,3.5
17,1,62,-1.31729876995,1.75
17,1,62,-1.5241765976,1.75
17,1,21,2.95234012604,2.5
17,1,21,3.24371337891,2.5
17,1,104,2.89744186401,3.25
17,1,104,2.94268918037,3.25
17,1,79,5.41209363937,3.25
17,1,79,5.80845117569,3.25
17,1,23,6.39842891693,2.5
17,1,23,6.69294548035,2.5
17,1,106,3.91535997391,2.75
17,1,106,3.64814186096,2.75
17,1,65,-2.62826895714,1.25
17,1,65,-2.02299594879,1.25
17,1,50,0.710230827332,3.75
17,1,50,1.03547394276,3.75
17,1,9,-1.3225903511,1.5
17,1,9,-1.32785058022,1.5
17,1,108,1.72492170334,2.5
17,1,108,1.80145788193,2.5
17,1,67,-1.09074389935,3.0
17,1,67,-0.614722728729,3.0
17,1,52,3.34169697762,2.75
17,1,52,4.07308578491,2.75
17,1,11,-1.36617898941,1.5
17,1,11,-1.41242897511,1.5
17,1,110,1.23189473152,3.5
17,1,110,1.29808282852,3.5
17,1,69,1.35741472244,2.5
17,1,69,1.27342057228,2.5
17,1,54,2.89460539818,3.25
17,1,54,3.07687497139,3.25
17,1,96,2.59977650642,1.5
17,1,96,2.65281653404,1.5
17,1,40,2.85296607018,3.0
17,1,40,3.13967514038,3.0
17,1,98,0.431615829468,3.5
17,1,98,0.790955543518,3.5
17,1,42,-0.406466424465,3.75
17,1,42,-0.406381845474,3.75
17,1,100,4.42911338806,2.75
17,1,100,4.32026576996,2.75
17,1,44,1.71538424492,3.5
17,1,44,2.11159205437,3.5
17,1,102,1.09730553627,3.75
17,1,102,1.03841173649,3.75
17,1,46,0.817798912525,4.0
17,1,46,0.755972981453,4.0
17,1,5,1.72686362267,2.75
17,1,5,1.84893751144,2.75
17,1,88,2.98812007904,4.25
17,1,88,3.12536478043,4.25
17,1,32,3.66487646103,4.5
17,1,32,4.00272226334,4.5
17,1,7,1.74309039116,2.75
17,1,7,1.53997159004,2.75
17,1,90,2.41906404495,5.5
17,1,90,2.68863868713,5.5
17,1,34,-0.672004640102,3.25
17,1,34,-0.449117600918,3.25
17,1,92,3.83172655106,5.25
17,1,92,4.08653020859,5.25
17,1,36,2.65397262573,2.75
17,1,36,2.86155819893,2.75
17,1,94,4.96848106384,3.5
17,1,94,5.09265232086,3.5
17,1,38,3.22515630722,2.25
17,1,38,3.59619092941,2.25
17,1,80,2.98498153687,4.25
17,1,80,3.28607702255,4.25
17,1,24,4.49174976349,3.25
17,1,24,4.48249816895,3.25
17,1,82,1.41489779949,5.0
17,1,82,2.00669264793,5.0
17,1,26,2.4615778923,3.0
17,1,26,2.50424146652,3.0
17,1,84,3.69201469421,4.25
17,1,84,4.17056465149,4.25
17,1,28,5.09491729736,4.25
17,1,28,4.87465047836,4.25
17,1,86,1.68680906296,4.0
17,1,86,2.23678731918,4.0
17,1,59,-1.66280472279,2.5
17,1,59,-1.60636532307,2.5
17,1,30,0.0425246208906,5.25
17,1,30,0.139740929008,5.25
17,1,72,4.25976610184,5.25
17,1,72,4.69815158844,5.25
17,1,61,1.18324804306,2.25
17,1,61,1.03509008884,2.25
17,1,74,3.10241961479,3.25
17,1,74,3.26911211014,3.25
17,1,63,1.41430234909,1.75
17,1,63,1.29343724251,1.75
17,1,18,0.314321100712,2.75
17,1,18,0.80323600769,2.75
17,1,105,3.25778603554,3.75
17,1,105,3.50453066826,3.75
17,1,76,3.94925546646,4.5
17,1,76,4.06110525131,4.5
17,1,20,0.0450524091721,3.5
17,1,20,-0.103002995253,3.5
17,1,107,2.03352808952,3.25
17,1,107,1.88272166252,3.25
17,1,78,1.07012331486,4.25
17,1,78,1.40166473389,4.25
17,1,51,4.22112417221,3.0
17,1,51,4.77450561523,3.0
17,1,22,2.15733623505,3.0
17,1,22,2.30813550949,3.0
17,1,109,0.9966895580