3,1,47,3.61081910133,4.25
3,1,47,3.61104512215,4.25
3,1,10,3.52532100677,2.875
3,1,10,3.52568650246,2.875
3,1,101,3.67119383812,4.375
3,1,101,3.67118740082,4.375
3,1,64,3.61830925941,5.75
3,1,64,3.61831331253,5.75
3,1,45,3.62801980972,4.25
3,1,45,3.62722635269,4.25
3,1,8,3.54399108887,3.5
3,1,8,3.5441429615,3.5
3,1,99,3.40035152435,1.5
3,1,99,3.40165472031,1.5
3,1,94,3.43913984299,3.25
3,1,94,3.43917369843,3.25
3,1,43,3.57668972015,4.0
3,1,43,3.57667279243,4.0
3,1,6,3.62981843948,4.5
3,1,6,3.62943124771,4.5
3,1,97,3.41144156456,1.25
3,1,97,3.41059827805,1.25
3,1,92,3.54824733734,3.5
3,1,92,3.54879379272,3.5
3,1,41,3.30871152878,3.25
3,1,41,3.30827665329,3.25
3,1,4,3.61597204208,3.25
3,1,4,3.61658239365,3.25
3,1,90,3.43515086174,3.75
3,1,90,3.43511533737,3.75
3,1,39,3.48091363907,5.75
3,1,39,3.48073816299,5.75
3,1,2,2.51219940186,4.5
3,1,2,2.51405882835,4.5
3,1,88,3.34913396835,4.0
3,1,88,3.34873580933,4.0
3,1,37,3.69911170006,3.125
3,1,37,3.69857406616,3.125
3,1,86,3.47540426254,4.25
3,1,86,3.47694325447,4.25
3,1,35,3.64948225021,4.375
3,1,35,3.6496348381,4.375
3,1,30,3.30153512955,4.5
3,1,30,3.30104398727,4.5
3,1,84,3.49656581879,3.75
3,1,84,3.49702978134,3.75
3,1,33,3.65935516357,3.0
3,1,33,3.65952825546,3.0
3,1,28,3.64851903915,4.75
3,1,28,3.64851951599,4.75
3,1,82,3.49368524551,3.0
3,1,82,3.49530124664,3.0
3,1,63,3.52434825897,4.75
3,1,63,3.52460479736,4.75
3,1,26,3.62092828751,4.0
3,1,26,3.62118315697,4.0
3,1,80,3.46234750748,2.75
3,1,80,3.46183109283,2.75
3,1,61,3.49606180191,5.5
3,1,61,3.49607038498,5.5
3,1,24,3.54788255692,4.5
3,1,24,3.54800105095,4.5
3,1,59,3.57912325859,5.5
3,1,59,3.57846069336,5.5
3,1,22,3.62636995316,4.83333
3,1,22,3.62742877007,4.83333
3,1,57,3.55148005486,4.875
3,1,57,3.55158019066,4.875
3,1,20,3.43141436577,2.5
3,1,20,3.43152618408,2.5
3,1,79,3.4905166626,5.25
3,1,79,3.49103164673,5.25
3,1,55,3.41943645477,3.25
3,1,55,3.41976451874,3.25
3,1,18,3.49145746231,3.75
3,1,18,3.49069213867,3.75
3,1,77,3.43950104713,4.5
3,1,77,3.43976712227,4.5
3,1,16,3.55464363098,4.75
3,1,16,3.55462503433,4.75
3,1,75,3.46755766869,4.0
3,1,75,3.46700382233,4.0
3,1,51,3.52057671547,4.5
3,1,51,3.5201086998,4.5
3,1,73,3.45255017281,3.0
3,1,73,3.45243835449,3.0
3,1,49,3.57567000389,5.0
3,1,49,3.57596445084,5.0
3,1,108,3.47585320473,2.25
3,1,108,3.47610330582,2.25
3,1,71,3.41638469696,2.0
3,1,71,3.415538311,2.0
3,1,15,3.58022975922,5.0
3,1,15,3.58032226562,5.0
3,1,106,3.33576893806,2.75
3,1,106,3.33752012253,2.75
3,1,104,3.47713088989,3.5
3,1,104,3.47622203827,3.5
3,1,102,3.43229818344,5.25
3,1,102,3.43234920502,5.25
3,1,65,3.52496981621,6.25
3,1,65,3.52572107315,6.25
3,1,46,3.53940153122,5.0
3,1,46,3.53923892975,5.0
3,1,9,3.52240991592,2.75
3,1,9,3.52220058441,2.75
3,1,100,3.41306114197,2.375
3,1,100,3.41319990158,2.375
3,1,95,3.53344583511,3.75
3,1,95,3.53358602524,3.75
3,1,44,3.23842287064,3.0
3,1,44,3.23695755005,3.0
3,1,7,3.59175181389,4.75
3,1,7,3.59154367447,4.75
3,1,98,3.17385196686,1.75
3,1,98,3.17009425163,1.75
3,1,93,3.46453928947,3.25
3,1,93,3.46430015564,3.25
3,1,5,3.56377792358,6.0
3,1,5,3.56318163872,6.0
3,1,96,3.57838535309,3.875
3,1,96,3.57866406441,3.875
3,1,91,3.58829140663,4.0
3,1,91,3.58877468109,4.0
3,1,40,3.50996375084,5.0
3,1,40,3.50966787338,5.0
3,1,3,3.56243515015,3.0
3,1,3,3.5626809597,3.0
3,1,89,3.45087075233,4.25
3,1,89,3.45119261742,4.25
3,1,38,3.58847141266,4.5
3,1,38,3.58849811554,4.5
3,1,1,3.06389808655,3.875
3,1,1,3.06560897827,3.875
3,1,87,3.53944945335,4.25
3,1,87,3.53928375244,4.25
3,1,36,3.63942146301,3.5
3,1,36,3.63942503929,3.5
3,1,31,3.40896224976,3.66667
3,1,31,3.40913391113,3.66667
3,1,85,3.51262187958,2.0
3,1,85,3.51214885712,2.0
3,1,34,3.63344860077,4.125
3,1,34,3.63334679604,4.125
3,1,29,3.68704557419,1.25
3,1,29,3.68698692322,1.25
3,1,83,3.53534555435,4.5
3,1,83,3.53560709953,4.5
3,1,32,3.41305732727,4.5
3,1,32,3.41316080093,4.5
3,1,27,3.47006416321,5.25
3,1,27,3.47009253502,5.25
3,1,81,3.58739995956,2.75
3,1,81,3.58772468567,2.75
3,1,62,3.54528808594,4.375
3,1,62,3.54545927048,4.375
3,1,25,3.62672710419,5.5
3,1,25,3.62654495239,5.5
3,1,60,3.65002512932,5.5
3,1,60,3.65014314651,5.5
3,1,23,3.51060342789,3.875
3,1,23,3.51045322418,3.875
3,1,58,3.55169892311,4.5
3,1,58,3.55185127258,4.5
3,1,21,3.7023832798,4.5
3,1,21,3.70235872269,4.5
3,1,56,3.38121461868,4.0
3,1,56,3.38052415848,4.0
3,1,19,3.62708806992,4.125
3,1,19,3.62781071663,4.125
3,1,78,3.53286409378,5.25
3,1,78,3.53283214569,5.25
3,1,17,3.57689738274,5.0
3,1,17,3.57694101334,5.0
3,1,76,3.50178623199,4.0
3,1,76,3.50180912018,4.0
3,1,52,3.57722711563,3.5
3,1,52,3.5771279335,3.5
3,1,74,3.56855177879,4.0
3,1,74,3.56858539581,4.0
3,1,50,3.55947303772,4.66667
3,1,50,3.55959415436,4.66667
3,1,48,3.68120622635,2.5
3,1,48,3.68141841888,2.5
3,1,107,3.41596698761,5.25
3,1,107,3.41569423676,5.25
3,1,70,3.33544111252,2.75
3,1,70,3.33349299431,2.75
3,1,14,3.23617529869,3.75
3,1,14,3.23709154129,3.75
3,1,105,3.22127938271,1.25
3,1,105,3.22130537033,1.25
3,1,103,3.26847481728,1.5
3,1,103,3.26809120178,1.5
3,1,66,3.31347155571,3.0
3,1,66,3.31360888481,3.0
3,2,82,2.57983517647,3.25
3,2,82,2.58036327362,3.25
3,2,61,3.70753288269,4.375
3,2,61,3.70674943924,4.375
3,2,80,3.47729063034,4.75
3,2,80,3.47717213631,4.75
3,2,30,1.47347426414,3.625
3,2,30,1.47281980515,3.625
3,2,35,2.27811861038,3.875
3,2,35,2.27621197701,3.875
3,2,86,2.58683872223,2.75
3,2,86,2.58769321442,2.75
3,2,28,2.09875845909,4.0
3,2,28,2.09494400024,4.0
3,2,33,3.42106866837,5.0
3,2,33,3.42096090317,5.0
3,2,84,2.26392793655,4.0
3,2,84,2.26512861252,4.0
3,2,2,2.64982414246,1.875
3,2,2,2.65584230423,1.875
3,2,39,3.28667974472,4.25
3,2,39,3.28664946556,4.25
3,2,90,3.04184484482,4.25
3,2,90,3.04225540161,4.25
3,2,37,3.04424333572,2.25
3,2,37,3.04383230209,2.25
3,2,88,3.40015482903,4.0
3,2,88,3.40006613731,4.0
3,2,6,3.32136821747,5.25
3,2,6,3.32228517532,5.25
3,2,43,2.129114151,4.0
3,2,43,2.12647008896,4.0
3,2,94,3.23166275024,3.75
3,2,94,3.23167800903,3.75
3,2,99,3.27885913849,2.625
3,2,99,3.27902984619,2.625
3,2,41,3.35938811302,3.5
3,2,41,3.35903906822,3.5
3,2,92,2.85380411148,3.25
3,2,92,2.85203170776,3.25
3,2,97,3.3130941391,5.0
3,2,97,3.31242656708,5.0
3,2,10,3.05200982094,4.0
3,2,10,3.04930043221,4.0
3,2,47,3.12534356117,3.875
3,2,47,3.12488985062,3.875
3,2,66,3.20512151718,3.75
3,2,66,3.20489263535,3.75
3,2,103,3.36779403687,4.0
3,2,103,3.36863064766,4.0
3,2,8,3.16286277771,6.0
3,2,8,3.16177797318,6.0
3,2,45,2.86607313156,3.25
3,2,45,2.86636304855,3.25
3,2,64,3.25621652603,2.375
3,2,64,3.25596427917,2.375
3,2,101,3.25282764435,3.125
3,2,101,3.25274753571,3.125
3,2,14,3.12961006165,3.75
3,2,14,3.12893009186,3.75
3,2,70,3.57335758209,3.66667
3,2,70,3.57306241989,3.66667
3,2,107,2.35905742645,4.625
3,2,107,2.36340236664,4.625
3,2,12,3.41956090927,5.25
3,2,12,3.41809129715,5.25
3,2,68,3.24339485168,5.5
3,2,68,3.24228191376,5.5
3,2,105,3.18756246567,3.5
3,2,105,3.18745923042,3.5
3,2,50,3.59776568413,3.75
3,2,50,3.59790182114,3.75
3,2,74,3.51346826553,3.25
3,2,74,3.51360869408,3.25
3,2,111,3.28226065636,3.5
3,2,111,3.2819917202,3.5
3,2,48,2.09143829346,4.25
3,2,48,2.08765363693,4.25
3,2,109,3.09212303162,1.95833
3,2,109,3.09022760391,1.95833
3,2,78,3.63510704041,2.75
3,2,78,3.6349697113,2.75
3,2,52,3.41881322861,1.5
3,2,52,3.41851234436,1.5
3,2,56,3.2086596489,4.25
3,2,56,3.2088599205,4.25
3,2,112,2.23613262177,4.0
3,2,112,2.2364449501,4.0
3,2,62,3.6246919632,5.25
3,2,62,3.62473773956,5.25
3,2,27,3.41490459442,4.0
3,2,27,3.41462850571,4.0
3,2,60,3.2395658493,3.75
3,2,60,3.2432756424,3.75
3,2,83,3.33568429947,4.25
3,2,83,3.33656454086,4.25
3,2,34,3.20965480804,3.5
3,2,34,3.20999121666,3.5
3,2,81,3.23171949387,4.375
3,2,81,3.23184156418,4.375
3,2,31,3.32786655426,3.25
3,2,31,3.32771873474,3.25
3,2,32,3.2750248909,3.25
3,2,32,3.27473831177,3.25
3,2,87,2.58725214005,3.75
3,2,87,2.5908908844,3.75
3,2,29,2.05122613907,4.0
3,2,29,2.04935121536,4.0
3,2,38,3.64704322815,3.25
3,2,38,3.6470823288,3.25
3,2,85,3.08705735207,3.25
3,2,85,3.08841228485,3.25
3,2,36,3.27763319016,2.75
3,2,36,3.27738571167,2.75
3,2,91,3.59514927864,4.5
3,2,91,3.59495210648,4.5
3,2,42,2.0720911026,2.5
3,2,42,2.07141923904,2.5
3,2,89,3.28555488586,3.25
3,2,89,3.28626465797,3.25
3,2,98,3.58907318115,4.5
3,2,98,3.5806221962,4.5
3,2,7,2.64649772644,6.0
3,2,7,2.64686179161,6.0
3,2,40,3.29125022888,2.75
3,2,40,3.29147315025,2.75
3,2,95,1.90818321705,1.5
3,2,95,1.91200947762,1.5
3,2,96,3.16429948807,3.125
3,2,96,3.16431951523,3.125
3,2,5,2.91895627975,3.25
3,2,5,2.91801810265,3.25
3,2,46,2.87678670883,4.5
3,2,46,2.88037252426,4.5
3,2,93,3.3178331852,5.0
3,2,93,3.31737613678,5.0
3,2,102,3.39378619194,2.0
3,2,102,3.39615488052,2.0
3,2,11,3.15127849579,4.125
3,2,11,3.14971971512,4.125
3,2,44,1.53964018822,5.0
3,2,44,1.5417791605,5.0
3,2,67,3.50616550446,5.25
3,2,67,3.50627946854,5.25
3,2,100,3.11561203003,1.25
3,2,100,3.11596822739,1.25
3,2,9,3.26978588104,4.5
3,2,9,3.26831746101,4.5
3,2,65,3.24889135361,3.0
3,2,65,3.24730348587,3.0
3,2,106,3.20466375351,3.875
3,2,106,3.20467281342,3.875
3,2,71,3.32567954063,2.375
3,2,71,3.32632184029,2.375
3,2,104,1.35017311573,3.5
3,2,104,1.34904789925,3.5
3,2,13,3.54835152626,5.0
3,2,13,3.54743099213,5.0
3,2,69,2.12442207336,1.25
3,2,69,2.12624073029,1.25
3,2,110,3.38222408295,4.25
3,2,110,3.38266134262,4.25
3,2,51,3.48294782639,4.0
3,2,51,3.4829788208,4.0
3,2,108,3.24404168129,4.0
3,2,108,3.2434887886,4.0
3,2,49,3.24499177933,2.75
3,2,49,3.24558162689,2.75
3,2,73,3.49510502815,3.75
3,2,73,3.49511241913,3.75
3,2,55,3.59617996216,3.33333
3,2,55,3.59615182877,3.33333
3,2,79,3.1924200058,3.75
3,2,79,3.19084787369,3.75
3,2,53,3.48391819,4.5
3,2,53,3.48385119438,4.5
3,2,77,3.42247009277,2.25
3,2,77,3.42179012299,2.25
3,2,59,3.32125282288,2.25
3,2,59,3.32166409492,2.25
3,2,113,3.3734536171,3.0
3,2,113,3.37339448929,3.0
3,2,26,2.57714939117,2.5
3,2,26,2.58149385452,2.5
3,2,63,2.61352348328,1.25
3,2,63,2.60860967636,1.25
4,1,29,2.41252422333,3.0
4,1,29,2.41628599167,3.0
4,1,58,3.34348511696,2.25
4,1,58,3.34327077866,2.25
4,1,85,3.17178201675,2.5
4,1,85,3.17156362534,2.5
4,1,114,2.9454460144,1.5
4,1,114,2.94688200951,1.5
4,1,31,2.64893436432,2.25
4,1,31,2.64921140671,2.25
4,1,36,2.27600169182,0.875
4,1,36,2.27517151833,0.875
4,1,87,2.817456007,3.25
4,1,87,2.81816148758,3.25
4,1,25,2.61889362335,1.5
4,1,25,2.61978054047,1.5
4,1,38,3.00913524628,2.5
4,1,38,3.00661087036,2.5
4,1,81,2.86010694504,3.0
4,1,81,2.86130952835,3.0
4,1,27,1.16526043415,2.75
4,1,27,1.16577124596,2.75
4,1,32,2.36206030846,1.5
4,1,32,2.36109399796,1.5
4,1,83,2.66962909698,3.25
4,1,83,2.67096471786,3.25
4,1,5,1.54677629471,1.0
4,1,5,1.54307985306,1.0
4,1,34,2.29873156548,1.5
4,1,34,2.29475426674,1.5
4,1,93,3.28844475746,3.0
4,1,93,3.28731036186,3.0
4,1,7,1.94981098175,1.75
4,1,7,1.94619333744,1.75
4,1,95,2.95498967171,3.5
4,1,95,2.95525479317,3.5
4,1,100,3.1786570549,0.75
4,1,100,3.1784658432,0.75
4,1,46,3.55395889282,3.75
4,1,46,3.55408072472,3.75
4,1,89,3.0342001915,1.75
4,1,89,3.03417277336,1.75
4,1,102,2.56586885452,1.5
4,1,102,2.5644762516,1.5
4,1,3,1.94242537022,3.5
4,1,3,1.94636774063,3.5
4,1,40,3.32801675797,4.0
4,1,40,3.32726955414,4.0
4,1,91,2.93182659149,2.25
4,1,91,2.93114876747,2.25
4,1,96,3.06094408035,2.75
4,1,96,3.06160879135,2.75
4,1,13,1.85516119003,1.5
4,1,13,1.85366010666,1.5
4,1,42,2.98297262192,1.75
4,1,42,2.98465394974,1.75
4,1,69,3.6231584549,5.5
4,1,69,3.62327480316,5.5
4,1,98,3.32723736763,3.25
4,1,98,3.32804632187,3.25
4,1,15,2.40977597237,0.75
4,1,15,2.41085958481,0.75
4,1,71,3.32152748108,2.125
4,1,71,3.32156085968,2.125
4,1,108,3.18174743652,3.25
4,1,108,3.18294167519,3.25
4,1,9,1.26695346832,1.0
4,1,9,1.26562190056,1.0
4,1,65,3.29571151733,4.75
4,1,65,3.29524111748,4.75
4,1,110,3.05499601364,4.0
4,1,110,3.05674552917,4.0
4,1,11,3.02313327789,1.0
4,1,11,3.02301764488,1.0
4,1,67,3.50496292114,1.75
4,1,67,3.50630450249,1.75
4,1,104,3.05652570724,1.25
4,1,104,3.05581045151,1.25
4,1,53,3.37397098541,2.5
4,1,53,3.3736114502,2.5
4,1,77,3.42533493042,2.625
4,1,77,3.42482852936,2.625
4,1,106,2.97847938538,2.125
4,1,106,2.97586345673,2.125
4,1,55,3.364777565,2.5
4,1,55,3.36453008652,2.5
4,1,79,3.51182079315,6.75
4,1,79,3.50955319405,6.75
4,1,49,3.52321887016,4.25
4,1,49,3.52264380455,4.25
4,1,73,3.41861915588,4.25
4,1,73,3.41923213005,4.25
4,1,22,1.5437746048,1.25
4,1,22,1.54218268394,1.25
4,1,51,3.25950980186,2.75
4,1,51,3.25933837891,2.75
4,1,75,3.32429075241,4.75
4,1,75,3.32443714142,4.75
4,1,16,1.43165004253,1.0
4,1,16,1.43529617786,1.0
4,1,117,3.2043466568,1.25
4,1,117,3.20374560356,1.25
4,1,63,1.94744777679,1.0
4,1,63,1.93759131432,1.0
4,1,28,2.89806509018,2.625
4,1,28,2.8971529007,2.625
4,1,57,3.44602918625,2.75
4,1,57,3.44589853287,2.75
4,1,84,2.91518473625,2.5
4,1,84,2.91593456268,2.5
4,1,113,2.91839790344,3.25
4,1,113,2.92100167274,3.25
4,1,30,2.32019877434,1.125
4,1,30,2.31870341301,1.125
4,1,59,3.22840166092,1.875
4,1,59,3.23220276833,1.875
4,1,86,2.92853951454,1.66667
4,1,86,2.92747497559,1.66667
4,1,115,3.00025415421,3.5
4,1,115,3.00174164772,3.5
4,1,24,2.48694944382,2.0
4,1,24,2.48670172691,2.0
4,1,37,3.27800774574,2.25
4,1,37,3.27945184708,2.25
4,1,80,3.00902462006,3.5
4,1,80,3.00605154037,3.5
4,1,26,3.45897889137,4.375
4,1,26,3.45871281624,4.375
4,1,39,3.12662672997,2.5
4,1,39,3.12495589256,2.5
4,1,82,3.30039525032,6.5
4,1,82,3.29980134964,6.5
4,1,4,1.6417992115,1.5
4,1,4,1.64373040199,1.5
4,1,33,2.33429527283,1.5
4,1,33,2.33396315575,1.5
4,1,92,2.9629843235,2.0
4,1,92,2.96397638321,2.0
4,1,6,1.85627865791,1.5
4,1,6,1.85378801823,1.5
4,1,35,2.32786870003,1.75
4,1,35,2.32784748077,1.75
4,1,94,2.82194280624,1.5
4,1,94,2.81891751289,1.5
4,1,45,2.88560652733,2.125
4,1,45,2.88608789444,2.125
4,1,88,2.77622389793,1.5
4,1,88,2.77969121933,1.5
4,1,101,2.77958965302,3.875
4,1,101,2.78072977066,3.875
4,1,47,3.40993881226,2.125
4,1,47,3.40869212151,2.125
4,1,90,3.22639322281,1.375
4,1,90,3.22763085365,1.375
4,1,103,3.21520256996,1.0
4,1,103,3.21422696114,1.0
4,1,12,1.5770945549,2.5
4,1,12,1.56981301308,2.5
4,1,41,3.37804269791,2.5
4,1,41,3.37876415253,2.5
4,1,68,3.30096101761,5.5
4,1,68,3.3015999794,5.5
4,1,97,2.88903880119,1.625
4,1,97,2.89015603065,1.625
4,1,70,3.13864564896,5.25
4,1,70,3.1392698288,5.25
4,1,99,3.32285022736,2.375
4,1,99,3.32328987122,2.375
4,1,8,1.43871343136,0.75
4,1,8,1.43634176254,0.75
4,1,64,3.39144897461,3.5
4,1,64,3.39148306847,3.5
4,1,109,3.08838629723,2.75
4,1,109,3.0888812542,2.75
4,1,10,2.52420496941,3.0
4,1,10,2.52797985077,3.0
4,1,66,1.57352161407,1.0
4,1,66,1.57327866554,1.0
4,1,111,2.97221326828,3.5
4,1,111,2.97247886658,3.5
4,1,52,3.50039768219,3.25
4,1,52,3.50055360794,3.25
4,1,105,3.19863796234,3.625
4,1,105,3.19685339928,3.625
4,1,54,3.06299114227,3.375
4,1,54,3.06482648849,3.375
4,1,78,2.72098231316,3.25
4,1,78,2.72199082375,3.25
4,1,48,3.21419668198,1.5
4,1,48,3.2145447731,1.5
4,1,72,2.47493743896,2.375
4,1,72,2.47659778595,2.375
4,1,50,3.01567792892,2.0
4,1,50,3.01528573036,2.0
4,1,74,3.11135029793,3.5
4,1,74,3.11128664017,3.5
4,1,23,1.50545597076,1.0
4,1,23,1.50761926174,1.0
4,1,116,3.31445884705,1.75
4,1,116,3.31464290619,1.75
4,1,118,3.23608493805,4.5
4,1,118,3.2355401516,4.5
4,1,56,3.34417390823,2.0
4,1,56,3.34397888184,2.0
4,1,112,3.25734400749,1.0
4,1,112,3.2567460537,1.0
7,1,40,3.57395553589,5.5
7,1,40,3.5157752037,5.5
7,1,3,3.30681943893,4.75
7,1,3,3.3940808773,4.75
7,1,102,3.08913803101,4.25
7,1,102,3.15694856644,4.25
7,1,46,3.50207901001,4.0
7,1,46,3.61188054085,4.0
7,1,1,3.12802314758,3.5
7,1,1,3.27110052109,3.5
7,1,44,3.2037858963,6.25
7,1,44,3.28076791763,6.25
7,1,7,3.34663152695,2.25
7,1,7,3.35905909538,2.25
7,1,90,3.19543433189,4.0
7,1,90,3.26332235336,4.0
7,1,34,3.43113946915,5.5
7,1,34,3.48820018768,5.5
7,1,5,3.12253284454,4.75
7,1,5,3.21200942993,4.75
7,1,88,3.31502914429,6.5
7,1,88,3.33766269684,6.5
7,1,32,3.44604444504,3.75
7,1,32,3.53989315033,3.75
7,1,94,3.30532503128,3.0
7,1,94,3.39419126511,3.0
7,1,38,3.18303465843,3.5
7,1,38,3.40000772476,3.5
7,1,92,3.18659448624,5.75
7,1,92,3.16841173172,5.75
7,1,36,3.11910915375,4.25
7,1,36,3.21171355247,4.25
7,1,82,3.43388342857,5.25
7,1,82,3.419008255,5.25
7,1,26,3.42299509048,3.0
7,1,26,3.52303552628,3.0
7,1,80,3.29294490814,2.0
7,1,80,3.29250335693,2.0
7,1,24,3.40010619164,5.0
7,1,24,3.46748447418,5.0
7,1,86,3.47929430008,3.25
7,1,86,3.49083471298,3.25
7,1,59,3.08803081512,5.25
7,1,59,3.21392655373,5.25
7,1,30,3.18465256691,3.0
7,1,30,3.23152470589,3.0
7,1,84,2.97084712982,4.75
7,1,84,3.14027070999,4.75
7,1,57,3.46016836166,4.25
7,1,57,3.49928760529,4.25
7,1,28,3.33343410492,5.25
7,1,28,3.38758325577,5.25
7,1,74,3.36905479431,4.25
7,1,74,3.33689618111,4.25
7,1,63,3.14257621765,5.5
7,1,63,3.13716268539,5.5
7,1,18,3.44733190536,6.0
7,1,18,3.52133488655,6.0
7,1,72,3.24340796471,2.0
7,1,72,3.39150309563,2.0
7,1,61,3.29537129402,5.0
7,1,61,3.3555457592,5.0
7,1,107,3.07715129852,4.0
7,1,107,3.17594480515,4.0
7,1,78,2.65600204468,4.0
7,1,78,2.77466440201,4.0
7,1,51,3.38857913017,3.5
7,1,51,3.42694473267,3.5
7,1,22,3.21648073196,3.75
7,1,22,3.32237935066,3.75
7,1,105,3.31920814514,4.75
7,1,105,3.44537782669,4.75
7,1,76,3.52455353737,2.75
7,1,76,3.57675433159,2.75
7,1,49,3.36935949326,4.5
7,1,49,3.45393657684,4.5
7,1,20,3.32532048225,5.25
7,1,20,3.36612081528,5.25
7,1,66,2.76089954376,4.25
7,1,66,2.85196685791,4.25
7,1,55,3.00289463997,2.5
7,1,55,3.03958511353,2.5
7,1,10,3.20064735413,2.75
7,1,10,3.32458496094,2.75
7,1,109,2.96772003174,6.25
7,1,109,3.10042190552,6.25
7,1,64,2.98895025253,5.0
7,1,64,3.01262950897,5.0
7,1,53,3.49181938171,5.5
7,1,53,3.52717852592,5.5
7,1,8,3.41415643692,4.5
7,1,8,3.47942781448,4.5
7,1,70,3.1982383728,5.5
7,1,70,3.21739697456,5.5
7,1,43,3.42482233047,3.5
7,1,43,3.42598342896,3.5
7,1,14,2.36682415009,1.75
7,1,14,2.55157256126,1.75
7,1,97,2.79049491882,5.5
7,1,97,2.8985786438,5.5
7,1,68,2.7044095993,4.25
7,1,68,2.84052872658,4.25
7,1,41,3.51988363266,4.75
7,1,41,3.49404573441,4.75
7,1,12,2.36762475967,5.0
7,1,12,2.63200855255,5.0
7,1,103,2.97125911713,3.25
7,1,103,3.12414836884,3.25
7,1,47,3.51696324348,4.5
7,1,47,3.55376172066,4.5
7,1,2,3.35170507431,5.5
7,1,2,3.46897125244,5.5
7,1,101,3.04524326324,4.0
7,1,101,3.17893218994,4.0
7,1,45,3.40203738213,4.5
7,1,45,3.50936222076,4.5
7,1,35,3.34270119667,6.0
7,1,35,3.37365198135,6.0
7,1,89,3.21167063713,5.25
7,1,89,3.35611152649,5.25
7,1,33,3.34038877487,4.75
7,1,33,3.36057090759,4.75
7,1,4,3.40241146088,3.25
7,1,4,3.48008060455,3.25
7,1,95,3.16941785812,4.75
7,1,95,3.23317122459,4.75
7,1,39,3.45776939392,5.5
7,1,39,3.53291702271,5.5
7,1,93,3.36865091324,4.25
7,1,93,3.32052850723,4.25
7,1,37,3.30519390106,4.25
7,1,37,3.42698550224,4.25
7,1,83,3.30552959442,4.75
7,1,83,3.42059540749,4.75
7,1,27,3.44331789017,4.25
7,1,27,3.40323901176,4.25
7,1,81,3.36451625824,4.0
7,1,81,3.44832086563,4.0
7,1,25,3.19567251205,4.5
7,1,25,3.22452521324,4.5
7,1,31,3.188164711,4.5
7,1,31,3.29063487053,4.5
7,1,58,3.24315547943,6.0
7,1,58,3.34128570557,6.0
7,1,29,3.44413757324,4.25
7,1,29,3.589158535,4.25
7,1,75,3.40195560455,4.75
7,1,75,3.46883487701,4.75
7,1,19,3.41995882988,4.75
7,1,19,3.48402452469,4.75
7,1,73,3.27759122849,1.0
7,1,73,3.30024576187,1.0
7,1,62,3.19183301926,4.5
7,1,62,3.21731805801,4.5
7,1,79,3.08855509758,3.0
7,1,79,3.15384674072,3.0
7,1,60,3.15909647942,3.25
7,1,60,3.14644956589,3.25
7,1,23,3.39868688583,4.0
7,1,23,3.40624427795,4.0
7,1,106,3.42267942429,4.75
7,1,106,3.44273042679,4.75
7,1,50,3.47947788239,5.0
7,1,50,3.50155687332,5.0
7,1,104,3.13288974762,4.75
7,1,104,3.25025987625,4.75
7,1,67,2.59266042709,4.75
7,1,67,2.58869957924,4.75
7,1,48,3.47355461121,1.5
7,1,48,3.46108102798,1.5
7,1,11,2.57483077049,1.75
7,1,11,2.84973263741,1.75
7,1,65,2.26492166519,5.25
7,1,65,2.48143744469,5.25
7,1,54,3.34546709061,5.5
7,1,54,3.31503105164,5.5
7,1,9,3.19257640839,2.0
7,1,9,3.34626054764,2.0
7,1,108,3.22067642212,2.75
7,1,108,3.33406662941,2.75
7,1,71,3.28273010254,4.75
7,1,71,3.28596115112,4.75
7,1,52,3.4775583744,0.75
7,1,52,3.53824496269,0.75
7,1,98,3.15768027306,3.25
7,1,98,3.1993432045,3.25
7,1,69,3.15778040886,5.5
7,1,69,3.26669406891,5.5
7,1,42,3.47895860672,3.0
7,1,42,3.5814576149,3.0
7,1,13,2.63245892525,3.0
7,1,13,2.91101670265,3.0
7,1,96,3.18255090714,5.5
7,1,96,3.26724100113,5.5
7,2,77,3.16471910477,4.25
7,2,77,3.24821043015,4.25
7,2,102,3.40926289558,5.25
7,2,102,3.32676815987,5.25
7,2,3,3.27695417404,5.75
7,2,3,3.32874059677,5.75
7,2,75,3.21980810165,3.5
7,2,75,3.21941709518,3.5
7,2,100,2.95999288559,1.75
7,2,100,3.02240753174,1.75
7,2,1,2.74998378754,4.25
7,2,1,2.81958818436,4.25
7,2,73,3.12210321426,3.25
7,2,73,3.09373569489,3.25
7,2,98,3.26360368729,3.75
7,2,98,3.28681898117,3.75
7,2,63,3.28940963745,5.25
7,2,63,3.19582891464,5.25
7,2,71,3.21828508377,4.0
7,2,71,3.25281715393,4.0
7,2,96,3.35432481766,3.5
7,2,96,3.32842493057,3.5
7,2,61,3.04172420502,5.5
7,2,61,2.93221569061,5.5
7,2,69,3.15075063705,4.25
7,2,69,3.12204360962,4.25
7,2,30,3.32064557076,3.0
7,2,30,3.34020805359,3.0
7,2,28,3.53373098373,5.75
7,2,28,3.41789770126,5.75
7,2,57,2.96552920341,1.5
7,2,57,3.0498111248,1.5
7,2,65,2.93967008591,5.0
7,2,65,3.00690507889,5.0
7,2,26,3.53553724289,4.25
7,2,26,3.40603590012,4.25
7,2,55,2.99956321716,4.0
7,2,55,2.98645186424,4.0
7,2,24,3.24534273148,3.75
7,2,24,3.32627773285,3.75
7,2,53,3.31299686432,5.0
7,2,53,3.33449149132,5.0
7,2,22,3.43722367287,3.0
7,2,22,3.33029603958,3.0
7,2,51,3.2676615715,4.75
7,2,51,3.19195222855,4.75
7,2,94,3.25661420822,3.25
7,2,94,3.33794045448,3.25
7,2,20,3.18333101273,5.5
7,2,20,3.26921844482,5.5
7,2,49,3.4693069458,4.0
7,2,49,3.39484405518,4.0
7,2,92,3.29367017746,4.66667
7,2,92,3.20859789848,4.66667
7,2,18,3.26826190948,3.5
7,2,18,3.21094846725,3.5
7,2,47,3.37611365318,4.0
7,2,47,3.35278844833,4.0
7,2,90,3.42358160019,4.0
7,2,90,3.38456940651,4.0
7,2,16,3.34833526611,5.0
7,2,16,3.2375664711,5.0
7,2,45,3.33676719666,2.5
7,2,45,3.1809015274,2.5
7,2,88,3.51040029526,5.0
7,2,88,3.39167642593,5.0
7,2,14,3.36922121048,5.5
7,2,14,3.33586215973,5.5
7,2,43,3.18434667587,2.75
7,2,43,3.13675928116,2.75
7,2,86,3.36204600334,2.5
7,2,86,3.31712508202,2.5
7,2,12,3.06474018097,4.25
7,2,12,3.19171142578,4.25
7,2,84,3.37434482574,3.75
7,2,84,3.30954265594,3.75
7,2,10,3.22480273247,4.0
7,2,10,3.16841316223,4.0
7,2,39,3.22313022614,4.0
7,2,39,3.15615701675,4.0
7,2,82,3.31437706947,3.25
7,2,82,3.25586414337,3.25
7,2,8,3.21750283241,4.0
7,2,8,3.14298892021,4.0
7,2,37,3.19422388077,3.5
7,2,37,3.0369822979,3.5
7,2,80,3.43195056915,4.0
7,2,80,3.40707302094,4.0
7,2,109,3.05030822754,5.25
7,2,109,3.00271987915,5.25
7,2,6,3.52472662926,4.0
7,2,6,3.50360965729,4.0
7,2,35,3.16301035881,3.5
7,2,35,3.10960793495,3.5
7,2,78,3.08030796051,5.0
7,2,78,3.14120078087,5.0
7,2,107,3.59921503067,4.5
7,2,107,3.60523414612,4.5
7,2,4,3.19094276428,3.0
7,2,4,3.08641290665,3.0
7,2,33,3.07246303558,1.5
7,2,33,2.98758006096,1.5
7,2,76,3.56940603256,4.5
7,2,76,3.50306797028,4.5
7,2,105,3.5299487114,3.0
7,2,105,3.51784420013,3.0
7,2,2,2.96870517731,2.75
7,2,2,2.9669854641,2.75
7,2,74,3.23158979416,2.5
7,2,74,3.16087532043,2.5
7,2,103,3.36032795906,4.25
7,2,103,3.34948730469,4.25
7,2,72,3.52054214478,4.25
7,2,72,3.44914484024,4.25
7,2,70,3.24268865585,3.25
7,2,70,3.16167974472,3.25
7,2,99,3.33389663696,4.25
7,2,99,3.32623195648,4.25
7,2,60,2.91658949852,4.0
7,2,60,2.79851007462,4.0
7,2,68,2.9283323288,6.5
7,2,68,2.96581935883,6.5
7,2,97,3.19745063782,3.0
7,2,97,3.26019072533,3.0
7,2,58,2.88706326485,4.0
7,2,58,2.79554319382,4.0
7,2,66,3.17888593674,5.5
7,2,66,3.26136493683,5.5
7,2,31,3.23032879829,3.75
7,2,31,3.26075315475,3.75
7,2,56,3.01354503632,4.75
7,2,56,3.03734350204,4.75
7,2,64,2.61979365349,3.25
7,2,64,2.71230077744,3.25
7,2,29,3.32045936584,1.75
7,2,29,3.27235889435,1.75
7,2,27,3.36670589447,4.25
7,2,27,3.43310689926,4.25
7,2,52,3.17220163345,3.25
7,2,52,3.1441526413,3.25
7,2,25,3.38032221794,4.75
7,2,25,3.30669665337,4.75
7,2,50,3.3582508564,4.25
7,2,50,3.27752709389,4.25
7,2,23,3.06373596191,1.75
7,2,23,2.94732356071,1.75
7,2,48,3.38736581802,3.75
7,2,48,3.32141065598,3.75
7,2,95,3.11589288712,2.5
7,2,95,3.1543803215,2.5
7,2,21,3.14757680893,1.5
7,2,21,3.10067892075,1.5
7,2,46,3.17806196213,4.75
7,2,46,3.05087900162,4.75
7,2,93,3.39642548561,4.75
7,2,93,3.37013816833,4.75
7,2,19,3.14077591896,4.5
7,2,19,3.18271684647,4.5
7,2,44,3.1837348938,4.5
7,2,44,3.10058999062,4.5
7,2,91,3.34639930725,3.75
7,2,91,3.2928879261,3.75
7,2,17,3.14604759216,6.0
7,2,17,3.135201931,6.0
7,2,42,3.5875620842,3.0
7,2,42,3.47953224182,3.0
7,2,89,3.19734430313,3.0
7,2,89,3.16604661942,3.0
7,2,40,3.34929299355,5.25
7,2,40,3.31288719177,5.25
7,2,87,3.51931619644,4.5
7,2,87,3.55794024467,4.5
7,2,13,3.08335208893,4.75
7,2,13,3.13592100143,4.75
7,2,38,3.38994455338,5.25
7,2,38,3.30835485458,5.25
7,2,85,3.48989653587,2.5
7,2,85,3.37995171547,2.5
7,2,110,2.95351290703,4.75
7,2,110,2.94492053986,4.75
7,2,11,2.85389137268,2.75
7,2,11,2.85182547569,2.75
7,2,36,3.2736492157,2.5
7,2,36,3.22332215309,2.5
7,2,83,3.48345899582,5.0
7,2,83,3.47580385208,5.0
7,2,108,3.19293117523,5.5
7,2,108,3.17166042328,5.5
7,2,9,3.50688123703,4.0
7,2,9,3.39340138435,4.0
7,2,34,3.23383998871,4.25
7,2,34,3.21359872818,4.25
7,2,106,3.35271883011,6.25
7,2,106,3.35186672211,6.25
7,2,7,3.31863689423,5.0
7,2,7,3.20433211327,5.0
7,2,32,3.41467571259,4.5
7,2,32,3.33972454071,4.5
7,2,104,3.18593025208,3.5
7,2,104,3.1083304882,3.5
7,2,5,3.01760530472,3.25
7,2,5,3.02426075935,3.25
8,1,34,2.61076974869,2.5
8,1,34,2.70039367676,2.5
8,1,7,2.66892290115,1.0
8,1,7,2.53769254684,1.0
8,1,94,2.24547576904,1.75
8,1,94,2.39793682098,1.75
8,1,21,2.32246160507,1.75
8,1,21,2.43054437637,1.75
8,1,35,2.72558808327,3.0
8,1,35,2.65742921829,3.0
8,1,49,2.5042951107,2.25
8,1,49,2.47051787376,2.25
8,1,8,2.47438192368,1.0
8,1,8,2.59273481369,1.0
8,1,95,2.37130713463,2.25
8,1,95,2.33376455307,2.25
8,1,22,2.70748591423,3.5
8,1,22,2.66936278343,3.5
8,1,36,2.54403233528,3.75
8,1,36,2.4474709034,3.75
8,1,50,2.46369957924,1.0
8,1,50,2.58935713768,1.0
8,1,9,2.63867759705,2.0
8,1,9,2.5918340683,2.0
8,1,64,2.2617316246,1.25
8,1,64,2.45418787003,1.25
8,1,23,2.81040763855,3.25
8,1,23,2.85061144829,3.25
8,1,37,2.44212961197,1.75
8,1,37,2.55595731735,1.75
8,1,51,2.50838708878,1.0
8,1,51,2.50264883041,1.0
8,1,10,2.57001781464,1.75
8,1,10,2.41568517685,1.75
8,1,65,2.32328414917,2.0
8,1,65,2.3197183609,2.0
8,1,24,2.51344585419,3.75
8,1,24,2.5098567009,3.75
8,1,38,2.74565672874,2.25
8,1,38,2.69972133636,2.25
8,1,52,2.44214105606,1.25
8,1,52,2.52723670006,1.25
8,1,11,2.50308179855,2.0
8,1,11,2.44742012024,2.0
8,1,66,2.3863825798,2.25
8,1,66,2.49571800232,2.25
8,1,25,2.43599128723,2.5
8,1,25,2.52107548714,2.5
8,1,80,2.24500083923,1.75
8,1,80,2.36461949348,1.75
8,1,39,2.6122508049,3.0
8,1,39,2.65491962433,3.0
8,1,53,2.36209559441,2.25
8,1,53,2.45864367485,2.25
8,1,12,2.69692444801,1.0
8,1,12,2.55930423737,1.0
8,1,67,2.52075815201,2.25
8,1,67,2.50310254097,2.25
8,1,26,2.47628760338,2.75
8,1,26,2.37718701363,2.75
8,1,81,2.38730764389,2.25
8,1,81,2.31994009018,2.25
8,1,40,2.6650762558,1.75
8,1,40,2.61059427261,1.75
8,1,54,2.34978485107,3.0
8,1,54,2.48719263077,3.0
8,1,68,2.19920086861,1.5
8,1,68,2.28501844406,1.5
8,1,27,2.15321350098,2.0
8,1,27,2.22546720505,2.0
8,1,82,2.29026174545,1.75
8,1,82,2.41767549515,1.75
8,1,41,2.62413835526,1.5
8,1,41,2.68503689766,1.5
8,1,96,2.41237330437,2.5
8,1,96,2.5364792347,2.5
8,1,69,2.34715437889,2.5
8,1,69,2.30768537521,2.5
8,1,28,2.47718811035,1.0
8,1,28,2.6181845665,1.0
8,1,42,2.4232647419,3.5
8,1,42,2.50615596771,3.5
8,1,97,2.47352766991,2.25
8,1,97,2.61433911324,2.25
8,1,29,2.70877623558,3.25
8,1,29,2.70890307426,3.25
8,1,43,2.39589071274,1.75
8,1,43,2.51284527779,1.75
8,1,98,2.82381296158,0.75
8,1,98,2.72762751579,0.75
8,1,30,2.70803022385,2.5
8,1,30,2.7763800621,2.5
8,1,85,2.58389115334,2.0
8,1,85,2.55918765068,2.0
8,1,44,2.58970236778,3.25
8,1,44,2.59052658081,3.25
8,1,58,2.64038228989,1.0
8,1,58,2.58107709885,1.0
8,1,31,2.6420583725,1.25
8,1,31,2.68785333633,1.25
8,1,86,2.56354141235,1.25
8,1,86,2.6332950592,1.25
8,1,59,2.63167572021,1.5
8,1,59,2.69581508636,1.5
8,1,73,2.46176099777,2.75
8,1,73,2.58985257149,2.75
8,1,87,2.25786542892,1.0
8,1,87,2.15486621857,1.0
8,1,60,2.44487190247,2.5
8,1,60,2.38371038437,2.5
8,1,74,2.41932249069,2.5
8,1,74,2.55725574493,2.5
8,1,88,2.44619488716,2.25
8,1,88,2.64422726631,2.25
8,1,61,2.10228514671,2.75
8,1,61,2.25340986252,2.75
8,1,75,2.48177909851,3.0
8,1,75,2.63227152824,3.0
8,1,2,2.80503797531,2.75
8,1,2,2.89516687393,2.75
8,1,89,2.21470665932,3.5
8,1,89,2.41745328903,3.5
8,1,16,2.56647157669,2.75
8,1,16,2.69107341766,2.75
8,1,62,2.40398073196,1.5
8,1,62,2.50799655914,1.5
8,1,76,2.40115666389,1.0
8,1,76,2.27702975273,1.0
8,1,3,2.43536090851,2.5
8,1,3,2.58826828003,2.5
8,1,17,2.68504953384,3.25
8,1,17,2.73978376389,3.25
8,1,63,2.58898758888,1.0
8,1,63,2.59936904907,1.0
8,1,77,2.37782669067,3.25
8,1,77,2.37187600136,3.25
8,1,4,2.53111028671,1.75
8,1,4,2.56392526627,1.75
8,1,91,2.51288080215,2.75
8,1,91,2.49642300606,2.75
8,1,18,2.59095573425,3.75
8,1,18,2.56588363647,3.75
8,1,32,2.63693356514,2.75
8,1,32,2.77492380142,2.75
8,1,78,2.7498729229,2.75
8,1,78,2.60185599327,2.75
8,1,5,2.31568193436,2.0
8,1,5,2.2500731945,2.0
8,1,92,2.17804002762,1.5
8,1,92,2.38593482971,1.5
8,1,19,2.52259540558,2.25
8,1,19,2.61323714256,2.25
8,1,33,2.22696948051,1.75
8,1,33,2.37156510353,1.75
8,1,79,2.40895462036,2.0
8,1,79,2.48735451698,2.0
8,1,6,2.55472803116,1.5
8,1,6,2.42280602455,1.5
8,1,93,2.46733212471,1.75
8,1,93,2.5771241188,1.75
8,1,20,2.33900523186,2.5
8,1,20,2.40397238731,2.5
8,2,17,2.57760596275,3.5
8,2,17,2.57983422279,3.5
8,2,91,1.46827745438,2.25
8,2,91,1.46468698978,2.25
8,2,19,2.30595183372,2.0
8,2,19,2.30768036842,2.0
8,2,93,2.02736186981,4.25
8,2,93,2.02719449997,4.25
8,2,96,1.7314119339,2.0
8,2,96,1.72897171974,2.0
8,2,21,2.44902992249,2.25
8,2,21,2.44496488571,2.25
8,2,56,2.45000386238,2.0
8,2,56,2.45017194748,2.0
8,2,95,2.02682924271,2.0
8,2,95,2.02801346779,2.0
8,2,98,1.76241064072,3.0
8,2,98,1.76211118698,3.0
8,2,23,2.57119870186,2.5
8,2,23,2.57624483109,2.5
8,2,58,2.58309864998,3.0
8,2,58,2.58253788948,3.0
8,2,100,2.36206078529,3.25
8,2,100,2.36191606522,3.25
8,2,25,2.23878240585,2.75
8,2,25,2.23675990105,2.75
8,2,60,2.00121021271,3.5
8,2,60,2.00397872925,3.5
8,2,67,2.34264039993,1.625
8,2,67,2.34780883789,1.625
8,2,27,1.61945736408,4.0
8,2,27,1.61664819717,4.0
8,2,62,2.23601317406,1.75
8,2,62,2.23718237877,1.75
8,2,69,1.85959720612,3.5
8,2,69,1.85854673386,3.5
8,2,29,2.67384243011,4.75
8,2,29,2.67191529274,4.75
8,2,32,2.63230228424,4.0
8,2,32,2.63272428513,4.0
8,2,71,1.87181282043,2.0
8,2,71,1.8741300106,2.0
8,2,31,2.14730334282,2.75
8,2,31,2.14940047264,2.75
8,2,34,2.3359541893,3.5
8,2,34,2.34024906158,3.5
8,2,73,1.5790553093,3.5
8,2,73,1.57733023167,3.5
8,2,36,2.69691848755,3.75
8,2,36,2.69397449493,3.75
8,2,75,1.975481987,4.0
8,2,75,1.97970664501,4.0
8,2,38,2.66429519653,3.75
8,2,38,2.66467618942,3.75
8,2,77,1.82589221001,4.75
8,2,77,1.83147668839,4.75
8,2,5,2.2169573307,3.75
8,2,5,2.21500205994,3.75
8,2,40,2.75053095818,2.0
8,2,40,2.75174808502,2.0
8,2,79,2.60023021698,4.0
8,2,79,2.60256171227,4.0
8,2,7,2.17845726013,1.5
8,2,7,2.17338633537,1.5
8,2,42,2.54372382164,3.5
8,2,42,2.5446498394,3.5
8,2,9,2.14114499092,2.0
8,2,9,2.14041042328,2.0
8,2,44,2.37620997429,3.25
8,2,44,2.37647843361,3.25
8,2,11,2.3708884716,3.0
8,2,11,2.37060475349,3.0
8,2,46,2.36592793465,3.25
8,2,46,2.36585521698,3.25
8,2,80,2.50907063484,3.25
8,2,80,2.50447320938,3.25
8,2,15,2.22961354256,2.25
8,2,15,2.23189496994,2.25
8,2,49,2.48090910912,4.0
8,2,49,2.48105144501,4.0
8,2,84,2.33192634583,3.5
8,2,84,2.33277153969,3.5
8,2,86,1.76700115204,3.25
8,2,86,1.774132967,3.25
8,2,88,2.2043530941,3.75
8,2,88,2.20399332047,3.75
8,2,16,2.83945989609,4.0
8,2,16,2.84031391144,4.0
8,2,55,2.43329763412,3.75
8,2,55,2.4343585968,3.75
8,2,90,2.38975191116,1.5
8,2,90,2.38504362106,1.5
8,2,97,2.66046214104,4.25
8,2,97,2.66091632843,4.25
8,2,18,2.40426683426,3.5
8,2,18,2.40372562408,3.5
8,2,57,2.50541901588,4.75
8,2,57,2.50285553932,4.75
8,2,92,2.42429089546,2.0
8,2,92,2.42291998863,2.0
8,2,99,2.16719532013,4.0
8,2,99,2.16347169876,4.0
8,2,20,2.79842829704,3.75
8,2,20,2.7979850769,3.75
8,2,59,2.42893385887,4.5
8,2,59,2.4310464859,4.5
8,2,94,1.76410889626,3.0
8,2,94,1.7631816864,3.0
8,2,101,2.38460350037,2.75
8,2,101,2.38453912735,2.75
8,2,22,2.43428468704,2.25
8,2,22,2.43341064453,2.25
8,2,61,2.44039678574,4.0
8,2,61,2.44258165359,4.0
8,2,64,2.39767503738,4.75
8,2,64,2.39704012871,4.75
8,2,24,2.12879085541,3.0
8,2,24,2.12869548798,3.0
8,2,63,2.36940288544,5.25
8,2,63,2.37090587616,5.25
8,2,26,1.80469417572,4.0
8,2,26,1.80604434013,4.0
8,2,33,1.96117448807,2.25
8,2,33,1.96538090706,2.25
8,2,68,1.93573975563,2.75
8,2,68,1.93583869934,2.75
8,2,28,2.16804599762,2.5
8,2,28,2.16423630714,2.5
8,2,35,2.6290678978,3.5
8,2,35,2.6295337677,3.5
8,2,70,2.65612030029,4.0
8,2,70,2.65853667259,4.0
8,2,30,2.4407248497,4.25
8,2,30,2.43931150436,4.25
8,2,37,2.69690394402,2.25
8,2,37,2.69757080078,2.25
8,2,72,1.87575101852,3.5
8,2,72,1.87602460384,3.5
8,2,39,2.75496029854,2.0
8,2,39,2.75405263901,2.0
8,2,74,1.84105467796,3.75
8,2,74,1.85047221184,3.75
8,2,41,2.19557785988,4.0
8,2,41,2.19649791718,4.0
8,2,76,2.68233132362,3.25
8,2,76,2.68133163452,3.25
8,2,4,1.62545180321,3.25
8,2,4,1.6234805584,3.25
8,2,43,2.05495166779,2.75
8,2,43,2.04778671265,2.75
8,2,78,1.69857239723,3.25
8,2,78,1.69650053978,3.25
8,2,6,1.98095226288,1.75
8,2,6,1.98286306858,1.75
8,2,45,2.70848941803,2.25
8,2,45,2.70933222771,2.25
8,2,8,2.26003456116,4.25
8,2,8,2.25900840759,4.25
8,2,47,2.00605583191,2.75
8,2,47,2.0062251091,2.75
8,2,10,2.04075169563,1.75
8,2,10,2.0484213829,1.75
8,2,83,1.67852878571,2.75
8,2,83,1.67682480812,2.75
8,2,85,2.04288983345,4.5
8,2,85,2.04092884064,4.5
8,2,48,2.47335004807,4.0
8,2,48,2.47530078888,4.0
8,2,87,2.41618728638,2.0
8,2,87,2.41688013077,2.0
8,2,50,2.64732098579,3.0
8,2,50,2.6472299099,3.0
8,2,89,2.56608963013,2.25
8,2,89,2.56463074684,2.25
9,1,81,2.78483581543,2.25
9,1,81,3.0571975708,2.25
9,1,27,3.28156375885,3.75
9,1,27,3.26967287064,3.75
9,1,83,3.2267768383,4.25
9,1,83,3.21620678902,4.25
9,1,29,2.70506668091,2.5
9,1,29,2.77260017395,2.5
9,1,32,2.90003299713,2.75
9,1,32,3.0302195549,2.75
9,1,85,3.38625717163,4.75
9,1,85,3.42911672592,4.75
9,1,31,3.27042627335,3.5
9,1,31,3.25089931488,3.5
9,1,34,2.6379199028,3.25
9,1,34,2.70805025101,3.25
9,1,87,3.01739597321,3.25
9,1,87,3.08975958824,3.25
9,1,36,3.159542799,3.5
9,1,36,3.17964744568,3.5
9,1,89,3.09508037567,2.75
9,1,89,3.21016550064,2.75
9,1,3,3.30299043655,4.75
9,1,3,3.34307909012,4.75
9,1,38,2.92959356308,3.5
9,1,38,2.98750376701,3.5
9,1,91,2.8547847271,3.75
9,1,91,3.00520563126,3.75
9,1,5,3.20035552979,5.75
9,1,5,3.25393795967,5.75
9,1,40,2.87154555321,2.25
9,1,40,2.99316549301,2.25
9,1,93,3.17638587952,3.25
9,1,93,3.18453645706,3.25
9,1,96,3.19541788101,4.25
9,1,96,3.17605924606,4.25
9,1,7,3.32957077026,4.25
9,1,7,3.34985733032,4.25
9,1,42,2.99938035011,4.0
9,1,42,3.02989697456,4.0
9,1,95,3.05557537079,4.25
9,1,95,3.11176729202,4.25
9,1,98,2.90923094749,2.25
9,1,98,3.01177072525,2.25
9,1,65,2.89285135269,2.0
9,1,65,3.02944564819,2.0
9,1,100,3.22986960411,4.25
9,1,100,3.27461910248,4.25
9,1,67,3.02019309998,4.25
9,1,67,3.14522838593,4.25
9,1,102,3.05765104294,3.75
9,1,102,3.14304900169,3.75
9,1,69,3.14182448387,5.5
9,1,69,3.12392425537,5.5
9,1,104,2.83117365837,3.0
9,1,104,3.03084278107,3.0
9,1,106,2.83617329597,4.0
9,1,106,2.92270374298,4.0
9,1,73,3.1646027565,3.25
9,1,73,3.17942547798,3.25
9,1,51,2.99414157867,3.5
9,1,51,3.1446762085,3.5
9,1,75,3.11392211914,2.5
9,1,75,3.19416952133,2.5
9,1,110,3.12365436554,4.25
9,1,110,3.20194816589,4.25
9,1,53,2.78654098511,3.0
9,1,53,3.0256729126,3.0
9,1,77,3.14275741577,3.25
9,1,77,3.11101102829,3.25
9,1,16,2.90351486206,1.5
9,1,16,2.98768782616,1.5
9,1,55,2.85546922684,3.5
9,1,55,3.01027107239,3.5
9,1,79,3.11904907227,4.0
9,1,79,3.23261189461,4.0
9,1,18,3.2344121933,3.5
9,1,18,3.30677175522,3.5
9,1,20,3.08335828781,4.0
9,1,20,3.18080282211,4.0
9,1,59,2.97473812103,2.75
9,1,59,3.04744386673,2.75
9,1,22,2.95355820656,3.0
9,1,22,2.94698953629,3.0
9,1,61,2.98077726364,3.5
9,1,61,3.08498716354,3.5
9,1,24,2.88688254356,3.5
9,1,24,2.96601247787,3.5
9,1,63,2.42095780373,3.25
9,1,63,2.69058442116,3.25
9,1,80,2.94592475891,3.25
9,1,80,3.09677219391,3.25
9,1,26,3.06183385849,4.5
9,1,26,3.11011075974,4.5
9,1,33,3.20096492767,3.75
9,1,33,3.09774923325,3.75
9,1,82,3.00418567657,4.0
9,1,82,3.03297758102,4.0
9,1,28,3.15982437134,2.75
9,1,28,3.08590745926,2.75
9,1,35,3.00864171982,3.5
9,1,35,3.01838159561,3.5
9,1,84,3.24685192108,3.0
9,1,84,3.32941961288,3.0
9,1,30,3.01927661896,3.0
9,1,30,3.0341296196,3.0
9,1,37,3.19355630875,4.5
9,1,37,3.26955342293,4.5
9,1,86,3.01690673828,4.0
9,1,86,3.05445575714,4.0
9,1,39,3.04588890076,2.75
9,1,39,3.04218292236,2.75
9,1,88,2.65534210205,3.25
9,1,88,2.84663105011,3.25
9,1,2,3.14722394943,5.25
9,1,2,3.23957586288,5.25
9,1,41,3.00012922287,3.0
9,1,41,3.17418670654,3.0
9,1,90,2.81082105637,2.75
9,1,90,2.92659592628,2.75
9,1,97,3.27150297165,3.5
9,1,97,3.22307491302,3.5
9,1,4,3.38059401512,5.0
9,1,4,3.39940404892,5.0
9,1,92,2.91891288757,4.0
9,1,92,3.08844065666,4.0
9,1,99,2.90912747383,3.0
9,1,99,3.02221822739,3.0
9,1,6,3.05020189285,3.5
9,1,6,3.08574986458,3.5
9,1,94,3.12314414978,3.0
9,1,94,3.14385032654,3.0
9,1,101,2.77297282219,2.25
9,1,101,2.96326541901,2.25
9,1,8,3.20966672897,4.5
9,1,8,3.13553237915,4.5
9,1,64,3.08527994156,4.25
9,1,64,3.20064496994,4.25
9,1,103,3.01975631714,2.25
9,1,103,3.05200982094,2.25
9,1,66,3.28865146637,4.75
9,1,66,3.30197000504,4.75
9,1,105,3.08537960052,3.75
9,1,105,3.16887569427,3.75
9,1,12,2.90529298782,4.75
9,1,12,3.05797481537,4.75
9,1,68,3.05588912964,3.5
9,1,68,3.09208393097,3.5
9,1,107,2.91911149025,4.25
9,1,107,3.03261637688,4.25
9,1,72,2.90110445023,3.75
9,1,72,3.0082859993,3.75
9,1,111,3.07874751091,3.0
9,1,111,3.13483953476,3.0
9,1,50,3.14007568359,3.5
9,1,50,3.25543355942,3.5
9,1,74,3.00331401825,3.0
9,1,74,3.02458763123,3.0
9,1,17,3.15776181221,4.25
9,1,17,3.06872272491,4.25
9,1,52,2.78177928925,2.75
9,1,52,2.98195457458,2.75
9,1,76,3.15186095238,4.0
9,1,76,3.22876811028,4.0
9,1,19,3.01910352707,3.25
9,1,19,3.07916235924,3.25
9,1,54,2.45082259178,2.75
9,1,54,2.70014381409,2.75
9,1,78,3.07958698273,3.5
9,1,78,3.21261358261,3.5
9,1,21,2.93040275574,4.5
9,1,21,3.02777147293,4.5
9,1,56,3.02342224121,3.75
9,1,56,3.11541128159,3.75
9,1,23,3.12437939644,4.5
9,1,23,3.11800861359,4.5
9,1,25,3.09861040115,3.5
9,1,25,3.2182803154,3.5
9,1,60,3.06668663025,4.0
9,1,60,3.17817950249,4.0
9,2,98,2.86135625839,4.5
9,2,98,2.96707725525,4.5
9,2,71,3.39752697945,5.25
9,2,71,3.34743046761,5.25
9,2,100,3.20006275177,5.75
9,2,100,3.14479637146,5.75
9,2,46,3.23931980133,4.75
9,2,46,3.24562525749,4.75
9,2,102,3.28275871277,3.75
9,2,102,3.33008694649,3.75
9,2,75,3.27729821205,3.75
9,2,75,3.24339771271,3.75
9,2,16,2.85825061798,2.75
9,2,16,2.91558980942,2.75
9,2,104,3.14941167831,3.25
9,2,104,3.12854099274,3.25
9,2,77,3.10526704788,4.25
9,2,77,3.07870817184,4.25
9,2,18,2.80508637428,4.25
9,2,18,2.97041416168,4.25
9,2,106,3.3009095192,5.25
9,2,106,3.30477118492,5.25
9,2,79,3.34896659851,5.25
9,2,79,3.34465312958,5.25
9,2,20,2.86491179466,3.0
9,2,20,2.88985872269,3.0
9,2,108,3.19210624695,4.25
9,2,108,3.15856933594,4.25
9,2,49,3.29545593262,5.25
9,2,49,3.35270190239,5.25
9,2,22,2.95083284378,3.0
9,2,22,2.94445848465,3.0
9,2,110,2.99556159973,3.25
9,2,110,3.06450247765,3.25
9,2,51,3.30368947983,5.0
9,2,51,3.37587618828,5.0
9,2,24,2.73037338257,1.75
9,2,24,2.85584998131,1.75
9,2,80,3.17287373543,4.75
9,2,80,3.15760707855,4.75
9,2,53,2.43489933014,3.75
9,2,53,2.46299624443,3.75
9,2,26,2.79247236252,3.25
9,2,26,2.95270562172,3.25
9,2,82,3.05158853531,3.0
9,2,82,3.08862352371,3.0
9,2,55,3.01065206528,3.25
9,2,55,3.01090621948,3.25
9,2,28,3.08776044846,4.75
9,2,28,3.05205535889,4.75
9,2,84,3.060557127,3.75
9,2,84,3.03491973877,3.75
9,2,30,3.04535484314,2.75
9,2,30,3.06758975983,2.75
9,2,113,3.17002296448,5.75
9,2,113,3.25706672668,5.75
9,2,86,3.29218196869,4.0
9,2,86,3.23557901382,4.0
9,2,88,3.17525339127,4.5
9,2,88,3.12620019913,4.5
9,2,2,3.09379720688,4.0
9,2,2,3.18239116669,4.0
9,2,90,3.06721401215,3.25
9,2,90,3.13421726227,3.25
9,2,63,3.17701768875,5.0
9,2,63,3.17616796494,5.0
9,2,4,3.05900645256,5.25
9,2,4,3.14280939102,5.25
9,2,92,3.21987390518,4.25
9,2,92,3.20432472229,4.25
9,2,33,3.15412712097,3.0
9,2,33,3.27349185944,3.0
9,2,6,3.43203735352,5.75
9,2,6,3.48987627029,5.75
9,2,94,3.05452680588,4.0
9,2,94,3.00445747375,4.0
9,2,35,2.36213898659,2.5
9,2,35,2.75303077698,2.5
9,2,8,3.1376376152,4.5
9,2,8,3.15623688698,4.5
9,2,64,2.95444297791,4.5
9,2,64,3.08325624466,4.5
9,2,37,3.09028100967,3.75
9,2,37,3.1408059597,3.75
9,2,10,3.26180839539,4.75
9,2,10,3.2690141201,4.75
9,2,66,3.24339652061,5.5
9,2,66,3.27745270729,5.5
9,2,39,3.08262872696,4.0
9,2,39,3.08246254921,4.0
9,2,12,3.30096149445,5.5
9,2,12,3.35655832291,5.5
9,2,68,3.19026374817,3.25
9,2,68,3.16573548317,3.25
9,2,41,3.37968635559,4.5
9,2,41,3.30736637115,4.5
9,2,97,2.89410400391,3.75
9,2,97,2.91489338875,3.75
9,2,70,3.33438277245,4.75
9,2,70,3.33184719086,4.75
9,2,99,3.25515222549,4.5
9,2,99,3.15938520432,4.5
9,2,45,2.79665136337,3.0
9,2,45,2.97593259811,3.0
9,2,101,3.13052201271,3.75
9,2,101,3.17389345169,3.75
9,2,74,3.26164293289,5.25
9,2,74,3.19113636017,5.25
9,2,47,3.09496355057,5.0
9,2,47,3.17952632904,5.0
9,2,103,3.2433962822,3.0
9,2,103,3.19123005867,3.0
9,2,76,3.29273223877,3.25
9,2,76,3.22984218597,3.25
9,2,17,3.00231790543,4.0
9,2,17,3.11595487595,4.0
9,2,105,3.27197527885,4.5
9,2,105,3.2750453949,4.5
9,2,78,3.18679857254,5.5
9,2,78,3.13368844986,5.5
9,2,19,3.03295660019,3.25
9,2,19,3.07043123245,3.25
9,2,107,2.92662096024,3.75
9,2,107,2.90512371063,3.75
9,2,48,3.33496236801,5.0
9,2,48,3.39134073257,5.0
9,2,21,2.85431075096,3.75
9,2,21,2.99538755417,3.75
9,2,109,3.07826519012,2.25
9,2,109,3.17409110069,2.25
9,2,50,3.09176254272,4.0
9,2,50,3.13000392914,4.0
9,2,23,2.58954429626,2.75
9,2,23,2.59323883057,2.75
9,2,111,3.09519982338,4.0
9,2,111,3.08211040497,4.0
9,2,52,1.88343477249,2.75
9,2,52,1.97839641571,2.75
9,2,25,3.21500229836,5.75
9,2,25,3.24624609947,5.75
9,2,81,3.24779891968,4.75
9,2,81,3.22208690643,4.75
9,2,54,3.22951984406,5.5
9,2,54,3.21594905853,5.5
9,2,27,2.26587057114,3.25
9,2,27,2.22795271873,3.25
9,2,83,3.23616790771,4.0
9,2,83,3.16363143921,4.0
9,2,56,3.1250872612,5.0
9,2,56,3.13205957413,5.0
9,2,29,3.0692024231,3.0
9,2,29,3.1632142067,3.0
9,2,112,3.10724973679,4.5
9,2,112,3.15856838226,4.5
9,2,85,2.91644716263,4.75
9,2,85,2.93914604187,4.75
9,2,31,2.59830856323,2.75
9,2,31,2.70916032791,2.75
9,2,87,3.06141424179,3.25
9,2,87,3.12030649185,3.25
9,2,89,2.88033819199,2.75
9,2,89,2.88349294662,2.75
9,2,62,3.24392986298,4.0
9,2,62,3.17334651947,4.0
9,2,3,3.20435357094,4.5
9,2,3,3.17578792572,4.5
9,2,91,3.34096574783,4.25
9,2,91,3.20952653885,4.25
9,2,32,2.45059895515,2.25
9,2,32,2.61981296539,2.25
9,2,5,3.09693288803,5.5
9,2,5,3.20856618881,5.5
9,2,93,3.14532065392,4.5
9,2,93,3.11010408401,4.5
9,2,34,2.73250341415,2.5
9,2,34,2.95554471016,2.5
9,2,7,2.83359217644,5.25
9,2,7,2.83864498138,5.25
9,2,95,3.04735326767,5.0
9,2,95,3.10339689255,5.0
9,2,36,3.04375720024,4.75
9,2,36,3.12523984909,4.75
9,2,9,3.24350523949,5.75
9,2,9,3.29356813431,5.75
9,2,65,3.32524299622,4.75
9,2,65,3.3618786335,4.75
9,2,38,2.68728637695,2.0
9,2,38,2.76270031929,2.0
9,2,11,3.11559486389,4.5
9,2,11,3.07601094246,4.5
9,2,67,3.4053504467,4.25
9,2,67,3.3791205883,4.25
9,2,40,3.23729681969,3.25
9,2,40,3.32798337936,3.25
9,2,13,3.09497952461,3.75
9,2,13,3.07136011124,3.75
9,2,96,3.16901063919,3.0
9,2,96,3.13036751747,3.0
9,2,69,3.10805177689,3.25
9,2,69,3.1905798912,3.25
9,2,42,3.04094266891,3.25
9,2,42,3.05485439301,3.25
10,1,63,2.90578341484,4.25
10,1,63,2.85013508797,4.25
10,1,24,3.1728143692,4.75
10,1,24,3.18132662773,4.75
10,1,80,3.04795575142,5.0
10,1,80,3.12497615814,5.0
10,1,61,3.31684041023,4.0
10,1,61,3.27108669281,4.0
10,1,6,3.2254691124,5.0
10,1,6,3.10960364342,5.0
10,1,94,3.09859228134,5.0
10,1,94,2.97633481026,5.0
10,1,4,3.19000720978,5.5
10,1,4,3.14714860916,5.5
10,1,92,3.25671386719,5.0
10,1,92,3.2792263031,5.0
10,1,57,3.16610741615,1.5
10,1,57,3.22495412827,1.5
10,1,90,3.18505716324,3.75
10,1,90,3.23478507996,3.75
10,1,39,2.91972708702,4.0
10,1,39,2.88068628311,4.0
10,1,88,3.15896892548,5.5
10,1,88,3.17388296127,5.5
10,1,37,3.23829317093,6.0
10,1,37,3.21085262299,6.0
10,1,14,3.17619800568,3.75
10,1,14,3.12804365158,3.75
10,1,35,2.77994632721,2.0
10,1,35,2.94482254982,2.0
10,1,12,3.29266786575,4.5
10,1,12,3.26516437531,4.5
10,1,68,3.15493941307,3.75
10,1,68,3.26756501198,3.75
10,1,33,3.02004671097,4.5
10,1,33,3.03666496277,4.5
10,1,10,3.13147163391,5.0
10,1,10,3.0472202301,5.0
10,1,66,3.12416505814,6.0
10,1,66,3.15155172348,6.0
10,1,47,3.10277748108,5.25
10,1,47,3.08323717117,5.25
10,1,8,3.24887037277,6.25
10,1,8,3.17762565613,6.25
10,1,103,2.97308969498,3.75
10,1,103,3.01170969009,3.75
10,1,64,2.93131566048,5.0
10,1,64,2.71746015549,5.0
10,1,45,3.07805967331,2.875
10,1,45,3.04003000259,2.875
10,1,101,3.13039827347,5.5
10,1,101,3.07359480858,5.5
10,1,78,3.14886236191,5.5
10,1,78,3.22159337997,5.5
10,1,43,3.35969567299,4.5
10,1,43,3.26491737366,4.5
10,1,99,3.23509931564,5.25
10,1,99,3.2493159771,5.25
10,1,76,3.25295066833,4.75
10,1,76,3.30693387985,4.75
10,1,41,3.21395111084,3.25
10,1,41,3.15059995651,3.25
10,1,97,3.06281757355,3.75
10,1,97,2.92752075195,3.75
10,1,74,3.02369499207,4.75
10,1,74,3.09098768234,4.75
10,1,72,3.27552843094,3.0
10,1,72,3.29999017715,3.0
10,1,21,3.23645162582,5.25
10,1,21,3.13020801544,5.25
10,1,54,2.58237028122,3.5
10,1,54,2.55828857422,3.5
10,1,107,3.13351106644,5.0
10,1,107,3.13792490959,5.0
10,1,52,3.22402763367,5.0
10,1,52,3.25422096252,5.0
10,1,105,3.17174196243,4.0
10,1,105,3.0188331604,4.0
10,1,50,3.19922018051,5.25
10,1,50,3.27528142929,5.25
10,1,31,3.17499017715,4.75
10,1,31,3.20258545876,4.75
10,1,87,3.25652694702,4.75
10,1,87,3.25146317482,4.75
10,1,48,3.23758411407,5.0
10,1,48,3.23431062698,5.0
10,1,29,3.26988935471,4.5
10,1,29,3.26324176788,4.5
10,1,85,3.04355716705,4.75
10,1,85,3.18115377426,4.75
10,1,62,3.01871490479,3.75
10,1,62,3.09490942955,3.75
10,1,27,3.22417402267,4.25
10,1,27,3.16452693939,4.25
10,1,83,3.22943544388,3.0
10,1,83,3.22975063324,3.0
10,1,25,3.25412416458,4.5
10,1,25,3.16862726212,4.5
10,1,81,3.00916051865,4.25
10,1,81,3.07782363892,4.25
10,1,7,3.25077199936,5.5
10,1,7,3.16728687286,5.5
10,1,95,3.19913911819,4.75
10,1,95,3.22037529945,4.75
10,1,56,3.08972668648,4.5
10,1,56,3.0687046051,4.5
10,1,5,3.17590069771,5.0
10,1,5,3.08462619781,5.0
10,1,93,3.2127456665,4.0
10,1,93,3.21122860909,4.0
10,1,38,2.99406099319,3.75
10,1,38,2.98149824142,3.75
10,1,91,3.27591753006,4.5
10,1,91,3.30422782898,4.5
10,1,36,3.30119085312,4.75
10,1,36,3.33314323425,4.75
10,1,89,3.24579191208,5.25
10,1,89,3.13979816437,5.25
10,1,34,2.83455967903,4.0
10,1,34,2.78181767464,4.0
10,1,32,3.17070674896,3.75
10,1,32,3.23823094368,3.75
10,1,13,3.11578178406,4.25
10,1,13,3.07714271545,4.25
10,1,69,3.19310379028,4.5
10,1,69,3.26075696945,4.5
10,1,46,3.28435230255,5.0
10,1,46,3.25038433075,5.0
10,1,11,3.02018404007,4.0
10,1,11,2.90537214279,4.0
10,1,102,2.82880210876,5.0
10,1,102,3.07304048538,5.0
10,1,67,2.99844503403,5.25
10,1,67,3.03814387321,5.25
10,1,44,3.28432178497,4.5
10,1,44,3.20216345787,4.5
10,1,9,3.14925527573,5.5
10,1,9,2.95514392853,5.5
10,1,100,3.07141065598,4.0
10,1,100,3.1276512146,4.0
10,1,65,3.04393625259,5.75
10,1,65,3.06182479858,5.75
10,1,42,3.33392071724,5.25
10,1,42,3.30943775177,5.25
10,1,98,3.18048667908,4.5
10,1,98,3.28753352165,4.5
10,1,79,3.07419729233,4.5
10,1,79,3.01705813408,4.5
10,1,40,3.09907341003,4.5
10,1,40,3.16814374924,4.5
10,1,96,3.25855278969,4.5
10,1,96,3.28703737259,4.5
10,1,77,3.16352367401,4.5
10,1,77,3.21813631058,4.5
10,1,22,3.26214456558,4.5
10,1,22,3.21106863022,4.5
10,1,75,3.12804317474,4.5
10,1,75,3.16891241074,4.5
10,1,20,3.23086023331,5.0
10,1,20,3.20107269287,5.0
10,1,108,3.02966094017,5.0
10,1,108,3.07594370842,5.0
10,1,73,3.16473484039,4.25
10,1,73,3.22112345695,4.25
10,1,106,3.06158638,2.0
10,1,106,3.04244112968,2.0
10,1,55,3.20781993866,5.25
10,1,55,3.22671413422,5.25
10,1,104,3.12063360214,4.5
10,1,104,3.15381360054,4.5
10,1,53,3.11291098595,5.25
10,1,53,3.17216420174,5.25
10,1,30,3.25311326981,5.5
10,1,30,3.28769397736,5.5
10,1,86,3.22367668152,4.0
10,1,86,3.25414228439,4.0
10,1,51,3.02225780487,5.5
10,1,51,3.04336500168,5.5
10,1,28,3.27703619003,4.75
10,1,28,3.25919103622,4.75
10,1,84,3.02790975571,2.75
10,1,84,3.00360155106,2.75
10,1,49,3.02421331406,4.0
10,1,49,2.92950963974,4.0
10,1,26,2.90374040604,2.375
10,1,26,2.70307970047,2.375
10,1,82,3.24778223038,4.5
10,1,82,3.21556162834,4.5
10,2,65,2.68905806541,5.0
10,2,65,2.79100012779,5.0
10,2,26,2.93125391006,3.5
10,2,26,3.09643721581,3.5
10,2,83,2.97932291031,4.25
10,2,83,2.96459460258,4.25
10,2,15,3.09673476219,5.75
10,2,15,3.17211127281,5.75
10,2,25,3.00255489349,4.25
10,2,25,3.16214370728,4.25
10,2,82,2.97950196266,5.25
10,2,82,2.9430937767,5.25
10,2,14,3.18760824203,5.25
10,2,14,3.26978302002,5.25
10,2,71,2.85234880447,4.0
10,2,71,3.00343084335,4.0
10,2,24,2.99483013153,3.5
10,2,24,3.13277101517,3.5
10,2,81,2.99189186096,5.25
10,2,81,3.08492851257,5.25
10,2,35,2.30545139313,2.75
10,2,35,2.38174629211,2.75
10,2,13,3.18935632706,5.25
10,2,13,3.25165987015,5.25
10,2,70,3.17300796509,4.66667
10,2,70,3.18352222443,4.66667
10,2,31,2.97713780403,3.25
10,2,31,3.1068110466,3.25
10,2,80,3.12304472923,4.5
10,2,80,3.17682790756,4.5
10,2,34,3.18094468117,5.0
10,2,34,3.15915727615,5.0
10,2,12,3.13598060608,4.25
10,2,12,3.2432179451,4.25
10,2,69,3.01854896545,5.25
10,2,69,3.00115656853,5.25
10,2,30,3.13944482803,5.75
10,2,30,3.20919370651,5.75
10,2,87,3.11780190468,5.5
10,2,87,3.09196805954,5.5
10,2,33,2.98874783516,4.75
10,2,33,3.00937747955,4.75
10,2,51,3.2012822628,5.5
10,2,51,3.20012331009,5.5
10,2,68,3.01583337784,4.75
10,2,68,3.10342383385,4.75
10,2,29,2.90514755249,5.0
10,2,29,3.02340960503,5.0
10,2,86,3.06761932373,4.5
10,2,86,3.01028752327,4.5
10,2,32,2.59667921066,1.75
10,2,32,2.75734376907,1.75
10,2,50,2.21293449402,4.0
10,2,50,2.27425885201,4.0
10,2,75,3.13153982162,4.5
10,2,75,3.17867565155,4.5
10,2,28,3.08472681046,4.5
10,2,28,3.18406677246,4.5
10,2,85,3.21032309532,5.25
10,2,85,3.19944810867,5.25
10,2,39,3.24088454247,5.25
10,2,39,3.2490901947,5.25
10,2,74,3.08965492249,4.75
10,2,74,3.07729768753,4.75
10,2,3,3.18966245651,3.75
10,2,3,3.15758323669,3.75
10,2,84,2.99689769745,4.0
10,2,84,3.03551244736,4.0
10,2,38,3.20715999603,4.75
10,2,38,3.20315599442,4.75
10,2,73,3.07942581177,5.5
10,2,73,3.03779506683,5.5
10,2,91,3.08647251129,4.25
10,2,91,3.15288209915,4.25
10,2,37,3.08916854858,5.0
10,2,37,3.09028482437,5.0
10,2,55,3.17867994308,3.75
10,2,55,3.20061063766,3.75
10,2,72,2.86588478088,6.25
10,2,72,2.99904918671,6.25
10,2,90,3.10115528107,4.25
10,2,90,3.18425226212,4.25
10,2,19,2.94904899597,4.5
10,2,19,3.06297683716,4.5
10,2,36,3.01619577408,3.75
10,2,36,3.12568259239,3.75
10,2,54,3.06893849373,5.5
10,2,54,3.0531001091,5.5
10,2,79,2.9903459549,5.5
10,2,79,3.09392547607,5.5
10,2,89,3.12233161926,4.0
10,2,89,3.12505292892,4.0
10,2,43,3.07560586929,5.75
10,2,43,3.16147828102,5.75
10,2,53,3.29260396957,6.75
10,2,53,3.24587273598,6.75
10,2,78,3.0860824585,5.25
10,2,78,3.13090705872,5.25
10,2,7,3.22504591942,5.25
10,2,7,3.18747282028,5.25
10,2,88,3.12348413467,5.5
10,2,88,3.2006444931,5.5
10,2,42,3.17150878906,5.5
10,2,42,3.16318702698,5.5
10,2,52,3.08827066422,5.5
10,2,52,3.10735464096,5.5
10,2,77,2.96273803711,3.5
10,2,77,3.11608839035,3.5
10,2,6,3.18757534027,5.25
10,2,6,3.19023609161,5.25
10,2,95,2.91869354248,2.0
10,2,95,3.03012180328,2.0
10,2,41,3.06026220322,5.25
10,2,41,3.16051054001,5.25
10,2,76,2.96693944931,4.5
10,2,76,3.00019884109,4.5
10,2,5,3.15231180191,5.5
10,2,5,3.13999891281,5.5
10,2,94,2.9304459095,3.25
10,2,94,3.01546382904,3.25
10,2,23,3.16954755783,5.0
10,2,23,3.24976921082,5.0
10,2,40,2.88915061951,4.5
10,2,40,2.96712970734,4.5
10,2,97,1.83081626892,5.75
10,2,97,1.91650462151,5.75
10,2,58,3.06368207932,5.5
10,2,58,3.11737108231,5.5
10,2,4,3.19207715988,6.25
10,2,4,3.2466108799,6.25
10,2,93,2.83418321609,3.25
10,2,93,2.93969035149,3.25
10,2,22,3.11387681961,5.5
10,2,22,3.14852809906,5.5
10,2,47,2.20080804825,5.25
10,2,47,2.14843845367,5.25
10,2,96,3.08253407478,4.75
10,2,96,3.18944048882,4.75
10,2,11,3.17514228821,4.5
10,2,11,3.2306933403,4.5
10,2,92,2.83822727203,4.75
10,2,92,2.93420600891,4.75
10,2,21,2.94454288483,5.5
10,2,21,2.96974945068,5.5
10,2,46,2.77038168907,4.25
10,2,46,2.92396068573,4.25
10,2,56,3.17953848839,5.25
10,2,56,3.155854702,5.25
10,2,10,2.94253706932,5.25
10,2,10,3.07128453255,5.25
10,2,67,3.13166379929,4.33333
10,2,67,3.13458824158,4.33333
10,2,20,3.06519627571,2.75
10,2,20,3.031873703,2.75
10,2,45,2.96981072426,3.5
10,2,45,2.78107690811,3.5
10,2,9,3.0149064064,3.25
10,2,9,3.17786335945,3.25
10,2,66,2.69007587433,3.0
10,2,66,2.94192886353,3.0
10,2,27,3.10966300964,5.0
10,2,27,3.10777568817,5.0
10,2,44,3.23048472404,5.0
10,2,44,3.22576141357,5.0
10,2,8,3.15456032753,5.75
10,2,8,3.14874982834,5.75
11,1,5,3.17952251434,4.5
11,1,5,3.35850858688,4.5
11,1,94,3.10595273972,5.75
11,1,94,3.03661298752,5.75
11,1,23,3.40017485619,5.75
11,1,23,3.42594861984,5.75
11,1,32,3.23768568039,4.25
11,1,32,3.34274768829,4.25
11,1,50,2.53701734543,3.0
11,1,50,2.52424168587,3.0
11,1,75,2.64590358734,3.5
11,1,75,2.47769808769,3.5
11,1,4,3.09190034866,5.75
11,1,4,3.1837542057,5.75
11,1,93,2.89070320129,4.25
11,1,93,3.19170498848,4.25
11,1,22,3.19285154343,6.25
11,1,22,3.26574254036,6.25
11,1,47,2.72003793716,4.0
11,1,47,2.6858048439,4.0
11,1,49,2.72169208527,4.5
11,1,49,2.70016908646,4.5
11,1,74,3.15574026108,5.0
11,1,74,3.02003645897,5.0
11,1,92,2.91096997261,4.25
11,1,92,3.21150493622,4.25
11,1,21,2.96605801582,4.25
11,1,21,3.12146544456,4.25
11,1,46,2.30726122856,1.75
11,1,46,2.82881617546,1.75
11,1,48,2.33478069305,2.25
11,1,48,2.41992473602,2.25
11,1,73,3.38219022751,5.25
11,1,73,3.43700122833,5.25
11,1,91,3.18000555038,5.5
11,1,91,3.28823852539,5.5
11,1,20,3.13875055313,5.5
11,1,20,3.22348546982,5.5
11,1,63,3.0029861927,6.25
11,1,63,3.20781326294,6.25
11,1,72,3.08531570435,4.75
11,1,72,3.13875746727,4.75
11,1,90,3.00988149643,4.25
11,1,90,3.16052293777,4.25
11,1,19,3.30230927467,6.25
11,1,19,3.42217350006,6.25
11,1,62,3.03678274155,5.0
11,1,62,3.23062133789,5.0
11,1,89,3.2817196846,5.0
11,1,89,3.44585251808,5.0
11,1,15,2.87355732918,3.5
11,1,15,3.12565803528,3.5
11,1,88,3.04184484482,3.75
11,1,88,3.24671697617,3.75
11,1,99,3.20029687881,6.25
11,1,99,3.14666962624,6.25
11,1,14,3.11145186424,4.25
11,1,14,3.37704753876,4.25
11,1,71,2.68224239349,4.75
11,1,71,2.92663955688,4.75
11,1,98,2.86624670029,4.5
11,1,98,2.811429739,4.5
11,1,13,2.97224998474,5.25
11,1,13,3.19384145737,5.25
11,1,70,2.6705391407,5.0
11,1,70,2.80750870705,5.0
11,1,31,3.24831533432,5.5
11,1,31,3.30691123009,5.5
11,1,97,2.76349425316,3.75
11,1,97,2.96916151047,3.75
11,1,12,3.1076836586,5.5
11,1,12,3.30199432373,5.5
11,1,69,2.78964924812,4.0
11,1,69,2.83136415482,4.0
11,1,30,3.19644546509,4.25
11,1,30,3.32735967636,4.25
11,1,87,2.56811332703,2.75
11,1,87,2.99600124359,2.75
11,1,96,2.86291217804,4.75
11,1,96,3.01579642296,4.75
11,1,57,1.79928255081,2.5
11,1,57,2.14314174652,2.5
11,1,11,2.84565401077,4.5
11,1,11,2.94980454445,4.5
11,1,68,2.66295051575,4.25
11,1,68,2.6254529953,4.25
11,1,29,3.0960123539,5.5
11,1,29,3.31438064575,5.5
11,1,56,1.83131980896,2.25
11,1,56,2.20054244995,2.25
11,1,10,2.59842705727,4.66667
11,1,10,2.80405855179,4.66667
11,1,67,2.80755233765,6.25
11,1,67,2.83778190613,6.25
11,1,28,3.15234088898,4.5
11,1,28,3.31822538376,4.5
11,1,39,2.2444024086,5.0
11,1,39,2.38034725189,5.0
11,1,9,2.98650479317,4.0
11,1,9,3.21948242188,4.0
11,1,66,2.89109420776,3.25
11,1,66,3.03408527374,3.25
11,1,27,2.95526480675,4.5
11,1,27,3.22187948227,4.5
11,1,84,2.9772002697,3.5
11,1,84,3.16539621353,3.5
11,1,38,3.32210969925,4.5
11,1,38,3.31949949265,4.5
11,1,8,3.00432801247,4.25
11,1,8,3.08286881447,4.25
11,1,65,2.81175732613,4.25
11,1,65,2.99193954468,4.25
11,1,26,3.23781204224,4.0
11,1,26,3.33783054352,4.0
11,1,83,2.99493646622,3.5
11,1,83,3.11638450623,3.5
11,1,37,3.26004052162,3.75
11,1,37,3.36667943001,3.75
11,1,55,2.20720100403,4.0
11,1,55,2.07778787613,4.0
11,1,64,2.91772508621,5.0
11,1,64,3.22772884369,5.0
11,1,25,3.2080013752,5.0
11,1,25,3.24759149551,5.0
11,1,82,3.08752393723,4.5
11,1,82,3.09893369675,4.5
11,1,36,3.1169295311,5.0
11,1,36,3.19471216202,5.0
11,1,54,2.55879211426,2.5
11,1,54,2.90345954895,2.5
11,1,79,2.8449420929,4.5
11,1,79,3.00299477577,4.5
11,1,24,3.10662603378,3.25
11,1,24,3.25766658783,3.25
11,1,81,2.94280028343,4.5
11,1,81,3.22814702988,4.5
11,1,35,3.25619673729,4.5
11,1,35,3.30161857605,4.5
11,1,53,3.00362157822,5.25
11,1,53,2.95437908173,5.25
11,1,78,2.97824287415,5.0
11,1,78,3.20868945122,5.0
11,1,7,2.88788342476,4.25
11,1,7,3.13447093964,4.25
11,1,80,3.04801940918,6.0
11,1,80,3.21387648582,6.0
11,1,34,3.47040271759,4.5
11,1,34,3.40902900696,4.5
11,1,52,3.07352614403,4.25
11,1,52,3.32464599609,4.25
11,1,77,3.33444142342,6.0
11,1,77,3.40856480598,6.0
11,1,6,3.12418913841,5.0
11,1,6,3.14983844757,5.0
11,1,95,2.81436800957,4.25
11,1,95,2.79259490967,4.25
11,1,33,3.26156544685,5.0
11,1,33,3.33153605461,5.0
11,1,51,3.07328295708,4.75
11,1,51,3.11270785332,4.75
11,1,76,3.16518640518,4.0
11,1,76,3.17963862419,4.0
11,2,84,2.64925384521,4.75
11,2,84,2.43287467957,4.75
11,2,28,2.51139545441,4.5
11,2,28,2.21077203751,4.5
11,2,74,2.45619297028,4.25
11,2,74,2.33965444565,4.25
11,2,18,3.17342710495,4.0
11,2,18,3.01092267036,4.0
11,2,72,2.71710085869,4.25
11,2,72,2.36644124985,4.25
11,2,63,2.13233971596,2.75
11,2,63,1.90107750893,2.75
11,2,78,3.1192009449,5.5
11,2,78,3.06648087502,5.5
11,2,61,2.44915676117,3.25
11,2,61,2.27678442001,3.25
11,2,22,2.35823321342,3.75
11,2,22,2.01624631882,3.75
11,2,76,2.62917590141,5.5
11,2,76,2.60938167572,5.5
11,2,51,3.01798510551,4.5
11,2,51,2.99877619743,4.5
11,2,20,2.28799128532,4.75
11,2,20,2.82485628128,4.75
11,2,105,2.93344783783,4.5
11,2,105,2.97930693626,4.5
11,2,66,2.04138159752,1.75
11,2,66,2.11556506157,1.75
11,2,49,2.83361434937,2.75
11,2,49,2.62326407433,2.75
11,2,10,2.764980793,4.75
11,2,10,2.50233864784,4.75
11,2,111,2.88199520111,4.5
11,2,111,2.7539358139,4.5
11,2,64,2.88383722305,4.25
11,2,64,2.43172430992,4.25
11,2,55,3.06326627731,4.5
11,2,55,2.82396650314,4.5
11,2,8,2.93248653412,5.0
11,2,8,2.93818593025,5.0
11,2,109,3.26386260986,4.75
11,2,109,3.09402942657,4.75
11,2,53,3.05482792854,4.5
11,2,53,3.0448884964,4.5
11,2,99,3.12927174568,5.5
11,2,99,3.14658236504,5.5
11,2,68,2.57479763031,4.0
11,2,68,2.2250649929,4.0
11,2,43,2.8754761219,5.25
11,2,43,2.7001209259,5.25
11,2,12,2.75130605698,2.25
11,2,12,2.3238761425,2.25
11,2,97,2.73693203926,3.75
11,2,97,2.57036280632,3.75
11,2,41,2.55285835266,4.75
11,2,41,2.45937156677,4.75
11,2,103,2.75712251663,5.25
11,2,103,2.84731483459,5.25
11,2,47,3.09070158005,4.0
11,2,47,2.98904895782,4.0
11,2,101,2.76720237732,4.75
11,2,101,2.41670680046,4.75
11,2,45,2.52884888649,4.25
11,2,45,2.08798503876,4.25
11,2,6,3.02241826057,5.5
11,2,6,2.89857769012,5.5
11,2,91,2.54622101784,4.5
11,2,91,2.26821756363,4.5
11,2,35,2.97523903847,3.75
11,2,35,2.68506121635,3.75
11,2,4,2.590051651,4.0
11,2,4,2.30529928207,4.0
11,2,89,2.98996543884,4.75
11,2,89,2.92727351189,4.75
11,2,33,3.00311756134,4.25
11,2,33,2.7641813755,4.25
11,2,95,2.94737482071,4.0
11,2,95,2.75269365311,4.0
11,2,39,2.56989550591,4.5
11,2,39,2.33056688309,4.5
11,2,93,2.96175599098,5.0
11,2,93,2.58160233498,5.0
11,2,37,2.87641072273,5.0
11,2,37,2.8106148243,5.0
11,2,83,2.95792484283,4.0
11,2,83,2.90250301361,4.0
11,2,27,2.96150541306,5.5
11,2,27,2.77222514153,5.5
11,2,81,2.39503645897,3.0
11,2,81,2.0286655426,3.0
11,2,25,2.91196537018,5.0
11,2,25,2.73742628098,5.0
11,2,87,2.77542591095,4.25
11,2,87,2.7180109024,4.25
11,2,31,3.01478242874,5.0
11,2,31,3.10842657089,5.0
11,2,85,2.27885961533,5.0
11,2,85,1.94658660889,5.0
11,2,56,2.84410762787,4.75
11,2,56,2.34526157379,4.75
11,2,29,2.91167926788,4.75
11,2,29,2.73917269707,4.75
11,2,75,2.4180316925,2.5
11,2,75,2.28956913948,2.5
11,2,62,1.9085547924,1.75
11,2,62,1.87361955643,1.75
11,2,19,2.89102816582,5.25
11,2,19,2.37719774246,5.25
11,2,73,2.47176647186,4.25
11,2,73,2.41267871857,4.25
11,2,60,2.3338739872,2.5
11,2,60,1.91870927811,2.5
11,2,17,2.51281023026,3.75
11,2,17,2.4075012207,3.75
11,2,106,2.67683029175,3.0
11,2,106,2.76040458679,3.0
11,2,79,2.60243821144,4.25
11,2,79,2.44638085365,4.25
11,2,50,3.05841064453,4.25
11,2,50,2.9946668148,4.25
11,2,23,2.9517557621,5.75
11,2,23,2.41845989227,5.75
11,2,104,3.08193492889,6.0
11,2,104,2.92864608765,6.0
11,2,77,2.7216553688,4.5
11,2,77,2.59957814217,4.5
11,2,48,2.86655139923,6.5
11,2,48,2.72079229355,6.5
11,2,21,3.2355761528,6.25
11,2,21,3.23510456085,6.25
11,2,110,2.94565701485,4.75
11,2,110,3.19159460068,4.75
11,2,67,2.66456985474,4.75
11,2,67,2.49134039879,4.75
11,2,54,2.61647510529,3.75
11,2,54,2.42130756378,3.75
11,2,11,2.49900102615,2.5
11,2,11,2.4043545723,2.5
11,2,65,2.67607164383,2.5
11,2,65,2.37747097015,2.5
11,2,52,2.97464227676,5.0
11,2,52,2.92651987076,5.0
11,2,9,2.88301515579,3.5
11,2,9,2.94888019562,3.5
11,2,98,2.76577711105,5.0
11,2,98,2.58532953262,5.0
11,2,42,2.99232053757,4.75
11,2,42,2.87130880356,4.75
11,2,96,2.8156247139,5.0
11,2,96,2.60261487961,5.0
11,2,69,2.50340151787,3.25
11,2,69,2.45968222618,3.25
11,2,40,2.69958162308,4.25
11,2,40,2.66708636284,4.25
11,2,102,2.84815764427,3.75
11,2,102,2.83456802368,3.75
11,2,46,2.56611347198,4.25
11,2,46,2.28934049606,4.25
11,2,3,2.49329090118,5.0
11,2,3,2.36239433289,5.0
11,2,100,2.95252871513,4.5
11,2,100,2.90744137764,4.5
11,2,44,3.19948840141,5.5
11,2,44,3.03286242485,5.5
11,2,90,2.74935555458,3.25
11,2,90,2.50503802299,3.25
11,2,34,2.8127822876,6.5
11,2,34,2.71198034286,6.5
11,2,7,2.33733916283,0.75
11,2,7,1.96971559525,0.75
11,2,88,2.47184419632,5.0
11,2,88,2.18136191368,5.0
11,2,32,2.63143610954,5.25
11,2,32,2.28194570541,5.25
11,2,5,2.62872815132,2.25
11,2,5,2.14342689514,2.25
11,2,94,2.76197814941,4.25
11,2,94,2.4257106781,4.25
11,2,38,2.69009637833,4.25
11,2,38,2.46427631378,4.25
11,2,92,2.59712409973,5.5
11,2,92,2.76910591125,5.5
11,2,36,3.1039288044,4.25
11,2,36,3.07037901878,4.25
11,2,82,2.62726187706,4.75
11,2,82,2.22615265846,4.75
11,2,26,2.71159243584,3.5
11,2,26,2.46267652512,3.5
11,2,80,2.13159990311,3.75
11,2,80,1.94373440742,3.75
11,2,24,2.79928731918,5.0
11,2,24,2.82715678215,5.0
11,2,86,2.96971988678,5.75
11,2,86,2.63913249969,5.75
11,2,30,2.74806189537,4.0
11,2,30,2.53679084778,4.0
12,1,60,2.88044834137,3.75
12,1,60,2.97969293594,3.75
12,1,25,3.11057758331,5.75
12,1,25,3.00661754608,5.75
12,1,83,3.16782999039,5.5
12,1,83,3.0746319294,5.5
12,1,62,2.22773861885,2.5
12,1,62,2.25471258163,2.5
12,1,27,3.02367162704,4.5
12,1,27,2.86768627167,4.5
12,1,77,3.11543941498,4.75
12,1,77,3.13102340698,4.75
12,1,21,3.20426940918,4.5
12,1,21,3.18248558044,4.5
12,1,79,3.04407644272,4.25
12,1,79,2.96611166,4.25
12,1,23,3.11597084999,3.5
12,1,23,2.85105037689,3.5
12,1,108,3.02786159515,3.25
12,1,108,3.10980653763,3.25
12,1,73,3.22084903717,4.25
12,1,73,3.19864797592,4.25
12,1,17,3.3049454689,5.0
12,1,17,3.16688251495,5.0
12,1,110,3.10170984268,5.0
12,1,110,3.13553309441,5.0
12,1,75,3.1218123436,5.25
12,1,75,3.1711101532,5.25
12,1,54,3.25419688225,4.75
12,1,54,3.07531261444,4.75
12,1,19,2.9707942009,3.75
12,1,19,3.09785985947,3.75
12,1,104,2.75417780876,2.5
12,1,104,2.66182637215,2.5
12,1,69,3.05917263031,3.75
12,1,69,3.10693883896,3.75
12,1,48,3.17360830307,4.5
12,1,48,3.06765413284,4.5
12,1,106,2.18937397003,1.25
12,1,106,2.14544224739,1.25
12,1,100,2.77363705635,2.75
12,1,100,2.76767849922,2.75
12,1,65,2.84882879257,4.5
12,1,65,2.83332014084,4.5
12,1,44,3.20483589172,5.5
12,1,44,3.14180803299,5.5
12,1,9,3.21334886551,4.75
12,1,9,3.16876792908,4.75
12,1,102,3.14459967613,4.5
12,1,102,3.10301017761,4.5
12,1,67,2.40023159981,2.75
12,1,67,2.43923997879,2.75
12,1,46,3.16310214996,3.5
12,1,46,2.90281438828,3.5
12,1,11,3.25781440735,5.0
12,1,11,3.17075872421,5.0
12,1,96,3.06329584122,3.25
12,1,96,3.00496387482,3.25
12,1,40,3.12303209305,4.25
12,1,40,2.80894494057,4.25
12,1,5,3.17317414284,6.0
12,1,5,3.19143247604,6.0
12,1,98,3.20189809799,3.75
12,1,98,3.14180898666,3.75
12,1,42,3.24735689163,4.25
12,1,42,3.19943475723,4.25
12,1,7,3.24896097183,6.25
12,1,7,3.26483440399,6.25
12,1,92,3.01065945625,3.25
12,1,92,3.01483392715,3.25
12,1,36,3.08052420616,5.0
12,1,36,2.94476032257,5.0
12,1,38,3.26915645599,5.5
12,1,38,3.27889251709,5.5
12,1,3,3.22199201584,6.0
12,1,3,3.20722031593,6.0
12,1,88,3.14441633224,4.5
12,1,88,3.09104156494,4.5
12,1,32,3.00913906097,5.25
12,1,32,2.98421621323,5.25
12,1,90,3.16921949387,4.0
12,1,90,3.05422449112,4.0
12,1,34,3.04150056839,5.5
12,1,34,3.02976894379,5.5
12,1,84,3.24549627304,4.5
12,1,84,3.25969314575,4.5
12,1,28,3.02574539185,5.0
12,1,28,2.8680267334,5.0
12,1,86,3.05303764343,3.0
12,1,86,3.07599258423,3.0
12,1,30,2.99252581596,4.0
12,1,30,2.92193436623,4.0
12,1,80,3.01545095444,4.0
12,1,80,2.99383282661,4.0
12,1,24,3.03512144089,5.25
12,1,24,2.83647727966,5.25
12,1,82,3.20107746124,4.0
12,1,82,3.18836784363,4.0
12,1,61,2.92113828659,4.0
12,1,61,2.83910346031,4.0
12,1,26,3.16209554672,5.0
12,1,26,3.2314863205,5.0
12,1,76,3.20729494095,4.0
12,1,76,3.18586492538,4.0
12,1,63,2.21506214142,3.0
12,1,63,2.47183322906,3.0
12,1,20,3.18025636673,4.75
12,1,20,3.02844047546,4.75
12,1,78,3.1693418026,6.0
12,1,78,3.24397015572,6.0
12,1,22,2.88763260841,4.5
12,1,22,3.03932905197,4.5
12,1,72,3.08893489838,3.25
12,1,72,3.20810723305,3.25
12,1,16,3.11579084396,5.25
12,1,16,2.93775725365,5.25
12,1,109,3.02179527283,3.5
12,1,109,3.03419852257,3.5
12,1,74,3.1319861412,5.0
12,1,74,3.0804271698,5.0
12,1,53,3.11045646667,4.5
12,1,53,2.91097712517,4.5
12,1,18,3.12774276733,4.25
12,1,18,2.94631099701,4.25
12,1,111,2.90165114403,2.75
12,1,111,3.01559042931,2.75
12,1,68,3.20417761803,4.25
12,1,68,3.05103993416,4.25
12,1,55,3.21817231178,5.0
12,1,55,3.13942146301,5.0
12,1,12,3.27270936966,5.75
12,1,12,3.21074104309,5.75
12,1,105,2.88460350037,3.25
12,1,105,2.79262042046,3.25
12,1,49,2.91680765152,4.75
12,1,49,3.00535368919,4.75
12,1,107,3.07146883011,4.5
12,1,107,3.01373362541,4.5
12,1,64,3.11925792694,4.0
12,1,64,3.04036402702,4.0
12,1,8,3.22333669662,5.25
12,1,8,3.2352938652,5.25
12,1,101,2.81500720978,3.25
12,1,101,2.82053375244,3.25
12,1,66,2.79013967514,3.0
12,1,66,2.59008932114,3.0
12,1,45,3.18788385391,5.0
12,1,45,2.97086191177,5.0
12,1,10,3.26888895035,5.25
12,1,10,3.20320940018,5.25
12,1,103,3.15164351463,4.5
12,1,103,3.15668344498,4.5
12,1,47,3.27339696884,5.5
12,1,47,3.11768531799,5.5
12,1,4,3.20373439789,6.25
12,1,4,3.17396306992,6.25
12,1,97,2.92223715782,4.25
12,1,97,3.10926294327,4.25
12,1,41,3.05423879623,3.75
12,1,41,3.09555435181,3.75
12,1,6,3.22009658813,5.0
12,1,6,3.24873256683,5.0
12,1,99,2.77817869186,1.75
12,1,99,2.70310854912,1.75
12,1,43,3.16424489021,4.75
12,1,43,3.01603889465,4.75
12,1,93,2.79543733597,3.75
12,1,93,2.90319466591,3.75
12,1,37,3.22799444199,4.5
12,1,37,3.09563875198,4.5
12,1,2,3.26814723015,6.5
12,1,2,3.21340227127,6.5
12,1,39,3.06642389297,5.75
12,1,39,2.96829319,5.75
12,1,89,2.82610726357,3.5
12,1,89,2.97479200363,3.5
12,1,33,2.88944292068,4.25
12,1,33,2.800552845,4.25
12,1,91,3.15736436844,4.5
12,1,91,3.02710199356,4.5
12,1,35,3.16377782822,4.0
12,1,35,3.07860589027,4.0
12,1,85,3.17434716225,4.75
12,1,85,3.11274719238,4.75
12,1,29,2.54909515381,2.75
12,1,29,2.38096284866,2.75
12,1,87,2.99875664711,5.0
12,1,87,3.03213787079,5.0
12,1,31,3.20844364166,5.0
12,1,31,3.05395030975,5.0
12,1,81,2.86881256104,4.0
12,1,81,2.90606927872,4.0
12,2,14,2.90753650665,4.25
12,2,14,2.98428058624,4.25
12,2,37,3.04051113129,3.5
12,2,37,2.91944599152,3.5
12,2,64,1.87315678596,1.5
12,2,64,2.02046704292,1.5
12,2,8,2.99517297745,4.0
12,2,8,2.91737389565,4.0
12,2,39,2.70235776901,2.0
12,2,39,2.54818940163,2.0
12,2,66,2.06560468674,1.0
12,2,66,2.19633197784,1.0
12,2,10,3.07314538956,4.25
12,2,10,3.08829879761,4.25
12,2,33,3.10783672333,3.75
12,2,33,3.09727549553,3.75
12,2,4,2.88285899162,4.0
12,2,4,2.86577129364,4.0
12,2,35,3.08671522141,3.0
12,2,35,2.91957783699,3.0
12,2,6,2.94976711273,3.5
12,2,6,2.83683562279,3.5
12,2,93,2.88640713692,5.0
12,2,93,3.00361967087,5.0
12,2,95,2.83373069763,4.75
12,2,95,2.96346926689,4.75
12,2,89,2.93136358261,3.75
12,2,89,2.92280578613,3.75
12,2,116,2.76620531082,3.0
12,2,116,2.84883260727,3.0
12,2,91,2.93828725815,4.5
12,2,91,2.92081212997,4.5
12,2,62,2.18682003021,1.75
12,2,62,2.23236846924,1.75
12,2,85,2.81788492203,4.75
12,2,85,2.90384674072,4.75
12,2,112,3.10690593719,3.75
12,2,112,3.01647806168,3.75
12,2,29,2.86428117752,3.0
12,2,29,2.83781051636,3.0
12,2,56,3.10488986969,5.0
12,2,56,3.04028367996,5.0
12,2,87,2.81570291519,4.75
12,2,87,2.88426327705,4.75
12,2,114,2.69480276108,3.5
12,2,114,2.75640797615,3.5
12,2,31,3.1023015976,4.75
12,2,31,2.85948801041,4.75
12,2,58,3.17751407623,3.75
12,2,58,3.02551746368,3.75
12,2,81,3.13312411308,5.5
12,2,81,3.07442998886,5.5
12,2,108,2.00472402573,2.0
12,2,108,2.43467640877,2.0
12,2,25,3.08822393417,4.75
12,2,25,3.03936624527,4.75
12,2,52,3.11417341232,4.75
12,2,52,3.0651819706,4.75
12,2,83,2.59079265594,3.75
12,2,83,2.84416007996,3.75
12,2,110,2.60260009766,2.25
12,2,110,2.65413689613,2.25
12,2,27,3.0371966362,4.5
12,2,27,2.91843962669,4.5
12,2,54,3.11326742172,4.5
12,2,54,2.91340851784,4.5
12,2,77,2.94711303711,5.0
12,2,77,2.87933683395,5.0
12,2,104,2.50440573692,2.0
12,2,104,2.61319708824,2.0
12,2,21,2.81262230873,3.75
12,2,21,2.78895902634,3.75
12,2,48,3.17396402359,4.5
12,2,48,3.1132068634,4.5
12,2,79,2.94578337669,3.75
12,2,79,3.02541160583,3.75
12,2,106,2.71568036079,3.5
12,2,106,2.78499794006,3.5
12,2,23,2.99260807037,5.25
12,2,23,2.9639570713,5.25
12,2,50,3.18851232529,4.75
12,2,50,3.1629357338,4.75
12,2,73,2.31294870377,2.0
12,2,73,2.36551189423,2.0
12,2,100,2.65823340416,2.5
12,2,100,2.84539055824,2.5
12,2,44,2.97508597374,3.75
12,2,44,2.88034009933,3.75
12,2,102,2.48551177979,1.75
12,2,102,2.5274503231,1.75
12,2,19,3.13471603394,4.5
12,2,19,3.05382013321,4.5
12,2,46,3.06174468994,4.25
12,2,46,3.03263473511,4.25
12,2,69,1.74948620796,2.25
12,2,69,1.99657523632,2.25
12,2,96,2.97921943665,4.75
12,2,96,3.0272269249,4.75
12,2,13,3.05371236801,3.5
12,2,13,2.77254772186,3.5
12,2,40,3.16431570053,3.5
12,2,40,3.10770535469,3.5
12,2,71,2.35220718384,1.5
12,2,71,2.39168715477,1.5
12,2,98,2.83704686165,2.75
12,2,98,2.94567894936,2.75
12,2,42,3.08804726601,3.5
12,2,42,3.10069727898,3.5
12,2,65,2.0514497757,2.25
12,2,65,2.21731734276,2.25
12,2,9,2.68160820007,4.0
12,2,9,2.66276574135,4.0
12,2,36,2.97451519966,5.75
12,2,36,2.65563464165,5.75
12,2,67,2.89924526215,3.0
12,2,67,2.50687670708,3.0
12,2,11,2.94492268562,5.0
12,2,11,2.6916911602,5.0
12,2,5,2.80454325676,5.25
12,2,5,2.81068897247,5.25
12,2,32,3.04774045944,3.25
12,2,32,2.96723651886,3.25
12,2,7,2.85172557831,5.0
12,2,7,2.7882912159,5.0
12,2,34,3.08533358574,4.25
12,2,34,3.03632426262,4.25
12,2,92,2.82198405266,3.5
12,2,92,2.95203280449,3.5
12,2,3,2.51375627518,3.75
12,2,3,2.6959002018,3.75
12,2,94,2.58267736435,2.5
12,2,94,2.62535405159,2.5
12,2,88,2.87160921097,5.0
12,2,88,2.92269253731,5.0
12,2,90,2.9610581398,3.25
12,2,90,2.89048624039,3.25
12,2,113,2.97695374489,3.25
12,2,113,2.98014903069,3.25
12,2,57,3.23942518234,4.75
12,2,57,3.12359046936,4.75
12,2,84,2.65165662766,4.25
12,2,84,2.75725197792,4.25
12,2,115,2.50502490997,2.75
12,2,115,2.72071266174,2.75
12,2,28,2.88583469391,4.75
12,2,28,2.83398318291,4.75
12,2,59,3.23232460022,5.0
12,2,59,3.11240029335,5.0
12,2,86,2.96088695526,4.0
12,2,86,2.89733910561,4.0
12,2,109,2.59277462959,3.25
12,2,109,2.84970092773,3.25
12,2,30,3.01495695114,4.5
12,2,30,3.04541492462,4.5
12,2,53,3.24405026436,3.75
12,2,53,3.14140462875,3.75
12,2,80,2.91456365585,5.25
12,2,80,2.98085451126,5.25
12,2,111,2.92340445518,4.0
12,2,111,2.87105250359,4.0
12,2,24,3.0382797718,4.25
12,2,24,2.99795770645,4.25
12,2,55,3.25338077545,4.5
12,2,55,3.27117204666,4.5
12,2,82,2.491127491,2.5
12,2,82,2.56776571274,2.5
12,2,105,2.98318433762,4.0
12,2,105,3.08290910721,4.0
12,2,26,2.96468615532,2.75
12,2,26,2.8922150135,2.75
12,2,49,3.0923833847,5.25
12,2,49,3.0340795517,5.25
12,2,107,2.66228246689,2.25
12,2,107,2.78887152672,2.25
12,2,20,3.17722535133,4.0
12,2,20,3.16120672226,4.0
12,2,51,2.67580842972,3.0
12,2,51,2.6115193367,3.0
12,2,78,2.87772488594,4.0
12,2,78,2.96272468567,4.0
12,2,101,2.59333944321,3.0
12,2,101,2.71186161041,3.0
12,2,22,3.14489078522,5.0
12,2,22,3.09476923943,5.0
12,2,45,3.04287743568,4.0
12,2,45,2.99730968475,4.0
12,2,103,2.73823308945,2.5
12,2,103,2.8351764679,2.5
12,2,47,3.02985978127,4.75
12,2,47,3.02400016785,4.75
12,2,97,2.59999418259,1.5
12,2,97,2.82262039185,1.5
12,2,41,3.05738782883,5.25
12,2,41,3.00176620483,5.25
12,2,68,2.11714935303,2.0
12,2,68,2.04384541512,2.0
12,2,99,2.77890634537,3.25
12,2,99,2.72567224503,3.25
12,2,12,3.00163316727,5.25
12,2,12,3.02646493912,5.25
12,2,43,3.27618646622,4.5
12,2,43,3.12825918198,4.5
12,2,70,1.58308660984,1.25
12,2,70,1.58845102787,1.25
16,2,107,3.1030459404,3.25
16,2,107,2.98684978485,3.25
16,2,78,2.89904618263,4.25
16,2,78,2.79311156273,4.25
16,2,37,2.85948824883,4.5
16,2,37,2.80647063255,4.5
16,2,109,2.53819608688,4.5
16,2,109,2.41609764099,4.5
16,2,39,3.2573890686,2.25
16,2,39,3.17605829239,2.25
16,2,111,2.33391213417,3.5
16,2,111,2.39288282394,3.5
16,2,66,3.36596393585,5.75
16,2,66,3.40334367752,5.75
16,2,25,2.37504911423,3.0
16,2,25,2.40979933739,3.0
16,2,97,3.24396896362,2.75
16,2,97,3.20185947418,2.75
16,2,68,3.0074338913,1.25
16,2,68,2.94373464584,1.25
16,2,27,3.27793455124,4.25
16,2,27,3.25591945648,4.25
16,2,99,3.03274083138,3.25
16,2,99,3.01899957657,3.25
16,2,70,1.453779459,1.75
16,2,70,1.9459502697,1.75
16,2,29,3.39798498154,2.0
16,2,29,3.39788341522,2.0
16,2,101,3.34424543381,5.0
16,2,101,3.37744188309,5.0
16,2,56,2.28726577759,4.75
16,2,56,2.58271408081,4.75
16,2,31,2.34544897079,2.0
16,2,31,2.51512145996,2.0
16,2,103,2.24670028687,3.25
16,2,103,2.46860384941,3.25
16,2,58,2.27252793312,2.25
16,2,58,2.71178150177,2.25
16,2,89,2.47583556175,1.75
16,2,89,2.70539522171,1.75
16,2,60,3.23544073105,3.0
16,2,60,3.26626586914,3.0
16,2,91,2.03527283669,3.25
16,2,91,2.36318254471,3.25
16,2,21,3.04634928703,3.75
16,2,21,3.13221740723,3.75
16,2,93,3.23602819443,4.0
16,2,93,3.26530408859,4.0
16,2,48,3.30991744995,3.25
16,2,48,3.34194612503,3.25
16,2,23,3.29629945755,2.5
16,2,23,3.18286514282,2.5
16,2,95,3.24999976158,3.5
16,2,95,3.2606306076,3.5
16,2,50,1.63150763512,2.25
16,2,50,1.71979022026,2.25
16,2,9,3.26831746101,3.5
16,2,9,3.27859115601,3.5
16,2,81,2.49049139023,2.5
16,2,81,2.3113951683,2.5
16,2,52,1.95800209045,2.25
16,2,52,2.18813276291,2.25
16,2,11,2.72354722023,4.5
16,2,11,2.85992002487,4.5
16,2,83,2.42159867287,4.5
16,2,83,2.38442420959,4.5
16,2,54,3.11486244202,1.25
16,2,54,3.11189842224,1.25
16,2,13,2.79553556442,4.5
16,2,13,3.02586841583,4.5
16,2,85,1.7893910408,3.5
16,2,85,2.08361363411,3.5
16,2,40,2.48511838913,2.0
16,2,40,2.69502592087,2.0
16,2,15,2.67176818848,4.25
16,2,15,2.79986262321,4.25
16,2,112,1.75958704948,1.5
16,2,112,1.66386628151,1.5
16,2,87,2.25940585136,3.5
16,2,87,2.23932790756,3.5
16,2,42,1.71885800362,2.5
16,2,42,1.9647898674,2.5
16,2,114,3.02122378349,3.5
16,2,114,2.97857189178,3.5
16,2,73,2.97207307816,4.0
16,2,73,2.93933153152,4.0
16,2,44,3.20779657364,2.75
16,2,44,3.12567615509,2.75
16,2,116,2.74240875244,4.0
16,2,116,2.79392242432,4.0
16,2,46,2.14249658585,2.5
16,2,46,2.36041903496,2.5
16,2,5,2.51194763184,4.0
16,2,5,2.54567503929,4.0
16,2,77,2.9624068737,5.5
16,2,77,2.79657077789,5.5
16,2,32,3.30486989021,2.75
16,2,32,3.16248130798,2.75
16,2,7,2.56864356995,5.0
16,2,7,3.01563596725,5.0
16,2,104,2.44966697693,1.75
16,2,104,2.86586380005,1.75
16,2,79,2.72787570953,5.0
16,2,79,2.75866031647,5.0
16,2,34,3.00037693977,2.25
16,2,34,2.77058577538,2.25
16,2,106,3.07296800613,2.75
16,2,106,2.97817373276,2.75
16,2,65,3.26831579208,5.0
16,2,65,3.23917102814,5.0
16,2,36,2.63337349892,3.75
16,2,36,2.84813189507,3.75
16,2,108,1.51674342155,2.75
16,2,108,1.64558625221,2.75
16,2,67,1.87971162796,3.5
16,2,67,1.97241592407,3.5
16,2,38,3.03543329239,4.0
16,2,38,3.03863382339,4.0
16,2,110,2.08581471443,2.25
16,2,110,2.52107739449,2.25
16,2,69,3.17892313004,1.75
16,2,69,3.16996383667,1.75
16,2,24,3.3946723938,3.5
16,2,24,3.3665804863,3.5
16,2,96,2.16619825363,3.5
16,2,96,2.18728160858,3.5
16,2,71,3.23220992088,4.0
16,2,71,3.39780807495,4.0
16,2,26,3.24583625793,3.25
16,2,26,3.23760986328,3.25
16,2,98,3.1330742836,4.5
16,2,98,3.09436225891,4.5
16,2,57,2.00983691216,3.0
16,2,57,2.46426224709,3.0
16,2,28,3.34968137741,3.25
16,2,28,3.25444555283,3.25
16,2,100,2.6249268055,3.25
16,2,100,2.34911251068,3.25
16,2,59,1.45708060265,3.0
16,2,59,1.87836170197,3.0
16,2,30,3.12401175499,3.0
16,2,30,3.05930566788,3.0
16,2,102,3.01426720619,1.75
16,2,102,2.81787276268,1.75
16,2,61,3.12010335922,2.5
16,2,61,3.05673742294,2.5
16,2,88,2.06479287148,3.75
16,2,88,2.31018877029,3.75
16,2,90,1.911485672,1.75
16,2,90,1.84614086151,1.75
16,2,49,2.57442760468,2.75
16,2,49,2.78888845444,2.75
16,2,92,3.07343173027,2.5
16,2,92,3.15007734299,2.5
16,2,51,3.296854496,3.5
16,2,51,3.25889015198,3.5
16,2,22,1.80346620083,1.75
16,2,22,1.9942356348,1.75
16,2,94,2.07274794579,4.0
16,2,94,1.89285087585,4.0
16,2,53,2.33927822113,4.0
16,2,53,2.51794242859,4.0
16,2,8,3.01212143898,3.25
16,2,8,3.03258466721,3.25
16,2,80,2.92192053795,4.0
16,2,80,2.88219594955,4.0
16,2,55,2.62756896019,4.0
16,2,55,2.94792413712,4.0
16,2,10,3.08055877686,5.5
16,2,10,3.28057551384,5.5
16,2,82,2.88317370415,2.25
16,2,82,2.79684710503,2.25
16,2,41,2.54108285904,1.75
16,2,41,2.93301868439,1.75
16,2,12,3.31501626968,5.5
16,2,12,3.37815570831,5.5
16,2,113,2.20609855652,2.5
16,2,113,2.31413507462,2.5
16,2,84,2.35549783707,3.75
16,2,84,2.18875479698,3.75
16,2,43,2.19448161125,2.25
16,2,43,2.55560016632,2.25
16,2,14,2.92180967331,4.0
16,2,14,3.05196118355,4.0
16,2,115,2.66444659233,2.75
16,2,115,2.68278837204,2.75
16,2,86,2.94045042992,4.5
16,2,86,2.90640044212,4.5
16,2,45,2.67216229439,3.0
16,2,45,2.87441802025,3.0
16,2,72,2.18143558502,2.25
16,2,72,2.31454896927,2.25
16,2,47,2.69678974152,1.75
16,2,47,2.93052816391,1.75
16,2,33,3.12216663361,1.5
16,2,33,3.1299841404,1.5
16,2,105,3.12388277054,3.75
16,2,105,3.04737520218,3.75
16,2,76,2.94202208519,3.0
16,2,76,2.97744250298,3.0
16,2,35,2.62542581558,2.5
16,2,35,2.85435128212,2.5
16,2,6,2.22859406471,4.5
16,2,6,2.38800811768,4.5
17,1,87,3.14333248138,2.5
17,1,87,3.1371281147,2.5
17,1,56,3.02169585228,3.25
17,1,56,2.99898195267,3.25
17,1,31,1.97948563099,4.0
17,1,31,1.8804192543,4.0
17,1,73,3.11856007576,4.25
17,1,73,3.05213832855,4.25
17,1,17,3.39773797989,3.0
17,1,17,3.4398393631,3.0
17,1,75,1.98185181618,1.75
17,1,75,1.82839465141,1.75
17,1,60,1.57177340984,3.0
17,1,60,1.65328836441,3.0
17,1,19,3.25204086304,4.0
17,1,19,3.18622922897,4.0
17,1,77,2.42901825905,3.5
17,1,77,2.27931380272,3.5
17,1,62,1.31856119633,1.75
17,1,62,1.28496170044,1.75
17,1,21,2.89572453499,2.5
17,1,21,2.72288560867,2.5
17,1,104,3.15430402756,3.25
17,1,104,3.08171367645,3.25
17,1,79,3.33626508713,3.25
17,1,79,3.31100392342,3.25
17,1,23,3.40216779709,2.5
17,1,23,3.39533114433,2.5
17,1,106,3.20234084129,2.75
17,1,106,3.12836837769,2.75
17,1,65,0.700417876244,1.25
17,1,65,0.753444492817,1.25
17,1,50,2.46177530289,3.75
17,1,50,2.52249956131,3.75
17,1,9,1.03753471375,1.5
17,1,9,1.01774704456,1.5
17,1,108,2.66071414948,2.5
17,1,108,2.56416893005,2.5
17,1,67,1.19023680687,3.0
17,1,67,1.38868451118,3.0
17,1,52,2.97215652466,2.75
17,1,52,3.04051303864,2.75
17,1,11,1.28540229797,1.5
17,1,11,1.18358969688,1.5
17,1,110,2.57080030441,3.5
17,1,110,2.55592918396,3.5
17,1,69,2.82570743561,2.5
17,1,69,2.59754014015,2.5
17,1,54,2.68922662735,3.25
17,1,54,2.68698644638,3.25
17,1,96,3.16696977615,1.5
17,1,96,3.02420377731,1.5
17,1,40,2.83789825439,3.0
17,1,40,2.88380479813,3.0
17,1,98,2.07843255997,3.5
17,1,98,2.0844373703,3.5
17,1,42,2.23240661621,3.75
17,1,42,2.08640432358,3.75
17,1,100,3.25387048721,2.75
17,1,100,3.21390724182,2.75
17,1,44,2.86695718765,3.5
17,1,44,2.8550798893,3.5
17,1,102,2.29292750359,3.75
17,1,102,2.08406162262,3.75
17,1,46,2.87816095352,4.0
17,1,46,2.54723978043,4.0
17,1,5,2.86475729942,2.75
17,1,5,2.65674829483,2.75
17,1,88,3.12212920189,4.25
17,1,88,2.94987821579,4.25
17,1,32,2.9929318428,4.5
17,1,32,2.95434141159,4.5
17,1,7,3.01588344574,2.75
17,1,7,2.73210215569,2.75
17,1,90,3.0819773674,5.5
17,1,90,2.86376309395,5.5
17,1,34,2.08076739311,3.25
17,1,34,1.95781981945,3.25
17,1,92,3.19579219818,5.25
17,1,92,3.01573491096,5.25
17,1,36,2.9382982254,2.75
17,1,36,2.7391037941,2.75
17,1,94,3.38318586349,3.5
17,1,94,3.31188249588,3.5
17,1,38,3.05995488167,2.25
17,1,38,2.95046877861,2.25
17,1,80,3.07394599915,4.25
17,1,80,3.12931442261,4.25
17,1,24,3.11838102341,3.25
17,1,24,3.02676963806,3.25
17,1,82,2.63445663452,5.0
17,1,82,2.74043440819,5.0
17,1,26,2.86634659767,3.0
17,1,26,2.88708925247,3.0
17,1,84,3.08881688118,4.25
17,1,84,3.10310554504,4.25
17,1,28,3.3162817955,4.25
17,1,28,3.16801834106,4.25
17,1,86,2.457862854,4.0
17,1,86,2.56180667877,4.0
17,1,59,1.2663564682,2.5
17,1,59,1.44104194641,2.5
17,1,30,2.39915990829,5.25
17,1,30,2.35024666786,5.25
17,1,72,3.23234724998,5.25
17,1,72,3.08936977386,5.25
17,1,61,2.9616856575,2.25
17,1,61,2.71575045586,2.25
17,1,74,3.19450950623,3.25
17,1,74,3.11458611488,3.25
17,1,63,2.92732906342,1.75
17,1,63,2.74372911453,1.75
17,1,18,1.71750998497,2.75
17,1,18,1.96225368977,2.75
17,1,105,2.9912674427,3.75
17,1,105,2.89820051193,3.75
17,1,76,3.06570577621,4.5
17,1,76,2.90176010132,4.5
17,1,20,1.88185071945,3.5
17,1,20,2.03393697739,3.5
17,1,107,3.09295082092,3.25
17,1,107,2.83844137192,3.25
17,1,78,2.62513422966,4.25
17,1,78,2.55180716515,4.25
17,1,51,3.15084242821,3.0
17,1,51,3.09768748283,3.0
17,1,22,2.87094640732,3.0
17,1,22,2.83830523491,3.0
17,1,109,2.72646164894,2.5
17,1,109,2.58985114098,2.5
17,1,64,2.9064950943,1.0
17,1,64,2.69798231125,1.0
17,1,53,3.25598812103,2.75
17,1,53,3.23614525795,2.75
17,1,8,2.85183238983,2.75
17,1,8,2.59113454819,2.75
17,1,111,2.32603311539,2.0
17,1,111,2.10576748848,2.0
17,1,66,2.97658205032,0.75
17,1,66,2.73557829857,0.75
17,1,55,2.81498575211,2.5
17,1,55,2.54492664337,2.5
17,1,10,1.09608483315,1.5
17,1,10,1.0672018528,1.5
17,1,97,3.12651729584,2.5
17,1,97,3.01846146584,2.5
17,1,68,1.75756001472,3.75
17,1,68,1.72649860382,3.75
17,1,41,2.28531122208,3.25
17,1,41,2.12920570374,3.25
17,1,12,2.95938682556,2.25
17,1,12,2.60776758194,2.25
17,1,99,3.11470603943,3.5
17,1,99,3.04639625549,3.5
17,1,43,3.32154226303,4.25
17,1,43,3.10902547836,4.25
17,1,14,2.69650673866,1.5
17,1,14,2.4146938324,1.5
17,1,101,3.1300034523,3.0
17,1,101,2.94654417038,3.0
17,1,45,2.35372972488,3.0
17,1,45,2.33138632774,3.0
17,1,103,2.04546666145,3.0
17,1,103,2.067953825,3.0
17,1,89,2.27809786797,3.25
17,1,89,2.42793226242,3.25
17,1,33,1.89608240128,3.75
17,1,33,1.84851169586,3.75
17,1,4,0.869939565659,2.75
17,1,4,1.14311027527,2.75
17,1,91,3.23387765884,3.5
17,1,91,3.13099956512,3.5
17,1,35,3.08505439758,2.5
17,1,35,3.05019521713,2.5
17,1,6,1.80192840099,2.75
17,1,6,1.67468941212,2.75
17,1,93,2.21087908745,3.5
17,1,93,1.9957818985,3.5
17,1,37,3.34329414368,2.5
17,1,37,3.25980091095,2.5
17,1,95,3.1470990181,5.25
17,1,95,3.04983472824,5.25
17,1,39,2.0008058548,4.5
17,1,39,1.77831268311,4.5
17,1,81,2.43290233612,4.5
17,1,81,2.35734200478,4.5
17,1,25,2.88045549393,3.75
17,1,25,2.62899827957,3.75
17,1,83,2.37969970703,3.5
17,1,83,2.4259557724,3.5
17,1,27,2.6986079216,4.5
17,1,27,2.81995844841,4.5
17,1,85,2.43577671051,4.75
17,1,85,2.35540819168,4.75
17,1,29,3.19589328766,4.0
17,1,29,3.17279076576,4.0
18,1,94,2.99543428421,2.5
18,1,94,2.35235095024,2.5
18,1,20,2.99881505966,2.75
18,1,20,2.50789737701,2.75
18,1,49,2.9528427124,1.5
18,1,49,2.78693056107,1.5
18,1,92,3.15754079819,2.25
18,1,92,3.07768106461,2.25
18,1,18,3.04373693466,2.75
18,1,18,2.63600468636,2.75
18,1,47,2.85396885872,1.75
18,1,47,2.56550884247,1.75
18,1,90,2.72264862061,2.5
18,1,90,2.1953253746,2.5
18,1,16,2.05315685272,2.33333
18,1,16,2.007137537,2.33333
18,1,45,2.57980942726,4.75
18,1,45,2.61364507675,4.75
18,1,88,2.82297897339,2.75
18,1,88,2.63356208801,2.75
18,1,43,1.93223083019,4.25
18,1,43,1.97453165054,4.25
18,1,86,3.41940307617,2.5
18,1,86,3.42481803894,2.5
18,1,12,2.90778303146,6.0
18,1,12,2.75718569756,6.0
18,1,41,3.48258924484,4.0
18,1,41,3.40920782089,4.0
18,1,84,2.64411759377,4.5
18,1,84,2.63996958733,4.5
18,1,10,3.28986644745,1.75
18,1,10,3.116533041,1.75
18,1,39,3.26778745651,4.0
18,1,39,3.2457139492,4.0
18,1,82,2.15809607506,3.25
18,1,82,1.77608847618,3.25
18,1,111,2.41321969032,2.75
18,1,111,2.43192625046,2.75
18,1,8,1.42559015751,2.25
18,1,8,1.4674847126,2.25
18,1,37,3.06558704376,2.75
18,1,37,2.81809544563,2.75
18,1,80,1.61251330376,3.5
18,1,80,1.42135381699,3.5
18,1,109,3.30369567871,3.0
18,1,109,3.08069086075,3.0
18,1,6,3.28419589996,3.5
18,1,6,3.24460029602,3.5
18,1,35,2.17314124107,2.25
18,1,35,1.91216301918,2.25
18,1,78,1.73044002056,2.0
18,1,78,1.48609650135,2.0
18,1,107,3.16969060898,3.0
18,1,107,3.02998781204,3.0
18,1,4,3.0320854187,3.0
18,1,4,2.7915596962,3.0
18,1,33,1.64165496826,1.0
18,1,33,1.76012086868,1.0
18,1,76,1.12062704563,2.0
18,1,76,1.20984780788,2.0
18,1,105,3.09991884232,1.75
18,1,105,2.80350995064,1.75
18,1,2,3.21547937393,4.25
18,1,2,3.17950534821,4.25
18,1,74,1.43518805504,1.5
18,1,74,1.34666156769,1.5
18,1,103,2.26384496689,2.0
18,1,103,2.1325674057,2.0
18,1,101,2.1855943203,2.25
18,1,101,2.24555563927,2.25
18,1,62,2.72851729393,1.5
18,1,62,2.37643885612,1.5
18,1,99,1.39645564556,2.5
18,1,99,1.34707415104,2.5
18,1,60,0.722598791122,1.0
18,1,60,0.767255544662,1.0
18,1,68,1.66742658615,2.5
18,1,68,1.49508857727,2.5
18,1,97,3.37217116356,3.25
18,1,97,3.31588029861,3.25
18,1,66,2.92576289177,1.75
18,1,66,2.54707527161,1.75
18,1,31,3.214884758,3.75
18,1,31,3.00327086449,3.75
18,1,56,2.50855135918,3.25
18,1,56,2.35267734528,3.25
18,1,64,3.06968021393,2.25
18,1,64,2.80727219582,2.25
18,1,29,2.15036392212,3.75
18,1,29,2.16003084183,3.75
18,1,54,2.78112697601,1.25
18,1,54,2.56842660904,1.25
18,1,27,3.3772881031,3.75
18,1,27,3.29958820343,3.75
18,1,25,3.51208543777,3.0
18,1,25,3.49191951752,3.0
18,1,50,3.0916121006,2.25
18,1,50,2.80455708504,2.25
18,1,23,3.39673995972,2.5
18,1,23,3.39193582535,2.5
18,1,48,3.02320814133,1.75
18,1,48,2.88565707207,1.75
18,1,95,3.05315637589,4.25
18,1,95,3.09301400185,4.25
18,1,21,3.03470134735,2.5
18,1,21,2.73245191574,2.5
18,1,46,3.11732912064,2.25
18,1,46,2.89713811874,2.25
18,1,93,3.16832971573,2.0
18,1,93,2.78181743622,2.0
18,1,19,1.03468334675,2.75
18,1,19,1.20269453526,2.75
18,1,44,3.4743885994,2.5
18,1,44,3.49313688278,2.5
18,1,91,3.0251762867,2.5
18,1,91,2.74750566483,2.5
18,1,17,3.1206817627,3.0
18,1,17,2.98059558868,3.0
18,1,42,3.00804233551,2.5
18,1,42,2.93364667892,2.5
18,1,89,1.67219018936,2.25
18,1,89,1.81121349335,2.25
18,1,40,1.69299709797,4.0
18,1,40,1.66721582413,4.0
18,1,87,3.29232692719,3.25
18,1,87,3.26913261414,3.25
18,1,112,3.27874088287,1.25
18,1,112,3.07352757454,1.25
18,1,38,3.17983579636,3.5
18,1,38,3.19152188301,3.5
18,1,85,2.45311951637,4.0
18,1,85,2.32773447037,4.0
18,1,110,2.55234670639,1.75
18,1,110,2.44327759743,1.75
18,1,11,2.074395895,5.75
18,1,11,1.7714445591,5.75
18,1,36,1.82887911797,2.25
18,1,36,1.73729562759,2.25
18,1,83,1.51824998856,3.75
18,1,83,1.48921191692,3.75
18,1,108,1.70343768597,2.5
18,1,108,1.71580910683,2.5
18,1,9,1.34697651863,2.0
18,1,9,1.53824722767,2.0
18,1,34,2.30198574066,2.25
18,1,34,2.11226511002,2.25
18,1,81,1.94698596001,3.75
18,1,81,1.91528010368,3.75
18,1,106,2.72916173935,1.25
18,1,106,2.56551146507,1.25
18,1,7,2.97704362869,2.5
18,1,7,2.76757383347,2.5
18,1,32,3.03268861771,1.25
18,1,32,2.69049334526,1.25
18,1,79,1.73821496964,2.25
18,1,79,1.66375029087,2.25
18,1,104,3.09649610519,3.25
18,1,104,2.97048664093,3.25
18,1,5,3.11654758453,1.5
18,1,5,2.90678095818,1.5
18,1,77,2.77205729485,1.0
18,1,77,2.3384809494,1.0
18,1,102,3.14825034142,2.25
18,1,102,2.98904061317,2.25
18,1,3,1.26563405991,2.25
18,1,3,1.30634355545,2.25
18,1,75,0.883280217648,1.0
18,1,75,1.01748216152,1.0
18,1,100,2.36024928093,3.75
18,1,100,2.15608596802,3.75
18,1,73,1.413179636,2.0
18,1,73,1.43916893005,2.0
18,1,98,1.96343672276,2.25
18,1,98,1.84521853924,2.25
18,1,96,3.10868239403,2.5
18,1,96,2.901876688,2.5
18,1,61,3.19515609741,3.25
18,1,61,2.92646408081,3.25
18,1,69,1.93148946762,1.0
18,1,69,1.59472596645,1.0
18,1,30,3.24205470085,2.75
18,1,30,3.06708884239,2.75
18,1,59,3.20999383926,1.66667
18,1,59,3.1240940094,1.66667
18,1,67,3.0678601265,1.0
18,1,67,2.87658762932,1.0
18,1,28,2.77136945724,3.25
18,1,28,2.60347652435,3.25
18,1,65,3.01759028435,1.0
18,1,65,2.67903208733,1.0
18,1,26,3.31345438957,2.75
18,1,26,3.32706689835,2.75
18,1,55,2.62490105629,1.75
18,1,55,2.65351438522,1.75
18,1,24,3.29534816742,3.25
18,1,24,3.3284778595,3.25
18,1,53,3.23986911774,3.25
18,1,53,3.11181378365,3.25
18,1,22,3.30077123642,3.75
18,1,22,3.24507021904,3.75
18,1,51,2.16012167931,1.25
18,1,51,1.87576293945,1.25
