3,1,1,-0.000815376173705,3.875
3,1,1,-0.000816485029645,3.875
3,1,2,-0.000815566396341,4.5
3,1,2,-0.000816602550913,4.5
3,1,3,-0.00081542308908,3.0
3,1,3,-0.000816531362943,3.0
3,1,4,-0.000815781473648,3.25
3,1,4,-0.000816504121758,3.25
3,1,5,-0.000815904699266,6.0
3,1,5,-0.000816719199065,6.0
3,1,6,-0.000815668492578,4.5
3,1,6,-0.000816716696136,4.5
3,1,7,-0.0008155714022,4.75
3,1,7,-0.000816529849544,4.75
3,1,8,-0.000815555860754,3.5
3,1,8,-0.000816371175461,3.5
3,1,10,-0.000815540144686,2.875
3,1,10,-0.000816390383989,2.875
3,1,14,-0.000815537758172,3.75
3,1,14,-0.000816276064143,3.75
3,1,15,-0.000815494335257,5.0
3,1,15,-0.000816551502794,5.0
3,1,16,-0.000815529609099,4.75
3,1,16,-0.000816481886432,4.75
3,1,17,-0.000815688981675,5.0
3,1,17,-0.000816568150185,5.0
3,1,18,-0.000815685081761,3.75
3,1,18,-0.00081672356464,3.75
3,1,20,-0.000815817387775,2.5
3,1,20,-0.000816579093225,2.5
3,1,21,-0.000815546605736,4.5
3,1,21,-0.000816681422293,4.5
3,1,22,-0.00081540143583,4.83333
3,1,22,-0.000816610176116,4.83333
3,1,24,-0.000815620762296,4.5
3,1,24,-0.000816756277345,4.5
3,1,25,-0.000815612613223,5.5
3,1,25,-0.000816263607703,5.5
3,1,26,-0.000815547478851,4.0
3,1,26,-0.000816443469375,4.0
3,1,27,-0.000815522333141,5.25
3,1,27,-0.000816447427496,5.25
3,1,28,-0.000815537001472,4.75
3,1,28,-0.000816506915726,4.75
3,1,29,-0.000815446139313,1.25
3,1,29,-0.000816517858766,1.25
3,1,30,-0.000815951556433,4.5
3,1,30,-0.000816591549665,4.5
3,1,33,-0.000815668608993,3.0
3,1,33,-0.000816611456685,3.0
3,1,34,-0.000815554056317,4.125
3,1,34,-0.000816739862785,4.125
3,1,35,-0.00081557710655,4.375
3,1,35,-0.000816607731394,4.375
3,1,40,-0.000815603765659,5.0
3,1,40,-0.000816501444206,5.0
3,1,43,-0.000815689796582,4.0
3,1,43,-0.000816510175355,4.0
3,1,44,-0.000815551262349,3.0
3,1,44,-0.000816469837446,3.0
3,1,45,-0.000815570820123,4.25
3,1,45,-0.000816465355456,4.25
3,1,46,-0.000815735198557,5.0
3,1,46,-0.000816433341242,5.0
3,1,47,-0.00081566371955,4.25
3,1,47,-0.000816444284283,4.25
3,1,48,-0.000815718667582,2.5
3,1,48,-0.000816492829472,2.5
3,1,49,-0.000815558596514,5.0
3,1,49,-0.000816498533823,5.0
3,1,50,-0.000815547187813,4.66667
3,1,50,-0.000816478859633,4.66667
3,1,51,-0.000815773615614,4.5
3,1,51,-0.000816462154035,4.5
3,1,52,-0.000815685722046,3.5
3,1,52,-0.000816446146928,3.5
3,1,55,-0.000815741252154,3.25
3,1,55,-0.000816379790194,3.25
3,1,56,-0.000815614010207,4.0
3,1,56,-0.000816400279291,4.0
3,1,57,-0.000815777457319,4.875
3,1,57,-0.000816367566586,4.875
3,1,58,-0.000815781822894,4.5
3,1,58,-0.000816384272184,4.5
3,1,59,-0.00081570079783,5.5
3,1,59,-0.000816287938505,5.5
3,1,60,-0.000815850566141,5.5
3,1,60,-0.000816367159132,5.5
3,1,61,-0.000815529376268,5.5
3,1,61,-0.000816332933027,5.5
3,1,62,-0.000815825536847,4.375
3,1,62,-0.000816339917947,4.375
3,1,63,-0.000815779378172,4.75
3,1,63,-0.000816213840153,4.75
3,1,64,-0.000815937586594,5.75
3,1,64,-0.000816292711534,5.75
3,1,65,-0.00081590085756,6.25
3,1,65,-0.000816329265945,6.25
3,1,66,-0.0008157271659,3.0
3,1,66,-0.000816420244519,3.0
3,1,70,-0.000815443112515,2.75
3,1,70,-0.00081644434249,2.75
3,1,71,-0.000815719366074,2.0
3,1,71,-0.000816450978164,2.0
3,1,73,-0.000815715640783,3.0
3,1,73,-0.000816468265839,3.0
3,1,74,-0.000815546431113,4.0
3,1,74,-0.000816541782115,4.0
3,1,75,-0.000815528794192,4.0
3,1,75,-0.000816495274194,4.0
3,1,78,-0.000815443694592,5.25
3,1,78,-0.000816479790956,5.25
3,1,79,-0.000815436127596,5.25
3,1,79,-0.000816483807284,5.25
3,1,80,-0.000815454230178,2.75
3,1,80,-0.000816498126369,2.75
3,1,81,-0.000815441017039,2.75
3,1,81,-0.000816307147034,2.75
3,1,82,-0.000815470702946,3.0
3,1,82,-0.000816426821984,3.0
3,1,83,-0.00081554974895,4.5
3,1,83,-0.000816497718915,4.5
3,1,84,-0.000815607549157,3.75
3,1,84,-0.000816509244032,3.75
3,1,85,-0.000815564242657,2.0
3,1,85,-0.00081648764899,2.0
3,1,86,-0.000815512496047,4.25
3,1,86,-0.000816417392343,4.25
3,1,87,-0.000815615640022,4.25
3,1,87,-0.000816472631413,4.25
3,1,88,-0.00081545492867,4.0
3,1,88,-0.000816544052213,4.0
3,1,89,-0.000815593637526,4.25
3,1,89,-0.000816479558125,4.25
3,1,90,-0.000815462204628,3.75
3,1,90,-0.00081642792793,3.75
3,1,91,-0.000815569539554,4.0
3,1,91,-0.000816399580799,4.0
3,1,92,-0.000815490377136,3.5
3,1,92,-0.000816671876237,3.5
3,1,93,-0.000815566512756,3.25
3,1,93,-0.000816510408185,3.25
3,1,94,-0.000815492356196,3.25
3,1,94,-0.000816506682895,3.25
3,1,95,-0.000815482344478,3.75
3,1,95,-0.000816538813524,3.75
3,1,96,-0.000815524836071,3.875
3,1,96,-0.000816497486085,3.875
3,1,97,-0.000815983396024,1.25
3,1,97,-0.000816322804894,1.25
3,1,98,-0.000815693463665,1.75
3,1,98,-0.000816346844658,1.75
3,1,99,-0.000815524952486,1.5
3,1,99,-0.000816523097456,1.5
3,1,100,-0.000815459876321,2.375
3,1,100,-0.000816726009361,2.375
3,1,101,-0.000815463659819,4.375
3,1,101,-0.000816502142698,4.375
3,1,102,-0.000815430830698,5.25
3,1,102,-0.000816647603642,5.25
3,1,103,-0.000815547304228,1.5
3,1,103,-0.000816536368802,1.5
3,1,104,-0.000815639737993,3.5
3,1,104,-0.000816544517875,3.5
3,1,105,-0.000815478968434,1.25
3,1,105,-0.000816544983536,1.25
3,1,106,-0.000815535255242,2.75
3,1,106,-0.000816186075099,1.875
3,2,2,-0.00081572518684,1.875
3,2,2,-0.000816422980279,3.25
3,2,5,-0.000815659179352,3.25
3,2,5,-0.000816431711428,5.25
3,2,6,-0.000815603067167,5.25
3,2,6,-0.000816355808638,6.0
3,2,7,-0.000815594627056,6.0
3,2,7,-0.000816402083728,6.0
3,2,8,-0.000815626000986,6.0
3,2,8,-0.00081638986012,4.5
3,2,9,-0.000815625768155,4.5
3,2,9,-0.00081632839283,4.0
3,2,10,-0.00081568089081,4.0
3,2,10,-0.000816383864731,4.125
3,2,11,-0.000815621344373,4.125
3,2,11,-0.000816399639007,5.25
3,2,12,-0.000815542181954,5.25
3,2,12,-0.00081643264275,5.0
3,2,13,-0.000815699750092,5.0
3,2,13,-0.000816328683868,3.25
3,2,14,-0.000815705338027,3.25
3,2,14,-0.00081648863852,2.5
3,2,26,-0.000815575418528,2.5
3,2,26,-0.000816497951746,4.0
3,2,27,-0.000815830018837,4.0
3,2,27,-0.000816456391476,4.0
3,2,28,-0.000815702485852,4.0
3,2,28,-0.000816461979412,5.25
3,2,29,-0.00081569381291,5.25
3,2,29,-0.000816473620944,3.25
3,2,30,-0.000815579085611,3.25
3,2,30,-0.000816387939267,3.25
3,2,31,-0.000815590028651,3.25
3,2,31,-0.000816476414911,3.25
3,2,32,-0.000815546081867,3.25
3,2,32,-0.000816471641883,3.5
3,2,34,-0.000815788109321,3.5
3,2,34,-0.000816450279672,3.875
3,2,35,-0.000815863371827,3.875
3,2,35,-0.000816500221845,2.75
3,2,36,-0.000815728388261,2.75
3,2,36,-0.000816583342385,2.25
3,2,37,-0.000815734034404,2.25
3,2,37,-0.000816475832835,3.25
3,2,38,-0.000815712381154,3.25
3,2,38,-0.000816428218968,4.25
3,2,39,-0.00081578141544,4.25
3,2,39,-0.000816368381493,2.75
3,2,40,-0.000815748644527,2.75
3,2,40,-0.000816426007077,3.5
3,2,41,-0.000816005747765,3.5
3,2,41,-0.000816506159026,2.5
3,2,42,-0.00081548653543,2.5
3,2,42,-0.000816604122519,4.0
3,2,43,-0.000815672508907,4.0
3,2,43,-0.000816499930806,5.0
3,2,44,-0.000815679784864,5.0
3,2,44,-0.000816413667053,3.25
3,2,45,-0.000815934385173,3.25
3,2,45,-0.000816571468022,4.5
3,2,46,-0.000815688748844,4.5
3,2,46,-0.000816574902274,3.875
3,2,47,-0.000815556733869,3.875
3,2,47,-0.000815757433884,4.25
3,2,48,-0.000815535429865,4.25
3,2,48,-0.00081603450235,3.75
3,2,50,-0.000815502018668,3.75
3,2,50,-0.000816459709313,4.0
3,2,51,-0.000815324601717,4.0
3,2,51,-0.000816509593278,1.5
3,2,52,-0.000815633335151,1.5
3,2,52,-0.000816469895653,4.5
3,2,53,-0.000815685256384,4.5
3,2,53,-0.00081634009257,3.33333
3,2,55,-0.000815429026261,3.33333
3,2,55,-0.000816361047328,3.25
3,2,56,-0.000815530540422,3.25
3,2,56,-0.000816424028017,0.0
3,2,59,-0.000816030136775,0.0
3,2,59,-0.000816249405034,3.75
3,2,60,-0.000815943873022,3.75
3,2,60,-0.000816280371509,4.25
3,2,61,-0.000815834966488,4.25
3,2,61,-0.00081628782209,5.25
3,2,62,-0.000815733219497,5.25
3,2,62,-0.000816312269308,1.25
3,2,63,-0.000815808714833,1.25
3,2,63,-0.000816315645352,2.375
3,2,64,-0.000815852195956,2.375
3,2,64,-0.000816342653707,3.75
3,2,66,-0.00081578316167,3.75
3,2,66,-0.000816316925921,5.25
3,2,67,-0.00081583217252,5.25
3,2,67,-0.000816205516458,5.5
3,2,68,-0.000815733801574,5.5
3,2,68,-0.00081613776274,1.25
3,2,69,-0.000815867388155,1.25
3,2,69,-0.000816254061647,3.66667
3,2,70,-0.000815920997411,3.66667
3,2,70,-0.000816316227429,2.375
3,2,71,-0.000815900915768,2.375
3,2,71,-0.000816263956949,3.75
3,2,73,-0.000815814360976,3.75
3,2,73,-0.000816438405309,2.75
3,2,78,-0.000815654871985,2.75
3,2,78,-0.000816453946754,3.75
3,2,79,-0.00081590161426,3.75
3,2,79,-0.000816358602606,4.75
3,2,80,-0.000815739273094,4.75
3,2,80,-0.000816403480712,4.375
3,2,81,-0.000815730425529,4.375
3,2,81,-0.000816414598376,3.25
3,2,82,-0.000815825187601,3.25
3,2,82,-0.0008164125029,4.25
3,2,83,-0.000815693987533,4.25
3,2,83,-0.000816421001218,4.0
3,2,84,-0.00081594591029,4.0
3,2,84,-0.000816445332021,3.25
3,2,85,-0.000815748295281,3.25
3,2,85,-0.000816455460154,2.75
3,2,86,-0.000815658189822,2.75
3,2,86,-0.000816449173726,3.75
3,2,87,-0.000815582810901,3.75
3,2,87,-0.000816428801045,4.0
3,2,88,-0.000815762323327,4.0
3,2,88,-0.000816442247014,4.25
3,2,90,-0.000815704115666,4.25
3,2,90,-0.000816401676275,4.5
3,2,91,-0.000815546372905,4.5
3,2,91,-0.00081640551798,3.75
3,2,94,-0.000815785489976,3.75
3,2,94,-0.00081647047773,1.5
3,2,95,-0.000815805862658,1.5
3,2,95,-0.000816484796815,3.125
3,2,96,-0.000815705338027,3.125
3,2,96,-0.000816459709313,5.0
3,2,97,-0.000815576291643,5.0
3,2,97,-0.000816459418274,4.5
3,2,98,-0.00081568188034,4.5
3,2,98,-0.000816445040982,2.625
3,2,99,-0.000815698527731,2.625
3,2,99,-0.000816493178718,1.25
3,2,100,-0.000815723149572,1.25
3,2,100,-0.00081641972065,3.125
3,2,101,-0.000815365521703,3.125
3,2,101,-0.000816466636024,2.0
3,2,102,-0.00081576500088,2.0
3,2,102,-0.000816434214357,4.0
3,2,103,-0.000815750041511,4.0
3,2,103,-0.000816416461021,3.5
3,2,104,-0.000815977342427,3.5
3,2,104,-0.000816476996988,3.5
3,2,105,-0.000815942185,3.5
3,2,105,-0.000816456915345,3.5
3,2,106,-0.000815712322947,3.5
3,2,106,-0.000816433806904,4.625
3,2,107,-0.000815673847683,4.625
3,2,107,-0.000816468615085,4.0
3,2,108,-0.000815811334178,4.0
3,2,108,-0.000816415878944,4.25
3,2,110,-0.000815811334178,4.25
3,2,110,-0.000816436309833,3.5
3,2,111,-0.000816092826426,3.5
3,2,111,-0.000816401094198,3.0
4,1,23,-0.00561641249806,1.0
4,1,23,-0.00561649166048,1.0
4,1,30,-0.0056164553389,1.125
4,1,30,-0.00561638735235,1.125
4,1,31,-0.00561647303402,2.25
4,1,31,-0.00561641156673,2.25
4,1,32,-0.00561637990177,1.5
4,1,32,-0.00561635289341,1.5
4,1,33,-0.00561636500061,1.5
4,1,33,-0.00561636500061,1.5
4,1,34,-0.00561642693356,1.5
4,1,34,-0.00561635755002,1.5
4,1,35,-0.00561645673588,1.75
4,1,35,-0.00561635522172,1.75
4,1,36,-0.00561643205583,0.875
4,1,36,-0.00561636313796,0.875
4,1,37,-0.00561647862196,2.25
4,1,37,-0.00561636406928,2.25
4,1,38,-0.00561646930873,2.5
4,1,38,-0.00561640271917,2.5
4,1,39,-0.00561647908762,2.5
4,1,39,-0.0056163710542,2.5
4,1,40,-0.00561639713123,4.0
4,1,40,-0.00561634870246,4.0
4,1,41,-0.00561636965722,2.5
4,1,41,-0.00561636593193,2.5
4,1,42,-0.00561650283635,1.75
4,1,42,-0.00561643624678,1.75
4,1,45,-0.00561639852822,2.125
4,1,45,-0.00561639666557,2.125
4,1,46,-0.00561641529202,3.75
4,1,46,-0.00561643764377,3.75
4,1,48,-0.00561642553657,1.5
4,1,48,-0.00561637897044,1.5
4,1,49,-0.00561641901731,4.25
4,1,49,-0.00561635009944,4.25
4,1,50,-0.00561649585143,2.0
4,1,50,-0.00561633473262,2.0
4,1,51,-0.0056163687259,2.75
4,1,51,-0.00561632588506,2.75
4,1,52,-0.0056164143607,3.25
4,1,52,-0.00561638083309,3.25
4,1,54,-0.00561639433727,3.375
4,1,54,-0.00561643252149,3.375
4,1,55,-0.00561639713123,2.5
4,1,55,-0.00561642181128,2.5
4,1,56,-0.00561642274261,2.0
4,1,56,-0.00561636593193,2.0
4,1,57,-0.00561642926186,2.75
4,1,57,-0.00561640970409,2.75
4,1,58,-0.00561643298715,2.25
4,1,58,-0.00561641296372,2.25
4,1,59,-0.00561639713123,1.875
4,1,59,-0.00561638595536,1.875
4,1,63,-0.00561646185815,1.0
4,1,63,-0.00561647955328,1.0
4,1,64,-0.00561640877277,3.5
4,1,64,-0.00561652844772,3.5
4,1,65,-0.00561642181128,4.75
4,1,65,-0.00561648095027,4.75
4,1,66,-0.00561639014632,1.0
4,1,66,-0.0056165298447,1.0
4,1,67,-0.00561634637415,1.75
4,1,67,-0.0056164865382,1.75
4,1,68,-0.00561637897044,5.0
4,1,68,-0.00561654288322,5.0
4,1,69,-0.00561635289341,5.5
4,1,69,-0.00561653496698,5.5
4,1,70,-0.00561639573425,5.25
4,1,70,-0.00561655499041,5.25
4,1,71,-0.00561634358019,2.125
4,1,71,-0.00561652658507,2.125
4,1,72,-0.00561635894701,3.25
4,1,72,-0.00561654148623,3.25
4,1,73,-0.00561636965722,4.25
4,1,73,-0.00561651121825,4.25
4,1,74,-0.00561637664214,3.5
4,1,74,-0.00561654474586,3.5
4,1,75,-0.00561637431383,4.75
4,1,75,-0.00561653077602,4.75
4,1,77,-0.00561635149643,2.625
4,1,77,-0.00561651680619,2.625
4,1,99,-0.00561637431383,2.375
4,1,99,-0.00561634590849,2.375
4,1,102,-0.00561631284654,1.5
4,1,102,-0.00561638828367,1.5
4,1,104,-0.0056163566187,1.25
4,1,104,-0.00561627373099,1.25
4,1,105,-0.00561645440757,3.625
4,1,105,-0.00561623740941,3.625
4,1,110,-0.00561625044793,4.0
4,1,110,-0.00561644742265,4.0
4,1,111,-0.00561634358019,3.5
4,1,111,-0.00561657827348,3.5
4,1,112,-0.00561636779457,1.0
7,1,1,0.0126317599788,3.5
7,1,1,0.0126316025853,3.5
7,1,2,0.0126317422837,5.5
7,1,2,0.01263166219,5.5
7,1,3,0.0126317236573,4.75
7,1,3,0.0126316249371,4.75
7,1,4,0.0126318717375,3.25
7,1,4,0.01263166219,3.25
7,1,5,0.0126318410039,4.75
7,1,5,0.0126316733658,4.75
7,1,7,0.0126317013055,2.25
7,1,7,0.0126315839589,2.25
7,1,8,0.0126317068934,4.5
7,1,8,0.0126315476373,4.5
7,1,9,0.0126316137612,2.0
7,1,9,0.0126314805821,2.0
7,1,10,0.0126315671951,2.75
7,1,10,0.0126314666122,2.75
7,1,11,0.0126317106187,1.75
7,1,11,0.0126315560192,1.75
7,1,12,0.0126316193491,5.0
7,1,12,0.0126316258684,5.0
7,1,13,0.0126318000257,3.0
7,1,13,0.0126316584647,3.0
7,1,14,0.0126317553222,2.25
7,1,14,0.0126316715032,2.25
7,1,18,0.0126319266856,6.0
7,1,18,0.0126317329705,6.0
7,1,19,0.0126317515969,4.75
7,1,19,0.0126318093389,4.75
7,1,20,0.0126318885013,5.25
7,1,20,0.0126317404211,5.25
7,1,22,0.0126320011914,3.75
7,1,22,0.0126318596303,3.75
7,1,23,0.0126317655668,4.0
7,1,23,0.012631748803,4.0
7,1,24,0.012631893158,5.0
7,1,24,0.0126318102702,5.0
7,1,25,0.0126318242401,4.5
7,1,25,0.012631829828,4.5
7,1,26,0.0126317627728,3.0
7,1,26,0.0126317180693,3.0
7,1,27,0.0126317888498,4.25
7,1,27,0.0126318261027,4.25
7,1,28,0.0126317478716,5.25
7,1,28,0.0126317813993,5.25
7,1,29,0.0126317497343,4.25
7,1,29,0.0126317366958,4.25
7,1,30,0.0126316193491,3.0
7,1,30,0.0126317208633,3.0
7,1,31,0.0126317376271,4.5
7,1,31,0.0126317907125,4.5
7,1,32,0.0126318130642,3.75
7,1,32,0.0126318391412,3.75
7,1,33,0.012632181868,4.75
7,1,33,0.0126318149269,4.75
7,1,34,0.0126317879185,5.5
7,1,34,0.0126318577677,5.5
7,1,35,0.0126319620758,6.0
7,1,35,0.0126317944378,6.0
7,1,36,0.0126322861761,4.25
7,1,36,0.0126317823306,4.25
7,1,37,0.0126321632415,4.25
7,1,37,0.0126317907125,4.25
7,1,38,0.0126320961863,3.5
7,1,38,0.0126316715032,3.5
7,1,39,0.0126320738345,5.5
7,1,39,0.0126316472888,5.5
7,1,40,0.0126317329705,5.5
7,1,40,0.0126316342503,5.5
7,1,41,0.0126320170239,4.75
7,1,41,0.0126316733658,4.75
7,1,42,0.0126317925751,3.0
7,1,42,0.0126316938549,3.0
7,1,43,0.0126319387928,3.5
7,1,43,0.0126317907125,3.5
7,1,44,0.0126322070137,6.25
7,1,44,0.0126315783709,6.25
7,1,45,0.0126317543909,4.5
7,1,45,0.0126315876842,4.5
7,1,46,0.0126316379756,4.0
7,1,46,0.0126316100359,4.0
7,1,47,0.0126319844276,4.5
7,1,47,0.0126317385584,4.5
7,1,48,0.0126317944378,1.5
7,1,48,0.0126316472888,1.5
7,1,49,0.0126317096874,4.5
7,1,49,0.0126316994429,4.5
7,1,50,0.0126316873357,5.0
7,1,50,0.0126316528767,5.0
7,1,51,0.0126319937408,3.5
7,1,51,0.0126316342503,3.5
7,1,52,0.012631659396,0.75
7,1,52,0.0126317031682,0.75
7,1,53,0.0126319611445,5.5
7,1,53,0.0126316864043,5.5
7,1,55,0.0126319602132,2.5
7,1,55,0.0126315355301,2.5
7,1,57,0.0126317050308,4.25
7,1,57,0.0126315923408,4.25
7,1,58,0.0126315578818,6.0
7,1,58,0.0126315364614,6.0
7,1,59,0.0126315876842,5.25
7,1,59,0.0126316426322,5.25
7,1,60,0.0126317664981,3.25
7,1,60,0.0126315951347,3.25
7,1,61,0.0126315802336,5.0
7,1,61,0.0126316789538,5.0
7,1,62,0.0126315895468,4.5
7,1,62,0.0126315094531,4.5
7,1,63,0.0126315802336,5.5
7,1,63,0.0126315634698,5.5
7,1,64,0.012631546706,5.0
7,1,64,0.0126314926893,5.0
7,1,65,0.0126314554363,5.25
7,1,65,0.0126315867528,5.25
7,1,66,0.0126315969974,4.25
7,1,66,0.0126315820962,4.25
7,1,67,0.0126314871013,4.75
7,1,67,0.0126315075904,4.75
7,1,68,0.0126316286623,4.25
7,1,68,0.012631572783,4.25
7,1,69,0.0126317534596,5.5
7,1,69,0.0126316985115,5.5
7,1,70,0.0126321613789,5.5
7,1,70,0.0126316370443,5.5
7,1,71,0.0126320999116,4.75
7,1,71,0.0126317404211,4.75
7,1,72,0.0126320105046,2.0
7,1,72,0.012631656602,2.0
7,1,73,0.0126319881529,1.0
7,1,73,0.0126316454262,1.0
7,1,74,0.0126317758113,4.25
7,1,74,0.0126317217946,4.25
7,1,75,0.0126318046823,4.75
7,1,75,0.0126314926893,4.75
7,1,76,0.0126319751143,2.75
7,1,76,0.0126316137612,2.75
7,1,78,0.0126320729032,4.0
7,1,78,0.0126316845417,4.0
7,1,79,0.0126321054995,3.0
7,1,79,0.0126316100359,3.0
7,1,80,0.0126317571849,2.0
7,1,80,0.0126315839589,2.0
7,1,81,0.0126321464777,4.0
7,1,81,0.0126316659153,4.0
7,1,82,0.0126319993287,5.25
7,1,82,0.0126315914094,5.25
7,1,83,0.012632234022,4.75
7,1,83,0.0126316938549,4.75
7,1,84,0.01263159886,4.75
7,1,84,0.0126316994429,4.75
7,1,86,0.0126318056136,3.25
7,1,86,0.0126316789538,3.25
7,1,88,0.0126318130642,6.5
7,1,88,0.0126315820962,6.5
7,1,90,0.0126320729032,4.0
7,1,90,0.0126316547394,4.0
7,1,92,0.0126316864043,5.75
7,1,92,0.0126317879185,5.75
7,1,93,0.0126317422837,4.25
7,1,93,0.0126317180693,4.25
7,1,94,0.0126317655668,3.0
7,1,94,0.0126316715032,3.0
7,1,95,0.0126322126016,4.75
7,1,95,0.0126317869872,4.75
7,1,96,0.0126322899014,5.5
7,1,96,0.0126316361129,5.5
7,1,97,0.0126323532313,5.5
7,1,97,0.0126317087561,5.5
7,1,98,0.0126319052652,3.25
7,1,98,0.012631659396,3.25
7,1,101,0.0126318186522,4.0
7,1,101,0.0126316845417,4.0
7,1,102,0.012632124126,4.25
7,1,102,0.0126315895468,4.25
7,1,103,0.0126323308796,3.25
7,1,103,0.0126317758113,3.25
7,1,104,0.0126318838447,4.75
7,1,104,0.0126316202804,4.75
7,1,105,0.0126317292452,4.75
7,1,105,0.0126316826791,4.75
7,1,106,0.0126316994429,4.75
7,1,106,0.0126317096874,4.75
7,1,109,0.0126316454262,6.25
7,1,109,0.0126317106187,4.25
7,2,1,0.01263188757,4.25
7,2,1,0.01263166219,2.75
7,2,2,0.0126319108531,2.75
7,2,2,0.0126317813993,5.75
7,2,3,0.0126321455464,5.75
7,2,3,0.0126316873357,3.0
7,2,4,0.0126320514828,3.0
7,2,4,0.0126316491514,3.25
7,2,5,0.0126320281997,3.25
7,2,5,0.0126318391412,4.0
7,2,6,0.0126320850104,4.0
7,2,6,0.0126317311078,5.0
7,2,7,0.0126321455464,5.0
7,2,7,0.0126316901296,4.0
7,2,8,0.0126320505515,4.0
7,2,8,0.0126316994429,4.0
7,2,9,0.0126320477575,4.0
7,2,9,0.0126317087561,4.0
7,2,10,0.0126321259886,4.0
7,2,10,0.0126315802336,2.75
7,2,11,0.0126318819821,2.75
7,2,11,0.0126316510141,4.25
7,2,12,0.012631922029,4.25
7,2,12,0.0126317366958,4.75
7,2,13,0.0126320533454,4.75
7,2,13,0.0126316603273,5.5
7,2,14,0.0126323103905,5.5
7,2,14,0.0126317124814,5.0
7,2,16,0.0126321893185,5.0
7,2,16,0.0126316649839,6.0
7,2,17,0.0126322126016,6.0
7,2,17,0.0126315979287,3.5
7,2,18,0.0126321846619,3.5
7,2,18,0.0126316547394,4.5
7,2,19,0.0126321399584,4.5
7,2,19,0.0126316230744,5.5
7,2,20,0.0126319732517,5.5
7,2,20,0.0126317255199,1.5
7,2,21,0.0126320514828,1.5
7,2,21,0.0126317208633,3.0
7,2,22,0.0126319248229,3.0
7,2,22,0.0126317925751,1.75
7,2,23,0.0126321231946,1.75
7,2,23,0.0126316789538,3.75
7,2,24,0.0126319527626,3.75
7,2,24,0.0126316547394,4.75
7,2,25,0.0126320105046,4.75
7,2,25,0.0126316370443,4.25
7,2,26,0.0126322461292,4.25
7,2,26,0.0126317050308,4.25
7,2,27,0.0126321725547,4.25
7,2,27,0.0126315709203,5.75
7,2,28,0.0126320440322,5.75
7,2,28,0.0126316491514,1.75
7,2,29,0.0126321353018,1.75
7,2,29,0.0126316118985,3.0
7,2,30,0.0126319490373,3.0
7,2,30,0.0126316174865,3.75
7,2,31,0.0126320775598,3.75
7,2,31,0.012631656602,4.5
7,2,32,0.0126320943236,4.5
7,2,32,0.0126316677779,1.5
7,2,33,0.0126320384443,1.5
7,2,33,0.0126317087561,4.25
7,2,34,0.0126320701092,4.25
7,2,34,0.012631630525,3.5
7,2,35,0.0126321567222,3.5
7,2,35,0.0126316286623,2.5
7,2,36,0.0126319844276,2.5
7,2,36,0.0126315802336,3.5
7,2,37,0.0126320449635,3.5
7,2,37,0.01263166219,5.25
7,2,38,0.0126318410039,5.25
7,2,38,0.0126318186522,4.0
7,2,39,0.0126317478716,4.0
7,2,39,0.0126316025853,5.25
7,2,40,0.0126319918782,5.25
7,2,40,0.0126315634698,3.0
7,2,42,0.0126319210976,3.0
7,2,42,0.0126316640526,2.75
7,2,43,0.0126321017742,2.75
7,2,43,0.012631714344,4.5
7,2,44,0.0126319210976,4.5
7,2,44,0.0126316258684,2.5
7,2,45,0.0126319788396,2.5
7,2,45,0.0126316342503,4.75
7,2,46,0.0126319713891,4.75
7,2,46,0.0126315979287,4.0
7,2,47,0.0126320226118,4.0
7,2,47,0.0126315951347,3.75
7,2,48,0.0126319890842,3.75
7,2,48,0.012631515041,4.0
7,2,49,0.0126317823306,4.0
7,2,49,0.0126315867528,4.25
7,2,50,0.012631945312,4.25
7,2,50,0.0126315634698,4.75
7,2,51,0.0126320170239,4.75
7,2,51,0.012631714344,3.25
7,2,52,0.0126319611445,3.25
7,2,52,0.0126316370443,5.0
7,2,53,0.0126318577677,5.0
7,2,53,0.0126316752285,4.0
7,2,55,0.0126319155097,4.0
7,2,55,0.0126315932721,4.75
7,2,56,0.0126320067793,4.75
7,2,56,0.0126315392554,1.5
7,2,57,0.0126318968832,1.5
7,2,57,0.0126316417009,4.0
7,2,58,0.0126319881529,4.0
7,2,58,0.0126316323876,4.0
7,2,60,0.0126318149269,4.0
7,2,60,0.0126315299422,5.5
7,2,61,0.0126317767426,5.5
7,2,61,0.0126317311078,5.25
7,2,63,0.0126319285482,5.25
7,2,63,0.0126317124814,3.25
7,2,64,0.0126320738345,3.25
7,2,64,0.0126317087561,5.0
7,2,65,0.0126320114359,5.0
7,2,65,0.0126315746456,5.5
7,2,66,0.0126317963004,5.5
7,2,66,0.0126316156238,6.5
7,2,68,0.0126318652183,6.5
7,2,68,0.0126317329705,4.25
7,2,69,0.0126320719719,4.25
7,2,69,0.012631604448,3.25
7,2,70,0.0126319043338,3.25
7,2,70,0.0126316472888,4.0
7,2,71,0.0126318559051,4.0
7,2,71,0.0126316808164,4.25
7,2,72,0.0126321110874,4.25
7,2,72,0.01263166219,3.25
7,2,73,0.0126319546252,3.25
7,2,73,0.0126317376271,2.5
7,2,74,0.0126319490373,2.5
7,2,74,0.0126316789538,3.5
7,2,75,0.0126319443807,3.5
7,2,75,0.0126316929236,4.5
7,2,76,0.0126319397241,4.5
7,2,76,0.0126316761598,4.25
7,2,77,0.012632003054,4.25
7,2,77,0.012631893158,5.0
7,2,78,0.0126319862902,5.0
7,2,78,0.0126316957176,4.0
7,2,80,0.012632008642,4.0
7,2,80,0.0126318074763,3.25
7,2,82,0.0126319546252,3.25
7,2,82,0.0126316929236,5.0
7,2,83,0.0126319751143,5.0
7,2,83,0.0126316975802,3.75
7,2,84,0.0126319155097,3.75
7,2,84,0.0126316230744,2.5
7,2,85,0.0126320105046,2.5
7,2,85,0.0126316528767,2.5
7,2,86,0.012632003054,2.5
7,2,86,0.0126316975802,4.5
7,2,87,0.0126318493858,4.5
7,2,87,0.0126318708062,5.0
7,2,88,0.0126319639385,5.0
7,2,88,0.0126316100359,3.0
7,2,89,0.0126319667324,3.0
7,2,89,0.0126315932721,4.0
7,2,90,0.0126318130642,4.0
7,2,90,0.0126316873357,3.75
7,2,91,0.0126318484545,3.75
7,2,91,0.0126317217946,4.66667
7,2,92,0.0126319117844,4.66667
7,2,92,0.0126317040995,4.75
7,2,93,0.0126319276169,4.75
7,2,93,0.0126315448433,3.25
7,2,94,0.0126317683607,3.25
7,2,94,0.0126317571849,2.5
7,2,95,0.0126319434494,2.5
7,2,95,0.0126317050308,3.5
7,2,96,0.0126318763942,3.5
7,2,96,0.0126315029338,3.0
7,2,97,0.0126317366958,3.0
7,2,97,0.0126315923408,3.75
7,2,98,0.0126319844276,3.75
7,2,98,0.0126316603273,4.25
7,2,99,0.0126318838447,4.25
7,2,99,0.0126315206289,1.75
7,2,100,0.0126318437979,1.75
7,2,100,0.0126317013055,5.25
7,2,102,0.0126318493858,5.25
7,2,102,0.0126316752285,4.25
7,2,103,0.012631916441,4.25
7,2,103,0.0126316314563,3.5
7,2,104,0.0126318577677,3.5
7,2,104,0.0126316528767,3.0
7,2,105,0.0126318605617,3.0
7,2,105,0.0126316659153,6.25
7,2,106,0.0126319061965,6.25
7,2,106,0.0126316752285,4.5
7,2,107,0.012631803751,4.5
7,2,107,0.0126315522939,5.5
7,2,108,0.0126318801194,5.5
7,2,108,0.0126314777881,5.25
7,2,109,0.0126317944378,5.25
7,2,109,0.0126316770911,4.75
8,1,9,0.000945926294662,2.0
8,1,9,0.000946177286096,2.0
8,1,10,0.000945938634686,1.75
8,1,10,0.000946135143749,1.75
8,1,16,0.000946006621234,2.75
8,1,16,0.000946255167946,2.75
8,1,17,0.000946077459957,3.25
8,1,17,0.000946080544963,3.25
8,1,18,0.000946042360738,3.75
8,1,18,0.000946023035794,3.75
8,1,20,0.000946069601923,2.5
8,1,20,0.000946056155954,2.5
8,1,21,0.000946012907661,1.75
8,1,21,0.000945908948779,1.75
8,1,22,0.000946082407609,3.5
8,1,22,0.000946206622757,3.5
8,1,27,0.000945973093621,2.0
8,1,27,0.000946079497226,2.0
8,1,30,0.000945962499827,2.5
8,1,30,0.000946050975472,2.5
8,1,54,0.000946017040405,3.0
8,1,54,0.000946176121943,3.0
8,1,58,0.000945991894696,1.0
8,1,58,0.00094609730877,1.0
8,1,68,0.000945976527873,1.5
8,1,68,0.00094618613366,1.5
8,1,73,0.000945914536715,2.75
8,1,73,0.000946407322772,2.75
8,1,74,0.00094597338466,2.5
8,1,74,0.000945983920246,2.5
8,1,75,0.000945973442867,3.0
8,1,75,0.000946014770307,3.0
8,1,76,0.000945919426158,1.0
8,1,76,0.000946083688177,1.0
8,1,77,0.000945987645537,3.25
8,1,77,0.000946035142988,3.25
8,1,78,0.000945936422795,2.75
8,1,78,0.0009460131987,2.75
8,1,79,0.000945990148466,2.0
8,1,79,0.000945972045884,2.0
8,1,80,0.000945997540839,1.75
8,1,80,0.000945947831497,1.75
8,1,81,0.000945942825638,2.25
8,1,81,0.000945897074416,2.25
8,1,82,0.000945987761952,1.75
8,1,82,0.000945972336922,1.75
8,1,85,0.000945994514041,2.0
8,1,85,0.000946166343056,2.0
8,1,88,0.000945874373429,2.25
8,1,88,0.000945978797972,2.25
8,1,89,0.000946019194089,3.5
8,1,89,0.000946082058363,3.25
8,2,4,0.000946055864915,3.25
8,2,4,0.000946043641306,3.75
8,2,5,0.000945989624597,3.75
8,2,5,0.000946073210798,1.5
8,2,7,0.000945953652263,1.5
8,2,7,0.000946055864915,4.25
8,2,8,0.000946041429415,4.25
8,2,8,0.00094592833193,2.0
8,2,9,0.000945979147218,2.0
8,2,9,0.000946109590586,3.0
8,2,11,0.000945991137996,3.0
8,2,11,0.000946175656281,2.25
8,2,15,0.000945926876739,2.25
8,2,15,0.000946221989579,4.0
8,2,16,0.000946032465436,4.0
8,2,16,0.000946224783547,3.5
8,2,18,0.000945968553424,3.5
8,2,18,0.000946272688452,3.75
8,2,20,0.000945985259023,3.75
8,2,20,0.000946181709878,2.25
8,2,21,0.000945985957514,2.25
8,2,21,0.000946143467445,2.25
8,2,22,0.000946026062593,2.25
8,2,22,0.000946073676459,2.5
8,2,23,0.000945991370827,2.5
8,2,23,0.0009462259477,3.0
8,2,24,0.000946035899688,3.0
8,2,24,0.000946134736296,4.0
8,2,27,0.000946006388403,4.0
8,2,27,0.000946197658777,2.5
8,2,28,0.000945954117924,2.5
8,2,28,0.000946124782786,4.75
8,2,29,0.000946047715843,4.75
8,2,29,0.000946217565797,4.25
8,2,30,0.000945994630456,4.25
8,2,30,0.000946180894971,2.75
8,2,31,0.000945993349887,2.75
8,2,31,0.000946172745898,4.0
8,2,32,0.000945961568505,4.0
8,2,32,0.000946157728322,3.5
8,2,35,0.000946056563407,3.5
8,2,35,0.000946088286582,3.75
8,2,36,0.000945971289184,3.75
8,2,36,0.000946155982092,2.25
8,2,37,0.000946003419813,2.25
8,2,37,0.000946210231632,3.75
8,2,38,0.000945898296777,3.75
8,2,38,0.000946195505094,2.0
8,2,39,0.00094601145247,2.0
8,2,39,0.00094618613366,2.0
8,2,40,0.000946141779423,2.0
8,2,40,0.000946199987084,4.0
8,2,41,0.000945942127146,4.0
8,2,41,0.000946114887483,3.5
8,2,42,0.00094586238265,3.5
8,2,42,0.000945916050114,2.25
8,2,45,0.00094610924134,2.25
8,2,45,0.00094617070863,4.0
8,2,48,0.000946066633333,4.0
8,2,48,0.000946176121943,4.0
8,2,49,0.000945982988924,4.0
8,2,49,0.000945867737755,3.0
8,2,50,0.000946010579355,3.0
8,2,50,0.000945865758695,3.75
8,2,55,0.000946087937336,3.75
8,2,55,0.000945906038396,4.75
8,2,57,0.000946044281591,4.75
8,2,57,0.000945837702602,3.0
8,2,58,0.000946053187363,3.0
8,2,58,0.000945788575336,1.75
8,2,62,0.000946128740907,1.75
8,2,62,0.00094578624703,5.25
8,2,63,0.000946086191107,5.25
8,2,63,0.00094589375658,3.25
8,2,67,0.000945986132137,3.25
8,2,67,0.000945811683778,2.75
8,2,68,0.00094606296625,2.75
8,2,68,0.000945903128013,3.5
8,2,69,0.000945964246057,3.5
8,2,69,0.00094575737603,2.0
8,2,71,0.000945980311371,2.0
8,2,71,0.000945946318097,3.5
8,2,72,0.000946032756474,3.5
8,2,72,0.000945809937548,3.75
8,2,74,0.00094600796001,3.75
8,2,74,0.00094595272094,4.0
9,1,2,-0.000274664198514,5.25
9,1,2,-0.000274812977295,5.25
9,1,3,-0.000274740130408,4.75
9,1,3,-0.000274818739854,4.75
9,1,4,-0.000274683989119,5.0
9,1,4,-0.000274824880762,5.0
9,1,5,-0.000274629332125,5.75
9,1,5,-0.00027475648676,5.75
9,1,6,-0.000274540128885,3.5
9,1,6,-0.000274787889794,3.5
9,1,7,-0.000274627702311,4.25
9,1,7,-0.000274792837445,4.25
9,1,8,-0.00027467374457,4.5
9,1,8,-0.000274760415778,4.5
9,1,12,-0.000274615187664,4.75
9,1,12,-0.000274733174592,4.75
9,1,16,-0.000274563150015,1.5
9,1,16,-0.000274785474176,1.5
9,1,17,-0.000274568476016,4.25
9,1,17,-0.000274718273431,4.25
9,1,18,-0.000274564197753,3.5
9,1,18,-0.000274760532193,3.5
9,1,19,-0.000274609250482,3.25
9,1,19,-0.000274792138953,3.25
9,1,20,-0.000274576450465,4.0
9,1,20,-0.000274802383501,4.0
9,1,21,-0.000274530990282,4.5
9,1,21,-0.00027476483956,4.5
9,1,22,-0.000274553138297,3.0
9,1,22,-0.00027483922895,3.0
9,1,23,-0.000274627323961,4.5
9,1,23,-0.000274769234238,4.5
9,1,24,-0.00027452755603,3.5
9,1,24,-0.000274838472251,3.5
9,1,25,-0.000274535821518,3.5
9,1,25,-0.00027482828591,3.5
9,1,26,-0.000274580146652,4.5
9,1,26,-0.000274854188319,4.5
9,1,27,-0.000274602323771,3.75
9,1,27,-0.000274633610388,3.75
9,1,28,-0.000274655933026,2.75
9,1,28,-0.000274774705758,2.75
9,1,29,-0.000274561782135,2.5
9,1,29,-0.000274785095826,2.5
9,1,30,-0.000274668796919,3.0
9,1,30,-0.00027471742942,3.0
9,1,31,-0.00027457496617,3.5
9,1,31,-0.000274752645055,3.5
9,1,32,-0.000274586025625,2.75
9,1,32,-0.000274799094768,2.75
9,1,33,-0.000274572143098,3.75
9,1,33,-0.000274795631412,3.75
9,1,34,-0.000274561200058,3.25
9,1,34,-0.000274744583294,3.25
9,1,35,-0.000274600519333,3.5
9,1,35,-0.000274804478977,3.5
9,1,36,-0.00027449397021,3.5
9,1,36,-0.000274813733995,3.5
9,1,37,-0.000274634716334,4.5
9,1,37,-0.000274820049526,4.5
9,1,38,-0.000274526304565,3.5
9,1,38,-0.000274816702586,3.5
9,1,39,-0.000274429330602,2.75
9,1,39,-0.000274833466392,2.75
9,1,40,-0.000274501449894,2.25
9,1,40,-0.000274853227893,2.25
9,1,41,-0.00027461652644,3.0
9,1,41,-0.000274915568298,3.0
9,1,42,-0.00027455406962,4.0
9,1,42,-0.000274913822068,4.0
9,1,50,-0.000274489022559,3.5
9,1,50,-0.000274809659459,3.5
9,1,51,-0.000274539430393,3.5
9,1,51,-0.000274863268714,3.5
9,1,52,-0.00027450316702,2.75
9,1,52,-0.000274868565612,2.75
9,1,53,-0.000274539837847,3.0
9,1,53,-0.000274763908237,3.0
9,1,54,-0.000274479883956,2.75
9,1,54,-0.000274679332506,2.75
9,1,55,-0.000274488411378,3.5
9,1,55,-0.000274744670605,3.5
9,1,56,-0.000274639285635,3.75
9,1,56,-0.00027476757532,3.75
9,1,59,-0.000274494668702,2.75
9,1,59,-0.000274767080555,2.75
9,1,60,-0.000274592981441,4.0
9,1,60,-0.000274751335382,4.0
9,1,61,-0.000274653546512,3.5
9,1,61,-0.000274695630651,3.5
9,1,63,-0.00027456972748,3.25
9,1,63,-0.000274798483588,3.25
9,1,64,-0.000274628371699,4.25
9,1,64,-0.000274792750133,4.25
9,1,65,-0.000274606369203,2.0
9,1,65,-0.000274704070762,2.0
9,1,66,-0.000274627789622,4.75
9,1,66,-0.000274750345852,4.75
9,1,67,-0.000274562626146,4.25
9,1,67,-0.00027484059683,4.25
9,1,68,-0.000274703139439,3.5
9,1,68,-0.00027474417584,3.5
9,1,69,-0.000274560559774,5.5
9,1,69,-0.000274817750324,5.5
9,1,72,-0.000274584715953,3.75
9,1,72,-0.00027471978683,3.75
9,1,73,-0.000274631718639,3.25
9,1,73,-0.000274711870588,3.25
9,1,74,-0.000274616351817,3.0
9,1,74,-0.000274666410405,3.0
9,1,75,-0.00027467959444,2.5
9,1,75,-0.000274615944363,2.5
9,1,76,-0.000274632358924,4.0
9,1,76,-0.000274740974419,4.0
9,1,77,-0.000274625577731,3.25
9,1,77,-0.000274690100923,3.25
9,1,78,-0.00027460110141,3.5
9,1,78,-0.000274723104667,3.5
9,1,79,-0.000274492806057,4.0
9,1,79,-0.00027490942739,4.0
9,1,81,-0.000274482066743,2.25
9,1,81,-0.000274847116088,2.25
9,1,82,-0.000274664809695,4.0
9,1,82,-0.000274606776657,4.0
9,1,83,-0.000274809834082,4.25
9,1,83,-0.00027471568319,4.25
9,1,84,-0.000274748395896,3.0
9,1,84,-0.000274685909972,3.0
9,1,85,-0.000274771533441,4.75
9,1,85,-0.000274720718153,4.75
9,1,86,-0.000274711928796,4.0
9,1,86,-0.000274866062682,4.0
9,1,87,-0.000274610269116,3.25
9,1,87,-0.000274707912467,3.25
9,1,88,-0.000274671299849,3.25
9,1,88,-0.000274913443718,3.25
9,1,89,-0.000274683203315,2.75
9,1,89,-0.00027466591564,2.75
9,1,90,-0.000274596735835,2.75
9,1,90,-0.000274599238764,2.75
9,1,91,-0.000274542049738,3.75
9,1,91,-0.000274651683867,3.75
9,1,92,-0.000274641846772,4.0
9,1,92,-0.000274722464383,4.0
9,1,93,-0.000274554942735,3.25
9,1,93,-0.000274563208222,3.25
9,1,94,-0.000274562567938,3.0
9,1,94,-0.000274675374385,3.0
9,1,95,-0.000274510879535,4.25
9,1,95,-0.000274696358247,4.25
9,1,96,-0.000274552468909,4.25
9,1,96,-0.000274479127256,4.25
9,1,97,-0.000274555990472,3.5
9,1,97,-0.000274678342976,3.5
9,1,98,-0.0002744194353,2.25
9,1,98,-0.000274564896245,2.25
9,1,99,-0.000274624937447,3.0
9,1,99,-0.000274823309155,3.0
9,1,100,-0.000274498888757,4.25
9,1,100,-0.00027468270855,4.25
9,1,101,-0.000274802383501,2.25
9,1,101,-0.000274825753877,2.25
9,1,102,-0.000274651072687,3.75
9,1,102,-0.000274615827948,3.75
9,1,103,-0.000274503836408,2.25
9,1,103,-0.000274789315881,2.25
9,1,104,-0.000274488265859,3.0
9,1,104,-0.000274707505014,3.0
9,1,105,-0.000274586549494,3.75
9,1,105,-0.000274745718343,3.75
9,1,106,-0.000274501915555,4.0
9,1,106,-0.000274717342108,4.0
9,1,107,-0.000274570891634,4.25
9,1,107,-0.000274797726888,4.25
9,1,110,-0.000274519465165,4.25
9,1,110,-0.000274786900263,4.25
9,1,111,-0.000274464837275,3.0
9,1,111,-0.000274583697319,4.0
9,2,2,-0.000274477002677,4.0
9,2,2,-0.000274672434898,4.5
9,2,3,-0.000274555903161,4.5
9,2,3,-0.000274671416264,5.25
9,2,4,-0.000274647463812,5.25
9,2,4,-0.000274508609436,5.5
9,2,5,-0.000274591206107,5.5
9,2,5,-0.000274589227047,5.75
9,2,6,-0.000274560094113,5.75
9,2,6,-0.000274612219073,5.25
9,2,7,-0.000274606427411,5.25
9,2,7,-0.00027467487962,4.5
9,2,8,-0.000274708698271,4.5
9,2,8,-0.000274722930044,5.75
9,2,9,-0.000274645455647,5.75
9,2,9,-0.000274761841865,4.75
9,2,10,-0.000274568708846,4.75
9,2,10,-0.000274697202258,4.5
9,2,11,-0.000274637015536,4.5
9,2,11,-0.000274671852821,5.5
9,2,12,-0.00027434018557,5.5
9,2,12,-0.000274598074611,3.75
9,2,13,-0.000274521065876,3.75
9,2,13,-0.000274516118225,2.75
9,2,16,-0.000274586520391,2.75
9,2,16,-0.000274580641417,4.0
9,2,17,-0.000274372345302,4.0
9,2,17,-0.000274618592812,4.25
9,2,18,-0.000274566787994,4.25
9,2,18,-0.000274524936685,3.0
9,2,20,-0.000274632620858,3.0
9,2,20,-0.000274674792308,3.75
9,2,21,-0.000274626538157,3.75
9,2,21,-0.000274665129837,3.0
9,2,22,-0.00027461949503,3.0
9,2,22,-0.000274668185739,2.75
9,2,23,-0.000274548539892,2.75
9,2,23,-0.000274695630651,1.75
9,2,24,-0.000274626450846,1.75
9,2,24,-0.000274710793747,5.75
9,2,25,-0.000274650752544,5.75
9,2,25,-0.00027466280153,3.25
9,2,27,-0.000274581107078,3.25
9,2,27,-0.00027469615452,2.75
9,2,30,-0.000274588324828,2.75
9,2,30,-0.000274688762147,2.75
9,2,31,-0.000274638732662,2.75
9,2,31,-0.000274679885479,2.25
9,2,32,-0.000274643069133,2.25
9,2,32,-0.000274604710285,2.5
9,2,34,-0.000274634861853,2.5
9,2,34,-0.000274669524515,4.75
9,2,36,-0.000274580903351,4.75
9,2,36,-0.000274630234344,3.75
9,2,37,-0.00027457845863,3.75
9,2,37,-0.000274604157312,2.0
9,2,38,-0.000274520571111,2.0
9,2,38,-0.000274626887403,3.25
9,2,42,-0.000274601741694,3.25
9,2,42,-0.000274718768196,3.0
9,2,45,-0.000274646270555,3.0
9,2,45,-0.000274631369393,4.75
9,2,46,-0.000274558900855,4.75
9,2,46,-0.000274623715086,4.0
9,2,50,-0.000274511810858,4.0
9,2,50,-0.000274435675237,3.75
9,2,53,-0.00027457109536,3.75
9,2,53,-0.000274632271612,4.0
9,2,62,-0.000274704769254,4.0
9,2,62,-0.000274520687526,5.0
9,2,63,-0.000274637452094,5.0
9,2,63,-0.000274484948022,4.5
9,2,64,-0.000274515390629,4.5
9,2,64,-0.000274605379673,5.5
9,2,66,-0.000274605408777,5.5
9,2,66,-0.000274716556305,4.25
9,2,67,-0.000274561054539,4.25
9,2,67,-0.000274532241747,3.25
9,2,68,-0.000274682533927,3.25
9,2,68,-0.000274731399259,3.25
9,2,69,-0.00027448675246,3.25
9,2,69,-0.000274694699328,4.75
9,2,70,-0.000274577498203,4.75
9,2,70,-0.000274718157016,5.25
9,2,71,-0.000274552614428,5.25
9,2,71,-0.000274731632089,5.25
9,2,74,-0.000274597347016,5.25
9,2,74,-0.000274654943496,3.75
9,2,75,-0.000274442660157,3.75
9,2,75,-0.00027462161961,4.25
9,2,77,-0.000274583580904,4.25
9,2,77,-0.000274600606645,5.5
9,2,78,-0.00027438410325,5.5
9,2,78,-0.000274588237517,5.25
9,2,79,-0.000274581019767,5.25
9,2,79,-0.000274701917078,4.75
9,2,81,-0.000274479127256,4.75
9,2,81,-0.000274681515293,3.75
9,2,84,-0.000274629739579,3.75
9,2,84,-0.000274792691926,4.75
9,2,85,-0.000274616264505,4.75
9,2,85,-0.000274684658507,4.0
9,2,86,-0.000274797261227,4.0
9,2,86,-0.000274707737844,3.25
9,2,87,-0.000274634046946,3.25
9,2,87,-0.000274675432593,4.5
9,2,88,-0.000274654768873,4.5
9,2,88,-0.000274777237792,2.75
9,2,89,-0.000274760182947,2.75
9,2,89,-0.000274731661193,3.25
9,2,90,-0.000274552789051,3.25
9,2,90,-0.000274662976153,4.25
9,2,91,-0.000274614518275,4.25
9,2,91,-0.000274696038105,4.25
9,2,92,-0.000274639634881,4.25
9,2,92,-0.000274724152405,5.0
9,2,95,-0.000274494173937,5.0
9,2,95,-0.000274676480331,3.0
9,2,96,-0.000274692312814,3.0
9,2,96,-0.000274729885859,4.5
9,2,98,-0.000274444028037,4.5
9,2,98,-0.000274556863587,5.75
9,2,100,-0.000274490768788,5.75
9,2,100,-0.000274743390037,3.0
9,2,103,-0.000274649064522,3.0
9,2,103,-0.000274722697213,3.25
9,2,104,-0.000274444028037,3.25
9,2,104,-0.000274651654763,4.5
9,2,105,-0.000274481775705,4.5
9,2,105,-0.000274711172096,3.75
9,2,107,-0.000274583115242,3.75
9,2,107,-0.000274639751296,4.25
9,2,108,-0.000274480378721,4.25
9,2,108,-0.000274602934951,2.25
9,2,109,-0.000274590332992,2.25
9,2,109,-0.000274625053862,4.5
10,1,4,0.00115214393009,5.5
10,1,4,0.00115343206562,5.5
10,1,5,0.00115202390589,5.0
10,1,5,0.00115341506898,5.0
10,1,6,0.00115207384806,5.0
10,1,6,0.00115360459313,5.0
10,1,7,0.00115201831795,5.5
10,1,7,0.00115326116793,5.5
10,1,8,0.00115219806321,6.25
10,1,8,0.00115351611748,6.25
10,1,9,0.00115218828432,5.5
10,1,9,0.00115329120308,5.5
10,1,10,0.00115212227684,5.0
10,1,10,0.00115376990288,5.0
10,1,11,0.00115230877418,4.0
10,1,11,0.00115300319158,4.0
10,1,12,0.00115212891251,4.5
10,1,12,0.00115344522055,4.5
10,1,13,0.00115209165961,4.25
10,1,13,0.00115347967949,4.25
10,1,14,0.00115221960004,3.75
10,1,14,0.0011524904985,3.75
10,1,20,0.00115219235886,5.0
10,1,20,0.00115386582911,5.0
10,1,21,0.00115201598965,5.25
10,1,21,0.00115389446728,5.25
10,1,22,0.00115211633965,4.5
10,1,22,0.00115373614244,4.5
10,1,24,0.00115182460286,4.75
10,1,24,0.00115372939035,4.75
10,1,25,0.00115207838826,4.5
10,1,25,0.00115375011228,4.5
10,1,26,0.00115163833834,2.25
10,1,26,0.0011538057588,2.25
10,1,27,0.00115192797966,4.25
10,1,27,0.00115360692143,4.25
10,1,28,0.00115184055176,4.75
10,1,28,0.00115357944742,4.75
10,1,29,0.00115205976181,4.75
10,1,29,0.00115375628229,4.75
10,1,30,0.00115205685142,5.5
10,1,30,0.00115359481424,5.5
10,1,31,0.00115193449892,4.75
10,1,31,0.00115377781913,4.75
10,1,32,0.00115180527791,3.75
10,1,32,0.00115375209134,3.75
10,1,33,0.00115209911019,4.5
10,1,33,0.00115357525647,4.5
10,1,36,0.00115187861957,4.75
10,1,36,0.00115339644253,4.75
10,1,39,0.00115166220348,4.0
10,1,39,0.00115348352119,4.0
10,1,42,0.00115176453255,5.25
10,1,42,0.00115367292892,5.25
10,1,43,0.00115188758355,4.5
10,1,43,0.00115365535021,4.5
10,1,44,0.00115203228779,4.5
10,1,44,0.00115364429075,4.5
10,1,45,0.00115160702262,3.25
10,1,45,0.00115349132102,3.25
10,1,46,0.00115219666623,5.0
10,1,46,0.00115355139133,5.0
10,1,47,0.00115209433716,5.25
10,1,47,0.0011533604702,5.25
10,1,48,0.00115183531307,5.0
10,1,48,0.00115343788639,5.0
10,1,49,0.00115180434659,4.0
10,1,49,0.0011536097154,4.0
10,1,50,0.00115188781638,5.25
10,1,50,0.00115354463924,5.25
10,1,51,0.00115175289102,5.5
10,1,51,0.00115361262579,5.5
10,1,52,0.00115197058767,5.0
10,1,52,0.00115370901767,5.0
10,1,53,0.00115220597945,5.25
10,1,53,0.00115372019354,5.25
10,1,55,0.00115163542796,5.25
10,1,55,0.00115347537212,5.25
10,1,56,0.00115185545292,4.5
10,1,56,0.00115358247422,4.5
10,1,57,0.00115169887431,1.5
10,1,57,0.00115286849905,1.5
10,1,61,0.00115244789049,5.0
10,1,61,0.00115337374154,5.0
10,1,62,0.00115221121814,3.75
10,1,62,0.00115296477452,3.75
10,1,63,0.00115232216194,4.25
10,1,63,0.00115281506442,4.25
10,1,64,0.00115208304487,5.0
10,1,64,0.00115305185318,5.0
10,1,65,0.00115205254406,5.75
10,1,65,0.00115287664812,5.75
10,1,66,0.00115191703662,6.0
10,1,66,0.00115321052726,6.0
10,1,67,0.00115203857422,5.25
10,1,67,0.00115334521979,5.25
10,1,68,0.00115195615217,3.75
10,1,68,0.00115289422683,3.75
10,1,69,0.00115228665527,4.5
10,1,69,0.00115291040856,4.5
10,1,72,0.00115174567327,3.0
10,1,72,0.00115367234685,3.0
10,1,73,0.00115162786096,4.25
10,1,73,0.0011537555838,4.25
10,1,74,0.00115169258788,4.75
10,1,74,0.00115329341497,4.75
10,1,75,0.00115176546387,4.5
10,1,75,0.00115367164835,4.5
10,1,76,0.00115191226359,4.75
10,1,76,0.00115375476889,4.75
10,1,77,0.00115205917973,4.5
10,1,77,0.00115359690972,4.5
10,1,78,0.00115213391837,5.5
10,1,78,0.00115364941303,5.5
10,1,79,0.00115185044706,4.5
10,1,79,0.00115346047096,4.5
10,1,80,0.00115178152919,5.0
10,1,80,0.00115375523455,5.0
10,1,81,0.00115159631241,4.25
10,1,81,0.00115406210534,4.25
10,1,82,0.00115156907123,4.5
10,1,82,0.00115363998339,4.5
10,1,83,0.00115144555457,3.0
10,1,83,0.00115376524627,3.0
10,1,84,0.00115140539128,2.75
10,1,84,0.00115381274372,2.75
10,1,85,0.0011516418308,4.75
10,1,85,0.00115333253052,4.75
10,1,86,0.00115149153862,4.0
10,1,86,0.00115342298523,4.0
10,1,87,0.00115199852735,4.75
10,1,87,0.00115375942551,4.75
10,1,88,0.00115199957509,5.5
10,1,88,0.00115382438526,5.5
10,1,89,0.00115166290198,5.25
10,1,89,0.00115362380166,5.25
10,1,90,0.00115155719686,3.75
10,1,90,0.00115338282194,3.75
10,1,91,0.00115154951345,4.5
10,1,91,0.00115330528934,4.5
10,1,92,0.00115191517398,5.0
10,1,92,0.00115330226254,5.0
10,1,93,0.00115164043382,4.0
10,1,93,0.00115366349928,4.0
10,1,94,0.00115189014468,5.0
10,1,94,0.0011536651291,5.0
10,1,95,0.0011517200619,4.75
10,1,95,0.00115350657143,4.75
10,1,96,0.00115152704529,4.5
10,1,96,0.00115364673547,4.5
10,1,97,0.0011515240185,3.75
10,1,97,0.00115330156405,3.75
10,1,98,0.00115154264495,4.5
10,1,98,0.00115350447595,4.5
10,1,99,0.00115172634833,5.25
10,1,99,0.00115372100845,5.25
10,1,100,0.00115185952745,4.0
10,1,100,0.00115299515892,4.0
10,1,101,0.00115208583884,5.5
10,1,101,0.00115349702537,5.5
10,1,102,0.00115179666318,5.0
10,1,102,0.00115366012324,5.0
10,1,103,0.00115168909542,3.75
10,1,103,0.0011535724625,3.75
10,1,104,0.00115164858289,4.5
10,1,104,0.00115385418758,4.5
10,1,105,0.00115148653276,4.0
10,1,105,0.00115314940922,4.0
10,1,106,0.00115154497325,2.0
10,1,106,0.0011529661715,2.0
10,1,107,0.00115152238868,5.0
10,1,107,0.00115362450015,5.0
10,1,108,0.00115192658268,5.0
10,1,108,0.00115157151595,3.75
10,2,3,0.00115342589561,3.75
10,2,3,0.00115161994472,6.25
10,2,4,0.00115351052955,6.25
10,2,4,0.00115182972513,5.5
10,2,5,0.00115350238048,5.5
10,2,5,0.00115179177374,5.25
10,2,6,0.00115350459237,5.25
10,2,6,0.00115170318168,5.25
10,2,7,0.00115326815285,5.25
10,2,7,0.00115176942199,5.75
10,2,8,0.00115327455569,5.75
10,2,8,0.00115205487236,3.25
10,2,9,0.00115318153985,3.25
10,2,9,0.00115203286987,5.25
10,2,10,0.00115375116002,5.25
10,2,10,0.0011518902611,4.5
10,2,11,0.00115355825983,4.5
10,2,11,0.00115197070409,4.25
10,2,12,0.00115335220471,4.25
10,2,12,0.00115190481301,5.25
10,2,13,0.00115325383376,5.25
10,2,13,0.00115189049393,5.25
10,2,14,0.00115359353367,5.25
10,2,14,0.00115188828204,5.75
10,2,15,0.00115325150546,5.75
10,2,15,0.0011516076047,4.5
10,2,19,0.0011538346298,4.5
10,2,19,0.00115172530059,2.75
10,2,20,0.0011534774676,2.75
10,2,20,0.00115209072828,5.5
10,2,21,0.001153586898,5.5
10,2,21,0.00115169235505,5.5
10,2,22,0.00115382974036,5.5
10,2,22,0.001151588629,5.0
10,2,23,0.0011538619874,5.0
10,2,23,0.00115167850163,3.5
10,2,26,0.00115371891297,3.5
10,2,26,0.00115167303011,4.5
10,2,28,0.00115360773634,4.5
10,2,28,0.00115166371688,5.0
10,2,29,0.00115367607214,5.0
10,2,29,0.00115183345042,5.75
10,2,30,0.00115365628153,5.75
10,2,30,0.00115152692888,4.75
10,2,33,0.00115371658467,4.75
10,2,33,0.00115157209802,3.75
10,2,36,0.00115344801452,3.75
10,2,36,0.00115178362466,5.0
10,2,37,0.00115360040218,5.0
10,2,37,0.00115198804997,4.75
10,2,38,0.00115374848247,4.75
10,2,38,0.00115202367306,5.25
10,2,39,0.00115368631668,5.25
10,2,39,0.00115160946734,5.25
10,2,41,0.0011534227524,5.25
10,2,41,0.0011516821105,5.5
10,2,42,0.00115355965681,5.5
10,2,42,0.00115173473023,5.75
10,2,43,0.00115292542614,5.75
10,2,43,0.00115154543892,5.25
10,2,47,0.00115332193673,5.25
10,2,47,0.00115201296285,5.5
10,2,51,0.00115312763955,5.5
10,2,51,0.00115195452236,5.5
10,2,52,0.00115335837472,5.5
10,2,52,0.00115188385826,6.75
10,2,53,0.00115331541747,6.75
10,2,53,0.00115189189091,5.5
10,2,54,0.00115330843255,5.5
10,2,54,0.00115162413567,3.75
10,2,55,0.00115334382281,3.75
10,2,55,0.00115163554437,5.25
10,2,56,0.00115323648788,5.25
10,2,56,0.00115184811875,5.5
10,2,58,0.00115344580263,5.5
10,2,58,0.00115199678112,5.0
10,2,65,0.00115326826926,5.0
10,2,65,0.00115166627802,3.0
10,2,66,0.00115246209316,3.0
10,2,66,0.0011518234387,4.33333
10,2,67,0.00115329492837,4.33333
10,2,67,0.00115173414815,4.75
10,2,68,0.00115367560647,4.75
10,2,68,0.00115203903988,5.25
10,2,69,0.00115371821448,5.25
10,2,69,0.00115178199485,4.66667
10,2,70,0.0011534494115,4.66667
10,2,70,0.001151581062,4.0
10,2,71,0.00115320133045,4.0
10,2,71,0.001151682809,6.25
10,2,72,0.001153529156,6.25
10,2,72,0.00115146895405,5.5
10,2,73,0.00115332810674,5.5
10,2,73,0.0011516691884,4.75
10,2,74,0.00115341320634,4.75
10,2,74,0.00115163694136,4.5
10,2,75,0.00115328468382,4.5
10,2,75,0.00115157628898,4.5
10,2,76,0.00115354289301,4.5
10,2,76,0.00115159433335,3.5
10,2,77,0.00115339271724,3.5
10,2,77,0.00115162180737,5.25
10,2,78,0.00115330645349,5.25
10,2,78,0.00115166779142,5.5
10,2,79,0.00115335360169,5.5
10,2,79,0.00115154753439,4.5
10,2,80,0.00115324626677,4.5
10,2,80,0.00115154136438,5.25
10,2,81,0.00115385139361,5.25
10,2,81,0.00115163833834,5.25
10,2,82,0.0011533817742,5.25
10,2,82,0.00115174811799,4.25
10,2,83,0.00115365372039,4.25
10,2,83,0.00115155591629,4.0
10,2,84,0.00115385092795,4.0
10,2,84,0.00115157535765,5.25
10,2,85,0.00115333124995,5.25
10,2,85,0.00115148327313,4.5
10,2,86,0.00115332682617,4.5
10,2,86,0.00115149957128,5.5
10,2,87,0.00115343485959,5.5
10,2,87,0.00115153798833,5.5
10,2,88,0.00115365884267,5.5
10,2,88,0.00115182052832,4.0
10,2,89,0.00115303858183,4.0
10,2,89,0.00115205673501,4.25
10,2,90,0.001153558027,4.25
10,2,90,0.00115210248623,4.25
10,2,91,0.00115300179459,4.25
10,2,91,0.00115208397619,5.75
11,1,4,0.00179879739881,5.75
11,1,4,0.00179811904673,5.75
11,1,5,0.0017987145111,4.5
11,1,5,0.00179807981476,4.5
11,1,6,0.0017987084575,5.0
11,1,6,0.00179809005931,5.0
11,1,7,0.00179858878255,4.25
11,1,7,0.00179796398152,4.25
11,1,8,0.00179855979513,4.25
11,1,8,0.00179797760211,4.25
11,1,9,0.00179846351966,4.0
11,1,9,0.00179805769585,4.0
11,1,10,0.00179871474393,4.66667
11,1,10,0.00179826281965,4.66667
11,1,11,0.00179853592999,4.5
11,1,11,0.00179807888344,4.5
11,1,12,0.00179860554636,5.5
11,1,12,0.00179808982648,5.5
11,1,13,0.00179869355634,5.25
11,1,13,0.00179812661372,5.25
11,1,14,0.00179846840911,4.25
11,1,14,0.00179818784818,4.25
11,1,15,0.00179811916314,3.5
11,1,15,0.00179816503078,3.5
11,1,19,0.00179823534563,6.25
11,1,19,0.00179842137732,6.25
11,1,20,0.00179814104922,5.5
11,1,20,0.00179831113201,5.5
11,1,21,0.00179817480966,4.25
11,1,21,0.00179824884981,4.25
11,1,22,0.00179812044371,6.25
11,1,22,0.00179838156328,6.25
11,1,23,0.00179816666059,5.75
11,1,23,0.00179831113201,5.75
11,1,24,0.0017980595585,3.25
11,1,24,0.00179836282041,3.25
11,1,25,0.00179826538078,5.0
11,1,25,0.00179841171484,5.0
11,1,26,0.001798145473,4.0
11,1,26,0.00179835595191,4.0
11,1,27,0.00179810030386,4.5
11,1,27,0.00179835653398,4.5
11,1,28,0.00179804931395,4.5
11,1,28,0.00179826992098,4.5
11,1,29,0.00179805257358,5.5
11,1,29,0.00179829937406,5.5
11,1,30,0.00179810775444,4.25
11,1,30,0.00179829960689,4.25
11,1,31,0.00179814803414,5.5
11,1,31,0.00179817643948,5.5
11,1,32,0.00179796712473,4.25
11,1,32,0.00179828633554,4.25
11,1,33,0.00179823290091,5.0
11,1,33,0.00179835618474,5.0
11,1,34,0.00179820484482,4.5
11,1,34,0.001798189478,4.5
11,1,35,0.00179813755676,4.5
11,1,35,0.00179817620665,4.5
11,1,36,0.00179809494875,5.0
11,1,36,0.00179814139847,5.0
11,1,37,0.00179819250479,3.75
11,1,37,0.00179831986316,3.75
11,1,38,0.00179810996633,4.5
11,1,38,0.00179827678949,4.5
11,1,39,0.0017984759761,5.0
11,1,39,0.00179821322672,5.0
11,1,48,0.00179838459007,2.25
11,1,48,0.00179784186184,2.25
11,1,50,0.00179848098196,3.0
11,1,50,0.00179790193215,3.0
11,1,51,0.00179835781455,4.75
11,1,51,0.00179807236418,4.75
11,1,57,0.00179770414252,2.5
11,1,57,0.00179788307287,2.5
11,1,62,0.00179812917486,5.0
11,1,62,0.00179806386586,5.0
11,1,63,0.00179821054917,6.25
11,1,63,0.00179817003664,6.25
11,1,64,0.00179819308687,5.0
11,1,64,0.00179812463466,5.0
11,1,66,0.00179815222509,3.25
11,1,66,0.00179817294702,3.25
11,1,68,0.00179821881466,4.25
11,1,68,0.00179813359864,4.25
11,1,69,0.00179814139847,4.0
11,1,69,0.00179797876626,4.0
11,1,70,0.00179814128205,5.0
11,1,70,0.00179810333066,5.0
11,1,73,0.00179825141095,5.25
11,1,73,0.00179792486597,5.25
11,1,75,0.00179816689342,3.5
11,1,75,0.00179781694897,3.5
11,1,76,0.00179815047886,4.0
11,1,76,0.00179806456435,4.0
11,1,77,0.00179821345955,6.0
11,1,77,0.00179814686999,6.0
11,1,78,0.00179803872015,5.0
11,1,78,0.00179808354005,5.0
11,1,79,0.00179816235323,4.5
11,1,79,0.00179803371429,4.5
11,1,80,0.0017980968114,6.0
11,1,80,0.00179797725286,6.0
11,1,81,0.00179803464562,4.5
11,1,81,0.00179818063043,4.5
11,1,82,0.00179809867404,4.5
11,1,82,0.00179798423778,4.5
11,1,83,0.0017980565317,3.5
11,1,83,0.00179789343383,3.5
11,1,84,0.00179807306267,3.5
11,1,84,0.00179784419015,3.5
11,1,87,0.00179825886153,2.75
11,1,87,0.00179819692858,2.75
11,1,88,0.00179805932567,3.75
11,1,88,0.00179810100235,3.75
11,1,90,0.00179815955926,4.25
11,1,90,0.00179814989679,4.25
11,1,91,0.00179796398152,5.5
11,1,91,0.00179800880142,5.5
11,1,93,0.00179790810216,4.25
11,1,93,0.00179801008198,4.25
11,1,94,0.00179804535583,5.75
11,1,94,0.00179808563553,5.75
11,1,95,0.00179800041951,4.25
11,1,95,0.00179803441279,4.25
11,1,96,0.00179822696373,4.75
11,1,96,0.00179784931242,4.75
11,1,97,0.00179808936082,3.75
11,1,97,0.00179789634421,3.75
11,1,98,0.00179818714969,4.5
11,1,98,0.00179794360884,4.5
11,1,99,0.00179827900138,6.25
11,1,99,0.00179787841626,5.0
11,2,3,0.00179818901233,5.0
11,2,3,0.00179801159538,4.0
11,2,4,0.00179803627543,4.0
11,2,4,0.00179812032729,2.25
11,2,5,0.00179807678796,2.25
11,2,5,0.00179810088594,5.5
11,2,6,0.00179810961708,5.5
11,2,6,0.00179784698412,0.75
11,2,7,0.00179809879046,0.75
11,2,7,0.00179782439955,5.0
11,2,8,0.00179807818495,5.0
11,2,8,0.0017979729455,3.5
11,2,9,0.00179805490188,3.5
11,2,9,0.00179804698564,4.75
11,2,10,0.00179809879046,4.75
11,2,10,0.00179829017725,2.25
11,2,12,0.00179820042104,2.25
11,2,12,0.00179794128053,3.75
11,2,17,0.00179828540422,3.75
11,2,17,0.00179793080315,4.0
11,2,18,0.00179810379632,4.0
11,2,18,0.00179797341116,5.25
11,2,19,0.00179831217974,5.25
11,2,19,0.00179806165397,4.75
11,2,20,0.00179812172428,4.75
11,2,20,0.0017979494296,6.25
11,2,21,0.00179823767394,6.25
11,2,21,0.00179812463466,3.75
11,2,22,0.0017982426798,3.75
11,2,22,0.00179801462218,5.75
11,2,23,0.00179818482138,5.75
11,2,23,0.00179809168912,5.0
11,2,24,0.0017982874997,5.0
11,2,24,0.00179810146801,5.0
11,2,25,0.00179814279545,5.0
11,2,25,0.00179799227044,3.5
11,2,26,0.00179821136408,3.5
11,2,26,0.00179813639261,5.5
11,2,27,0.00179822382051,5.5
11,2,27,0.00179799401667,4.5
11,2,28,0.0017982237041,4.5
11,2,28,0.00179796013981,4.75
11,2,29,0.00179816165473,4.75
11,2,29,0.00179800519254,4.0
11,2,30,0.00179827515967,4.0
11,2,30,0.00179790216498,5.0
11,2,31,0.00179827096872,5.0
11,2,31,0.00179791543633,5.25
11,2,32,0.00179830682464,5.25
11,2,32,0.0017979121767,4.25
11,2,33,0.00179825909436,4.25
11,2,33,0.00179808272514,6.5
11,2,34,0.00179821741767,6.5
11,2,34,0.00179808074608,3.75
11,2,35,0.0017983376747,3.75
11,2,35,0.00179815676529,4.25
11,2,36,0.00179829355329,4.25
11,2,36,0.00179792277049,5.0
11,2,37,0.00179821474012,5.0
11,2,37,0.00179801788181,4.25
11,2,38,0.00179832056165,4.25
11,2,38,0.0017981659621,4.5
11,2,39,0.00179826084059,4.5
11,2,39,0.00179806142114,4.25
11,2,40,0.00179828586988,4.25
11,2,40,0.00179830763955,4.75
11,2,41,0.00179817911703,4.75
11,2,41,0.00179789331742,4.75
11,2,42,0.00179809948895,4.75
11,2,42,0.00179816340096,5.25
11,2,43,0.00179821136408,5.25
11,2,43,0.00179824070074,5.5
11,2,44,0.00179822742939,5.5
11,2,44,0.00179807643872,4.25
11,2,45,0.00179826747626,4.25
11,2,45,0.00179818598554,4.25
11,2,46,0.00179811357521,4.25
11,2,46,0.00179821962956,4.0
11,2,47,0.00179807050154,4.0
11,2,47,0.00179806735832,6.5
11,2,48,0.00179803464562,6.5
11,2,48,0.00179827411193,2.75
11,2,49,0.00179812987335,2.75
11,2,49,0.0017981401179,4.25
11,2,50,0.00179826421663,4.25
11,2,50,0.00179809774272,4.5
11,2,51,0.0017981461715,4.5
11,2,51,0.00179823581129,5.0
11,2,52,0.00179824442603,5.0
11,2,52,0.00179814989679,4.5
11,2,53,0.00179848237894,4.5
11,2,53,0.00179814710282,3.75
11,2,54,0.00179824256338,3.75
11,2,54,0.00179826817475,4.5
11,2,55,0.00179832358845,4.5
11,2,55,0.00179806596134,4.75
11,2,56,0.00179835944436,4.75
11,2,56,0.00179838447366,2.5
11,2,60,0.00179823604412,2.5
11,2,60,0.00179823848885,3.25
11,2,61,0.00179823709186,3.25
11,2,61,0.00179804628715,1.75
11,2,62,0.00179814768489,1.75
11,2,62,0.00179803278297,2.75
11,2,63,0.00179809809197,2.75
11,2,63,0.00179801008198,4.25
11,2,64,0.00179820111953,4.25
11,2,64,0.00179800973274,2.5
11,2,65,0.0017982586287,2.5
11,2,65,0.00179792405106,1.75
11,2,66,0.0017982868012,1.75
11,2,66,0.00179781671613,4.75
11,2,67,0.00179818063043,4.75
11,2,67,0.00179795897566,4.0
11,2,68,0.00179829099216,4.0
11,2,68,0.00179809867404,3.25
11,2,69,0.00179807294626,3.25
11,2,69,0.00179812731221,4.25
11,2,72,0.0017982434947,4.25
11,2,72,0.00179801043123,4.25
11,2,73,0.00179815816227,4.25
11,2,73,0.00179816316813,4.25
11,2,74,0.00179806724191,4.25
11,2,74,0.00179813720752,2.5
11,2,75,0.00179806328379,2.5
11,2,75,0.00179820810445,5.5
11,2,76,0.001798087731,5.5
11,2,76,0.00179815804586,4.5
11,2,77,0.00179802929051,4.5
11,2,77,0.00179801078048,5.5
11,2,78,0.00179801427294,5.5
11,2,78,0.00179804791696,4.25
11,2,79,0.00179808400571,4.25
11,2,79,0.00179799192119,3.75
11,2,80,0.00179812102579,3.75
11,2,80,0.00179816503078,3.0
11,2,81,0.00179816363379,3.0
11,2,81,0.00179806677625,4.75
11,2,82,0.00179822300561,4.75
11,2,82,0.00179795594886,4.0
11,2,83,0.00179814524017,4.0
11,2,83,0.0017980565317,4.75
11,2,84,0.00179805979133,4.75
11,2,84,0.00179798528552,5.0
11,2,85,0.00179813220166,5.0
11,2,85,0.0017981256824,5.75
11,2,86,0.00179824023508,5.75
11,2,86,0.00179794477299,4.25
11,2,87,0.0017980823759,4.25
11,2,87,0.0017979668919,5.0
11,2,88,0.00179812917486,5.0
11,2,88,0.00179790169932,4.75
11,2,89,0.00179814826697,4.75
11,2,89,0.00179783755448,3.25
11,2,90,0.00179811415728,3.25
11,2,90,0.0017978628166,4.5
11,2,91,0.00179813895375,4.5
11,2,91,0.00179812894203,5.5
11,2,92,0.00179804838262,5.5
11,2,92,0.00179807678796,5.0
11,2,93,0.00179813359864,5.0
11,2,93,0.00179811869748,4.25
11,2,94,0.00179826712701,4.25
11,2,94,0.00179802626371,4.0
11,2,95,0.00179822556674,4.0
11,2,95,0.00179828633554,5.0
11,2,96,0.00179816130549,5.0
11,2,96,0.00179812288843,3.75
11,2,97,0.00179817667231,3.75
11,2,97,0.00179824302904,5.0
11,2,98,0.00179816572927,5.0
11,2,98,0.00179794523865,5.5
11,2,99,0.00179821834899,5.5
11,2,99,0.00179810088594,4.5
11,2,100,0.00179813220166,4.5
11,2,100,0.00179815955926,4.75
11,2,101,0.00179801299237,4.75
11,2,101,0.00179824628867,3.75
11,2,102,0.00179813452996,3.75
11,2,102,0.00179826351814,5.25
11,2,103,0.00179810682312,5.25
11,2,103,0.00179821671918,6.0
11,2,104,0.00179818330798,6.0
11,2,104,0.00179817073513,4.5
11,2,105,0.00179812801071,4.5
11,2,105,0.00179814780131,3.0
11,2,106,0.0017980862176,3.0
11,2,106,0.00179806596134,4.75
11,2,109,0.00179806770757,4.75
11,2,109,0.00179833779112,4.75
11,2,110,0.001797929639,4.75
11,2,110,0.00179810426198,4.5
12,1,2,0.00179348944221,6.5
12,1,2,0.00179327558726,6.5
12,1,3,0.00179336511064,6.0
12,1,3,0.00179336220026,6.0
12,1,5,0.00179349118844,6.0
12,1,5,0.00179327395745,6.0
12,1,6,0.00179330212995,5.0
12,1,6,0.0017933358904,5.0
12,1,7,0.00179329724051,6.25
12,1,7,0.00179336091969,6.25
12,1,8,0.00179346441291,5.25
12,1,8,0.00179326871876,5.25
12,1,9,0.00179343437776,4.75
12,1,9,0.00179325486533,4.75
12,1,10,0.00179322552867,5.25
12,1,10,0.00179328513332,5.25
12,1,11,0.0017931262264,5.0
12,1,11,0.00179331796244,5.0
12,1,12,0.00179329595994,5.75
12,1,12,0.00179333495907,5.75
12,1,69,0.00179333938286,3.75
12,1,69,0.00179356639273,4.0
12,2,4,0.00179335637949,4.0
12,2,4,0.00179364532232,5.25
12,2,5,0.00179349363316,5.25
12,2,5,0.00179367465898,5.0
12,2,11,0.00179328978993,5.0
12,2,11,0.00179370655678,5.25
16,2,5,0.000308716669679,4.0
16,2,5,0.000308802962536,4.0
16,2,6,0.000308683927869,4.5
16,2,6,0.000308870163281,4.5
16,2,7,0.000308745540679,5.0
16,2,7,0.00030887266621,5.0
16,2,8,0.000308655435219,3.25
16,2,8,0.000308809772832,3.25
16,2,9,0.000308693910483,3.5
16,2,9,0.000308815797325,3.5
16,2,10,0.00030870793853,5.5
16,2,10,0.000308862014208,5.5
16,2,11,0.00030868453905,4.5
16,2,11,0.000308926275466,4.5
16,2,12,0.000308760791086,5.5
16,2,12,0.000308840099024,5.5
16,2,13,0.000308776798192,4.5
16,2,13,0.000308816233883,4.5
16,2,14,0.0003087692603,4.0
16,2,14,0.000308804097585,4.0
16,2,15,0.000308740738546,4.25
16,2,15,0.000308721559122,4.25
16,2,21,0.000308893359033,3.75
16,2,21,0.000308991147904,3.75
16,2,22,0.000308818358462,1.75
16,2,22,0.000308993679937,1.75
16,2,23,0.000308800663333,2.5
16,2,23,0.000308933493216,2.5
16,2,24,0.000308859744109,3.5
16,2,24,0.000308764632791,3.5
16,2,25,0.000308783666696,3.0
16,2,25,0.000308721355395,3.0
16,2,26,0.000308665970806,3.25
16,2,26,0.000308858201606,3.25
16,2,27,0.00030875968514,4.25
16,2,27,0.000308808288537,4.25
16,2,28,0.000308837275952,3.25
16,2,28,0.000308811344439,3.25
16,2,29,0.000308826216497,2.0
16,2,29,0.000308882939862,2.0
16,2,30,0.000308766379021,3.0
16,2,30,0.000308704038616,3.0
16,2,31,0.000308821734507,2.0
16,2,31,0.000308849761495,2.0
16,2,32,0.000308872840833,2.75
16,2,32,0.000308858201606,2.75
16,2,33,0.000308780930936,1.5
16,2,33,0.000308876478812,1.5
16,2,34,0.000308787479298,2.25
16,2,34,0.000308904971462,2.25
16,2,35,0.000308878486976,2.5
16,2,35,0.000308740040055,2.5
16,2,36,0.000308861403028,3.75
16,2,36,0.00030875657103,3.75
16,2,37,0.000308796239551,4.5
16,2,37,0.000308840390062,4.5
16,2,38,0.000308855000185,4.0
16,2,38,0.000308855553158,4.0
16,2,39,0.000308800197672,2.25
16,2,39,0.000308842776576,2.25
16,2,40,0.000308779795887,2.0
16,2,40,0.000308756512823,2.0
16,2,41,0.000308776972815,1.75
16,2,41,0.000308732618578,1.75
16,2,42,0.000308757822495,2.5
16,2,42,0.000308819988277,2.5
16,2,43,0.000308910617605,2.25
16,2,43,0.000308822258376,2.25
16,2,44,0.000308697664877,2.75
16,2,44,0.000308778922772,2.75
16,2,45,0.000308760383632,3.0
16,2,45,0.000308786344249,3.0
16,2,46,0.000308835238684,2.5
16,2,46,0.000308880669763,2.5
16,2,47,0.000308803661028,1.75
16,2,47,0.000308879942168,1.75
16,2,48,0.000308874936309,3.25
16,2,48,0.000308763206704,3.25
16,2,49,0.000308831688017,2.75
16,2,49,0.00030860005063,2.75
16,2,50,0.000308833317831,2.25
16,2,50,0.000308820424834,2.25
16,2,51,0.000308833696181,3.5
16,2,51,0.000308865186526,3.5
16,2,52,0.000308770802803,2.25
16,2,52,0.000308820686769,2.25
16,2,53,0.000308869668515,4.0
16,2,53,0.000308946910081,4.0
16,2,54,0.000308757124003,1.25
16,2,54,0.000308762828354,1.25
16,2,55,0.000308840913931,4.0
16,2,55,0.00030874213553,4.0
16,2,56,0.00030890761991,4.75
16,2,56,0.000308882707031,4.75
16,2,57,0.000308917078655,3.0
16,2,57,0.000308922841214,3.0
16,2,58,0.000308837741613,2.25
16,2,58,0.000308804475935,2.25
16,2,60,0.00030877313111,3.0
16,2,60,0.000308794609737,3.0
16,2,61,0.000308728689561,2.5
16,2,61,0.000308724469505,2.5
16,2,65,0.000308810500428,5.0
16,2,65,0.000308785558445,5.0
16,2,66,0.000308788323309,5.75
16,2,66,0.00030886469176,5.75
16,2,67,0.000308901420794,3.5
16,2,67,0.000308721966576,3.5
16,2,68,0.000308827788103,1.25
16,2,68,0.000308823306113,1.25
16,2,69,0.000308728223899,1.75
16,2,69,0.000308824441163,1.75
16,2,70,0.000308810849674,1.75
16,2,70,0.000308812217554,1.75
16,2,71,0.000308895017952,4.0
16,2,71,0.000308791699354,4.0
16,2,72,0.000308835646138,2.25
16,2,72,0.00030879752012,2.25
16,2,73,0.0003088194062,4.0
16,2,73,0.000308797694743,4.0
16,2,76,0.000308811460854,3.0
16,2,76,0.000308844289975,3.0
16,2,77,0.00030885785236,5.5
16,2,77,0.000308720278554,5.5
16,2,78,0.000308887596475,4.25
16,2,78,0.000308993767248,4.25
16,2,79,0.000308846181724,5.0
16,2,79,0.000308941700496,5.0
16,2,80,0.000308805960231,4.0
16,2,80,0.000308994640363,4.0
16,2,81,0.000308857648633,2.5
16,2,81,0.000308727205265,2.5
16,2,82,0.000308769464027,2.25
16,2,82,0.00030899347621,2.25
16,2,83,0.00030876044184,4.5
16,2,83,0.000308922579279,4.5
16,2,84,0.000308784539811,3.75
16,2,84,0.000308873015456,3.75
16,2,85,0.000308829621645,3.5
16,2,85,0.000309003720758,3.5
16,2,86,0.000308739079628,4.5
16,2,86,0.000308960705297,4.5
16,2,87,0.000308812275762,3.5
16,2,87,0.000308902119286,3.5
16,2,88,0.000308854097966,3.75
16,2,88,0.000308926857542,3.75
16,2,89,0.000308863905957,1.75
16,2,89,0.000308967515593,1.75
16,2,90,0.000308698072331,1.75
16,2,90,0.000308672810206,1.75
16,2,91,0.000308690272504,3.25
16,2,91,0.000308942515403,3.25
16,2,92,0.000308741204208,2.5
16,2,92,0.000308961374685,2.5
16,2,93,0.000308754650177,4.0
16,2,93,0.000308954273351,4.0
16,2,94,0.000308685033815,4.0
16,2,94,0.000308990594931,4.0
16,2,95,0.000308827788103,3.5
16,2,95,0.000308804621454,3.5
16,2,96,0.000308809540002,3.5
16,2,96,0.000309012946673,3.5
16,2,97,0.000308862305246,2.75
16,2,97,0.0003090268292,2.75
16,2,98,0.000308863061946,4.5
16,2,98,0.000308908056468,4.5
16,2,99,0.000308612419758,3.25
16,2,99,0.00030885025626,3.25
16,2,100,0.000308859278448,3.25
16,2,100,0.000308753398713,3.25
16,2,101,0.000308883900288,5.0
16,2,101,0.000308902555844,5.0
16,2,102,0.000308861781377,1.75
16,2,102,0.000308944261633,1.75
16,2,103,0.000308808288537,3.25
16,2,103,0.000308927468723,3.25
16,2,104,0.000308845657855,1.75
16,2,104,0.000308867747663,1.75
16,2,105,0.000308780145133,3.75
16,2,105,0.000308801099891,3.75
16,2,106,0.000308802118525,2.75
16,2,106,0.000308894144837,2.75
16,2,107,0.000308813963784,3.25
16,2,107,0.000308813119773,3.25
16,2,108,0.000308682559989,2.75
16,2,108,0.000308966875309,2.75
16,2,109,0.000308932154439,4.5
16,2,109,0.000308989634505,4.5
16,2,110,0.000308937276714,2.25
16,2,110,0.000308736460283,2.25
16,2,111,0.000308802875225,3.5
16,2,111,0.000308901595417,3.5
16,2,112,0.000308826856781,1.5
16,2,112,0.000309016264509,1.5
16,2,113,0.00030886643799,2.5
16,2,113,0.000308994756779,2.5
16,2,114,0.000308861199301,3.5
16,2,114,0.000308853166644,3.5
16,2,115,0.000308930844767,2.75
16,2,115,0.000308779737679,2.75
16,2,116,0.000308793154545,4.0
17,1,4,-0.000742572476156,2.75
17,1,4,-0.000742701115087,2.75
17,1,5,-0.00074257288361,2.75
17,1,5,-0.000742607808206,2.75
17,1,6,-0.000742516946048,2.75
17,1,6,-0.000742601521779,2.75
17,1,7,-0.000742538948543,2.75
17,1,7,-0.000742615084164,2.75
17,1,8,-0.000742561009247,2.75
17,1,8,-0.000742536911275,2.75
17,1,9,-0.000742477132007,1.5
17,1,9,-0.00074257934466,1.5
17,1,10,-0.000742420263123,1.5
17,1,10,-0.000742589356378,1.5
17,1,12,-0.000742522941437,2.25
17,1,12,-0.000742579228245,2.25
17,1,17,-0.000742508273106,3.0
17,1,17,-0.000742786680348,3.0
17,1,18,-0.000742547912523,2.75
17,1,18,-0.000742678064853,2.75
17,1,19,-0.000742472300772,4.0
17,1,19,-0.000742665433791,4.0
17,1,20,-0.000742516655009,3.5
17,1,20,-0.000742746284232,3.5
17,1,21,-0.000742474105209,2.5
17,1,21,-0.00074270949699,2.5
17,1,22,-0.00074247334851,3.0
17,1,22,-0.000742665142752,3.0
17,1,23,-0.00074254500214,2.5
17,1,23,-0.000742664909922,2.5
17,1,24,-0.000742517702747,3.25
17,1,24,-0.000742774805985,3.25
17,1,25,-0.000742521253414,3.75
17,1,25,-0.000742714386433,3.75
17,1,26,-0.000742536853068,3.0
17,1,26,-0.000742604664993,3.0
17,1,27,-0.000742562464438,4.5
17,1,27,-0.000742619682569,4.5
17,1,29,-0.000742455536965,4.0
17,1,29,-0.000742702046409,4.0
17,1,30,-0.000742468808312,5.25
17,1,30,-0.000742618925869,5.25
17,1,31,-0.000742397212889,4.0
17,1,31,-0.000742687610909,4.0
17,1,32,-0.000742490054108,4.5
17,1,32,-0.000742586911656,4.5
17,1,33,-0.000742444419302,3.75
17,1,33,-0.000742650474422,3.75
17,1,34,-0.000742458389141,3.25
17,1,34,-0.000742731790524,3.25
17,1,35,-0.000742496747989,2.5
17,1,35,-0.000742723466828,2.5
17,1,36,-0.000742501113564,2.75
17,1,36,-0.000742701406125,2.75
17,1,37,-0.000742573582102,2.5
17,1,37,-0.000742591568269,2.5
17,1,38,-0.000742543197703,2.25
17,1,38,-0.000742681790143,2.25
17,1,39,-0.000742505537346,4.5
17,1,39,-0.000742729287595,4.5
17,1,40,-0.000742536212783,3.0
17,1,40,-0.000742694013752,3.0
17,1,41,-0.000742524047382,3.25
17,1,41,-0.000742715317756,3.25
17,1,42,-0.000742502685171,3.75
17,1,42,-0.000742755830288,3.75
17,1,43,-0.000742489704862,4.25
17,1,43,-0.000742605421692,4.25
17,1,44,-0.000742508796975,3.5
17,1,44,-0.00074274931103,3.5
17,1,45,-0.000742544594686,3.0
17,1,45,-0.00074268609751,3.0
17,1,46,-0.000742522068322,4.0
17,1,46,-0.00074270775076,4.0
17,1,51,-0.000742528936826,3.0
17,1,51,-0.000742719857953,3.0
17,1,52,-0.000742488307878,2.75
17,1,52,-0.000742723233998,2.75
17,1,53,-0.000742564210668,2.75
17,1,53,-0.000742682022974,2.75
17,1,54,-0.000742492848076,3.25
17,1,54,-0.000742710428312,3.25
17,1,55,-0.000742467760574,2.5
17,1,55,-0.00074282172136,2.5
17,1,56,-0.000742526724935,3.25
17,1,56,-0.000742701464333,3.25
17,1,59,-0.000742623698898,2.5
17,1,59,-0.000742686330341,2.5
17,1,60,-0.000742566073313,3.0
17,1,60,-0.000742559612263,3.0
17,1,61,-0.000742456759326,2.25
17,1,61,-0.000742569682188,2.25
17,1,62,-0.000742553500459,1.75
17,1,62,-0.0007425758522,1.75
17,1,63,-0.000742557924241,1.75
17,1,63,-0.000742592383176,1.75
17,1,64,-0.000742476200685,1.0
17,1,64,-0.000742542208172,1.0
17,1,65,-0.000742532720324,1.25
17,1,65,-0.000742577423807,1.25
17,1,67,-0.000742622825783,3.0
17,1,67,-0.000742586445995,3.0
17,1,68,-0.000742617528886,3.75
17,1,68,-0.000742591684684,3.75
17,1,69,-0.000742525211535,2.5
17,1,69,-0.000742560368963,2.5
17,1,72,-0.000742572941817,5.25
17,1,72,-0.00074262637645,5.25
17,1,73,-0.000742515665479,4.25
17,1,73,-0.000742584757973,4.25
17,1,74,-0.000742499134503,3.25
17,1,74,-0.000742519274354,3.25
17,1,75,-0.000742482487112,1.75
17,1,75,-0.000742564094253,1.75
17,1,76,-0.000742473290302,4.5
17,1,76,-0.000742653966881,4.5
17,1,77,-0.000742435804568,3.5
17,1,77,-0.00074254500214,3.5
17,1,78,-0.00074242183473,4.25
17,1,78,-0.000742548960261,4.25
17,1,79,-0.000742447096854,3.25
17,1,79,-0.000742622418329,3.25
17,1,80,-0.000742462871131,4.25
17,1,80,-0.000742653559428,4.25
17,1,81,-0.000742440344766,4.5
17,1,81,-0.000742701464333,4.5
17,1,82,-0.000742493662983,5.0
17,1,82,-0.000742665957659,5.0
17,1,83,-0.000742475967854,3.5
17,1,83,-0.000742630334571,3.5
17,1,84,-0.000742469506804,4.25
17,1,84,-0.000742627540603,4.25
17,1,85,-0.00074248330202,4.75
17,1,85,-0.000742542149965,4.75
17,1,86,-0.000742474454455,4.0
17,1,86,-0.000742614385672,4.0
17,1,87,-0.000742469797842,2.5
17,1,87,-0.000742617761716,2.5
17,1,88,-0.000742482428905,4.25
17,1,88,-0.000742690986954,4.25
17,1,89,-0.000742459786125,3.25
17,1,89,-0.000742620555684,3.25
17,1,90,-0.000742495409213,5.5
17,1,90,-0.000742497155443,5.5
17,1,91,-0.000742455245927,3.5
17,1,91,-0.000742629636079,3.5
17,1,92,-0.000742505129892,5.25
17,1,92,-0.000742625677958,5.25
17,1,93,-0.000742435338907,3.5
17,1,93,-0.000742725504097,3.5
17,1,94,-0.000742503674701,3.5
17,1,94,-0.000742605887353,3.5
17,1,95,-0.000742467760574,5.25
17,1,95,-0.000742642325349,5.25
17,1,96,-0.000742436153814,1.5
17,1,96,-0.000742671778426,1.5
17,1,97,-0.00074243178824,2.5
17,1,97,-0.000742616131902,2.5
17,1,98,-0.000742508622352,3.5
17,1,98,-0.000742686796002,3.5
17,1,99,-0.00074242654955,3.5
17,1,99,-0.000742597389035,3.5
17,1,100,-0.000742493197322,2.75
17,1,100,-0.000742640695535,2.75
17,1,101,-0.000742430100217,3.0
17,1,101,-0.000742642674595,3.0
17,1,102,-0.000742530799471,3.75
17,1,102,-0.000742765318137,3.75
17,1,104,-0.000742453034036,3.25
17,1,104,-0.00074249971658,3.25
17,1,105,-0.000742436968721,3.75
17,1,105,-0.00074266968295,3.75
17,1,106,-0.000742450007237,2.75
17,1,106,-0.000742659147363,2.75
17,1,107,-0.000742452102713,3.25
17,1,107,-0.000742621778045,3.25
17,1,108,-0.000742462230846,2.5
17,1,108,-0.000742520089261,2.5
17,1,109,-0.00074238027446,2.5
18,1,2,-0.000526391144376,4.25
18,1,2,-0.00052680564113,4.25
18,1,3,-0.000526419084053,2.25
18,1,3,-0.000527032651007,2.25
18,1,4,-0.000526463612914,3.0
18,1,4,-0.000527313619386,3.0
18,1,5,-0.000526294053998,1.5
18,1,5,-0.00052745785797,1.5
18,1,6,-0.000526244461071,3.5
18,1,6,-0.000527413969394,3.5
18,1,7,-0.000526454474311,2.5
18,1,7,-0.000527254713234,2.5
18,1,8,-0.000526537653059,2.25
18,1,8,-0.000527632597368,2.25
18,1,9,-0.000526239862666,2.0
18,1,9,-0.00052749842871,2.0
18,1,10,-0.000526309944689,1.75
18,1,10,-0.00052739813691,1.75
18,1,11,-0.000526434159838,5.75
18,1,11,-0.000527275726199,5.75
18,1,12,-0.000526265590452,6.0
18,1,12,-0.000527182244696,6.0
18,1,16,-0.000527518102899,2.33333
18,1,16,-0.00052650202997,2.33333
18,1,17,-0.000527005991898,3.0
18,1,17,-0.000526435440406,3.0
18,1,18,-0.000526731950231,2.75
18,1,18,-0.000526645919308,2.75
18,1,19,-0.000526662101038,2.75
18,1,19,-0.000526821822859,2.75
18,1,20,-0.000526592950337,2.75
18,1,20,-0.000526523916051,2.75
18,1,21,-0.000526553369127,2.5
18,1,21,-0.00052658864297,2.5
18,1,28,-0.00052644306561,3.25
18,1,28,-0.000526629621163,3.25
18,1,29,-0.000526307849213,3.75
18,1,29,-0.000526590039954,3.75
18,1,30,-0.000526499934494,2.75
18,1,30,-0.00052664289251,2.75
18,1,31,-0.000527113908902,3.75
18,1,31,-0.000526623683982,3.75
18,1,32,-0.000526559306309,1.25
18,1,32,-0.000526693183929,1.25
18,1,33,-0.000526544055901,1.0
18,1,33,-0.000526673276909,1.0
18,1,34,-0.000526539166458,2.25
18,1,34,-0.000526866759174,2.25
18,1,35,-0.00052631390281,2.25
18,1,35,-0.00052690692246,2.25
18,1,36,-0.00052653538296,2.25
18,1,36,-0.000526622112375,2.25
18,1,37,-0.0005262895138,2.75
18,1,37,-0.000526783172973,2.75
18,1,38,-0.000527016178239,3.5
18,1,38,-0.000526651798282,3.5
18,1,39,-0.000526532530785,4.0
18,1,39,-0.00052698305808,4.0
18,1,40,-0.000526453193743,4.0
18,1,40,-0.000526670890395,4.0
18,1,41,-0.000526551972143,4.0
18,1,41,-0.000527039286681,4.0
18,1,42,-0.00052686361596,2.5
18,1,42,-0.000527195981704,2.5
18,1,43,-0.000527090451214,4.25
18,1,43,-0.000526909425389,4.25
18,1,44,-0.000526988762431,2.5
18,1,44,-0.000526922696736,2.5
18,1,45,-0.000526850228198,4.75
18,1,45,-0.000527139636688,4.75
18,1,46,-0.000526689691469,2.25
18,1,46,-0.000526937423274,2.25
18,1,47,-0.000526780844666,1.75
18,1,47,-0.000526907271706,1.75
18,1,48,-0.000526861636899,1.75
18,1,48,-0.000526920077391,1.75
18,1,49,-0.000526765768882,1.5
18,1,49,-0.000526563788299,1.5
18,1,50,-0.000526829913724,2.25
18,1,50,-0.000526571937371,2.25
18,1,51,-0.00052676955238,1.25
18,1,51,-0.000526917283423,1.25
18,1,53,-0.000526666000951,3.25
18,1,53,-0.00052678148495,3.25
18,1,54,-0.000526288873516,1.25
18,1,54,-0.000527188240085,1.25
18,1,55,-0.000526271993294,1.75
18,1,55,-0.000526810472365,1.75
18,1,56,-0.000526045332663,3.25
18,1,56,-0.000526781892404,3.25
18,1,59,-0.00052674865583,1.66667
18,1,59,-0.000527255935594,1.66667
18,1,60,-0.000526365649421,1.0
18,1,60,-0.000527409138158,1.0
18,1,61,-0.000526343414094,3.25
18,1,61,-0.000527654367033,3.25
18,1,62,-0.000526523741428,1.5
18,1,62,-0.000527442200109,1.5
18,1,64,-0.000526731659193,2.25
18,1,64,-0.000527515891008,2.25
18,1,65,-0.000526727701072,1.0
18,1,65,-0.000527706346475,1.0
18,1,66,-0.000527015770786,1.75
18,1,66,-0.000527868978679,1.75
18,1,67,-0.000526787887793,1.0
18,1,67,-0.000527698954102,1.0
18,1,68,-0.000526574614923,2.5
18,1,68,-0.000527703552507,2.5
18,1,74,-0.000526805291884,1.5
18,1,74,-0.0005268464447,1.5
18,1,75,-0.000526588119101,1.0
18,1,75,-0.00052685814444,1.0
18,1,76,-0.000526410643943,2.0
18,1,76,-0.00052668468561,2.0
18,1,77,-0.000526369956788,1.0
18,1,77,-0.000526913441718,1.0
18,1,78,-0.000526156800333,2.0
18,1,78,-0.000527048541699,2.0
18,1,79,-0.000526949239429,2.25
18,1,79,-0.00052721198881,2.25
18,1,80,-0.00052699376829,3.5
18,1,80,-0.000526979099959,3.5
18,1,81,-0.000526896328665,3.75
18,1,81,-0.000527095398866,3.75
18,1,82,-0.000526929215994,3.25
18,1,82,-0.000527605996467,3.25
18,1,84,-0.000526220363099,4.5
18,1,84,-0.00052661029622,4.5
18,1,85,-0.000526777526829,4.0
18,1,85,-0.000527127762325,4.0
18,1,90,-0.000526543764863,2.5
18,1,90,-0.000527193886228,2.5
18,1,91,-0.000526637886651,2.5
18,1,91,-0.000527171592694,2.5
18,1,92,-0.000526856223587,2.25
18,1,92,-0.000526728108525,2.25
18,1,93,-0.000526692951098,2.0
18,1,93,-0.000527017924469,2.0
18,1,94,-0.0005266466178,2.5
18,1,94,-0.00052688253345,2.5
18,1,95,-0.00052702834364,4.25
18,1,95,-0.000526890915353,4.25
18,1,96,-0.000526687654201,2.5
18,1,96,-0.00052737822989,2.5
18,1,97,-0.0005268889945,3.25
18,1,97,-0.00052718463121,3.25
18,1,98,-0.000526385789271,2.25
18,1,98,-0.000527395051904,2.25
18,1,99,-0.000526186544448,2.5
18,1,99,-0.000527631840669,2.5
18,1,100,-0.000526766700204,3.75
18,1,100,-0.000526745687239,3.75
18,1,101,-0.00052685540868,2.25
18,1,101,-0.000526991381776,2.25
18,1,102,-0.000526717107277,2.25
18,1,102,-0.000527254596818,2.25
18,1,103,-0.000526739517227,2.0
18,1,103,-0.000527289113961,2.0
18,1,104,-0.000526668794919,3.25
18,1,104,-0.000527231488377,3.25
18,1,105,-0.000526567746419,1.75
18,1,105,-0.000527150696144,1.75
18,1,109,-0.000527016876731,3.0
18,1,109,-0.000527134281583,3.0
18,1,111,-0.00052667449927,2.75
18,1,111,-0.000526754534803,2.75
18,1,112,-0.000526917516254,1.25
