3,1,1,3.11028599739,3.875
3,1,1,3.78009033203,3.875
3,1,2,3.09390926361,4.5
3,1,2,2.61507678032,4.5
3,1,3,2.39330148697,3.0
3,1,3,2.98044872284,3.0
3,1,4,2.58594036102,3.25
3,1,4,3.25938916206,3.25
3,1,5,2.57377409935,6.0
3,1,5,3.35812139511,6.0
3,1,6,2.68976306915,4.5
3,1,6,3.20448207855,4.5
3,1,7,2.69287180901,4.75
3,1,7,3.13716769218,4.75
3,1,8,2.35685610771,3.5
3,1,8,3.52727985382,3.5
3,1,10,2.33021068573,2.875
3,1,10,3.43881487846,2.875
3,1,14,2.65145301819,3.75
3,1,14,3.86955833435,3.75
3,1,15,2.5109307766,5.0
3,1,15,3.58973860741,5.0
3,1,16,2.52403211594,4.75
3,1,16,3.42071604729,4.75
3,1,17,2.7395401001,5.0
3,1,17,3.45199131966,5.0
3,1,18,2.70448040962,3.75
3,1,18,3.27048397064,3.75
3,1,20,2.37729692459,2.5
3,1,20,3.0776488781,2.5
3,1,21,2.65821790695,4.5
3,1,21,3.39719986916,4.5
3,1,22,2.53252220154,4.83333
3,1,22,3.26918411255,4.83333
3,1,24,2.86782193184,4.5
3,1,24,2.98648762703,4.5
3,1,25,2.55577468872,5.5
3,1,25,3.51242828369,5.5
3,1,26,2.99509835243,4.0
3,1,26,3.57984566689,4.0
3,1,27,2.49308156967,5.25
3,1,27,3.23611927032,5.25
3,1,28,2.95317816734,4.75
3,1,28,3.22861242294,4.75
3,1,29,2.50397276878,1.25
3,1,29,3.35060834885,1.25
3,1,30,2.91052770615,4.5
3,1,30,3.14011120796,4.5
3,1,33,2.49780106544,3.0
3,1,33,3.36263370514,3.0
3,1,34,2.69475460052,4.125
3,1,34,3.06660318375,4.125
3,1,35,2.28935456276,4.375
3,1,35,3.27061891556,4.375
3,1,40,2.45193147659,5.0
3,1,40,3.03619217873,5.0
3,1,43,2.62530851364,4.0
3,1,43,2.96170783043,4.0
3,1,44,2.6393892765,3.0
3,1,44,4.64177179337,3.0
3,1,45,2.27136278152,4.25
3,1,45,3.4089140892,4.25
3,1,46,2.72822952271,5.0
3,1,46,3.296022892,5.0
3,1,47,2.59778809547,4.25
3,1,47,3.51338100433,4.25
3,1,48,2.7143702507,2.5
3,1,48,3.23395442963,2.5
3,1,49,2.53369235992,5.0
3,1,49,3.51332950592,5.0
3,1,50,2.57510471344,4.66667
3,1,50,2.99674892426,4.66667
3,1,51,2.55484890938,4.5
3,1,51,3.39635634422,4.5
3,1,52,2.3605902195,3.5
3,1,52,3.17816853523,3.5
3,1,55,2.28394198418,3.25
3,1,55,3.15618491173,3.25
3,1,56,2.49333572388,4.0
3,1,56,3.3142645359,4.0
3,1,57,2.28403663635,4.875
3,1,57,3.24838280678,4.875
3,1,58,2.90548706055,4.5
3,1,58,3.81769919395,4.5
3,1,59,2.89672040939,5.5
3,1,59,4.49243545532,5.5
3,1,60,2.25059509277,5.5
3,1,60,3.83802103996,5.5
3,1,61,2.58239912987,5.5
3,1,61,3.84019088745,5.5
3,1,62,2.57102179527,4.375
3,1,62,3.79987931252,4.375
3,1,63,3.13949966431,4.75
3,1,63,3.51965713501,4.75
3,1,64,2.53523206711,5.75
3,1,64,3.72763514519,5.75
3,1,65,2.87326049805,6.25
3,1,65,3.66524767876,6.25
3,1,66,2.84565210342,3.0
3,1,66,2.95206141472,3.0
3,1,70,2.55441498756,2.75
3,1,70,3.6730556488,2.75
3,1,71,2.50195455551,2.0
3,1,71,3.56381821632,2.0
3,1,73,2.03832268715,3.0
3,1,73,3.31673979759,3.0
3,1,74,3.15901851654,4.0
3,1,74,3.31275868416,4.0
3,1,75,2.70714211464,4.0
3,1,75,2.56907868385,4.0
3,1,78,2.448346138,5.25
3,1,78,3.28000068665,5.25
3,1,79,2.77650642395,5.25
3,1,79,3.5454955101,5.25
3,1,80,2.44598770142,2.75
3,1,80,3.43411517143,2.75
3,1,81,2.58464026451,2.75
3,1,81,2.826130867,2.75
3,1,82,2.43572545052,3.0
3,1,82,3.32869529724,3.0
3,1,83,2.38443136215,4.5
3,1,83,3.55575561523,4.5
3,1,84,2.59336996078,3.75
3,1,84,3.39411067963,3.75
3,1,85,2.59457874298,2.0
3,1,85,3.07684373856,2.0
3,1,86,2.37212133408,4.25
3,1,86,3.31671571732,4.25
3,1,87,2.63018941879,4.25
3,1,87,3.40395212173,4.25
3,1,88,2.48974442482,4.0
3,1,88,3.51049542427,4.0
3,1,89,3.4189016819,4.25
3,1,89,3.2487642765,4.25
3,1,90,2.34767341614,3.75
3,1,90,2.88620185852,3.75
3,1,91,2.76265263557,4.0
3,1,91,2.9326171875,4.0
3,1,92,2.60672354698,3.5
3,1,92,3.17742204666,3.5
3,1,93,2.98163723946,3.25
3,1,93,3.36702656746,3.25
3,1,94,2.43607258797,3.25
3,1,94,3.13650465012,3.25
3,1,95,2.49244499207,3.75
3,1,95,3.03513240814,3.75
3,1,96,2.51362013817,3.875
3,1,96,2.9180996418,3.875
3,1,97,2.23644804955,1.25
3,1,97,2.84277296066,1.25
3,1,98,2.44518113136,1.75
3,1,98,3.31035757065,1.75
3,1,99,2.31685948372,1.5
3,1,99,2.818359375,1.5
3,1,100,2.48389410973,2.375
3,1,100,2.82831740379,2.375
3,1,101,2.70787191391,4.375
3,1,101,3.21353840828,4.375
3,1,102,2.44818139076,5.25
3,1,102,2.6807050705,5.25
3,1,103,2.4991414547,1.5
3,1,103,3.8198697567,1.5
3,1,104,2.5138926506,3.5
3,1,104,3.18706536293,3.5
3,1,105,2.56776690483,1.25
3,1,105,3.1465485096,1.25
3,1,106,2.5230615139,2.75
3,1,106,3.14397025108,1.875
3,2,2,3.21529078484,1.875
3,2,2,3.69852852821,3.25
3,2,5,3.39808726311,3.25
3,2,5,3.57798576355,5.25
3,2,6,3.56059980392,5.25
3,2,6,3.39908409119,6.0
3,2,7,3.57704043388,6.0
3,2,7,3.6070125103,6.0
3,2,8,3.14535212517,6.0
3,2,8,3.50225639343,4.5
3,2,9,2.9516377449,4.5
3,2,9,3.65444660187,4.0
3,2,10,2.89284181595,4.0
3,2,10,3.71483135223,4.125
3,2,11,2.97652554512,4.125
3,2,11,3.50225329399,5.25
3,2,12,3.19230127335,5.25
3,2,12,3.28376793861,5.0
3,2,13,3.15099811554,5.0
3,2,13,3.82737445831,3.75
3,2,14,3.60883641243,3.75
3,2,14,2.99414730072,2.5
3,2,26,2.63286209106,2.5
3,2,26,2.89452505112,4.0
3,2,27,3.03949761391,4.0
3,2,27,2.80351781845,4.0
3,2,28,2.77906656265,4.0
3,2,28,3.16315817833,4.0
3,2,29,3.0867497921,4.0
3,2,29,3.27181816101,3.625
3,2,30,2.37674617767,3.625
3,2,30,3.09655785561,3.25
3,2,31,2.96221113205,3.25
3,2,31,2.96083807945,3.25
3,2,32,3.0173933506,3.25
3,2,32,2.91076087952,3.5
3,2,34,2.7433757782,3.5
3,2,34,4.34818315506,3.875
3,2,35,2.81021213531,3.875
3,2,35,3.47666430473,2.75
3,2,36,2.47388625145,2.75
3,2,36,3.153393507,2.25
3,2,37,2.70287585258,2.25
3,2,37,2.82683157921,3.25
3,2,38,3.09162211418,3.25
3,2,38,3.09527945518,4.25
3,2,39,2.61932826042,4.25
3,2,39,2.96388912201,2.75
3,2,40,3.12543582916,2.75
3,2,40,3.11692643166,3.5
3,2,41,2.77982449532,3.5
3,2,41,3.19694948196,2.5
3,2,42,3.3183362484,2.5
3,2,42,2.85040330887,4.0
3,2,43,2.74004101753,4.0
3,2,43,3.37371659279,5.0
3,2,44,3.01479005814,5.0
3,2,44,2.80890703201,3.25
3,2,45,3.12123203278,3.25
3,2,45,2.62058496475,4.5
3,2,46,3.24892234802,4.5
3,2,46,2.65036988258,3.875
3,2,47,2.81208586693,3.875
3,2,47,2.95882987976,4.25
3,2,48,2.65466213226,4.25
3,2,48,2.7630212307,3.75
3,2,50,2.93657946587,3.75
3,2,50,2.98585534096,4.0
3,2,51,2.54433679581,4.0
3,2,51,3.05136656761,1.5
3,2,52,3.03753662109,1.5
3,2,52,2.86605834961,4.5
3,2,53,2.97642445564,4.5
3,2,53,3.25678944588,3.33333
3,2,55,3.20863580704,3.33333
3,2,55,3.21591687202,4.25
3,2,56,2.90602517128,4.25
3,2,56,2.83344101906,2.25
3,2,59,2.91054582596,2.25
3,2,59,4.55092859268,3.75
3,2,60,2.72536706924,3.75
3,2,60,3.73211169243,4.375
3,2,61,3.06020283699,4.375
3,2,61,2.64584946632,5.25
3,2,62,2.7547044754,5.25
3,2,62,3.34908032417,1.25
3,2,63,2.96786785126,1.25
3,2,63,3.41295528412,2.375
3,2,64,2.88199067116,2.375
3,2,64,3.49448609352,3.75
3,2,66,2.81902146339,3.75
3,2,66,3.57754611969,5.25
3,2,67,2.66491675377,5.25
3,2,67,4.60396337509,5.5
3,2,68,2.93705964088,5.5
3,2,68,4.84557628632,1.25
3,2,69,2.86368060112,1.25
3,2,69,3.74221992493,3.66667
3,2,70,2.85823059082,3.66667
3,2,70,4.2920255661,2.375
3,2,71,3.04346203804,2.375
3,2,71,2.79346561432,3.75
3,2,73,3.21740460396,3.75
3,2,73,3.21788144112,2.75
3,2,78,3.17858195305,2.75
3,2,78,3.18516588211,3.75
3,2,79,2.80682873726,3.75
3,2,79,3.62929940224,4.75
3,2,80,2.6519305706,4.75
3,2,80,3.31566619873,4.375
3,2,81,2.80609464645,4.375
3,2,81,3.44034600258,3.25
3,2,82,2.67583370209,3.25
3,2,82,3.06383919716,4.25
3,2,83,4.16043615341,4.25
3,2,83,4.26878738403,4.0
3,2,84,3.41141843796,4.0
3,2,84,3.55600786209,3.25
3,2,85,2.5960559845,3.25
3,2,85,3.13546252251,2.75
3,2,86,2.9336566925,2.75
3,2,86,3.05428218842,3.75
3,2,87,2.94777917862,3.75
3,2,87,3.77411079407,4.0
3,2,88,2.81053519249,4.0
3,2,88,3.47195196152,4.25
3,2,90,2.49961686134,4.25
3,2,90,3.07141852379,4.5
3,2,91,3.03807115555,4.5
3,2,91,3.88361287117,3.75
3,2,94,2.77984261513,3.75
3,2,94,3.29212260246,1.5
3,2,95,2.62976503372,1.5
3,2,95,3.25031876564,3.125
3,2,96,2.84351968765,3.125
3,2,96,3.13315439224,5.0
3,2,97,2.93365550041,5.0
3,2,97,3.18128657341,4.5
3,2,98,2.66021561623,4.5
3,2,98,3.15582418442,2.625
3,2,99,2.92123889923,2.625
3,2,99,3.29515600204,1.25
3,2,100,2.97316408157,1.25
3,2,100,2.966537714,3.125
3,2,101,2.76384043694,3.125
3,2,101,3.30315685272,2.0
3,2,102,3.16692471504,2.0
3,2,102,3.15932798386,4.0
3,2,103,2.68994188309,4.0
3,2,103,3.56463837624,3.5
3,2,104,2.53947162628,3.5
3,2,104,3.31872653961,3.5
3,2,105,2.72769379616,3.5
3,2,105,3.42690038681,3.875
3,2,106,2.88867425919,3.875
3,2,106,3.6775124073,4.625
3,2,107,2.74130034447,4.625
3,2,107,3.47893071175,4.0
3,2,108,2.52845168114,4.0
3,2,108,3.17778873444,4.25
3,2,110,2.4827466011,4.25
3,2,110,3.74506521225,3.5
3,2,111,2.48534798622,3.5
3,2,111,2.97084784508,3.0
4,1,23,4.94437599182,1.0
4,1,23,4.94410419464,1.0
4,1,30,5.15802907944,1.125
4,1,30,4.78208351135,1.125
4,1,31,5.0194311142,2.25
4,1,31,4.85841751099,2.25
4,1,32,5.02373123169,1.5
4,1,32,4.81760978699,1.5
4,1,33,4.98165988922,1.5
4,1,33,4.79959869385,1.5
4,1,34,4.85287046432,1.5
4,1,34,4.76898765564,1.5
4,1,35,5.04200220108,1.75
4,1,35,4.87861013412,1.75
4,1,36,5.23356437683,0.875
4,1,36,4.76027584076,0.875
4,1,37,4.83947515488,2.25
4,1,37,4.73300504684,2.25
4,1,38,4.9169344902,2.5
4,1,38,4.81461238861,2.5
4,1,39,5.00360059738,2.5
4,1,39,4.82805299759,2.5
4,1,40,5.12461423874,4.0
4,1,40,4.75429296494,4.0
4,1,41,5.16086387634,2.5
4,1,41,4.80419158936,2.5
4,1,42,5.19671678543,1.75
4,1,42,4.88812828064,1.75
4,1,45,5.10776996613,2.125
4,1,45,4.7340502739,2.125
4,1,46,5.01102685928,3.75
4,1,46,4.78443050385,3.75
4,1,48,5.07918167114,1.5
4,1,48,4.68736410141,1.5
4,1,49,5.00494098663,4.25
4,1,49,4.75065135956,4.25
4,1,50,4.96633148193,2.0
4,1,50,4.69193410873,2.0
4,1,51,5.03260660172,2.75
4,1,51,4.72854042053,2.75
4,1,52,5.10012245178,3.25
4,1,52,4.64932203293,3.25
4,1,54,5.02958726883,3.375
4,1,54,4.80608844757,3.375
4,1,55,5.16094636917,2.5
4,1,55,4.67036676407,2.5
4,1,56,4.88246250153,2.0
4,1,56,4.649974823,2.0
4,1,57,4.85910701752,2.75
4,1,57,4.72259426117,2.75
4,1,58,4.93770647049,2.25
4,1,58,4.70656728745,2.25
4,1,59,5.03154802322,1.875
4,1,59,4.67672777176,1.875
4,1,63,4.90333080292,1.0
4,1,63,4.68951797485,1.0
4,1,64,4.67452430725,3.5
4,1,64,4.90117788315,3.5
4,1,65,5.2657957077,4.75
4,1,65,4.87695503235,4.75
4,1,66,5.25568771362,1.0
4,1,66,4.99029970169,1.0
4,1,67,5.19200563431,1.75
4,1,67,4.65384197235,1.75
4,1,68,5.30782222748,5.5
4,1,68,4.86961841583,5.5
4,1,69,5.23170804977,5.5
4,1,69,4.79015254974,5.5
4,1,70,5.15353441238,5.25
4,1,70,4.81608581543,5.25
4,1,71,5.15394973755,2.125
4,1,71,4.8368473053,2.125
4,1,72,5.31709861755,2.375
4,1,72,4.95114088058,2.375
4,1,73,5.15973901749,4.25
4,1,73,4.81946229935,4.25
4,1,74,5.36597633362,3.5
4,1,74,4.89985513687,3.5
4,1,75,5.04834365845,4.75
4,1,75,4.76815986633,4.75
4,1,77,4.98087120056,2.625
4,1,77,4.87544870377,2.625
4,1,99,4.8918337822,2.375
4,1,99,4.88747739792,2.375
4,1,102,5.04956054688,1.5
4,1,102,4.77504730225,1.5
4,1,104,5.22087574005,1.25
4,1,104,4.89814329147,1.25
4,1,105,4.90097570419,3.625
4,1,105,4.77679300308,3.625
4,1,110,5.09345817566,4.0
4,1,110,4.65274238586,4.0
4,1,111,5.11980628967,3.5
4,1,111,4.762550354,3.5
4,1,112,5.24449872971,1.0
7,1,1,2.16544938087,3.5
7,1,1,2.84068822861,3.5
7,1,2,3.38634514809,5.5
7,1,2,3.70794701576,5.5
7,1,3,3.24786686897,4.75
7,1,3,3.48950624466,4.75
7,1,4,4.53580474854,3.25
7,1,4,3.89419031143,3.25
7,1,5,4.02924728394,4.75
7,1,5,3.75893163681,4.75
7,1,7,3.51893901825,2.25
7,1,7,2.99042463303,2.25
7,1,8,4.14202404022,4.5
7,1,8,3.55314087868,4.5
7,1,9,2.69079422951,2.0
7,1,9,3.47404575348,2.0
7,1,10,2.72903680801,2.75
7,1,10,3.31062746048,2.75
7,1,11,2.95838952065,1.75
7,1,11,3.40623259544,1.75
7,1,12,2.11078739166,5.0
7,1,12,2.56217718124,5.0
7,1,13,2.45966911316,3.0
7,1,13,3.09612226486,3.0
7,1,14,2.72353029251,1.75
7,1,14,3.44386982918,1.75
7,1,18,2.09452390671,6.0
7,1,18,3.30224633217,6.0
7,1,19,3.65808725357,4.75
7,1,19,3.13228368759,4.75
7,1,20,3.96303868294,5.25
7,1,20,3.32353806496,5.25
7,1,22,2.82552647591,3.75
7,1,22,3.67189455032,3.75
7,1,23,2.64957809448,4.0
7,1,23,3.35945725441,4.0
7,1,24,2.51962780952,5.0
7,1,24,3.50335741043,5.0
7,1,25,2.16976356506,4.5
7,1,25,2.76970767975,4.5
7,1,26,2.84578251839,3.0
7,1,26,2.47843909264,3.0
7,1,27,2.73746204376,4.25
7,1,27,4.09449195862,4.25
7,1,28,1.64516472816,5.25
7,1,28,2.54371953011,5.25
7,1,29,2.00141358376,4.25
7,1,29,3.5580728054,4.25
7,1,30,2.65417194366,3.0
7,1,30,3.40633201599,3.0
7,1,31,3.69588088989,4.5
7,1,31,2.95025420189,4.5
7,1,32,3.07563281059,3.75
7,1,32,3.39659619331,3.75
7,1,33,2.41129469872,4.75
7,1,33,3.13686990738,4.75
7,1,34,2.55061888695,5.5
7,1,34,2.80054473877,5.5
7,1,35,2.13440513611,6.0
7,1,35,2.66122531891,6.0
7,1,36,2.11799359322,4.25
7,1,36,3.23216199875,4.25
7,1,37,2.55922937393,4.25
7,1,37,3.07343173027,4.25
7,1,38,2.47723841667,3.5
7,1,38,3.43876600266,3.5
7,1,39,2.90739369392,5.5
7,1,39,2.98192739487,5.5
7,1,40,2.30271267891,5.5
7,1,40,3.97886633873,5.5
7,1,41,2.86729073524,4.75
7,1,41,3.29863977432,4.75
7,1,42,3.02346253395,3.0
7,1,42,3.1355535984,3.0
7,1,43,3.66150164604,3.5
7,1,43,3.78801846504,3.5
7,1,44,2.72945213318,6.25
7,1,44,3.24130630493,6.25
7,1,45,2.57304883003,4.5
7,1,45,3.08367729187,4.5
7,1,46,4.03586626053,4.0
7,1,46,2.90794563293,4.0
7,1,47,2.56440711021,4.5
7,1,47,3.28528118134,4.5
7,1,48,2.5827293396,1.5
7,1,48,3.72612166405,1.5
7,1,49,1.61737215519,4.5
7,1,49,3.00179576874,4.5
7,1,50,3.60953783989,5.0
7,1,50,3.24839711189,5.0
7,1,51,3.17012667656,3.5
7,1,51,2.64953231812,3.5
7,1,52,4.03725528717,0.75
7,1,52,2.95288705826,0.75
7,1,53,3.31577920914,5.5
7,1,53,3.73870182037,5.5
7,1,55,3.75361251831,2.5
7,1,55,2.84454154968,2.5
7,1,57,4.10543060303,4.25
7,1,57,3.02250885963,4.25
7,1,58,2.20305895805,6.0
7,1,58,3.1102437973,6.0
7,1,59,2.07053375244,5.25
7,1,59,2.39876818657,5.25
7,1,60,2.67920136452,3.25
7,1,60,3.21446704865,3.25
7,1,61,2.54512882233,5.0
7,1,61,2.34782552719,5.0
7,1,62,3.49510073662,4.5
7,1,62,2.56999826431,4.5
7,1,63,2.7734143734,5.5
7,1,63,3.31182837486,5.5
7,1,64,2.16344380379,5.0
7,1,64,2.65235996246,5.0
7,1,65,2.39606142044,5.25
7,1,65,2.16565799713,5.25
7,1,66,3.92665863037,4.25
7,1,66,2.82738614082,4.25
7,1,67,3.0134036541,4.75
7,1,67,3.09939217567,4.75
7,1,68,2.85543084145,4.25
7,1,68,3.0756714344,4.25
7,1,69,3.50494217873,5.5
7,1,69,2.74125242233,5.5
7,1,70,2.60883927345,5.5
7,1,70,3.11167764664,5.5
7,1,71,2.54821252823,4.75
7,1,71,2.72318744659,4.75
7,1,72,2.83346056938,2.0
7,1,72,2.12254810333,2.0
7,1,73,2.91014289856,1.0
7,1,73,2.84299278259,1.0
7,1,74,2.37336134911,4.25
7,1,74,2.21472907066,4.25
7,1,75,2.58221697807,4.75
7,1,75,2.82709908485,4.75
7,1,76,2.38773369789,2.75
7,1,76,2.64521932602,2.75
7,1,78,2.61821198463,4.0
7,1,78,2.81229662895,4.0
7,1,79,2.36930918694,3.0
7,1,79,3.21534633636,3.0
7,1,80,3.61483287811,2.0
7,1,80,2.49241471291,2.0
7,1,81,2.37782597542,4.0
7,1,81,3.03369259834,4.0
7,1,82,3.20115089417,5.25
7,1,82,3.24179244041,5.25
7,1,83,3.0107626915,4.75
7,1,83,2.72480893135,4.75
7,1,84,3.26324009895,4.75
7,1,84,3.36652684212,4.75
7,1,86,2.52084350586,3.25
7,1,86,2.88237118721,3.25
7,1,88,2.48531031609,6.5
7,1,88,3.12252831459,6.5
7,1,90,2.75013232231,4.0
7,1,90,2.15139436722,4.0
7,1,92,2.81426668167,5.75
7,1,92,2.85681128502,5.75
7,1,93,3.82222080231,4.25
7,1,93,3.09471058846,4.25
7,1,94,3.38918495178,3.0
7,1,94,1.86927127838,3.0
7,1,95,2.68584036827,4.75
7,1,95,3.08558940887,4.75
7,1,96,3.4054453373,5.5
7,1,96,3.68701553345,5.5
7,1,97,3.13362526894,5.5
7,1,97,3.63347148895,5.5
7,1,98,3.19664573669,3.25
7,1,98,2.84456396103,3.25
7,1,101,2.79635620117,4.0
7,1,101,3.15771961212,4.0
7,1,102,3.01463627815,4.25
7,1,102,3.45048379898,4.25
7,1,103,3.02114009857,3.25
7,1,103,2.97008419037,3.25
7,1,104,2.92524647713,4.75
7,1,104,2.64280509949,4.75
7,1,105,2.6653945446,4.75
7,1,105,2.92919015884,4.75
7,1,106,3.35561823845,4.75
7,1,106,2.7200961113,4.75
7,1,109,2.61280560493,6.25
7,1,109,3.68668627739,4.25
7,2,1,3.66341304779,4.25
7,2,1,3.1628370285,2.75
7,2,2,3.81382083893,2.75
7,2,2,2.94941496849,5.75
7,2,3,4.1602640152,5.75
7,2,3,3.11753702164,3.0
7,2,4,3.71898007393,3.0
7,2,4,3.22970080376,3.25
7,2,5,2.57572412491,3.25
7,2,5,3.25636053085,4.0
7,2,6,3.77448225021,4.0
7,2,6,2.98473286629,5.0
7,2,7,3.65478587151,5.0
7,2,7,3.07178926468,4.0
7,2,8,2.56145572662,4.0
7,2,8,3.10293269157,4.0
7,2,9,2.45929765701,4.0
7,2,9,2.68772602081,4.0
7,2,10,4.12589025497,4.0
7,2,10,2.91184639931,2.75
7,2,11,3.83866429329,2.75
7,2,11,3.36797690392,4.25
7,2,12,3.6368637085,4.25
7,2,12,2.80810976028,4.75
7,2,13,3.48962497711,4.75
7,2,13,4.12305688858,5.5
7,2,14,3.50829291344,5.5
7,2,14,3.10120582581,5.0
7,2,16,4.04637908936,5.0
7,2,16,2.26682448387,6.0
7,2,17,3.06187725067,6.0
7,2,17,3.75060749054,3.5
7,2,18,3.91295313835,3.5
7,2,18,3.36536812782,4.5
7,2,19,3.87274384499,4.5
7,2,19,3.15752124786,5.5
7,2,20,3.65190386772,5.5
7,2,20,3.5901722908,1.5
7,2,21,2.78146696091,1.5
7,2,21,2.12835383415,3.0
7,2,22,2.8692843914,3.0
7,2,22,2.20520544052,1.75
7,2,23,3.32603216171,1.75
7,2,23,2.53368186951,3.75
7,2,24,3.41246652603,3.75
7,2,24,3.70433521271,4.75
7,2,25,2.72502446175,4.75
7,2,25,4.08006048203,4.25
7,2,26,3.80227398872,4.25
7,2,26,3.3004527092,4.25
7,2,27,4.10693740845,4.25
7,2,27,2.92804384232,5.75
7,2,28,3.61547827721,5.75
7,2,28,3.05061411858,1.75
7,2,29,3.3264374733,1.75
7,2,29,2.79672551155,3.0
7,2,30,4.06189727783,3.0
7,2,30,2.83729219437,3.75
7,2,31,4.24059963226,3.75
7,2,31,3.80797052383,4.5
7,2,32,3.66840386391,4.5
7,2,32,2.91654920578,1.5
7,2,33,2.89424467087,1.5
7,2,33,3.60263967514,4.25
7,2,34,3.25241374969,4.25
7,2,34,2.65564823151,3.5
7,2,35,2.9194085598,3.5
7,2,35,3.16427111626,2.5
7,2,36,3.37565755844,2.5
7,2,36,2.85175204277,3.5
7,2,37,3.67362451553,3.5
7,2,37,1.48815119267,5.25
7,2,38,2.8058514595,5.25
7,2,38,3.743881464,4.0
7,2,39,3.05610203743,4.0
7,2,39,3.37593173981,5.25
7,2,40,3.76682281494,5.25
7,2,40,3.41151475906,3.0
7,2,42,2.7577958107,3.0
7,2,42,3.37790846825,2.75
7,2,43,3.49531555176,2.75
7,2,43,3.13519668579,4.5
7,2,44,2.72966575623,4.5
7,2,44,2.92912697792,2.5
7,2,45,3.56063580513,2.5
7,2,45,3.37202906609,4.75
7,2,46,3.8869073391,4.75
7,2,46,3.08089613914,4.0
7,2,47,3.79920220375,4.0
7,2,47,3.76562190056,3.75
7,2,48,3.58073282242,3.75
7,2,48,2.73459506035,4.0
7,2,49,3.77413010597,4.0
7,2,49,2.52683377266,4.25
7,2,50,3.82536888123,4.25
7,2,50,2.59899401665,4.75
7,2,51,3.34052205086,4.75
7,2,51,2.63320326805,3.25
7,2,52,3.70271730423,3.25
7,2,52,2.95523023605,5.0
7,2,53,2.93085479736,5.0
7,2,53,2.38162183762,4.0
7,2,55,3.94627666473,4.0
7,2,55,3.17914366722,4.75
7,2,56,4.07742500305,4.75
7,2,56,3.66660904884,1.5
7,2,57,3.07884478569,1.5
7,2,57,3.1165561676,4.0
7,2,58,3.13292479515,4.0
7,2,58,2.92339396477,4.0
7,2,60,3.30410671234,4.0
7,2,60,2.21654653549,5.5
7,2,61,3.68461871147,5.5
7,2,61,2.86294698715,5.25
7,2,63,2.54081439972,5.25
7,2,63,3.8711335659,3.25
7,2,64,3.21170926094,3.25
7,2,64,2.16766119003,5.0
7,2,65,2.47776341438,5.0
7,2,65,2.27510261536,5.5
7,2,66,3.70378446579,5.5
7,2,66,3.65203475952,6.5
7,2,68,3.70683884621,6.5
7,2,68,2.77240180969,4.25
7,2,69,2.82985496521,4.25
7,2,69,2.87950611115,3.25
7,2,70,2.55321002007,3.25
7,2,70,3.28643298149,4.0
7,2,71,2.60244441032,4.0
7,2,71,3.6453204155,4.25
7,2,72,2.54084157944,4.25
7,2,72,2.96375441551,3.25
7,2,73,1.97276294231,3.25
7,2,73,2.00560355186,2.5
7,2,74,3.15716290474,2.5
7,2,74,2.34893727303,3.5
7,2,75,3.52996277809,3.5
7,2,75,3.60897445679,4.5
7,2,76,2.97540211678,4.5
7,2,76,1.76987504959,4.25
7,2,77,3.52334475517,4.25
7,2,77,3.47021055222,5.0
7,2,78,2.5878610611,5.0
7,2,78,3.62639021873,4.0
7,2,80,3.41474175453,4.0
7,2,80,3.77889823914,3.25
7,2,82,3.70488095284,3.25
7,2,82,4.27866983414,5.0
7,2,83,3.08794379234,5.0
7,2,83,3.44147515297,3.75
7,2,84,2.37184429169,3.75
7,2,84,4.14423179626,2.5
7,2,85,3.80787920952,2.5
7,2,85,3.30373072624,2.5
7,2,86,3.55846691132,2.5
7,2,86,1.9026517868,4.5
7,2,87,2.39205574989,4.5
7,2,87,2.96033763885,5.0
7,2,88,3.31634879112,5.0
7,2,88,2.9236907959,3.0
7,2,89,2.30392837524,3.0
7,2,89,2.32473778725,4.0
7,2,90,2.8213763237,4.0
7,2,90,3.83498311043,3.75
7,2,91,2.87192368507,3.75
7,2,91,3.1927781105,4.66667
7,2,92,3.04978466034,4.66667
7,2,92,2.85175848007,4.75
7,2,93,3.00870060921,4.75
7,2,93,2.0367705822,3.25
7,2,94,2.70441627502,3.25
7,2,94,3.81072163582,2.5
7,2,95,3.17504668236,2.5
7,2,95,3.77901029587,3.5
7,2,96,2.82352495193,3.5
7,2,96,2.98037981987,3.0
7,2,97,3.9336438179,3.0
7,2,97,3.45760917664,3.75
7,2,98,3.12067675591,3.75
7,2,98,2.36750555038,4.25
7,2,99,2.88516259193,4.25
7,2,99,2.17343831062,1.75
7,2,100,3.23146057129,1.75
7,2,100,4.18864774704,5.25
7,2,102,2.44779729843,5.25
7,2,102,3.44143104553,4.25
7,2,103,3.62634825706,4.25
7,2,103,2.40701436996,3.5
7,2,104,2.80279803276,3.5
7,2,