3,1,1,3.64679193497,3.875
3,1,2,3.55259275436,4.5
3,1,3,3.02100896835,3.0
3,1,4,3.02188801765,3.25
3,1,5,3.5147163868,6.0
3,1,6,2.83001732826,4.5
3,1,7,2.37848091125,4.75
3,1,8,3.21954679489,3.5
3,1,10,3.63312077522,2.875
3,1,14,4.20610761642,3.75
3,1,15,3.54619169235,5.0
3,1,16,4.10775518417,4.75
3,1,17,4.41990470886,5.0
3,1,18,3.78308010101,3.75
3,1,20,4.23867464066,2.5
3,1,21,2.95271372795,4.5
3,1,22,3.66970038414,4.83333
3,1,24,3.36074066162,4.5
3,1,25,4.48924779892,5.5
3,1,26,3.37265729904,4.0
3,1,27,3.52440929413,5.25
3,1,28,3.94255208969,4.75
3,1,29,4.13751316071,1.25
3,1,30,3.64693641663,4.5
3,1,33,2.91796541214,3.0
3,1,34,3.66401720047,4.125
3,1,35,3.56334710121,4.375
3,1,40,4.3140835762,5.0
3,1,43,2.74780416489,4.0
3,1,44,2.60961580276,3.0
3,1,45,3.70127701759,4.25
3,1,46,3.4334924221,5.0
3,1,47,3.43026924133,4.25
3,1,48,4.07217693329,2.5
3,1,49,3.15547919273,5.0
3,1,50,3.5139966011,4.66667
3,1,51,3.73577880859,4.5
3,1,52,3.37177038193,3.5
3,1,55,5.66108989716,3.25
3,1,56,5.28493309021,4.0
3,1,57,4.20487689972,4.875
3,1,58,4.35917758942,4.5
3,1,59,3.34018445015,5.5
3,1,60,4.09366559982,5.5
3,1,61,3.97497701645,5.5
3,1,62,3.9043803215,4.375
3,1,63,5.15645885468,4.75
3,1,64,3.94246578217,5.75
3,1,65,4.2019867897,6.25
3,1,66,3.87944126129,3.0
3,1,70,3.32554841042,2.75
3,1,71,3.23412084579,2.0
3,1,73,3.12913370132,3.0
3,1,74,3.94380497932,4.0
3,1,75,3.50968360901,4.0
3,1,78,3.21998071671,5.25
3,1,79,3.91104388237,5.25
3,1,80,3.6699488163,2.75
3,1,81,2.77604556084,2.75
3,1,82,2.66091823578,3.0
3,1,83,3.39855790138,4.5
3,1,84,3.36654877663,3.75
3,1,85,3.44357895851,2.0
3,1,86,3.79689192772,4.25
3,1,87,3.51185655594,4.25
3,1,88,3.47028636932,4.0
3,1,89,4.06266736984,4.25
3,1,90,4.14517307281,3.75
3,1,91,3.46223449707,4.0
3,1,92,2.95147585869,3.5
3,1,93,3.87235713005,3.25
3,1,94,3.40051245689,3.25
3,1,95,3.62712550163,3.75
3,1,96,4.13753843307,3.875
3,1,97,3.98513102531,1.25
3,1,98,4.26398229599,1.75
3,1,99,3.57011222839,1.5
3,1,100,3.36744403839,2.375
3,1,101,2.21522521973,4.375
3,1,102,3.26430368423,5.25
3,1,103,3.76263570786,1.5
3,1,104,3.82850170135,3.5
3,1,105,3.01278471947,1.25
3,1,106,3.2417011261,1.875
3,2,2,4.79375123978,3.25
3,2,5,3.94070315361,5.25
3,2,6,5.72412776947,6.0
3,2,7,5.07172298431,6.0
3,2,8,3.69296360016,4.5
3,2,9,3.79659867287,4.0
3,2,10,3.71601510048,4.125
3,2,11,4.09992933273,5.25
3,2,12,3.60180735588,5.0
3,2,13,4.34404039383,3.25
3,2,14,3.71192669868,2.5
3,2,26,3.30123519897,4.0
3,2,27,3.35809540749,4.0
3,2,28,2.59414839745,5.25
3,2,29,3.53595757484,3.25
3,2,30,3.68642735481,3.25
3,2,31,2.87804055214,3.25
3,2,32,3.34031462669,3.5
3,2,34,3.13945603371,3.875
3,2,35,2.73898077011,2.75
3,2,36,2.45539188385,2.25
3,2,37,3.84606933594,3.25
3,2,38,3.18781113625,4.25
3,2,39,2.09971094131,2.75
3,2,40,3.86939740181,3.5
3,2,41,3.80970072746,2.5
3,2,42,3.87830662727,4.0
3,2,43,4.15180206299,5.0
3,2,44,3.28895425797,3.25
3,2,45,3.19629645348,4.5
3,2,46,3.35788702965,3.875
3,2,47,4.1620593071,4.25
3,2,48,4.48592853546,3.75
3,2,50,3.48170399666,4.0
3,2,51,3.07843565941,1.5
3,2,52,3.94480586052,4.5
3,2,53,2.68230509758,3.33333
3,2,55,2.92745494843,3.25
3,2,56,1.89820599556,0.0
3,2,59,2.75620007515,3.75
3,2,60,2.45114278793,4.25
3,2,61,3.43653416634,5.25
3,2,62,2.29075217247,1.25
3,2,63,1.97458696365,2.375
3,2,64,2.37172985077,3.75
3,2,66,3.39154458046,5.25
3,2,67,3.29378223419,5.5
3,2,68,2.15553092957,1.25
3,2,69,2.3723115921,3.66667
3,2,70,2.1936674118,2.375
3,2,71,2.82224416733,3.75
3,2,73,3.46740031242,2.75
3,2,78,3.1988158226,3.75
3,2,79,2.95767903328,4.75
3,2,80,4.0175614357,4.375
3,2,81,3.14332604408,3.25
3,2,82,3.20988345146,4.25
3,2,83,3.47639203072,4.0
3,2,84,3.20208406448,3.25
3,2,85,2.29592752457,2.75
3,2,86,3.35691213608,3.75
3,2,87,3.04062438011,4.0
3,2,88,1.69020485878,4.25
3,2,90,2.54542613029,4.5
3,2,91,3.34193706512,3.75
3,2,94,3.6768040657,1.5
3,2,95,2.95800447464,3.125
3,2,96,2.89560270309,5.0
3,2,97,3.21268367767,4.5
3,2,98,3.39396977425,2.625
3,2,99,2.25830841064,1.25
3,2,100,2.86598348618,3.125
3,2,101,2.47364211082,2.0
3,2,102,2.54840421677,4.0
3,2,103,3.12904286385,3.5
3,2,104,2.53636240959,3.5
3,2,105,2.38827633858,3.5
3,2,106,3.88221359253,4.625
3,2,107,3.58141350746,4.0
3,2,108,2.38372349739,4.25
3,2,110,2.3366625309,3.5
4,1,23,1.76898932457,1.0
4,1,30,2.14414143562,1.125
4,1,31,2.47034859657,2.25
4,1,32,2.45961761475,1.5
4,1,33,2.02741265297,1.5
4,1,34,2.24603533745,1.5
4,1,35,2.33643484116,1.75
4,1,36,2.17473006248,0.875
4,1,37,2.89861774445,2.25
4,1,38,2.54559159279,2.5
4,1,39,2.49378395081,2.5
4,1,40,2.7534031868,4.0
4,1,41,2.5233540535,2.5
4,1,42,1.91560256481,1.75
4,1,45,2.82148814201,2.125
4,1,46,1.84983432293,3.75
4,1,48,2.60183906555,1.5
4,1,49,2.42852044106,4.25
4,1,50,2.71197199821,2.0
4,1,51,3.51485180855,2.75
4,1,52,2.79849600792,3.25
4,1,54,2.53307342529,3.375
4,1,55,2.29320192337,2.5
4,1,56,3.01510906219,2.0
4,1,57,2.15341854095,2.75
4,1,58,2.88841128349,2.25
4,1,59,2.84551167488,1.875
4,1,63,2.83373737335,1.0
4,1,64,3.99741029739,3.5
4,1,65,3.50844883919,4.75
4,1,66,3.00171351433,1.0
4,1,67,3.81172442436,1.75
4,1,68,2.82388186455,5.0
4,1,69,2.98066306114,5.5
4,1,70,2.87750935555,5.25
4,1,71,3.15110254288,2.125
4,1,72,3.08889937401,3.25
4,1,73,3.24499368668,4.25
4,1,74,3.85865545273,3.5
4,1,75,4.00653791428,4.75
4,1,77,3.19973945618,2.625
4,1,99,2.83230066299,2.375
4,1,102,2.59901571274,1.5
4,1,104,3.11611914635,1.25
4,1,105,3.18842625618,3.625
4,1,110,3.0525598526,4.0
4,1,111,3.54954576492,3.5
7,1,1,5.37201309204,3.5
7,1,2,6.10399961472,5.5
7,1,3,5.15778064728,4.75
7,1,4,6.13386297226,3.25
7,1,5,5.5675444603,4.75
7,1,7,5.64890623093,2.25
7,1,8,5.44708108902,4.5
7,1,9,4.80550003052,2.0
7,1,10,3.44779896736,2.75
7,1,11,4.27439165115,1.75
7,1,12,3.97662162781,5.0
7,1,13,3.61542105675,3.0
7,1,14,4.56304645538,2.25
7,1,18,5.53513813019,6.0
7,1,19,5.98407649994,4.75
7,1,20,6.02516794205,5.25
7,1,22,5.5363445282,3.75
7,1,23,4.61633062363,4.0
7,1,24,5.46247816086,5.0
7,1,25,5.01693868637,4.5
7,1,26,3.7201089859,3.0
7,1,27,6.18081617355,4.25
7,1,28,4.76421499252,5.25
7,1,29,4.68438577652,4.25
7,1,30,5.60669803619,3.0
7,1,31,5.71422719955,4.5
7,1,32,5.03391981125,3.75
7,1,33,5.95941257477,4.75
7,1,34,5.25601959229,5.5
7,1,35,5.70267105103,6.0
7,1,36,5.94169902802,4.25
7,1,37,6.36842918396,4.25
7,1,38,4.36231946945,3.5
7,1,39,4.9537115097,5.5
7,1,40,5.21545505524,5.5
7,1,41,5.57201480865,4.75
7,1,42,4.83742713928,3.0
7,1,43,6.52292633057,3.5
7,1,44,4.5945649147,6.25
7,1,45,4.53812599182,4.5
7,1,46,4.55243206024,4.0
7,1,47,4.21492815018,4.5
7,1,48,4.89495038986,1.5
7,1,49,4.48393249512,4.5
7,1,50,4.60793685913,5.0
7,1,51,4.8544549942,3.5
7,1,52,4.29129648209,0.75
7,1,53,6.02002286911,5.5
7,1,55,5.52148628235,2.5
7,1,57,5.38131952286,4.25
7,1,58,4.97863340378,6.0
7,1,59,4.24151039124,5.25
7,1,60,4.34319448471,3.25
7,1,61,4.44012784958,5.0
7,1,62,4.27803850174,4.5
7,1,63,5.07617235184,5.5
7,1,64,3.58990645409,5.0
7,1,65,2.83343482018,5.25
7,1,66,4.14186048508,4.25
7,1,67,2.76498675346,4.75
7,1,68,3.152769804,4.25
7,1,69,4.06336593628,5.5
7,1,70,4.79073905945,5.5
7,1,71,5.21584939957,4.75
7,1,72,3.5820889473,2.0
7,1,73,3.52090191841,1.0
7,1,74,4.7409954071,4.25
7,1,75,3.50398659706,4.75
7,1,76,3.68882703781,2.75
7,1,78,4.43835639954,4.0
7,1,79,3.78684854507,3.0
7,1,80,3.43703222275,2.0
7,1,81,5.08791923523,4.0
7,1,82,3.24849390984,5.25
7,1,83,3.63382863998,4.75
7,1,84,4.89449501038,4.75
7,1,86,3.38865995407,3.25
7,1,88,5.04847478867,6.5
7,1,90,3.86511445045,4.0
7,1,92,5.13595533371,5.75
7,1,93,4.94344902039,4.25
7,1,94,5.12271261215,3.0
7,1,95,4.73261594772,4.75
7,1,96,4.1978430748,5.5
7,1,97,4.63505125046,5.5
7,1,98,3.90640115738,3.25
7,1,101,4.08321809769,4.0
7,1,102,3.52090001106,4.25
7,1,103,4.2569527626,3.25
7,1,104,3.58710741997,4.75
7,1,105,3.72864413261,4.75
7,1,106,5.1572470665,4.75
7,1,109,4.96511793137,4.25
7,2,1,4.68096160889,2.75
7,2,2,5.55396032333,5.75
7,2,3,4.29601812363,3.0
7,2,4,4.80406904221,3.25
7,2,5,5.00868034363,4.0
7,2,6,5.01184797287,5.0
7,2,7,4.31170034409,4.0
7,2,8,4.35761547089,4.0
7,2,9,4.73424482346,4.0
7,2,10,3.62427473068,2.75
7,2,11,4.40820074081,4.25
7,2,12,4.39774465561,4.75
7,2,13,4.46926450729,5.5
7,2,14,4.69013309479,5.0
7,2,16,3.84820866585,6.0
7,2,17,3.77437663078,3.5
7,2,18,4.33046340942,4.5
7,2,19,3.41251111031,5.5
7,2,20,3.93587660789,1.5
7,2,21,3.81407117844,3.0
7,2,22,4.42818260193,1.75
7,2,23,4.46959352493,3.75
7,2,24,3.62066221237,4.75
7,2,25,4.40803003311,4.25
7,2,26,4.13692998886,4.25
7,2,27,3.25292491913,5.75
7,2,28,4.34071588516,1.75
7,2,29,3.96825790405,3.0
7,2,30,4.34313011169,3.75
7,2,31,4.27913475037,4.5
7,2,32,3.78278374672,1.5
7,2,33,3.87973165512,4.25
7,2,34,4.15532875061,3.5
7,2,35,3.56036090851,2.5
7,2,36,4.55549812317,3.5
7,2,37,3.30265712738,5.25
7,2,38,3.06636691093,4.0
7,2,39,4.358314991,5.25
7,2,40,4.43447494507,3.0
7,2,42,3.50401568413,2.75
7,2,43,4.00005960464,4.5
7,2,44,3.73803806305,2.5
7,2,45,3.51717567444,4.75
7,2,46,4.08074760437,4.0
7,2,47,3.60903906822,3.75
7,2,48,3.39599061012,4.0
7,2,49,3.97439193726,4.25
7,2,50,4.12935638428,4.75
7,2,51,4.31281661987,3.25
7,2,52,3.49357247353,5.0
7,2,53,4.70444917679,4.0
7,2,55,4.23611688614,4.75
7,2,56,4.31876802444,1.5
7,2,57,3.8367497921,4.0
7,2,58,3.90700292587,4.0
7,2,60,3.57931613922,5.5
7,2,61,4.64895200729,5.25
7,2,63,3.91771674156,3.25
7,2,64,4.02353048325,5.0
7,2,65,2.92241072655,5.5
7,2,66,4.46238708496,6.5
7,2,68,4.59196138382,4.25
7,2,69,3.79878115654,3.25
7,2,70,2.75486016273,4.0
7,2,71,3.6996717453,4.25
7,2,72,3.09378147125,3.25
7,2,73,4.43409538269,2.5
7,2,74,4.07772922516,3.5
7,2,75,3.50057554245,4.5
7,2,76,3.47154903412,4.25
7,2,77,3.91426706314,5.0
7,2,78,4.28586149216,4.0
7,2,80,3.92667198181,3.25
7,2,82,3.73712182045,5.0
7,2,83,3.85088539124,3.75
7,2,84,2.98484516144,2.5
7,2,85,3.7549123764,2.5
7,2,86,3.15472245216,4.5
7,2,87,3.05294370651,5.0
7,2,88,3.82281661034,3.0
7,2,89,3.55385661125,4.0
7,2,90,4.43503046036,3.75
7,2,91,4.01681900024,4.66667
7,2,92,3.7450902462,4.75
7,2,93,2.44938778877,3.25
7,2,94,3.33432912827,2.5
7,2,95,3.66323041916,3.5
7,2,96,3.11003184319,3.0
7,2,97,4.12208509445,3.75
7,2,98,3.19394993782,4.25
7,2,99,3.6363465786,1.75
7,2,100,4.20669698715,5.25
7,2,102,3.87930464745,4.25
7,2,103,3.39117765427,3.5
7,2,104,3.37578654289,3.0
7,2,105,3.90500688553,6.25
7,2,106,3.05581641197,4.5
7,2,107,3.69454145432,5.5
7,2,108,3.79758858681,5.25
8,1,9,2.53187799454,2.0
8,1,10,2.46355557442,1.75
8,1,16,1.49560022354,2.75
8,1,17,2.60695004463,3.25
8,1,18,2.66284894943,3.75
8,1,20,2.66434264183,2.5
8,1,21,2.21730399132,1.75
8,1,22,2.14079976082,3.5
8,1,27,2.60222315788,2.0
8,1,30,2.46075129509,2.5
8,1,54,1.90879631042,3.0
8,1,58,2.57678723335,1.0
8,1,68,2.31762218475,1.5
8,1,73,1.31137180328,2.75
8,1,74,3.01508545876,2.5
8,1,75,3.34589290619,3.0
8,1,76,2.25530290604,1.0
8,1,77,2.47840690613,3.25
8,1,78,1.85952341557,2.75
8,1,79,1.66918468475,2.0
8,1,80,1.63107085228,1.75
8,1,81,2.37961363792,2.25
8,1,82,1.96237444878,1.75
8,1,85,2.41130495071,2.0
8,1,88,2.532371521,2.25
8,1,89,3.6476624012,3.25
8,2,4,3.04325270653,3.75
8,2,5,2.46018099785,1.5
8,2,7,3.79636049271,4.25
8,2,8,3.28230929375,2.0
8,2,9,3.46606063843,3.0
8,2,11,3.74352574348,2.25
8,2,15,3.16033673286,4.0
8,2,16,3.7788875103,3.5
8,2,18,3.04349374771,3.75
8,2,20,2.61483120918,2.25
8,2,21,3.68275332451,2.25
8,2,22,3.74569320679,2.5
8,2,23,2.74498009682,3.0
8,2,24,3.43465018272,4.0
8,2,27,3.38384962082,2.5
8,2,28,2.5904481411,4.75
8,2,29,3.76342535019,4.25
8,2,30,3.4469203949,2.75
8,2,31,2.90344047546,4.0
8,2,32,2.50925946236,3.5
8,2,35,3.18137812614,3.75
8,2,36,2.40647959709,2.25
8,2,37,2.44593000412,3.75
8,2,38,2.03964877129,2.0
8,2,39,2.37449145317,2.0
8,2,40,2.93080472946,4.0
8,2,41,3.24930524826,3.5
8,2,42,1.87470936775,2.25
8,2,45,2.59877157211,4.0
8,2,48,3.89935040474,4.0
8,2,49,3.3481900692,3.0
8,2,50,3.00038862228,3.75
8,2,55,3.2672894001,4.75
8,2,57,2.91829109192,3.0
8,2,58,3.20264601707,1.75
8,2,62,3.49042773247,5.25
8,2,63,3.71229434013,3.25
8,2,67,2.72204852104,2.75
8,2,68,2.49975991249,3.5
8,2,69,2.99967074394,2.0
8,2,71,3.12002253532,3.5
8,2,72,2.49149417877,3.75
9,1,2,4.73627185822,5.25
9,1,3,4.51598501205,4.75
9,1,4,4.45744180679,5.0
9,1,5,4.85271406174,5.75
9,1,6,4.80659198761,3.5
9,1,7,4.9220085144,4.25
9,1,8,4.37341737747,4.5
9,1,12,3.66289186478,4.75
9,1,16,3.88057565689,1.5
9,1,17,4.27868366241,4.25
9,1,18,3.78411269188,3.5
9,1,19,2.71365523338,3.25
9,1,20,3.3541996479,4.0
9,1,21,3.52969312668,4.5
9,1,22,3.22946429253,3.0
9,1,23,2.81411743164,4.5
9,1,24,2.96846413612,3.5
9,1,25,3.63799381256,3.5
9,1,26,4.60235595703,4.5
9,1,27,4.13992738724,3.75
9,1,28,2.74854660034,2.75
9,1,29,2.59102678299,2.5
9,1,30,2.73636269569,3.0
9,1,31,3.5580675602,3.5
9,1,32,3.12830328941,2.75
9,1,33,2.68442034721,3.75
9,1,34,2.47043609619,3.25
9,1,35,2.41166090965,3.5
9,1,36,3.71460938454,3.5
9,1,37,3.56034040451,4.5
9,1,38,3.13549804688,3.5
9,1,39,3.41607141495,2.75
9,1,40,2.43115925789,2.25
9,1,41,2.17363834381,3.0
9,1,42,2.80705904961,4.0
9,1,50,2.50279808044,3.5
9,1,51,3.07437539101,3.5
9,1,52,2.20005869865,2.75
9,1,53,2.93943071365,3.0
9,1,54,3.37893223763,2.75
9,1,55,2.97575926781,3.5
9,1,56,2.56578850746,3.75
9,1,59,2.70428562164,2.75
9,1,60,3.28479838371,4.0
9,1,61,2.68976950645,3.5
9,1,63,3.29644155502,3.25
9,1,64,3.61096048355,4.25
9,1,65,2.97266077995,2.0
9,1,66,2.94265794754,4.75
9,1,67,3.56996703148,4.25
9,1,68,3.6761868,3.5
9,1,69,3.41162753105,5.5
9,1,72,3.07530927658,3.75
9,1,73,3.3770198822,3.25
9,1,74,2.8111538887,3.0
9,1,75,2.88087439537,2.5
9,1,76,3.25748372078,4.0
9,1,77,4.17816448212,3.25
9,1,78,3.02335691452,3.5
9,1,79,2.42163658142,4.0
9,1,81,2.62537384033,2.25
9,1,82,2.89578008652,4.0
9,1,83,2.95795512199,4.25
9,1,84,2.32478046417,3.0
9,1,85,3.74711680412,4.75
9,1,86,2.41456532478,4.0
9,1,87,2.55607628822,3.25
9,1,88,2.51618695259,3.25
9,1,89,2.23689723015,2.75
9,1,90,2.72975373268,2.75
9,1,91,2.81205797195,3.75
9,1,92,2.48930859566,4.0
9,1,93,2.57906532288,3.25
9,1,94,3.02171516418,3.0
9,1,95,2.50682473183,4.25
9,1,96,2.80227565765,4.25
9,1,97,2.8263335228,3.5
9,1,98,2.2419321537,2.25
9,1,99,2.36090922356,3.0
9,1,100,2.41045808792,4.25
9,1,101,2.22453212738,2.25
9,1,102,1.81261384487,3.75
9,1,103,2.36430120468,2.25
9,1,104,3.28579854965,3.0
9,1,105,3.03979349136,3.75
9,1,106,3.46785020828,4.0
9,1,107,2.28218150139,4.25
9,1,110,2.85537338257,4.25
9,1,111,5.18300008774,4.0
9,2,2,4.70971775055,4.5
9,2,3,3.29630279541,5.25
9,2,4,3.39786076546,5.5
9,2,5,3.6661939621,5.75
9,2,6,3.68209409714,5.25
9,2,7,4.41417551041,4.5
9,2,8,3.77835917473,5.75
9,2,9,5.20669603348,4.75
9,2,10,4.2367401123,4.5
9,2,11,3.92653512955,5.5
9,2,12,4.00278949738,3.75
9,2,13,4.5484161377,2.75
9,2,16,6.48680114746,4.0
9,2,17,5.33861398697,4.25
9,2,18,3.17170786858,3.0
9,2,20,3.87155008316,3.75
9,2,21,4.28185415268,3.0
9,2,22,5.22653484344,2.75
9,2,23,3.55522370338,1.75
9,2,24,4.46051168442,5.75
9,2,25,3.59383177757,3.25
9,2,27,3.8106906414,2.75
9,2,30,4.16605567932,2.75
9,2,31,3.64452171326,2.25
9,2,32,2.76711654663,2.5
9,2,34,4.87413454056,4.75
9,2,36,4.71198511124,3.75
9,2,37,2.77138519287,2.0
9,2,38,5.06684827805,3.25
9,2,42,4.29179000854,3.0
9,2,45,5.04372930527,4.75
9,2,46,5.0385723114,4.0
9,2,50,2.79363179207,3.75
9,2,53,2.5327501297,4.0
9,2,62,4.09880208969,5.0
9,2,63,3.84579491615,4.5
9,2,64,3.07347607613,5.5
9,2,66,3.03810238838,4.25
9,2,67,2.70458030701,3.25
9,2,68,3.38176012039,3.25
9,2,69,3.07740569115,4.75
9,2,70,3.14624023438,5.25
9,2,71,4.21162462234,5.25
9,2,74,4.32238340378,3.75
9,2,75,2.90224909782,4.25
9,2,77,5.73135662079,5.5
9,2,78,3.76258587837,5.25
9,2,79,4.41395235062,4.75
9,2,81,3.97462677956,3.75
9,2,84,4.27153730392,4.75
9,2,85,2.9346268177,4.0
9,2,86,3.40551638603,3.25
9,2,87,3.65944457054,4.5
9,2,88,3.64760565758,2.75
9,2,89,4.27067279816,3.25
9,2,90,4.02704572678,4.25
9,2,91,5.05013751984,4.25
9,2,92,3.0904238224,5.0
9,2,95,3.47380614281,3.0
9,2,96,1.99893498421,4.5
9,2,98,4.05265951157,5.75
9,2,100,3.94516372681,3.0
9,2,103,4.1557059288,3.25
9,2,104,5.38144922256,4.5
9,2,105,3.61886906624,3.75
9,2,107,5.39791488647,4.25
9,2,108,3.15947675705,2.25
10,1,4,4.94267606735,5.5
10,1,5,4.37114477158,5.0
10,1,6,4.70636177063,5.0
10,1,7,3.90312576294,5.5
10,1,8,5.71315193176,6.25
10,1,9,5.28082609177,5.5
10,1,10,4.88207578659,5.0
10,1,11,5.23008680344,4.0
10,1,12,4.83717632294,4.5
10,1,13,4.56185865402,4.25
10,1,14,4.65536928177,3.75
10,1,20,5.3337430954,5.0
10,1,21,2.69391298294,5.25
10,1,22,4.33784389496,4.5
10,1,24,3.21488618851,4.75
10,1,25,2.62517237663,4.5
10,1,26,3.58483242989,2.25
10,1,27,3.53379297256,4.25
10,1,28,3.15463018417,4.75
10,1,29,4.59916543961,4.75
10,1,30,3.28120708466,5.5
10,1,31,3.50077772141,4.75
10,1,32,4.12469959259,3.75
10,1,33,3.82713079453,4.5
10,1,36,4.24001169205,4.75
10,1,39,3.1889436245,4.0
10,1,42,3.17974948883,5.25
10,1,43,3.59091281891,4.5
10,1,44,3.41401219368,4.5
10,1,45,4.00674819946,3.25
10,1,46,5.11892318726,5.0
10,1,47,3.98996639252,5.25
10,1,48,3.29316401482,5.0
10,1,49,3.34488272667,4.0
10,1,50,2.70062923431,5.25
10,1,51,3.01988053322,5.5
10,1,52,4.18075942993,5.0
10,1,53,3.51808381081,5.25
10,1,55,3.3229944706,5.25
10,1,56,2.96592640877,4.5
10,1,57,3.09910702705,1.5
10,1,61,5.0884552002,5.0
10,1,62,4.42254686356,3.75
10,1,63,3.61360740662,4.25
10,1,64,3.41611218452,5.0
10,1,65,3.83733797073,5.75
10,1,66,4.79151964188,6.0
10,1,67,4.64127874374,5.25
10,1,68,3.98693656921,3.75
10,1,69,4.03642129898,4.5
10,1,72,4.00404310226,3.0
10,1,73,3.4807343483,4.25
10,1,74,3.25027775764,4.75
10,1,75,4.11616706848,4.5
10,1,76,3.90300726891,4.75
10,1,77,3.83482146263,4.5
10,1,78,3.65874695778,5.5
10,1,79,4.92352056503,4.5
10,1,80,3.86801290512,5.0
10,1,81,3.96055388451,4.25
10,1,82,3.14737510681,4.5
10,1,83,3.21582198143,3.0
10,1,84,2.72874712944,2.75
10,1,85,2.91473674774,4.75
10,1,86,2.55885720253,4.0
10,1,87,3.42854428291,4.75
10,1,88,4.5934343338,5.5
10,1,89,4.08264446259,5.25
10,1,90,3.16489672661,3.75
10,1,91,2.38806033134,4.5
10,1,92,2.55609154701,5.0
10,1,93,2.88696670532,4.0
10,1,94,3.01458787918,5.0
10,1,95,2.93550872803,4.75
10,1,96,5.37947893143,4.5
10,1,97,3.25396823883,3.75
10,1,98,2.44006276131,4.5
10,1,99,3.50377488136,5.25
10,1,100,3.07895970345,4.0
10,1,101,3.43698477745,5.5
10,1,102,1.92353403568,5.0
10,1,103,2.34333872795,3.75
10,1,104,4.6537232399,4.5
10,1,105,3.92249536514,4.0
10,1,106,2.66357541084,2.0
10,1,107,3.23552775383,5.0
10,1,108,4.82564783096,3.75
10,2,3,5.69083499908,6.25
10,2,4,5.24006938934,5.5
10,2,5,4.77639579773,5.25
10,2,6,5.05115604401,5.25
10,2,7,4.60801076889,5.75
10,2,8,4.44432687759,3.25
10,2,9,4.2898068428,5.25
10,2,10,5.02866601944,4.5
10,2,11,4.10932540894,4.25
10,2,12,4.53764390945,5.25
10,2,13,4.41676092148,5.25
10,2,14,5.06120824814,5.75
10,2,15,4.26501131058,4.5
10,2,19,3.61719059944,2.75
10,2,20,5.27433919907,5.5
10,2,21,4.01394510269,5.5
10,2,22,2.37705492973,5.0
10,2,23,4.2039141655,3.5
10,2,26,2.71772170067,4.5
10,2,28,2.07386684418,5.0
10,2,29,3.92015242577,5.75
10,2,30,3.57986807823,4.75
10,2,33,3.044298172,3.75
10,2,36,2.69972467422,5.0
10,2,37,2.61396789551,4.75
10,2,38,2.53579330444,5.25
10,2,39,4.45783424377,5.25
10,2,41,2.97149705887,5.5
10,2,42,3.78664374352,5.75
10,2,43,2.91282606125,5.25
10,2,47,3.90702962875,5.5
10,2,51,4.65805339813,5.5
10,2,52,4.22962999344,6.75
10,2,53,4.73363637924,5.5
10,2,54,4.52118587494,3.75
10,2,55,3.75620937347,5.25
10,2,56,6.21765422821,5.5
10,2,58,3.67024230957,5.0
10,2,65,2.76745080948,3.0
10,2,66,3.58385562897,4.33333
10,2,67,4.83977556229,4.75
10,2,68,5.15823316574,5.25
10,2,69,4.4703707695,4.66667
10,2,70,3.61420989037,4.0
10,2,71,6.17981910706,6.25
10,2,72,3.5236222744,5.5
10,2,73,3.88602089882,4.75
10,2,74,4.3895277977,4.5
10,2,75,3.51525783539,4.5
10,2,76,3.77192831039,3.5
10,2,77,2.77431774139,5.25
10,2,78,3.88154244423,5.5
10,2,79,3.49319958687,4.5
10,2,80,4.46125650406,5.25
10,2,81,4.68295717239,5.25
10,2,82,3.88480997086,4.25
10,2,83,3.01436400414,4.0
10,2,84,4.7068696022,5.25
10,2,85,3.02446746826,4.5
10,2,86,4.00299930573,5.5
10,2,87,4.98072338104,5.5
10,2,88,3.79856681824,4.0
10,2,89,4.0163359642,4.25
10,2,90,4.03017663956,4.25
11,1,4,5.71466779709,5.75
11,1,5,4.90097045898,4.5
11,1,6,3.91858553886,5.0
11,1,7,4.75304365158,4.25
11,1,8,4.48154783249,4.25
11,1,9,6.12684488297,4.0
11,1,10,5.15811920166,4.66667
11,1,11,5.16783285141,4.5
11,1,12,4.88563966751,5.5
11,1,13,6.28065156937,5.25
11,1,14,4.47276687622,4.25
11,1,15,4.01030302048,3.5
11,1,19,6.38718175888,6.25
11,1,20,6.19442081451,5.5
11,1,21,6.15244626999,4.25
11,1,22,5.48798418045,6.25
11,1,23,5.24070692062,5.75
11,1,24,5.54902696609,3.25
11,1,25,6.00907897949,5.0
11,1,26,5.88776493073,4.0
11,1,27,5.64550542831,4.5
11,1,28,5.93635797501,4.5
11,1,29,5.35349702835,5.5
11,1,30,6.37915277481,4.25
11,1,31,4.60125589371,5.5
11,1,32,5.63837099075,4.25
11,1,33,5.27304172516,5.0
11,1,34,5.85540676117,4.5
11,1,35,4.47095632553,4.5
11,1,36,4.76611328125,5.0
11,1,37,5.54507541656,3.75
11,1,38,6.08676338196,4.5
11,1,39,4.68105125427,5.0
11,1,48,4.18850517273,2.25
11,1,50,3.53333616257,3.0
11,1,51,4.42624092102,4.75
11,1,57,3.72271966934,2.5
11,1,62,5.38746929169,5.0
11,1,63,4.22234153748,6.25
11,1,64,3.42620158195,5.0
11,1,66,3.42860674858,3.25
11,1,68,3.99959993362,4.25
11,1,69,3.18787074089,4.0
11,1,70,2.7398993969,5.0
11,1,73,3.52127361298,5.25
11,1,75,1.60369026661,3.5
11,1,76,3.80417561531,4.0
11,1,77,3.77266263962,6.0
11,1,78,3.77485322952,5.0
11,1,79,3.16523885727,4.5
11,1,80,4.24975776672,6.0
11,1,81,6.29219675064,4.5
11,1,82,4.23764133453,4.5
11,1,83,4.18455696106,3.5
11,1,84,4.09605407715,3.5
11,1,87,6.07530164719,2.75
11,1,88,3.72650790215,3.75
11,1,90,4.45299005508,4.25
11,1,91,5.30368471146,5.5
11,1,93,3.42074847221,4.25
11,1,94,3.97131061554,5.75
11,1,95,4.07099628448,4.25
11,1,96,3.49747085571,4.75
11,1,97,3.69486355782,3.75
11,1,98,4.76342105865,4.5
11,1,99,2.6225361824,5.0
11,2,3,3.06476354599,4.0
11,2,4,3.18577122688,2.25
11,2,5,3.27753686905,5.5
11,2,6,3.44650745392,0.75
11,2,7,3.01676988602,5.0
11,2,8,2.96042132378,3.5
11,2,9,2.86539292336,4.75
11,2,10,4.41579008102,2.25
11,2,12,3.5466864109,3.75
11,2,17,3.95452308655,4.0
11,2,18,3.46845793724,5.25
11,2,19,3.36019134521,4.75
11,2,20,4.22285461426,6.25
11,2,21,4.68517684937,3.75
11,2,22,3.86068487167,5.75
11,2,23,3.9725060463,5.0
11,2,24,3.38288521767,5.0
11,2,25,3.61652517319,3.5
11,2,26,3.61678981781,5.5
11,2,27,4.03619432449,4.5
11,2,28,5.07582902908,4.75
11,2,29,4.38448667526,4.0
11,2,30,3.51989221573,5.0
11,2,31,3.61495161057,5.25
11,2,32,4.91708135605,4.25
11,2,33,4.28885316849,6.5
11,2,34,4.91107416153,3.75
11,2,35,4.92376613617,4.25
11,2,36,4.14000320435,5.0
11,2,37,3.56335449219,4.25
11,2,38,3.2700741291,4.5
11,2,39,3.29614472389,4.25
11,2,40,2.83080339432,4.75
11,2,41,3.84881353378,4.75
11,2,42,3.04576396942,5.25
11,2,43,3.65273928642,5.5
11,2,44,4.20404434204,4.25
11,2,45,4.02004671097,4.25
11,2,46,3.9934835434,4.0
11,2,47,3.69788694382,6.5
11,2,48,4.20080947876,2.75
11,2,49,3.76188063622,4.25
11,2,50,3.80650448799,4.5
11,2,51,3.66774964333,5.0
11,2,52,4.50189399719,4.5
11,2,53,4.15983104706,3.75
11,2,54,4.45855522156,4.5
11,2,55,4.7246427536,4.75
11,2,56,2.58693480492,2.5
11,2,60,3.33954834938,3.25
11,2,61,2.72052764893,1.75
11,2,62,2.42407870293,2.75
11,2,63,3.58488106728,4.25
11,2,64,4.25022411346,2.5
11,2,65,2.69615292549,1.75
11,2,66,3.30347251892,4.75
11,2,67,3.32164001465,4.0
11,2,68,2.13876080513,3.25
11,2,69,4.17793321609,4.25
11,2,72,2.94390487671,4.25
11,2,73,3.32760286331,4.25
11,2,74,2.49813199043,2.5
11,2,75,3.43028283119,5.5
11,2,76,2.74442982674,4.5
11,2,77,2.51887106895,5.5
11,2,78,2.56051421165,4.25
11,2,79,3.46210980415,3.75
11,2,80,2.65829634666,3.0
11,2,81,1.84010946751,4.75
11,2,82,2.68683338165,4.0
11,2,83,2.97847056389,4.75
11,2,84,2.99569892883,5.0
11,2,85,3.55114197731,5.75
11,2,86,2.67968130112,4.25
11,2,87,3.17704510689,5.0
11,2,88,2.51391196251,4.75
11,2,89,3.14453744888,3.25
11,2,90,3.26007175446,4.5
11,2,91,3.14633083344,5.5
11,2,92,3.23594117165,5.0
11,2,93,2.55917048454,4.25
11,2,94,3.06978201866,4.0
11,2,95,2.81317162514,5.0
11,2,96,3.71430969238,3.75
11,2,97,3.47652959824,5.0
11,2,98,3.58786416054,5.5
11,2,99,3.49932980537,4.5
11,2,100,2.29671168327,4.75
11,2,101,2.20022201538,3.75
11,2,102,2.51854252815,5.25
11,2,103,2.50869226456,6.0
11,2,104,3.36868333817,4.5
11,2,105,2.6015226841,3.0
11,2,106,3.32355046272,4.75
11,2,109,2.50883817673,4.75
12,1,2,5.63828468323,6.5
12,1,3,4.55387353897,6.0
12,1,5,4.21718168259,6.0
12,1,6,3.95315027237,5.0
12,1,7,4.15248632431,6.25
12,1,8,4.80459022522,5.25
12,1,9,4.75293874741,4.75
12,1,10,4.1500005722,5.25
12,1,11,4.01878261566,5.0
12,1,12,4.13867235184,5.75
12,1,69,4.69338560104,4.0
12,2,4,4.71073389053,5.25
12,2,5,4.84277486801,5.0
16,2,5,3.85662269592,4.0
16,2,6,4.185754776,4.5
16,2,7,3.28896450996,5.0
16,2,8,4.19928455353,3.25
16,2,9,3.85743188858,3.5
16,2,10,3.91993141174,5.5
16,2,11,4.31493330002,4.5
16,2,12,3.35863375664,5.5
16,2,13,4.44636297226,4.5
16,2,14,3.20304703712,4.0
16,2,15,4.68957805634,4.25
16,2,21,3.9638671875,3.75
16,2,22,2.72590398788,1.75
16,2,23,3.53576350212,2.5
16,2,24,3.62636160851,3.5
16,2,25,3.36678743362,3.0
16,2,26,2.12692451477,3.25
16,2,27,3.21450567245,4.25
16,2,28,1.36835622787,3.25
16,2,29,1.59962701797,2.0
16,2,30,3.53010034561,3.0
16,2,31,3.11315774918,2.0
16,2,32,3.22859048843,2.75
16,2,33,3.64772415161,1.5
16,2,34,1.93547284603,2.25
16,2,35,3.80347466469,2.5
16,2,36,2.61516189575,3.75
16,2,37,3.05260443687,4.5
16,2,38,3.64231348038,4.0
16,2,39,3.05859780312,2.25
16,2,40,2.64685225487,2.0
16,2,41,3.47262716293,1.75
16,2,42,3.02467679977,2.5
16,2,43,2.53238987923,2.25
16,2,44,2.52394270897,2.75
16,2,45,3.48906421661,3.0
16,2,46,2.46620845795,2.5
16,2,47,1.46599030495,1.75
16,2,48,2.46904540062,3.25
16,2,49,3.12244176865,2.75
16,2,50,2.32833719254,2.25
16,2,51,2.3058757782,3.5
16,2,52,1.47811686993,2.25
16,2,53,3.06961297989,4.0
16,2,54,2.94048213959,1.25
16,2,55,3.00056290627,4.0
16,2,56,3.73983383179,4.75
16,2,57,3.15225601196,3.0
16,2,58,3.46679592133,2.25
16,2,60,4.1534743309,3.0
16,2,61,4.34765338898,2.5
16,2,65,3.33665823936,5.0
16,2,66,3.83596968651,5.75
16,2,67,3.48685646057,3.5
16,2,68,3.19775366783,1.25
16,2,69,2.28171753883,1.75
16,2,70,2.48857569695,1.75
16,2,71,3.65110301971,4.0
16,2,72,3.67355442047,2.25
16,2,73,3.26970338821,4.0
16,2,76,4.08532524109,3.0
16,2,77,4.0670375824,5.5
16,2,78,3.80791258812,4.25
16,2,79,4.05844783783,5.0
16,2,80,4.03050804138,4.0
16,2,81,4.55966472626,2.5
16,2,82,3.80363416672,2.25
16,2,83,4.4995136261,4.5
16,2,84,3.6854288578,3.75
16,2,85,3.98309779167,3.5
16,2,86,3.07289266586,4.5
16,2,87,3.56227374077,3.5
16,2,88,2.97684669495,3.75
16,2,89,3.20326828957,1.75
16,2,90,3.07302570343,1.75
16,2,91,3.41629600525,3.25
16,2,92,3.42039442062,2.5
16,2,93,2.78873133659,4.0
16,2,94,3.67072343826,4.0
16,2,95,3.70002293587,3.5
16,2,96,2.46244001389,3.5
16,2,97,2.95028662682,2.75
16,2,98,3.65261387825,4.5
16,2,99,3.66037631035,3.25
16,2,100,3.8514957428,3.25
16,2,101,2.76564669609,5.0
16,2,102,2.33992195129,1.75
16,2,103,1.60962820053,3.25
16,2,104,2.14628052711,1.75
16,2,105,3.48503232002,3.75
16,2,106,3.6739218235,2.75
16,2,107,3.07046318054,3.25
16,2,108,2.90678834915,2.75
16,2,109,4.0257601738,4.5
16,2,110,3.37667942047,2.25
16,2,111,2.63519001007,3.5
16,2,112,2.72048830986,1.5
16,2,113,2.97995042801,2.5
16,2,114,3.98677492142,3.5
16,2,115,4.10305452347,2.75
17,1,4,3.12734508514,2.75
17,1,5,2.52902436256,2.75
17,1,6,3.13353347778,2.75
17,1,7,1.98570418358,2.75
17,1,8,2.85945558548,2.75
17,1,9,1.93907082081,1.5
17,1,10,1.78228068352,1.5
17,1,12,1.96783125401,2.25
17,1,17,1.42660140991,3.0
17,1,18,2.43742895126,2.75
17,1,19,2.57828974724,4.0
17,1,20,2.07489871979,3.5
17,1,21,1.7483086586,2.5
17,1,22,1.73332428932,3.0
17,1,23,2.58695435524,2.5
17,1,24,2.43315815926,3.25
17,1,25,2.4499475956,3.75
17,1,26,2.95822811127,3.0
17,1,27,2.45424818993,4.5
17,1,29,1.80221021175,4.0
17,1,30,2.35183477402,5.25
17,1,31,2.34898638725,4.0
17,1,32,2.67250537872,4.5
17,1,33,1.91929769516,3.75
17,1,34,1.60952734947,3.25
17,1,35,1.4131115675,2.5
17,1,36,2.04893541336,2.75
17,1,37,1.71583223343,2.5
17,1,38,1.33145558834,2.25
17,1,39,2.27946162224,4.5
17,1,40,1.18043529987,3.0
17,1,41,1.90368640423,3.25
17,1,42,1.76002132893,3.75
17,1,43,2.88500499725,4.25
17,1,44,1.21462273598,3.5
17,1,45,1.5620020628,3.0
17,1,46,2.10536003113,4.0
17,1,51,1.61007165909,3.0
17,1,52,3.14477705956,2.75
17,1,53,1.99355947971,2.75
17,1,54,2.56533288956,3.25
17,1,55,1.72940826416,2.5
17,1,56,2.41986036301,3.25
17,1,59,4.67419815063,2.5
17,1,60,3.58509421349,3.0
17,1,61,2.29820513725,2.25
17,1,62,3.21070075035,1.75
17,1,63,2.27507734299,1.75
17,1,64,3.46641969681,1.0
17,1,65,2.13998198509,1.25
17,1,67,3.20888257027,3.0
17,1,68,2.41414189339,3.75
17,1,69,2.98758602142,2.5
17,1,72,3.41899013519,5.25
17,1,73,2.08416056633,4.25
17,1,74,1.77368915081,3.25
17,1,75,1.97187316418,1.75
17,1,76,3.95363545418,4.5
17,1,77,2.48552513123,3.5
17,1,78,2.21695280075,4.25
17,1,79,3.07927846909,3.25
17,1,80,2.95387935638,4.25
17,1,81,1.63868105412,4.5
17,1,82,2.48834466934,5.0
17,1,83,1.85584056377,3.5
17,1,84,3.93195295334,4.25
17,1,85,2.33027029037,4.75
17,1,86,2.1601088047,4.0
17,1,87,2.25205159187,2.5
17,1,88,2.78411769867,4.25
17,1,89,2.61750602722,3.25
17,1,90,2.74218058586,5.5
17,1,91,4.27366542816,3.5
17,1,92,2.69857692719,5.25
17,1,93,2.85297179222,3.5
17,1,94,2.2130959034,3.5
17,1,95,2.79117059708,5.25
17,1,96,2.39378595352,1.5
17,1,97,1.6067378521,2.5
17,1,98,2.16004681587,3.5
17,1,99,1.44995999336,3.5
17,1,100,2.14446425438,2.75
17,1,101,2.84644436836,3.0
17,1,102,2.01095342636,3.75
17,1,104,2.55075621605,3.25
17,1,105,3.37184667587,3.75
17,1,106,2.51876115799,2.75
17,1,107,2.22902941704,3.25
17,1,108,2.56400728226,2.5
18,1,2,3.14635205269,4.25
18,1,3,4.18122434616,2.25
18,1,4,3.31303310394,3.0
18,1,5,3.33120512962,1.5
18,1,6,2.84243988991,3.5
18,1,7,2.30085992813,2.5
18,1,8,4.52214956284,2.25
18,1,9,3.69175601006,2.0
18,1,10,4.13939094543,1.75
18,1,11,6.30123901367,5.75
18,1,12,6.26517438889,6.0
18,1,16,3.16943407059,2.33333
18,1,17,1.92999947071,3.0
18,1,18,4.45589876175,2.75
18,1,19,4.01821708679,2.75
18,1,20,6.17956781387,2.75
18,1,21,4.6557841301,2.5
18,1,28,3.96977376938,3.25
18,1,29,3.84316325188,3.75
18,1,30,3.5078663826,2.75
18,1,31,4.25820350647,3.75
18,1,32,3.19404149055,1.25
18,1,33,3.44286060333,1.0
18,1,34,4.58247470856,2.25
18,1,35,4.26892089844,2.25
18,1,36,3.85598754883,2.25
18,1,37,4.15402269363,2.75
18,1,38,2.90233302116,3.5
18,1,39,3.00866794586,4.0
18,1,40,2.79005455971,4.0
18,1,41,5.59324359894,4.0
18,1,42,3.66647410393,2.5
18,1,43,2.99986362457,4.25
18,1,44,2.0591802597,2.5
18,1,45,4.84017944336,4.75
18,1,46,4.77943992615,2.25
18,1,47,4.41017055511,1.75
18,1,48,3.93721079826,1.75
18,1,49,2.59288907051,1.5
18,1,50,3.2719347477,2.25
18,1,51,3.33154344559,1.25
18,1,53,4.43278312683,3.25
18,1,54,2.84697270393,1.25
18,1,55,2.40780282021,1.75
18,1,56,3.12147879601,3.25
18,1,59,2.77318787575,1.66667
18,1,60,4.55132055283,1.0
18,1,61,2.02855944633,3.25
18,1,62,3.21642112732,1.5
18,1,64,4.55508756638,2.25
18,1,65,2.90672755241,1.0
18,1,66,3.81700658798,1.75
18,1,67,3.27223134041,1.0
18,1,68,3.73315834999,2.5
18,1,74,2.91755819321,1.5
18,1,75,3.27481102943,1.0
18,1,76,2.87169623375,2.0
18,1,77,2.96036601067,1.0
18,1,78,4.27140951157,2.0
18,1,79,3.36335539818,2.25
18,1,80,3.28297662735,3.5
18,1,81,4.01857948303,3.75
18,1,82,2.32307577133,3.25
18,1,84,2.68186879158,4.5
18,1,85,4.03898572922,4.0
18,1,90,3.02005910873,2.5
18,1,91,4.87176942825,2.5
18,1,92,3.07743501663,2.25
18,1,93,5.13822841644,2.0
18,1,94,2.30195522308,2.5
18,1,95,4.32998085022,4.25
18,1,96,3.24571537971,2.5
18,1,97,3.4145181179,3.25
18,1,98,2.5129532814,2.25
18,1,99,2.61041784286,2.5
18,1,100,2.32574772835,3.75
18,1,101,3.49659919739,2.25
18,1,102,2.5259912014,2.25
18,1,103,2.71995854378,2.0
18,1,104,2.36038041115,3.25
18,1,105,2.73774862289,1.75
18,1,109,4.70640563965,3.0
18,1,111,3.2265381813,2.75
