3,1,1,4.0134,3.875
3,1,1,4.7265,3.875
3,1,2,4.1685,4.5
3,1,2,4.4895,4.5
3,1,3,4.1028,3.0
3,1,3,4.4195,3.0
3,1,4,4.0512,3.25
3,1,4,4.6408,3.25
3,1,5,4.1113,6.0
3,1,5,4.4477,6.0
3,1,6,4.1513,4.5
3,1,6,4.4579,4.5
3,1,7,4.1230,4.75
3,1,7,4.3309,4.75
3,1,8,3.9660,3.5
3,1,8,4.3125,3.5
3,1,10,4.0130,2.875
3,1,10,4.5028,2.875
3,1,14,4.0196,3.75
3,1,14,4.0672,3.75
3,1,15,4.1608,5.0
3,1,15,4.4920,5.0
3,1,16,3.9972,4.75
3,1,16,4.4170,4.75
3,1,17,4.0247,5.0
3,1,17,4.5096,5.0
3,1,18,4.0996,3.75
3,1,18,4.5855,3.75
3,1,20,4.0576,2.5
3,1,20,4.6141,2.5
3,1,21,4.1140,4.5
3,1,21,4.3026,4.5
3,1,22,4.1066,4.83333
3,1,22,4.3902,4.83333
3,1,24,4.0851,4.5
3,1,24,4.6338,4.5
3,1,25,4.0415,5.5
3,1,25,4.1182,5.5
3,1,26,4.0892,4.0
3,1,26,4.2394,4.0
3,1,27,4.1773,5.25
3,1,27,4.5260,5.25
3,1,28,4.1410,4.75
3,1,28,4.5506,4.75
3,1,29,4.0337,1.25
3,1,29,4.6508,1.25
3,1,30,3.9899,4.5
3,1,30,4.7223,4.5
3,1,33,4.0583,3.0
3,1,33,4.5597,3.0
3,1,34,4.0604,4.125
3,1,34,4.5955,4.125
3,1,35,3.9833,4.375
3,1,35,4.5318,4.375
3,1,40,4.0515,5.0
3,1,40,4.3710,5.0
3,1,43,3.7712,4.0
3,1,43,4.6359,4.0
3,1,44,3.9590,3.0
3,1,44,4.6198,3.0
3,1,45,3.9150,4.25
3,1,45,4.7770,4.25
3,1,46,3.9955,5.0
3,1,46,4.7946,5.0
3,1,47,3.8614,4.25
3,1,47,4.9123,4.25
3,1,48,3.9001,2.5
3,1,48,4.6984,2.5
3,1,49,3.9176,5.0
3,1,49,4.7824,5.0
3,1,50,4.0802,4.66667
3,1,50,4.6215,4.66667
3,1,51,3.9754,4.5
3,1,51,4.8054,4.5
3,1,52,3.8417,3.5
3,1,52,4.8430,3.5
3,1,55,4.0884,3.25
3,1,55,4.1895,3.25
3,1,56,3.8360,4.0
3,1,56,4.5710,4.0
3,1,57,3.8095,4.875
3,1,57,4.5882,4.875
3,1,58,4.0467,4.5
3,1,58,4.6404,4.5
3,1,59,3.9929,5.5
3,1,59,4.3946,5.5
3,1,60,3.9734,5.5
3,1,60,4.3542,5.5
3,1,61,3.9883,5.5
3,1,61,4.2696,5.5
3,1,62,3.8304,4.375
3,1,62,4.4394,4.375
3,1,63,3.7834,4.75
3,1,63,4.5325,4.75
3,1,64,3.9326,5.75
3,1,64,4.3067,5.75
3,1,65,4.1147,6.25
3,1,65,4.4311,6.25
3,1,66,4.1061,3.0
3,1,66,4.5888,3.0
3,1,70,4.0584,2.75
3,1,70,4.7049,2.75
3,1,71,3.9372,2.0
3,1,71,4.7412,2.0
3,1,73,3.6744,3.0
3,1,73,4.5991,3.0
3,1,74,4.1918,4.0
3,1,74,4.5613,4.0
3,1,75,3.9354,4.0
3,1,75,4.1266,4.0
3,1,78,4.0570,5.25
3,1,78,4.6871,5.25
3,1,79,4.1215,5.25
3,1,79,4.7556,5.25
3,1,80,4.0106,2.75
3,1,80,4.8938,2.75
3,1,81,3.9136,2.75
3,1,81,4.2126,2.75
3,1,82,4.0187,3.0
3,1,82,4.8014,3.0
3,1,83,3.9977,4.5
3,1,83,4.8297,4.5
3,1,84,3.9876,3.75
3,1,84,4.7988,3.75
3,1,85,3.9631,2.0
3,1,85,4.6423,2.0
3,1,86,3.9467,4.25
3,1,86,4.6481,4.25
3,1,87,4.0368,4.25
3,1,87,4.7050,4.25
3,1,88,4.1309,4.0
3,1,88,4.7495,4.0
3,1,89,4.0982,4.25
3,1,89,4.7315,4.25
3,1,90,4.0831,3.75
3,1,90,4.4744,3.75
3,1,91,4.0179,4.0
3,1,91,4.4020,4.0
3,1,92,4.0070,3.5
3,1,92,4.3158,3.5
3,1,93,3.9538,3.25
3,1,93,4.4738,3.25
3,1,94,4.0314,3.25
3,1,94,4.5766,3.25
3,1,95,4.0628,3.75
3,1,95,4.6024,3.75
3,1,96,4.0005,3.875
3,1,96,4.6331,3.875
3,1,97,3.9553,1.25
3,1,97,3.8670,1.25
3,1,98,3.8291,1.75
3,1,98,4.4006,1.75
3,1,99,4.0477,1.5
3,1,99,4.7140,1.5
3,1,100,4.1693,2.375
3,1,100,4.6400,2.375
3,1,101,4.1371,4.375
3,1,101,4.7555,4.375
3,1,102,4.1750,5.25
3,1,102,4.5871,5.25
3,1,103,4.0281,1.5
3,1,103,4.6949,1.5
3,1,104,4.0180,3.5
3,1,104,4.6007,3.5
3,1,105,4.0691,1.25
3,1,105,4.6595,1.25
3,1,106,4.1288,2.75
3,1,106,4.2614,1.875
3,2,2,4.5281,1.875
3,2,2,4.6879,3.25
3,2,5,4.4039,3.25
3,2,5,4.6551,5.25
3,2,6,4.3431,5.25
3,2,6,4.6597,6.0
3,2,7,4.3818,6.0
3,2,7,4.6693,6.0
3,2,8,4.4007,6.0
3,2,8,4.7427,4.5
3,2,9,4.4019,4.5
3,2,9,4.6596,4.0
3,2,10,4.3318,4.0
3,2,10,4.6662,4.125
3,2,11,4.4363,4.125
3,2,11,4.6606,5.25
3,2,12,4.4637,5.25
3,2,12,4.6913,5.0
3,2,13,4.3681,5.0
3,2,13,4.6597,3.75
3,2,14,4.4471,3.75
3,2,14,4.5493,2.5
3,2,26,4.4861,2.5
3,2,26,4.6461,4.0
3,2,27,4.5003,4.0
3,2,27,4.6541,4.0
3,2,28,4.4689,4.0
3,2,28,4.7513,4.0
3,2,29,4.3803,4.0
3,2,29,4.7962,3.625
3,2,30,4.4653,3.625
3,2,30,4.6736,3.25
3,2,31,4.4194,3.25
3,2,31,4.6551,3.25
3,2,32,4.1655,3.25
3,2,32,4.6284,3.5
3,2,34,4.5638,3.5
3,2,34,4.5097,3.875
3,2,35,4.5175,3.875
3,2,35,4.5762,2.75
3,2,36,4.4533,2.75
3,2,36,4.6487,2.25
3,2,37,4.5032,2.25
3,2,37,4.5005,3.25
3,2,38,4.4395,3.25
3,2,38,4.4885,4.25
3,2,39,4.4112,4.25
3,2,39,4.5353,2.75
3,2,40,4.3639,2.75
3,2,40,4.4959,3.5
3,2,41,4.2861,3.5
3,2,41,4.5954,2.5
3,2,42,4.4048,2.5
3,2,42,4.5956,4.0
3,2,43,4.3868,4.0
3,2,43,4.6138,5.0
3,2,44,4.2614,5.0
3,2,44,4.4394,3.25
3,2,45,4.3712,3.25
3,2,45,4.3388,4.5
3,2,46,4.4291,4.5
3,2,46,4.3373,3.875
3,2,47,4.4865,3.875
3,2,47,4.1846,4.25
3,2,48,4.4043,4.25
3,2,48,4.4718,3.75
3,2,50,4.2442,3.75
3,2,50,4.6486,4.0
3,2,51,4.4656,4.0
3,2,51,4.6706,1.5
3,2,52,4.4096,1.5
3,2,52,4.6176,4.5
3,2,53,4.3440,4.5
3,2,53,4.5955,3.33333
3,2,55,4.3845,3.33333
3,2,55,4.6391,4.25
3,2,56,4.2722,4.25
3,2,56,4.1784,2.25
3,2,59,4.1825,2.25
3,2,59,4.0945,3.75
3,2,60,4.2135,3.75
3,2,60,4.0421,4.375
3,2,61,4.3451,4.375
3,2,61,4.2526,5.25
3,2,62,4.1939,5.25
3,2,62,4.1302,1.25
3,2,63,4.1443,1.25
3,2,63,4.0993,2.375
3,2,64,4.2454,2.375
3,2,64,4.2763,3.75
3,2,66,4.0961,3.75
3,2,66,4.4595,5.25
3,2,67,4.1930,5.25
3,2,67,4.1718,5.5
3,2,68,4.3707,5.5
3,2,68,3.6554,1.25
3,2,69,4.2311,1.25
3,2,69,4.0244,3.66667
3,2,70,4.0159,3.66667
3,2,70,4.0046,2.375
3,2,71,4.0826,2.375
3,2,71,4.5781,3.75
3,2,73,4.0796,3.75
3,2,73,4.5715,2.75
3,2,78,4.3471,2.75
3,2,78,4.5937,3.75
3,2,79,4.2249,3.75
3,2,79,4.5189,4.75
3,2,80,4.6026,4.75
3,2,80,4.6897,4.375
3,2,81,4.4839,4.375
3,2,81,4.6758,3.25
3,2,82,4.3328,3.25
3,2,82,4.6254,4.25
3,2,83,4.1672,4.25
3,2,83,4.3444,4.0
3,2,84,4.0297,4.0
3,2,84,4.4665,3.25
3,2,85,4.3698,3.25
3,2,85,4.6153,2.75
3,2,86,4.5150,2.75
3,2,86,4.7684,3.75
3,2,87,4.4302,3.75
3,2,87,4.4030,4.0
3,2,88,4.1929,4.0
3,2,88,4.6158,4.25
3,2,90,4.6311,4.25
3,2,90,4.5136,4.5
3,2,91,4.4543,4.5
3,2,91,4.5806,3.75
3,2,94,4.1170,3.75
3,2,94,4.6311,1.5
3,2,95,4.4275,1.5
3,2,95,4.7182,3.125
3,2,96,4.4772,3.125
3,2,96,4.6498,5.0
3,2,97,4.4896,5.0
3,2,97,4.6738,4.5
3,2,98,4.2939,4.5
3,2,98,4.7318,2.625
3,2,99,4.2911,2.625
3,2,99,4.6729,1.25
3,2,100,4.4599,1.25
3,2,100,4.3908,3.125
3,2,101,4.5344,3.125
3,2,101,4.5895,2.0
3,2,102,4.5950,2.0
3,2,102,4.5928,4.0
3,2,103,4.4932,4.0
3,2,103,4.4424,3.5
3,2,104,4.1888,3.5
3,2,104,4.6492,3.5
3,2,105,4.4462,3.5
3,2,105,4.3775,3.875
3,2,106,4.5458,3.875
3,2,106,4.6305,4.625
3,2,107,3.8955,4.625
3,2,107,4.7541,4.0
3,2,108,4.1015,4.0
3,2,108,4.5101,4.25
3,2,110,4.5460,4.25
3,2,110,4.3640,3.5
3,2,111,4.4194,3.5
3,2,111,4.4239,3.0
4,1,23,3.1390,1.0
4,1,23,2.6806,1.0
4,1,30,3.7331,1.125
4,1,30,2.5740,1.125
4,1,31,3.5941,2.25
4,1,31,2.7078,2.25
4,1,32,3.5009,1.5
4,1,32,2.7788,1.5
4,1,33,3.4694,1.5
4,1,33,2.7021,1.5
4,1,34,3.0738,1.5
4,1,34,2.7128,1.5
4,1,35,3.5420,1.75
4,1,35,2.7103,1.75
4,1,36,3.5334,0.875
4,1,36,2.6807,0.875
4,1,37,3.5158,2.25
4,1,37,2.6108,2.25
4,1,38,3.6438,2.5
4,1,38,2.6131,2.5
4,1,39,3.7517,2.5
4,1,39,2.6616,2.5
4,1,40,3.7494,4.0
4,1,40,2.5915,4.0
4,1,41,3.5062,2.5
4,1,41,2.3921,2.5
4,1,42,3.4916,1.75
4,1,42,2.5656,1.75
4,1,45,3.2133,2.125
4,1,45,2.6870,2.125
4,1,46,3.4741,3.75
4,1,46,2.6944,3.75
4,1,48,3.4915,1.5
4,1,48,2.6239,1.5
4,1,49,3.7327,4.25
4,1,49,2.6029,4.25
4,1,50,3.5779,2.0
4,1,50,2.6210,2.0
4,1,51,2.9116,2.75
4,1,51,2.6748,2.75
4,1,52,3.6484,3.25
4,1,52,2.3213,3.25
4,1,54,3.5765,3.375
4,1,54,2.5680,3.375
4,1,55,3.5278,2.5
4,1,55,2.4884,2.5
4,1,56,3.5319,2.0
4,1,56,2.4759,2.0
4,1,57,3.5059,2.75
4,1,57,2.6214,2.75
4,1,58,3.6807,2.25
4,1,58,2.6127,2.25
4,1,59,3.4307,1.875
4,1,59,2.5023,1.875
4,1,63,3.1905,1.0
4,1,63,2.7130,1.0
4,1,64,3.0545,3.5
4,1,64,2.5970,3.5
4,1,65,3.2628,4.75
4,1,65,2.5833,4.75
4,1,66,2.9881,1.0
4,1,66,2.6688,1.0
4,1,67,3.4321,1.75
4,1,67,2.5578,1.75
4,1,68,3.3049,5.5
4,1,68,2.4288,5.5
4,1,69,3.4345,5.5
4,1,69,2.4929,5.5
4,1,70,3.4123,5.25
4,1,70,2.5930,5.25
4,1,71,3.5862,2.125
4,1,71,2.5685,2.125
4,1,72,3.3016,2.375
4,1,72,2.5989,2.375
4,1,73,3.5415,4.25
4,1,73,2.5658,4.25
4,1,74,3.6679,3.5
4,1,74,2.4787,3.5
4,1,75,2.8081,4.75
4,1,75,2.6422,4.75
4,1,77,3.3979,2.625
4,1,77,2.4502,2.625
4,1,99,3.0805,2.375
4,1,99,2.7900,2.375
4,1,102,3.6607,1.5
4,1,102,2.7316,1.5
4,1,104,3.2712,1.25
4,1,104,2.5454,1.25
4,1,105,3.5617,3.625
4,1,105,2.7409,3.625
4,1,110,3.6494,4.0
4,1,110,2.2086,4.0
4,1,111,3.6319,3.5
4,1,111,2.7407,3.5
4,1,112,3.6073,1.0
7,1,1,4.1639,3.5
7,1,1,3.6277,3.5
7,1,2,4.2034,5.5
7,1,2,3.6648,5.5
7,1,3,4.0727,4.75
7,1,3,3.7612,4.75
7,1,4,4.4304,3.25
7,1,4,3.7338,3.25
7,1,5,4.3425,4.75
7,1,5,3.6027,4.75
7,1,7,4.0832,2.25
7,1,7,3.8774,2.25
7,1,8,3.9072,4.5
7,1,8,3.5696,4.5
7,1,9,3.8856,2.0
7,1,9,3.5956,2.0
7,1,10,3.8725,2.75
7,1,10,3.7773,2.75
7,1,11,4.1638,1.75
7,1,11,3.6307,1.75
7,1,12,3.7553,5.0
7,1,12,3.5237,5.0
7,1,13,4.1008,3.0
7,1,13,3.5624,3.0
7,1,14,4.0788,1.75
7,1,14,3.8324,1.75
7,1,18,4.0158,6.0
7,1,18,3.7331,6.0
7,1,19,4.2421,4.75
7,1,19,3.5824,4.75
7,1,20,4.2795,5.25
7,1,20,3.8298,5.25
7,1,22,4.1333,3.75
7,1,22,3.9213,3.75
7,1,23,4.0894,4.0
7,1,23,3.8014,4.0
7,1,24,4.0021,5.0
7,1,24,3.6848,5.0
7,1,25,4.0217,4.5
7,1,25,3.9088,4.5
7,1,26,4.1854,3.0
7,1,26,3.6147,3.0
7,1,27,4.2201,4.25
7,1,27,3.9506,4.25
7,1,28,4.0120,5.25
7,1,28,3.8843,5.25
7,1,29,4.1246,4.25
7,1,29,4.0568,4.25
7,1,30,4.0666,3.0
7,1,30,3.5918,3.0
7,1,31,4.1165,4.5
7,1,31,3.8930,4.5
7,1,32,4.1081,3.75
7,1,32,3.8461,3.75
7,1,33,3.9779,4.75
7,1,33,3.8118,4.75
7,1,34,3.9638,5.5
7,1,34,3.9473,5.5
7,1,35,3.8352,6.0
7,1,35,3.5396,6.0
7,1,36,3.9554,4.25
7,1,36,3.9141,4.25
7,1,37,3.8749,4.25
7,1,37,3.8914,4.25
7,1,38,3.8641,3.5
7,1,38,3.8091,3.5
7,1,39,4.0918,5.5
7,1,39,3.7711,5.5
7,1,40,4.0891,5.5
7,1,40,3.9597,5.5
7,1,41,3.9944,4.75
7,1,41,3.8046,4.75
7,1,42,4.1826,3.0
7,1,42,3.9294,3.0
7,1,43,3.9062,3.5
7,1,43,3.8362,3.5
7,1,44,3.9015,6.25
7,1,44,3.5331,6.25
7,1,45,3.9674,4.5
7,1,45,3.5889,4.5
7,1,46,4.1631,4.0
7,1,46,3.9819,4.0
7,1,47,3.9517,4.5
7,1,47,3.9436,4.5
7,1,48,4.0100,1.5
7,1,48,3.7556,1.5
7,1,49,3.9928,4.5
7,1,49,3.8568,4.5
7,1,50,4.3136,5.0
7,1,50,4.0529,5.0
7,1,51,4.3257,3.5
7,1,51,3.3573,3.5
7,1,52,4.0423,0.75
7,1,52,3.8150,0.75
7,1,53,4.1131,5.5
7,1,53,3.7704,5.5
7,1,55,4.0931,2.5
7,1,55,3.5644,2.5
7,1,57,4.1763,4.25
7,1,57,3.1527,4.25
7,1,58,3.8196,6.0
7,1,58,3.5862,6.0
7,1,59,3.8988,5.25
7,1,59,3.4952,5.25
7,1,60,3.8597,3.25
7,1,60,3.6048,3.25
7,1,61,4.0001,5.0
7,1,61,3.6093,5.0
7,1,62,3.8936,4.5
7,1,62,3.6391,4.5
7,1,63,4.2155,5.5
7,1,63,3.6955,5.5
7,1,64,3.6162,5.0
7,1,64,3.5860,5.0
7,1,65,3.7491,5.25
7,1,65,3.4111,5.25
7,1,66,4.1591,4.25
7,1,66,3.5247,4.25
7,1,67,4.0916,4.75
7,1,67,3.6445,4.75
7,1,68,3.9577,4.25
7,1,68,3.7768,4.25
7,1,69,3.9271,5.5
7,1,69,3.7195,5.5
7,1,70,3.8964,5.5
7,1,70,3.7751,5.5
7,1,71,3.8781,4.75
7,1,71,3.5913,4.75
7,1,72,3.8560,2.0
7,1,72,3.5493,2.0
7,1,73,3.7930,1.0
7,1,73,3.6934,1.0
7,1,74,3.6764,4.25
7,1,74,3.7509,4.25
7,1,75,3.8252,4.75
7,1,75,3.4443,4.75
7,1,76,4.0849,2.75
7,1,76,3.7611,2.75
7,1,78,3.8680,4.0
7,1,78,3.5451,4.0
7,1,79,3.7460,3.0
7,1,79,4.0050,3.0
7,1,80,3.9380,2.0
7,1,80,3.5806,2.0
7,1,81,3.8203,4.0
7,1,81,3.7319,4.0
7,1,82,3.9660,5.25
7,1,82,3.7169,5.25
7,1,83,4.0051,4.75
7,1,83,3.7759,4.75
7,1,84,3.9319,4.75
7,1,84,3.7258,4.75
7,1,86,4.0047,3.25
7,1,86,3.7804,3.25
7,1,88,4.1556,6.5
7,1,88,3.8055,6.5
7,1,90,4.1129,4.0
7,1,90,3.7248,4.0
7,1,92,3.8778,5.75
7,1,92,3.8449,5.75
7,1,93,4.1642,4.25
7,1,93,3.4681,4.25
7,1,94,4.1012,3.0
7,1,94,3.7442,3.0
7,1,95,4.0539,4.75
7,1,95,3.7842,4.75
7,1,96,4.1089,5.5
7,1,96,3.7461,5.5
7,1,97,3.9150,5.5
7,1,97,3.5179,5.5
7,1,98,4.0029,3.25
7,1,98,3.8554,3.25
7,1,101,4.0145,4.0
7,1,101,3.7630,4.0
7,1,102,4.1076,4.25
7,1,102,3.6727,4.25
7,1,103,3.9845,3.25
7,1,103,3.5433,3.25
7,1,104,3.7991,4.75
7,1,104,3.4970,4.75
7,1,105,4.0323,4.75
7,1,105,3.6616,4.75
7,1,106,3.6706,4.75
7,1,106,3.5221,4.75
7,1,109,3.6611,6.25
7,1,109,4.1048,4.25
7,2,1,3.8021,4.25
7,2,1,3.9634,2.75
7,2,2,3.9325,2.75
7,2,2,3.8840,5.75
7,2,3,3.9678,5.75
7,2,3,3.7869,3.0
7,2,4,4.0596,3.0
7,2,4,3.5205,3.25
7,2,5,3.8750,3.25
7,2,5,3.9062,4.0
7,2,6,4.1437,4.0
7,2,6,4.0730,5.0
7,2,7,3.9815,5.0
7,2,7,4.1031,4.0
7,2,8,3.9026,4.0
7,2,8,4.0009,4.0
7,2,9,3.9137,4.0
7,2,9,3.9386,4.0
7,2,10,4.0717,4.0
7,2,10,3.9020,2.75
7,2,11,4.0468,2.75
7,2,11,3.9978,4.25
7,2,12,3.9515,4.25
7,2,12,3.9629,4.75
7,2,13,3.8121,4.75
7,2,13,4.3225,5.5
7,2,14,3.9708,5.5
7,2,14,4.0158,5.0
7,2,16,4.1940,5.0
7,2,16,3.8407,6.0
7,2,17,3.8849,6.0
7,2,17,3.8603,3.5
7,2,18,4.2032,3.5
7,2,18,3.7157,4.5
7,2,19,4.1720,4.5
7,2,19,3.9029,5.5
7,2,20,3.9724,5.5
7,2,20,3.6815,1.5
7,2,21,3.7344,1.5
7,2,21,3.7298,3.0
7,2,22,3.7977,3.0
7,2,22,3.6913,1.75
7,2,23,4.1008,1.75
7,2,23,3.6559,3.75
7,2,24,3.9378,3.75
7,2,24,3.9415,4.75
7,2,25,3.9303,4.75
7,2,25,3.8822,4.25
7,2,26,4.2209,4.25
7,2,26,3.9345,4.25
7,2,27,4.3443,4.25
7,2,27,3.6616,5.75
7,2,28,4.1288,5.75
7,2,28,3.6633,1.75
7,2,29,3.7811,1.75
7,2,29,3.6265,3.0
7,2,30,4.0317,3.0
7,2,30,3.7002,3.75
7,2,31,4.0504,3.75
7,2,31,4.0615,4.5
7,2,32,3.9386,4.5
7,2,32,3.7800,1.5
7,2,33,3.7239,1.5
7,2,33,3.8884,4.25
7,2,34,4.0042,4.25
7,2,34,3.8373,3.5
7,2,35,3.8854,3.5
7,2,35,3.8376,2.5
7,2,36,3.8306,2.5
7,2,36,3.9147,3.5
7,2,37,4.1275,3.5
7,2,37,3.8587,5.25
7,2,38,3.7288,5.25
7,2,38,3.8176,4.0
7,2,39,3.7537,4.0
7,2,39,3.9010,5.25
7,2,40,3.7347,5.25
7,2,40,3.6522,3.0
7,2,42,3.7753,3.0
7,2,42,3.4741,2.75
7,2,43,3.9494,2.75
7,2,43,3.6762,4.5
7,2,44,3.9018,4.5
7,2,44,3.7305,2.5
7,2,45,4.0344,2.5
7,2,45,3.8619,4.75
7,2,46,4.1083,4.75
7,2,46,3.7749,4.0
7,2,47,4.1655,4.0
7,2,47,3.8031,3.75
7,2,48,4.0845,3.75
7,2,48,3.6708,4.0
7,2,49,4.2267,4.0
7,2,49,3.7287,4.25
7,2,50,4.1779,4.25
7,2,50,3.4991,4.75
7,2,51,3.9889,4.75
7,2,51,3.6772,3.25
7,2,52,3.5795,3.25
7,2,52,3.9687,5.0
7,2,53,3.5404,5.0
7,2,53,3.7761,4.0
7,2,55,3.9827,4.0
7,2,55,3.9249,4.75
7,2,56,3.8425,4.75
7,2,56,3.9096,1.5
7,2,57,3.7451,1.5
7,2,57,3.8477,4.0
7,2,58,3.7315,4.0
7,2,58,3.5303,4.0
7,2,60,3.9780,4.0
7,2,60,3.5360,5.5
7,2,61,3.7240,5.5
7,2,61,3.9343,5.25
7,2,63,3.5880,5.25
7,2,63,3.9759,3.25
7,2,64,3.9097,3.25
7,2,64,3.9201,5.0
7,2,65,3.7013,5.0
7,2,65,3.7853,5.5
7,2,66,3.7196,5.5
7,2,66,3.6842,6.5
7,2,68,3.4631,6.5
7,2,68,3.7492,4.25
7,2,69,3.5456,4.25
7,2,69,3.8676,3.25
7,2,70,3.7412,3.25
7,2,70,3.9176,4.0
7,2,71,3.6964,4.0
7,2,71,4.0051,4.25
7,2,72,3.7642,4.25
7,2,72,3.8999,3.25
7,2,73,3.9438,3.25
7,2,73,3.9087,2.5
7,2,74,3.5859,2.5
7,2,74,3.9124,3.5
7,2,75,3.3909,3.5
7,2,75,4.0405,4.5
7,2,76,3.4815,4.5
7,2,76,3.7471,4.25
7,2,77,3.4031,4.25
7,2,77,3.8389,5.0
7,2,78,3.3806,5.0
7,2,78,3.8798,4.0
7,2,80,3.8034,4.0
7,2,80,4.0432,3.25
7,2,82,3.7131,3.25
7,2,82,4.0059,5.0
7,2,83,3.9078,5.0
7,2,83,3.8637,3.75
7,2,84,3.7179,3.75
7,2,84,4.0242,2.5
7,2,85,3.8718,2.5
7,2,85,3.8021,2.5
7,2,86,3.9562,2.5
7,2,86,4.0444,4.5
7,2,87,3.6094,4.5
7,2,87,3.8163,5.0
7,2,88,3.8396,5.0
7,2,88,4.0112,3.0
7,2,89,3.6063,3.0
7,2,89,3.8798,4.0
7,2,90,3.6125,4.0
7,2,90,4.0370,3.75
7,2,91,3.7469,3.75
7,2,91,3.9561,4.66667
7,2,92,3.6894,4.66667
7,2,92,3.9414,4.75
7,2,93,3.3991,4.75
7,2,93,3.5296,3.25
7,2,94,3.7567,3.25
7,2,94,3.8988,2.5
7,2,95,3.9460,2.5
7,2,95,3.9224,3.5
7,2,96,3.8682,3.5
7,2,96,3.8300,3.0
7,2,97,3.8391,3.0
7,2,97,4.1682,3.75
7,2,98,3.9520,3.75
7,2,98,4.0874,4.25
7,2,99,3.8668,4.25
7,2,99,3.8203,1.75
7,2,100,3.9179,1.75
7,2,100,3.8924,5.25
7,2,102,3.6501,5.25
7,2,102,3.8531,4.25
7,2,103,4.1421,4.25
7,2,103,3.7048,3.5
7,2,104,3.7660,3.5
7,2,104,3.7063,3.0
7,2,105,3.8686,3.0
7,2,105,3.8985,6.25
7,2,106,3.8953,6.25
7,2,106,3.9080,4.5
7,2,107,3.6633,4.5
7,2,107,3.8584,5.5
7,2,108,3.7107,5.5
7,2,108,3.5886,5.25
7,2,109,3.6236,5.25
7,2,109,3.8910,4.75
8,1,9,3.6340,2.0
8,1,9,3.7104,2.0
8,1,10,3.8613,1.75
8,1,10,3.4313,1.75
8,1,16,3.9364,2.75
8,1,16,3.3061,2.75
8,1,17,3.9567,3.25
8,1,17,3.4408,3.25
8,1,18,3.4972,3.75
8,1,18,3.3824,3.75
8,1,20,3.8231,2.5
8,1,20,3.4394,2.5
8,1,21,3.9283,1.75
8,1,21,3.5599,1.75
8,1,22,3.9130,3.5
8,1,22,3.5360,3.5
8,1,27,3.5253,2.0
8,1,27,3.3593,2.0
8,1,30,3.6868,2.5
8,1,30,3.3098,2.5
8,1,54,3.5384,3.0
8,1,54,3.2746,3.0
8,1,58,3.8574,1.0
8,1,58,3.3234,1.0
8,1,68,3.6576,1.5
8,1,68,3.5814,1.5
8,1,73,3.6470,2.75
8,1,73,3.4959,2.75
8,1,74,3.7150,2.5
8,1,74,3.4126,2.5
8,1,75,3.7504,3.0
8,1,75,3.2201,3.0
8,1,76,3.9564,1.0
8,1,76,3.5682,1.0
8,1,77,3.8659,3.25
8,1,77,3.3910,3.25
8,1,78,3.7456,2.75
8,1,78,3.2873,2.75
8,1,79,3.5697,2.0
8,1,79,3.4692,2.0
8,1,80,3.7138,1.75
8,1,80,3.4696,1.75
8,1,81,3.7972,2.25
8,1,81,3.7162,2.25
8,1,82,3.7641,1.75
8,1,82,3.3540,1.75
8,1,85,3.9152,2.0
8,1,85,3.4224,2.0
8,1,88,3.8254,2.25
8,1,88,3.5099,2.25
8,1,89,3.9085,3.5
8,1,89,3.9379,3.25
8,2,4,3.9705,3.25
8,2,4,3.3922,3.75
8,2,5,3.4570,3.75
8,2,5,3.7060,1.5
8,2,7,3.5928,1.5
8,2,7,3.5158,4.25
8,2,8,3.7986,4.25
8,2,8,3.7036,2.0
8,2,9,3.5442,2.0
8,2,9,3.5720,3.0
8,2,11,3.6268,3.0
8,2,11,3.5897,2.25
8,2,15,3.3624,2.25
8,2,15,3.3773,4.0
8,2,16,3.8984,4.0
8,2,16,3.4699,3.5
8,2,18,3.6532,3.5
8,2,18,3.4094,3.75
8,2,20,3.4897,3.75
8,2,20,3.2559,2.25
8,2,21,3.7068,2.25
8,2,21,3.2483,2.25
8,2,22,3.6345,2.25
8,2,22,3.4188,2.5
8,2,23,3.5772,2.5
8,2,23,3.5845,3.0
8,2,24,3.7144,3.0
8,2,24,3.2330,4.0
8,2,27,3.6773,4.0
8,2,27,3.4426,2.5
8,2,28,3.6507,2.5
8,2,28,3.6774,4.75
8,2,29,3.5196,4.75
8,2,29,3.4574,4.25
8,2,30,3.7845,4.25
8,2,30,3.1393,2.75
8,2,31,3.7442,2.75
8,2,31,3.2411,4.0
8,2,32,3.6604,4.0
8,2,32,3.1951,3.5
8,2,35,3.7279,3.5
8,2,35,3.2584,3.75
8,2,36,3.6760,3.75
8,2,36,3.3501,2.25
8,2,37,3.5365,2.25
8,2,37,3.2562,3.75
8,2,38,3.7247,3.75
8,2,38,3.1784,2.0
8,2,39,3.6051,2.0
8,2,39,3.3152,2.0
8,2,40,3.7622,2.0
8,2,40,3.4873,4.0
8,2,41,3.6865,4.0
8,2,41,3.3126,3.5
8,2,42,3.7001,3.5
8,2,42,3.4569,2.25
8,2,45,3.4081,2.25
8,2,45,3.3904,4.0
8,2,48,3.7075,4.0
8,2,48,3.3691,4.0
8,2,49,3.7749,4.0
8,2,49,3.3939,3.0
8,2,50,3.7098,3.0
8,2,50,3.2924,3.75
8,2,55,3.7887,3.75
8,2,55,3.5298,4.75
8,2,57,3.8712,4.75
8,2,57,3.3357,3.0
8,2,58,3.7217,3.0
8,2,58,3.5256,1.75
8,2,62,3.6454,1.75
8,2,62,3.3196,5.25
8,2,63,3.6050,5.25
8,2,63,3.2295,1.625
8,2,67,3.7058,1.625
8,2,67,3.4796,2.75
8,2,68,3.9190,2.75
8,2,68,3.3773,3.5
8,2,69,3.9522,3.5
8,2,69,3.1207,2.0
8,2,71,3.5767,2.0
8,2,71,3.1345,3.5
8,2,72,3.4582,3.5
8,2,72,3.2029,3.75
8,2,74,3.6468,3.75
8,2,74,3.0814,4.0
9,1,2,2.8823,5.25
9,1,2,3.7818,5.25
9,1,3,2.3448,4.75
9,1,3,3.5173,4.75
9,1,4,3.4237,5.0
9,1,4,3.7548,5.0
9,1,5,2.4780,5.75
9,1,5,4.3739,5.75
9,1,6,2.7972,3.5
9,1,6,4.3190,3.5
9,1,7,2.6206,4.25
9,1,7,4.1285,4.25
9,1,8,3.6731,4.5
9,1,8,3.2685,4.5
9,1,12,3.6749,4.75
9,1,12,3.5349,4.75
9,1,16,3.1509,1.5
9,1,16,3.2078,1.5
9,1,17,3.3823,4.25
9,1,17,3.6323,4.25
9,1,18,2.5413,3.5
9,1,18,3.5714,3.5
9,1,19,4.0725,3.25
9,1,19,2.8252,3.25
9,1,20,2.9438,4.0
9,1,20,3.3448,4.0
9,1,21,2.8694,4.5
9,1,21,3.4810,4.5
9,1,22,2.9257,3.0
9,1,22,3.1697,3.0
9,1,23,3.2322,4.5
9,1,23,3.0428,4.5
9,1,24,3.0390,3.5
9,1,24,2.6991,3.5
9,1,25,3.1699,3.5
9,1,25,3.2149,3.5
9,1,26,3.0307,4.5
9,1,26,2.3894,4.5
9,1,27,3.2731,3.75
9,1,27,2.4891,3.75
9,1,28,3.0599,2.75
9,1,28,2.8727,2.75
9,1,29,2.9106,2.5
9,1,29,2.8976,2.5
9,1,30,2.8767,3.0
9,1,30,3.6009,3.0
9,1,31,3.3159,3.5
9,1,31,2.3991,3.5
9,1,32,3.0549,2.75
9,1,32,3.2851,2.75
9,1,33,3.0053,3.75
9,1,33,3.1955,3.75
9,1,34,3.0260,3.25
9,1,34,3.1416,3.25
9,1,35,3.0152,3.5
9,1,35,3.1637,3.5
9,1,36,3.0805,3.5
9,1,36,3.5638,3.5
9,1,37,3.1512,4.5
9,1,37,3.5252,4.5
9,1,38,3.0315,3.5
9,1,38,2.6931,3.5
9,1,39,3.5462,2.75
9,1,39,2.6830,2.75
9,1,40,3.2239,2.25
9,1,40,2.9975,2.25
9,1,41,3.0646,3.0
9,1,41,2.0988,3.0
9,1,42,3.7110,4.0
9,1,42,2.7891,4.0
9,1,50,2.2089,3.5
9,1,50,3.4901,3.5
9,1,51,2.2086,3.5
9,1,51,2.7449,3.5
9,1,52,2.8231,2.75
9,1,52,3.0451,2.75
9,1,53,3.1319,3.0
9,1,53,2.4740,3.0
9,1,54,3.2526,2.75
9,1,54,2.5429,2.75
9,1,55,3.1305,3.5
9,1,55,2.7588,3.5
9,1,56,3.4306,3.75
9,1,56,2.4493,3.75
9,1,59,3.8363,2.75
9,1,59,3.3733,2.75
9,1,60,4.0235,4.0
9,1,60,3.6188,4.0
9,1,61,3.3607,3.5
9,1,61,3.9974,3.5
9,1,63,3.7263,3.25
9,1,63,2.5049,3.25
9,1,64,3.3988,4.25
9,1,64,3.5339,4.25
9,1,65,3.3940,2.0
9,1,65,3.9680,2.0
9,1,66,2.9866,4.75
9,1,66,2.5896,4.75
9,1,67,3.0910,4.25
9,1,67,2.7905,4.25
9,1,68,3.5034,3.5
9,1,68,3.2172,3.5
9,1,69,3.2466,5.5
9,1,69,3.1954,5.5
9,1,72,3.6474,3.75
9,1,72,3.6179,3.75
9,1,73,3.6876,3.25
9,1,73,3.8469,3.25
9,1,74,3.0786,3.0
9,1,74,3.6732,3.0
9,1,75,3.3524,2.5
9,1,75,4.1352,2.5
9,1,76,3.2193,4.0
9,1,76,3.9964,4.0
9,1,77,3.4902,3.25
9,1,77,3.7404,3.25
9,1,78,2.9993,3.5
9,1,78,3.6369,3.5
9,1,79,2.5713,4.0
9,1,79,3.2002,4.0
9,1,81,3.4863,2.25
9,1,81,3.7147,2.25
9,1,82,3.1437,4.0
9,1,82,4.0259,4.0
9,1,83,2.9561,4.25
9,1,83,3.3408,4.25
9,1,84,2.9819,3.0
9,1,84,4.0854,3.0
9,1,85,3.2805,4.75
9,1,85,4.1153,4.75
9,1,86,2.6197,4.0
9,1,86,4.2157,4.0
9,1,87,2.9380,3.25
9,1,87,3.4942,3.25
9,1,88,1.7832,3.25
9,1,88,3.6218,3.25
9,1,89,2.8337,2.75
9,1,89,4.2110,2.75
9,1,90,2.0245,2.75
9,1,90,3.3454,2.75
9,1,91,2.9650,3.75
9,1,91,3.3621,3.75
9,1,92,2.5445,4.0
9,1,92,3.2949,4.0
9,1,93,3.5450,3.25
9,1,93,4.2851,3.25
9,1,94,4.3240,3.0
9,1,94,3.1503,3.0
9,1,95,2.7333,4.25
9,1,95,4.2001,4.25
9,1,96,3.6146,4.25
9,1,96,3.9706,4.25
9,1,97,4.2380,3.5
9,1,97,3.6822,3.5
9,1,98,3.0134,2.25
9,1,98,4.1976,2.25
9,1,99,2.9203,3.0
9,1,99,3.3702,3.0
9,1,100,3.1588,4.25
9,1,100,4.0143,4.25
9,1,101,2.7923,2.25
9,1,101,3.0436,2.25
9,1,102,3.5456,3.75
9,1,102,3.9256,3.75
9,1,103,2.9792,2.25
9,1,103,3.7204,2.25
9,1,104,4.3091,3.0
9,1,104,3.9512,3.0
9,1,105,3.4799,3.75
9,1,105,3.0338,3.75
9,1,106,3.6038,4.0
9,1,106,4.2025,4.0
9,1,107,3.4573,4.25
9,1,107,3.5720,4.25
9,1,110,3.1111,4.25
9,1,110,3.6681,4.25
9,1,111,3.7674,3.0
9,1,111,3.7894,4.0
9,2,2,4.2667,4.0
9,2,2,3.1172,4.5
9,2,3,3.6402,4.5
9,2,3,1.8592,5.25
9,2,4,3.7920,5.25
9,2,4,3.7671,5.5
9,2,5,3.4128,5.5
9,2,5,2.8275,5.75
9,2,6,3.6070,5.75
9,2,6,3.4931,5.25
9,2,7,3.8239,5.25
9,2,7,4.1637,4.5
9,2,8,4.0247,4.5
9,2,8,4.3090,5.75
9,2,9,3.5930,5.75
9,2,9,4.4809,4.75
9,2,10,4.1403,4.75
9,2,10,4.3704,4.5
9,2,11,3.6149,4.5
9,2,11,3.9280,5.5
9,2,12,4.4667,5.5
9,2,12,3.2533,3.75
9,2,13,4.3095,3.75
9,2,13,3.4816,2.75
9,2,16,4.4678,2.75
9,2,16,3.4318,4.0
9,2,17,4.2086,4.0
9,2,17,2.7286,4.25
9,2,18,3.7356,4.25
9,2,18,3.3018,3.0
9,2,20,3.3712,3.0
9,2,20,3.3173,3.75
9,2,21,3.1533,3.75
9,2,21,3.4106,3.0
9,2,22,3.9236,3.0
9,2,22,2.9674,2.75
9,2,23,3.6657,2.75
9,2,23,3.2798,1.75
9,2,24,3.8109,1.75
9,2,24,3.3758,5.75
9,2,25,3.4736,5.75
9,2,25,2.9633,3.25
9,2,27,3.9142,3.25
9,2,27,2.8905,2.75
9,2,30,3.6884,2.75
9,2,30,3.1594,2.75
9,2,31,3.5125,2.75
9,2,31,3.4976,2.25
9,2,32,2.7108,2.25
9,2,32,3.1190,2.5
9,2,34,3.2823,2.5
9,2,34,2.9523,4.75
9,2,36,3.5816,4.75
9,2,36,3.2670,3.75
9,2,37,3.5218,3.75
9,2,37,2.3126,2.0
9,2,38,3.8272,2.0
9,2,38,3.2278,3.25
9,2,42,3.5793,3.25
9,2,42,3.5014,3.0
9,2,45,4.4315,3.0
9,2,45,3.8089,4.75
9,2,46,4.2337,4.75
9,2,46,2.8773,4.0
9,2,50,4.1159,4.0
9,2,50,2.3133,3.75
9,2,53,3.1114,3.75
9,2,53,3.2009,4.0
9,2,62,3.3347,4.0
9,2,62,3.5201,5.0
9,2,63,4.1498,5.0
9,2,63,2.9771,4.5
9,2,64,3.8773,4.5
9,2,64,2.7955,5.5
9,2,66,3.3529,5.5
9,2,66,3.4016,4.25
9,2,67,4.1764,4.25
9,2,67,4.0587,3.25
9,2,68,3.7694,3.25
9,2,68,4.1870,3.25
9,2,69,3.2890,3.25
9,2,69,3.1182,4.75
9,2,70,3.2039,4.75
9,2,70,2.8426,5.25
9,2,71,3.4401,5.25
9,2,71,2.7494,5.25
9,2,74,3.6920,5.25
9,2,74,3.4303,3.75
9,2,75,3.5367,3.75
9,2,75,3.0096,4.25
9,2,77,3.6451,4.25
9,2,77,3.5090,5.5
9,2,78,4.2029,5.5
9,2,78,2.7112,5.25
9,2,79,3.7905,5.25
9,2,79,3.5089,4.75
9,2,81,4.1056,4.75
9,2,81,3.0031,3.75
9,2,84,3.2788,3.75
9,2,84,3.2046,4.75
9,2,85,3.7288,4.75
9,2,85,2.7915,4.0
9,2,86,3.0691,4.0
9,2,86,2.3927,3.25
9,2,87,3.5815,3.25
9,2,87,3.3084,4.5
9,2,88,3.7077,4.5
9,2,88,3.4909,2.75
9,2,89,3.1061,2.75
9,2,89,2.9831,3.25
9,2,90,3.9271,3.25
9,2,90,3.2275,4.25
9,2,91,4.2297,4.25
9,2,91,3.3383,4.25
9,2,92,3.2409,4.25
9,2,92,3.6367,5.0
9,2,95,3.2252,5.0
9,2,95,3.2134,3.0
9,2,96,3.7681,3.0
9,2,96,3.0099,4.5
9,2,98,3.7914,4.5
9,2,98,3.8522,5.75
9,2,100,4.2310,5.75
9,2,100,2.7767,3.0
9,2,103,3.9432,3.0
9,2,103,3.1087,3.25
9,2,104,4.0750,3.25
9,2,104,3.8444,4.5
9,2,105,4.0700,4.5
9,2,105,3.2701,3.75
9,2,107,3.6914,3.75
9,2,107,2.4585,4.25
9,2,108,4.0486,4.25
9,2,108,2.9059,2.25
9,2,109,3.5457,2.25
9,2,109,3.5736,4.5
10,1,4,3.8696,5.5
10,1,4,5.4555,5.5
10,1,5,3.0613,5.0
10,1,5,4.6277,5.0
10,1,6,3.3173,5.0
10,1,6,4.8735,5.0
10,1,7,3.0424,5.5
10,1,7,4.8446,5.5
10,1,8,3.8983,6.25
10,1,8,4.8410,6.25
10,1,9,3.4812,5.5
10,1,9,4.4920,5.5
10,1,10,3.7317,5.0
10,1,10,4.5039,5.0
10,1,11,3.9535,4.0
10,1,11,4.1678,4.0
10,1,12,3.3586,4.5
10,1,12,5.0375,4.5
10,1,13,3.0920,4.25
10,1,13,4.5446,4.25
10,1,14,3.2087,3.75
10,1,14,5.4902,3.75
10,1,20,3.5615,5.0
10,1,20,4.3501,5.0
10,1,21,3.9370,5.25
10,1,21,4.2566,5.25
10,1,22,3.1582,4.5
10,1,22,4.4440,4.5
10,1,24,3.3368,4.75
10,1,24,3.9137,4.75
10,1,25,3.7142,4.5
10,1,25,4.1656,4.5
10,1,26,3.8054,2.375
10,1,26,4.4573,2.375
10,1,27,2.7375,4.25
10,1,27,3.5370,4.25
10,1,28,3.6132,4.75
10,1,28,4.6881,4.75
10,1,29,2.6644,4.5
10,1,29,4.4356,4.5
10,1,30,3.8730,5.5
10,1,30,4.1695,5.5
10,1,31,3.6000,4.75
10,1,31,4.1718,4.75
10,1,32,3.2718,3.75
10,1,32,3.8848,3.75
10,1,33,3.2152,4.5
10,1,33,4.0451,4.5
10,1,36,4.3616,4.75
10,1,36,4.4701,4.75
10,1,39,3.4153,4.0
10,1,39,4.0923,4.0
10,1,42,3.8834,5.25
10,1,42,4.1956,5.25
10,1,43,3.4662,4.5
10,1,43,4.4577,4.5
10,1,44,3.6798,4.5
10,1,44,4.0375,4.5
10,1,45,3.5761,2.875
10,1,45,4.1773,2.875
10,1,46,4.3975,5.0
10,1,46,4.2698,5.0
10,1,47,4.0220,5.25
10,1,47,4.2654,5.25
10,1,48,3.6895,5.0
10,1,48,4.5323,5.0
10,1,49,3.4824,4.0
10,1,49,4.6026,4.0
10,1,50,3.4177,5.25
10,1,50,4.0439,5.25
10,1,51,3.3545,5.5
10,1,51,4.0331,5.5
10,1,52,3.9600,5.0
10,1,52,3.7293,5.0
10,1,53,3.0030,5.25
10,1,53,4.6474,5.25
10,1,55,4.1957,5.25
10,1,55,5.0116,5.25
10,1,56,3.1870,4.5
10,1,56,4.8340,4.5
10,1,57,3.3220,1.5
10,1,57,4.4977,1.5
10,1,61,4.0933,4.0
10,1,61,5.1657,4.0
10,1,62,4.0148,3.75
10,1,62,5.0718,3.75
10,1,63,4.2929,4.25
10,1,63,4.8520,4.25
10,1,64,3.5153,5.0
10,1,64,4.6783,5.0
10,1,65,4.1398,5.75
10,1,65,5.0289,5.75
10,1,66,4.4521,6.0
10,1,66,4.8152,6.0
10,1,67,3.4977,5.25
10,1,67,5.3006,5.25
10,1,68,3.6222,3.75
10,1,68,4.9253,3.75
10,1,69,4.2969,4.5
10,1,69,4.7792,4.5
10,1,72,3.5141,3.0
10,1,72,4.5707,3.0
10,1,73,3.5844,4.25
10,1,73,4.1150,4.25
10,1,74,3.0540,4.75
10,1,74,4.5669,4.75
10,1,75,2.7631,4.5
10,1,75,4.5491,4.5
10,1,76,2.3982,4.75
10,1,76,5.0178,4.75
10,1,77,4.2712,4.5
10,1,77,4.2631,4.5
10,1,78,4.4375,5.5
10,1,78,3.7701,5.5
10,1,79,3.0989,4.5
10,1,79,4.3036,4.5
10,1,80,3.0988,5.0
10,1,80,4.4473,5.0
10,1,81,3.7460,4.25
10,1,81,3.2787,4.25
10,1,82,3.1828,4.5
10,1,82,4.4404,4.5
10,1,83,3.0193,3.0
10,1,83,3.4980,3.0
10,1,84,2.8851,2.75
10,1,84,4.2759,2.75
10,1,85,3.4429,4.75
10,1,85,3.8797,4.75
10,1,86,2.4938,4.0
10,1,86,4.3775,4.0
10,1,87,4.7535,4.75
10,1,87,4.4388,4.75
10,1,88,3.9688,5.5
10,1,88,4.2984,5.5
10,1,89,2.8927,5.25
10,1,89,4.7952,5.25
10,1,90,3.3177,3.75
10,1,90,3.6456,3.75
10,1,91,3.1384,4.5
10,1,91,4.5319,4.5
10,1,92,4.1039,5.0
10,1,92,3.4613,5.0
10,1,93,3.7220,4.0
10,1,93,3.9298,4.0
10,1,94,3.8877,5.0
10,1,94,4.2503,5.0
10,1,95,3.7088,4.75
10,1,95,4.2388,4.75
10,1,96,3.2636,4.5
10,1,96,4.5956,4.5
10,1,97,3.1224,3.75
10,1,97,4.5226,3.75
10,1,98,3.1116,4.5
10,1,98,3.8748,4.5
10,1,99,3.2255,5.25
10,1,99,4.2050,5.25
10,1,100,3.7544,4.0
10,1,100,4.2651,4.0
10,1,101,2.5883,5.5
10,1,101,5.1215,5.5
10,1,102,3.5981,5.0
10,1,102,3.6925,5.0
10,1,103,3.1680,3.75
10,1,103,4.1820,3.75
10,1,104,3.8142,4.5
10,1,104,3.5558,4.5
10,1,105,3.6624,4.0
10,1,105,3.7632,4.0
10,1,106,3.8434,2.0
10,1,106,3.8076,2.0
10,1,107,3.0907,5.0
10,1,107,4.3878,5.0
10,1,108,3.5210,5.0
10,1,108,3.1013,3.75
10,2,3,5.4546,3.75
10,2,3,3.2290,6.25
10,2,4,4.8708,6.25
10,2,4,3.2155,5.5
10,2,5,4.5916,5.5
10,2,5,3.9798,5.25
10,2,6,4.5328,5.25
10,2,6,3.6901,5.25
10,2,7,4.8540,5.25
10,2,7,3.7491,5.75
10,2,8,3.9230,5.75
10,2,8,3.8201,3.25
10,2,9,4.5499,3.25
10,2,9,3.9957,5.25
10,2,10,4.7578,5.25
10,2,10,3.1760,4.5
10,2,11,4.2564,4.5
10,2,11,3.3400,4.25
10,2,12,4.5377,4.25
10,2,12,2.4422,5.25
10,2,13,4.1043,5.25
10,2,13,3.0368,5.25
10,2,14,4.6608,5.25
10,2,14,3.2447,5.75
10,2,15,3.8267,5.75
10,2,15,2.6044,4.5
10,2,19,4.4153,4.5
10,2,19,4.2995,2.75
10,2,20,4.3079,2.75
10,2,20,3.3864,5.5
10,2,21,3.9647,5.5
10,2,21,3.7977,5.5
10,2,22,3.9231,5.5
10,2,22,2.9706,5.0
10,2,23,4.3868,5.0
10,2,23,4.0131,3.5
10,2,26,4.3279,3.5
10,2,26,3.9604,4.5
10,2,28,4.3527,4.5
10,2,28,4.2582,5.0
10,2,29,3.8769,5.0
10,2,29,3.7970,5.75
10,2,30,3.8086,5.75
10,2,30,3.8762,4.75
10,2,33,4.6327,4.75
10,2,33,4.4284,3.75
10,2,36,4.6705,3.75
10,2,36,3.4104,5.0
10,2,37,4.1239,5.0
10,2,37,2.8932,4.75
10,2,38,4.4770,4.75
10,2,38,3.3611,5.25
10,2,39,4.0606,5.25
10,2,39,4.2299,5.25
10,2,41,4.0780,5.25
10,2,41,3.3520,5.5
10,2,42,4.2311,5.5
10,2,42,3.0908,5.75
10,2,43,3.6557,5.75
10,2,43,2.7147,5.25
10,2,47,4.0823,5.25
10,2,47,3.5848,5.5
10,2,51,4.2473,5.5
10,2,51,4.0469,5.5
10,2,52,4.9187,5.5
10,2,52,3.5634,6.75
10,2,53,4.9725,6.75
10,2,53,4.2079,5.5
10,2,54,4.7835,5.5
10,2,54,3.2195,3.75
10,2,55,4.7315,3.75
10,2,55,2.8216,5.25
10,2,56,4.0284,5.25
10,2,56,2.9154,5.5
10,2,58,4.4538,5.5
10,2,58,2.7439,5.0
10,2,65,4.5604,5.0
10,2,65,3.0717,3.0
10,2,66,3.8811,3.0
10,2,66,4.0974,4.33333
10,2,67,4.5740,4.33333
10,2,67,4.0014,4.75
10,2,68,3.8564,4.75
10,2,68,4.0535,5.25
10,2,69,4.9244,5.25
10,2,69,3.0204,4.66667
10,2,70,3.8772,4.66667
10,2,70,3.6758,4.0
10,2,71,4.5958,4.0
10,2,71,2.6672,6.25
10,2,72,5.0129,6.25
10,2,72,2.9269,5.5
10,2,73,4.2174,5.5
10,2,73,3.9272,4.75
10,2,74,4.1714,4.75
10,2,74,3.1818,4.5
10,2,75,4.3120,4.5
10,2,75,3.4584,4.5
10,2,76,3.7087,4.5
10,2,76,3.0114,3.5
10,2,77,4.2592,3.5
10,2,77,3.7366,5.25
10,2,78,3.9670,5.25
10,2,78,3.3599,5.5
10,2,79,4.5769,5.5
10,2,79,2.7175,4.5
10,2,80,4.0595,4.5
10,2,80,2.3517,5.25
10,2,81,3.9402,5.25
10,2,81,3.6292,5.25
10,2,82,4.3600,5.25
10,2,82,3.4025,4.25
10,2,83,4.1096,4.25
10,2,83,3.0789,4.0
10,2,84,4.4089,4.0
10,2,84,3.0383,5.25
10,2,85,3.8200,5.25
10,2,85,3.5848,4.5
10,2,86,4.0729,4.5
10,2,86,3.2712,5.5
10,2,87,4.5634,5.5
10,2,87,3.1989,5.5
10,2,88,4.2521,5.5
10,2,88,2.4579,4.0
10,2,89,4.5228,4.0
10,2,89,3.8644,4.25
10,2,90,4.0774,4.25
10,2,90,3.6871,4.25
10,2,91,4.3364,4.25
10,2,91,3.8793,5.75
11,1,4,3.9512,5.75
11,1,4,4.0830,5.75
11,1,5,3.9873,4.5
11,1,5,3.8509,4.5
11,1,6,3.9373,5.0
11,1,6,3.8963,5.0
11,1,7,4.0647,4.25
11,1,7,3.7082,4.25
11,1,8,3.9861,4.25
11,1,8,3.8092,4.25
11,1,9,4.0452,4.0
11,1,9,3.6563,4.0
11,1,10,4.1419,4.66667
11,1,10,3.8220,4.66667
11,1,11,3.9147,4.5
11,1,11,3.9284,4.5
11,1,12,3.9201,5.5
11,1,12,3.9940,5.5
11,1,13,4.1595,5.25
11,1,13,3.7650,5.25
11,1,14,4.0560,4.25
11,1,14,3.7373,4.25
11,1,15,4.0365,3.5
11,1,15,4.0170,3.5
11,1,19,3.6071,6.25
11,1,19,3.9086,6.25
11,1,20,3.8194,5.5
11,1,20,3.7460,5.5
11,1,21,3.7050,4.25
11,1,21,3.7084,4.25
11,1,22,3.6816,6.25
11,1,22,3.7447,6.25
11,1,23,3.6629,5.75
11,1,23,3.8423,5.75
11,1,24,3.7217,3.25
11,1,24,3.8112,3.25
11,1,25,3.8255,5.0
11,1,25,3.9548,5.0
11,1,26,3.7461,4.0
11,1,26,3.8623,4.0
11,1,27,3.6996,4.5
11,1,27,3.6874,4.5
11,1,28,3.6918,4.5
11,1,28,3.8261,4.5
11,1,29,3.6754,5.5
11,1,29,3.9012,5.5
11,1,30,3.6980,4.25
11,1,30,3.7583,4.25
11,1,31,3.6542,5.5
11,1,31,3.8931,5.5
11,1,32,3.7434,4.25
11,1,32,3.9369,4.25
11,1,33,3.6824,5.0
11,1,33,4.0541,5.0
11,1,34,3.7545,4.5
11,1,34,3.8472,4.5
11,1,35,3.7459,4.5
11,1,35,3.7660,4.5
11,1,36,3.6991,5.0
11,1,36,3.8270,5.0
11,1,37,3.7022,3.75
11,1,37,3.7889,3.75
11,1,38,3.7530,4.5
11,1,38,3.8540,4.5
11,1,39,3.5206,5.0
11,1,39,3.9295,5.0
11,1,48,3.5879,2.25
11,1,48,3.7811,2.25
11,1,50,4.0337,3.0
11,1,50,3.9092,3.0
11,1,51,3.7209,4.75
11,1,51,3.9055,4.75
11,1,57,3.7057,2.5
11,1,57,3.5946,2.5
11,1,62,3.7745,5.0
11,1,62,3.8347,5.0
11,1,63,3.7438,6.25
11,1,63,3.6252,6.25
11,1,64,3.7101,5.0
11,1,64,3.8912,5.0
11,1,66,3.7744,3.25
11,1,66,3.9134,3.25
11,1,68,3.9208,4.25
11,1,68,3.8222,4.25
11,1,69,3.7786,4.0
11,1,69,3.5862,4.0
11,1,70,3.7559,5.0
11,1,70,3.8925,5.0
11,1,73,3.9874,5.25
11,1,73,3.8370,5.25
11,1,75,3.8103,3.5
11,1,75,3.8563,3.5
11,1,76,3.7613,4.0
11,1,76,3.6467,4.0
11,1,77,3.9571,6.0
11,1,77,4.0749,6.0
11,1,78,3.7605,5.0
11,1,78,3.8541,5.0
11,1,79,3.7959,4.5
11,1,79,3.6041,4.5
11,1,80,3.7584,6.0
11,1,80,3.6127,6.0
11,1,81,3.8487,4.5
11,1,81,3.6340,4.5
11,1,82,3.7587,4.5
11,1,82,3.5752,4.5
11,1,83,3.7110,3.5
11,1,83,3.5994,3.5
11,1,84,3.8047,3.5
11,1,84,3.7542,3.5
11,1,87,3.7785,2.75
11,1,87,3.7292,2.75
11,1,88,3.7416,3.75
11,1,88,3.5507,3.75
11,1,90,3.7427,4.25
11,1,90,3.6814,4.25
11,1,91,3.7062,5.5
11,1,91,3.9174,5.5
11,1,93,3.6792,4.25
11,1,93,3.7710,4.25
11,1,94,3.7680,5.75
11,1,94,3.4627,5.75
11,1,95,3.8543,4.25
11,1,95,3.5692,4.25
11,1,96,3.9008,4.75
11,1,96,3.7196,4.75
11,1,97,3.7149,3.75
11,1,97,3.5283,3.75
11,1,98,3.7150,4.5
11,1,98,3.5475,4.5
11,1,99,3.8122,6.25
11,1,99,3.9210,5.0
11,2,3,3.7453,5.0
11,2,3,3.8808,4.0
11,2,4,4.0444,4.0
11,2,4,4.0268,2.25
11,2,5,3.7754,2.25
11,2,5,3.7528,5.5
11,2,6,3.6513,5.5
11,2,6,3.7138,0.75
11,2,7,3.8137,0.75
11,2,7,3.7836,5.0
11,2,8,3.8345,5.0
11,2,8,3.7841,3.5
11,2,9,3.7378,3.5
11,2,9,3.8779,4.75
11,2,10,3.8198,4.75
11,2,10,3.6610,2.25
11,2,12,3.7970,2.25
11,2,12,3.6987,3.75
11,2,17,3.9115,3.75
11,2,17,3.6757,4.0
11,2,18,3.7981,4.0
11,2,18,3.6918,5.25
11,2,19,3.9689,5.25
11,2,19,3.6963,4.75
11,2,20,3.6722,4.75
11,2,20,3.5209,6.25
11,2,21,4.0703,6.25
11,2,21,3.9008,3.75
11,2,22,3.9321,3.75
11,2,22,3.8457,5.75
11,2,23,3.9504,5.75
11,2,23,3.6444,5.0
11,2,24,3.9891,5.0
11,2,24,3.8245,5.0
11,2,25,3.8346,5.0
11,2,25,3.5945,3.5
11,2,26,3.9029,3.5
11,2,26,3.5831,5.5
11,2,27,3.9582,5.5
11,2,27,3.6819,4.5
11,2,28,3.8472,4.5
11,2,28,3.5875,4.75
11,2,29,4.0274,4.75
11,2,29,3.7751,4.0
11,2,30,3.7057,4.0
11,2,30,3.7684,5.0
11,2,31,3.8961,5.0
11,2,31,3.7695,5.25
11,2,32,3.8820,5.25
11,2,32,3.7304,4.25
11,2,33,3.8303,4.25
11,2,33,3.9656,6.5
11,2,34,3.8337,6.5
11,2,34,3.7601,3.75
11,2,35,4.0072,3.75
11,2,35,3.8653,4.25
11,2,36,4.0131,4.25
11,2,36,3.4005,5.0
11,2,37,3.6035,5.0
11,2,37,4.0464,4.25
11,2,38,3.8218,4.25
11,2,38,3.5662,4.5
11,2,39,3.8971,4.5
11,2,39,3.7932,4.25
11,2,40,3.9062,4.25
11,2,40,3.9266,4.75
11,2,41,3.9086,4.75
11,2,41,3.6689,4.75
11,2,42,3.7705,4.75
11,2,42,3.7706,5.25
11,2,43,3.8128,5.25
11,2,43,3.8427,5.5
11,2,44,4.0022,5.5
11,2,44,3.6419,4.25
11,2,45,3.7670,4.25
11,2,45,3.8538,4.25
11,2,46,3.8696,4.25
11,2,46,3.8766,4.0
11,2,47,3.7480,4.0
11,2,47,3.8437,6.5
11,2,48,3.4805,6.5
11,2,48,3.8883,2.75
11,2,49,3.8400,2.75
11,2,49,3.8458,4.25
11,2,50,3.8269,4.25
11,2,50,3.7629,4.5
11,2,51,3.8807,4.5
11,2,51,3.9237,5.0
11,2,52,3.8616,5.0
11,2,52,3.7447,4.5
11,2,53,3.7399,4.5
11,2,53,3.7588,3.75
11,2,54,4.0330,3.75
11,2,54,3.5860,4.5
11,2,55,3.9834,4.5
11,2,55,3.5477,4.75
11,2,56,4.1877,4.75
11,2,56,3.9278,2.5
11,2,60,3.9791,2.5
11,2,60,3.7028,3.25
11,2,61,3.8610,3.25
11,2,61,3.9098,1.75
11,2,62,4.0538,1.75
11,2,62,3.8427,2.75
11,2,63,3.8404,2.75
11,2,63,3.9207,4.25
11,2,64,4.1522,4.25
11,2,64,3.8328,2.5
11,2,65,4.2633,2.5
11,2,65,3.9233,1.75
11,2,66,4.0391,1.75
11,2,66,3.7895,4.75
11,2,67,3.9823,4.75
11,2,67,3.7985,4.0
11,2,68,4.2200,4.0
11,2,68,3.8709,3.25
11,2,69,4.0912,3.25
11,2,69,4.0261,4.25
11,2,72,3.7861,4.25
11,2,72,3.8681,4.25
11,2,73,3.8686,4.25
11,2,73,3.8292,4.25
11,2,74,3.5195,4.25
11,2,74,3.9656,2.5
11,2,75,3.6785,2.5
11,2,75,3.9526,5.5
11,2,76,3.8711,5.5
11,2,76,3.8496,4.5
11,2,77,3.6305,4.5
11,2,77,3.7983,5.5
11,2,78,3.7576,5.5
11,2,78,3.5885,4.25
11,2,79,3.7553,4.25
11,2,79,3.7707,3.75
11,2,80,3.6519,3.75
11,2,80,3.8684,3.0
11,2,81,3.6427,3.0
11,2,81,3.8674,4.75
11,2,82,3.7192,4.75
11,2,82,3.7008,4.0
11,2,83,3.7679,4.0
11,2,83,3.9135,4.75
11,2,84,3.5990,4.75
11,2,84,3.7663,5.0
11,2,85,3.6696,5.0
11,2,85,4.0012,5.75
11,2,86,3.8591,5.75
11,2,86,3.9046,4.25
11,2,87,3.6461,4.25
11,2,87,3.9126,5.0
11,2,88,3.8989,5.0
11,2,88,3.8308,4.75
11,2,89,3.8696,4.75
11,2,89,3.6700,3.25
11,2,90,3.5718,3.25
11,2,90,3.7577,4.5
11,2,91,3.9241,4.5
11,2,91,3.7079,5.5
11,2,92,3.6342,5.5
11,2,92,3.7302,5.0
11,2,93,3.7889,5.0
11,2,93,3.7345,4.25
11,2,94,3.8486,4.25
11,2,94,3.5816,4.0
11,2,95,3.6560,4.0
11,2,95,3.7469,5.0
11,2,96,3.5706,5.0
11,2,96,3.8911,3.75
11,2,97,3.5580,3.75
11,2,97,3.7776,5.0
11,2,98,3.8074,5.0
11,2,98,3.8437,5.5
11,2,99,3.9492,5.5
11,2,99,3.4729,4.5
11,2,100,3.5996,4.5
11,2,100,3.7955,4.75
11,2,101,3.5420,4.75
11,2,101,3.7018,3.75
11,2,102,3.6637,3.75
11,2,102,3.5196,5.25
11,2,103,3.6908,5.25
11,2,103,3.7982,6.0
11,2,104,3.4535,6.0
11,2,104,3.8847,4.5
11,2,105,3.6562,4.5
11,2,105,3.6611,3.0
11,2,106,3.9042,3.0
11,2,106,3.9006,4.75
11,2,109,3.7491,4.75
11,2,109,3.7711,4.75
11,2,110,3.7014,4.75
11,2,110,3.6443,4.5
12,1,2,3.9565,6.5
12,1,2,3.6738,6.5
12,1,3,4.2954,6.0
12,1,3,3.5263,6.0
12,1,5,3.4373,6.0
12,1,5,3.2808,6.0
12,1,6,4.8333,5.0
12,1,6,3.2727,5.0
12,1,7,4.4000,6.25
12,1,7,3.4476,6.25
12,1,8,4.6592,5.25
12,1,8,3.3642,5.25
12,1,9,4.3162,4.75
12,1,9,4.0336,4.75
12,1,10,4.0749,5.25
12,1,10,3.4200,5.25
12,1,11,4.8907,5.0
12,1,11,3.5278,5.0
12,1,12,3.1914,5.75
12,1,12,3.9744,5.75
12,1,69,4.1049,3.75
12,1,69,4.0382,4.0
12,2,4,3.4532,4.0
12,2,4,4.4701,5.25
12,2,5,3.8666,5.25
12,2,5,3.6896,5.0
12,2,11,4.0312,5.0
12,2,11,3.4809,5.25
16,2,5,3.7284,4.0
16,2,5,3.6863,4.0
16,2,6,3.9544,4.5
16,2,6,3.5163,4.5
16,2,7,3.5294,5.0
16,2,7,3.5862,5.0
16,2,8,3.7554,3.25
16,2,8,3.5380,3.25
16,2,9,3.7581,3.5
16,2,9,3.6158,3.5
16,2,10,3.8150,5.5
16,2,10,3.6300,5.5
16,2,11,3.5279,4.5
16,2,11,3.6268,4.5
16,2,12,3.6298,5.5
16,2,12,3.6239,5.5
16,2,13,3.5115,4.5
16,2,13,3.4276,4.5
16,2,14,3.6591,4.0
16,2,14,3.4737,4.0
16,2,15,3.6734,4.25
16,2,15,3.6093,4.25
16,2,21,3.6544,3.75
16,2,21,3.4490,3.75
16,2,22,3.4687,1.75
16,2,22,3.6251,1.75
16,2,23,3.4904,2.5
16,2,23,3.5762,2.5
16,2,24,3.5186,3.5
16,2,24,3.6450,3.5
16,2,25,3.4447,3.0
16,2,25,3.4244,3.0
16,2,26,3.5034,3.25
16,2,26,3.4212,3.25
16,2,27,3.4699,4.25
16,2,27,3.7168,4.25
16,2,28,3.4028,3.25
16,2,28,3.4295,3.25
16,2,29,3.4517,2.0
16,2,29,3.5537,2.0
16,2,30,3.4844,3.0
16,2,30,3.5246,3.0
16,2,31,3.4196,2.0
16,2,31,3.6453,2.0
16,2,32,3.4600,2.75
16,2,32,3.5596,2.75
16,2,33,3.5128,1.5
16,2,33,3.3486,1.5
16,2,34,3.4053,2.25
16,2,34,3.3800,2.25
16,2,35,3.3510,2.5
16,2,35,3.2389,2.5
16,2,36,3.5370,3.75
16,2,36,3.3808,3.75
16,2,37,3.5603,4.5
16,2,37,3.5179,4.5
16,2,38,3.3467,4.0
16,2,38,3.4957,4.0
16,2,39,3.4894,2.25
16,2,39,3.5748,2.25
16,2,40,3.5656,2.0
16,2,40,3.5491,2.0
16,2,41,3.4959,1.75
16,2,41,3.5860,1.75
16,2,42,3.6757,2.5
16,2,42,3.5507,2.5
16,2,43,3.3765,2.25
16,2,43,3.5125,2.25
16,2,44,3.5273,2.75
16,2,44,3.3824,2.75
16,2,45,3.3455,3.0
16,2,45,3.7707,3.0
16,2,46,3.5136,2.5
16,2,46,3.4879,2.5
16,2,47,3.3593,1.75
16,2,47,3.3869,1.75
16,2,48,3.3172,3.25
16,2,48,3.1939,3.25
16,2,49,3.5127,2.75
16,2,49,3.6202,2.75
16,2,50,3.3768,2.25
16,2,50,3.4741,2.25
16,2,51,3.3808,3.5
16,2,51,3.5119,3.5
16,2,52,3.4077,2.25
16,2,52,3.4685,2.25
16,2,53,3.5972,4.0
16,2,53,3.7231,4.0
16,2,54,3.5251,1.25
16,2,54,3.4141,1.25
16,2,55,3.4903,4.0
16,2,55,3.4406,4.0
16,2,56,3.5780,4.75
16,2,56,3.7119,4.75
16,2,57,3.6517,3.0
16,2,57,3.4801,3.0
16,2,58,3.5280,2.25
16,2,58,3.4577,2.25
16,2,60,3.5162,3.0
16,2,60,3.5261,3.0
16,2,61,3.6763,2.5
16,2,61,3.5088,2.5
16,2,65,3.6296,5.0
16,2,65,3.7080,5.0
16,2,66,3.8123,5.75
16,2,66,3.6771,5.75
16,2,67,3.7325,3.5
16,2,67,3.4287,3.5
16,2,68,3.4980,1.25
16,2,68,3.4828,1.25
16,2,69,3.5487,1.75
16,2,69,3.4892,1.75
16,2,70,3.4633,1.75
16,2,70,3.4045,1.75
16,2,71,3.8079,4.0
16,2,71,3.5681,4.0
16,2,72,3.6481,2.25
16,2,72,3.6485,2.25
16,2,73,3.5722,4.0
16,2,73,3.6445,4.0
16,2,76,3.4284,3.0
16,2,76,3.6846,3.0
16,2,77,3.7578,5.5
16,2,77,3.6236,5.5
16,2,78,3.6526,4.25
16,2,78,3.5978,4.25
16,2,79,3.8528,5.0
16,2,79,3.6210,5.0
16,2,80,3.4565,4.0
16,2,80,3.5994,4.0
16,2,81,3.2931,2.5
16,2,81,3.6575,2.5
16,2,82,3.5076,2.25
16,2,82,3.6270,2.25
16,2,83,3.6370,4.5
16,2,83,3.6137,4.5
16,2,84,3.5325,3.75
16,2,84,3.5227,3.75
16,2,85,3.5687,3.5
16,2,85,3.5456,3.5
16,2,86,3.5251,4.5
16,2,86,3.5599,4.5
16,2,87,3.4108,3.5
16,2,87,3.5770,3.5
16,2,88,3.3743,3.75
16,2,88,3.7390,3.75
16,2,89,3.5347,1.75
16,2,89,3.6110,1.75
16,2,90,3.6100,1.75
16,2,90,3.4932,1.75
16,2,91,3.5913,3.25
16,2,91,3.7372,3.25
16,2,92,3.4920,2.5
16,2,92,3.5863,2.5
16,2,93,3.6714,4.0
16,2,93,3.5487,4.0
16,2,94,3.5309,4.0
16,2,94,3.6384,4.0
16,2,95,3.4691,3.5
16,2,95,3.4450,3.5
16,2,96,3.4656,3.5
16,2,96,3.6479,3.5
16,2,97,3.2639,2.75
16,2,97,3.8153,2.75
16,2,98,3.4423,4.5
16,2,98,3.5949,4.5
16,2,99,3.4711,3.25
16,2,99,3.8132,3.25
16,2,100,3.3956,3.25
16,2,100,3.5408,3.25
16,2,101,3.5839,5.0
16,2,101,3.4887,5.0
16,2,102,3.4950,1.75
16,2,102,3.3749,1.75
16,2,103,3.4055,3.25
16,2,103,3.3877,3.25
16,2,104,3.5600,1.75
16,2,104,3.5034,1.75
16,2,105,3.6508,3.75
16,2,105,3.2766,3.75
16,2,106,3.6630,2.75
16,2,106,3.6719,2.75
16,2,107,3.4870,3.25
16,2,107,3.5259,3.25
16,2,108,3.4553,2.75
16,2,108,3.6403,2.75
16,2,109,3.6384,4.5
16,2,109,3.6638,4.5
16,2,110,3.4657,2.25
16,2,110,3.6366,2.25
16,2,111,3.6875,3.5
16,2,111,3.5079,3.5
16,2,112,3.5860,1.5
16,2,112,3.6897,1.5
16,2,113,3.4957,2.5
16,2,113,3.7014,2.5
16,2,114,3.6758,3.5
16,2,114,3.4677,3.5
16,2,115,3.5028,2.75
16,2,115,3.6513,2.75
16,2,116,3.7602,4.0
17,1,4,4.0447,2.75
17,1,4,3.2540,2.75
17,1,5,4.1182,2.75
17,1,5,3.1041,2.75
17,1,6,3.9571,2.75
17,1,6,3.2261,2.75
17,1,7,4.1597,2.75
17,1,7,2.9264,2.75
17,1,8,4.1001,2.75
17,1,8,3.5786,2.75
17,1,9,4.1866,1.5
17,1,9,3.6897,1.5
17,1,10,4.1724,1.5
17,1,10,3.8669,1.5
17,1,12,3.8204,2.25
17,1,12,3.7866,2.25
17,1,17,4.3163,3.0
17,1,17,3.1309,3.0
17,1,18,4.2120,2.75
17,1,18,3.1663,2.75
17,1,19,4.2761,4.0
17,1,19,3.3199,4.0
17,1,20,4.3091,3.5
17,1,20,3.0726,3.5
17,1,21,4.0272,2.5
17,1,21,3.0791,2.5
17,1,22,4.2360,3.0
17,1,22,2.9901,3.0
17,1,23,4.3476,2.5
17,1,23,3.0269,2.5
17,1,24,4.3222,3.25
17,1,24,3.0420,3.25
17,1,25,4.2078,3.75
17,1,25,3.1805,3.75
17,1,26,4.2499,3.0
17,1,26,2.9152,3.0
17,1,27,4.4128,4.5
17,1,27,3.0971,4.5
17,1,29,4.3883,4.0
17,1,29,3.0608,4.0
17,1,30,4.1401,5.25
17,1,30,3.0419,5.25
17,1,31,4.2371,4.0
17,1,31,3.0141,4.0
17,1,32,4.0438,4.5
17,1,32,3.5415,4.5
17,1,33,4.3904,3.75
17,1,33,3.1567,3.75
17,1,34,4.0539,3.25
17,1,34,3.0165,3.25
17,1,35,3.9713,2.5
17,1,35,3.0708,2.5
17,1,36,4.2728,2.75
17,1,36,3.2179,2.75
17,1,37,4.3810,2.5
17,1,37,3.0446,2.5
17,1,38,4.3836,2.25
17,1,38,2.9939,2.25
17,1,39,4.2036,4.5
17,1,39,3.0188,4.5
17,1,40,4.2535,3.0
17,1,40,3.4409,3.0
17,1,41,4.1493,3.25
17,1,41,3.0498,3.25
17,1,42,4.0539,3.75
17,1,42,3.1622,3.75
17,1,43,4.3380,4.25
17,1,43,3.2825,4.25
17,1,44,4.2990,3.5
17,1,44,3.1166,3.5
17,1,45,4.3381,3.0
17,1,45,3.1831,3.0
17,1,46,4.2539,4.0
17,1,46,3.0515,4.0
17,1,51,4.2972,3.0
17,1,51,3.1158,3.0
17,1,52,4.2892,2.75
17,1,52,3.0240,2.75
17,1,53,4.3307,2.75
17,1,53,3.1729,2.75
17,1,54,4.1363,3.25
17,1,54,3.2493,3.25
17,1,55,4.2435,2.5
17,1,55,3.1927,2.5
17,1,56,4.0424,3.25
17,1,56,3.2018,3.25
17,1,59,3.9830,2.5
17,1,59,3.3756,2.5
17,1,60,4.2478,3.0
17,1,60,3.2311,3.0
17,1,61,4.0242,2.25
17,1,61,3.7441,2.25
17,1,62,3.7536,1.75
17,1,62,3.4496,1.75
17,1,63,3.6424,1.75
17,1,63,3.7650,1.75
17,1,64,3.7734,1.0
17,1,64,3.2454,1.0
17,1,65,3.6863,1.25
17,1,65,3.8414,1.25
17,1,67,3.9035,3.0
17,1,67,3.4308,3.0
17,1,68,3.9884,3.75
17,1,68,3.0947,3.75
17,1,69,4.1953,2.5
17,1,69,3.2082,2.5
17,1,72,4.2806,5.25
17,1,72,3.0942,5.25
17,1,73,4.3329,4.25
17,1,73,2.9927,4.25
17,1,74,4.3287,3.25
17,1,74,3.2995,3.25
17,1,75,4.3189,1.75
17,1,75,3.2895,1.75
17,1,76,4.0721,4.5
17,1,76,3.0930,4.5
17,1,77,4.2072,3.5
17,1,77,2.9941,3.5
17,1,78,4.1209,4.25
17,1,78,3.0716,4.25
17,1,79,4.0649,3.25
17,1,79,3.0426,3.25
17,1,80,4.2594,4.25
17,1,80,3.0156,4.25
17,1,81,4.1183,4.5
17,1,81,2.9608,4.5
17,1,82,4.2298,5.0
17,1,82,3.0534,5.0
17,1,83,4.1079,3.5
17,1,83,3.3942,3.5
17,1,84,4.0457,4.25
17,1,84,3.3018,4.25
17,1,85,4.0625,4.75
17,1,85,3.0827,4.75
17,1,86,4.2336,4.0
17,1,86,2.9480,4.0
17,1,87,4.2476,2.5
17,1,87,3.0159,2.5
17,1,88,4.0626,4.25
17,1,88,2.9994,4.25
17,1,89,4.0120,3.25
17,1,89,3.0383,3.25
17,1,90,4.0253,5.5
17,1,90,3.1434,5.5
17,1,91,4.3549,3.5
17,1,91,3.0171,3.5
17,1,92,3.8769,5.25
17,1,92,3.0064,5.25
17,1,93,4.0768,3.5
17,1,93,3.0754,3.5
17,1,94,3.9215,3.5
17,1,94,3.4236,3.5
17,1,95,3.9134,5.25
17,1,95,3.0453,5.25
17,1,96,4.1051,1.5
17,1,96,2.9824,1.5
17,1,97,4.0261,2.5
17,1,97,3.2678,2.5
17,1,98,4.0108,3.5
17,1,98,3.2074,3.5
17,1,99,4.0214,3.5
17,1,99,3.3172,3.5
17,1,100,4.1278,2.75
17,1,100,3.2998,2.75
17,1,101,4.3117,3.0
17,1,101,3.2065,3.0
17,1,102,4.3108,3.75
17,1,102,3.1916,3.75
17,1,104,4.0429,3.25
17,1,104,3.0964,3.25
17,1,105,4.1328,3.75
17,1,105,3.1533,3.75
17,1,106,4.0778,2.75
17,1,106,3.0942,2.75
17,1,107,4.0736,3.25
17,1,107,3.1094,3.25
17,1,108,4.1287,2.5
17,1,108,2.9973,2.5
17,1,109,4.0339,2.5
18,1,2,4.5866,4.25
18,1,2,3.9364,4.25
18,1,3,4.5496,2.25
18,1,3,3.9082,2.25
18,1,4,4.6998,3.0
18,1,4,3.7743,3.0
18,1,5,4.6483,1.5
18,1,5,4.0951,1.5
18,1,6,4.6306,3.5
18,1,6,4.2382,3.5
18,1,7,4.5896,2.5
18,1,7,3.6042,2.5
18,1,8,4.4776,2.25
18,1,8,3.7628,2.25
18,1,9,4.7070,2.0
18,1,9,3.9165,2.0
18,1,10,4.8789,1.75
18,1,10,4.2140,1.75
18,1,11,4.9177,5.75
18,1,11,3.8469,5.75
18,1,12,4.8613,6.0
18,1,12,4.0954,6.0
18,1,16,4.3188,2.33333
18,1,16,4.3973,2.33333
18,1,17,4.5535,3.0
18,1,17,4.1096,3.0
18,1,18,4.5333,2.75
18,1,18,4.3518,2.75
18,1,19,4.6935,2.75
18,1,19,4.4879,2.75
18,1,20,4.5587,2.75
18,1,20,4.2556,2.75
18,1,21,4.5810,2.5
18,1,21,4.0915,2.5
18,1,28,4.5558,3.25
18,1,28,4.5197,3.25
18,1,29,4.7814,3.75
18,1,29,4.5636,3.75
18,1,30,4.8030,2.75
18,1,30,4.5579,2.75
18,1,31,4.6852,3.75
18,1,31,4.8193,3.75
18,1,32,4.5638,1.25
18,1,32,4.8126,1.25
18,1,33,4.7575,1.0
18,1,33,5.0614,1.0
18,1,34,4.7840,2.25
18,1,34,4.4701,2.25
18,1,35,4.7070,2.25
18,1,35,4.4809,2.25
18,1,36,4.7001,2.25
18,1,36,4.3177,2.25
18,1,37,4.7352,2.75
18,1,37,4.4741,2.75
18,1,38,4.6178,3.5
18,1,38,4.1670,3.5
18,1,39,4.6444,4.0
18,1,39,3.8682,4.0
18,1,40,4.6858,4.0
18,1,40,4.3105,4.0
18,1,41,4.6761,4.0
18,1,41,4.3373,4.0
18,1,42,4.5673,2.5
18,1,42,4.2713,2.5
18,1,43,4.6621,4.25
18,1,43,4.0861,4.25
18,1,44,4.4569,2.5
18,1,44,3.8214,2.5
18,1,45,4.7858,4.75
18,1,45,3.9986,4.75
18,1,46,4.5261,2.25
18,1,46,4.7369,2.25
18,1,47,4.6429,1.75
18,1,47,4.7786,1.75
18,1,48,4.5585,1.75
18,1,48,4.4855,1.75
18,1,49,4.5987,1.5
18,1,49,4.1678,1.5
18,1,50,4.6141,2.25
18,1,50,4.5955,2.25
18,1,51,4.5543,1.25
18,1,51,3.8128,1.25
18,1,53,4.6650,3.25
18,1,53,4.7136,3.25
18,1,54,4.6442,1.25
18,1,54,3.8006,1.25
18,1,55,4.8035,1.75
18,1,55,4.0055,1.75
18,1,56,4.7355,3.25
18,1,56,4.0997,3.25
18,1,59,4.7846,1.66667
18,1,59,4.0299,1.66667
18,1,60,4.4718,1.0
18,1,60,4.2514,1.0
18,1,61,4.8394,3.25
18,1,61,4.3734,3.25
18,1,62,4.6812,1.5
18,1,62,4.2405,1.5
18,1,64,4.8845,2.25
18,1,64,4.0880,2.25
18,1,65,4.6746,1.0
18,1,65,4.1659,1.0
18,1,66,4.8664,1.75
18,1,66,4.0377,1.75
18,1,67,4.7064,1.0
18,1,67,4.3459,1.0
18,1,68,4.7991,2.5
18,1,68,4.0933,2.5
18,1,74,4.8156,1.5
18,1,74,4.0315,1.5
18,1,75,4.7415,1.0
18,1,75,4.1743,1.0
18,1,76,4.8911,2.0
18,1,76,4.3620,2.0
18,1,77,4.5489,1.0
18,1,77,4.1809,1.0
18,1,78,4.5533,2.0
18,1,78,4.0951,2.0
18,1,79,4.6973,2.25
18,1,79,4.1617,2.25
18,1,80,4.4974,3.5
18,1,80,4.3993,3.5
18,1,81,4.6470,3.75
18,1,81,4.3244,3.75
18,1,82,4.7763,3.25
18,1,82,4.1803,3.25
18,1,84,4.8650,4.5
18,1,84,3.7725,4.5
18,1,85,4.6520,4.0
18,1,85,4.2973,4.0
18,1,90,4.6270,2.5
18,1,90,4.1471,2.5
18,1,91,4.4462,2.5
18,1,91,4.3244,2.5
18,1,92,4.6374,2.25
18,1,92,4.1168,2.25
18,1,93,4.6447,2.0
18,1,93,3.8214,2.0
18,1,94,4.5839,2.5
18,1,94,3.9636,2.5
18,1,95,4.3588,4.25
18,1,95,4.3427,4.25
18,1,96,4.6203,2.5
18,1,96,4.0023,2.5
18,1,97,4.7155,3.25
18,1,97,4.2065,3.25
18,1,98,4.8195,2.25
18,1,98,4.2299,2.25
18,1,99,4.8470,2.5
18,1,99,4.6233,2.5
18,1,100,4.6338,3.75
18,1,100,4.4179,3.75
18,1,101,4.5209,2.25
18,1,101,4.5442,2.25
18,1,102,4.7178,2.25
18,1,102,4.2979,2.25
18,1,103,4.7123,2.0
18,1,103,4.0653,2.0
18,1,104,4.5239,3.25
18,1,104,4.5865,3.25
18,1,105,4.6109,1.75
18,1,105,3.9016,1.75
18,1,109,4.6087,3.0
18,1,109,4.0612,3.0
18,1,111,4.4459,2.75
18,1,111,4.1229,2.75
18,1,112,4.7198,1.25
