3,1,47,4.19388961792,4.25
3,1,47,4.19415616989,4.25
3,1,10,4.15288209915,2.875
3,1,10,4.15278148651,2.875
3,1,101,4.16146326065,4.375
3,1,101,4.16138219833,4.375
3,1,64,4.22571516037,5.75
3,1,64,4.2261838913,5.75
3,1,45,4.23832798004,4.25
3,1,45,4.23740911484,4.25
3,1,8,4.18185997009,3.5
3,1,8,4.18201351166,3.5
3,1,99,3.99767804146,1.5
3,1,99,3.99794435501,1.5
3,1,94,3.82800912857,3.25
3,1,94,3.82868027687,3.25
3,1,43,4.12157011032,4.0
3,1,43,4.12163209915,4.0
3,1,6,4.20589923859,4.5
3,1,6,4.2056145668,4.5
3,1,97,3.89545226097,1.25
3,1,97,3.8959581852,1.25
3,1,92,4.16618013382,3.5
3,1,92,4.16765880585,3.5
3,1,41,3.7312874794,3.25
3,1,41,3.72977805138,3.25
3,1,4,4.23918771744,3.25
3,1,4,4.23865365982,3.25
3,1,90,3.96610116959,3.75
3,1,90,3.96660757065,3.75
3,1,39,4.10753440857,5.75
3,1,39,4.10734891891,5.75
3,1,2,3.82776999474,4.5
3,1,2,3.8265607357,4.5
3,1,88,3.89576005936,4.0
3,1,88,3.89641499519,4.0
3,1,37,4.20938920975,3.125
3,1,37,4.20962524414,3.125
3,1,86,4.14408922195,4.25
3,1,86,4.14399242401,4.25
3,1,35,4.17271852493,4.375
3,1,35,4.17236804962,4.375
3,1,30,2.93433403969,4.5
3,1,30,2.92881011963,4.5
3,1,84,4.14905023575,3.75
3,1,84,4.14955854416,3.75
3,1,33,4.19740915298,3.0
3,1,33,4.1981086731,3.0
3,1,28,4.16949987411,4.75
3,1,28,4.1696228981,4.75
3,1,82,4.12208080292,3.0
3,1,82,4.12432956696,3.0
3,1,63,4.18050050735,4.75
3,1,63,4.18103313446,4.75
3,1,26,4.21594333649,4.0
3,1,26,4.21624898911,4.0
3,1,80,4.04492235184,2.75
3,1,80,4.04357004166,2.75
3,1,61,4.13289403915,5.5
3,1,61,4.13251066208,5.5
3,1,24,4.16773080826,4.5
3,1,24,4.16786003113,4.5
3,1,59,4.16492986679,5.5
3,1,59,4.16476488113,5.5
3,1,22,4.25093889236,4.83333
3,1,22,4.25029563904,4.83333
3,1,57,4.20328760147,4.875
3,1,57,4.20335197449,4.875
3,1,20,3.89076471329,2.5
3,1,20,3.89096927643,2.5
3,1,79,4.01759338379,5.25
3,1,79,4.01827907562,5.25
3,1,55,3.95450043678,3.25
3,1,55,3.95406103134,3.25
3,1,18,3.98718333244,3.75
3,1,18,3.98698353767,3.75
3,1,77,4.12974309921,4.5
3,1,77,4.13011789322,4.5
3,1,16,4.16448450089,4.75
3,1,16,4.16423034668,4.75
3,1,75,4.02633094788,4.0
3,1,75,4.02653074265,4.0
3,1,51,4.08863639832,4.5
3,1,51,4.08904314041,4.5
3,1,73,4.01937437057,3.0
3,1,73,4.01906728745,3.0
3,1,49,4.228951931,5.0
3,1,49,4.22914266586,5.0
3,1,108,4.09773349762,2.25
3,1,108,4.09783697128,2.25
3,1,71,3.85967731476,2.0
3,1,71,3.86103725433,2.0
3,1,15,4.15924835205,5.0
3,1,15,4.15923118591,5.0
3,1,106,3.64412164688,2.75
3,1,106,3.64566087723,2.75
3,1,104,4.13131952286,3.5
3,1,104,4.13096141815,3.5
3,1,102,3.99784064293,5.25
3,1,102,3.99768900871,5.25
3,1,65,4.09360647202,6.25
3,1,65,4.09403991699,6.25
3,1,46,4.06731367111,5.0
3,1,46,4.06730031967,5.0
3,1,9,4.0937743187,2.75
3,1,9,4.09427499771,2.75
3,1,100,4.13617897034,2.375
3,1,100,4.13643121719,2.375
3,1,95,4.14175415039,3.75
3,1,95,4.14063215256,3.75
3,1,44,3.70477437973,3.0
3,1,44,3.70262336731,3.0
3,1,7,4.28585195541,4.75
3,1,7,4.28564310074,4.75
3,1,98,3.28595280647,1.75
3,1,98,3.28229928017,1.75
3,1,93,4.06237602234,3.25
3,1,93,4.06188154221,3.25
3,1,5,4.24315261841,6.0
3,1,5,4.24302244186,6.0
3,1,96,4.16252756119,3.875
3,1,96,4.16250085831,3.875
3,1,91,4.25277376175,4.0
3,1,91,4.252617836,4.0
3,1,40,4.12728404999,5.0
3,1,40,4.12693357468,5.0
3,1,3,4.25380420685,3.0
3,1,3,4.25392436981,3.0
3,1,89,4.04222631454,4.25
3,1,89,4.04126214981,4.25
3,1,38,4.09994220734,4.5
3,1,38,4.09874486923,4.5
3,1,1,3.95489811897,3.875
3,1,1,3.95630574226,3.875
3,1,87,4.17169189453,4.25
3,1,87,4.17132711411,4.25
3,1,36,4.17753887177,3.5
3,1,36,4.17684268951,3.5
3,1,31,3.96042752266,3.66667
3,1,31,3.9603741169,3.66667
3,1,85,4.10595226288,2.0
3,1,85,4.10575914383,2.0
3,1,34,4.27773475647,4.125
3,1,34,4.27781200409,4.125
3,1,29,4.19333696365,1.25
3,1,29,4.19318389893,1.25
3,1,83,4.19568538666,4.5
3,1,83,4.19580841064,4.5
3,1,32,3.4886534214,4.5
3,1,32,3.49039196968,4.5
3,1,27,4.15903139114,5.25
3,1,27,4.15963220596,5.25
3,1,81,4.22174882889,2.75
3,1,81,4.22155332565,2.75
3,1,62,4.22011995316,4.375
3,1,62,4.22001695633,4.375
3,1,25,4.27117729187,5.5
3,1,25,4.27102184296,5.5
3,1,60,4.191634655,5.5
3,1,60,4.19186496735,5.5
3,1,23,4.11169338226,3.875
3,1,23,4.11086750031,3.875
3,1,58,4.15944004059,4.5
3,1,58,4.15929412842,4.5
3,1,21,4.22947359085,4.5
3,1,21,4.2295217514,4.5
3,1,56,3.76517629623,4.0
3,1,56,3.76351213455,4.0
3,1,19,4.23043441772,4.125
3,1,19,4.2316031456,4.125
3,1,78,4.13811397552,5.25
3,1,78,4.13791131973,5.25
3,1,17,4.19824981689,5.0
3,1,17,4.19814872742,5.0
3,1,76,4.13584089279,4.0
3,1,76,4.13595438004,4.0
3,1,52,4.22253370285,3.5
3,1,52,4.22224760056,3.5
3,1,74,4.18839454651,4.0
3,1,74,4.18870067596,4.0
3,1,50,4.13446378708,4.66667
3,1,50,4.13482999802,4.66667
3,1,48,4.25644350052,2.5
3,1,48,4.25646972656,2.5
3,1,107,3.9511744976,5.25
3,1,107,3.9515349865,5.25
3,1,70,3.85955739021,2.75
3,1,70,3.85873985291,2.75
3,1,14,3.88108086586,3.75
3,1,14,3.88129401207,3.75
3,1,105,3.5454287529,1.25
3,1,105,3.54668235779,1.25
3,1,103,3.59227085114,1.5
3,1,103,3.5927336216,1.5
3,1,66,3.9687962532,3.0
3,1,66,3.969632864,3.0
3,2,82,3.7191157341,3.25
3,2,82,3.71691799164,3.25
3,2,61,4.29996109009,4.375
3,2,61,4.2989487648,4.375
3,2,80,4.12711429596,4.75
3,2,80,4.12723922729,4.75
3,2,30,-1.2455701828,3.625
3,2,30,-1.25123894215,3.625
3,2,35,3.2715587616,3.875
3,2,35,3.27075076103,3.875
3,2,86,3.14770245552,2.75
3,2,86,3.15045428276,2.75
3,2,28,2.87568378448,4.0
3,2,28,2.87933182716,4.0
3,2,33,4.05166196823,5.0
3,2,33,4.05152988434,5.0
3,2,84,3.38528847694,4.0
3,2,84,3.38187241554,4.0
3,2,2,3.87035369873,1.875
3,2,2,3.86821484566,1.875
3,2,39,4.07022666931,4.25
3,2,39,4.07062768936,4.25
3,2,90,4.06028938293,4.25
3,2,90,4.06017971039,4.25
3,2,37,3.97483849525,2.25
3,2,37,3.97459411621,2.25
3,2,88,4.08782482147,4.0
3,2,88,4.08718061447,4.0
3,2,6,3.98725938797,5.25
3,2,6,3.98842573166,5.25
3,2,43,0.443889439106,4.0
3,2,43,0.446946442127,4.0
3,2,94,4.00987863541,3.75
3,2,94,4.00992250443,3.75
3,2,99,4.00461578369,2.625
3,2,99,4.00461053848,2.625
3,2,41,4.09812831879,3.5
3,2,41,4.09746742249,3.5
3,2,92,3.83316636086,3.25
3,2,92,3.83395552635,3.25
3,2,97,4.07010936737,5.0
3,2,97,4.06959867477,5.0
3,2,10,3.93328809738,4.0
3,2,10,3.93374228477,4.0
3,2,47,4.01559686661,3.875
3,2,47,4.01600217819,3.875
3,2,66,4.01295804977,3.75
3,2,66,4.01279401779,3.75
3,2,103,4.14833164215,4.0
3,2,103,4.14779901505,4.0
3,2,8,4.01282835007,6.0
3,2,8,4.01336574554,6.0
3,2,45,3.90703892708,3.25
3,2,45,3.90642571449,3.25
3,2,64,3.77981996536,2.375
3,2,64,3.77885174751,2.375
3,2,101,3.94746518135,3.125
3,2,101,3.94759654999,3.125
3,2,14,3.95752644539,3.75
3,2,14,3.95830130577,3.75
3,2,70,3.86145305634,3.66667
3,2,70,3.86656475067,3.66667
3,2,107,2.79310154915,4.625
3,2,107,2.7858505249,4.625
3,2,12,4.18882369995,5.25
3,2,12,4.18930912018,5.25
3,2,68,3.95507287979,5.5
3,2,68,3.95147705078,5.5
3,2,105,4.09623861313,3.5
3,2,105,4.09486103058,3.5
3,2,50,4.17215442657,3.75
3,2,50,4.17225217819,3.75
3,2,74,4.18110609055,3.25
3,2,74,4.18136453629,3.25
3,2,111,4.03872299194,3.5
3,2,111,4.03797960281,3.5
3,2,48,3.19988465309,4.25
3,2,48,3.20306634903,4.25
3,2,109,3.61250495911,1.95833
3,2,109,3.61660170555,1.95833
3,2,78,4.26824522018,2.75
3,2,78,4.26820611954,2.75
3,2,52,4.03936481476,1.5
3,2,52,4.03890228271,1.5
3,2,56,4.05899429321,4.25
3,2,56,4.05905866623,4.25
3,2,112,1.68545973301,4.0
3,2,112,1.68311333656,4.0
3,2,62,4.27019500732,5.25
3,2,62,4.27001619339,5.25
3,2,27,4.159678936,4.0
3,2,27,4.15978193283,4.0
3,2,60,3.79597449303,3.75
3,2,60,3.79776191711,3.75
3,2,83,4.06650161743,4.25
3,2,83,4.06672096252,4.25
3,2,34,3.69994020462,3.5
3,2,34,3.69618821144,3.5
3,2,81,4.0282459259,4.375
3,2,81,4.0286231041,4.375
3,2,31,4.02390766144,3.25
3,2,31,4.0238070488,3.25
3,2,32,4.10273551941,3.25
3,2,32,4.10236930847,3.25
3,2,87,3.35040020943,3.75
3,2,87,3.3449382782,3.75
3,2,29,0.275370717049,4.0
3,2,29,0.276677161455,4.0
3,2,38,4.29093933105,3.25
3,2,38,4.29085588455,3.25
3,2,85,3.66617703438,3.25
3,2,85,3.66695380211,3.25
3,2,36,4.00126409531,2.75
3,2,36,4.00059509277,2.75
3,2,91,4.23353815079,4.5
3,2,91,4.23379945755,4.5
3,2,42,-0.977281928062,2.5
3,2,42,-0.980903983116,2.5
3,2,89,4.16697883606,3.25
3,2,89,4.16843080521,3.25
3,2,98,4.19549751282,4.5
3,2,98,4.17783975601,4.5
3,2,7,3.89787149429,6.0
3,2,7,3.89953923225,6.0
3,2,40,4.13102626801,2.75
3,2,40,4.1312289238,2.75
3,2,95,3.45803999901,1.5
3,2,95,3.45847153664,1.5
3,2,96,3.77583217621,3.125
3,2,96,3.77918386459,3.125
3,2,5,3.93782782555,3.25
3,2,5,3.93795657158,3.25
3,2,46,3.4161157608,4.5
3,2,46,3.41507530212,4.5
3,2,93,4.09377145767,5.0
3,2,93,4.09212827682,5.0
3,2,102,4.17725896835,2.0
3,2,102,4.17953062057,2.0
3,2,11,4.02124595642,4.125
3,2,11,4.02070856094,4.125
3,2,44,2.31699728966,5.0
3,2,44,2.30963206291,5.0
3,2,67,4.20519208908,5.25
3,2,67,4.205098629,5.25
3,2,100,3.95305109024,1.25
3,2,100,3.95313191414,1.25
3,2,9,4.09865999222,4.5
3,2,9,4.09951114655,4.5
3,2,65,3.60531711578,3.0
3,2,65,3.6105029583,3.0
3,2,106,4.04057407379,3.875
3,2,106,4.03936672211,3.875
3,2,71,3.90378808975,2.375
3,2,71,3.90350627899,2.375
3,2,104,0.119041018188,3.5
3,2,104,0.124773487449,3.5
3,2,13,4.17751407623,5.0
3,2,13,4.17644357681,5.0
3,2,69,2.40703105927,1.25
3,2,69,2.41953659058,1.25
3,2,110,4.01869297028,4.25
3,2,110,4.01937055588,4.25
3,2,51,4.25255012512,4.0
3,2,51,4.25256156921,4.0
3,2,108,3.95118308067,4.0
3,2,108,3.95166492462,4.0
3,2,49,3.87380075455,2.75
3,2,49,3.87436461449,2.75
3,2,73,4.09011602402,3.75
3,2,73,4.09046840668,3.75
3,2,55,4.19421958923,3.33333
3,2,55,4.1943936348,3.33333
3,2,79,3.83577346802,3.75
3,2,79,3.83681416512,3.75
3,2,53,4.14847517014,4.5
3,2,53,4.14748430252,4.5
3,2,77,4.13903951645,2.25
3,2,77,4.13865041733,2.25
3,2,59,3.86322331429,2.25
3,2,59,3.86359143257,2.25
3,2,113,4.00005531311,3.0
3,2,113,3.99878430367,3.0
3,2,26,3.24163031578,2.5
3,2,26,3.2423889637,2.5
3,2,63,1.90042638779,1.25
3,2,63,1.88465583324,1.25
4,1,29,3.14053273201,3.0
4,1,29,3.13480520248,3.0
4,1,58,3.7025976181,2.25
4,1,58,3.70298266411,2.25
4,1,85,3.49960660934,2.5
4,1,85,3.50118565559,2.5
4,1,114,3.34230732918,1.5
4,1,114,3.34229373932,1.5
4,1,31,3.4618768692,2.25
4,1,31,3.46132659912,2.25
4,1,36,-0.639510750771,0.875
4,1,36,-0.634126365185,0.875
4,1,87,3.40432190895,3.25
4,1,87,3.40535473824,3.25
4,1,25,-0.553680717945,1.5
4,1,25,-0.559963583946,1.5
4,1,38,3.45201706886,2.5
4,1,38,3.45119738579,2.5
4,1,81,3.298858881,3.0
4,1,81,3.29921174049,3.0
4,1,27,-1.46602284908,2.75
4,1,27,-1.46468794346,2.75
4,1,32,1.03153729439,1.5
4,1,32,1.03536570072,1.5
4,1,83,2.91553497314,3.25
4,1,83,2.90861105919,3.25
4,1,5,1.10385143757,1.0
4,1,5,1.13144922256,1.0
4,1,34,1.6577244997,1.5
4,1,34,1.65923857689,1.5
4,1,93,3.61004328728,3.0
4,1,93,3.61029148102,3.0
4,1,7,-0.639523983002,1.75
4,1,7,-0.635846555233,1.75
4,1,95,3.10828018188,3.5
4,1,95,3.10581660271,3.5
4,1,100,3.45453834534,0.75
4,1,100,3.45245957375,0.75
4,1,46,3.83713197708,3.75
4,1,46,3.83705663681,3.75
4,1,89,3.24102187157,1.75
4,1,89,3.24295759201,1.75
4,1,102,2.88227844238,1.5
4,1,102,2.88426804543,1.5
4,1,3,2.17753815651,3.5
4,1,3,2.15857362747,3.5
4,1,40,3.700091362,4.0
4,1,40,3.7010307312,4.0
4,1,91,3.28867292404,2.25
4,1,91,3.28942704201,2.25
4,1,96,3.57187438011,2.75
4,1,96,3.57251858711,2.75
4,1,13,2.52182173729,1.5
4,1,13,2.53003787994,1.5
4,1,42,3.45354628563,1.75
4,1,42,3.45520234108,1.75
4,1,69,3.94462990761,5.5
4,1,69,3.94465899467,5.5
4,1,98,3.66885495186,3.25
4,1,98,3.66923522949,3.25
4,1,15,2.19082522392,0.75
4,1,15,2.18569636345,0.75
4,1,71,3.87793898582,2.125
4,1,71,3.87794923782,2.125
4,1,108,3.70879149437,3.25
4,1,108,3.70842337608,3.25
4,1,9,-1.45670902729,1.0
4,1,9,-1.43901097775,1.0
4,1,65,3.70099377632,4.75
4,1,65,3.70064759254,4.75
4,1,110,3.44084239006,4.0
4,1,110,3.43904280663,4.0
4,1,11,2.61287951469,1.0
4,1,11,2.61792874336,1.0
4,1,67,1.24551093578,1.75
4,1,67,1.22901666164,1.75
4,1,104,3.40756464005,1.25
4,1,104,3.40864038467,1.25
4,1,53,3.84945130348,2.5
4,1,53,3.84938359261,2.5
4,1,77,3.66433644295,2.625
4,1,77,3.66266536713,2.625
4,1,106,3.33588290215,2.125
4,1,106,3.33543395996,2.125
4,1,55,3.85488915443,2.5
4,1,55,3.85516381264,2.5
4,1,79,3.90713095665,6.75
4,1,79,3.90684127808,6.75
4,1,49,3.87263464928,4.25
4,1,49,3.87229943275,4.25
4,1,73,3.8768055439,4.25
4,1,73,3.87724041939,4.25
4,1,22,2.15487504005,1.25
4,1,22,2.1697332859,1.25
4,1,51,3.77357316017,2.75
4,1,51,3.77361774445,2.75
4,1,75,3.81138634682,4.75
4,1,75,3.81184601784,4.75
4,1,16,-0.580308914185,1.0
4,1,16,-0.603559732437,1.0
4,1,117,3.64118266106,1.25
4,1,117,3.64071154594,1.25
4,1,63,-1.8934905529,1.0
4,1,63,-1.89745724201,1.0
4,1,28,3.11676859856,2.625
4,1,28,3.12006282806,2.625
4,1,57,3.81203484535,2.75
4,1,57,3.81179904938,2.75
4,1,84,3.10257911682,2.5
4,1,84,3.10236024857,2.5
4,1,113,3.20070934296,3.25
4,1,113,3.19539093971,3.25
4,1,30,2.71331381798,1.125
4,1,30,2.71395611763,1.125
4,1,59,3.76733326912,1.875
4,1,59,3.76691699028,1.875
4,1,86,2.41414546967,1.66667
4,1,86,2.41594386101,1.66667
4,1,115,3.54376935959,3.5
4,1,115,3.54736113548,3.5
4,1,24,3.04421257973,2.0
4,1,24,3.04685235023,2.0
4,1,37,3.27292585373,2.25
4,1,37,3.2704706192,2.25
4,1,80,3.21201682091,3.5
4,1,80,3.20873403549,3.5
4,1,26,3.76165866852,4.375
4,1,26,3.76114010811,4.375
4,1,39,3.3761920929,2.5
4,1,39,3.37726902962,2.5
4,1,82,3.39732241631,6.5
4,1,82,3.39417243004,6.5
4,1,4,-1.11172771454,1.5
4,1,4,-1.12611997128,1.5
4,1,33,-0.445017725229,1.5
4,1,33,-0.44157743454,1.5
4,1,92,3.23425769806,2.0
4,1,92,3.23409438133,2.0
4,1,6,2.13295292854,1.5
4,1,6,2.13392686844,1.5
4,1,35,-0.309343189001,1.75
4,1,35,-0.306943058968,1.75
4,1,94,2.8223669529,1.5
4,1,94,2.82690358162,1.5
4,1,45,3.58515644073,2.125
4,1,45,3.58535075188,2.125
4,1,88,3.11099839211,1.5
4,1,88,3.10934519768,1.5
4,1,101,2.34359788895,3.875
4,1,101,2.33674812317,3.875
4,1,47,3.66829371452,2.125
4,1,47,3.66478061676,2.125
4,1,90,3.64113855362,1.375
4,1,90,3.64061164856,1.375
4,1,103,3.63251852989,1.0
4,1,103,3.63364124298,1.0
4,1,12,0.803327620029,2.5
4,1,12,0.826516151428,2.5
4,1,41,3.84530615807,2.5
4,1,41,3.84498691559,2.5
4,1,68,3.7372200489,5.5
4,1,68,3.73760199547,5.5
4,1,97,3.06124162674,1.625
4,1,97,3.06092357635,1.625
4,1,70,3.66332578659,5.25
4,1,70,3.66384124756,5.25
4,1,99,3.65673303604,2.375
4,1,99,3.65669322014,2.375
4,1,8,0.834696233273,0.75
4,1,8,0.844853818417,0.75
4,1,64,3.74215054512,3.5
4,1,64,3.74154925346,3.5
4,1,109,3.58386945724,2.75
4,1,109,3.5837700367,2.75
4,1,10,-1.18757975101,3.0
4,1,10,-1.18864512444,3.0
4,1,66,-0.473901480436,1.0
4,1,66,-0.466332912445,1.0
4,1,111,3.53818130493,3.5
4,1,111,3.53774523735,3.5
4,1,52,3.95281648636,3.25
4,1,52,3.95225715637,3.25
4,1,105,3.77411437035,3.625
4,1,105,3.77066469193,3.625
4,1,54,3.74495387077,3.375
4,1,54,3.7450773716,3.375
4,1,78,3.05818629265,3.25
4,1,78,3.0562942028,3.25
4,1,48,3.6984193325,1.5
4,1,48,3.69881772995,1.5
4,1,72,2.77317595482,2.375
4,1,72,2.77160692215,2.375
4,1,50,3.76910448074,2.0
4,1,50,3.76918721199,2.0
4,1,74,3.52088880539,3.5
4,1,74,3.5215985775,3.5
4,1,23,-0.0249596461654,1.0
4,1,23,-0.00683325063437,1.0
4,1,116,3.84199428558,1.75
4,1,116,3.84246683121,1.75
4,1,118,3.38531541824,4.5
4,1,118,3.38450050354,4.5
4,1,56,3.76510286331,2.0
4,1,56,3.76508283615,2.0
4,1,112,3.37321734428,1.0
4,1,112,3.3744289875,1.0
7,1,40,4.29489850998,5.5
7,1,40,4.18759346008,5.5
7,1,3,3.73215675354,4.75
7,1,3,3.9651992321,4.75
7,1,102,3.37858939171,4.25
7,1,102,3.47557806969,4.25
7,1,46,4.11997747421,4.0
7,1,46,4.15422773361,4.0
7,1,1,3.25470352173,3.5
7,1,1,3.72373080254,3.5
7,1,44,3.94500279427,6.25
7,1,44,3.96831774712,6.25
7,1,7,4.00042486191,2.25
7,1,7,3.87615203857,2.25
7,1,90,3.69324803352,4.0
7,1,90,3.49000549316,4.0
7,1,34,4.15147256851,5.5
7,1,34,4.0450553894,5.5
7,1,5,3.85963129997,4.75
7,1,5,3.85045218468,4.75
7,1,88,3.79077959061,6.5
7,1,88,3.77017641068,6.5
7,1,32,4.16201448441,3.75
7,1,32,4.19567728043,3.75
7,1,94,4.05502080917,3.0
7,1,94,3.99826407433,3.0
7,1,38,3.71796178818,3.5
7,1,38,3.99588370323,3.5
7,1,92,3.83831787109,5.75
7,1,92,3.19270658493,5.75
7,1,36,3.60787391663,4.25
7,1,36,3.36961007118,4.25
7,1,82,4.01694154739,5.25
7,1,82,3.69465947151,5.25
7,1,26,4.05076360703,3.0
7,1,26,4.17426013947,3.0
7,1,80,3.92092633247,2.0
7,1,80,3.79632735252,2.0
7,1,24,4.01984357834,5.0
7,1,24,4.10186386108,5.0
7,1,86,4.09865427017,3.25
7,1,86,3.97569155693,3.25
7,1,59,3.63247489929,5.25
7,1,59,3.72128844261,5.25
7,1,30,3.75440239906,3.0
7,1,30,3.764285326,3.0
7,1,84,3.53900361061,4.75
7,1,84,3.66752767563,4.75
7,1,57,4.16989183426,4.25
7,1,57,4.16715669632,4.25
7,1,28,4.06221246719,5.25
7,1,28,4.03662586212,5.25
7,1,74,4.06086683273,4.25
7,1,74,3.83160638809,4.25
7,1,63,3.82828807831,5.5
7,1,63,3.67611455917,5.5
7,1,18,4.13648796082,6.0
7,1,18,4.20114278793,6.0
7,1,72,3.92760968208,2.0
7,1,72,3.9738676548,2.0
7,1,61,4.01358985901,5.0
7,1,61,3.92411208153,5.0
7,1,107,3.5396707058,4.0
7,1,107,3.63892626762,4.0
7,1,78,-0.886351644993,4.0
7,1,78,-1.57784461975,4.0
7,1,51,4.01853752136,3.5
7,1,51,4.01151657104,3.5
7,1,22,3.76507711411,3.75
7,1,22,3.86290955544,3.75
7,1,105,3.97296595573,4.75
7,1,105,4.0637550354,4.75
7,1,76,4.11699771881,2.75
7,1,76,4.13372612,2.75
7,1,49,4.02646350861,4.5
7,1,49,3.95593237877,4.5
7,1,20,4.13477706909,5.25
7,1,20,4.03132677078,5.25
7,1,66,2.11247467995,4.25
7,1,66,2.896951437,4.25
7,1,55,3.75234985352,2.5
7,1,55,3.39168071747,2.5
7,1,10,3.33210086823,2.75
7,1,10,3.77667284012,2.75
7,1,109,2.69629812241,6.25
7,1,109,3.40349984169,6.25
7,1,64,3.4618241787,5.0
7,1,64,2.86166286469,5.0
7,1,53,4.18428039551,5.5
7,1,53,4.17402267456,5.5
7,1,8,4.05409574509,4.5
7,1,8,4.06077432632,4.5
7,1,70,3.84422588348,5.5
7,1,70,3.82549953461,5.5
7,1,43,4.0681385994,3.5
7,1,43,4.14383459091,3.5
7,1,14,-2.65412139893,1.75
7,1,14,-1.90161550045,1.75
7,1,97,2.60917496681,5.5
7,1,97,2.7784986496,5.5
7,1,68,2.26833891869,4.25
7,1,68,2.88104963303,4.25
7,1,41,4.08434438705,4.75
7,1,41,3.95075297356,4.75
7,1,12,-2.20107483864,5.0
7,1,12,-1.83388829231,5.0
7,1,103,3.60112524033,3.25
7,1,103,3.5517642498,3.25
7,1,47,4.28597307205,4.5
7,1,47,4.2235789299,4.5
7,1,2,4.00014019012,5.5
7,1,2,4.10423755646,5.5
7,1,101,3.31351280212,4.0
7,1,101,3.53030562401,4.0
7,1,45,4.07207965851,4.5
7,1,45,4.07051992416,4.5
7,1,35,3.97308444977,6.0
7,1,35,3.94031763077,6.0
7,1,89,3.1980741024,5.25
7,1,89,2.98232340813,5.25
7,1,33,4.04224395752,4.75
7,1,33,4.00819444656,4.75
7,1,4,3.99023652077,3.25
7,1,4,4.07416915894,3.25
7,1,95,3.9014415741,4.75
7,1,95,4.06786632538,4.75
7,1,39,4.04674243927,5.5
7,1,39,4.04975938797,5.5
7,1,93,4.00755929947,4.25
7,1,93,4.01867103577,4.25
7,1,37,4.07928609848,4.25
7,1,37,4.09808063507,4.25
7,1,83,3.94352912903,4.75
7,1,83,4.01645898819,4.75
7,1,27,4.11288022995,4.25
7,1,27,4.06592082977,4.25
7,1,81,3.98479604721,4.0
7,1,81,3.97700428963,4.0
7,1,25,3.88804292679,4.5
7,1,25,3.72992444038,4.5
7,1,31,3.77350234985,4.5
7,1,31,3.63073277473,4.5
7,1,58,3.84074163437,6.0
7,1,58,3.85028862953,6.0
7,1,29,4.140001297,4.25
7,1,29,4.10739040375,4.25
7,1,75,4.09200572968,4.75
7,1,75,3.95904135704,4.75
7,1,19,4.07422685623,4.75
7,1,19,4.0600361824,4.75
7,1,73,3.90741634369,1.0
7,1,73,3.72536635399,1.0
7,1,62,3.92072296143,4.5
7,1,62,3.94908738136,4.5
7,1,79,3.74051117897,3.0
7,1,79,3.87058210373,3.0
7,1,60,3.82634520531,3.25
7,1,60,3.75341892242,3.25
7,1,23,4.02846336365,4.0
7,1,23,3.76701831818,4.0
7,1,106,4.21390581131,4.75
7,1,106,3.96825647354,4.75
7,1,50,4.10430860519,5.0
7,1,50,4.08527135849,5.0
7,1,104,3.42340826988,4.75
7,1,104,3.74888944626,4.75
7,1,67,2.35726189613,4.75
7,1,67,0.970712006092,4.75
7,1,48,4.0657119751,1.5
7,1,48,3.99091243744,1.5
7,1,11,1.72258484364,1.75
7,1,11,3.0927400589,1.75
7,1,65,0.550028383732,5.25
7,1,65,-0.777039349079,5.25
7,1,54,4.1188082695,5.5
7,1,54,3.90188145638,5.5
7,1,9,3.70990824699,2.0
7,1,9,3.70735001564,2.0
7,1,108,3.71700596809,2.75
7,1,108,3.61505198479,2.75
7,1,71,3.87669062614,4.75
7,1,71,3.52365612984,4.75
7,1,52,4.18234586716,0.75
7,1,52,4.11609315872,0.75
7,1,98,3.7400970459,3.25
7,1,98,3.60927700996,3.25
7,1,69,3.79330301285,5.5
7,1,69,3.77327394485,5.5
7,1,42,3.9755616188,3.0
7,1,42,4.08734416962,3.0
7,1,13,-1.09196293354,3.0
7,1,13,1.52028369904,3.0
7,1,96,3.73358941078,5.5
7,1,96,3.93975520134,5.5
7,2,77,3.668197155,4.25
7,2,77,3.68623614311,4.25
7,2,102,4.11854696274,5.25
7,2,102,4.04030418396,5.25
7,2,3,3.92892980576,5.75
7,2,3,3.98577189445,5.75
7,2,75,3.91306614876,3.5
7,2,75,3.89262151718,3.5
7,2,100,2.14685201645,1.75
7,2,100,2.91890144348,1.75
7,2,1,2.87347483635,4.25
7,2,1,3.09409475327,4.25
7,2,73,3.29203653336,3.25
7,2,73,3.63274216652,3.25
7,2,98,4.01427078247,3.75
7,2,98,3.96867609024,3.75
7,2,63,4.05769348145,5.25
7,2,63,3.96841573715,5.25
7,2,71,3.8451821804,4.0
7,2,71,3.70229125023,4.0
7,2,96,4.17923021317,3.5
7,2,96,4.07413864136,3.5
7,2,61,3.8608174324,5.5
7,2,61,3.66878080368,5.5
7,2,69,4.06229019165,4.25
7,2,69,3.92519831657,4.25
7,2,30,3.89338755608,3.0
7,2,30,3.89007019997,3.0
7,2,28,4.20378875732,5.75
7,2,28,4.13877630234,5.75
7,2,57,3.73788523674,1.5
7,2,57,3.7777736187,1.5
7,2,65,2.92055034637,5.0
7,2,65,3.18155765533,5.0
7,2,26,4.20613765717,4.25
7,2,26,4.06837034225,4.25
7,2,55,3.79414892197,4.0
7,2,55,3.57255578041,4.0
7,2,24,3.89945363998,3.75
7,2,24,4.03024053574,3.75
7,2,53,3.95880389214,5.0
7,2,53,4.0400929451,5.0
7,2,22,4.12366008759,3.0
7,2,22,3.92207741737,3.0
7,2,51,3.86111068726,4.75
7,2,51,3.93068957329,4.75
7,2,94,3.9060781002,3.25
7,2,94,4.05920648575,3.25
7,2,20,4.1459441185,5.5
7,2,20,4.11070537567,5.5
7,2,49,4.0830321312,4.0
7,2,49,4.1096405983,4.0
7,2,92,4.08533620834,4.66667
7,2,92,3.93224310875,4.66667
7,2,18,3.97067165375,3.5
7,2,18,3.94812703133,3.5
7,2,47,4.11623001099,4.0
7,2,47,3.98928713799,4.0
7,2,90,4.08170080185,4.0
7,2,90,4.05124568939,4.0
7,2,16,4.1228685379,5.0
7,2,16,4.02522087097,5.0
7,2,45,3.97168970108,2.5
7,2,45,3.7628057003,2.5
7,2,88,4.18609523773,5.0
7,2,88,3.95151567459,5.0
7,2,14,4.20725870132,5.5
7,2,14,4.03225183487,5.5
7,2,43,3.89760804176,2.75
7,2,43,3.78601765633,2.75
7,2,86,3.93949365616,2.5
7,2,86,3.98680877686,2.5
7,2,12,3.86123037338,4.25
7,2,12,3.93416285515,4.25
7,2,84,4.0167016983,3.75
7,2,84,3.85078859329,3.75
7,2,10,3.33226370811,4.0
7,2,10,3.48719596863,4.0
7,2,39,3.90751361847,4.0
7,2,39,3.82973814011,4.0
7,2,82,3.9794921875,3.25
7,2,82,3.91173863411,3.25
7,2,8,3.87892985344,4.0
7,2,8,3.58927893639,4.0
7,2,37,3.9142677784,3.5
7,2,37,3.62014055252,3.5
7,2,80,4.12810516357,4.0
7,2,80,4.16891384125,4.0
7,2,109,3.69702720642,5.25
7,2,109,3.50853133202,5.25
7,2,6,4.21890115738,4.0
7,2,6,4.23029613495,4.0
7,2,35,3.27509236336,3.5
7,2,35,2.68934106827,3.5
7,2,78,3.2281601429,5.0
7,2,78,3.42172861099,5.0
7,2,107,4.22838020325,4.5
7,2,107,4.13234615326,4.5
7,2,4,3.83332896233,3.0
7,2,4,3.33441233635,3.0
7,2,33,3.77345633507,1.5
7,2,33,3.6088013649,1.5
7,2,76,4.14773082733,4.5
7,2,76,4.1680521965,4.5
7,2,105,4.1679816246,3.0
7,2,105,4.17254495621,3.0
7,2,2,2.794069767,2.75
7,2,2,3.51114964485,2.75
7,2,74,3.88760256767,2.5
7,2,74,3.72250080109,2.5
7,2,103,4.1800236702,4.25
7,2,103,4.06362438202,4.25
7,2,72,4.21957063675,4.25
7,2,72,4.1086435318,4.25
7,2,70,3.90791106224,3.25
7,2,70,3.5325961113,3.25
7,2,99,4.03118562698,4.25
7,2,99,4.01752138138,4.25
7,2,60,3.5765645504,4.0
7,2,60,3.35392212868,4.0
7,2,68,3.8626241684,6.5
7,2,68,3.79053068161,6.5
7,2,97,3.90457105637,3.0
7,2,97,3.99428582191,3.0
7,2,58,3.52385735512,4.0
7,2,58,3.27777528763,4.0
7,2,66,3.9069814682,5.5
7,2,66,3.99489450455,5.5
7,2,31,4.02500104904,3.75
7,2,31,4.1202788353,3.75
7,2,56,3.31686997414,4.75
7,2,56,3.03426218033,4.75
7,2,64,2.11190032959,3.25
7,2,64,2.3886320591,3.25
7,2,29,3.95482087135,1.75
7,2,29,4.02553129196,1.75
7,2,27,4.06601953506,4.25
7,2,27,4.19553089142,4.25
7,2,52,3.77832078934,3.25
7,2,52,3.65902256966,3.25
7,2,25,4.17257595062,4.75
7,2,25,3.98168802261,4.75
7,2,50,4.17824649811,4.25
7,2,50,3.97114348412,4.25
7,2,23,3.91100144386,1.75
7,2,23,3.68124675751,1.75
7,2,48,4.07021760941,3.75
7,2,48,4.00856208801,3.75
7,2,95,3.77945208549,2.5
7,2,95,3.75856399536,2.5
7,2,21,3.95623207092,1.5
7,2,21,4.0196814537,1.5
7,2,46,3.88253998756,4.75
7,2,46,3.59601449966,4.75
7,2,93,4.04877948761,4.75
7,2,93,3.93446159363,4.75
7,2,19,3.95010590553,4.5
7,2,19,3.9552564621,4.5
7,2,44,3.68709445,4.5
7,2,44,3.70218610764,4.5
7,2,91,4.13748931885,3.75
7,2,91,3.91661977768,3.75
7,2,17,3.79682993889,6.0
7,2,17,3.94759535789,6.0
7,2,42,4.22872209549,3.0
7,2,42,4.04076910019,3.0
7,2,89,3.89409565926,3.0
7,2,89,3.94295239449,3.0
7,2,40,4.14208602905,5.25
7,2,40,4.15097999573,5.25
7,2,87,4.20650720596,4.5
7,2,87,4.11859941483,4.5
7,2,13,3.14239907265,4.75
7,2,13,3.49842405319,4.75
7,2,38,4.11937046051,5.25
7,2,38,3.85149502754,5.25
7,2,85,4.1558432579,2.5
7,2,85,3.95373821259,2.5
7,2,110,2.5472369194,4.75
7,2,110,-0.12106179446,4.75
7,2,11,1.90935313702,2.75
7,2,11,1.13391304016,2.75
7,2,36,3.92082595825,2.5
7,2,36,3.9564063549,2.5
7,2,83,4.17106437683,5.0
7,2,83,4.08521270752,5.0
7,2,108,3.79337978363,5.5
7,2,108,3.7013669014,5.5
7,2,9,4.09150266647,4.0
7,2,9,3.85256099701,4.0
7,2,34,3.82540845871,4.25
7,2,34,3.60990095139,4.25
7,2,106,4.0125617981,6.25
7,2,106,3.92620587349,6.25
7,2,7,4.22503232956,5.0
7,2,7,3.88842582703,5.0
7,2,32,4.08568572998,4.5
7,2,32,3.99385213852,4.5
7,2,104,3.83290243149,3.5
7,2,104,3.75761175156,3.5
7,2,5,3.70572400093,3.25
7,2,5,3.33542156219,3.25
8,1,34,2.76556777954,2.5
8,1,34,3.52901339531,2.5
8,1,7,4.03128957748,1.0
8,1,7,3.20887446404,1.0
8,1,94,0.647287726402,1.75
8,1,94,1.83840537071,1.75
8,1,21,-1.05209863186,1.75
8,1,21,0.548479616642,1.75
8,1,35,4.54908752441,3.0
8,1,35,4.47568559647,3.0
8,1,49,3.83731579781,2.25
8,1,49,3.48467850685,2.25
8,1,8,0.968669116497,1.0
8,1,8,1.15456497669,1.0
8,1,95,2.37414121628,2.25
8,1,95,2.7538599968,2.25
8,1,22,4.31056642532,3.5
8,1,22,4.40578365326,3.5
8,1,36,3.0551199913,3.75
8,1,36,2.59597539902,3.75
8,1,50,-0.393301963806,1.0
8,1,50,0.282329916954,1.0
8,1,9,4.37695217133,2.0
8,1,9,4.40611505508,2.0
8,1,64,1.11948025227,1.25
8,1,64,1.89094138145,1.25
8,1,23,4.73365831375,3.25
8,1,23,4.79023647308,3.25
8,1,37,3.41235804558,1.75
8,1,37,3.97121930122,1.75
8,1,51,-0.214750438929,1.0
8,1,51,-0.293733745813,1.0
8,1,10,3.2882771492,1.75
8,1,10,2.3145134449,1.75
8,1,65,2.15934109688,2.0
8,1,65,1.41811513901,2.0
8,1,24,4.09559488297,3.75
8,1,24,4.39989471436,3.75
8,1,38,4.53654146194,2.25
8,1,38,4.37397623062,2.25
8,1,52,0.341827511787,1.25
8,1,52,0.794497191906,1.25
8,1,11,1.72128415108,2.0
8,1,11,1.48274493217,2.0
8,1,66,2.62183308601,2.25
8,1,66,1.34108650684,2.25
8,1,25,2.22762870789,2.5
8,1,25,3.51557397842,2.5
8,1,80,2.03624272346,1.75
8,1,80,1.52600634098,1.75
8,1,39,4.4343085289,3.0
8,1,39,4.51468801498,3.0
8,1,53,3.14490509033,2.25
8,1,53,3.19557857513,2.25
8,1,12,2.95121216774,1.0
8,1,12,2.21003389359,1.0
8,1,67,2.3802511692,2.25
8,1,67,2.12374353409,2.25
8,1,26,2.12728404999,2.75
8,1,26,2.11510276794,2.75
8,1,81,2.04437232018,2.25
8,1,81,1.73429858685,2.25
8,1,40,3.23390865326,1.75
8,1,40,3.39166808128,1.75
8,1,54,3.19741463661,3.0
8,1,54,2.84708809853,3.0
8,1,68,2.11677455902,1.5
8,1,68,1.25789368153,1.5
8,1,27,0.644961535931,2.0
8,1,27,0.086896687746,2.0
8,1,82,-0.0983560755849,1.75
8,1,82,-0.730080544949,1.75
8,1,41,4.29085636139,1.5
8,1,41,4.48852682114,1.5
8,1,96,2.29947710037,2.5
8,1,96,2.40103578568,2.5
8,1,69,2.99630331993,2.5
8,1,69,1.90469837189,2.5
8,1,28,0.993438899517,1.0
8,1,28,2.62873053551,1.0
8,1,42,2.86757969856,3.5
8,1,42,3.44366550446,3.5
8,1,97,4.09370660782,2.25
8,1,97,4.35887718201,2.25
8,1,29,4.28696966171,3.25
8,1,29,4.25568437576,3.25
8,1,43,0.242836117744,1.75
8,1,43,1.33793854713,1.75
8,1,98,4.07601594925,0.75
8,1,98,3.38421988487,0.75
8,1,30,4.60347127914,2.5
8,1,30,4.57725715637,2.5
8,1,85,2.70814156532,2.0
8,1,85,2.5895011425,2.0
8,1,44,3.47522544861,3.25
8,1,44,3.87156486511,3.25
8,1,58,3.628708601,1.0
8,1,58,3.6330177784,1.0
8,1,31,4.52020168304,1.25
8,1,31,4.59999513626,1.25
8,1,86,3.39770460129,1.25
8,1,86,4.07929897308,1.25
8,1,59,2.30419826508,1.5
8,1,59,2.93625593185,1.5
8,1,73,3.74096560478,2.75
8,1,73,4.21800327301,2.75
8,1,87,1.09133589268,1.0
8,1,87,0.392144650221,1.0
8,1,60,1.97652411461,2.5
8,1,60,1.63172769547,2.5
8,1,74,3.67519450188,2.5
8,1,74,4.33456277847,2.5
8,1,88,1.02683830261,2.25
8,1,88,2.37135338783,2.25
8,1,61,-0.222260385752,2.75
8,1,61,0.912303805351,2.75
8,1,75,2.83283782005,3.0
8,1,75,3.84837937355,3.0
8,1,2,4.57496118546,2.75
8,1,2,4.70349168777,2.75
8,1,89,0.285760909319,3.5
8,1,89,-0.00276783504523,3.5
8,1,16,4.24961042404,2.75
8,1,16,4.3050904274,2.75
8,1,62,1.58546590805,1.5
8,1,62,1.58398771286,1.5
8,1,76,3.131970644,1.0
8,1,76,1.98981237411,1.0
8,1,3,3.43909358978,2.5
8,1,3,4.15355014801,2.5
8,1,17,3.98512482643,3.25
8,1,17,4.37137126923,3.25
8,1,63,3.53779649734,1.0
8,1,63,3.40127682686,1.0
8,1,77,3.73902845383,3.25
8,1,77,3.77031636238,3.25
8,1,4,4.15022850037,1.75
8,1,4,4.14522314072,1.75
8,1,91,3.28416061401,2.75
8,1,91,2.87367272377,2.75
8,1,18,4.36008214951,3.75
8,1,18,4.48225545883,3.75
8,1,32,3.45041370392,2.75
8,1,32,3.79706811905,2.75
8,1,78,4.09148979187,2.75
8,1,78,3.5830552578,2.75
8,1,5,2.30284166336,2.0
8,1,5,2.36867070198,2.0
8,1,92,-0.731171190739,1.5
8,1,92,1.79257643223,1.5
8,1,19,3.54583144188,2.25
8,1,19,4.11559534073,2.25
8,1,33,2.9720788002,1.75
8,1,33,3.48645162582,1.75
8,1,79,2.86319875717,2.0
8,1,79,2.95925378799,2.0
8,1,6,2.54790353775,1.5
8,1,6,1.98645365238,1.5
8,1,93,1.45727527142,1.75
8,1,93,3.58541178703,1.75
8,1,20,1.78059649467,2.5
8,1,20,3.46393275261,2.5
8,2,17,4.53775501251,3.5
8,2,17,4.53944587708,3.5
8,2,91,0.184836894274,2.25
8,2,91,0.174165919423,2.25
8,2,19,2.13083720207,2.0
8,2,19,2.13180494308,2.0
8,2,93,1.29751133919,4.25
8,2,93,1.29426050186,4.25
8,2,96,0.992438852787,2.0
8,2,96,0.984955966473,2.0
8,2,21,3.6467218399,2.25
8,2,21,3.64170503616,2.25
8,2,56,2.13745522499,2.0
8,2,56,2.13661646843,2.0
8,2,95,2.35335636139,2.0
8,2,95,2.35565590858,2.0
8,2,98,0.470934033394,3.0
8,2,98,0.46814340353,3.0
8,2,23,3.76826763153,2.5
8,2,23,3.77990865707,2.5
8,2,58,3.69018387794,3.0
8,2,58,3.6879901886,3.0
8,2,100,2.08673048019,3.25
8,2,100,2.08632159233,3.25
8,2,25,0.538009405136,2.75
8,2,25,0.529400527477,2.75
8,2,60,-0.0781551972032,3.5
8,2,60,-0.0586738362908,3.5
8,2,67,1.90861165524,1.625
8,2,67,1.92169225216,1.625
8,2,27,-2.65351200104,4.0
8,2,27,-2.65562391281,4.0
8,2,62,0.910514235497,1.75
8,2,62,0.916225194931,1.75
8,2,69,0.240905120969,3.5
8,2,69,0.238713651896,3.5
8,2,29,4.52653169632,4.75
8,2,29,4.52512359619,4.75
8,2,32,4.47850465775,4.0
8,2,32,4.47843408585,4.0
8,2,71,0.063644297421,2.0
8,2,71,0.0674705803394,2.0
8,2,31,2.26345157623,2.75
8,2,31,2.27084541321,2.75
8,2,34,1.77110385895,3.5
8,2,34,1.78374612331,3.5
8,2,73,-0.573541879654,3.5
8,2,73,-0.575783669949,3.5
8,2,36,4.55081415176,3.75
8,2,36,4.54825639725,3.75
8,2,75,1.33574533463,4.0
8,2,75,1.34648609161,4.0
8,2,38,4.4064116478,3.75
8,2,38,4.40682888031,3.75
8,2,77,1.48031878471,4.75
8,2,77,1.48985743523,4.75
8,2,5,2.34959220886,3.75
8,2,5,2.34023427963,3.75
8,2,40,4.62248134613,2.0
8,2,40,4.62356185913,2.0
8,2,79,3.46399259567,4.0
8,2,79,3.46931314468,4.0
8,2,7,1.48670172691,1.5
8,2,7,1.48635900021,1.5
8,2,42,4.32743406296,3.5
8,2,42,4.32838058472,3.5
8,2,9,2.67223167419,2.0
8,2,9,2.6687130928,2.0
8,2,44,4.12531900406,3.25
8,2,44,4.12557554245,3.25
8,2,11,3.39953565598,3.0
8,2,11,3.39923477173,3.0
8,2,46,4.03039169312,3.25
8,2,46,4.03056955338,3.25
8,2,80,4.10458803177,3.25
8,2,80,4.0997467041,3.25
8,2,15,3.3887526989,2.25
8,2,15,3.39390921593,2.25
8,2,49,4.48429298401,4.0
8,2,49,4.48439264297,4.0
8,2,84,3.44829773903,3.5
8,2,84,3.44941926003,3.5
8,2,86,0.731632292271,3.25
8,2,86,0.749277234077,3.25
8,2,88,2.24780440331,3.75
8,2,88,2.24723362923,3.75
8,2,16,4.88731622696,4.0
8,2,16,4.88786888123,4.0
8,2,55,2.19312381744,3.75
8,2,55,2.18122434616,3.75
8,2,90,1.36464500427,1.5
8,2,90,1.3446559906,1.5
8,2,97,4.35358905792,4.25
8,2,97,4.35344934464,4.25
8,2,18,4.11752557755,3.5
8,2,18,4.11600351334,3.5
8,2,57,4.38643980026,4.75
8,2,57,4.38512325287,4.75
8,2,92,3.70102262497,2.0
8,2,92,3.69886565208,2.0
8,2,99,1.91365110874,4.0
8,2,99,1.89883875847,4.0
8,2,20,4.68886756897,3.75
8,2,20,4.68849611282,3.75
8,2,59,3.66163229942,4.5
8,2,59,3.66342186928,4.5
8,2,94,0.458958148956,3.0
8,2,94,0.456266909838,3.0
8,2,101,1.90220761299,2.75
8,2,101,1.90138983727,2.75
8,2,22,4.56787061691,2.25
8,2,22,4.56741142273,2.25
8,2,61,3.61008763313,4.0
8,2,61,3.61591625214,4.0
8,2,64,2.85130786896,4.75
8,2,64,2.85188317299,4.75
8,2,24,2.28878474236,3.0
8,2,24,2.28722119331,3.0
8,2,63,3.59641361237,5.25
8,2,63,3.59908175468,5.25
8,2,26,0.152882859111,4.0
8,2,26,0.160427004099,4.0
8,2,33,-0.734154522419,2.25
8,2,33,-0.723603367805,2.25
8,2,68,1.94917178154,2.75
8,2,68,1.95059418678,2.75
8,2,28,-1.958288908,2.5
8,2,28,-1.96490991116,2.5
8,2,35,4.23724126816,3.5
8,2,35,4.2381939888,3.5
8,2,70,4.00463819504,4.0
8,2,70,4.00798511505,4.0
8,2,30,4.16702842712,4.25
8,2,30,4.16429281235,4.25
8,2,37,4.63661670685,2.25
8,2,37,4.63680696487,2.25
8,2,72,0.0690553188324,3.5
8,2,72,0.0706087052822,3.5
8,2,39,4.52856349945,2.0
8,2,39,4.52744007111,2.0
8,2,74,1.39461302757,3.75
8,2,74,1.41796958447,3.75
8,2,41,2.36318945885,4.0
8,2,41,2.36265707016,4.0
8,2,76,4.00001144409,3.25
8,2,76,3.99928855896,3.25
8,2,4,1.17186617851,3.25
8,2,4,1.16944479942,3.25
8,2,43,0.620789110661,2.75
8,2,43,0.598157167435,2.75
8,2,78,0.310474514961,3.25
8,2,78,0.307580471039,3.25
8,2,6,-1.37521910667,1.75
8,2,6,-1.3737128973,1.75
8,2,45,4.56453084946,2.25
8,2,45,4.56536865234,2.25
8,2,8,3.71291446686,4.25
8,2,8,3.71110606194,4.25
8,2,47,0.499439388514,2.75
8,2,47,0.502816677094,2.75
8,2,10,0.884530603886,1.75
8,2,10,0.902439951897,1.75
8,2,83,-0.601245880127,2.75
8,2,83,-0.603068947792,2.75
8,2,85,1.59961926937,4.5
8,2,85,1.5881664753,4.5
8,2,48,3.44243097305,4.0
8,2,48,3.44802069664,4.0
8,2,87,3.57492780685,2.0
8,2,87,3.5765812397,2.0
8,2,50,4.58409261703,3.0
8,2,50,4.58382987976,3.0
8,2,89,4.45897197723,2.25
8,2,89,4.45762968063,2.25
9,1,81,2.63181996346,2.25
9,1,81,3.44551825523,2.25
9,1,27,4.71803569794,3.75
9,1,27,4.57728815079,3.75
9,1,83,4.35626888275,4.25
9,1,83,4.30458164215,4.25
9,1,29,3.42615628242,2.5
9,1,29,3.71419882774,2.5
9,1,32,3.70925164223,2.75
9,1,32,4.13656759262,2.75
9,1,85,4.68723392487,4.75
9,1,85,4.75321435928,4.75
9,1,31,4.6372885704,3.5
9,1,31,4.57029485703,3.5
9,1,34,3.86032342911,3.25
9,1,34,3.6685769558,3.25
9,1,87,3.83918118477,3.25
9,1,87,3.58043789864,3.25
9,1,36,4.45923042297,3.5
9,1,36,4.28186416626,3.5
9,1,89,4.1584405899,2.75
9,1,89,4.35186004639,2.75
9,1,3,4.75251150131,4.75
9,1,3,4.69631385803,4.75
9,1,38,3.88696289062,3.5
9,1,38,3.75315737724,3.5
9,1,91,3.6288599968,3.75
9,1,91,3.90785861015,3.75
9,1,5,4.62816381454,5.75
9,1,5,4.50879669189,5.75
9,1,40,3.90726685524,2.25
9,1,40,3.93025541306,2.25
9,1,93,4.44547700882,3.25
9,1,93,4.33475351334,3.25
9,1,96,4.26486873627,4.25
9,1,96,4.09669113159,4.25
9,1,7,4.75133466721,4.25
9,1,7,4.62937355042,4.25
9,1,42,4.33964490891,4.0
9,1,42,4.3597869873,4.0
9,1,95,4.23122262955,4.25
9,1,95,4.11018371582,4.25
9,1,98,3.74415373802,2.25
9,1,98,3.81606268883,2.25
9,1,65,3.75985217094,2.0
9,1,65,3.96843338013,2.0
9,1,100,4.40515327454,4.25
9,1,100,4.51171064377,4.25
9,1,67,4.12762975693,4.25
9,1,67,4.17181777954,4.25
9,1,102,3.9317677021,3.75
9,1,102,4.02863693237,3.75
9,1,69,4.234562397,5.5
9,1,69,4.14377355576,5.5
9,1,104,3.52036952972,3.0
9,1,104,3.80806422234,3.0
9,1,106,3.83246707916,4.0
9,1,106,3.81263375282,4.0
9,1,73,4.09884977341,3.25
9,1,73,4.41689062119,3.25
9,1,51,3.91861367226,3.5
9,1,51,4.04569101334,3.5
9,1,75,3.92409563065,2.5
9,1,75,4.02984333038,2.5
9,1,110,4.33643531799,4.25
9,1,110,4.26686382294,4.25
9,1,53,3.52308893204,3.0
9,1,53,4.149081707,3.0
9,1,77,3.96236801147,3.25
9,1,77,3.86747717857,3.25
9,1,16,3.47578167915,1.5
9,1,16,3.43585896492,1.5
9,1,55,4.0021314621,3.5
9,1,55,4.15687990189,3.5
9,1,79,4.00764369965,4.0
9,1,79,4.18490791321,4.0
9,1,18,4.40817928314,3.5
9,1,18,4.26968669891,3.5
9,1,20,4.51456212997,4.0
9,1,20,4.40112352371,4.0
9,1,59,3.61223602295,2.75
9,1,59,3.58847570419,2.75
9,1,22,3.98938322067,3.0
9,1,22,3.98254299164,3.0
9,1,61,3.82071089745,3.5
9,1,61,3.9344701767,3.5
9,1,24,3.87152409554,3.5
9,1,24,3.55671405792,3.5
9,1,63,2.10744667053,3.25
9,1,63,2.44776964188,3.25
9,1,80,4.14018344879,3.25
9,1,80,4.19375419617,3.25
9,1,26,4.16010856628,4.5
9,1,26,4.27490329742,4.5
9,1,33,4.6203122139,3.75
9,1,33,4.12966394424,3.75
9,1,82,4.09260940552,4.0
9,1,82,4.17500066757,4.0
9,1,28,4.4198307991,2.75
9,1,28,4.38304185867,2.75
9,1,35,4.34726667404,3.5
9,1,35,4.22467279434,3.5
9,1,84,4.52863311768,3.0
9,1,84,4.61289453506,3.0
9,1,30,3.91947770119,3.0
9,1,30,4.05287265778,3.0
9,1,37,4.2436876297,4.5
9,1,37,4.34147262573,4.5
9,1,86,4.36355876923,4.0
9,1,86,4.26318979263,4.0
9,1,39,4.16340446472,2.75
9,1,39,3.88957238197,2.75
9,1,88,2.9390335083,3.25
9,1,88,3.64649772644,3.25
9,1,2,4.50636911392,5.25
9,1,2,4.60847520828,5.25
9,1,41,4.43154907227,3.0
9,1,41,4.41142463684,3.0
9,1,90,3.56644821167,2.75
9,1,90,3.84006500244,2.75
9,1,97,4.42652606964,3.5
9,1,97,4.4471821785,3.5
9,1,4,4.84429216385,5.0
9,1,4,4.76804590225,5.0
9,1,92,3.80183625221,4.0
9,1,92,4.05696392059,4.0
9,1,99,3.81168031693,3.0
9,1,99,3.94301748276,3.0
9,1,6,4.16525411606,3.5
9,1,6,4.30654859543,3.5
9,1,94,4.27268791199,3.0
9,1,94,4.22567987442,3.0
9,1,101,3.31256055832,2.25
9,1,101,3.58110046387,2.25
9,1,8,4.57471418381,4.5
9,1,8,4.26634979248,4.5
9,1,64,4.35836315155,4.25
9,1,64,4.3221077919,4.25
9,1,103,4.20635795593,2.25
9,1,103,3.9674808979,2.25
9,1,66,4.48023080826,4.75
9,1,66,4.51298952103,4.75
9,1,105,4.23172426224,3.75
9,1,105,4.42707109451,3.75
9,1,12,3.82835197449,4.75
9,1,12,3.39231586456,4.75
9,1,68,4.16570186615,3.5
9,1,68,4.0460934639,3.5
9,1,107,3.60445070267,4.25
9,1,107,3.55441856384,4.25
9,1,72,3.76502180099,3.75
9,1,72,3.94337725639,3.75
9,1,111,4.16058826447,3.0
9,1,111,4.18110990524,3.0
9,1,50,4.37438154221,3.5
9,1,50,4.47825479507,3.5
9,1,74,4.08183479309,3.0
9,1,74,4.14974927902,3.0
9,1,17,4.32809066772,4.25
9,1,17,4.06474924088,4.25
9,1,52,4.04326915741,2.75
9,1,52,4.22988319397,2.75
9,1,76,4.08415842056,4.0
9,1,76,4.31496953964,4.0
9,1,19,4.13880681992,3.25
9,1,19,4.28022003174,3.25
9,1,54,2.26051425934,2.75
9,1,54,3.04725980759,2.75
9,1,78,4.06269311905,3.5
9,1,78,4.23409414291,3.5
9,1,21,4.00003814697,4.5
9,1,21,3.71978616714,4.5
9,1,56,4.25808763504,3.75
9,1,56,4.39308166504,3.75
9,1,23,4.320936203,4.5
9,1,23,4.36365890503,4.5
9,1,25,4.22256612778,3.5
9,1,25,4.31956243515,3.5
9,1,60,3.96499180794,4.0
9,1,60,4.30772018433,4.0
9,2,98,3.8239068985,4.5
9,2,98,3.79046988487,4.5
9,2,71,4.79427862167,5.25
9,2,71,4.7182598114,5.25
9,2,100,4.43385410309,5.75
9,2,100,4.33982276917,5.75
9,2,46,4.56431913376,4.75
9,2,46,4.54203557968,4.75
9,2,102,4.63212871552,3.75
9,2,102,4.66896772385,3.75
9,2,75,4.48804855347,3.75
9,2,75,4.33624887466,3.75
9,2,16,3.79425930977,2.75
9,2,16,3.69926309586,2.75
9,2,104,4.39760923386,3.25
9,2,104,4.23210477829,3.25
9,2,77,4.20460605621,4.25
9,2,77,4.15956163406,4.25
9,2,18,3.80243062973,4.25
9,2,18,4.09657621384,4.25
9,2,106,4.53927707672,5.25
9,2,106,4.66035509109,5.25
9,2,79,4.76917076111,5.25
9,2,79,4.68851804733,5.25
9,2,20,3.86164093018,3.0
9,2,20,3.8832025528,3.0
9,2,108,4.46647500992,4.25
9,2,108,4.34656858444,4.25
9,2,49,4.66334056854,5.25
9,2,49,4.70904397964,5.25
9,2,22,4.06612110138,3.0
9,2,22,4.13522291183,3.0
9,2,110,3.73841905594,3.25
9,2,110,4.00720691681,3.25
9,2,51,4.73687171936,5.0
9,2,51,4.73697948456,5.0
9,2,24,3.144354105,1.75
9,2,24,3.63503074646,1.75
9,2,80,4.52940988541,4.75
9,2,80,4.48441743851,4.75
9,2,53,1.40456879139,3.75
9,2,53,1.63313138485,3.75
9,2,26,3.07127094269,3.25
9,2,26,3.64940237999,3.25
9,2,82,4.13217496872,3.0
9,2,82,4.15933561325,3.0
9,2,55,4.24061536789,3.25
9,2,55,4.23722267151,3.25
9,2,28,4.21714687347,4.75
9,2,28,4.19779491425,4.75
9,2,84,4.10979604721,3.75
9,2,84,4.10463571548,3.75
9,2,30,4.18802785873,2.75
9,2,30,4.12907552719,2.75
9,2,113,4.33913993835,5.75
9,2,113,4.25740909576,5.75
9,2,86,4.47260141373,4.0
9,2,86,4.33672809601,4.0
9,2,88,4.54645776749,4.5
9,2,88,4.37532234192,4.5
9,2,2,4.31544589996,4.0
9,2,2,4.56163454056,4.0
9,2,90,4.04744243622,3.25
9,2,90,4.13784313202,3.25
9,2,63,4.42235946655,5.0
9,2,63,4.40412092209,5.0
9,2,4,4.17009782791,5.25
9,2,4,4.27710723877,5.25
9,2,92,4.48990535736,4.25
9,2,92,4.39307165146,4.25
9,2,33,3.80600690842,3.0
9,2,33,4.19442653656,3.0
9,2,6,4.7265791893,5.75
9,2,6,4.83052206039,5.75
9,2,94,4.13986063004,4.0
9,2,94,3.98784470558,4.0
9,2,35,2.28340148926,2.5
9,2,35,3.26160597801,2.5
9,2,8,4.29855585098,4.5
9,2,8,4.16755533218,4.5
9,2,64,3.70249462128,4.5
9,2,64,3.86140537262,4.5
9,2,37,4.25487089157,3.75
9,2,37,3.80388903618,3.75
9,2,10,4.55205249786,4.75
9,2,10,4.54656887054,4.75
9,2,66,4.44361066818,5.5
9,2,66,4.53673315048,5.5
9,2,39,4.16272354126,4.0
9,2,39,4.01938247681,4.0
9,2,12,4.62760162354,5.5
9,2,12,4.5734167099,5.5
9,2,68,4.28931999207,3.25
9,2,68,4.19806051254,3.25
9,2,41,4.6547832489,4.5
9,2,41,4.45573043823,4.5
9,2,97,4.02149105072,3.75
9,2,97,3.74441123009,3.75
9,2,70,4.61194133759,4.75
9,2,70,4.55219984055,4.75
9,2,99,4.54212760925,4.5
9,2,99,4.36061620712,4.5
9,2,45,3.45986700058,3.0
9,2,45,3.40892910957,3.0
9,2,101,4.35752630234,3.75
9,2,101,4.34090900421,3.75
9,2,74,4.65553331375,5.25
9,2,74,4.52412605286,5.25
9,2,47,4.2807226181,5.0
9,2,47,4.31491136551,5.0
9,2,103,4.49081516266,3.0
9,2,103,4.13931035995,3.0
9,2,76,4.47141981125,3.25
9,2,76,4.18857622147,3.25
9,2,17,4.10396528244,4.0
9,2,17,4.39510297775,4.0
9,2,105,4.62981891632,4.5
9,2,105,4.55778217316,4.5
9,2,78,4.56671714783,5.5
9,2,78,4.28944635391,5.5
9,2,19,3.63884091377,3.25
9,2,19,4.03660058975,3.25
9,2,107,3.6514172554,3.75
9,2,107,3.47346949577,3.75
9,2,48,4.70937299728,5.0
9,2,48,4.7057094574,5.0
9,2,21,3.51394605637,3.75
9,2,21,3.95981121063,3.75
9,2,109,3.76883912086,2.25
9,2,109,3.96126770973,2.25
9,2,50,4.37697124481,4.0
9,2,50,4.35646057129,4.0
9,2,23,3.20926856995,2.75
9,2,23,3.20648407936,2.75
9,2,111,4.12997674942,4.0
9,2,111,4.20376110077,4.0
9,2,52,-0.446940869093,2.75
9,2,52,0.444897502661,2.75
9,2,25,4.46710968018,5.75
9,2,25,4.39171361923,5.75
9,2,81,4.68283224106,4.75
9,2,81,4.55893993378,4.75
9,2,54,4.61263465881,5.5
9,2,54,4.41446256638,5.5
9,2,27,2.23062562943,3.25
9,2,27,1.94859802723,3.25
9,2,83,4.64491462708,4.0
9,2,83,4.37808227539,4.0
9,2,56,4.4592628479,5.0
9,2,56,4.25009584427,5.0
9,2,29,4.03844356537,3.0
9,2,29,4.07090139389,3.0
9,2,112,4.03045463562,4.5
9,2,112,4.08190202713,4.5
9,2,85,3.83590078354,4.75
9,2,85,3.55886864662,4.75
9,2,31,2.85880184174,2.75
9,2,31,2.65149569511,2.75
9,2,87,4.15974235535,3.25
9,2,87,4.14790582657,3.25
9,2,89,3.13216352463,2.75
9,2,89,3.3245613575,2.75
9,2,62,4.59021472931,4.0
9,2,62,4.3445482254,4.0
9,2,3,4.51912260056,4.5
9,2,3,4.42640542984,4.5
9,2,91,4.68477392197,4.25
9,2,91,4.39275932312,4.25
9,2,32,2.31062984467,2.25
9,2,32,2.15523958206,2.25
9,2,5,4.22056388855,5.5
9,2,5,4.42153215408,5.5
9,2,93,4.26262807846,4.5
9,2,93,3.95272707939,4.5
9,2,34,3.80435323715,2.5
9,2,34,3.89217662811,2.5
9,2,7,3.03731870651,5.25
9,2,7,3.44180583954,5.25
9,2,95,4.19350147247,5.0
9,2,95,4.33371686935,5.0
9,2,36,4.10919523239,4.75
9,2,36,3.92063164711,4.75
9,2,9,4.59061193466,5.75
9,2,9,4.4994225502,5.75
9,2,65,4.65062093735,4.75
9,2,65,4.62844467163,4.75
9,2,38,3.66284298897,2.0
9,2,38,3.02629971504,2.0
9,2,11,4.19968366623,4.5
9,2,11,4.13803720474,4.5
9,2,67,4.73013353348,4.25
9,2,67,4.75801944733,4.25
9,2,40,4.5350317955,3.25
9,2,40,4.5571846962,3.25
9,2,13,4.31454229355,3.75
9,2,13,4.2452673912,3.75
9,2,96,4.35285806656,3.0
9,2,96,4.32270240784,3.0
9,2,69,4.27594089508,3.25
9,2,69,4.37379932404,3.25
9,2,42,4.41411161423,3.25
9,2,42,4.37960290909,3.25
10,1,63,4.40542078018,4.25
10,1,63,4.12364292145,4.25
10,1,24,4.90223169327,4.75
10,1,24,4.80517721176,4.75
10,1,80,4.67164611816,5.0
10,1,80,4.55362319946,5.0
10,1,61,5.08915615082,4.0
10,1,61,5.07484292984,4.0
10,1,6,4.83043289185,5.0
10,1,6,4.68425273895,5.0
10,1,94,4.58024549484,5.0
10,1,94,4.42082738876,5.0
10,1,4,4.7913608551,5.5
10,1,4,4.684425354,5.5
10,1,92,4.85860681534,5.0
10,1,92,4.89970397949,5.0
10,1,57,4.58837795258,1.5
10,1,57,4.50810718536,1.5
10,1,90,4.86176395416,3.75
10,1,90,4.85212564468,3.75
10,1,39,4.12162351608,4.0
10,1,39,3.89661884308,4.0
10,1,88,4.93462753296,5.5
10,1,88,4.79883527756,5.5
10,1,37,4.85500574112,6.0
10,1,37,4.8447227478,6.0
10,1,14,4.8633055687,3.75
10,1,14,4.64756202698,3.75
10,1,35,3.52507853508,2.0
10,1,35,3.59609341621,2.0
10,1,12,4.97469711304,4.5
10,1,12,4.93341588974,4.5
10,1,68,4.89658355713,3.75
10,1,68,4.98453235626,3.75
10,1,33,4.53836727142,4.5
10,1,33,4.64169692993,4.5
10,1,10,4.7154378891,5.0
10,1,10,4.61982631683,5.0
10,1,66,4.79696655273,6.0
10,1,66,4.73695993423,6.0
10,1,47,4.70087766647,5.25
10,1,47,4.55946016312,5.25
10,1,8,4.83310508728,6.25
10,1,8,4.70721101761,6.25
10,1,103,4.52357149124,3.75
10,1,103,4.46035432816,3.75
10,1,64,4.3829407692,5.0
10,1,64,4.06693601608,5.0
10,1,45,4.64087724686,2.875
10,1,45,4.27787208557,2.875
10,1,101,4.65598678589,5.5
10,1,101,4.62787055969,5.5
10,1,78,4.71166372299,5.5
10,1,78,4.73250818253,5.5
10,1,43,5.00818777084,4.5
10,1,43,4.92179536819,4.5
10,1,99,4.8921661377,5.25
10,1,99,4.78944253922,5.25
10,1,76,4.85887098312,4.75
10,1,76,4.9715924263,4.75
10,1,41,4.54389047623,3.25
10,1,41,4.67823982239,3.25
10,1,97,4.51399993896,3.75
10,1,97,4.54870796204,3.75
10,1,74,4.60900878906,4.75
10,1,74,4.52340984344,4.75
10,1,72,4.89777517319,3.0
10,1,72,4.92312717438,3.0
10,1,21,4.75874185562,5.25
10,1,21,4.69863319397,5.25
10,1,54,2.42503094673,3.5
10,1,54,2.68677711487,3.5
10,1,107,4.94164657593,5.0
10,1,107,4.72432184219,5.0
10,1,52,4.91400575638,5.0
10,1,52,4.80456781387,5.0
10,1,105,4.75504684448,4.0
10,1,105,4.44923686981,4.0
10,1,50,4.77437067032,5.25
10,1,50,4.8212351799,5.25
10,1,31,4.76010036469,4.75
10,1,31,4.87163686752,4.75
10,1,87,5.04971551895,4.75
10,1,87,4.91397857666,4.75
10,1,48,5.06800365448,5.0
10,1,48,4.98728322983,5.0
10,1,29,5.05586433411,4.5
10,1,29,4.82434892654,4.5
10,1,85,4.7394900322,4.75
10,1,85,4.73251438141,4.75
10,1,62,4.55485963821,3.75
10,1,62,4.6620721817,3.75
10,1,27,4.84605646133,4.25
10,1,27,4.55823707581,4.25
10,1,83,4.83289718628,3.0
10,1,83,4.8279709816,3.0
10,1,25,4.90910148621,4.5
10,1,25,4.77478790283,4.5
10,1,81,4.44710922241,4.25
10,1,81,4.50134944916,4.25
10,1,7,4.89087629318,5.5
10,1,7,4.85991668701,5.5
10,1,95,4.84292554855,4.75
10,1,95,4.94182395935,4.75
10,1,56,4.72302961349,4.5
10,1,56,4.7441110611,4.5
10,1,5,4.63821840286,5.0
10,1,5,4.70316362381,5.0
10,1,93,4.88898324966,4.0
10,1,93,4.94504594803,4.0
10,1,38,4.35491037369,3.75
10,1,38,4.19695186615,3.75
10,1,91,4.9405579567,4.5
10,1,91,4.97414636612,4.5
10,1,36,4.96133089066,4.75
10,1,36,4.96953058243,4.75
10,1,89,5.00954341888,5.25
10,1,89,4.84099531174,5.25
10,1,34,4.06838321686,4.0
10,1,34,3.95553517342,4.0
10,1,32,4.85847711563,3.75
10,1,32,4.89346313477,3.75
10,1,13,4.84504270554,4.25
10,1,13,4.67875385284,4.25
10,1,69,4.90534830093,4.5
10,1,69,4.71900892258,4.5
10,1,46,5.00404548645,5.0
10,1,46,4.93991851807,5.0
10,1,11,4.20014286041,4.0
10,1,11,3.8902862072,4.0
10,1,102,4.53061151505,5.0
10,1,102,4.52323627472,5.0
10,1,67,4.80062294006,5.25
10,1,67,4.78883743286,5.25
10,1,44,4.87679624557,4.5
10,1,44,4.74394416809,4.5
10,1,9,4.63224744797,5.5
10,1,9,4.38312530518,5.5
10,1,100,4.55792236328,4.0
10,1,100,4.54190206528,4.0
10,1,65,4.62827682495,5.75
10,1,65,4.41055965424,5.75
10,1,42,5.08904409409,5.25
10,1,42,5.10410785675,5.25
10,1,98,4.82439804077,4.5
10,1,98,4.93166923523,4.5
10,1,79,4.36434364319,4.5
10,1,79,4.39266109467,4.5
10,1,40,4.80331754684,4.5
10,1,40,4.89996337891,4.5
10,1,96,4.98482275009,4.5
10,1,96,4.9717965126,4.5
10,1,77,4.81060314178,4.5
10,1,77,4.87452983856,4.5
10,1,22,4.90589141846,4.5
10,1,22,4.77509021759,4.5
10,1,75,4.79779911041,4.5
10,1,75,4.71179199219,4.5
10,1,20,4.92437601089,5.0
10,1,20,4.70766162872,5.0
10,1,108,4.59663534164,5.0
10,1,108,4.28293991089,5.0
10,1,73,4.80917453766,4.25
10,1,73,4.85547971725,4.25
10,1,106,4.45994997025,2.0
10,1,106,4.46280193329,2.0
10,1,55,4.90237092972,5.25
10,1,55,4.87961053848,5.25
10,1,104,4.84928607941,4.5
10,1,104,4.74655294418,4.5
10,1,53,4.89232301712,5.25
10,1,53,4.94063663483,5.25
10,1,30,4.99769020081,5.5
10,1,30,4.86271572113,5.5
10,1,86,4.90508556366,4.0
10,1,86,4.92209720612,4.0
10,1,51,4.44463682175,5.5
10,1,51,4.50091314316,5.5
10,1,28,4.87579631805,4.75
10,1,28,4.77989768982,4.75
10,1,84,4.72047710419,2.75
10,1,84,4.52410745621,2.75
10,1,49,4.43534851074,4.0
10,1,49,4.43021917343,4.0
10,1,26,4.19621372223,2.375
10,1,26,3.68845701218,2.375
10,1,82,4.71902132034,4.5
10,1,82,4.81420135498,4.5
10,2,65,1.27732634544,5.0
10,2,65,2.98709416389,5.0
10,2,26,4.3922624588,3.5
10,2,26,3.71054720879,3.5
10,2,83,2.4597465992,4.25
10,2,83,3.44974374771,4.25
10,2,15,4.33377933502,5.75
10,2,15,3.95697069168,5.75
10,2,25,4.01577472687,4.25
10,2,25,3.72698545456,4.25
10,2,82,2.77126049995,5.25
10,2,82,3.53135752678,5.25
10,2,14,4.86027431488,5.25
10,2,14,4.70444965363,5.25
10,2,71,3.72022676468,4.0
10,2,71,3.72057008743,4.0
10,2,24,4.19201755524,3.5
10,2,24,3.63157701492,3.5
10,2,81,3.85525083542,5.25
10,2,81,3.86666345596,5.25
10,2,35,-0.471558898687,2.75
10,2,35,0.501714408398,2.75
10,2,13,4.63830709457,5.25
10,2,13,4.66584062576,5.25
10,2,70,4.49725294113,4.66667
10,2,70,4.65407371521,4.66667
10,2,31,3.77156257629,3.25
10,2,31,3.67915415764,3.25
10,2,80,4.14167451859,4.5
10,2,80,4.08511352539,4.5
10,2,34,4.52555894852,5.0
10,2,34,3.99811649323,5.0
10,2,12,4.6285982132,4.25
10,2,12,4.29566001892,4.25
10,2,69,3.36591935158,5.25
10,2,69,4.25000619888,5.25
10,2,30,4.29167604446,5.75
10,2,30,4.02825975418,5.75
10,2,87,4.45718955994,5.5
10,2,87,4.50364303589,5.5
10,2,33,3.72717475891,4.75
10,2,33,3.19931149483,4.75
10,2,51,4.54646444321,5.5
10,2,51,4.62966060638,5.5
10,2,68,4.38613271713,4.75
10,2,68,4.36279821396,4.75
10,2,29,3.29308080673,5.0
10,2,29,3.7012424469,5.0
10,2,86,3.94305324554,4.5
10,2,86,3.89312243462,4.5
10,2,32,1.66306138039,1.75
10,2,32,1.89641416073,1.75
10,2,50,3.62267112732,4.0
10,2,50,3.42028021812,4.0
10,2,75,4.28958511353,4.5
10,2,75,4.30192899704,4.5
10,2,28,3.92387676239,4.5
10,2,28,4.11233091354,4.5
10,2,85,4.38962173462,5.25
10,2,85,4.34752511978,5.25
10,2,39,4.75852537155,5.25
10,2,39,4.73578262329,5.25
10,2,74,4.3239402771,4.75
10,2,74,4.30528879166,4.75
10,2,3,4.52695465088,3.75
10,2,3,4.30109262466,3.75
10,2,84,3.96206116676,4.0
10,2,84,3.71347022057,4.0
10,2,38,4.26599502563,4.75
10,2,38,4.29307079315,4.75
10,2,73,2.75041103363,5.5
10,2,73,3.59924912453,5.5
10,2,91,4.18607568741,4.25
10,2,91,4.28078222275,4.25
10,2,37,4.40486431122,5.0
10,2,37,4.36553001404,5.0
10,2,55,4.65608596802,3.75
10,2,55,4.42457485199,3.75
10,2,72,2.73399567604,6.25
10,2,72,3.584846735,6.25
10,2,90,4.66103363037,4.25
10,2,90,4.39259004593,4.25
10,2,19,4.00005483627,4.5
10,2,19,2.89695930481,4.5
10,2,36,3.65398907661,3.75
10,2,36,3.12329864502,3.75
10,2,54,4.21215295792,5.5
10,2,54,4.16638088226,5.5
10,2,79,3.64773893356,5.5
10,2,79,3.99801301956,5.5
10,2,89,4.38475036621,4.0
10,2,89,3.8689250946,4.0
10,2,43,4.05261659622,5.75
10,2,43,4.3078083992,5.75
10,2,53,4.72426366806,6.75
10,2,53,4.78821563721,6.75
10,2,78,4.34735250473,5.25
10,2,78,4.52307939529,5.25
10,2,7,4.53380393982,5.25
10,2,7,4.60004663467,5.25
10,2,88,4.45458889008,5.5
10,2,88,4.53694200516,5.5
10,2,42,4.65237426758,5.5
10,2,42,4.5959186554,5.5
10,2,52,4.23734045029,5.5
10,2,52,4.57642650604,5.5
10,2,77,3.40711188316,3.5
10,2,77,3.15386652946,3.5
10,2,6,4.56067276001,5.25
10,2,6,4.31245565414,5.25
10,2,95,3.90296030045,2.0
10,2,95,3.00213217735,2.0
10,2,41,4.11636781693,5.25
10,2,41,4.51482391357,5.25
10,2,76,3.77613210678,4.5
10,2,76,3.84610962868,4.5
10,2,5,4.27602672577,5.5
10,2,5,3.98838210106,5.5
10,2,94,3.52429842949,3.25
10,2,94,3.24128508568,3.25
10,2,23,4.26374530792,5.0
10,2,23,4.49008369446,5.0
10,2,40,3.45043468475,4.5
10,2,40,3.40112185478,4.5
10,2,97,3.27051234245,5.75
10,2,97,2.70042133331,5.75
10,2,58,4.56613349915,5.5
10,2,58,4.28451395035,5.5
10,2,4,4.56375598907,6.25
10,2,4,4.29346370697,6.25
10,2,93,2.14870524406,3.25
10,2,93,3.00832390785,3.25
10,2,22,4.32559680939,5.5
10,2,22,4.34993648529,5.5
10,2,47,3.34772109985,5.25
10,2,47,3.84524059296,5.25
10,2,96,4.45558929443,4.75
10,2,96,4.43973875046,4.75
10,2,11,4.47671508789,4.5
10,2,11,3.87739920616,4.5
10,2,92,3.06316542625,4.75
10,2,92,2.9303188324,4.75
10,2,21,3.82004308701,5.5
10,2,21,3.82094478607,5.5
10,2,46,2.74429273605,4.25
10,2,46,1.1697306633,4.25
10,2,56,4.44993400574,5.25
10,2,56,4.4972205162,5.25
10,2,10,3.63748168945,5.25
10,2,10,3.69637274742,5.25
10,2,67,3.6873524189,4.33333
10,2,67,3.36716079712,4.33333
10,2,20,4.3893237114,2.75
10,2,20,3.66124105453,2.75
10,2,45,3.38306069374,3.5
10,2,45,3.23532438278,3.5
10,2,9,3.73279809952,3.25
10,2,9,3.61669278145,3.25
10,2,66,-0.0997885242105,3.0
10,2,66,2.28791928291,3.0
10,2,27,3.79494667053,5.0
10,2,27,3.62996387482,5.0
10,2,44,4.2524561882,5.0
10,2,44,4.14673185349,5.0
10,2,8,4.68109750748,5.75
10,2,8,4.55317354202,5.75
11,1,5,4.6984705925,4.5
11,1,5,4.7762799263,4.5
11,1,94,4.55457544327,5.75
11,1,94,4.74481773376,5.75
11,1,23,5.09231424332,5.75
11,1,23,5.07681703568,5.75
11,1,32,4.94902420044,4.25
11,1,32,4.81831455231,4.25
11,1,50,1.90808916092,3.0
11,1,50,1.9323489666,3.0
11,1,75,1.5029630661,3.5
11,1,75,0.759506344795,3.5
11,1,4,4.55924749374,5.75
11,1,4,4.25381231308,5.75
11,1,93,4.55900526047,4.25
11,1,93,4.6256942749,4.25
11,1,22,4.83366775513,6.25
11,1,22,4.65035867691,6.25
11,1,47,3.26957511902,4.0
11,1,47,3.38030529022,4.0
11,1,49,2.8927693367,4.5
11,1,49,2.58920288086,4.5
11,1,74,4.40507221222,5.0
11,1,74,4.36943340302,5.0
11,1,92,4.48766994476,4.25
11,1,92,4.29040384293,4.25
11,1,21,4.78621387482,4.25
11,1,21,4.58326053619,4.25
11,1,46,3.46530222893,1.75
11,1,46,4.16288280487,1.75
11,1,48,0.456677287817,2.25
11,1,48,1.32366967201,2.25
11,1,73,5.07545852661,5.25
11,1,73,4.99543714523,5.25
11,1,91,4.79858064651,5.5
11,1,91,4.793820858,5.5
11,1,20,4.84425735474,5.5
11,1,20,4.76802968979,5.5
11,1,63,4.28755187988,6.25
11,1,63,4.15596246719,6.25
11,1,72,4.75348901749,4.75
11,1,72,4.69463062286,4.75
11,1,90,4.57039403915,4.25
11,1,90,4.57769012451,4.25
11,1,19,4.98697662354,6.25
11,1,19,4.85669517517,6.25
11,1,62,4.52142238617,5.0
11,1,62,4.3748254776,5.0
11,1,89,4.9927778244,5.0
11,1,89,4.93169403076,5.0
11,1,15,4.41466283798,3.5
11,1,15,4.15483045578,3.5
11,1,88,4.74927854538,3.75
11,1,88,4.5243396759,3.75
11,1,99,4.72925662994,6.25
11,1,99,4.84569263458,6.25
11,1,14,4.50282764435,4.25
11,1,14,4.44648456573,4.25
11,1,71,4.67462348938,4.75
11,1,71,4.61364030838,4.75
11,1,98,4.34584093094,4.5
11,1,98,4.02278995514,4.5
11,1,13,4.62132024765,5.25
11,1,13,4.62244462967,5.25
11,1,70,3.54985785484,5.0
11,1,70,3.12855029106,5.0
11,1,31,4.96021223068,5.5
11,1,31,4.85260391235,5.5
11,1,97,4.14332199097,3.75
11,1,97,3.83193039894,3.75
11,1,12,4.85451841354,5.5
11,1,12,4.78375864029,5.5
11,1,69,4.14527988434,4.0
11,1,69,4.02848529816,4.0
11,1,30,4.91667509079,4.25
11,1,30,4.8262720108,4.25
11,1,87,4.12968444824,2.75
11,1,87,3.68750762939,2.75
11,1,96,3.8062210083,4.75
11,1,96,2.94837117195,4.75
11,1,57,1.42806363106,2.5
11,1,57,1.71970105171,2.5
11,1,11,4.33547830582,4.5
11,1,11,3.93865013123,4.5
11,1,68,3.78937768936,4.25
11,1,68,2.57584071159,4.25
11,1,29,4.64642333984,5.5
11,1,29,4.61119270325,5.5
11,1,56,1.8550504446,2.25
11,1,56,2.76846528053,2.25
11,1,10,3.74172258377,4.66667
11,1,10,3.38190531731,4.66667
11,1,67,2.29975628853,6.25
11,1,67,2.2408015728,6.25
11,1,28,4.78075456619,4.5
11,1,28,4.72549581528,4.5
11,1,39,3.8841381073,5.0
11,1,39,3.72681570053,5.0
11,1,9,4.7352643013,4.0
11,1,9,4.54718065262,4.0
11,1,66,4.11057186127,3.25
11,1,66,3.73169088364,3.25
11,1,27,4.65129041672,4.5
11,1,27,4.25047683716,4.5
11,1,84,4.46356058121,3.5
11,1,84,4.3991112709,3.5
11,1,38,5.06635904312,4.5
11,1,38,5.01211118698,4.5
11,1,8,4.24206018448,4.25
11,1,8,4.35073280334,4.25
11,1,65,3.60232686996,4.25
11,1,65,3.63575792313,4.25
11,1,26,4.96890544891,4.0
11,1,26,4.84991025925,4.0
11,1,83,4.49638748169,3.5
11,1,83,4.3244934082,3.5
11,1,37,4.92122364044,3.75
11,1,37,4.81329965591,3.75
11,1,55,2.39221978188,4.0
11,1,55,1.97594058514,4.0
11,1,64,4.63818264008,5.0
11,1,64,4.49941444397,5.0
11,1,25,4.85738801956,5.0
11,1,25,4.76030015945,5.0
11,1,82,4.74543714523,4.5
11,1,82,4.60455274582,4.5
11,1,36,4.76025009155,5.0
11,1,36,4.56283044815,5.0
11,1,54,3.97607898712,2.5
11,1,54,4.19825458527,2.5
11,1,79,2.83455038071,4.5
11,1,79,3.31374788284,4.5
11,1,24,4.91368150711,3.25
11,1,24,4.75499010086,3.25
11,1,81,4.33929443359,4.5
11,1,81,4.50257253647,4.5
11,1,35,4.91015768051,4.5
11,1,35,4.62602424622,4.5
11,1,53,4.11570262909,5.25
11,1,53,4.09409856796,5.25
11,1,78,4.33755111694,5.0
11,1,78,4.23034572601,5.0
11,1,7,4.74521970749,4.25
11,1,7,4.55362939835,4.25
11,1,80,4.65814065933,6.0
11,1,80,4.44165611267,6.0
11,1,34,5.08155727386,4.5
11,1,34,4.94215631485,4.5
11,1,52,4.45621061325,4.25
11,1,52,4.54721832275,4.25
11,1,77,5.00101184845,6.0
11,1,77,4.97657775879,6.0
11,1,6,4.64953374863,5.0
11,1,6,4.59023809433,5.0
11,1,95,4.38853168488,4.25
11,1,95,4.20957994461,4.25
11,1,33,5.07680034637,5.0
11,1,33,4.81774616241,5.0
11,1,51,4.40537405014,4.75
11,1,51,4.37381315231,4.75
11,1,76,4.77364730835,4.0
11,1,76,4.53066396713,4.0
11,2,84,3.63848042488,4.75
11,2,84,2.34263062477,4.75
11,2,28,4.22527170181,4.5
11,2,28,3.01450705528,4.5
11,2,74,2.76852011681,4.25
11,2,74,2.51434016228,4.25
11,2,18,4.64106035233,4.0
11,2,18,4.31551837921,4.0
11,2,72,3.10621738434,4.25
11,2,72,2.47283506393,4.25
11,2,63,1.49572908878,2.75
11,2,63,-0.46095097065,2.75
11,2,78,4.70463371277,5.5
11,2,78,4.58533763885,5.5
11,2,61,2.42504024506,3.25
11,2,61,0.356177181005,3.25
11,2,22,4.02046251297,3.75
11,2,22,3.24996161461,3.75
11,2,76,4.23286342621,5.5
11,2,76,3.20943379402,5.5
11,2,51,4.87980508804,4.5
11,2,51,4.64905261993,4.5
11,2,20,4.50164890289,4.75
11,2,20,4.37579441071,4.75
11,2,105,4.63166236877,4.5
11,2,105,4.46958494186,4.5
11,2,66,0.0503895096481,1.75
11,2,66,1.05329596996,1.75
11,2,49,4.0557808876,2.75
11,2,49,3.81691980362,2.75
11,2,10,4.06348562241,4.75
11,2,10,3.40750050545,4.75
11,2,111,4.09399032593,4.5
11,2,111,3.66775417328,4.5
11,2,64,3.78162789345,4.25
11,2,64,2.80740356445,4.25
11,2,55,4.22055482864,4.5
11,2,55,3.84637141228,4.5
11,2,8,4.22917366028,5.0
11,2,8,3.45283484459,5.0
11,2,109,4.75353765488,4.75
11,2,109,4.56430101395,4.75
11,2,53,4.66472482681,4.5
11,2,53,4.51347398758,4.5
11,2,99,4.74363708496,5.5
11,2,99,4.55385017395,5.5
11,2,68,3.86927914619,4.0
11,2,68,2.64074492455,4.0
11,2,43,4.37064695358,5.25
11,2,43,4.10894870758,5.25
11,2,12,3.07568860054,2.25
11,2,12,0.545431256294,2.25
11,2,97,3.15830373764,3.75
11,2,97,2.75657868385,3.75
11,2,41,4.0515203476,4.75
11,2,41,3.28752017021,4.75
11,2,103,4.78888511658,5.25
11,2,103,4.6281003952,5.25
11,2,47,4.57784795761,4.0
11,2,47,4.34295463562,4.0
11,2,101,3.91304421425,4.75
11,2,101,3.21790337563,4.75
11,2,45,2.86358761787,4.25
11,2,45,1.65329492092,4.25
11,2,6,4.22352075577,5.5
11,2,6,3.99646139145,5.5
11,2,91,3.69316148758,4.5
11,2,91,2.68673038483,4.5
11,2,35,4.32424116135,3.75
11,2,35,3.56304502487,3.75
11,2,4,3.69324088097,4.0
11,2,4,2.79331684113,4.0
11,2,89,4.26365470886,4.75
11,2,89,4.1193857193,4.75
11,2,33,4.10883140564,4.25
11,2,33,3.0623292923,4.25
11,2,95,4.04866886139,4.0
11,2,95,3.79129123688,4.0
11,2,39,3.66544628143,4.5
11,2,39,2.42413902283,4.5
11,2,93,4.00229454041,5.0
11,2,93,4.12117528915,5.0
11,2,37,4.56053543091,5.0
11,2,37,4.04508113861,5.0
11,2,83,4.11471748352,4.0
11,2,83,3.60468029976,4.0
11,2,27,4.58099555969,5.5
11,2,27,4.17702054977,5.5
11,2,81,0.699968934059,3.0
11,2,81,-0.592320919037,3.0
11,2,25,4.53914308548,5.0
11,2,25,3.69840812683,5.0
11,2,87,4.65017032623,4.25
11,2,87,4.49840068817,4.25
11,2,31,4.84910058975,5.0
11,2,31,4.71416473389,5.0
11,2,85,3.84856987,5.0
11,2,85,2.67235445976,5.0
11,2,56,4.01523113251,4.75
11,2,56,3.26005196571,4.75
11,2,29,4.25949525833,4.75
11,2,29,3.99215698242,4.75
11,2,75,2.05124425888,2.5
11,2,75,1.56069922447,2.5
11,2,62,0.835539400578,1.75
11,2,62,-1.84706568718,1.75
11,2,19,3.91902923584,5.25
11,2,19,2.5765171051,5.25
11,2,73,3.36687064171,4.25
11,2,73,2.81754279137,4.25
11,2,60,3.17059373856,2.5
11,2,60,0.536476314068,2.5
11,2,17,3.90625762939,3.75
11,2,17,3.57981562614,3.75
11,2,106,4.12897348404,3.0
11,2,106,3.34123635292,3.0
11,2,79,3.30344009399,4.25
11,2,79,2.71413755417,4.25
11,2,50,4.70628595352,4.25
11,2,50,4.45494508743,4.25
11,2,23,4.47451639175,5.75
11,2,23,3.26253557205,5.75
11,2,104,4.6196808815,6.0
11,2,104,4.34133768082,6.0
11,2,77,3.94751596451,4.5
11,2,77,3.24181842804,4.5
11,2,48,4.51933002472,6.5
11,2,48,3.81953334808,6.5
11,2,21,5.01805305481,6.25
11,2,21,4.86943435669,6.25
11,2,110,4.85484218597,4.75
11,2,110,4.8195104599,4.75
11,2,67,3.16527462006,4.75
11,2,67,1.70892560482,4.75
11,2,54,2.83906126022,3.75
11,2,54,1.38889539242,3.75
11,2,11,2.78214478493,2.5
11,2,11,-0.01530880481,2.5
11,2,65,3.79820752144,2.5
11,2,65,3.14730215073,2.5
11,2,52,4.74356031418,5.0
11,2,52,4.74896001816,5.0
11,2,9,4.46971702576,3.5
11,2,9,4.08079862595,3.5
11,2,98,3.55044293404,5.0
11,2,98,3.48970079422,5.0
11,2,42,4.1795091629,4.75
11,2,42,3.6366121769,4.75
11,2,96,3.5178501606,5.0
11,2,96,2.79449343681,5.0
11,2,69,4.14309740067,3.25
11,2,69,3.72033715248,3.25
11,2,40,4.23730325699,4.25
11,2,40,3.7212240696,4.25
11,2,102,4.53282785416,3.75
11,2,102,4.11378002167,3.75
11,2,46,4.23275232315,4.25
11,2,46,3.75726914406,4.25
11,2,3,2.81237506866,5.0
11,2,3,1.01102459431,5.0
11,2,100,4.520860672,4.5
11,2,100,4.20485115051,4.5
11,2,44,4.98427009583,5.5
11,2,44,4.79903316498,5.5
11,2,90,4.18710374832,3.25
11,2,90,3.88422703743,3.25
11,2,34,4.57621192932,6.5
11,2,34,4.10410165787,6.5
11,2,7,2.50620293617,0.75
11,2,7,1.57309734821,0.75
11,2,88,3.17493271828,5.0
11,2,88,2.20031309128,5.0
11,2,32,3.67122602463,5.25
11,2,32,2.94613528252,5.25
11,2,5,3.35084986687,2.25
11,2,5,1.54536759853,2.25
11,2,94,3.22330069542,4.25
11,2,94,3.05356526375,4.25
11,2,38,3.66315245628,4.25
11,2,38,3.16691446304,4.25
11,2,92,3.95054864883,5.5
11,2,92,3.74240541458,5.5
11,2,36,4.74738264084,4.25
11,2,36,4.4675116539,4.25
11,2,82,2.76356863976,4.75
11,2,82,1.51483237743,4.75
11,2,26,3.79992747307,3.5
11,2,26,2.11607074738,3.5
11,2,80,1.9114253521,3.75
11,2,80,-1.20971226692,3.75
11,2,24,4.58030843735,5.0
11,2,24,3.97800159454,5.0
11,2,86,4.03753900528,5.75
11,2,86,3.47958803177,5.75
11,2,30,4.21736526489,4.0
11,2,30,3.4791572094,4.0
12,1,60,3.83546042442,3.75
12,1,60,3.84637641907,3.75
12,1,25,4.31930541992,5.75
12,1,25,3.89256930351,5.75
12,1,83,4.32748222351,5.5
12,1,83,4.18189907074,5.5
12,1,62,-0.407468885183,2.5
12,1,62,2.06113553047,2.5
12,1,27,4.22047281265,4.5
12,1,27,3.86346149445,4.5
12,1,77,4.19506549835,4.75
12,1,77,4.09721040726,4.75
12,1,21,4.42446994781,4.5
12,1,21,4.39335632324,4.5
12,1,79,4.15269136429,4.25
12,1,79,4.11223840714,4.25
12,1,23,4.35816669464,3.5
12,1,23,3.18469643593,3.5
12,1,108,3.7370724678,3.25
12,1,108,4.03604316711,3.25
12,1,73,4.42987203598,4.25
12,1,73,4.31951236725,4.25
12,1,17,4.64298677444,5.0
12,1,17,4.37495517731,5.0
12,1,110,4.1758055687,5.0
12,1,110,4.10526132584,5.0
12,1,75,4.2574005127,5.25
12,1,75,4.2471871376,5.25
12,1,54,4.51402139664,4.75
12,1,54,4.21569919586,4.75
12,1,19,4.18516683578,3.75
12,1,19,4.06733751297,3.75
12,1,104,3.23881077766,2.5
12,1,104,-0.440750837326,2.5
12,1,69,4.24665307999,3.75
12,1,69,4.20421552658,3.75
12,1,48,4.45529031754,4.5
12,1,48,4.09934997559,4.5
12,1,106,0.336252182722,1.25
12,1,106,-1.94113397598,1.25
12,1,100,2.50081372261,2.75
12,1,100,0.650331914425,2.75
12,1,65,3.51436448097,4.5
12,1,65,2.65810036659,4.5
12,1,44,4.49199199677,5.5
12,1,44,4.35058927536,5.5
12,1,9,4.39266443253,4.75
12,1,9,4.33936166763,4.75
12,1,102,4.3076376915,4.5
12,1,102,4.11752557755,4.5
12,1,67,1.25512075424,2.75
12,1,67,1.47861349583,2.75
12,1,46,4.39257907867,3.5
12,1,46,3.73125982285,3.5
12,1,11,4.62510347366,5.0
12,1,11,4.46490955353,5.0
12,1,96,4.23192691803,3.25
12,1,96,4.20763921738,3.25
12,1,40,4.45728158951,4.25
12,1,40,0.534211456776,4.25
12,1,5,4.39235019684,6.0
12,1,5,4.38185358047,6.0
12,1,98,4.25306034088,3.75
12,1,98,4.09369659424,3.75
12,1,42,4.51100730896,4.25
12,1,42,4.34652090073,4.25
12,1,7,4.49458312988,6.25
12,1,7,4.42986869812,6.25
12,1,92,4.01230049133,3.25
12,1,92,3.9422249794,3.25
12,1,36,4.2085723877,5.0
12,1,36,3.3834426403,5.0
12,1,38,4.59989070892,5.5
12,1,38,4.47671842575,5.5
12,1,3,4.6047372818,6.0
12,1,3,4.43842840195,6.0
12,1,88,4.28990888596,4.5
12,1,88,4.17843961716,4.5
12,1,32,3.86721110344,5.25
12,1,32,3.89521336555,5.25
12,1,90,4.20843648911,4.0
12,1,90,3.99598288536,4.0
12,1,34,4.06238651276,5.5
12,1,34,3.85896086693,5.5
12,1,84,4.53607177734,4.5
12,1,84,4.42656946182,4.5
12,1,28,4.01017904282,5.0
12,1,28,3.51436781883,5.0
12,1,86,3.76813316345,3.0
12,1,86,3.86007976532,3.0
12,1,30,4.03844261169,4.0
12,1,30,3.75832700729,4.0
12,1,80,3.81749653816,4.0
12,1,80,3.35036349297,4.0
12,1,24,4.29229259491,5.25
12,1,24,3.74270105362,5.25
12,1,82,4.46735095978,4.0
12,1,82,4.46687412262,4.0
12,1,61,3.91268706322,4.0
12,1,61,3.42271757126,4.0
12,1,26,4.33569049835,5.0
12,1,26,4.34997367859,5.0
12,1,76,4.47305440903,4.0
12,1,76,4.29609203339,4.0
12,1,63,-2.18112659454,3.0
12,1,63,0.32485640049,3.0
12,1,20,4.55139636993,4.75
12,1,20,4.1117515564,4.75
12,1,78,4.30465459824,6.0
12,1,78,4.33432197571,6.0
12,1,22,3.65049505234,4.5
12,1,22,3.86069464684,4.5
12,1,72,4.23186445236,3.25
12,1,72,4.13339138031,3.25
12,1,16,4.12901639938,5.25
12,1,16,3.57056999207,5.25
12,1,109,3.87457919121,3.5
12,1,109,3.939245224,3.5
12,1,74,4.18196725845,5.0
12,1,74,4.06421899796,5.0
12,1,53,4.32800912857,4.5
12,1,53,3.88458704948,4.5
12,1,18,4.34775447845,4.25
12,1,18,3.06328344345,4.25
12,1,111,3.85915660858,2.75
12,1,111,4.22485399246,2.75
12,1,68,4.51742219925,4.25
12,1,68,4.13261032104,4.25
12,1,55,4.44924116135,5.0
12,1,55,4.34020757675,5.0
12,1,12,4.54458332062,5.75
12,1,12,4.41911745071,5.75
12,1,105,3.23309230804,3.25
12,1,105,2.07970118523,3.25
12,1,49,3.88602161407,4.75
12,1,49,3.65399122238,4.75
12,1,107,4.24577474594,4.5
12,1,107,3.84683489799,4.5
12,1,64,4.30991172791,4.0
12,1,64,4.20022296906,4.0
12,1,8,4.52104377747,5.25
12,1,8,4.4902639389,5.25
12,1,101,1.96763265133,3.25
12,1,101,2.28988027573,3.25
12,1,66,3.58984994888,3.0
12,1,66,2.62772011757,3.0
12,1,45,4.45484399796,5.0
12,1,45,3.99573087692,5.0
12,1,10,4.46425247192,5.25
12,1,10,4.40239810944,5.25
12,1,103,4.42763614655,4.5
12,1,103,4.3303861618,4.5
12,1,47,4.54744386673,5.5
12,1,47,3.26585102081,5.5
12,1,4,4.30940771103,6.25
12,1,4,4.1766295433,6.25
12,1,97,3.68117904663,4.25
12,1,97,4.10798025131,4.25
12,1,41,4.1536450386,3.75
12,1,41,4.04022502899,3.75
12,1,6,4.5684261322,5.0
12,1,6,4.51461172104,5.0
12,1,99,2.85837745667,1.75
12,1,99,0.707790136337,1.75
12,1,43,4.39501905441,4.75
12,1,43,4.13687086105,4.75
12,1,93,3.24739670753,3.75
12,1,93,3.54199671745,3.75
12,1,37,4.56071138382,4.5
12,1,37,4.21303987503,4.5
12,1,2,4.52792263031,6.5
12,1,2,4.4245300293,6.5
12,1,39,4.25173139572,5.75
12,1,39,3.91102576256,5.75
12,1,89,3.74345946312,3.5
12,1,89,3.94770169258,3.5
12,1,33,3.9705696106,4.25
12,1,33,1.03967487812,4.25
12,1,91,4.35636234283,4.5
12,1,91,4.11137104034,4.5
12,1,35,4.43135929108,4.0
12,1,35,4.32555437088,4.0
12,1,85,4.56076812744,4.75
12,1,85,4.23196744919,4.75
12,1,29,-1.90090656281,2.75
12,1,29,-2.23921871185,2.75
12,1,87,4.07130050659,5.0
12,1,87,4.18082761765,5.0
12,1,31,4.45038032532,5.0
12,1,31,4.22024297714,5.0
12,1,81,2.7365295887,4.0
12,1,81,1.04697716236,4.0
12,2,14,4.1700592041,4.25
12,2,14,4.24723815918,4.25
12,2,37,4.24917316437,3.5
12,2,37,4.25688171387,3.5
12,2,64,-0.00551958009601,1.5
12,2,64,0.233681470156,1.5
12,2,8,4.33401203156,4.0
12,2,8,4.23065137863,4.0
12,2,39,-0.860489249229,2.0
12,2,39,-1.60332334042,2.0
12,2,66,1.35080325603,1.0
12,2,66,-1.52587783337,1.0
12,2,10,4.56073856354,4.25
12,2,10,4.26999044418,4.25
12,2,33,4.42246627808,3.75
12,2,33,4.46774482727,3.75
12,2,4,4.22085809708,4.0
12,2,4,4.11063432693,4.0
12,2,35,4.52969026566,3.0
12,2,35,4.19639205933,3.0
12,2,6,4.44384288788,3.5
12,2,6,4.06047868729,3.5
12,2,93,4.04036998749,5.0
12,2,93,4.2897939682,5.0
12,2,95,3.8234167099,4.75
12,2,95,3.99034929276,4.75
12,2,89,3.08430242538,3.75
12,2,89,2.70491552353,3.75
12,2,116,3.91434788704,3.0
12,2,116,3.78572201729,3.0
12,2,91,4.25714588165,4.5
12,2,91,4.03174781799,4.5
12,2,62,0.907414376736,1.75
12,2,62,0.654482722282,1.75
12,2,85,4.06471633911,4.75
12,2,85,4.07242965698,4.75
12,2,112,4.49651813507,3.75
12,2,112,4.13767957687,3.75
12,2,29,4.31864833832,3.0
12,2,29,4.33813714981,3.0
12,2,56,4.42433691025,5.0
12,2,56,4.32918787003,5.0
12,2,87,3.75094485283,4.75
12,2,87,3.9848985672,4.75
12,2,114,3.77528643608,3.5
12,2,114,3.32974600792,3.5
12,2,31,4.44543266296,4.75
12,2,31,4.20973920822,4.75
12,2,58,4.40750598907,3.75
12,2,58,4.17477416992,3.75
12,2,81,4.47072553635,5.5
12,2,81,4.24920558929,5.5
12,2,108,0.225479513407,2.0
12,2,108,2.82238030434,2.0
12,2,25,4.25145673752,4.75
12,2,25,4.10315179825,4.75
12,2,52,4.52875614166,4.75
12,2,52,4.36845731735,4.75
12,2,83,1.28908276558,3.75
12,2,83,3.41243743896,3.75
12,2,110,3.37719726562,2.25
12,2,110,3.41590881348,2.25
12,2,27,4.47731590271,4.5
12,2,27,4.33834934235,4.5
12,2,54,4.49338340759,4.5
12,2,54,4.1679725647,4.5
12,2,77,4.30100727081,5.0
12,2,77,4.16046762466,5.0
12,2,104,1.65787684917,2.0
12,2,104,2.23725366592,2.0
12,2,21,3.99144053459,3.75
12,2,21,3.33912563324,3.75
12,2,48,4.46539878845,4.5
12,2,48,4.42221403122,4.5
12,2,79,3.97898435593,3.75
12,2,79,4.15906667709,3.75
12,2,106,3.56450653076,3.5
12,2,106,3.75025033951,3.5
12,2,23,4.37957572937,5.25
12,2,23,4.22485303879,5.25
12,2,50,4.59572982788,4.75
12,2,50,4.51056337357,4.75
12,2,73,-1.7644752264,2.0
12,2,73,-2.20794320107,2.0
12,2,100,2.82541894913,2.5
12,2,100,3.20602297783,2.5
12,2,44,4.41646432877,3.75
12,2,44,4.30029201508,3.75
12,2,102,3.02716755867,1.75
12,2,102,1.61416780949,1.75
12,2,19,4.4173169136,4.5
12,2,19,4.42960453033,4.5
12,2,46,4.42762517929,4.25
12,2,46,4.23113870621,4.25
12,2,69,-1.42325377464,2.25
12,2,69,-2.49183797836,2.25
12,2,96,4.20133209229,4.75
12,2,96,4.08399677277,4.75
12,2,13,4.47078800201,3.5
12,2,13,3.8682410717,3.5
12,2,40,4.40337944031,3.5
12,2,40,4.38252019882,3.5
12,2,71,1.79819655418,1.5
12,2,71,0.33096703887,1.5
12,2,98,3.88713955879,2.75
12,2,98,4.23180580139,2.75
12,2,42,4.39112758636,3.5
12,2,42,4.44773721695,3.5
12,2,65,-1.33614969254,2.25
12,2,65,-1.4738676548,2.25
12,2,9,3.73298168182,4.0
12,2,9,2.71249175072,4.0
12,2,36,4.37863063812,5.75
12,2,36,3.66938877106,5.75
12,2,67,4.12527132034,3.0
12,2,67,0.221334189177,3.0
12,2,11,4.12281656265,5.0
12,2,11,3.68368220329,5.0
12,2,5,4.20186710358,5.25
12,2,5,4.10389566422,5.25
12,2,32,4.45388126373,3.25
12,2,32,4.31817483902,3.25
12,2,7,4.09309911728,5.0
12,2,7,3.97072529793,5.0
12,2,34,4.3588886261,4.25
12,2,34,4.25044393539,4.25
12,2,92,4.03145551682,3.5
12,2,92,3.91493844986,3.5
12,2,3,2.24594521523,3.75
12,2,3,3.32570958138,3.75
12,2,94,2.90205168724,2.5
12,2,94,3.39187788963,2.5
12,2,88,3.88053846359,5.0
12,2,88,4.1860575676,5.0
12,2,90,3.80068802834,3.25
12,2,90,3.745241642,3.25
12,2,113,4.28007268906,3.25
12,2,113,4.2187795639,3.25
12,2,57,4.72439479828,4.75
12,2,57,4.41332864761,4.75
12,2,84,2.42419815063,4.25
12,2,84,2.91270709038,4.25
12,2,115,3.54793167114,2.75
12,2,115,3.8087990284,2.75
12,2,28,4.18978452682,4.75
12,2,28,4.09127569199,4.75
12,2,59,4.53397512436,5.0
12,2,59,4.50068759918,5.0
12,2,86,3.91898751259,4.0
12,2,86,3.6274163723,4.0
12,2,109,3.44905209541,3.25
12,2,109,3.79571413994,3.25
12,2,30,4.4071097374,4.5
12,2,30,4.36363315582,4.5
12,2,53,4.64485883713,3.75
12,2,53,4.50496768951,3.75
12,2,80,3.97296118736,5.25
12,2,80,4.08537483215,5.25
12,2,111,3.96740627289,4.0
12,2,111,4.02258729935,4.0
12,2,24,4.44628381729,4.25
12,2,24,4.27502775192,4.25
12,2,55,4.47765922546,4.5
12,2,55,4.66076040268,4.5
12,2,82,2.8218972683,2.5
12,2,82,2.29845905304,2.5
12,2,105,4.15431976318,4.0
12,2,105,4.32887172699,4.0
12,2,26,4.31890726089,2.75
12,2,26,4.1224398613,2.75
12,2,49,4.46855688095,5.25
12,2,49,4.29880571365,5.25
12,2,107,3.29834222794,2.25
12,2,107,3.95890212059,2.25
12,2,20,4.40882587433,4.0
12,2,20,4.17054843903,4.0
12,2,51,3.54955101013,3.0
12,2,51,3.22580075264,3.0
12,2,78,4.03925800323,4.0
12,2,78,4.12446928024,4.0
12,2,101,3.94960379601,3.0
12,2,101,4.02104997635,3.0
12,2,22,4.58971118927,5.0
12,2,22,4.42485904694,5.0
12,2,45,4.37713384628,4.0
12,2,45,4.15564060211,4.0
12,2,103,3.48472762108,2.5
12,2,103,3.86603736877,2.5
12,2,47,4.4053940773,4.75
12,2,47,4.24878358841,4.75
12,2,97,2.80527329445,1.5
12,2,97,3.60442614555,1.5
12,2,41,4.4821062088,5.25
12,2,41,4.40706539154,5.25
12,2,68,-2.05488371849,2.0
12,2,68,-2.64209485054,2.0
12,2,99,3.96331572533,3.25
12,2,99,3.56159543991,3.25
12,2,12,4.39442920685,5.25
12,2,12,4.4115653038,5.25
12,2,43,4.7206287384,4.5
12,2,43,4.40614557266,4.5
12,2,70,-2.70422267914,1.25
12,2,70,-2.8152859211,1.25
16,2,107,3.93700551987,3.25
16,2,107,3.66243195534,3.25
16,2,78,3.73520851135,4.25
16,2,78,3.46170186996,4.25
16,2,37,2.93277215958,4.5
16,2,37,2.74429798126,4.5
16,2,109,0.943350374699,4.5
16,2,109,0.215249687433,4.5
16,2,39,4.0541510582,2.25
16,2,39,3.57115483284,2.25
16,2,111,2.99545693398,3.5
16,2,111,3.58709383011,3.5
16,2,66,4.24251794815,5.75
16,2,66,3.9339017868,5.75
16,2,25,3.28728818893,3.0
16,2,25,3.81517696381,3.0
16,2,97,3.82318878174,2.75
16,2,97,3.20617175102,2.75
16,2,68,2.98630452156,1.25
16,2,68,2.32234048843,1.25
16,2,27,4.0399055481,4.25
16,2,27,3.79337000847,4.25
16,2,99,3.00511837006,3.25
16,2,99,3.18395543098,3.25
16,2,70,-1.66726732254,1.75
16,2,70,0.348320007324,1.75
16,2,29,4.1439781189,2.0
16,2,29,3.8587334156,2.0
16,2,101,4.31042909622,5.0
16,2,101,4.28643846512,5.0
16,2,56,3.55178570747,4.75
16,2,56,3.94528651237,4.75
16,2,31,1.6208729744,2.0
16,2,31,3.31399106979,2.0
16,2,103,1.89356911182,3.25
16,2,103,3.16439843178,3.25
16,2,58,3.64315724373,2.25
16,2,58,4.08212518692,2.25
16,2,89,3.30261778831,1.75
16,2,89,3.91341280937,1.75
16,2,60,4.04281806946,3.0
16,2,60,3.78056788445,3.0
16,2,91,1.9204313755,3.25
16,2,91,3.0662252903,3.25
16,2,21,3.96758699417,3.75
16,2,21,4.09906435013,3.75
16,2,93,4.23054504395,4.0
16,2,93,4.17001390457,4.0
16,2,48,3.94049549103,3.25
16,2,48,4.05317497253,3.25
16,2,23,4.09994697571,2.5
16,2,23,3.53843045235,2.5
16,2,95,4.04465198517,3.5
16,2,95,3.94107985497,3.5
16,2,50,0.970683455467,2.25
16,2,50,2.68824100494,2.25
16,2,9,3.92978596687,3.5
16,2,9,3.66533207893,3.5
16,2,81,2.5397734642,2.5
16,2,81,2.71649074554,2.5
16,2,52,1.22611439228,2.25
16,2,52,1.62944102287,2.25
16,2,11,3.52567982674,4.5
16,2,11,3.8708524704,4.5
16,2,83,1.85337400436,4.5
16,2,83,2.21081209183,4.5
16,2,54,3.47691369057,1.25
16,2,54,3.36241078377,1.25
16,2,13,3.1176173687,4.5
16,2,13,3.83062815666,4.5
16,2,85,0.0450411885977,3.5
16,2,85,1.89652597904,3.5
16,2,40,3.24861168861,2.0
16,2,40,3.82915496826,2.0
16,2,15,3.23767066002,4.25
16,2,15,3.4675579071,4.25
16,2,112,0.418667048216,1.5
16,2,112,-0.21043767035,1.5
16,2,87,1.53352940083,3.5
16,2,87,1.95416259766,3.5
16,2,42,-1.62184119225,2.5
16,2,42,1.47662472725,2.5
16,2,114,3.56626081467,3.5
16,2,114,3.07621979713,3.5
16,2,73,3.52020978928,4.0
16,2,73,2.39924788475,4.0
16,2,44,3.65512728691,2.75
16,2,44,2.87200403214,2.75
16,2,116,2.36296653748,4.0
16,2,116,3.17764186859,4.0
16,2,46,2.70636510849,2.5
16,2,46,3.41626691818,2.5
16,2,5,2.57111024857,4.0
16,2,5,2.80219721794,4.0
16,2,77,3.57767224312,5.5
16,2,77,1.97820293903,5.5
16,2,32,4.13019561768,2.75
16,2,32,3.44538211823,2.75
16,2,7,3.20432472229,5.0
16,2,7,4.1073012352,5.0
16,2,104,3.29072237015,1.75
16,2,104,4.01380300522,1.75
16,2,79,3.4832277298,5.0
16,2,79,3.42287635803,5.0
16,2,34,3.25108742714,2.25
16,2,34,0.861551344395,2.25
16,2,106,3.50577020645,2.75
16,2,106,2.80729293823,2.75
16,2,65,4.07652616501,5.0
16,2,65,4.05970668793,5.0
16,2,36,2.71641921997,3.75
16,2,36,3.69497585297,3.75
16,2,108,2.00158405304,2.75
16,2,108,2.31087231636,2.75
16,2,67,1.98059225082,3.5
16,2,67,3.15559720993,3.5
16,2,38,3.87275695801,4.0
16,2,38,3.5390253067,4.0
16,2,110,1.84400129318,2.25
16,2,110,3.92766928673,2.25
16,2,69,3.75966095924,1.75
16,2,69,3.73397040367,1.75
16,2,24,4.25100517273,3.5
16,2,24,4.20814657211,3.5
16,2,96,0.726421654224,3.5
16,2,96,-0.589270174503,3.5
16,2,71,3.89867401123,4.0
16,2,71,3.91390156746,4.0
16,2,26,3.89135432243,3.25
16,2,26,3.41919732094,3.25
16,2,98,4.08076524734,4.5
16,2,98,4.03494024277,4.5
16,2,57,2.47365188599,3.0
16,2,57,3.60826706886,3.0
16,2,28,4.20737791061,3.25
16,2,28,3.57888674736,3.25
16,2,100,2.92180585861,3.25
16,2,100,0.369787037373,3.25
16,2,59,2.35794568062,3.0
16,2,59,3.70820331573,3.0
16,2,30,3.64184880257,3.0
16,2,30,3.23789191246,3.0
16,2,102,3.14917325974,1.75
16,2,102,1.03061497211,1.75
16,2,61,3.85289049149,2.5
16,2,61,3.80905389786,2.5
16,2,88,2.60511255264,3.75
16,2,88,3.48646497726,3.75
16,2,90,0.00314761069603,1.75
16,2,90,-0.495710402727,1.75
16,2,49,2.73992419243,2.75
16,2,49,3.41263484955,2.75
16,2,92,4.06381797791,2.5
16,2,92,4.02824783325,2.5
16,2,51,4.14720869064,3.5
16,2,51,3.82510852814,3.5
16,2,22,2.1027970314,1.75
16,2,22,2.6185863018,1.75
16,2,94,1.48569846153,4.0
16,2,94,0.216412395239,4.0
16,2,53,2.47997832298,4.0
16,2,53,3.3324971199,4.0
16,2,8,3.36371088028,3.25
16,2,8,3.30173826218,3.25
16,2,80,3.72310566902,4.0
16,2,80,3.37981748581,4.0
16,2,55,3.26350450516,4.0
16,2,55,4.00822162628,4.0
16,2,10,3.72437620163,5.5
16,2,10,4.00414800644,5.5
16,2,82,3.14814567566,2.25
16,2,82,2.16903209686,2.25
16,2,41,2.07411432266,1.75
16,2,41,3.90124750137,1.75
16,2,12,4.28635931015,5.5
16,2,12,4.15235137939,5.5
16,2,113,0.139411360025,2.5
16,2,113,1.1907902956,2.5
16,2,84,0.18505179882,3.75
16,2,84,0.181966796517,3.75
16,2,43,0.083370745182,2.25
16,2,43,2.46772456169,2.25
16,2,14,4.14843606949,4.0
16,2,14,4.14623355865,4.0
16,2,115,3.84437656403,2.75
16,2,115,3.95617675781,2.75
16,2,86,3.97056627274,4.5
16,2,86,3.90225481987,4.5
16,2,45,1.38528132439,3.0
16,2,45,2.64369916916,3.0
16,2,72,1.30291736126,2.25
16,2,72,1.88766467571,2.25
16,2,47,2.78174042702,1.75
16,2,47,3.72548866272,1.75
16,2,33,3.91437959671,1.5
16,2,33,3.74917316437,1.5
16,2,105,2.97225832939,3.75
16,2,105,2.90629076958,3.75
16,2,76,3.41203975677,3.0
16,2,76,3.30777144432,3.0
16,2,35,1.82681620121,2.5
16,2,35,3.64741539955,2.5
16,2,6,2.63642787933,4.5
16,2,6,3.56845831871,4.5
17,1,87,4.21830129623,2.5
17,1,87,4.13351488113,2.5
17,1,56,4.19179868698,3.25
17,1,56,4.14965724945,3.25
17,1,31,-1.24546921253,4.0
17,1,31,1.48816943169,4.0
17,1,73,4.22811222076,4.25
17,1,73,4.35008478165,4.25
17,1,17,4.39781522751,3.0
17,1,17,4.35346794128,3.0
17,1,75,-1.19607305527,1.75
17,1,75,0.283523112535,1.75
17,1,60,0.403570741415,3.0
17,1,60,1.98643577099,3.0
17,1,19,4.36927270889,4.0
17,1,19,4.28546619415,4.0
17,1,77,3.12233638763,3.5
17,1,77,1.71504795551,3.5
17,1,62,-2.773676157,1.75
17,1,62,-2.17804908752,1.75
17,1,21,3.98487663269,2.5
17,1,21,3.89305686951,2.5
17,1,104,4.17035531998,3.25
17,1,104,4.12301111221,3.25
17,1,79,4.30482196808,3.25
17,1,79,4.26330852509,3.25
17,1,23,4.28577423096,2.5
17,1,23,4.29295444489,2.5
17,1,106,4.30359888077,2.75
17,1,106,4.26152181625,2.75
17,1,65,-3.3446264267,1.25
17,1,65,-3.15006303787,1.25
17,1,50,3.62529373169,3.75
17,1,50,3.8310251236,3.75
17,1,9,-2.75038671494,1.5
17,1,9,-2.4912147522,1.5
17,1,108,3.78281164169,2.5
17,1,108,3.67547392845,2.5
17,1,67,-1.82235777378,3.0
17,1,67,-0.664869368076,3.0
17,1,52,4.01875925064,2.75
17,1,52,4.12245225906,2.75
17,1,11,-1.96618664265,1.5
17,1,11,-2.45133447647,1.5
17,1,110,3.64153432846,3.5
17,1,110,3.72009849548,3.5
17,1,69,3.92476129532,2.5
17,1,69,3.83513641357,2.5
17,1,54,4.01754617691,3.25
17,1,54,3.75659704208,3.25
17,1,96,4.26537942886,1.5
17,1,96,4.07715511322,1.5
17,1,40,4.09586048126,3.0
17,1,40,4.11270093918,3.0
17,1,98,2.59893321991,3.5
17,1,98,3.11293888092,3.5
17,1,42,2.94929718971,3.75
17,1,42,2.97237634659,3.75
17,1,100,4.35654687881,2.75
17,1,100,4.35162639618,2.75
17,1,44,4.10528802872,3.5
17,1,44,4.06749105453,3.5
17,1,102,3.61827588081,3.75
17,1,102,3.64513492584,3.75
17,1,46,3.99238944054,4.0
17,1,46,3.64913058281,4.0
17,1,5,4.06302452087,2.75
17,1,5,3.98618340492,2.75
17,1,88,4.15320110321,4.25
17,1,88,4.06835699081,4.25
17,1,32,4.16237306595,4.5
17,1,32,3.95454192162,4.5
17,1,7,4.14719390869,2.75
17,1,7,3.93488883972,2.75
17,1,90,4.22192955017,5.5
17,1,90,4.04584693909,5.5
17,1,34,-1.50891113281,3.25
17,1,34,-1.18661987782,3.25
17,1,92,4.28113031387,5.25
17,1,92,4.11031246185,5.25
17,1,36,4.07988929749,2.75
17,1,36,3.98150491714,2.75
17,1,94,4.40063905716,3.5
17,1,94,4.27415180206,3.5
17,1,38,4.11497497559,2.25
17,1,38,4.14854192734,2.25
17,1,80,4.20370531082,4.25
17,1,80,4.21374607086,4.25
17,1,24,4.34994220734,3.25
17,1,24,4.24176597595,3.25
17,1,82,3.75614786148,5.0
17,1,82,4.06588220596,5.0
17,1,26,4.04243087769,3.0
17,1,26,4.01056051254,3.0
17,1,84,4.2809586525,4.25
17,1,84,4.28543376923,4.25
17,1,28,4.50994634628,4.25
17,1,28,4.24753332138,4.25
17,1,86,3.79694437981,4.0
17,1,86,3.83041667938,4.0
17,1,59,-2.9169344902,2.5
17,1,59,-0.862086176872,2.5
17,1,30,3.04541563988,5.25
17,1,30,3.03071737289,5.25
17,1,72,4.23259878159,5.25
17,1,72,4.18357563019,5.25
17,1,61,4.07768106461,2.25
17,1,61,3.73317909241,2.25
17,1,74,4.22951364517,3.25
17,1,74,4.0734167099,3.25
17,1,63,4.07552051544,1.75
17,1,63,3.94588804245,1.75
17,1,18,3.09618997574,2.75
17,1,18,3.69290566444,2.75
17,1,105,4.18398475647,3.75
17,1,105,4.15909481049,3.75
17,1,76,4.19664955139,4.5
17,1,76,4.10994195938,4.5
17,1,20,3.31599521637,3.5
17,1,20,3.47246217728,3.5
17,1,107,4.09658145905,3.25
17,1,107,3.96671056747,3.25
17,1,78,3.80370140076,4.25
17,1,78,3.90281271935,4.25
17,1,51,4.38207054138,3.0
17,1,51,4.21262264252,3.0
17,1,22,4.06019687653,3.0
17,1,22,4.05306625366,3.0
17,1,109,3.94415354729,2.5
17,1,109,3.81144285202,2.5
17,1,64,4.05137681961,1.0
17,1,64,3.87877750397,1.0
17,1,53,4.2993273735,2.75
17,1,53,4.1613483429,2.75
17,1,8,3.89232325554,2.75
17,1,8,3.37921571732,2.75
17,1,111,0.905255079269,2.0
17,1,111,0.829674363136,2.0
17,1,66,4.12144422531,0.75
17,1,66,3.90459632874,0.75
17,1,55,3.82547187805,2.5
17,1,55,3.5752954483,2.5
17,1,10,-2.91005659103,1.5
17,1,10,-2.1185977459,1.5
17,1,97,4.24712562561,2.5
17,1,97,4.16951417923,2.5
17,1,68,2.24587726593,3.75
17,1,68,1.28141856194,3.75
17,1,41,2.89606070518,3.25
17,1,41,2.48785233498,3.25
17,1,12,4.01197576523,2.25
17,1,12,3.70546269417,2.25
17,1,99,4.08332586288,3.5
17,1,99,4.11255979538,3.5
17,1,43,4.3057103157,4.25
17,1,43,4.17319488525,4.25
17,1,14,3.66625857353,1.5
17,1,14,3.28824734688,1.5
17,1,101,4.16837596893,3.0
17,1,101,4.03834533691,3.0
17,1,45,3.59651327133,3.0
17,1,45,3.73224568367,3.0
17,1,103,1.80005764961,3.0
17,1,103,2.39279985428,3.0
17,1,89,3.5280725956,3.25
17,1,89,3.97651457787,3.25
17,1,33,-0.853923976421,3.75
17,1,33,1.202085495,3.75
17,1,4,-3.27554273605,2.75
17,1,4,-1.3415453434,2.75
17,1,91,4.31073999405,3.5
17,1,91,4.16272258759,3.5
17,1,35,4.08331155777,2.5
17,1,35,4.0806593895,2.5
17,1,6,-1.91859841347,2.75
17,1,6,1.73140370846,2.75
17,1,93,3.4707903862,3.5
17,1,93,1.69562315941,3.5
17,1,37,4.31702280045,2.5
17,1,37,4.26242494583,2.5
17,1,95,4.34813785553,5.25
17,1,95,4.25246191025,5.25
17,1,39,0.608739793301,4.5
17,1,39,0.0990497246385,4.5
17,1,81,3.54083156586,4.5
17,1,81,3.71416497231,4.5
17,1,25,4.05996990204,3.75
17,1,25,3.89928078651,3.75
17,1,83,3.57111740112,3.5
17,1,83,3.69688391685,3.5
17,1,27,4.08474493027,4.5
17,1,27,4.18715858459,4.5
17,1,85,3.57696199417,4.75
17,1,85,3.46453857422,4.75
17,1,29,4.26875495911,4.0
17,1,29,4.3160367012,4.0
18,1,94,0.125201955438,2.5
18,1,94,2.47358870506,2.5
18,1,20,-0.295483827591,2.75
18,1,20,3.39844679832,2.75
18,1,49,2.02893853188,1.5
18,1,49,2.86367464066,1.5
18,1,92,3.88670754433,2.25
18,1,92,3.77880978584,2.25
18,1,18,0.0433675125241,2.75
18,1,18,2.12454319,2.75
18,1,47,1.92763340473,1.75
18,1,47,2.27585053444,1.75
18,1,90,0.00193058361765,2.5
18,1,90,1.29576194286,2.5
18,1,16,2.40417814255,2.33333
18,1,16,2.76103925705,2.33333
18,1,45,3.63543558121,4.75
18,1,45,3.85595393181,4.75
18,1,88,3.86834526062,2.75
18,1,88,3.87887406349,2.75
18,1,43,3.27486848831,4.25
18,1,43,3.3361518383,4.25
18,1,86,4.45927476883,2.5
18,1,86,4.28364419937,2.5
18,1,12,2.81903934479,6.0
18,1,12,3.28179574013,6.0
18,1,41,4.59759712219,4.0
18,1,41,4.29053020477,4.0
18,1,84,3.52333426476,4.5
18,1,84,3.4371714592,4.5
18,1,10,2.62868690491,1.75
18,1,10,3.52985596657,1.75
18,1,39,4.43301010132,4.0
18,1,39,4.20567893982,4.0
18,1,82,-1.63039779663,3.25
18,1,82,-0.160902768373,3.25
18,1,111,3.1720597744,2.75
18,1,111,3.64563345909,2.75
18,1,8,-2.31592679024,2.25
18,1,8,-2.48450493813,2.25
18,1,37,2.37651205063,2.75
18,1,37,3.63844776154,2.75
18,1,80,-0.444118738174,3.5
18,1,80,2.03878688812,3.5
18,1,109,3.31530070305,3.0
18,1,109,3.64820456505,3.0
18,1,6,3.82628297806,3.5
18,1,6,4.11912822723,3.5
18,1,35,-0.271493554115,2.25
18,1,35,1.77717387676,2.25
18,1,78,-1.25038087368,2.0
18,1,78,-0.568485200405,2.0
18,1,107,3.51515603065,3.0
18,1,107,3.75064086914,3.0
18,1,4,1.84214258194,3.0
18,1,4,3.55267572403,3.0
18,1,33,-0.881076395512,1.0
18,1,33,1.26289701462,1.0
18,1,76,-2.50909137726,2.0
18,1,76,-0.266170412302,2.0
18,1,105,2.71142339706,1.75
18,1,105,3.69336652756,1.75
18,1,2,3.70492315292,4.25
18,1,2,3.88904595375,4.25
18,1,74,-1.57890570164,1.5
18,1,74,-0.447046905756,1.5
18,1,103,-0.63998156786,2.0
18,1,103,1.19732344151,2.0
18,1,101,3.65317964554,2.25
18,1,101,3.89652824402,2.25
18,1,62,-0.885136306286,1.5
18,1,62,1.62895548344,1.5
18,1,99,-0.400276899338,2.5
18,1,99,0.794233083725,2.5
18,1,60,-1.38742184639,1.0
18,1,60,-2.11852502823,1.0
18,1,68,-1.19819629192,2.5
18,1,68,-0.493416368961,2.5
18,1,97,4.33264923096,3.25
18,1,97,4.28005552292,3.25
18,1,66,2.16818118095,1.75
18,1,66,1.60409963131,1.75
18,1,31,3.51028251648,3.75
18,1,31,3.76473093033,3.75
18,1,56,4.10100746155,3.25
18,1,56,3.95422530174,3.25
18,1,64,2.10277318954,2.25
18,1,64,2.77243876457,2.25
18,1,29,4.34728240967,3.75
18,1,29,4.28540802002,3.75
18,1,54,1.01738345623,1.25
18,1,54,1.91420674324,1.25
18,1,27,4.1888923645,3.75
18,1,27,4.30040073395,3.75
18,1,25,4.67815208435,3.0
18,1,25,4.53615379333,3.0
18,1,50,1.63620948792,2.25
18,1,50,2.06057453156,2.25
18,1,23,4.5216050148,2.5
18,1,23,4.415995121,2.5
18,1,48,2.45845675468,1.75
18,1,48,3.33315491676,1.75
18,1,95,4.00656700134,4.25
18,1,95,4.22918224335,4.25
18,1,21,1.57775640488,2.5
18,1,21,3.05957055092,2.5
18,1,46,2.31540584564,2.25
18,1,46,2.8981654644,2.25
18,1,93,2.12238526344,2.0
18,1,93,2.36252856255,2.0
18,1,19,-2.42596483231,2.75
18,1,19,0.652798295021,2.75
18,1,44,4.46890449524,2.5
18,1,44,4.34469366074,2.5
18,1,91,2.09613251686,2.5
18,1,91,2.61266350746,2.5
18,1,17,3.36313509941,3.0
18,1,17,3.6494717598,3.0
18,1,42,3.70675611496,2.5
18,1,42,3.76770353317,2.5
18,1,89,3.45349478722,2.25
18,1,89,3.66832637787,2.25
18,1,40,2.44393610954,4.0
18,1,40,2.81747508049,4.0
18,1,87,4.17289590836,3.25
18,1,87,4.26785087585,3.25
18,1,112,3.35484409332,1.25
18,1,112,3.61260581017,1.25
18,1,38,4.24229097366,3.5
18,1,38,4.29779100418,3.5
18,1,85,0.293901771307,4.0
18,1,85,2.30000925064,4.0
18,1,110,3.99732470512,1.75
18,1,110,4.10430002213,1.75
18,1,11,2.04729223251,5.75
18,1,11,3.06342411041,5.75
18,1,36,3.5091407299,2.25
18,1,36,3.44099211693,2.25
18,1,83,0.215128868818,3.75
18,1,83,2.14528465271,3.75
18,1,108,3.07681012154,2.5
18,1,108,3.1561164856,2.5
18,1,9,-1.49339187145,2.0
18,1,9,0.436577290297,2.0
18,1,34,3.22320652008,2.25
18,1,34,3.47566175461,2.25
18,1,81,3.61226081848,3.75
18,1,81,3.42788267136,3.75
18,1,106,3.38303017616,1.25
18,1,106,3.42346978188,1.25
18,1,7,3.10458374023,2.5
18,1,7,2.26134300232,2.5
18,1,32,1.26117813587,1.25
18,1,32,3.08260941505,1.25
18,1,79,-0.334324806929,2.25
18,1,79,1.53786313534,2.25
18,1,104,3.00338053703,3.25
18,1,104,3.26785731316,3.25
18,1,5,1.76755833626,1.5
18,1,5,2.73347473145,1.5
18,1,77,1.50466942787,1.0
18,1,77,2.21609067917,1.0
18,1,102,2.36232662201,2.25
18,1,102,3.19287991524,2.25
18,1,3,0.939096689224,2.25
18,1,3,1.60851430893,2.25
18,1,75,-3.04529571533,1.0
18,1,75,-1.79267597198,1.0
18,1,100,1.84202694893,3.75
18,1,100,2.85545754433,3.75
18,1,73,-1.15783298016,2.0
18,1,73,1.3357373476,2.0
18,1,98,3.43260264397,2.25
18,1,98,2.95143866539,2.25
18,1,96,3.31180429459,2.5
18,1,96,3.3934340477,2.5
18,1,61,2.69329786301,3.25
18,1,61,3.21479177475,3.25
18,1,69,1.7258399725,1.0
18,1,69,2.32059311867,1.0
18,1,30,2.96883201599,2.75
18,1,30,3.56039738655,2.75
18,1,59,3.47149538994,1.66667
18,1,59,3.58071660995,1.66667
18,1,67,2.7073071003,1.0
18,1,67,2.45058870316,1.0
18,1,28,4.24925518036,3.25
18,1,28,3.9754178524,3.25
18,1,65,2.74874567986,1.0
18,1,65,3.48861789703,1.0
18,1,26,4.31277894974,2.75
18,1,26,4.428358078,2.75
18,1,55,2.25443530083,1.75
18,1,55,2.76106572151,1.75
18,1,24,4.46088457108,3.25
18,1,24,4.56186389923,3.25
18,1,53,2.85110116005,3.25
18,1,53,3.57807564735,3.25
18,1,22,4.28793001175,3.75
18,1,22,4.25187826157,3.75
18,1,51,-0.428261786699,1.25
18,1,51,2.54467535019,1.25
