3,1,1,4.0777,3.875
3,1,1,3.4057,3.875
3,1,2,3.6757,4.5
3,1,2,3.0767,4.5
3,1,3,3.8634,3.0
3,1,3,2.9090,3.0
3,1,4,3.7963,3.25
3,1,4,3.1568,3.25
3,1,5,3.6824,6.0
3,1,5,3.1360,6.0
3,1,6,3.5414,4.5
3,1,6,3.0393,4.5
3,1,7,3.7555,4.75
3,1,7,3.6400,4.75
3,1,8,3.6650,3.5
3,1,8,3.2378,3.5
3,1,10,3.4291,2.875
3,1,10,3.2342,2.875
3,1,14,3.5773,3.75
3,1,14,3.8610,3.75
3,1,15,3.8289,5.0
3,1,15,3.1434,5.0
3,1,16,3.5930,4.75
3,1,16,3.1785,4.75
3,1,17,3.5989,5.0
3,1,17,3.1869,5.0
3,1,18,3.5741,3.75
3,1,18,3.3186,3.75
3,1,20,3.7066,2.5
3,1,20,3.2600,2.5
3,1,21,3.6701,4.5
3,1,21,3.3545,4.5
3,1,22,3.8125,4.83333
3,1,22,3.4339,4.83333
3,1,24,3.7319,4.5
3,1,24,3.1386,4.5
3,1,25,3.9587,5.5
3,1,25,3.3488,5.5
3,1,26,3.6079,4.0
3,1,26,3.3875,4.0
3,1,27,3.8915,5.25
3,1,27,3.2732,5.25
3,1,28,3.5085,4.75
3,1,28,3.4097,4.75
3,1,29,3.6498,1.25
3,1,29,3.5885,1.25
3,1,30,3.4661,4.5
3,1,30,3.2341,4.5
3,1,33,3.4587,3.0
3,1,33,3.0366,3.0
3,1,34,3.5274,4.125
3,1,34,3.3510,4.125
3,1,35,3.5749,4.375
3,1,35,3.2835,4.375
3,1,40,3.7636,5.0
3,1,40,3.5247,5.0
3,1,43,3.1774,4.0
3,1,43,3.5106,4.0
3,1,44,3.4882,3.0
3,1,44,2.8590,3.0
3,1,45,3.5066,4.25
3,1,45,3.0038,4.25
3,1,46,3.3911,5.0
3,1,46,3.1113,5.0
3,1,47,3.3047,4.25
3,1,47,2.9874,4.25
3,1,48,3.6954,2.5
3,1,48,2.9291,2.5
3,1,49,3.5518,5.0
3,1,49,2.9682,5.0
3,1,50,3.6446,4.66667
3,1,50,3.0752,4.66667
3,1,51,3.5191,4.5
3,1,51,3.0843,4.5
3,1,52,3.4539,3.5
3,1,52,3.0435,3.5
3,1,55,3.8534,3.25
3,1,55,3.7669,3.25
3,1,56,3.6709,4.0
3,1,56,3.6280,4.0
3,1,57,3.4767,4.875
3,1,57,3.6732,4.875
3,1,58,3.8186,4.5
3,1,58,3.6344,4.5
3,1,59,3.6820,5.5
3,1,59,3.1993,5.5
3,1,60,3.6259,5.5
3,1,60,3.7784,5.5
3,1,61,3.6292,5.5
3,1,61,3.7582,5.5
3,1,62,3.5544,4.375
3,1,62,3.4354,4.375
3,1,63,3.5508,4.75
3,1,63,3.1428,4.75
3,1,64,3.3359,5.75
3,1,64,3.7112,5.75
3,1,65,3.3683,6.25
3,1,65,3.7900,6.25
3,1,66,3.5916,3.0
3,1,66,2.8140,3.0
3,1,70,3.6413,2.75
3,1,70,3.0027,2.75
3,1,71,3.4872,2.0
3,1,71,2.9669,2.0
3,1,73,3.2459,3.0
3,1,73,3.1643,3.0
3,1,74,3.8860,4.0
3,1,74,3.1069,4.0
3,1,75,3.9081,4.0
3,1,75,2.8769,4.0
3,1,78,3.7332,5.25
3,1,78,3.0589,5.25
3,1,79,3.6291,5.25
3,1,79,3.2486,5.25
3,1,80,3.6989,2.75
3,1,80,3.2733,2.75
3,1,81,3.7283,2.75
3,1,81,2.6814,2.75
3,1,82,3.6264,3.0
3,1,82,3.1658,3.0
3,1,83,3.6282,4.5
3,1,83,3.1565,4.5
3,1,84,3.6112,3.75
3,1,84,3.0915,3.75
3,1,85,3.6290,2.0
3,1,85,2.9308,2.0
3,1,86,3.3617,4.25
3,1,86,2.9190,4.25
3,1,87,3.6315,4.25
3,1,87,3.1658,4.25
3,1,88,3.8211,4.0
3,1,88,3.2152,4.0
3,1,89,3.7868,4.25
3,1,89,3.1171,4.25
3,1,90,3.7913,3.75
3,1,90,2.4281,3.75
3,1,91,3.5985,4.0
3,1,91,3.0193,4.0
3,1,92,3.4649,3.5
3,1,92,3.0870,3.5
3,1,93,3.5440,3.25
3,1,93,3.2861,3.25
3,1,94,3.5593,3.25
3,1,94,2.9377,3.25
3,1,95,3.5890,3.75
3,1,95,3.3178,3.75
3,1,96,3.7806,3.875
3,1,96,3.2959,3.875
3,1,97,3.3157,1.25
3,1,97,2.9624,1.25
3,1,98,3.5208,1.75
3,1,98,3.4408,1.75
3,1,99,3.7414,1.5
3,1,99,2.9290,1.5
3,1,100,3.5207,2.375
3,1,100,3.2778,2.375
3,1,101,3.8343,4.375
3,1,101,3.5610,4.375
3,1,102,3.7931,5.25
3,1,102,3.0653,5.25
3,1,103,3.7031,1.5
3,1,103,3.0999,1.5
3,1,104,3.7119,3.5
3,1,104,3.1993,3.5
3,1,105,3.4610,1.25
3,1,105,3.1107,1.25
3,1,106,3.7072,2.75
3,1,106,3.3826,1.875
3,2,2,4.3785,1.875
3,2,2,3.1125,3.25
3,2,5,4.3604,3.25
3,2,5,2.8302,5.25
3,2,6,4.4927,5.25
3,2,6,3.1927,6.0
3,2,7,4.4083,6.0
3,2,7,3.1772,6.0
3,2,8,4.4429,6.0
3,2,8,3.0575,4.5
3,2,9,4.3218,4.5
3,2,9,3.0136,4.0
3,2,10,4.4362,4.0
3,2,10,3.0135,4.125
3,2,11,4.3190,4.125
3,2,11,3.0358,5.25
3,2,12,4.0882,5.25
3,2,12,3.1433,5.0
3,2,13,4.4176,5.0
3,2,13,3.2715,3.75
3,2,14,4.1737,3.75
3,2,14,2.5725,2.5
3,2,26,3.9512,2.5
3,2,26,2.6514,4.0
3,2,27,4.0746,4.0
3,2,27,2.3738,4.0
3,2,28,3.5155,4.0
3,2,28,2.6866,4.0
3,2,29,3.7152,4.0
3,2,29,2.6417,3.625
3,2,30,3.7101,3.625
3,2,30,2.8221,3.25
3,2,31,3.7161,3.25
3,2,31,2.4452,3.25
3,2,32,3.6573,3.25
3,2,32,2.3398,3.5
3,2,34,3.7810,3.5
3,2,34,2.3075,3.875
3,2,35,3.7575,3.875
3,2,35,2.6569,2.75
3,2,36,3.4981,2.75
3,2,36,2.6971,2.25
3,2,37,3.9957,2.25
3,2,37,2.2503,3.25
3,2,38,3.8148,3.25
3,2,38,2.1675,4.25
3,2,39,3.6370,4.25
3,2,39,2.1288,2.75
3,2,40,3.7877,2.75
3,2,40,2.2663,3.5
3,2,41,3.8047,3.5
3,2,41,2.6654,2.5
3,2,42,3.7115,2.5
3,2,42,2.4070,4.0
3,2,43,3.7628,4.0
3,2,43,2.5181,5.0
3,2,44,3.7068,5.0
3,2,44,2.6605,3.25
3,2,45,3.9105,3.25
3,2,45,2.5642,4.5
3,2,46,3.7021,4.5
3,2,46,2.5723,3.875
3,2,47,3.6769,3.875
3,2,47,3.0014,4.25
3,2,48,4.0739,4.25
3,2,48,2.3589,3.75
3,2,50,3.8010,3.75
3,2,50,2.4939,4.0
3,2,51,3.8303,4.0
3,2,51,2.5834,1.5
3,2,52,3.6034,1.5
3,2,52,2.7341,4.5
3,2,53,3.9584,4.5
3,2,53,2.1130,3.33333
3,2,55,3.9355,3.33333
3,2,55,2.2005,4.25
3,2,56,3.5330,4.25
3,2,56,2.7664,2.25
3,2,59,4.4802,2.25
3,2,59,3.4947,3.75
3,2,60,4.8320,3.75
3,2,60,3.5854,4.375
3,2,61,4.2393,4.375
3,2,61,3.3403,5.25
3,2,62,4.2860,5.25
3,2,62,3.5096,1.25
3,2,63,4.5754,1.25
3,2,63,3.4512,2.375
3,2,64,4.5414,2.375
3,2,64,3.1675,3.75
3,2,66,4.0366,3.75
3,2,66,3.2562,5.25
3,2,67,4.3138,5.25
3,2,67,3.7053,5.5
3,2,68,4.0954,5.5
3,2,68,3.7654,1.25
3,2,69,4.4121,1.25
3,2,69,3.7782,3.66667
3,2,70,4.2521,3.66667
3,2,70,2.9530,2.375
3,2,71,4.3068,2.375
3,2,71,3.1792,3.75
3,2,73,4.0372,3.75
3,2,73,2.5861,2.75
3,2,78,3.5756,2.75
3,2,78,3.0630,3.75
3,2,79,3.7910,3.75
3,2,79,2.9568,4.75
3,2,80,3.8390,4.75
3,2,80,2.8361,4.375
3,2,81,3.8677,4.375
3,2,81,2.9077,3.25
3,2,82,3.6849,3.25
3,2,82,2.8050,4.25
3,2,83,3.6872,4.25
3,2,83,2.6945,4.0
3,2,84,3.7570,4.0
3,2,84,2.8284,3.25
3,2,85,3.6197,3.25
3,2,85,2.5590,2.75
3,2,86,4.1235,2.75
3,2,86,2.6997,3.75
3,2,87,3.6279,3.75
3,2,87,2.6477,4.0
3,2,88,3.8058,4.0
3,2,88,2.7964,4.25
3,2,90,3.7345,4.25
3,2,90,3.0051,4.5
3,2,91,3.7800,4.5
3,2,91,2.6502,3.75
3,2,94,3.6506,3.75
3,2,94,2.4773,1.5
3,2,95,3.7772,1.5
3,2,95,2.3021,3.125
3,2,96,3.5651,3.125
3,2,96,2.8174,5.0
3,2,97,3.7373,5.0
3,2,97,2.7301,4.5
3,2,98,3.7543,4.5
3,2,98,2.5571,2.625
3,2,99,3.7986,2.625
3,2,99,2.9647,1.25
3,2,100,3.8402,1.25
3,2,100,2.5223,3.125
3,2,101,4.0262,3.125
3,2,101,2.7338,2.0
3,2,102,4.0034,2.0
3,2,102,2.6591,4.0
3,2,103,4.4860,4.0
3,2,103,2.3292,3.5
3,2,104,3.7719,3.5
3,2,104,2.8812,3.5
3,2,105,3.6144,3.5
3,2,105,2.8014,3.875
3,2,106,3.5984,3.875
3,2,106,2.8352,4.625
3,2,107,3.7502,4.625
3,2,107,2.7830,4.0
3,2,108,3.5709,4.0
3,2,108,2.3696,4.25
3,2,110,3.8032,4.25
3,2,110,2.4712,3.5
3,2,111,3.7213,3.5
3,2,111,2.3197,3.0
4,1,23,3.8282,1.0
4,1,23,3.5702,1.0
4,1,30,3.6977,1.125
4,1,30,2.9301,1.125
4,1,31,3.4761,2.25
4,1,31,3.0510,2.25
4,1,32,3.7215,1.5
4,1,32,3.0866,1.5
4,1,33,3.4642,1.5
4,1,33,3.0114,1.5
4,1,34,3.6214,1.5
4,1,34,2.9569,1.5
4,1,35,3.8766,1.75
4,1,35,3.1249,1.75
4,1,36,3.2516,0.875
4,1,36,2.9090,0.875
4,1,37,3.4524,2.25
4,1,37,2.7625,2.25
4,1,38,3.6563,2.5
4,1,38,2.9346,2.5
4,1,39,3.5618,2.5
4,1,39,2.8318,2.5
4,1,40,3.8352,4.0
4,1,40,2.6159,4.0
4,1,41,3.5771,2.5
4,1,41,2.7086,2.5
4,1,42,3.8166,1.75
4,1,42,3.0697,1.75
4,1,45,3.9494,2.125
4,1,45,2.6450,2.125
4,1,46,3.7049,3.75
4,1,46,2.6561,3.75
4,1,48,3.6880,1.5
4,1,48,2.6683,1.5
4,1,49,3.5483,4.25
4,1,49,2.7353,4.25
4,1,50,3.6791,2.0
4,1,50,2.3944,2.0
4,1,51,3.3448,2.75
4,1,51,2.8036,2.75
4,1,52,4.1548,3.25
4,1,52,2.3315,3.25
4,1,54,3.9393,3.375
4,1,54,2.7273,3.375
4,1,55,4.0337,2.5
4,1,55,2.5803,2.5
4,1,56,3.8726,2.0
4,1,56,2.2103,2.0
4,1,57,3.2840,2.75
4,1,57,2.5256,2.75
4,1,58,3.4826,2.25
4,1,58,2.4310,2.25
4,1,59,3.8793,1.875
4,1,59,2.5440,1.875
4,1,63,3.8309,1.0
4,1,63,2.3021,1.0
4,1,64,3.8914,3.5
4,1,64,2.3601,3.5
4,1,65,3.4047,4.75
4,1,65,2.3553,4.75
4,1,66,3.3999,1.0
4,1,66,2.3905,1.0
4,1,67,3.2255,1.75
4,1,67,2.5982,1.75
4,1,68,3.4418,5.5
4,1,68,2.5265,5.5
4,1,69,3.2655,5.5
4,1,69,2.7448,5.5
4,1,70,3.9003,5.25
4,1,70,2.6347,5.25
4,1,71,3.5757,2.125
4,1,71,2.7762,2.125
4,1,72,3.6329,2.375
4,1,72,2.6870,2.375
4,1,73,3.1758,4.25
4,1,73,2.6051,4.25
4,1,74,3.7871,3.5
4,1,74,2.5699,3.5
4,1,75,3.5152,4.75
4,1,75,2.6498,4.75
4,1,77,3.9950,2.625
4,1,77,2.4210,2.625
4,1,99,3.9491,2.375
4,1,99,2.2952,2.375
4,1,102,3.7337,1.5
4,1,102,2.8511,1.5
4,1,104,3.6498,1.25
4,1,104,3.2098,1.25
4,1,105,4.3661,3.625
4,1,105,2.9167,3.625
4,1,110,3.8746,4.0
4,1,110,2.3568,4.0
4,1,111,3.8766,3.5
4,1,111,2.4335,3.5
4,1,112,3.8200,1.0
7,1,1,4.3316,3.5
7,1,1,3.4150,3.5
7,1,2,4.4554,5.5
7,1,2,3.2838,5.5
7,1,3,4.3150,4.75
7,1,3,3.1650,4.75
7,1,4,4.8723,3.25
7,1,4,3.3239,3.25
7,1,5,4.8499,4.75
7,1,5,2.9914,4.75
7,1,7,3.7542,2.25
7,1,7,2.9427,2.25
7,1,8,3.8574,4.5
7,1,8,2.9621,4.5
7,1,9,3.5836,2.0
7,1,9,2.9474,2.0
7,1,10,3.3749,2.75
7,1,10,2.9799,2.75
7,1,11,4.0191,1.75
7,1,11,3.4638,1.75
7,1,12,3.3961,5.0
7,1,12,2.7125,5.0
7,1,13,3.9571,3.0
7,1,13,2.9989,3.0
7,1,14,4.1284,1.75
7,1,14,3.3242,1.75
7,1,18,4.7487,6.0
7,1,18,3.6394,6.0
7,1,19,4.0849,4.75
7,1,19,3.7778,4.75
7,1,20,4.2495,5.25
7,1,20,3.3469,5.25
7,1,22,4.2589,3.75
7,1,22,3.9889,3.75
7,1,23,4.3167,4.0
7,1,23,3.2038,4.0
7,1,24,4.0774,5.0
7,1,24,3.7226,5.0
7,1,25,4.6621,4.5
7,1,25,3.7226,4.5
7,1,26,4.3747,3.0
7,1,26,3.2318,3.0
7,1,27,4.4017,4.25
7,1,27,3.8596,4.25
7,1,28,4.4864,5.25
7,1,28,3.8855,5.25
7,1,29,4.2984,4.25
7,1,29,3.9484,4.25
7,1,30,4.5004,3.0
7,1,30,3.6022,3.0
7,1,31,4.0379,4.5
7,1,31,3.8795,4.5
7,1,32,4.4632,3.75
7,1,32,3.7012,3.75
7,1,33,4.6687,4.75
7,1,33,3.3574,4.75
7,1,34,3.9904,5.5
7,1,34,3.8287,5.5
7,1,35,4.4520,6.0
7,1,35,3.2804,6.0
7,1,36,4.5440,4.25
7,1,36,3.7112,4.25
7,1,37,4.3836,4.25
7,1,37,3.7109,4.25
7,1,38,3.9648,3.5
7,1,38,3.0472,3.5
7,1,39,4.2849,5.5
7,1,39,3.0361,5.5
7,1,40,4.4375,5.5
7,1,40,3.8584,5.5
7,1,41,4.4386,4.75
7,1,41,3.1374,4.75
7,1,42,4.2947,3.0
7,1,42,3.8509,3.0
7,1,43,4.0530,3.5
7,1,43,3.7307,3.5
7,1,44,4.1437,6.25
7,1,44,2.8773,6.25
7,1,45,4.0384,4.5
7,1,45,3.3589,4.5
7,1,46,4.1905,4.0
7,1,46,3.4560,4.0
7,1,47,4.0737,4.5
7,1,47,3.4966,4.5
7,1,48,3.9592,1.5
7,1,48,3.3053,1.5
7,1,49,4.2348,4.5
7,1,49,3.4571,4.5
7,1,50,4.5769,5.0
7,1,50,3.9885,5.0
7,1,51,4.6136,3.5
7,1,51,3.4563,3.5
7,1,52,3.4489,0.75
7,1,52,3.2583,0.75
7,1,53,4.4382,5.5
7,1,53,3.6653,5.5
7,1,55,3.3696,2.5
7,1,55,3.0358,2.5
7,1,57,4.1727,4.25
7,1,57,2.9431,4.25
7,1,58,3.6910,6.0
7,1,58,2.9672,6.0
7,1,59,3.8883,5.25
7,1,59,2.7804,5.25
7,1,60,4.0693,3.25
7,1,60,2.7702,3.25
7,1,61,4.1116,5.0
7,1,61,3.2468,5.0
7,1,62,4.0264,4.5
7,1,62,3.0871,4.5
7,1,63,3.7103,5.5
7,1,63,3.1434,5.5
7,1,64,3.2844,5.0
7,1,64,2.7061,5.0
7,1,65,3.5099,5.25
7,1,65,2.4056,5.25
7,1,66,3.8237,4.25
7,1,66,2.7530,4.25
7,1,67,3.5040,4.75
7,1,67,2.9698,4.75
7,1,68,3.9386,4.25
7,1,68,3.0121,4.25
7,1,69,3.4789,5.5
7,1,69,3.0684,5.5
7,1,70,4.1279,5.5
7,1,70,3.1727,5.5
7,1,71,3.9760,4.75
7,1,71,3.3448,4.75
7,1,72,3.5157,2.0
7,1,72,2.9729,2.0
7,1,73,3.7070,1.0
7,1,73,2.8287,1.0
7,1,74,3.4919,4.25
7,1,74,3.3305,4.25
7,1,75,3.5539,4.75
7,1,75,2.9866,4.75
7,1,76,3.9385,2.75
7,1,76,3.4868,2.75
7,1,78,3.9205,4.0
7,1,78,3.2640,4.0
7,1,79,3.5320,3.0
7,1,79,2.8345,3.0
7,1,80,3.5906,2.0
7,1,80,3.0096,2.0
7,1,81,4.2925,4.0
7,1,81,3.0415,4.0
7,1,82,4.0232,5.25
7,1,82,3.0242,5.25
7,1,83,4.3889,4.75
7,1,83,3.1133,4.75
7,1,84,3.1435,4.75
7,1,84,3.2379,4.75
7,1,86,4.0474,3.25
7,1,86,3.0929,3.25
7,1,88,4.3088,6.5
7,1,88,3.2391,6.5
7,1,90,4.5344,4.0
7,1,90,3.0267,4.0
7,1,92,3.5086,5.75
7,1,92,3.6195,5.75
7,1,93,4.5685,4.25
7,1,93,2.8475,4.25
7,1,94,4.2262,3.0
7,1,94,3.0430,3.0
7,1,95,4.6976,4.75
7,1,95,3.4747,4.75
7,1,96,4.7514,5.5
7,1,96,3.0806,5.5
7,1,97,3.7371,5.5
7,1,97,2.8010,5.5
7,1,98,4.2674,3.25
7,1,98,3.3350,3.25
7,1,101,3.8055,4.0
7,1,101,3.2173,4.0
7,1,102,4.4366,4.25
7,1,102,2.8243,4.25
7,1,103,4.1045,3.25
7,1,103,3.0241,3.25
7,1,104,3.7163,4.75
7,1,104,2.8858,4.75
7,1,105,4.0931,4.75
7,1,105,2.8843,4.75
7,1,106,3.3873,4.75
7,1,106,3.0902,4.75
7,1,109,3.4391,6.25
7,1,109,4.0100,4.25
7,2,1,3.4792,4.25
7,2,1,3.9866,2.75
7,2,2,3.3187,2.75
7,2,2,3.8631,5.75
7,2,3,3.6911,5.75
7,2,3,4.1997,3.0
7,2,4,4.2620,3.0
7,2,4,3.5953,3.25
7,2,5,4.1126,3.25
7,2,5,4.0302,4.0
7,2,6,3.9534,4.0
7,2,6,3.9295,5.0
7,2,7,4.2912,5.0
7,2,7,4.0758,4.0
7,2,8,4.1569,4.0
7,2,8,3.8314,4.0
7,2,9,3.7896,4.0
7,2,9,4.1792,4.0
7,2,10,4.1329,4.0
7,2,10,3.2996,2.75
7,2,11,3.6678,2.75
7,2,11,3.4672,4.25
7,2,12,3.3937,4.25
7,2,12,3.8873,4.75
7,2,13,3.4109,4.75
7,2,13,4.1051,5.5
7,2,14,4.2785,5.5
7,2,14,3.7672,5.0
7,2,16,3.9233,5.0
7,2,16,3.6217,6.0
7,2,17,3.5679,6.0
7,2,17,3.7161,3.5
7,2,18,4.9698,3.5
7,2,18,3.5505,4.5
7,2,19,3.9650,4.5
7,2,19,3.7796,5.5
7,2,20,3.2681,5.5
7,2,20,3.7580,1.5
7,2,21,3.7080,1.5
7,2,21,3.5305,3.0
7,2,22,3.8693,3.0
7,2,22,3.4088,1.75
7,2,23,4.3341,1.75
7,2,23,3.5350,3.75
7,2,24,3.6877,3.75
7,2,24,3.8100,4.75
7,2,25,3.8772,4.75
7,2,25,3.7240,4.25
7,2,26,4.3847,4.25
7,2,26,3.6757,4.25
7,2,27,4.4369,4.25
7,2,27,3.4913,5.75
7,2,28,3.8543,5.75
7,2,28,3.4973,1.75
7,2,29,3.9032,1.75
7,2,29,3.6663,3.0
7,2,30,3.5527,3.0
7,2,30,3.6675,3.75
7,2,31,3.8503,3.75
7,2,31,3.5585,4.5
7,2,32,3.5129,4.5
7,2,32,3.2893,1.5
7,2,33,3.8432,1.5
7,2,33,3.0146,4.25
7,2,34,3.9009,4.25
7,2,34,3.4035,3.5
7,2,35,3.6880,3.5
7,2,35,3.8666,2.5
7,2,36,3.5031,2.5
7,2,36,3.4434,3.5
7,2,37,4.0003,3.5
7,2,37,3.8840,5.25
7,2,38,3.2401,5.25
7,2,38,3.6981,4.0
7,2,39,3.5802,4.0
7,2,39,3.0745,5.25
7,2,40,3.7014,5.25
7,2,40,3.4340,3.0
7,2,42,3.4432,3.0
7,2,42,3.2710,2.75
7,2,43,3.6354,2.75
7,2,43,3.8320,4.5
7,2,44,3.6091,4.5
7,2,44,3.6753,2.5
7,2,45,3.1825,2.5
7,2,45,3.7088,4.75
7,2,46,3.6186,4.75
7,2,46,3.6130,4.0
7,2,47,3.8141,4.0
7,2,47,3.8078,3.75
7,2,48,3.7385,3.75
7,2,48,3.3458,4.0
7,2,49,3.4287,4.0
7,2,49,3.3540,4.25
7,2,50,3.5541,4.25
7,2,50,3.4492,4.75
7,2,51,3.6595,4.75
7,2,51,3.6638,3.25
7,2,52,3.7479,3.25
7,2,52,3.6322,5.0
7,2,53,3.2952,5.0
7,2,53,3.6483,4.0
7,2,55,3.4031,4.0
7,2,55,3.7946,4.75
7,2,56,3.6028,4.75
7,2,56,3.3187,1.5
7,2,57,3.5277,1.5
7,2,57,3.5636,4.0
7,2,58,3.3159,4.0
7,2,58,3.0110,4.0
7,2,60,3.3089,4.0
7,2,60,3.1556,5.5
7,2,61,3.0511,5.5
7,2,61,3.6280,5.25
7,2,63,2.9780,5.25
7,2,63,3.6691,3.25
7,2,64,4.0504,3.25
7,2,64,3.6569,5.0
7,2,65,3.6105,5.0
7,2,65,3.4250,5.5
7,2,66,3.1426,5.5
7,2,66,3.6070,6.5
7,2,68,3.1529,6.5
7,2,68,3.7925,4.25
7,2,69,3.4664,4.25
7,2,69,3.6053,3.25
7,2,70,3.5273,3.25
7,2,70,3.7689,4.0
7,2,71,3.0778,4.0
7,2,71,3.7206,4.25
7,2,72,3.8694,4.25
7,2,72,3.4811,3.25
7,2,73,3.3513,3.25
7,2,73,3.6960,2.5
7,2,74,3.4005,2.5
7,2,74,3.7265,3.5
7,2,75,3.0648,3.5
7,2,75,3.9740,4.5
7,2,76,3.3231,4.5
7,2,76,3.6002,4.25
7,2,77,2.8885,4.25
7,2,77,3.3901,5.0
7,2,78,3.0976,5.0
7,2,78,3.9436,4.0
7,2,80,3.5428,4.0
7,2,80,4.0474,3.25
7,2,82,3.5509,3.25
7,2,82,3.5097,5.0
7,2,83,3.5133,5.0
7,2,83,4.0780,3.75
7,2,84,3.3120,3.75
7,2,84,3.7810,2.5
7,2,85,3.5911,2.5
7,2,85,3.1158,2.5
7,2,86,3.4664,2.5
7,2,86,3.6730,4.5
7,2,87,3.3628,4.5
7,2,87,3.7374,5.0
7,2,88,3.5032,5.0
7,2,88,3.4371,3.0
7,2,89,3.7130,3.0
7,2,89,3.4905,4.0
7,2,90,3.4250,4.0
7,2,90,3.7315,3.75
7,2,91,3.3648,3.75
7,2,91,3.5498,4.66667
7,2,92,3.8508,4.66667
7,2,92,3.9001,4.75
7,2,93,3.6738,4.75
7,2,93,2.8657,3.25
7,2,94,3.1212,3.25
7,2,94,3.7758,2.5
7,2,95,3.2302,2.5
7,2,95,3.5468,3.5
7,2,96,3.4813,3.5
7,2,96,3.6359,3.0
7,2,97,3.2289,3.0
7,2,97,3.9189,3.75
7,2,98,3.7534,3.75
7,2,98,3.9247,4.25
7,2,99,3.6732,4.25
7,2,99,3.4602,1.75
7,2,100,3.3868,1.75
7,2,100,3.6628,5.25
7,2,102,3.4116,5.25
7,2,102,3.6501,4.25
7,2,103,3.8091,4.25
7,2,103,3.5360,3.5
7,2,104,3.2809,3.5
7,2,104,3.5475,3.0
7,2,105,3.5531,3.0
7,2,105,3.8340,6.25
7,2,106,3.5594,6.25
7,2,106,3.6149,4.5
7,2,107,3.0210,4.5
7,2,107,3.5101,5.5
7,2,108,3.4766,5.5
7,2,108,2.9064,5.25
7,2,109,2.8461,5.25
7,2,109,3.6921,4.75
8,1,9,2.8291,2.0
8,1,9,2.0858,2.0
8,1,10,3.1517,1.75
8,1,10,2.7511,1.75
8,1,16,3.9065,2.75
8,1,16,2.0135,2.75
8,1,17,4.3824,3.25
8,1,17,2.8179,3.25
8,1,18,3.9169,3.75
8,1,18,2.8228,3.75
8,1,20,4.1060,2.5
8,1,20,2.0342,2.5
8,1,21,4.0671,1.75
8,1,21,2.4533,1.75
8,1,22,3.9005,3.5
8,1,22,2.7283,3.5
8,1,27,3.4853,2.0
8,1,27,2.5645,2.0
8,1,30,4.3163,2.5
8,1,30,3.0126,2.5
8,1,54,3.6648,3.0
8,1,54,3.4581,3.0
8,1,58,3.8510,1.0
8,1,58,2.4568,1.0
8,1,68,3.6154,1.5
8,1,68,2.2056,1.5
8,1,73,4.1944,2.75
8,1,73,2.4741,2.75
8,1,74,3.9346,2.5
8,1,74,2.7314,2.5
8,1,75,4.4129,3.0
8,1,75,2.7141,3.0
8,1,76,4.3266,1.0
8,1,76,2.3981,1.0
8,1,77,4.3691,3.25
8,1,77,2.5845,3.25
8,1,78,4.2528,2.75
8,1,78,3.0367,2.75
8,1,79,4.6022,2.0
8,1,79,3.0855,2.0
8,1,80,4.3515,1.75
8,1,80,2.6459,1.75
8,1,81,4.3109,2.25
8,1,81,2.4954,2.25
8,1,82,3.7737,1.75
8,1,82,2.4955,1.75
8,1,85,4.4343,2.0
8,1,85,1.9546,2.0
8,1,88,4.1958,2.25
8,1,88,2.2387,2.25
8,1,89,4.0617,3.5
8,1,89,2.1195,3.25
8,2,4,3.0199,3.25
8,2,4,1.7995,3.75
8,2,5,3.1663,3.75
8,2,5,2.4982,1.5
8,2,7,2.9489,1.5
8,2,7,2.3257,4.25
8,2,8,3.4091,4.25
8,2,8,2.3576,2.0
8,2,9,2.8152,2.0
8,2,9,2.2054,3.0
8,2,11,3.3063,3.0
8,2,11,2.2996,2.25
8,2,15,3.3985,2.25
8,2,15,2.5669,4.0
8,2,16,3.7323,4.0
8,2,16,2.8112,3.5
8,2,18,3.1900,3.5
8,2,18,2.0525,3.75
8,2,20,3.2911,3.75
8,2,20,2.0306,2.25
8,2,21,3.3305,2.25
8,2,21,1.7636,2.25
8,2,22,2.8567,2.25
8,2,22,1.7592,2.5
8,2,23,2.5115,2.5
8,2,23,2.8045,3.0
8,2,24,3.6282,3.0
8,2,24,2.5123,4.0
8,2,27,3.5027,4.0
8,2,27,1.8808,2.5
8,2,28,3.4999,2.5
8,2,28,2.5232,4.75
8,2,29,4.0259,4.75
8,2,29,1.7716,4.25
8,2,30,2.9240,4.25
8,2,30,2.0477,2.75
8,2,31,3.2426,2.75
8,2,31,1.6526,4.0
8,2,32,3.8000,4.0
8,2,32,1.5516,3.5
8,2,35,3.6546,3.5
8,2,35,1.9914,3.75
8,2,36,4.0409,3.75
8,2,36,2.0364,2.25
8,2,37,3.7387,2.25
8,2,37,1.9818,3.75
8,2,38,4.0023,3.75
8,2,38,2.0710,2.0
8,2,39,3.7359,2.0
8,2,39,1.9905,2.0
8,2,40,3.7004,2.0
8,2,40,1.9148,4.0
8,2,41,3.4867,4.0
8,2,41,2.1557,3.5
8,2,42,3.6203,3.5
8,2,42,1.9067,2.25
8,2,45,4.0169,2.25
8,2,45,2.1127,4.0
8,2,48,4.0394,4.0
8,2,48,2.2717,4.0
8,2,49,3.1851,4.0
8,2,49,1.8202,3.0
8,2,50,3.8121,3.0
8,2,50,2.4333,3.75
8,2,55,3.6711,3.75
8,2,55,2.2455,4.75
8,2,57,3.4276,4.75
8,2,57,2.4053,3.0
8,2,58,3.9853,3.0
8,2,58,2.6697,1.75
8,2,62,3.7023,1.75
8,2,62,2.4194,5.25
8,2,63,3.4578,5.25
8,2,63,2.0667,1.625
8,2,67,3.7166,1.625
8,2,67,2.4702,2.75
8,2,68,4.1222,2.75
8,2,68,2.3902,3.5
8,2,69,4.0718,3.5
8,2,69,2.5053,2.0
8,2,71,3.6239,2.0
8,2,71,2.4861,3.5
8,2,72,3.5883,3.5
8,2,72,2.3064,3.75
8,2,74,4.0267,3.75
8,2,74,2.2043,4.0
9,1,2,3.2185,5.25
9,1,2,4.5948,5.25
9,1,3,3.3514,4.75
9,1,3,4.7295,4.75
9,1,4,3.2568,5.0
9,1,4,4.7030,5.0
9,1,5,3.3887,5.75
9,1,5,4.9371,5.75
9,1,6,3.3480,3.5
9,1,6,4.2999,3.5
9,1,7,3.4455,4.25
9,1,7,4.5662,4.25
9,1,8,4.6116,4.5
9,1,8,4.5386,4.5
9,1,12,4.2460,4.75
9,1,12,3.9197,4.75
9,1,16,3.8617,1.5
9,1,16,4.6963,1.5
9,1,17,4.0678,4.25
9,1,17,4.7482,4.25
9,1,18,3.6758,3.5
9,1,18,4.7394,3.5
9,1,19,3.9980,3.25
9,1,19,4.5207,3.25
9,1,20,4.0322,4.0
9,1,20,4.8487,4.0
9,1,21,3.9104,4.5
9,1,21,4.7191,4.5
9,1,22,4.1777,3.0
9,1,22,4.7713,3.0
9,1,23,4.3746,4.5
9,1,23,4.1556,4.5
9,1,24,3.8817,3.5
9,1,24,3.8836,3.5
9,1,25,3.9654,3.5
9,1,25,4.4159,3.5
9,1,26,4.0232,4.5
9,1,26,3.5971,4.5
9,1,27,3.6981,3.75
9,1,27,4.0188,3.75
9,1,28,4.1162,2.75
9,1,28,4.5158,2.75
9,1,29,4.0330,2.5
9,1,29,4.6053,2.5
9,1,30,4.2372,3.0
9,1,30,4.7934,3.0
9,1,31,3.8707,3.5
9,1,31,4.5474,3.5
9,1,32,3.8537,2.75
9,1,32,4.5651,2.75
9,1,33,4.1915,3.75
9,1,33,4.3893,3.75
9,1,34,4.1542,3.25
9,1,34,3.7230,3.25
9,1,35,4.1667,3.5
9,1,35,4.6734,3.5
9,1,36,3.7952,3.5
9,1,36,4.6819,3.5
9,1,37,4.3559,4.5
9,1,37,4.6952,4.5
9,1,38,3.5984,3.5
9,1,38,4.1163,3.5
9,1,39,3.9026,2.75
9,1,39,4.6685,2.75
9,1,40,3.9235,2.25
9,1,40,4.6161,2.25
9,1,41,4.0248,3.0
9,1,41,4.6557,3.0
9,1,42,4.0132,4.0
9,1,42,4.4794,4.0
9,1,50,3.3996,3.5
9,1,50,4.6151,3.5
9,1,51,3.5529,3.5
9,1,51,4.5320,3.5
9,1,52,3.6596,2.75
9,1,52,4.6265,2.75
9,1,53,3.8192,3.0
9,1,53,4.1992,3.0
9,1,54,3.5970,2.75
9,1,54,4.1060,2.75
9,1,55,3.3893,3.5
9,1,55,4.2274,3.5
9,1,56,4.2143,3.75
9,1,56,4.0056,3.75
9,1,59,3.4896,2.75
9,1,59,3.8541,2.75
9,1,60,3.5115,4.0
9,1,60,4.3514,4.0
9,1,61,4.2133,3.5
9,1,61,3.5983,3.5
9,1,63,3.8583,3.25
9,1,63,3.4243,3.25
9,1,64,3.6947,4.25
9,1,64,3.8507,4.25
9,1,65,3.8655,2.0
9,1,65,3.8023,2.0
9,1,66,3.6482,4.75
9,1,66,4.1157,4.75
9,1,67,3.7280,4.25
9,1,67,3.7126,4.25
9,1,68,3.9472,3.5
9,1,68,4.3117,3.5
9,1,69,3.9805,5.5
9,1,69,4.5318,5.5
9,1,72,3.8387,3.75
9,1,72,4.0744,3.75
9,1,73,3.8117,3.25
9,1,73,4.4013,3.25
9,1,74,3.8145,3.0
9,1,74,4.4580,3.0
9,1,75,3.9873,2.5
9,1,75,4.3800,2.5
9,1,76,4.1748,4.0
9,1,76,4.5404,4.0
9,1,77,4.1405,3.25
9,1,77,4.2698,3.25
9,1,78,3.9093,3.5
9,1,78,4.3723,3.5
9,1,79,3.3982,4.0
9,1,79,4.3028,4.0
9,1,81,3.4255,2.25
9,1,81,4.5549,2.25
9,1,82,3.8303,4.0
9,1,82,4.3699,4.0
9,1,83,4.0278,4.25
9,1,83,4.5608,4.25
9,1,84,3.8463,3.0
9,1,84,4.0064,3.0
9,1,85,4.1591,4.75
9,1,85,4.1431,4.75
9,1,86,3.6141,4.0
9,1,86,4.4344,4.0
9,1,87,3.7584,3.25
9,1,87,4.1914,3.25
9,1,88,3.4200,3.25
9,1,88,4.4269,3.25
9,1,89,3.7692,2.75
9,1,89,4.0855,2.75
9,1,90,3.0145,2.75
9,1,90,4.2528,2.75
9,1,91,3.5434,3.75
9,1,91,4.3991,3.75
9,1,92,3.3792,4.0
9,1,92,4.2753,4.0
9,1,93,3.3023,3.25
9,1,93,4.3874,3.25
9,1,94,3.6093,3.0
9,1,94,4.2340,3.0
9,1,95,2.7926,4.25
9,1,95,4.4217,4.25
9,1,96,3.5596,4.25
9,1,96,3.7709,4.25
9,1,97,3.7693,3.5
9,1,97,4.3270,3.5
9,1,98,2.8029,2.25
9,1,98,3.8892,2.25
9,1,99,3.7504,3.0
9,1,99,4.3337,3.0
9,1,100,3.7389,4.25
9,1,100,4.1879,4.25
9,1,101,3.8347,2.25
9,1,101,4.3745,2.25
9,1,102,4.0215,3.75
9,1,102,3.9885,3.75
9,1,103,3.6803,2.25
9,1,103,4.3815,2.25
9,1,104,3.7818,3.0
9,1,104,3.9519,3.0
9,1,105,3.9438,3.75
9,1,105,4.4858,3.75
9,1,106,3.9463,4.0
9,1,106,3.9891,4.0
9,1,107,3.6818,4.25
9,1,107,4.4877,4.25
9,1,110,3.5233,4.25
9,1,110,4.7067,4.25
9,1,111,3.6780,3.0
9,1,111,4.3990,4.0
9,2,2,3.8027,4.0
9,2,2,3.9787,4.5
9,2,3,3.5794,4.5
9,2,3,4.1844,5.25
9,2,4,3.9669,5.25
9,2,4,3.6327,5.5
9,2,5,3.2292,5.5
9,2,5,2.9853,5.75
9,2,6,3.5902,5.75
9,2,6,3.9304,5.25
9,2,7,4.0378,5.25
9,2,7,3.9276,4.5
9,2,8,4.0090,4.5
9,2,8,4.4480,5.75
9,2,9,3.7085,5.75
9,2,9,4.6590,4.75
9,2,10,4.1395,4.75
9,2,10,4.6048,4.5
9,2,11,3.9451,4.5
9,2,11,4.2851,5.5
9,2,12,3.3441,5.5
9,2,12,3.5540,3.75
9,2,13,3.7905,3.75
9,2,13,3.2420,2.75
9,2,16,4.0799,2.75
9,2,16,3.4601,4.0
9,2,17,3.5989,4.0
9,2,17,3.3688,4.25
9,2,18,4.2846,4.25
9,2,18,3.4422,3.0
9,2,20,4.1990,3.0
9,2,20,3.9242,3.75
9,2,21,4.0838,3.75
9,2,21,3.7327,3.0
9,2,22,4.5034,3.0
9,2,22,3.6399,2.75
9,2,23,4.2066,2.75
9,2,23,3.8668,1.75
9,2,24,4.4494,1.75
9,2,24,3.9678,5.75
9,2,25,3.9732,5.75
9,2,25,3.7713,3.25
9,2,27,4.2674,3.25
9,2,27,3.8993,2.75
9,2,30,4.2330,2.75
9,2,30,3.6458,2.75
9,2,31,3.9826,2.75
9,2,31,3.9438,2.25
9,2,32,4.0349,2.25
9,2,32,3.5232,2.5
9,2,34,4.3078,2.5
9,2,34,3.6882,4.75
9,2,36,4.2684,4.75
9,2,36,3.6324,3.75
9,2,37,4.3139,3.75
9,2,37,3.2766,2.0
9,2,38,3.8156,2.0
9,2,38,3.6274,3.25
9,2,42,4.2357,3.25
9,2,42,4.0494,3.0
9,2,45,4.4516,3.0
9,2,45,4.1507,4.75
9,2,46,4.4115,4.75
9,2,46,3.6542,4.0
9,2,50,3.9595,4.0
9,2,50,2.2824,3.75
9,2,53,4.4476,3.75
9,2,53,3.8865,4.0
9,2,62,3.4050,4.0
9,2,62,3.0820,5.0
9,2,63,3.8436,5.0
9,2,63,3.0325,4.5
9,2,64,4.2704,4.5
9,2,64,3.8426,5.5
9,2,66,4.3093,5.5
9,2,66,4.6559,4.25
9,2,67,4.3342,4.25
9,2,67,3.5983,3.25
9,2,68,3.8419,3.25
9,2,68,4.3420,3.25
9,2,69,4.0347,3.25
9,2,69,4.4942,4.75
9,2,70,4.0539,4.75
9,2,70,4.2229,5.25
9,2,71,4.4070,5.25
9,2,71,3.2933,5.25
9,2,74,4.1944,5.25
9,2,74,3.5983,3.75
9,2,75,3.4008,3.75
9,2,75,3.6335,4.25
9,2,77,4.3392,4.25
9,2,77,3.7498,5.5
9,2,78,4.1719,5.5
9,2,78,3.1761,5.25
9,2,79,4.3881,5.25
9,2,79,3.6282,4.75
9,2,81,4.1619,4.75
9,2,81,3.8705,3.75
9,2,84,4.1354,3.75
9,2,84,4.3296,4.75
9,2,85,4.0534,4.75
9,2,85,3.8082,4.0
9,2,86,3.8456,4.0
9,2,86,3.8219,3.25
9,2,87,4.6778,3.25
9,2,87,3.7147,4.5
9,2,88,4.2839,4.5
9,2,88,4.0111,2.75
9,2,89,4.0350,2.75
9,2,89,3.7914,3.25
9,2,90,4.3162,3.25
9,2,90,3.5433,4.25
9,2,91,4.4735,4.25
9,2,91,3.6782,4.25
9,2,92,4.2950,4.25
9,2,92,3.7688,5.0
9,2,95,4.1794,5.0
9,2,95,3.8268,3.0
9,2,96,4.3457,3.0
9,2,96,3.7601,4.5
9,2,98,4.5720,4.5
9,2,98,4.3963,5.75
9,2,100,4.0251,5.75
9,2,100,3.5765,3.0
9,2,103,4.2329,3.0
9,2,103,3.5924,3.25
9,2,104,4.2234,3.25
9,2,104,3.8175,4.5
9,2,105,4.3046,4.5
9,2,105,3.6800,3.75
9,2,107,4.3260,3.75
9,2,107,3.2266,4.25
9,2,108,4.1775,4.25
9,2,108,3.5833,2.25
9,2,109,4.5877,2.25
9,2,109,4.2234,4.5
10,1,4,3.6191,5.5
10,1,4,5.1661,5.5
10,1,5,3.4662,5.0
10,1,5,5.0423,5.0
10,1,6,3.6687,5.0
10,1,6,4.7458,5.0
10,1,7,3.4262,5.5
10,1,7,5.0670,5.5
10,1,8,3.7006,6.25
10,1,8,4.4897,6.25
10,1,9,3.6412,5.5
10,1,9,4.8452,5.5
10,1,10,3.4887,5.0
10,1,10,5.2401,5.0
10,1,11,3.7737,4.0
10,1,11,5.0087,4.0
10,1,12,3.7286,4.5
10,1,12,4.7953,4.5
10,1,13,3.5722,4.25
10,1,13,4.8121,4.25
10,1,14,3.6071,3.75
10,1,14,5.3815,3.75
10,1,20,3.8948,5.0
10,1,20,4.5763,5.0
10,1,21,3.7563,5.25
10,1,21,4.4078,5.25
10,1,22,3.6193,4.5
10,1,22,4.6095,4.5
10,1,24,3.8338,4.75
10,1,24,4.2861,4.75
10,1,25,3.8575,4.5
10,1,25,4.4266,4.5
10,1,26,3.6095,2.375
10,1,26,4.6193,2.375
10,1,27,3.4891,4.25
10,1,27,4.6381,4.25
10,1,28,3.7459,4.75
10,1,28,4.8564,4.75
10,1,29,3.4932,4.5
10,1,29,4.5170,4.5
10,1,30,3.5662,5.5
10,1,30,4.5660,5.5
10,1,31,3.3659,4.75
10,1,31,4.3550,4.75
10,1,32,3.1857,3.75
10,1,32,4.4205,3.75
10,1,33,3.8020,4.5
10,1,33,4.7763,4.5
10,1,36,3.6375,4.75
10,1,36,5.1761,4.75
10,1,39,3.3755,4.0
10,1,39,4.8284,4.0
10,1,42,3.4913,5.25
10,1,42,4.5715,5.25
10,1,43,4.0308,4.5
10,1,43,4.8723,4.5
10,1,44,3.7094,4.5
10,1,44,4.4952,4.5
10,1,45,3.7539,2.875
10,1,45,4.4431,2.875
10,1,46,4.7591,5.0
10,1,46,4.7316,5.0
10,1,47,3.9225,5.25
10,1,47,4.7827,5.25
10,1,48,3.9560,5.0
10,1,48,5.4150,5.0
10,1,49,3.8014,4.0
10,1,49,4.6282,4.0
10,1,50,3.7798,5.25
10,1,50,4.3653,5.25
10,1,51,3.4966,5.5
10,1,51,4.7614,5.5
10,1,52,3.8229,5.0
10,1,52,4.1056,5.0
10,1,53,4.1018,5.25
10,1,53,4.5145,5.25
10,1,55,3.7859,5.25
10,1,55,4.8811,5.25
10,1,56,3.4885,4.5
10,1,56,4.5101,4.5
10,1,57,3.7066,1.5
10,1,57,5.0985,1.5
10,1,61,4.1459,4.0
10,1,61,5.0422,4.0
10,1,62,3.9943,3.75
10,1,62,5.3993,3.75
10,1,63,4.0175,4.25
10,1,63,5.1152,4.25
10,1,64,4.4725,5.0
10,1,64,5.0082,5.0
10,1,65,4.0410,5.75
10,1,65,4.9821,5.75
10,1,66,4.1354,6.0
10,1,66,5.0570,6.0
10,1,67,4.4203,5.25
10,1,67,5.2135,5.25
10,1,68,4.1211,3.75
10,1,68,4.9346,3.75
10,1,69,4.5456,4.5
10,1,69,5.1937,4.5
10,1,72,4.3708,3.0
10,1,72,4.5100,3.0
10,1,73,3.8127,4.25
10,1,73,4.3802,4.25
10,1,74,3.5877,4.75
10,1,74,4.3916,4.75
10,1,75,3.4371,4.5
10,1,75,4.0501,4.5
10,1,76,3.5011,4.75
10,1,76,4.0605,4.75
10,1,77,3.6832,4.5
10,1,77,4.4533,4.5
10,1,78,4.3980,5.5
10,1,78,4.3325,5.5
10,1,79,3.9985,4.5
10,1,79,5.1940,4.5
10,1,80,3.9170,5.0
10,1,80,4.4113,5.0
10,1,81,3.4354,4.25
10,1,81,3.7700,4.25
10,1,82,3.1815,4.5
10,1,82,4.2527,4.5
10,1,83,3.1735,3.0
10,1,83,4.3671,3.0
10,1,84,3.5388,2.75
10,1,84,4.3156,2.75
10,1,85,3.0550,4.75
10,1,85,4.8008,4.75
10,1,86,3.2728,4.0
10,1,86,4.6430,4.0
10,1,87,3.7864,4.75
10,1,87,4.2728,4.75
10,1,88,3.3541,5.5
10,1,88,4.4041,5.5
10,1,89,3.5077,5.25
10,1,89,4.7242,5.25
10,1,90,3.3826,3.75
10,1,90,4.6135,3.75
10,1,91,3.3635,4.5
10,1,91,4.5879,4.5
10,1,92,4.5537,5.0
10,1,92,4.8611,5.0
10,1,93,4.0210,4.0
10,1,93,4.8127,4.0
10,1,94,3.7743,5.0
10,1,94,4.3563,5.0
10,1,95,4.3152,4.75
10,1,95,4.3702,4.75
10,1,96,3.4695,4.5
10,1,96,4.4374,4.5
10,1,97,3.5386,3.75
10,1,97,4.5191,3.75
10,1,98,3.4703,4.5
10,1,98,4.2470,4.5
10,1,99,2.8451,5.25
10,1,99,4.2420,5.25
10,1,100,3.9489,4.0
10,1,100,4.5305,4.0
10,1,101,3.0410,5.5
10,1,101,4.7159,5.5
10,1,102,3.6784,5.0
10,1,102,3.8807,5.0
10,1,103,3.8809,3.75
10,1,103,4.0995,3.75
10,1,104,3.7326,4.5
10,1,104,4.0980,4.5
10,1,105,3.6438,4.0
10,1,105,4.2973,4.0
10,1,106,3.4653,2.0
10,1,106,4.3317,2.0
10,1,107,3.2165,5.0
10,1,107,4.1243,5.0
10,1,108,4.4477,5.0
10,1,108,2.4936,3.75
10,2,3,5.2555,3.75
10,2,3,2.8679,6.25
10,2,4,5.4171,6.25
10,2,4,3.2866,5.5
10,2,5,5.2158,5.5
10,2,5,3.1639,5.25
10,2,6,4.8024,5.25
10,2,6,3.1607,5.25
10,2,7,5.5320,5.25
10,2,7,3.4708,5.75
10,2,8,4.9739,5.75
10,2,8,3.8452,3.25
10,2,9,5.0035,3.25
10,2,9,4.0074,5.25
10,2,10,4.7135,5.25
10,2,10,4.2239,4.5
10,2,11,5.3939,4.5
10,2,11,3.5454,4.25
10,2,12,4.8177,4.25
10,2,12,3.5208,5.25
10,2,13,5.1540,5.25
10,2,13,3.2872,5.25
10,2,14,5.4286,5.25
10,2,14,3.1080,5.75
10,2,15,5.1358,5.75
10,2,15,2.4251,4.5
10,2,19,4.4581,4.5
10,2,19,3.3855,2.75
10,2,20,4.5944,2.75
10,2,20,3.3253,5.5
10,2,21,4.6571,5.5
10,2,21,3.6551,5.5
10,2,22,4.2982,5.5
10,2,22,3.0097,5.0
10,2,23,4.1903,5.0
10,2,23,3.8080,3.5
10,2,26,4.5228,3.5
10,2,26,3.2983,4.5
10,2,28,4.3945,4.5
10,2,28,3.4208,5.0
10,2,29,4.2954,5.0
10,2,29,3.8930,5.75
10,2,30,4.4441,5.75
10,2,30,3.6805,4.75
10,2,33,4.7248,4.75
10,2,33,3.5996,3.75
10,2,36,4.8398,3.75
10,2,36,3.2746,5.0
10,2,37,4.5702,5.0
10,2,37,3.3315,4.75
10,2,38,4.7004,4.75
10,2,38,3.7603,5.25
10,2,39,4.3692,5.25
10,2,39,3.5244,5.25
10,2,41,4.7986,5.25
10,2,41,3.2879,5.5
10,2,42,4.4160,5.5
10,2,42,3.6966,5.75
10,2,43,4.5078,5.75
10,2,43,3.4259,5.25
10,2,47,4.8165,5.25
10,2,47,3.2986,5.5
10,2,51,5.0726,5.5
10,2,51,3.4954,5.5
10,2,52,4.7508,5.5
10,2,52,3.1722,6.75
10,2,53,5.1602,6.75
10,2,53,4.1974,5.5
10,2,54,4.4709,5.5
10,2,54,3.2752,3.75
10,2,55,4.5686,3.75
10,2,55,3.3382,5.25
10,2,56,4.6025,5.25
10,2,56,3.0812,5.5
10,2,58,4.6925,5.5
10,2,58,3.4089,5.0
10,2,65,4.9471,5.0
10,2,65,3.1989,3.0
10,2,66,5.6383,3.0
10,2,66,3.0330,4.33333
10,2,67,4.3806,4.33333
10,2,67,2.7372,4.75
10,2,68,4.5337,4.75
10,2,68,2.8549,5.25
10,2,69,4.9277,5.25
10,2,69,2.9127,4.66667
10,2,70,5.0172,4.66667
10,2,70,2.2980,4.0
10,2,71,4.8034,4.0
10,2,71,2.5780,6.25
10,2,72,4.6532,6.25
10,2,72,2.2871,5.5
10,2,73,4.7465,5.5
10,2,73,2.7314,4.75
10,2,74,4.7426,4.75
10,2,74,2.8333,4.5
10,2,75,4.6291,4.5
10,2,75,2.8508,4.5
10,2,76,4.5847,4.5
10,2,76,2.5912,3.5
10,2,77,4.7145,3.5
10,2,77,2.6995,5.25
10,2,78,4.8918,5.25
10,2,78,2.7200,5.5
10,2,79,4.6037,5.5
10,2,79,2.2824,4.5
10,2,80,4.4585,4.5
10,2,80,3.0050,5.25
10,2,81,5.2601,5.25
10,2,81,2.9140,5.25
10,2,82,4.6212,5.25
10,2,82,3.0923,4.25
10,2,83,4.6039,4.25
10,2,83,3.1174,4.0
10,2,84,4.4180,4.0
10,2,84,2.4505,5.25
10,2,85,4.6202,5.25
10,2,85,2.5561,4.5
10,2,86,4.5030,4.5
10,2,86,2.8584,5.5
10,2,87,4.9215,5.5
10,2,87,2.9665,5.5
10,2,88,4.8507,5.5
10,2,88,2.9228,4.0
10,2,89,4.9876,4.0
10,2,89,3.4937,4.25
10,2,90,4.9263,4.25
10,2,90,3.9999,4.25
10,2,91,5.1256,4.25
10,2,91,3.6864,5.75
11,1,4,5.2559,5.75
11,1,4,2.8699,5.75
11,1,5,4.9713,4.5
11,1,5,3.0222,4.5
11,1,6,4.8018,5.0
11,1,6,3.0925,5.0
11,1,7,5.4015,4.25
11,1,7,2.9752,4.25
11,1,8,4.8509,4.25
11,1,8,2.8776,4.25
11,1,9,5.2379,4.0
11,1,9,2.9197,4.0
11,1,10,5.3991,4.66667
11,1,10,3.2203,4.66667
11,1,11,4.9057,4.5
11,1,11,2.9897,4.5
11,1,12,5.2804,5.5
11,1,12,3.2968,5.5
11,1,13,5.6629,5.25
11,1,13,2.8907,5.25
11,1,14,5.2188,4.25
11,1,14,3.5218,4.25
11,1,15,5.1108,3.5
11,1,15,3.6852,3.5
11,1,19,4.2846,6.25
11,1,19,2.7878,6.25
11,1,20,4.2186,5.5
11,1,20,2.9616,5.5
11,1,21,4.2304,4.25
11,1,21,2.8302,4.25
11,1,22,4.0625,6.25
11,1,22,2.8986,6.25
11,1,23,4.3861,5.75
11,1,23,3.3462,5.75
11,1,24,3.8360,3.25
11,1,24,2.8097,3.25
11,1,25,4.3788,5.0
11,1,25,3.2421,5.0
11,1,26,3.9632,4.0
11,1,26,2.8689,4.0
11,1,27,4.1046,4.5
11,1,27,2.7934,4.5
11,1,28,3.8578,4.5
11,1,28,2.9763,4.5
11,1,29,4.1056,5.5
11,1,29,2.9232,5.5
11,1,30,4.0504,4.25
11,1,30,3.0523,4.25
11,1,31,3.8054,5.5
11,1,31,3.1796,5.5
11,1,32,4.0669,4.25
11,1,32,2.9850,4.25
11,1,33,4.4430,5.0
11,1,33,3.2405,5.0
11,1,34,4.3740,4.5
11,1,34,2.6740,4.5
11,1,35,4.3011,4.5
11,1,35,2.7317,4.5
11,1,36,3.9576,5.0
11,1,36,2.6837,5.0
11,1,37,4.3272,3.75
11,1,37,2.7365,3.75
11,1,38,4.4450,4.5
11,1,38,3.3404,4.5
11,1,39,4.2946,5.0
11,1,39,3.0780,5.0
11,1,48,4.4174,2.25
11,1,48,3.2630,2.25
11,1,50,4.9654,3.0
11,1,50,4.1463,3.0
11,1,51,4.8107,4.75
11,1,51,3.5108,4.75
11,1,57,4.5184,2.5
11,1,57,3.1524,2.5
11,1,62,4.3954,5.0
11,1,62,4.0035,5.0
11,1,63,4.4911,6.25
11,1,63,3.2083,6.25
11,1,64,4.1349,5.0
11,1,64,3.1928,5.0
11,1,66,4.3954,3.25
11,1,66,3.0177,3.25
11,1,68,4.4710,4.25
11,1,68,3.4852,4.25
11,1,69,4.5131,4.0
11,1,69,2.4423,4.0
11,1,70,4.4680,5.0
11,1,70,3.3039,5.0
11,1,73,4.9266,5.25
11,1,73,3.2629,5.25
11,1,75,4.6683,3.5
11,1,75,3.3764,3.5
11,1,76,4.5653,4.0
11,1,76,3.2602,4.0
11,1,77,4.7434,6.0
11,1,77,3.3388,6.0
11,1,78,3.9272,5.0
11,1,78,3.5335,5.0
11,1,79,4.5034,4.5
11,1,79,3.2491,4.5
11,1,80,3.9468,6.0
11,1,80,3.0700,6.0
11,1,81,4.6353,4.5
11,1,81,3.2209,4.5
11,1,82,4.3712,4.5
11,1,82,3.3080,4.5
11,1,83,4.2730,3.5
11,1,83,3.4342,3.5
11,1,84,4.6106,3.5
11,1,84,3.1867,3.5
11,1,87,4.1310,2.75
11,1,87,3.1520,2.75
11,1,88,4.1228,3.75
11,1,88,3.6089,3.75
11,1,90,3.8017,4.25
11,1,90,3.2154,4.25
11,1,91,4.5011,5.5
11,1,91,2.8980,5.5
11,1,93,4.7743,4.25
11,1,93,2.6856,4.25
11,1,94,4.2693,5.75
11,1,94,2.9967,5.75
11,1,95,4.2612,4.25
11,1,95,3.3025,4.25
11,1,96,4.7884,4.75
11,1,96,2.9340,4.75
11,1,97,4.4408,3.75
11,1,97,2.9538,3.75
11,1,98,4.4141,4.5
11,1,98,3.3140,4.5
11,1,99,4.2463,6.25
11,1,99,4.9151,5.0
11,2,3,3.6909,5.0
11,2,3,4.6532,4.0
11,2,4,3.9173,4.0
11,2,4,4.8139,2.25
11,2,5,3.2442,2.25
11,2,5,4.9173,5.5
11,2,6,3.5735,5.5
11,2,6,4.3731,0.75
11,2,7,3.4283,0.75
11,2,7,4.4747,5.0
11,2,8,3.5605,5.0
11,2,8,4.3245,3.5
11,2,9,3.6603,3.5
11,2,9,4.7976,4.75
11,2,10,3.7978,4.75
11,2,10,3.9962,2.25
11,2,12,3.2850,2.25
11,2,12,4.1407,3.75
11,2,17,3.1072,3.75
11,2,17,4.3058,4.0
11,2,18,2.7969,4.0
11,2,18,4.4727,5.25
11,2,19,3.6417,5.25
11,2,19,4.5104,4.75
11,2,20,3.5220,4.75
11,2,20,4.2452,6.25
11,2,21,3.4006,6.25
11,2,21,4.3630,3.75
11,2,22,3.5661,3.75
11,2,22,4.4515,5.75
11,2,23,3.3371,5.75
11,2,23,4.4870,5.0
11,2,24,3.1535,5.0
11,2,24,4.8200,5.0
11,2,25,3.1716,5.0
11,2,25,4.2202,3.5
11,2,26,3.1652,3.5
11,2,26,4.1390,5.5
11,2,27,3.8940,5.5
11,2,27,3.9074,4.5
11,2,28,3.6147,4.5
11,2,28,3.9705,4.75
11,2,29,3.5646,4.75
11,2,29,3.8499,4.0
11,2,30,3.0195,4.0
11,2,30,4.4396,5.0
11,2,31,3.4536,5.0
11,2,31,4.6230,5.25
11,2,32,3.9411,5.25
11,2,32,4.3517,4.25
11,2,33,3.7124,4.25
11,2,33,4.7912,6.5
11,2,34,3.9399,6.5
11,2,34,4.6008,3.75
11,2,35,3.6727,3.75
11,2,35,4.3639,4.25
11,2,36,3.6820,4.25
11,2,36,3.8651,5.0
11,2,37,3.3417,5.0
11,2,37,4.8298,4.25
11,2,38,2.8698,4.25
11,2,38,4.0602,4.5
11,2,39,3.5597,4.5
11,2,39,4.4737,4.25
11,2,40,3.3772,4.25
11,2,40,4.7662,4.75
11,2,41,3.0390,4.75
11,2,41,4.2093,4.75
11,2,42,2.7684,4.75
11,2,42,4.3461,5.25
11,2,43,3.0202,5.25
11,2,43,4.6825,5.5
11,2,44,3.2568,5.5
11,2,44,4.3077,4.25
11,2,45,3.4434,4.25
11,2,45,4.6978,4.25
11,2,46,3.2411,4.25
11,2,46,4.5744,4.0
11,2,47,3.0306,4.0
11,2,47,4.5778,6.5
11,2,48,1.9426,6.5
11,2,48,4.5450,2.75
11,2,49,2.6336,2.75
11,2,49,4.7470,4.25
11,2,50,2.8249,4.25
11,2,50,4.1241,4.5
11,2,51,3.0725,4.5
11,2,51,4.5534,5.0
11,2,52,3.2410,5.0
11,2,52,4.6674,4.5
11,2,53,2.8831,4.5
11,2,53,4.2563,3.75
11,2,54,3.5829,3.75
11,2,54,4.1500,4.5
11,2,55,3.8312,4.5
11,2,55,4.0533,4.75
11,2,56,3.4744,4.75
11,2,56,4.7614,2.5
11,2,60,3.9041,2.5
11,2,60,4.3634,3.25
11,2,61,4.0772,3.25
11,2,61,3.9670,1.75
11,2,62,4.9514,1.75
11,2,62,4.1037,2.75
11,2,63,3.5974,2.75
11,2,63,4.2890,4.25
11,2,64,4.4484,4.25
11,2,64,4.3446,2.5
11,2,65,5.1175,2.5
11,2,65,3.8846,1.75
11,2,66,5.7298,1.75
11,2,66,4.2136,4.75
11,2,67,5.0101,4.75
11,2,67,4.3015,4.0
11,2,68,5.0176,4.0
11,2,68,3.9642,3.25
11,2,69,4.8962,3.25
11,2,69,4.7982,4.25
11,2,72,3.0438,4.25
11,2,72,4.5596,4.25
11,2,73,3.0250,4.25
11,2,73,4.6124,4.25
11,2,74,2.5614,4.25
11,2,74,4.4470,2.5
11,2,75,2.6660,2.5
11,2,75,4.7359,5.5
11,2,76,3.2127,5.5
11,2,76,4.7172,4.5
11,2,77,2.9020,4.5
11,2,77,4.6371,5.5
11,2,78,3.2305,5.5
11,2,78,4.6724,4.25
11,2,79,3.7618,4.25
11,2,79,4.5273,3.75
11,2,80,2.4715,3.75
11,2,80,4.5551,3.0
11,2,81,3.2170,3.0
11,2,81,4.3979,4.75
11,2,82,4.1592,4.75
11,2,82,4.2643,4.0
11,2,83,3.8485,4.0
11,2,83,4.7962,4.75
11,2,84,2.9078,4.75
11,2,84,4.5070,5.0
11,2,85,3.2245,5.0
11,2,85,4.2155,5.75
11,2,86,3.0454,5.75
11,2,86,4.5231,4.25
11,2,87,3.5750,4.25
11,2,87,4.8879,5.0
11,2,88,3.5010,5.0
11,2,88,4.4041,4.75
11,2,89,3.9481,4.75
11,2,89,4.6355,3.25
11,2,90,3.1544,3.25
11,2,90,4.6660,4.5
11,2,91,2.7935,4.5
11,2,91,3.8985,5.5
11,2,92,2.3333,5.5
11,2,92,4.6315,5.0
11,2,93,3.0641,5.0
11,2,93,4.6132,4.25
11,2,94,3.9776,4.25
11,2,94,3.6626,4.0
11,2,95,3.5436,4.0
11,2,95,4.6565,5.0
11,2,96,3.5933,5.0
11,2,96,4.6842,3.75
11,2,97,2.9534,3.75
11,2,97,4.5964,5.0
11,2,98,2.2028,5.0
11,2,98,4.6135,5.5
11,2,99,3.5897,5.5
11,2,99,3.6366,4.5
11,2,100,3.1059,4.5
11,2,100,3.8496,4.75
11,2,101,3.7408,4.75
11,2,101,4.4881,3.75
11,2,102,3.6341,3.75
11,2,102,4.1513,5.25
11,2,103,2.7826,5.25
11,2,103,3.3087,6.0
11,2,104,2.9552,6.0
11,2,104,3.9070,4.5
11,2,105,3.6067,4.5
11,2,105,3.6490,3.0
11,2,106,2.6091,3.0
11,2,106,4.7040,4.75
11,2,109,2.5901,4.75
11,2,109,4.5634,4.75
11,2,110,2.3355,4.75
11,2,110,4.4820,4.5
12,1,2,3.4681,6.5
12,1,2,2.9842,6.5
12,1,3,3.7995,6.0
12,1,3,2.9999,6.0
12,1,5,3.6425,6.0
12,1,5,2.8728,6.0
12,1,6,3.8069,5.0
12,1,6,3.0968,5.0
12,1,7,3.5586,6.25
12,1,7,2.8598,6.25
12,1,8,3.5657,5.25
12,1,8,2.9142,5.25
12,1,9,3.6521,4.75
12,1,9,2.8889,4.75
12,1,10,3.5335,5.25
12,1,10,2.7598,5.25
12,1,11,3.7831,5.0
12,1,11,2.8773,5.0
12,1,12,3.6548,5.75
12,1,12,2.8733,5.75
12,1,69,3.8546,3.75
12,1,69,3.7091,4.0
12,2,4,3.1225,4.0
12,2,4,3.7287,5.25
12,2,5,3.0632,5.25
12,2,5,3.3467,5.0
12,2,11,3.0468,5.0
12,2,11,3.5896,5.25
16,2,5,1.7980,4.0
16,2,5,1.6678,4.0
16,2,6,1.7129,4.5
16,2,6,1.9322,4.5
16,2,7,1.7037,5.0
16,2,7,1.5420,5.0
16,2,8,1.5853,3.25
16,2,8,1.5354,3.25
16,2,9,1.6284,3.5
16,2,9,1.6577,3.5
16,2,10,1.4899,5.5
16,2,10,1.7703,5.5
16,2,11,1.4167,4.5
16,2,11,1.5648,4.5
16,2,12,1.6412,5.5
16,2,12,1.3114,5.5
16,2,13,1.5446,4.5
16,2,13,1.3661,4.5
16,2,14,1.5513,4.0
16,2,14,1.4474,4.0
16,2,15,1.7238,4.25
16,2,15,1.3324,4.25
16,2,21,2.1874,3.75
16,2,21,1.9648,3.75
16,2,22,1.6474,1.75
16,2,22,2.1892,1.75
16,2,23,1.8898,2.5
16,2,23,1.8772,2.5
16,2,24,2.0892,3.5
16,2,24,1.7121,3.5
16,2,25,1.8729,3.0
16,2,25,1.5568,3.0
16,2,26,1.9171,3.25
16,2,26,1.4416,3.25
16,2,27,1.7391,4.25
16,2,27,1.3083,4.25
16,2,28,1.2921,3.25
16,2,28,0.9966,3.25
16,2,29,1.3659,2.0
16,2,29,1.4074,2.0
16,2,30,1.5411,3.0
16,2,30,1.5136,3.0
16,2,31,1.4886,2.0
16,2,31,1.7442,2.0
16,2,32,1.7963,2.75
16,2,32,1.6695,2.75
16,2,33,1.4050,1.5
16,2,33,1.5958,1.5
16,2,34,1.3580,2.25
16,2,34,1.5935,2.25
16,2,35,1.8550,2.5
16,2,35,1.3492,2.5
16,2,36,1.5580,3.75
16,2,36,1.4303,3.75
16,2,37,1.8710,4.5
16,2,37,2.0797,4.5
16,2,38,1.4524,4.0
16,2,38,1.4135,4.0
16,2,39,1.6664,2.25
16,2,39,1.5443,2.25
16,2,40,1.9150,2.0
16,2,40,1.3268,2.0
16,2,41,1.4587,1.75
16,2,41,1.0723,1.75
16,2,42,1.8159,2.5
16,2,42,1.2454,2.5
16,2,43,1.9405,2.25
16,2,43,1.1805,2.25
16,2,44,1.4897,2.75
16,2,44,1.1459,2.75
16,2,45,1.3844,3.0
16,2,45,1.5765,3.0
16,2,46,1.8403,2.5
16,2,46,1.5621,2.5
16,2,47,1.9376,1.75
16,2,47,1.5997,1.75
16,2,48,1.8583,3.25
16,2,48,1.3148,3.25
16,2,49,1.7006,2.75
16,2,49,1.5926,2.75
16,2,50,1.2327,2.25
16,2,50,1.6516,2.25
16,2,51,1.1694,3.5
16,2,51,1.6830,3.5
16,2,52,1.2685,2.25
16,2,52,1.1415,2.25
16,2,53,1.9394,4.0
16,2,53,1.8155,4.0
16,2,54,1.4382,1.25
16,2,54,1.2942,1.25
16,2,55,2.0362,4.0
16,2,55,1.2012,4.0
16,2,56,2.0965,4.75
16,2,56,1.8111,4.75
16,2,57,2.1015,3.0
16,2,57,1.7847,3.0
16,2,58,1.9452,2.25
16,2,58,1.8222,2.25
16,2,60,1.7435,3.0
16,2,60,1.7222,3.0
16,2,61,1.5904,2.5
16,2,61,1.4327,2.5
16,2,65,1.7116,5.0
16,2,65,1.5676,5.0
16,2,66,2.0101,5.75
16,2,66,1.5944,5.75
16,2,67,1.9316,3.5
16,2,67,1.3715,3.5
16,2,68,1.8108,1.25
16,2,68,1.5918,1.25
16,2,69,1.7135,1.75
16,2,69,1.5682,1.75
16,2,70,2.0109,1.75
16,2,70,1.5762,1.75
16,2,71,2.0950,4.0
16,2,71,1.7267,4.0
16,2,72,1.8444,2.25
16,2,72,1.5790,2.25
16,2,73,2.0389,4.0
16,2,73,1.4371,4.0
16,2,76,1.8763,3.0
16,2,76,1.7310,3.0
16,2,77,1.4023,5.5
16,2,77,1.7943,5.5
16,2,78,1.8560,4.25
16,2,78,1.6798,4.25
16,2,79,1.8843,5.0
16,2,79,1.8310,5.0
16,2,80,1.7561,4.0
16,2,80,1.6824,4.0
16,2,81,1.6951,2.5
16,2,81,1.7662,2.5
16,2,82,1.9620,2.25
16,2,82,1.9513,2.25
16,2,83,2.0034,4.5
16,2,83,1.6077,4.5
16,2,84,1.5934,3.75
16,2,84,1.4057,3.75
16,2,85,1.9056,3.5
16,2,85,1.7185,3.5
16,2,86,1.7059,4.5
16,2,86,1.7487,4.5
16,2,87,1.8411,3.5
16,2,87,1.7844,3.5
16,2,88,2.0064,3.75
16,2,88,1.6893,3.75
16,2,89,2.2118,1.75
16,2,89,1.6034,1.75
16,2,90,1.7643,1.75
16,2,90,1.5006,1.75
16,2,91,1.8916,3.25
16,2,91,2.1330,3.25
16,2,92,2.0667,2.5
16,2,92,2.3639,2.5
16,2,93,2.0885,4.0
16,2,93,1.3744,4.0
16,2,94,1.8555,4.0
16,2,94,1.4786,4.0
16,2,95,1.9550,3.5
16,2,95,1.4178,3.5
16,2,96,1.8264,3.5
16,2,96,1.4115,3.5
16,2,97,1.8716,2.75
16,2,97,1.9630,2.75
16,2,98,1.7996,4.5
16,2,98,1.8653,4.5
16,2,99,1.7756,3.25
16,2,99,1.6616,3.25
16,2,100,1.7739,3.25
16,2,100,1.6110,3.25
16,2,101,2.0980,5.0
16,2,101,1.7650,5.0
16,2,102,1.9397,1.75
16,2,102,1.9269,1.75
16,2,103,1.8568,3.25
16,2,103,2.1565,3.25
16,2,104,1.8913,1.75
16,2,104,2.2876,1.75
16,2,105,1.8848,3.75
16,2,105,1.6983,3.75
16,2,106,1.9900,2.75
16,2,106,2.1400,2.75
16,2,107,2.0526,3.25
16,2,107,2.3239,3.25
16,2,108,1.6648,2.75
16,2,108,2.3032,2.75
16,2,109,1.9389,4.5
16,2,109,1.6970,4.5
16,2,110,1.8994,2.25
16,2,110,1.5475,2.25
16,2,111,1.9632,3.5
16,2,111,1.3882,3.5
16,2,112,1.9887,1.5
16,2,112,1.8309,1.5
16,2,113,1.9624,2.5
16,2,113,1.9141,2.5
16,2,114,2.0058,3.5
16,2,114,1.4529,3.5
16,2,115,1.9229,2.75
16,2,115,1.4641,2.75
16,2,116,1.9371,4.0
17,1,4,3.5716,2.75
17,1,4,2.8461,2.75
17,1,5,3.8169,2.75
17,1,5,2.6565,2.75
17,1,6,3.6397,2.75
17,1,6,2.5522,2.75
17,1,7,4.1367,2.75
17,1,7,2.5976,2.75
17,1,8,4.2665,2.75
17,1,8,2.6911,2.75
17,1,9,4.7136,1.5
17,1,9,2.9618,1.5
17,1,10,4.1903,1.5
17,1,10,2.8143,1.5
17,1,12,4.2731,2.25
17,1,12,3.5066,2.25
17,1,17,4.4383,3.0
17,1,17,2.3139,3.0
17,1,18,4.0234,2.75
17,1,18,2.4426,2.75
17,1,19,4.1412,4.0
17,1,19,2.1985,4.0
17,1,20,4.4132,3.5
17,1,20,2.4467,3.5
17,1,21,4.3141,2.5
17,1,21,2.2636,2.5
17,1,22,4.5453,3.0
17,1,22,2.4924,3.0
17,1,23,4.3132,2.5
17,1,23,2.2341,2.5
17,1,24,3.9543,3.25
17,1,24,2.6840,3.25
17,1,25,3.9970,3.75
17,1,25,2.5435,3.75
17,1,26,4.1617,3.0
17,1,26,1.7731,3.0
17,1,27,4.4544,4.5
17,1,27,2.2171,4.5
17,1,29,4.6626,4.0
17,1,29,2.4200,4.0
17,1,30,4.3685,5.25
17,1,30,2.2158,5.25
17,1,31,4.7666,4.0
17,1,31,2.6444,4.0
17,1,32,4.3596,4.5
17,1,32,2.5418,4.5
17,1,33,4.2051,3.75
17,1,33,2.2000,3.75
17,1,34,4.6928,3.25
17,1,34,2.4622,3.25
17,1,35,4.4363,2.5
17,1,35,2.5939,2.5
17,1,36,4.5467,2.75
17,1,36,2.4716,2.75
17,1,37,4.4224,2.5
17,1,37,2.3481,2.5
17,1,38,4.5104,2.25
17,1,38,2.2749,2.25
17,1,39,4.5709,4.5
17,1,39,2.6105,4.5
17,1,40,4.6212,3.0
17,1,40,2.3371,3.0
17,1,41,4.5874,3.25
17,1,41,2.5071,3.25
17,1,42,4.4013,3.75
17,1,42,2.6569,3.75
17,1,43,4.1876,4.25
17,1,43,2.2629,4.25
17,1,44,4.5112,3.5
17,1,44,2.5602,3.5
17,1,45,4.6692,3.0
17,1,45,2.6387,3.0
17,1,46,4.5431,4.0
17,1,46,2.6038,4.0
17,1,51,4.5178,3.0
17,1,51,2.3763,3.0
17,1,52,4.4246,2.75
17,1,52,2.4902,2.75
17,1,53,4.4791,2.75
17,1,53,2.8029,2.75
17,1,54,4.3393,3.25
17,1,54,2.4876,3.25
17,1,55,4.5898,2.5
17,1,55,2.8630,2.5
17,1,56,4.4451,3.25
17,1,56,2.2038,3.25
17,1,59,3.8971,2.5
17,1,59,2.6995,2.5
17,1,60,3.9341,3.0
17,1,60,2.6585,3.0
17,1,61,3.7742,2.25
17,1,61,2.2500,2.25
17,1,62,3.7268,1.75
17,1,62,3.1740,1.75
17,1,63,3.3747,1.75
17,1,63,2.9473,1.75
17,1,64,3.6294,1.0
17,1,64,2.8335,1.0
17,1,65,3.5402,1.25
17,1,65,2.2827,1.25
17,1,67,3.9004,3.0
17,1,67,2.6304,3.0
17,1,68,3.9924,3.75
17,1,68,2.3997,3.75
17,1,69,4.0834,2.5
17,1,69,3.3603,2.5
17,1,72,4.2800,5.25
17,1,72,2.5890,5.25
17,1,73,4.5768,4.25
17,1,73,2.3698,4.25
17,1,74,4.4727,3.25
17,1,74,2.4485,3.25
17,1,75,4.4151,1.75
17,1,75,2.5624,1.75
17,1,76,4.0573,4.5
17,1,76,2.5022,4.5
17,1,77,4.4040,3.5
17,1,77,2.1921,3.5
17,1,78,3.8302,4.25
17,1,78,2.4563,4.25
17,1,79,4.1143,3.25
17,1,79,2.4727,3.25
17,1,80,4.3669,4.25
17,1,80,2.3473,4.25
17,1,81,4.1853,4.5
17,1,81,2.2048,4.5
17,1,82,4.1501,5.0
17,1,82,2.1193,5.0
17,1,83,4.0734,3.5
17,1,83,2.3721,3.5
17,1,84,4.1133,4.25
17,1,84,2.4479,4.25
17,1,85,4.3956,4.75
17,1,85,2.5582,4.75
17,1,86,4.3436,4.0
17,1,86,2.3625,4.0
17,1,87,4.2045,2.5
17,1,87,2.3239,2.5
17,1,88,4.2259,4.25
17,1,88,2.6223,4.25
17,1,89,3.9809,3.25
17,1,89,2.5418,3.25
17,1,90,4.3244,5.5
17,1,90,2.2414,5.5
17,1,91,4.0367,3.5
17,1,91,2.7689,3.5
17,1,92,4.2025,5.25
17,1,92,2.6088,5.25
17,1,93,4.0354,3.5
17,1,93,2.6015,3.5
17,1,94,4.0656,3.5
17,1,94,2.2505,3.5
17,1,95,3.7700,5.25
17,1,95,2.4085,5.25
17,1,96,4.3510,1.5
17,1,96,2.1461,1.5
17,1,97,3.8874,2.5
17,1,97,2.4883,2.5
17,1,98,4.1511,3.5
17,1,98,2.7039,3.5
17,1,99,4.1057,3.5
17,1,99,2.3612,3.5
17,1,100,3.7978,2.75
17,1,100,2.5176,2.75
17,1,101,4.6272,3.0
17,1,101,1.9970,3.0
17,1,102,4.5317,3.75
17,1,102,2.6938,3.75
17,1,104,3.8668,3.25
17,1,104,2.5773,3.25
17,1,105,4.1805,3.75
17,1,105,2.4615,3.75
17,1,106,3.8841,2.75
17,1,106,2.5667,2.75
17,1,107,4.0941,3.25
17,1,107,2.6585,3.25
17,1,108,4.0473,2.5
17,1,108,2.4682,2.5
17,1,109,3.9199,2.5
18,1,2,3.5404,4.25
18,1,2,4.2442,4.25
18,1,3,3.9780,2.25
18,1,3,4.1427,2.25
18,1,4,4.0525,3.0
18,1,4,4.2347,3.0
18,1,5,4.0641,1.5
18,1,5,3.7279,1.5
18,1,6,4.2281,3.5
18,1,6,4.1514,3.5
18,1,7,3.9823,2.5
18,1,7,3.0119,2.5
18,1,8,3.5844,2.25
18,1,8,1.5192,2.25
18,1,9,4.4007,2.0
18,1,9,3.0288,2.0
18,1,10,4.7933,1.75
18,1,10,3.8198,1.75
18,1,11,5.2147,5.75
18,1,11,3.4306,5.75
18,1,12,5.0761,6.0
18,1,12,3.4171,6.0
18,1,16,4.3580,2.33333
18,1,16,5.0004,2.33333
18,1,17,4.6382,3.0
18,1,17,4.5611,3.0
18,1,18,4.5432,2.75
18,1,18,5.0861,2.75
18,1,19,4.8678,2.75
18,1,19,5.4179,2.75
18,1,20,3.7989,2.75
18,1,20,4.8342,2.75
18,1,21,4.6101,2.5
18,1,21,4.2983,2.5
18,1,28,4.1037,3.25
18,1,28,5.2284,3.25
18,1,29,4.5702,3.75
18,1,29,5.0910,3.75
18,1,30,5.0021,2.75
18,1,30,5.0701,2.75
18,1,31,4.7258,3.75
18,1,31,5.4167,3.75
18,1,32,4.1240,1.25
18,1,32,5.7931,1.25
18,1,33,4.2711,1.0
18,1,33,6.2935,1.0
18,1,34,4.8699,2.25
18,1,34,5.2082,2.25
18,1,35,4.4357,2.25
18,1,35,4.8796,2.25
18,1,36,4.8193,2.25
18,1,36,4.7457,2.25
18,1,37,5.1439,2.75
18,1,37,5.1389,2.75
18,1,38,4.9020,3.5
18,1,38,4.2633,3.5
18,1,39,5.0924,4.0
18,1,39,3.5466,4.0
18,1,40,4.5912,4.0
18,1,40,4.7068,4.0
18,1,41,4.8933,4.0
18,1,41,4.3937,4.0
18,1,42,4.8185,2.5
18,1,42,4.2100,2.5
18,1,43,4.7821,4.25
18,1,43,4.0902,4.25
18,1,44,4.6782,2.5
18,1,44,3.8883,2.5
18,1,45,4.8319,4.75
18,1,45,3.7307,4.75
18,1,46,4.4164,2.25
18,1,46,5.6909,2.25
18,1,47,4.3244,1.75
18,1,47,5.9728,1.75
18,1,48,4.3640,1.75
18,1,48,5.0054,1.75
18,1,49,4.2724,1.5
18,1,49,4.6400,1.5
18,1,50,4.3379,2.25
18,1,50,5.6860,2.25
18,1,51,3.2630,1.25
18,1,51,3.8562,1.25
18,1,53,4.5504,3.25
18,1,53,5.5315,3.25
18,1,54,3.7937,1.25
18,1,54,3.6440,1.25
18,1,55,4.9101,1.75
18,1,55,4.5082,1.75
18,1,56,5.4416,3.25
18,1,56,3.5515,3.25
18,1,59,4.7547,1.66667
18,1,59,4.7076,1.66667
18,1,60,4.2734,1.0
18,1,60,4.8452,1.0
18,1,61,4.1779,3.25
18,1,61,4.3417,3.25
18,1,62,4.3663,1.5
18,1,62,4.6011,1.5
18,1,64,4.4278,2.25
18,1,64,3.9193,2.25
18,1,65,4.6664,1.0
18,1,65,4.5027,1.0
18,1,66,4.9050,1.75
18,1,66,3.6931,1.75
18,1,67,4.5845,1.0
18,1,67,3.6086,1.0
18,1,68,3.8151,2.5
18,1,68,3.8529,2.5
18,1,74,4.4609,1.5
18,1,74,4.0517,1.5
18,1,75,4.8299,1.0
18,1,75,4.4388,1.0
18,1,76,4.4739,2.0
18,1,76,4.9978,2.0
18,1,77,4.0291,1.0
18,1,77,4.7836,1.0
18,1,78,4.6433,2.0
18,1,78,4.0771,2.0
18,1,79,4.7941,2.25
18,1,79,4.5916,2.25
18,1,80,4.6810,3.5
18,1,80,4.6786,3.5
18,1,81,4.6920,3.75
18,1,81,4.5595,3.75
18,1,82,4.5774,3.25
18,1,82,4.4714,3.25
18,1,84,5.2366,4.5
18,1,84,4.4943,4.5
18,1,85,4.4186,4.0
18,1,85,4.6882,4.0
18,1,90,4.0827,2.5
18,1,90,4.4664,2.5
18,1,91,4.5466,2.5
18,1,91,5.0083,2.5
18,1,92,4.5122,2.25
18,1,92,4.8899,2.25
18,1,93,3.2385,2.0
18,1,93,4.2894,2.0
18,1,94,3.8915,2.5
18,1,94,3.8736,2.5
18,1,95,4.3808,4.25
18,1,95,5.0633,4.25
18,1,96,4.8098,2.5
18,1,96,4.2408,2.5
18,1,97,5.5713,3.25
18,1,97,4.7486,3.25
18,1,98,5.3663,2.25
18,1,98,4.2919,2.25
18,1,99,4.7614,2.5
18,1,99,4.6847,2.5
18,1,100,4.7482,3.75
18,1,100,4.8030,3.75
18,1,101,4.6665,2.25
18,1,101,5.2523,2.25
18,1,102,5.0696,2.25
18,1,102,4.5783,2.25
18,1,103,4.4204,2.0
18,1,103,4.2361,2.0
18,1,104,4.3517,3.25
18,1,104,4.8042,3.25
18,1,105,4.2630,1.75
18,1,105,4.4578,1.75
18,1,109,4.5789,3.0
18,1,109,4.7805,3.0
18,1,111,3.9572,2.75
18,1,111,4.4487,2.75
18,1,112,5.3499,1.25
