3,1,1,3.17017126083,3.875
3,1,1,3.16074466705,3.875
3,1,2,3.14647626877,4.5
3,1,2,3.16338586807,4.5
3,1,3,3.12528085709,3.0
3,1,3,3.15893125534,3.0
3,1,4,3.09803390503,3.25
3,1,4,3.12718772888,3.25
3,1,5,3.19830656052,6.0
3,1,5,3.13102459908,6.0
3,1,6,3.17695355415,4.5
3,1,6,3.15530252457,4.5
3,1,7,3.12663125992,4.75
3,1,7,-3.16643857956,4.75
3,1,8,3.17654657364,3.5
3,1,8,3.17283987999,3.5
3,1,10,3.10531640053,2.875
3,1,10,3.17915177345,2.875
3,1,14,3.14571976662,3.75
3,1,14,3.19554066658,3.75
3,1,15,3.13377404213,5.0
3,1,15,3.14903450012,5.0
3,1,16,3.11943292618,4.75
3,1,16,3.17462515831,4.75
3,1,17,3.12158179283,5.0
3,1,17,3.14862179756,5.0
3,1,18,3.1434867382,3.75
3,1,18,3.18147993088,3.75
3,1,20,3.10402321815,2.5
3,1,20,-3.07424592972,2.5
3,1,21,3.13469409943,4.5
3,1,21,3.17221522331,4.5
3,1,22,3.16092061996,4.83333
3,1,22,3.20351862907,4.83333
3,1,24,3.12261915207,4.5
3,1,24,-3.12196016312,4.5
3,1,25,3.15810966492,5.5
3,1,25,3.15314435959,5.5
3,1,26,3.16915249825,4.0
3,1,26,3.19276928902,4.0
3,1,27,3.17487025261,5.25
3,1,27,3.19116473198,5.25
3,1,28,3.18512439728,4.75
3,1,28,3.13729262352,4.75
3,1,29,3.13285160065,1.25
3,1,29,-3.06199932098,1.25
3,1,30,3.13194394112,4.5
3,1,30,3.15528941154,4.5
3,1,33,3.09754323959,3.0
3,1,33,3.18199872971,3.0
3,1,34,-3.1104528904,4.125
3,1,34,3.17477798462,4.125
3,1,35,3.11218547821,4.375
3,1,35,3.18199896812,4.375
3,1,40,-3.07658338547,5.0
3,1,40,3.22282719612,5.0
3,1,43,-3.10459852219,4.0
3,1,43,3.15872621536,4.0
3,1,44,3.11506462097,3.0
3,1,44,3.20001792908,3.0
3,1,45,3.09041833878,4.25
3,1,45,3.19409251213,4.25
3,1,46,3.0778837204,5.0
3,1,46,3.19412875175,5.0
3,1,47,3.1570930481,4.25
3,1,47,3.17923665047,4.25
3,1,48,3.08901357651,2.5
3,1,48,3.15428090096,2.5
3,1,49,3.09204959869,5.0
3,1,49,3.17676353455,5.0
3,1,50,-3.1255645752,4.66667
3,1,50,3.18702793121,4.66667
3,1,51,3.14061522484,4.5
3,1,51,3.18306493759,4.5
3,1,52,3.14568734169,3.5
3,1,52,3.18320274353,3.5
3,1,55,3.08492231369,3.25
3,1,55,3.15481638908,3.25
3,1,56,-3.0880548954,4.0
3,1,56,3.16223692894,4.0
3,1,57,3.15247321129,4.875
3,1,57,3.24728941917,4.875
3,1,58,3.26902985573,4.5
3,1,58,3.21852374077,4.5
3,1,59,3.17197155952,5.5
3,1,59,3.20970129967,5.5
3,1,60,3.12216520309,5.5
3,1,60,3.18546438217,5.5
3,1,61,3.09828472137,5.5
3,1,61,3.2208943367,5.5
3,1,62,3.14117503166,4.375
3,1,62,3.18198227882,4.375
3,1,63,3.20382881165,4.75
3,1,63,3.18536257744,4.75
3,1,64,-3.0825138092,5.75
3,1,64,3.20357012749,5.75
3,1,65,3.23995757103,6.25
3,1,65,3.16190266609,6.25
3,1,66,3.19748997688,3.0
3,1,66,3.1573278904,3.0
3,1,70,3.14369940758,2.75
3,1,70,3.17145800591,2.75
3,1,71,-3.07059931755,2.0
3,1,71,3.18284082413,2.0
3,1,73,-3.09904384613,3.0
3,1,73,-3.07091116905,3.0
3,1,74,3.06702637672,4.0
3,1,74,3.197245121,4.0
3,1,75,3.13882660866,4.0
3,1,75,3.12645745277,4.0
3,1,78,3.13144397736,5.25
3,1,78,-3.0989844799,5.25
3,1,79,3.12958097458,5.25
3,1,79,3.17930626869,5.25
3,1,80,3.11455106735,2.75
3,1,80,3.17415952682,2.75
3,1,81,3.12681722641,2.75
3,1,81,3.22712445259,2.75
3,1,82,3.12014842033,3.0
3,1,82,3.17574739456,3.0
3,1,83,3.10209918022,4.5
3,1,83,3.18650555611,4.5
3,1,84,3.13728284836,3.75
3,1,84,3.18071484566,3.75
3,1,85,3.12931537628,2.0
3,1,85,3.20458197594,2.0
3,1,86,3.14062380791,4.25
3,1,86,3.18926763535,4.25
3,1,87,3.14133524895,4.25
3,1,87,3.15986227989,4.25
3,1,88,3.27621650696,4.0
3,1,88,3.17913722992,4.0
3,1,89,-3.16974711418,4.25
3,1,89,3.15540575981,4.25
3,1,90,3.15786647797,3.75
3,1,90,3.14050483704,3.75
3,1,91,3.11508107185,4.0
3,1,91,3.17094182968,4.0
3,1,92,3.14014482498,3.5
3,1,92,3.11028265953,3.5
3,1,93,3.12315917015,3.25
3,1,93,3.18617939949,3.25
3,1,94,3.14824795723,3.25
3,1,94,3.12619638443,3.25
3,1,95,3.15582728386,3.75
3,1,95,3.16090869904,3.75
3,1,96,3.08657312393,3.875
3,1,96,3.16327881813,3.875
3,1,97,3.15316820145,1.25
3,1,97,3.19728183746,1.25
3,1,98,3.09031891823,1.75
3,1,98,3.14538097382,1.75
3,1,99,-3.10936403275,1.5
3,1,99,3.17034316063,1.5
3,1,100,3.13748478889,2.375
3,1,100,3.18160033226,2.375
3,1,101,3.21011543274,4.375
3,1,101,-3.10411906242,4.375
3,1,102,3.15454268456,5.25
3,1,102,3.17608475685,5.25
3,1,103,3.15125012398,1.5
3,1,103,3.144749403,1.5
3,1,104,-3.12647676468,3.5
3,1,104,3.15112519264,3.5
3,1,105,-3.09591126442,1.25
3,1,105,3.12982416153,1.25
3,1,106,3.20522999763,2.75
3,1,106,3.15829873085,1.875
3,2,2,3.26543521881,1.875
3,2,2,3.20811033249,3.25
3,2,5,3.18015694618,3.25
3,2,5,3.19686722755,5.25
3,2,6,3.17920947075,5.25
3,2,6,3.18127942085,6.0
3,2,7,3.19310355186,6.0
3,2,7,3.14562344551,6.0
3,2,8,3.15821909904,6.0
3,2,8,3.20671963692,4.5
3,2,9,3.17002606392,4.5
3,2,9,3.16074442863,4.0
3,2,10,3.19868373871,4.0
3,2,10,3.14926671982,4.125
3,2,11,3.15374779701,4.125
3,2,11,3.17888116837,5.25
3,2,12,3.18354010582,5.25
3,2,12,3.16013169289,5.0
3,2,13,3.1604912281,5.0
3,2,13,3.18942928314,3.75
3,2,14,3.20188069344,3.75
3,2,14,3.13292884827,2.5
3,2,26,3.17292690277,2.5
3,2,26,3.16650986671,4.0
3,2,27,3.18925642967,4.0
3,2,27,3.13776731491,4.0
3,2,28,3.17591047287,4.0
3,2,28,3.13127017021,4.0
3,2,29,3.11691427231,4.0
3,2,29,3.14966869354,3.625
3,2,30,3.18485808372,3.625
3,2,30,3.14368724823,3.25
3,2,31,3.1788020134,3.25
3,2,31,3.15051054955,3.25
3,2,32,3.07298445702,3.25
3,2,32,3.09126734734,3.5
3,2,34,3.16310739517,3.5
3,2,34,3.15103411674,3.875
3,2,35,3.10164642334,3.875
3,2,35,3.12491893768,2.75
3,2,36,3.17349982262,2.75
3,2,36,3.1430516243,2.25
3,2,37,3.22502326965,2.25
3,2,37,3.14293789864,3.25
3,2,38,3.16385006905,3.25
3,2,38,3.1617166996,4.25
3,2,39,3.16750836372,4.25
3,2,39,3.16307497025,2.75
3,2,40,3.2049767971,2.75
3,2,40,3.1212041378,3.5
3,2,41,3.08372616768,3.5
3,2,41,3.17159414291,2.5
3,2,42,3.09813213348,2.5
3,2,42,3.14917635918,4.0
3,2,43,3.22666549683,4.0
3,2,43,3.17794537544,5.0
3,2,44,3.11599731445,5.0
3,2,44,3.19256019592,3.25
3,2,45,3.05765008926,3.25
3,2,45,3.14407444,4.5
3,2,46,-3.09964179993,4.5
3,2,46,3.12744379044,3.875
3,2,47,-3.09995651245,3.875
3,2,47,3.17520594597,4.25
3,2,48,3.07327246666,4.25
3,2,48,-3.13393759727,3.75
3,2,50,3.17609024048,3.75
3,2,50,3.17802762985,4.0
3,2,51,3.17266821861,4.0
3,2,51,3.12944984436,1.5
3,2,52,3.15250945091,1.5
3,2,52,3.15907549858,4.5
3,2,53,3.17918539047,4.5
3,2,53,3.20172715187,3.33333
3,2,55,3.14998054504,3.33333
3,2,55,3.15070652962,4.25
3,2,56,3.14824867249,4.25
3,2,56,3.152957201,2.25
3,2,59,-3.06703805923,2.25
3,2,59,3.2042658329,3.75
3,2,60,3.13423490524,3.75
3,2,60,3.16101789474,4.375
3,2,61,3.19615530968,4.375
3,2,61,3.13551902771,5.25
3,2,62,3.17626833916,5.25
3,2,62,3.13495159149,1.25
3,2,63,3.18000197411,1.25
3,2,63,3.13408637047,2.375
3,2,64,3.17998051643,2.375
3,2,64,3.15708017349,3.75
3,2,66,3.12487483025,3.75
3,2,66,3.20901370049,5.25
3,2,67,-3.10077857971,5.25
3,2,67,3.13151597977,5.5
3,2,68,3.16227817535,5.5
3,2,68,3.14055109024,1.25
3,2,69,-3.09866738319,1.25
3,2,69,3.16989779472,3.66667
3,2,70,3.16397547722,3.66667
3,2,70,-3.191832304,2.375
3,2,71,3.17432498932,2.375
3,2,71,3.14536881447,3.75
3,2,73,3.1443810463,3.75
3,2,73,3.18717002869,2.75
3,2,78,3.21139669418,2.75
3,2,78,3.15926790237,3.75
3,2,79,3.10288619995,3.75
3,2,79,3.18185400963,4.75
3,2,80,3.16973805428,4.75
3,2,80,3.17379570007,4.375
3,2,81,3.12108278275,4.375
3,2,81,3.14535355568,3.25
3,2,82,3.10386371613,3.25
3,2,82,3.1471824646,4.25
3,2,83,3.17373657227,4.25
3,2,83,3.14934849739,4.0
3,2,84,-3.16488218307,4.0
3,2,84,3.15424609184,3.25
3,2,85,3.17104768753,3.25
3,2,85,3.18338918686,2.75
3,2,86,-3.06562447548,2.75
3,2,86,3.15300893784,3.75
3,2,87,3.15249943733,3.75
3,2,87,3.16932940483,4.0
3,2,88,3.12736940384,4.0
3,2,88,3.15643358231,4.25
3,2,90,3.1587240696,4.25
3,2,90,3.1615588665,4.5
3,2,91,3.13420081139,4.5
3,2,91,3.14181470871,3.75
3,2,94,3.149715662,3.75
3,2,94,3.18022346497,1.5
3,2,95,3.26257967949,1.5
3,2,95,3.12475705147,3.125
3,2,96,3.17388820648,3.125
3,2,96,3.16928076744,5.0
3,2,97,3.19650006294,5.0
3,2,97,3.14821219444,4.5
3,2,98,3.14241743088,4.5
3,2,98,3.13908338547,2.625
3,2,99,3.18552732468,2.625
3,2,99,3.15464377403,1.25
3,2,100,3.20353126526,1.25
3,2,100,3.15244007111,3.125
3,2,101,3.18020558357,3.125
3,2,101,3.16058039665,2.0
3,2,102,-3.05653476715,2.0
3,2,102,3.14586400986,4.0
3,2,103,3.1366815567,4.0
3,2,103,3.11952209473,3.5
3,2,104,3.11817288399,3.5
3,2,104,3.18170285225,3.5
3,2,105,3.16288924217,3.5
3,2,105,3.18199157715,3.875
3,2,106,3.12704849243,3.875
3,2,106,3.13054490089,4.625
3,2,107,-3.153216362,4.625
3,2,107,3.1675555706,4.0
3,2,108,3.13850545883,4.0
3,2,108,3.17507123947,4.25
3,2,110,3.20741558075,4.25
3,2,110,3.17754745483,3.5
3,2,111,3.23641443253,3.5
3,2,111,3.1220433712,3.0
4,1,23,4.01549577713,1.0
4,1,23,4.26509046555,1.0
4,1,30,4.11629867554,1.125
4,1,30,4.63987827301,1.125
4,1,31,4.18597793579,2.25
4,1,31,4.64954948425,2.25
4,1,32,4.50737524033,1.5
4,1,32,4.25967597961,1.5
4,1,33,4.67018127441,1.5
4,1,33,4.10054588318,1.5
4,1,34,4.64154815674,1.5
4,1,34,4.16801595688,1.5
4,1,35,4.52383565903,1.75
4,1,35,3.64807772636,1.75
4,1,36,4.01681995392,0.875
4,1,36,3.93962025642,0.875
4,1,37,4.58676862717,2.25
4,1,37,4.21761846542,2.25
4,1,38,4.69449424744,2.5
4,1,38,4.58559942245,2.5
4,1,39,4.55643033981,2.5
4,1,39,4.50571155548,2.5
4,1,40,4.46029949188,4.0
4,1,40,3.58727359772,4.0
4,1,41,4.31724882126,2.5
4,1,41,3.90224313736,2.5
4,1,42,4.89145612717,1.75
4,1,42,4.68670797348,1.75
4,1,45,4.091340065,2.125
4,1,45,3.38794159889,2.125
4,1,46,4.67415237427,3.75
4,1,46,4.58891487122,3.75
4,1,48,4.5810303688,1.5
4,1,48,4.22928237915,1.5
4,1,49,4.5367808342,4.25
4,1,49,3.76328372955,4.25
4,1,50,2.50543928146,2.0
4,1,50,2.59096932411,2.0
4,1,51,4.2243180275,2.75
4,1,51,4.16996479034,2.75
4,1,52,4.19531297684,3.25
4,1,52,3.07375383377,3.25
4,1,54,4.10417461395,3.375
4,1,54,4.46343898773,3.375
4,1,55,4.2739777565,2.5
4,1,55,4.59227895737,2.5
4,1,56,3.66579866409,2.0
4,1,56,2.7864716053,2.0
4,1,57,4.48931741714,2.75
4,1,57,3.86892604828,2.75
4,1,58,4.23948669434,2.25
4,1,58,4.0705947876,2.25
4,1,59,4.50590324402,1.875
4,1,59,4.23643016815,1.875
4,1,63,4.32695198059,1.0
4,1,63,2.80894351006,1.0
4,1,64,2.32143211365,3.5
4,1,64,3.57044649124,3.5
4,1,65,4.68458938599,4.75
4,1,65,4.47100448608,4.75
4,1,66,4.22634792328,1.0
4,1,66,3.48661255836,1.0
4,1,67,4.60359239578,1.75
4,1,67,4.03001260757,1.75
4,1,68,4.03307533264,5.5
4,1,68,4.0790886879,5.5
4,1,69,3.87581801414,5.5
4,1,69,2.86274576187,5.5
4,1,70,3.73079156876,5.25
4,1,70,4.63084459305,5.25
4,1,71,4.7654132843,2.125
4,1,71,3.56354665756,2.125
4,1,72,4.87710666656,2.375
4,1,72,4.61240005493,2.375
4,1,73,4.94990491867,4.25
4,1,73,4.22670269012,4.25
4,1,74,5.04324436188,3.5
4,1,74,2.96262097359,3.5
4,1,75,4.09650611877,4.75
4,1,75,4.33388900757,4.75
4,1,77,-1.32874953747,2.625
4,1,77,3.68188452721,2.625
4,1,99,3.7102534771,2.375
4,1,99,3.11198353767,2.375
4,1,102,4.81672048569,1.5
4,1,102,3.771525383,1.5
4,1,104,4.82864713669,1.25
4,1,104,2.84901762009,1.25
4,1,105,4.87705183029,3.625
4,1,105,3.30725812912,3.625
4,1,110,4.80719566345,4.0
4,1,110,4.30311441422,4.0
4,1,111,4.68312215805,3.5
4,1,111,4.60519218445,3.5
4,1,112,4.39845657349,1.0
7,1,1,-1.14136123657,3.5
7,1,1,3.03313088417,3.5
7,1,2,3.75016546249,5.5
7,1,2,2.45632314682,5.5
7,1,3,3.39022684097,4.75
7,1,3,3.49988222122,4.75
7,1,4,3.73319888115,3.25
7,1,4,3.44974708557,3.25
7,1,5,3.57091259956,4.75
7,1,5,2.95952653885,4.75
7,1,7,3.28579497337,2.25
7,1,7,0.670296907425,2.25
7,1,8,2.86765742302,4.5
7,1,8,3.44091939926,4.5
7,1,9,0.295721113682,2.0
7,1,9,3.20448946953,2.0
7,1,10,2.79039168358,2.75
7,1,10,3.29803371429,2.75
7,1,11,3.44264674187,1.75
7,1,11,1.60673046112,1.75
7,1,12,0.0819641649723,5.0
7,1,12,2.84974217415,5.0
7,1,13,2.55671262741,3.0
7,1,13,2.50327682495,3.0
7,1,14,3.12571144104,1.75
7,1,14,2.99954223633,1.75
7,1,18,-0.714207589626,6.0
7,1,18,3.11785960197,6.0
7,1,19,3.59618496895,4.75
7,1,19,3.1124587059,4.75
7,1,20,3.50362634659,5.25
7,1,20,3.23421001434,5.25
7,1,22,3.49137878418,3.75
7,1,22,3.03078794479,3.75
7,1,23,3.69721126556,4.0
7,1,23,2.92645978928,4.0
7,1,24,1.07858109474,5.0
7,1,24,3.08679676056,5.0
7,1,25,-1.05756545067,4.5
7,1,25,3.01943278313,4.5
7,1,26,3.46712756157,3.0
7,1,26,2.7555141449,3.0
7,1,27,1.86543309689,4.25
7,1,27,2.54065322876,4.25
7,1,28,1.08455121517,5.25
7,1,28,2.49080133438,5.25
7,1,29,3.0487639904,4.25
7,1,29,3.21359825134,4.25
7,1,30,3.55005335808,3.0
7,1,30,3.0562183857,3.0
7,1,31,3.45998430252,4.5
7,1,31,3.22458195686,4.5
7,1,32,3.55051898956,3.75
7,1,32,3.20467162132,3.75
7,1,33,2.66399312019,4.75
7,1,33,2.96734023094,4.75
7,1,34,0.917900145054,5.5
7,1,34,3.49978685379,5.5
7,1,35,3.13261723518,6.0
7,1,35,-1.85344469547,6.0
7,1,36,3.08724141121,4.25
7,1,36,2.8374106884,4.25
7,1,37,2.76556754112,4.25
7,1,37,1.09933483601,4.25
7,1,38,3.46775102615,3.5
7,1,38,2.83569264412,3.5
7,1,39,1.80487799644,5.5
7,1,39,1.9434056282,5.5
7,1,40,3.61090636253,5.5
7,1,40,3.41817855835,5.5
7,1,41,2.00758385658,4.75
7,1,41,2.78544831276,4.75
7,1,42,3.51546096802,3.0
7,1,42,2.95004153252,3.0
7,1,43,3.47031807899,3.5
7,1,43,3.07849836349,3.5
7,1,44,2.28206205368,6.25
7,1,44,2.84053492546,6.25
7,1,45,0.638649344444,4.5
7,1,45,2.9886302948,4.5
7,1,46,3.38975310326,4.0
7,1,46,3.04958534241,4.0
7,1,47,3.47403311729,4.5
7,1,47,2.99836564064,4.5
7,1,48,3.25300884247,1.5
7,1,48,2.99231314659,1.5
7,1,49,-1.86059617996,4.5
7,1,49,2.28160572052,4.5
7,1,50,3.34264922142,5.0
7,1,50,3.32395935059,5.0
7,1,51,3.61727166176,3.5
7,1,51,2.98197293282,3.5
7,1,52,3.20112633705,0.75
7,1,52,2.82642269135,0.75
7,1,53,4.03813695908,5.5
7,1,53,3.00672960281,5.5
7,1,55,2.56701135635,2.5
7,1,55,-1.64877355099,2.5
7,1,57,3.49914884567,4.25
7,1,57,2.98404788971,4.25
7,1,58,0.760359406471,6.0
7,1,58,2.27827548981,6.0
7,1,59,0.14641046524,5.25
7,1,59,0.0871198326349,5.25
7,1,60,3.23342084885,3.25
7,1,60,3.20235300064,3.25
7,1,61,2.95532631874,5.0
7,1,61,3.0479619503,5.0
7,1,62,0.788817107677,4.5
7,1,62,2.95707893372,4.5
7,1,63,2.42689538002,5.5
7,1,63,2.53330850601,5.5
7,1,64,-1.22360169888,5.0
7,1,64,2.19961595535,5.0
7,1,65,0.654647290707,5.25
7,1,65,2.58437752724,5.25
7,1,66,3.22797608376,4.25
7,1,66,2.52537107468,4.25
7,1,67,2.76159453392,4.75
7,1,67,3.1318936348,4.75
7,1,68,1.42596149445,4.25
7,1,68,2.86973333359,4.25
7,1,69,2.96800971031,5.5
7,1,69,2.43033313751,5.5
7,1,70,2.93378162384,5.5
7,1,70,2.67539548874,5.5
7,1,71,2.79047131538,4.75
7,1,71,2.80972003937,4.75
7,1,72,3.05869817734,2.0
7,1,72,2.8954975605,2.0
7,1,73,1.1079826355,1.0
7,1,73,2.41686415672,1.0
7,1,74,0.912266969681,4.25
7,1,74,3.02572274208,4.25
7,1,75,3.03504061699,4.75
7,1,75,2.26265978813,4.75
7,1,76,3.28014802933,2.75
7,1,76,3.20297336578,2.75
7,1,78,3.12725830078,4.0
7,1,78,1.93922412395,4.0
7,1,79,2.8232820034,3.0
7,1,79,2.76326942444,3.0
7,1,80,2.90178418159,2.0
7,1,80,2.94997692108,2.0
7,1,81,3.31807971001,4.0
7,1,81,0.398837059736,4.0
7,1,82,3.54853367805,5.25
7,1,82,2.66816592216,5.25
7,1,83,3.39516997337,4.75
7,1,83,2.74800944328,4.75
7,1,84,2.14075922966,4.75
7,1,84,2.91734576225,4.75
7,1,86,3.46577548981,3.25
7,1,86,2.81672620773,3.25
7,1,88,0.504641532898,6.5
7,1,88,3.50400257111,6.5
7,1,90,3.46833944321,4.0
7,1,90,-2.217856884,4.0
7,1,92,2.31837964058,5.75
7,1,92,2.01356816292,5.75
7,1,93,2.86323356628,4.25
7,1,93,2.79492378235,4.25
7,1,94,3.40111708641,3.0
7,1,94,1.939011693,3.0
7,1,95,3.5835852623,4.75
7,1,95,2.69733119011,4.75
7,1,96,4.07957744598,5.5
7,1,96,2.82796812057,5.5
7,1,97,3.088742733,5.5
7,1,97,1.53023016453,5.5
7,1,98,3.2528822422,3.25
7,1,98,2.72770643234,3.25
7,1,101,3.06244039536,4.0
7,1,101,2.97830939293,4.0
7,1,102,3.55712389946,4.25
7,1,102,1.33399569988,4.25
7,1,103,3.73559617996,3.25
7,1,103,2.6087436676,3.25
7,1,104,1.82662832737,4.75
7,1,104,2.56541633606,4.75
7,1,105,2.74886822701,4.75
7,1,105,-0.135845541954,4.75
7,1,106,3.34192037582,4.75
7,1,106,2.58962392807,4.75
7,1,109,3.03282546997,6.25
7,1,109,2.32794809341,4.25
7,2,1,3.3675391674,4.25
7,2,1,2.7172460556,2.75
7,2,2,3.25316882133,2.75
7,2,2,3.02612233162,5.75
7,2,3,2.84774875641,5.75
7,2,3,3.22365880013,3.0
7,2,4,3.55418920517,3.0
7,2,4,2.98357009888,3.25
7,2,5,3.17998743057,3.25
7,2,5,2.68379807472,4.0
7,2,6,3.68065738678,4.0
7,2,6,3.65615415573,5.0
7,2,7,3.36252307892,5.0
7,2,7,3.05192399025,4.0
7,2,8,3.17937302589,4.0
7,2,8,-2.41007137299,4.0
7,2,9,3.17408847809,4.0
7,2,9,3.18438363075,4.0
7,2,10,3.41139054298,4.0
7,2,10,-2.5268535614,2.75
7,2,11,3.37261199951,2.75
7,2,11,1.98879206181,4.25
7,2,12,3.52383089066,4.25
7,2,12,-1.15843641758,4.75
7,2,13,3.33571052551,4.75
7,2,13,3.18525481224,5.5
7,2,14,3.49550676346,5.5
7,2,14,3.16734671593,5.0
7,2,16,2.83111262321,5.0
7,2,16,-1.60690569878,6.0
7,2,17,3.60283851624,6.0
7,2,17,3.56896924973,3.5
7,2,18,1.94801998138,3.5
7,2,18,3.04803943634,4.5
7,2,19,3.10249710083,4.5
7,2,19,3.1600291729,5.5
7,2,20,3.21619367599,5.5
7,2,20,2.29789924622,1.5
7,2,21,2.7156252861,1.5
7,2,21,3.50978183746,3.0
7,2,22,1.69908761978,3.0
7,2,22,2.10183429718,1.75
7,2,23,3.85879659653,1.75
7,2,23,-0.362695455551,3.75
7,2,24,2.95478606224,3.75
7,2,24,2.82389259338,4.75
7,2,25,2.9607000351,4.75
7,2,25,3.66748762131,4.25
7,2,26,3.34883022308,4.25
7,2,26,0.256103605032,4.25
7,2,27,3.34233236313,4.25
7,2,27,2.60463786125,5.75
7,2,28,3.418841362,5.75
7,2,28,1.99507367611,1.75
7,2,29,3.30620598793,1.75
7,2,29,2.66581058502,3.0
7,2,30,3.32548832893,3.0
7,2,30,2.73895335197,3.75
7,2,31,3.30208039284,3.75
7,2,31,3.25873851776,4.5
7,2,32,3.20654702187,4.5
7,2,32,3.44398856163,1.5
7,2,33,3.26429200172,1.5
7,2,33,2.83095836639,4.25
7,2,34,2.01973891258,4.25
7,2,34,3.6025428772,3.5
7,2,35,3.14369225502,3.5
7,2,35,3.6993162632,2.5
7,2,36,2.81691503525,2.5
7,2,36,1.67844426632,3.5
7,2,37,3.3218998909,3.5
7,2,37,-1.16595613956,5.25
7,2,38,0.951761960983,5.25
7,2,38,3.10130906105,4.0
7,2,39,3.45797109604,4.0
7,2,39,3.08155345917,5.25
7,2,40,3.39986348152,5.25
7,2,40,1.92055392265,3.0
7,2,42,2.73118329048,3.0
7,2,42,3.05580234528,2.75
7,2,43,2.93131995201,2.75
7,2,43,2.18714547157,4.5
7,2,44,3.1350107193,4.5
7,2,44,3.21529698372,2.5
7,2,45,2.77294659615,2.5
7,2,45,-2.32274389267,4.75
7,2,46,3.57209086418,4.75
7,2,46,3.28470873833,4.0
7,2,47,2.57117891312,4.0
7,2,47,3.374553442,3.75
7,2,48,3.43154096603,3.75
7,2,48,3.35214495659,4.0
7,2,49,2.89583659172,4.0
7,2,49,2.42343783379,4.25
7,2,50,2.87733769417,4.25
7,2,50,1.15609252453,4.75
7,2,51,2.873285532,4.75
7,2,51,3.41939854622,3.25
7,2,52,3.2597527504,3.25
7,2,52,2.51919293404,5.0
7,2,53,3.42007112503,5.0
7,2,53,3.15977931023,4.0
7,2,55,3.43501830101,4.0
7,2,55,3.18373727798,4.75
7,2,56,3.19013690948,4.75
7,2,56,2.94344520569,1.5
7,2,57,2.3897459507,1.5
7,2,57,2.65491175652,4.0
7,2,58,3.17403316498,4.0
7,2,58,3.28687596321,4.0
7,2,60,3.58151531219,4.0
7,2,60,-1.08606767654,5.5
7,2,61,3.10589313507,5.5
7,2,61,2.01951336861,5.25
7,2,63,2.64275145531,5.25
7,2,63,2.64272356033,3.25
7,2,64,3.07692575455,3.25
7,2,64,1.95821201801,5.0
7,2,65,3.21270895004,5.0
7,2,65,1.70891141891,5.5
7,2,66,3.2693798542,5.5
7,2,66,0.452173471451,6.5
7,2,68,0.42541089654,6.5
7,2,68,-1.86844730377,4.25
7,2,69,2.6858394146,4.25
7,2,69,-0.946780860424,3.25
7,2,70,3.07644557953,3.25
7,2,70,3.14670801163,4.0
7,2,71,2.99518251419,4.0
7,2,71,3.24804186821,4.25
7,2,72,2.67337799072,4.25
7,2,72,3.25640463829,3.25
7,2,73,2.75514006615,3.25
7,2,73,1.90876293182,2.5
7,2,74,2.646723032,2.5
7,2,74,-0.954338848591,3.5
7,2,75,2.8419482708,3.5
7,2,75,3.06136989594,4.5
7,2,76,3.14432239532,4.5
7,2,76,2.27735257149,4.25
7,2,77,1.57200288773,4.25
7,2,77,3.15904951096,5.0
7,2,78,0.422971814871,5.0
7,2,78,3.47134828568,4.0
7,2,80,3.13230109215,4.0
7,2,80,3.65251159668,3.25
7,2,82,2.75488185883,3.25
7,2,82,3.14301681519,5.0
7,2,83,2.60443210602,5.0
7,2,83,2.87122368813,3.75
7,2,84,3.34199094772,3.75
7,2,84,2.90320801735,2.5
7,2,85,2.95889854431,2.5
7,2,85,3.37360692024,2.5
7,2,86,3.11559867859,2.5
7,2,86,2.04359817505,4.5
7,2,87,2.59589338303,4.5
7,2,87,3.26835155487,5.0
7,2,88,2.64189100266,5.0
7,2,88,3.23216104507,3.0
7,2,89,3.20276832581,3.0
7,2,89,3.35077285767,4.0
7,2,90,1.66915512085,4.0
7,2,90,3.27384757996,3.75
7,2,91,2.88170599937,3.75
7,2,91,3.89030575752,4.66667
7,2,92,3.00996637344,4.66667
7,2,92,2.73233151436,4.75
7,2,93,1.54244470596,4.75
7,2,93,-1.78543424606,3.25
7,2,94,2.71075892448,3.25
7,2,94,3.40065717697,2.5
7,2,95,3.00268507004,2.5
7,2,95,3.787961483,3.5
7,2,96,3.11214447021,3.5
7,2,96,3.14771866798,3.0
7,2,97,2.95504808426,3.0
7,2,97,3.1209795475,3.75
7,2,98,2.56306266785,3.75
7,2,98,2.73047566414,4.25
7,2,99,3.20805287361,4.25
7,2,99,0.235704168677,1.75
7,2,100,3.21354675293,1.75
7,2,100,2.14027285576,5.25
7,2,102,0.850612103939,5.25
7,2,102,3.25160074234,4.25
7,2,103,3.03147292137,4.25
7,2,103,3.25525522232,3.5
7,2,104,3.35201740265,3.5
7,2,104,2.09480881691,3.0
7,2,105,2.1965045929,3.0
7,2,105,2.87909603119,6.25
7,2,106,3.22545051575,6.25
7,2,106,3.17072176933,4.5
7,2,107,3.09479022026,4.5
7,2,107,2.15486431122,5.5
7,2,108,3.52621006966,5.5
7,2,108,-2.95768976212,5.25
7,2,109,3.11290097237,5.25
7,2,109,-1.11563718319,4.75
8,1,9,3.87576365471,2.0
8,1,9,5.43309259415,2.0
8,1,10,3.73761963844,1.75
8,1,10,4.04239940643,1.75
8,1,16,-1.46631407738,2.75
8,1,16,5.22157096863,2.75
8,1,17,-2.64369702339,3.25
8,1,17,5.02975988388,3.25
8,1,18,-0.732874274254,3.75
8,1,18,4.91832876205,3.75
8,1,20,-0.215637639165,2.5
8,1,20,4.59888219833,2.5
8,1,21,-0.228102952242,1.75
8,1,21,2.86179542542,1.75
8,1,22,0.0249190665781,3.5
8,1,22,0.882223367691,3.5
8,1,27,-0.974695622921,2.0
8,1,27,1.50655400753,2.0
8,1,30,-1.77383756638,2.5
8,1,30,1.9701321125,2.5
8,1,54,-0.184755012393,3.0
8,1,54,-0.352042198181,3.0
8,1,58,-1.34731185436,1.0
8,1,58,1.56526744366,1.0
8,1,68,2.86439871788,1.5
8,1,68,3.2103934288,1.5
8,1,73,4.08241891861,2.75
8,1,73,3.92682886124,2.75
8,1,74,0.109581708908,2.5
8,1,74,4.34280347824,2.5
8,1,75,3.57738733292,3.0
8,1,75,0.184621065855,3.0
8,1,76,0.838944137096,1.0
8,1,76,4.3696603775,1.0
8,1,77,4.26732063293,3.25
8,1,77,-0.294852077961,3.25
8,1,78,0.571997702122,2.75
8,1,78,5.33833932877,2.75
8,1,79,0.0327969491482,2.0
8,1,79,3.61259794235,2.0
8,1,80,0.0243388004601,1.75
8,1,80,0.774564325809,1.75
8,1,81,1.10547304153,2.25
8,1,81,-2.40315175056,2.25
8,1,82,0.801958680153,1.75
8,1,82,5.21138048172,1.75
8,1,85,-2.83804178238,2.0
8,1,85,1.89565622807,2.0
8,1,88,1.79546666145,2.25
8,1,88,0.735591769218,2.25
8,1,89,4.25194978714,3.5
8,1,89,5.57649707794,3.25
8,2,4,3.66422748566,3.25
8,2,4,5.00011301041,3.75
8,2,5,-5.15973615646,3.75
8,2,5,2.46957921982,1.5
8,2,7,0.702620983124,1.5
8,2,7,1.30221772194,4.25
8,2,8,-0.350232183933,4.25
8,2,8,4.46634340286,2.0
8,2,9,-2.51318526268,2.0
8,2,9,0.0732268691063,3.0
8,2,11,-3.1839966774,3.0
8,2,11,-1.31064152718,2.25
8,2,15,3.90053510666,2.25
8,2,15,5.26095056534,4.0
8,2,16,-0.26216095686,4.0
8,2,16,0.665746212006,3.5
8,2,18,0.264448314905,3.5
8,2,18,3.05464434624,3.75
8,2,20,5.14589118958,3.75
8,2,20,0.136307671666,2.25
8,2,21,-0.906137824059,2.25
8,2,21,4.49573421478,2.25
8,2,22,-2.48036932945,2.25
8,2,22,1.26946175098,2.5
8,2,23,0.945720374584,2.5
8,2,23,4.81596946716,3.0
8,2,24,0.428546756506,3.0
8,2,24,2.9886200428,4.0
8,2,27,0.242768421769,4.0
8,2,27,4.6239361763,2.5
8,2,28,-1.34186601639,2.5
8,2,28,0.972956359386,4.75
8,2,29,-0.246983796358,4.75
8,2,29,2.06196761131,4.25
8,2,30,0.107639893889,4.25
8,2,30,0.726300120354,2.75
8,2,31,-2.70358633995,2.75
8,2,31,0.973440885544,4.0
8,2,32,-1.08892226219,4.0
8,2,32,-4.21385812759,3.5
8,2,35,2.75137901306,3.5
8,2,35,0.554554760456,3.75
8,2,36,-1.23892855644,3.75
8,2,36,-0.909722149372,2.25
8,2,37,-1.62638115883,2.25
8,2,37,0.230076745152,3.75
8,2,38,-0.643712639809,3.75
8,2,38,-0.412833511829,2.0
8,2,39,-0.509415030479,2.0
8,2,39,1.14761400223,2.0
8,2,40,0.224105507135,2.0
8,2,40,0.772714912891,4.0
8,2,41,-1.30199146271,4.0
8,2,41,0.312838047743,3.5
8,2,42,-0.288084715605,3.5
8,2,42,4.05176687241,2.25
8,2,45,0.462334692478,2.25
8,2,45,1.61847293377,4.0
8,2,48,-0.34660795331,4.0
8,2,48,3.93457698822,4.0
8,2,49,0.602455437183,4.0
8,2,49,4.01428747177,3.0
8,2,50,-1.88150393963,3.0
8,2,50,3.49004864693,3.75
8,2,55,-1.01446843147,3.75
8,2,55,3.87375354767,4.75
8,2,57,-0.84703630209,4.75
8,2,57,4.44569396973,3.0
8,2,58,2.02946734428,3.0
8,2,58,4.07383108139,1.75
8,2,62,1.2054169178,1.75
8,2,62,3.65880417824,5.25
8,2,63,2.75291728973,5.25
8,2,63,3.77248096466,1.625
8,2,67,-1.2381054163,1.625
8,2,67,4.05727100372,2.75
8,2,68,4.65667104721,2.75
8,2,68,4.19213056564,3.5
8,2,69,0.490761160851,3.5
8,2,69,3.99746227264,2.0
8,2,71,4.09469938278,2.0
8,2,71,4.37016630173,3.5
8,2,72,1.18846559525,3.5
8,2,72,4.0972533226,3.75
8,2,74,0.319440990686,3.75
8,2,74,4.26875352859,4.0
9,1,2,2.98500299454,5.25
9,1,2,3.93078589439,5.25
9,1,3,2.62118887901,4.75
9,1,3,4.07238388062,4.75
9,1,4,4.31739425659,5.0
9,1,4,4.14151382446,5.0
9,1,5,3.76120972633,5.75
9,1,5,4.2665977478,5.75
9,1,6,3.94326210022,3.5
9,1,6,4.29280138016,3.5
9,1,7,4.18458080292,4.25
9,1,7,4.12124300003,4.25
9,1,8,4.2174577713,4.5
9,1,8,3.78705501556,4.5
9,1,12,4.08796739578,4.75
9,1,12,4.37923240662,4.75
9,1,16,4.08597278595,1.5
9,1,16,4.46716737747,1.5
9,1,17,3.70411372185,4.25
9,1,17,3.85378885269,4.25
9,1,18,3.84525251389,3.5
9,1,18,4.46199464798,3.5
9,1,19,0.521470427513,3.25
9,1,19,4.41496515274,3.25
9,1,20,2.14576864243,4.0
9,1,20,4.23564004898,4.0
9,1,21,4.0845413208,4.5
9,1,21,4.35402822495,4.5
9,1,22,3.92386627197,3.0
9,1,22,4.41876554489,3.0
9,1,23,4.02380847931,4.5
9,1,23,4.22041511536,4.5
9,1,24,4.06661701202,3.5
9,1,24,4.22156143188,3.5
9,1,25,3.12342834473,3.5
9,1,25,4.37116527557,3.5
9,1,26,4.18712759018,4.5
9,1,26,3.66699647903,4.5
9,1,27,4.11046218872,3.75
9,1,27,4.37775421143,3.75
9,1,28,3.9804649353,2.75
9,1,28,4.27299404144,2.75
9,1,29,4.10940599442,2.5
9,1,29,3.63028669357,2.5
9,1,30,3.83203673363,3.0
9,1,30,3.9540708065,3.0
9,1,31,4.14141798019,3.5
9,1,31,4.01997613907,3.5
9,1,32,4.12140226364,2.75
9,1,32,4.41763401031,2.75
9,1,33,4.02970933914,3.75
9,1,33,4.12057447433,3.75
9,1,34,2.46619367599,3.25
9,1,34,4.2584939003,3.25
9,1,35,4.13897800446,3.5
9,1,35,3.80464696884,3.5
9,1,36,3.93691444397,3.5
9,1,36,4.22307348251,3.5
9,1,37,4.26927995682,4.5
9,1,37,4.06339502335,4.5
9,1,38,3.83978557587,3.5
9,1,38,3.69484353065,3.5
9,1,39,4.16919994354,2.75
9,1,39,4.38024044037,2.75
9,1,40,4.11964845657,2.25
9,1,40,4.36642980576,2.25
9,1,41,3.82874488831,3.0
9,1,41,3.39928221703,3.0
9,1,42,2.39685702324,4.0
9,1,42,4.31396722794,4.0
9,1,50,3.36791110039,3.5
9,1,50,4.34267520905,3.5
9,1,51,2.67541146278,3.5
9,1,51,4.29020118713,3.5
9,1,52,4.16490983963,2.75
9,1,52,4.39687919617,2.75
9,1,53,4.12089014053,3.0
9,1,53,3.86847066879,3.0
9,1,54,4.13572692871,2.75
9,1,54,4.1833319664,2.75
9,1,55,3.94271993637,3.5
9,1,55,3.74254012108,3.5
9,1,56,4.39842319489,3.75
9,1,56,4.17696762085,3.75
9,1,59,0.286926269531,2.75
9,1,59,2.92805337906,2.75
9,1,60,4.30428504944,4.0
9,1,60,4.32615852356,4.0
9,1,61,4.10399580002,3.5
9,1,61,4.19782447815,3.5
9,1,63,2.36792826653,3.25
9,1,63,4.23760175705,3.25
9,1,64,4.28862476349,4.25
9,1,64,3.7636487484,4.25
9,1,65,3.22029876709,2.0
9,1,65,4.31439447403,2.0
9,1,66,4.08533906937,4.75
9,1,66,4.0246758461,4.75
9,1,67,3.86739397049,4.25
9,1,67,4.31559610367,4.25
9,1,68,3.90014481544,3.5
9,1,68,4.34208250046,3.5
9,1,69,4.24776220322,5.5
9,1,69,4.40408420563,5.5
9,1,72,3.31534051895,3.75
9,1,72,4.16731500626,3.75
9,1,73,4.1010351181,3.25
9,1,73,4.40850257874,3.25
9,1,74,4.16187238693,3.0
9,1,74,4.38419914246,3.0
9,1,75,3.90054821968,2.5
9,1,75,4.22604227066,2.5
9,1,76,4.08559942245,4.0
9,1,76,4.21703863144,4.0
9,1,77,3.91632604599,3.25
9,1,77,4.24330234528,3.25
9,1,78,4.30291414261,3.5
9,1,78,3.88833165169,3.5
9,1,79,3.76880645752,4.0
9,1,79,4.06767320633,4.0
9,1,81,2.02059197426,2.25
9,1,81,3.50510072708,2.25
9,1,82,1.38433921337,4.0
9,1,82,4.3381896019,4.0
9,1,83,3.90826296806,4.25
9,1,83,4.39338493347,4.25
9,1,84,-1.40906345844,3.0
9,1,84,4.19138431549,3.0
9,1,85,4.28059864044,4.75
9,1,85,4.19819545746,4.75
9,1,86,4.1762881279,4.0
9,1,86,4.19237852097,4.0
9,1,87,2.08496260643,3.25
9,1,87,4.37498521805,3.25
9,1,88,0.238258749247,3.25
9,1,88,4.3467297554,3.25
9,1,89,4.11782979965,2.75
9,1,89,4.2486948967,2.75
9,1,90,3.90342211723,2.75
9,1,90,4.0726981163,2.75
9,1,91,-3.04454302788,3.75
9,1,91,3.8078584671,3.75
9,1,92,4.34691143036,4.0
9,1,92,4.00882816315,4.0
9,1,93,4.1013879776,3.25
9,1,93,3.87837839127,3.25
9,1,94,3.41720938683,3.0
9,1,94,4.43210411072,3.0
9,1,95,4.15709257126,4.25
9,1,95,4.2867770195,4.25
9,1,96,-0.266234308481,4.25
9,1,96,4.18439817429,4.25
9,1,97,4.0155081749,3.5
9,1,97,4.38955450058,3.5
9,1,98,4.14339780807,2.25
9,1,98,4.22078323364,2.25
9,1,99,4.0683722496,3.0
9,1,99,4.33157920837,3.0
9,1,100,2.84055781364,4.25
9,1,100,4.2381439209,4.25
9,1,101,1.40349638462,2.25
9,1,101,3.91446280479,2.25
9,1,102,3.59460735321,3.75
9,1,102,4.37714004517,3.75
9,1,103,4.11112499237,2.25
9,1,103,4.42959499359,2.25
9,1,104,3.78091573715,3.0
9,1,104,4.28409576416,3.0
9,1,105,4.22232866287,3.75
9,1,105,4.36031484604,3.75
9,1,106,4.15965795517,4.0
9,1,106,4.33599996567,4.0
9,1,107,3.52298545837,4.25
9,1,107,4.37921142578,4.25
9,1,110,4.12829589844,4.25
9,1,110,4.34108257294,4.25
9,1,111,3.20490074158,3.0
9,1,111,3.83972716331,4.0
9,2,2,4.24027681351,4.0
9,2,2,4.23050785065,4.5
9,2,3,4.18146467209,4.5
9,2,3,4.02648067474,5.25
9,2,4,3.03022146225,5.25
9,2,4,-0.759030163288,5.5
9,2,5,4.23205137253,5.5
9,2,5,3.83273482323,5.75
9,2,6,3.9439265728,5.75
9,2,6,3.93390798569,5.25
9,2,7,4.27557849884,5.25
9,2,7,4.25846767426,4.5
9,2,8,4.22030544281,4.5
9,2,8,3.89876174927,5.75
9,2,9,4.32883739471,5.75
9,2,9,3.74288964272,4.75
9,2,10,3.89847230911,4.75
9,2,10,3.38303518295,4.5
9,2,11,4.33427286148,4.5
9,2,11,3.44916272163,5.5
9,2,12,4.33123111725,5.5
9,2,12,3.3966383934,3.75
9,2,13,4.03087615967,3.75
9,2,13,4.20802593231,2.75
9,2,16,4.02034664154,2.75
9,2,16,4.02064371109,4.0
9,2,17,4.19649171829,4.0
9,2,17,4.0134601593,4.25
9,2,18,3.19809031487,4.25
9,2,18,4.02339029312,3.0
9,2,20,3.80961036682,3.0
9,2,20,4.17394685745,3.75
9,2,21,4.14455938339,3.75
9,2,21,4.0368180275,3.0
9,2,22,4.16014051437,3.0
9,2,22,4.08372545242,2.75
9,2,23,4.29713201523,2.75
9,2,23,3.997215271,1.75
9,2,24,4.32606220245,1.75
9,2,24,4.1592798233,5.75
9,2,25,4.17545223236,5.75
9,2,25,4.06106996536,3.25
9,2,27,4.20532846451,3.25
9,2,27,4.03523635864,2.75
9,2,30,3.74243497849,2.75
9,2,30,4.19544935226,2.75
9,2,31,4.33290624619,2.75
9,2,31,4.15388393402,2.25
9,2,32,4.246530056,2.25
9,2,32,4.14211559296,2.5
9,2,34,4.3564414978,2.5
9,2,34,4.20641708374,4.75
9,2,36,4.27581930161,4.75
9,2,36,3.76248860359,3.75
9,2,37,3.97530412674,3.75
9,2,37,3.8542406559,2.0
9,2,38,4.27227401733,2.0
9,2,38,4.13147926331,3.25
9,2,42,4.3774061203,3.25
9,2,42,4.1054444313,3.0
9,2,45,3.80247187614,3.0
9,2,45,3.35232162476,4.75
9,2,46,4.25217008591,4.75
9,2,46,4.18409776688,4.0
9,2,50,3.70767188072,4.0
9,2,50,4.04987478256,3.75
9,2,53,3.94169187546,3.75
9,2,53,3.35090947151,4.0
9,2,62,4.18259859085,4.0
9,2,62,4.27004766464,5.0
9,2,63,3.43540835381,5.0
9,2,63,3.5777015686,4.5
9,2,64,3.85502004623,4.5
9,2,64,3.85197067261,5.5
9,2,66,3.98880720139,5.5
9,2,66,4.21717119217,4.25
9,2,67,4.35735940933,4.25
9,2,67,3.84027886391,3.25
9,2,68,3.93662142754,3.25
9,2,68,4.00068902969,3.25
9,2,69,4.28664684296,3.25
9,2,69,4.26330375671,4.75
9,2,70,3.55950331688,4.75
9,2,70,3.40604090691,5.25
9,2,71,4.29476547241,5.25
9,2,71,1.69231939316,5.25
9,2,74,3.31989550591,5.25
9,2,74,4.22228336334,3.75
9,2,75,4.21661138535,3.75
9,2,75,3.28311777115,4.25
9,2,77,3.90555548668,4.25
9,2,77,4.10852384567,5.5
9,2,78,4.35134363174,5.5
9,2,78,4.07375907898,5.25
9,2,79,4.22183847427,5.25
9,2,79,3.83077645302,4.75
9,2,81,3.28376841545,4.75
9,2,81,4.13530015945,3.75
9,2,84,4.17669057846,3.75
9,2,84,4.11602449417,4.75
9,2,85,3.71689844131,4.75
9,2,85,4.30970859528,4.0
9,2,86,3.54208517075,4.0
9,2,86,4.12065315247,3.25
9,2,87,4.30726480484,3.25
9,2,87,4.16217184067,4.5
9,2,88,4.28304767609,4.5
9,2,88,3.82732725143,2.75
9,2,89,4.18609189987,2.75
9,2,89,0.724015533924,3.25
9,2,90,4.17401075363,3.25
9,2,90,4.29437351227,4.25
9,2,91,4.38404893875,4.25
9,2,91,1.9112508297,4.25
9,2,92,4.27581119537,4.25
9,2,92,4.23137378693,5.0
9,2,95,1.14663529396,5.0
9,2,95,4.07566785812,3.0
9,2,96,4.29526615143,3.0
9,2,96,3.42400884628,4.5
9,2,98,4.0741815567,4.5
9,2,98,4.30314922333,5.75
9,2,100,4.3136882782,5.75
9,2,100,4.13195085526,3.0
9,2,103,4.19200468063,3.0
9,2,103,4.12706756592,3.25
9,2,104,4.18020343781,3.25
9,2,104,4.22449111938,4.5
9,2,105,4.38623905182,4.5
9,2,105,4.01070213318,3.75
9,2,107,4.32595014572,3.75
9,2,107,3.30702996254,4.25
9,2,108,4.22104978561,4.25
9,2,108,4.15010547638,2.25
9,2,109,4.33637952805,2.25
9,2,109,4.1899061203,4.5
10,1,4,-1.15079915524,5.5
10,1,4,2.22547364235,5.5
10,1,5,4.59963321686,5.0
10,1,5,4.75960302353,5.0
10,1,6,-4.15504312515,5.0
10,1,6,3.62523007393,5.0
10,1,7,3.21000051498,5.5
10,1,7,4.20904874802,5.5
10,1,8,3.83146095276,6.25
10,1,8,-0.0890857353806,6.25
10,1,9,0.41469168663,5.5
10,1,9,1.27393901348,5.5
10,1,10,0.551944077015,5.0
10,1,10,0.702628970146,5.0
10,1,11,4.47057533264,4.0
10,1,11,4.75343132019,4.0
10,1,12,3.31184244156,4.5
10,1,12,2.88287520409,4.5
10,1,13,0.834412753582,4.25
10,1,13,4.68929481506,4.25
10,1,14,1.62798130512,3.75
10,1,14,3.71220564842,3.75
10,1,20,1.90850663185,5.0
10,1,20,4.73846960068,5.0
10,1,21,-3.23833918571,5.25
10,1,21,4.69221162796,5.25
10,1,22,3.84234452248,4.5
10,1,22,3.21843981743,4.5
10,1,24,0.974966585636,4.75
10,1,24,4.50623130798,4.75
10,1,25,3.28602027893,4.5
10,1,25,4.30114555359,4.5
10,1,26,3.31003475189,2.375
10,1,26,-3.06680250168,2.375
10,1,27,-2.23774337769,4.25
10,1,27,3.77292513847,4.25
10,1,28,1.22224116325,4.75
10,1,28,2.87317657471,4.75
10,1,29,3.47603321075,4.5
10,1,29,4.40332889557,4.5
10,1,30,2.61237859726,5.5
10,1,30,4.58648300171,5.5
10,1,31,1.28260624409,4.75
10,1,31,4.16968297958,4.75
10,1,32,2.35666418076,3.75
10,1,32,2.92874956131,3.75
10,1,33,4.27277421951,4.5
10,1,33,4.72852277756,4.5
10,1,36,4.34072208405,4.75
10,1,36,-3.78930926323,4.75
10,1,39,3.57727646828,4.0
10,1,39,1.34790146351,4.0
10,1,42,3.17672181129,5.25
10,1,42,3.92892718315,5.25
10,1,43,4.31114912033,4.5
10,1,43,4.60407018661,4.5
10,1,44,-2.97787237167,4.5
10,1,44,4.57048225403,4.5
10,1,45,3.27873396873,2.875
10,1,45,4.29398584366,2.875
10,1,46,-4.09059524536,5.0
10,1,46,4.62579345703,5.0
10,1,47,3.37987542152,5.25
10,1,47,4.59117841721,5.25
10,1,48,2.22010087967,5.0
10,1,48,-2.60131669044,5.0
10,1,49,3.0484855175,4.0
10,1,49,2.75190496445,4.0
10,1,50,3.279099226,5.25
10,1,50,4.07429838181,5.25
10,1,51,3.23786640167,5.5
10,1,51,4.35088825226,5.5
10,1,52,2.33945250511,5.0
10,1,52,0.0707787722349,5.0
10,1,53,0.685743510723,5.25
10,1,53,4.65548610687,5.25
10,1,55,-2.76430654526,5.25
10,1,55,4.38924312592,5.25
10,1,56,2.71136450768,4.5
10,1,56,2.95482635498,4.5
10,1,57,3.13751935959,1.5
10,1,57,-2.2334485054,1.5
10,1,61,4.35501146317,4.0
10,1,61,4.75036811829,4.0
10,1,62,2.26459217072,3.75
10,1,62,2.11176013947,3.75
10,1,63,3.86237597466,4.25
10,1,63,4.67122364044,4.25
10,1,64,4.4485039711,5.0
10,1,64,3.82503819466,5.0
10,1,65,2.34866189957,5.75
10,1,65,3.82916116714,5.75
10,1,66,1.53444087505,6.0
10,1,66,4.20509433746,6.0
10,1,67,-0.415324598551,5.25
10,1,67,2.92172503471,5.25
10,1,68,4.12943267822,3.75
10,1,68,-2.67465543747,3.75
10,1,69,4.09317779541,4.5
10,1,69,4.2680439949,4.5
10,1,72,4.62999153137,3.0
10,1,72,4.72246551514,3.0
10,1,73,-2.81836414337,4.25
10,1,73,1.73421657085,4.25
10,1,74,0.950860261917,4.75
10,1,74,4.3619852066,4.75
10,1,75,2.10563468933,4.5
10,1,75,4.55951547623,4.5
10,1,76,1.18240010738,4.75
10,1,76,-0.838483154774,4.75
10,1,77,2.1911175251,4.5
10,1,77,-3.94864463806,4.5
10,1,78,-0.229500830173,5.5
10,1,78,3.81336569786,5.5
10,1,79,2.5617146492,4.5
10,1,79,4.63266706467,4.5
10,1,80,4.44623088837,5.0
10,1,80,4.59377479553,5.0
10,1,81,3.42061805725,4.25
10,1,81,4.39585638046,4.25
10,1,82,1.42525732517,4.5
10,1,82,4.67391967773,4.5
10,1,83,3.50057315826,3.0
10,1,83,2.2305188179,3.0
10,1,84,-2.17764306068,2.75
10,1,84,3.32773184776,2.75
10,1,85,4.25543642044,4.75
10,1,85,4.31312656403,4.75
10,1,86,-2.84066057205,4.0
10,1,86,4.78762388229,4.0
10,1,87,4.32172966003,4.75
10,1,87,3.56447863579,4.75
10,1,88,3.76342582703,5.5
10,1,88,4.66558599472,5.5
10,1,89,2.7333509922,5.25
10,1,89,4.24882936478,5.25
10,1,90,4.08169221878,3.75
10,1,90,2.09524893761,3.75
10,1,91,3.49880027771,4.5
10,1,91,4.26174116135,4.5
10,1,92,2.61875510216,5.0
10,1,92,0.334340363741,5.0
10,1,93,4.43426656723,4.0
10,1,93,3.94609999657,4.0
10,1,94,3.18459630013,5.0
10,1,94,1.92801558971,5.0
10,1,95,3.82105970383,4.75
10,1,95,4.78457832336,4.75
10,1,96,4.28418874741,4.5
10,1,96,3.97895359993,4.5
10,1,97,4.30989789963,3.75
10,1,97,4.61846208572,3.75
10,1,98,2.63134407997,4.5
10,1,98,3.9617664814,4.5
10,1,99,3.88137412071,5.25
10,1,99,0.486892312765,5.25
10,1,100,-3.04760718346,4.0
10,1,100,2.34004282951,4.0
10,1,101,0.224368944764,5.5
10,1,101,4.73398590088,5.5
10,1,102,3.20461392403,5.0
10,1,102,-2.16035866737,5.0
10,1,103,2.50079607964,3.75
10,1,103,4.81738948822,3.75
10,1,104,0.00416780263186,4.5
10,1,104,3.18044567108,4.5
10,1,105,1.61916697025,4.0
10,1,105,-0.197435945272,4.0
10,1,106,4.32226228714,2.0
10,1,106,1.58866500854,2.0
10,1,107,2.89569425583,5.0
10,1,107,4.46276903152,5.0
10,1,108,-2.81429648399,5.0
10,1,108,3.92220616341,3.75
10,2,3,4.61750507355,3.75
10,2,3,1.80149781704,6.25
10,2,4,4.72736310959,6.25
10,2,4,0.293737381697,5.5
10,2,5,3.67165541649,5.5
10,2,5,0.202443450689,5.25
10,2,6,4.70510149002,5.25
10,2,6,4.02892637253,5.25
10,2,7,4.73844051361,5.25
10,2,7,1.22021257877,5.75
10,2,8,4.72207260132,5.75
10,2,8,2.62948393822,3.25
10,2,9,4.2112827301,3.25
10,2,9,4.15286016464,5.25
10,2,10,4.48799371719,5.25
10,2,10,3.86720514297,4.5
10,2,11,4.31366109848,4.5
10,2,11,1.74401903152,4.25
10,2,12,4.69069290161,4.25
10,2,12,4.33869457245,5.25
10,2,13,4.66069746017,5.25
10,2,13,4.54464578629,5.25
10,2,14,4.71002674103,5.25
10,2,14,1.76927101612,5.75
10,2,15,3.16445207596,5.75
10,2,15,-0.807352483273,4.5
10,2,19,3.77421307564,4.5
10,2,19,3.36523938179,2.75
10,2,20,2.08726739883,2.75
10,2,20,-1.6788392067,5.5
10,2,21,4.63539409637,5.5
10,2,21,4.19574165344,5.5
10,2,22,3.50702190399,5.5
10,2,22,4.18670940399,5.0
10,2,23,4.68021059036,5.0
10,2,23,2.37515807152,3.5
10,2,26,4.42941522598,3.5
10,2,26,4.07539558411,4.5
10,2,28,3.51781225204,4.5
10,2,28,3.37339115143,5.0
10,2,29,4.47835874557,5.0
10,2,29,1.91833102703,5.75
10,2,30,4.70086145401,5.75
10,2,30,1.49782001972,4.75
10,2,33,4.52412843704,4.75
10,2,33,3.72874760628,3.75
10,2,36,-3.83579277992,3.75
10,2,36,0.842102527618,5.0
10,2,37,2.11230635643,5.0
10,2,37,2.52064442635,4.75
10,2,38,-1.79911410809,4.75
10,2,38,-2.17747187614,5.25
10,2,39,4.72551679611,5.25
10,2,39,4.42691326141,5.25
10,2,41,4.53564929962,5.25
10,2,41,3.76885223389,5.5
10,2,42,4.18015575409,5.5
10,2,42,4.00476932526,5.75
10,2,43,4.70399665833,5.75
10,2,43,4.56374311447,5.25
10,2,47,4.73681783676,5.25
10,2,47,4.18904399872,5.5
10,2,51,4.35307025909,5.5
10,2,51,4.33926534653,5.5
10,2,52,1.90770316124,5.5
10,2,52,3.80452656746,6.75
10,2,53,4.62711238861,6.75
10,2,53,1.54811120033,5.5
10,2,54,4.26946640015,5.5
10,2,54,1.35926091671,3.75
10,2,55,1.09213316441,3.75
10,2,55,2.10988736153,5.25
10,2,56,-0.138573557138,5.25
10,2,56,-0.0958652719855,5.5
10,2,58,-0.885976016521,5.5
10,2,58,4.00373506546,5.0
10,2,65,4.12743902206,5.0
10,2,65,3.82413387299,3.0
10,2,66,4.65130662918,3.0
10,2,66,2.34294128418,4.33333
10,2,67,4.44648313522,4.33333
10,2,67,4.18451166153,4.75
10,2,68,4.71126556396,4.75
10,2,68,3.56023859978,5.25
10,2,69,2.92266082764,5.25
10,2,69,4.17748785019,4.66667
10,2,70,3.80737709999,4.66667
10,2,70,0.605103194714,4.0
10,2,71,4.71082305908,4.0
10,2,71,3.02566885948,6.25
10,2,72,-3.43520450592,6.25
10,2,72,3.94973874092,5.5
10,2,73,4.40158176422,5.5
10,2,73,2.07726264,4.75
10,2,74,4.61274814606,4.75
10,2,74,1.55229794979,4.5
10,2,75,3.29664921761,4.5
10,2,75,0.276722073555,4.5
10,2,76,4.39034175873,4.5
10,2,76,1.51331019402,3.5
10,2,77,2.57111883163,3.5
10,2,77,-0.506056427956,5.25
10,2,78,-0.15771946311,5.25
10,2,78,4.21337413788,5.5
10,2,79,4.20087909698,5.5
10,2,79,3.13108420372,4.5
10,2,80,3.40516614914,4.5
10,2,80,2.30691576004,5.25
10,2,81,3.97123408318,5.25
10,2,81,4.34501600266,5.25
10,2,82,4.57730340958,5.25
10,2,82,4.51738166809,4.25
10,2,83,0.385786324739,4.25
10,2,83,3.88021326065,4.0
10,2,84,4.0071721077,4.0
10,2,84,3.12700152397,5.25
10,2,85,4.37551403046,5.25
10,2,85,-4.10926485062,4.5
10,2,86,0.955758869648,4.5
10,2,86,2.42607307434,5.5
10,2,87,1.06142926216,5.5
10,2,87,-3.82624745369,5.5
10,2,88,2.36004734039,5.5
10,2,88,1.92426025867,4.0
10,2,89,4.57258939743,4.0
10,2,89,2.99911046028,4.25
10,2,90,2.7755022049,4.25
10,2,90,-2.57082772255,4.25
10,2,91,3.60863184929,4.25
10,2,91,3.04795026779,5.75
11,1,4,4.43165063858,5.75
11,1,4,2.72509050369,5.75
11,1,5,4.63805246353,4.5
11,1,5,2.37849116325,4.5
11,1,6,4.46831560135,5.0
11,1,6,4.66623973846,5.0
11,1,7,4.41588449478,4.25
11,1,7,2.57719969749,4.25
11,1,8,2.61866259575,4.25
11,1,8,2.60269498825,4.25
11,1,9,3.81846284866,4.0
11,1,9,2.03768658638,4.0
11,1,10,2.95923995972,4.66667
11,1,10,2.11557102203,4.66667
11,1,11,4.5809879303,4.5
11,1,11,3.695925951,4.5
11,1,12,3.75431489944,5.5
11,1,12,3.10487580299,5.5
11,1,13,3.68791103363,5.25
11,1,13,2.11118721962,5.25
11,1,14,2.05738925934,4.25
11,1,14,1.10504949093,4.25
11,1,15,3.1701772213,3.5
11,1,15,4.73179244995,3.5
11,1,19,2.13950276375,6.25
11,1,19,2.23468995094,6.25
11,1,20,0.693826496601,5.5
11,1,20,2.91025066376,5.5
11,1,21,3.59496808052,4.25
11,1,21,3.33772039413,4.25
11,1,22,3.57366394997,6.25
11,1,22,3.92265343666,6.25
11,1,23,0.890539884567,5.75
11,1,23,3.59811496735,5.75
11,1,24,4.03963804245,3.25
11,1,24,3.53808784485,3.25
11,1,25,2.33254551888,5.0
11,1,25,2.44368124008,5.0
11,1,26,4.60391378403,4.0
11,1,26,1.1239233017,4.0
11,1,27,4.28598928452,4.5
11,1,27,0.187274739146,4.5
11,1,28,4.4623041153,4.5
11,1,28,2.41904687881,4.5
11,1,29,0.891973137856,5.5
11,1,29,0.0420537143946,5.5
11,1,30,3.45432710648,4.25
11,1,30,4.61706972122,4.25
11,1,31,1.41538715363,5.5
11,1,31,2.59657073021,5.5
11,1,32,4.12914943695,4.25
11,1,32,3.18972945213,4.25
11,1,33,4.64959001541,5.0
11,1,33,3.55390071869,5.0
11,1,34,4.68089771271,4.5
11,1,34,1.79543673992,4.5
11,1,35,0.0794876739383,4.5
11,1,35,2.09974527359,4.5
11,1,36,0.463461011648,5.0
11,1,36,1.62408590317,5.0
11,1,37,2.62568616867,3.75
11,1,37,3.68000221252,3.75
11,1,38,2.15064573288,4.5
11,1,38,1.7726970911,4.5
11,1,39,4.24704742432,5.0
11,1,39,2.12284779549,5.0
11,1,48,2.03949856758,2.25
11,1,48,0.336692541838,2.25
11,1,50,3.63878941536,3.0
11,1,50,1.89064824581,3.0
11,1,51,2.89374899864,4.75
11,1,51,3.53243088722,4.75
11,1,57,2.2212100029,2.5
11,1,57,4.51389026642,2.5
11,1,62,4.82552337646,5.0
11,1,62,2.10406684875,5.0
11,1,63,3.86580085754,6.25
11,1,63,1.49543881416,6.25
11,1,64,2.41240119934,5.0
11,1,64,2.18714904785,5.0
11,1,66,3.58446526527,3.25
11,1,66,3.79022264481,3.25
11,1,68,1.06687796116,4.25
11,1,68,1.21777105331,4.25
11,1,69,1.64793562889,4.0
11,1,69,4.55620622635,4.0
11,1,70,4.80237913132,5.0
11,1,70,3.18748807907,5.0
11,1,73,2.6738216877,5.25
11,1,73,1.53548431396,5.25
11,1,75,2.98926305771,3.5
11,1,75,4.2699804306,3.5
11,1,76,2.80419611931,4.0
11,1,76,3.98964810371,4.0
11,1,77,4.74245166779,6.0
11,1,77,4.67822122574,6.0
11,1,78,-0.231835573912,5.0
11,1,78,2.99414420128,5.0
11,1,79,4.77777004242,4.5
11,1,79,2.78421497345,4.5
11,1,80,2.09255027771,6.0
11,1,80,0.789085686207,6.0
11,1,81,2.86785721779,4.5
11,1,81,0.078779540956,4.5
11,1,82,4.51183843613,4.5
11,1,82,2.6226773262,4.5
11,1,83,4.91655683517,3.5
11,1,83,0.576242506504,3.5
11,1,84,3.99310731888,3.5
11,1,84,4.4554901123,3.5
11,1,87,4.51388978958,2.75
11,1,87,3.83369421959,2.75
11,1,88,3.22973179817,3.75
11,1,88,2.46755099297,3.75
11,1,90,0.0507835894823,4.25
11,1,90,4.17807388306,4.25
11,1,91,4.33966684341,5.5
11,1,91,4.71556329727,5.5
11,1,93,0.0268147736788,4.25
11,1,93,4.11162281036,4.25
11,1,94,4.61844444275,5.75
11,1,94,4.00115680695,5.75
11,1,95,1.44656944275,4.25
11,1,95,0.0738523155451,4.25
11,1,96,3.62801551819,4.75
11,1,96,3.20947027206,4.75
11,1,97,1.11403155327,3.75
11,1,97,3.72479915619,3.75
11,1,98,3.7912914753,4.5
11,1,98,4.53662204742,4.5
11,1,99,2.42208647728,6.25
11,1,99,3.59069871902,5.0
11,2,3,3.87167358398,5.0
11,2,3,0.662226736546,4.0
11,2,4,4.09781837463,4.0
11,2,4,4.24640083313,2.25
11,2,5,3.74209618568,2.25
11,2,5,2.42006111145,5.5
11,2,6,4.4399023056,5.5
11,2,6,4.13925409317,0.75
11,2,7,4.62421131134,0.75
11,2,7,4.13697767258,5.0
11,2,8,4.68201303482,5.0
11,2,8,4.38863706589,3.5
11,2,9,3.83645224571,3.5
11,2,9,0.737281680107,4.75
11,2,10,3.46327161789,4.75
11,2,10,4.12495231628,2.25
11,2,12,2.73252463341,2.25
11,2,12,3.72702312469,3.75
11,2,17,0.996076405048,3.75
11,2,17,4.61469602585,4.0
11,2,18,1.41642522812,4.0
11,2,18,4.5936832428,5.25
11,2,19,0.483116477728,5.25
11,2,19,4.66172885895,4.75
11,2,20,3.17525267601,4.75
11,2,20,4.55727291107,6.25
11,2,21,4.64844703674,6.25
11,2,21,2.33356237411,3.75
11,2,22,4.36858940125,3.75
11,2,22,2.94816541672,5.75
11,2,23,3.23436760902,5.75
11,2,23,4.63557672501,5.0
11,2,24,0.10443610698,5.0
11,2,24,4.35012435913,5.0
11,2,25,4.27619552612,5.0
11,2,25,4.18831014633,3.5
11,2,26,4.22107839584,3.5
11,2,26,4.8125872612,5.5
11,2,27,0.929484009743,5.5
11,2,27,4.70414876938,4.5
11,2,28,4.06931829453,4.5
11,2,28,4.62037181854,4.75
11,2,29,1.17019927502,4.75
11,2,29,3.93212366104,4.0
11,2,30,1.70961689949,4.0
11,2,30,4.04089593887,5.0
11,2,31,0.63065880537,5.0
11,2,31,4.75704431534,5.25
11,2,32,2.11493635178,5.25
11,2,32,3.83322167397,4.25
11,2,33,3.34520983696,4.25
11,2,33,4.60365247726,6.5
11,2,34,1.25180876255,6.5
11,2,34,3.10621881485,3.75
11,2,35,2.1979432106,3.75
11,2,35,4.39921045303,4.25
11,2,36,0.936285018921,4.25
11,2,36,2.8553712368,5.0
11,2,37,4.41980934143,5.0
11,2,37,1.61828756332,4.25
11,2,38,2.04947137833,4.25
11,2,38,4.70527076721,4.5
11,2,39,3.97364497185,4.5
11,2,39,4.54443836212,4.25
11,2,40,4.41819143295,4.25
11,2,40,4.39420366287,4.75
11,2,41,4.657558918,4.75
11,2,41,3.69247198105,4.75
11,2,42,3.07691001892,4.75
11,2,42,2.08966231346,5.25
11,2,43,2.02966880798,5.25
11,2,43,1.70751416683,5.5
11,2,44,4.49612522125,5.5
11,2,44,3.69958567619,4.25
11,2,45,2.99624943733,4.25
11,2,45,4.41522789001,4.25
11,2,46,2.38004684448,4.25
11,2,46,3.21679234505,4.0
11,2,47,3.79805970192,4.0
11,2,47,4.32854032516,6.5
11,2,48,4.15562582016,6.5
11,2,48,4.65578460693,2.75
11,2,49,3.98464727402,2.75
11,2,49,0.170068770647,4.25
11,2,50,2.1840069294,4.25
11,2,50,4.47729444504,4.5
11,2,51,3.27193379402,4.5
11,2,51,3.543156147,5.0
11,2,52,1.36393761635,5.0
11,2,52,1.52485978603,4.5
11,2,53,0.0776335969567,4.5
11,2,53,2.27231264114,3.75
11,2,54,3.72087240219,3.75
11,2,54,0.726013958454,4.5
11,2,55,2.2032365799,4.5
11,2,55,2.27245593071,4.75
11,2,56,1.3978574276,4.75
11,2,56,3.62947821617,2.5
11,2,60,4.62559700012,2.5
11,2,60,4.22666788101,3.25
11,2,61,3.87821173668,3.25
11,2,61,0.269665062428,1.75
11,2,62,4.83972930908,1.75
11,2,62,1.00814342499,2.75
11,2,63,4.48332595825,2.75
11,2,63,3.57815647125,4.25
11,2,64,4.26971149445,4.25
11,2,64,4.163022995,2.5
11,2,65,4.81805896759,2.5
11,2,65,1.15360426903,1.75
11,2,66,3.93144273758,1.75
11,2,66,2.30398321152,4.75
11,2,67,3.29269504547,4.75
11,2,67,2.00198531151,4.0
11,2,68,0.102131441236,4.0
11,2,68,0.64910286665,3.25
11,2,69,3.94361352921,3.25
11,2,69,3.27722263336,4.25
11,2,72,2.26402997971,4.25
11,2,72,2.40052986145,4.25
11,2,73,1.51535785198,4.25
11,2,73,1.44212675095,4.25
11,2,74,2.73105430603,4.25
11,2,74,2.70409250259,2.5
11,2,75,0.51811593771,2.5
11,2,75,4.3250246048,5.5
11,2,76,4.41494750977,5.5
11,2,76,4.78085184097,4.5
11,2,77,1.31057047844,4.5
11,2,77,2.16958165169,5.5
11,2,78,4.15451955795,5.5
11,2,78,1.60212635994,4.25
11,2,79,2.37805438042,4.25
11,2,79,4.41132450104,3.75
11,2,80,4.3135228157,3.75
11,2,80,2.34899139404,3.0
11,2,81,3.03768229485,3.0
11,2,81,4.28887605667,4.75
11,2,82,3.445728302,4.75
11,2,82,1.65645194054,4.0
11,2,83,3.40031814575,4.0
11,2,83,3.81257653236,4.75
11,2,84,3.24544262886,4.75
11,2,84,4.62174654007,5.0
11,2,85,2.8134021759,5.0
11,2,85,1.82303524017,5.75
11,2,86,0.56253862381,5.75
11,2,86,4.56636285782,4.25
11,2,87,4.1936416626,4.25
11,2,87,2.34222769737,5.0
11,2,88,4.72915220261,5.0
11,2,88,3.29669594765,4.75
11,2,89,3.58579754829,4.75
11,2,89,4.67352581024,3.25
11,2,90,4.43401765823,3.25
11,2,90,4.16862154007,4.5
11,2,91,4.72626066208,4.5
11,2,91,3.1526722908,5.5
11,2,92,4.54518556595,5.5
11,2,92,4.79040288925,5.0
11,2,93,2.23076367378,5.0
11,2,93,1.45856928825,4.25
11,2,94,3.88046097755,4.25
11,2,94,3.49286103249,4.0
11,2,95,1.95132780075,4.0
11,2,95,4.82881498337,5.0
11,2,96,4.46160173416,5.0
11,2,96,3.12765789032,3.75
11,2,97,4.60522890091,3.75
11,2,97,1.81444597244,5.0
11,2,98,3.79786849022,5.0
11,2,98,0.11583276093,5.5
11,2,99,2.72430562973,5.5
11,2,99,4.38540792465,4.5
11,2,100,4.52455759048,4.5
11,2,100,3.96334123611,4.75
11,2,101,1.21872889996,4.75
11,2,101,2.5864007473,3.75
11,2,102,3.35544729233,3.75
11,2,102,0.172613456845,5.25
11,2,103,4.63153600693,5.25
11,2,103,4.76691913605,6.0
11,2,104,4.47370100021,6.0
11,2,104,2.80230879784,4.5
11,2,105,4.79215478897,4.5
11,2,105,0.0936647057533,3.0
11,2,106,3.8678791523,3.0
11,2,106,2.16926980019,4.75
11,2,109,1.91356754303,4.75
11,2,109,4.78396844864,4.75
11,2,110,3.88073897362,4.75
11,2,110,0.546613752842,4.5
12,1,2,2.99054789543,6.5
12,1,2,3.45704054832,6.5
12,1,3,2.92878985405,6.0
12,1,3,3.36138296127,6.0
12,1,5,3.1982960701,6.0
12,1,5,3.40304613113,6.0
12,1,6,-0.236270472407,5.0
12,1,6,3.52224636078,5.0
12,1,7,3.3520386219,6.25
12,1,7,3.30263566971,6.25
12,1,8,2.90105676651,5.25
12,1,8,3.7097659111,5.25
12,1,9,2.40789222717,4.75
12,1,9,2.97346448898,4.75
12,1,10,3.2801926136,5.25
12,1,10,-3.46094465256,5.25
12,1,11,2.98713350296,5.0
12,1,11,-3.79022049904,5.0
12,1,12,3.39025855064,5.75
12,1,12,3.47248220444,5.75
12,1,69,-1.84198486805,3.75
12,1,69,3.40208864212,4.0
12,2,4,3.27280402184,4.0
12,2,4,3.38207554817,5.25
12,2,5,-3.55316615105,5.25
12,2,5,3.3590195179,5.0
12,2,11,3.47769093513,5.0
12,2,11,3.30586433411,5.25
16,2,5,2.90339517593,4.0
16,2,5,2.93090724945,4.0
16,2,6,3.19587635994,4.5
16,2,6,2.20028543472,4.5
16,2,7,3.25157189369,5.0
16,2,7,3.0521094799,5.0
16,2,8,3.18940806389,3.25
16,2,8,-1.69114530087,3.25
16,2,9,3.33607649803,3.5
16,2,9,-2.19758868217,3.5
16,2,10,3.34427905083,5.5
16,2,10,3.21745657921,5.5
16,2,11,3.3619787693,4.5
16,2,11,3.0691857338,4.5
16,2,12,3.23236060143,5.5
16,2,12,3.12355327606,5.5
16,2,13,3.29937577248,4.5
16,2,13,1.94666230679,4.5
16,2,14,2.70919513702,4.0
16,2,14,0.634587109089,4.0
16,2,15,3.27562594414,4.25
16,2,15,3.2435157299,4.25
16,2,21,3.20041680336,3.75
16,2,21,-1.07323002815,3.75
16,2,22,-1.35708153248,1.75
16,2,22,2.47663998604,1.75
16,2,23,2.24183082581,2.5
16,2,23,-0.460041433573,2.5
16,2,24,-0.608681499958,3.5
16,2,24,2.54625892639,3.5
16,2,25,2.97135567665,3.0
16,2,25,-1.94224870205,3.0
16,2,26,2.29741835594,3.25
16,2,26,2.85377550125,3.25
16,2,27,-3.02453112602,4.25
16,2,27,2.9514913559,4.25
16,2,28,-2.00238466263,3.25
16,2,28,0.51985669136,3.25
16,2,29,-0.828741550446,2.0
16,2,29,0.505820691586,2.0
16,2,30,3.3916156292,3.0
16,2,30,-1.12068402767,3.0
16,2,31,3.41502165794,2.0
16,2,31,3.22307467461,2.0
16,2,32,2.73592948914,2.75
16,2,32,1.24492621422,2.75
16,2,33,2.13655686378,1.5
16,2,33,-2.82446265221,1.5
16,2,34,2.76451420784,2.25
16,2,34,2.9052066803,2.25
16,2,35,-3.05594182014,2.5
16,2,35,-0.436439186335,2.5
16,2,36,-1.59568631649,3.75
16,2,36,-0.256556928158,3.75
16,2,37,2.88645195961,4.5
16,2,37,1.00571596622,4.5
16,2,38,1.25943803787,4.0
16,2,38,-2.06446409225,4.0
16,2,39,-1.42228746414,2.25
16,2,39,-3.00434446335,2.25
16,2,40,2.86134171486,2.0
16,2,40,-0.349143058062,2.0
16,2,41,3.02445459366,1.75
16,2,41,3.01181530952,1.75
16,2,42,2.43390345573,2.5
16,2,42,-0.136285230517,2.5
16,2,43,3.23081755638,2.25
16,2,43,1.3271998167,2.25
16,2,44,3.27710413933,2.75
16,2,44,-2.68442869186,2.75
16,2,45,3.31180429459,3.0
16,2,45,1.78263366222,3.0
16,2,46,0.343670427799,2.5
16,2,46,0.249895140529,2.5
16,2,47,3.40025544167,1.75
16,2,47,3.06254291534,1.75
16,2,48,3.19873452187,3.25
16,2,48,-0.258450478315,3.25
16,2,49,2.95969605446,2.75
16,2,49,-2.44967031479,2.75
16,2,50,0.789576053619,2.25
16,2,50,-2.88398838043,2.25
16,2,51,3.32035565376,3.5
16,2,51,-2.92472052574,3.5
16,2,52,3.36655187607,2.25
16,2,52,-0.899730980396,2.25
16,2,53,3.22305846214,4.0
16,2,53,1.2857619524,4.0
16,2,54,-1.12333571911,1.25
16,2,54,3.11104345322,1.25
16,2,55,0.625436306,4.0
16,2,55,1.28254902363,4.0
16,2,56,2.06173825264,4.75
16,2,56,0.202270925045,4.75
16,2,57,2.47657346725,3.0
16,2,57,2.7216732502,3.0
16,2,58,3.17160749435,2.25
16,2,58,3.37743425369,2.25
16,2,60,2.41279840469,3.0
16,2,60,-1.72133600712,3.0
16,2,61,-0.713021337986,2.5
16,2,61,0.92655980587,2.5
16,2,65,1.29078936577,5.0
16,2,65,1.79534888268,5.0
16,2,66,2.65478014946,5.75
16,2,66,3.27781891823,5.75
16,2,67,3.30408477783,3.5
16,2,67,2.78704214096,3.5
16,2,68,2.98737597466,1.25
16,2,68,-2.84667778015,1.25
16,2,69,3.32169175148,1.75
16,2,69,-2.73313140869,1.75
16,2,70,3.28417944908,1.75
16,2,70,-1.85595965385,1.75
16,2,71,3.12394142151,4.0
16,2,71,0.908057928085,4.0
16,2,72,3.30491781235,2.25
16,2,72,3.28544235229,2.25
16,2,73,3.23388004303,4.0
16,2,73,1.60660624504,4.0
16,2,76,-2.38994193077,3.0
16,2,76,2.73151612282,3.0
16,2,77,3.22500729561,5.5
16,2,77,-2.9837937355,5.5
16,2,78,0.915994405746,4.25
16,2,78,3.25642752647,4.25
16,2,79,2.91787195206,5.0
16,2,79,3.48260784149,5.0
16,2,80,-1.35913038254,4.0
16,2,80,2.93701314926,4.0
16,2,81,-1.0698826313,2.5
16,2,81,3.13485813141,2.5
16,2,82,0.0283591616899,2.25
16,2,82,1.39920866489,2.25
16,2,83,3.36968684196,4.5
16,2,83,2.2535533905,4.5
16,2,84,2.87129378319,3.75
16,2,84,3.01532697678,3.75
16,2,85,2.72262430191,3.5
16,2,85,-1.00728809834,3.5
16,2,86,2.48948574066,4.5
16,2,86,-1.79078185558,4.5
16,2,87,0.426943331957,3.5
16,2,87,-1.851734519,3.5
16,2,88,3.00444555283,3.75
16,2,88,3.34620022774,3.75
16,2,89,2.59412646294,1.75
16,2,89,-1.55769252777,1.75
16,2,90,3.2608730793,1.75
16,2,90,-2.57682037354,1.75
16,2,91,3.27699327469,3.25
16,2,91,3.1591527462,3.25
16,2,92,3.18415975571,2.5
16,2,92,2.85673975945,2.5
16,2,93,0.839542686939,4.0
16,2,93,2.69586348534,4.0
16,2,94,3.297549963,4.0
16,2,94,1.63654088974,4.0
16,2,95,1.52643477917,3.5
16,2,95,2.19065570831,3.5
16,2,96,-1.33433842659,3.5
16,2,96,3.15292811394,3.5
16,2,97,1.81946754456,2.75
16,2,97,2.68338274956,2.75
16,2,98,-2.37525200844,4.5
16,2,98,-0.689667463303,4.5
16,2,99,-3.1778190136,3.25
16,2,99,2.95779037476,3.25
16,2,100,-0.657315731049,3.25
16,2,100,1.18854212761,3.25
16,2,101,-3.22457885742,5.0
16,2,101,2.37951397896,5.0
16,2,102,1.19040262699,1.75
16,2,102,3.11489510536,1.75
16,2,103,1.32313227654,3.25
16,2,103,1.85526919365,3.25
16,2,104,3.05846881866,1.75
16,2,104,1.67031061649,1.75
16,2,105,3.04771614075,3.75
16,2,105,3.22270798683,3.75
16,2,106,2.76237225533,2.75
16,2,106,2.71920013428,2.75
16,2,107,3.08818769455,3.25
16,2,107,-1.07361829281,3.25
16,2,108,0.669414937496,2.75
16,2,108,2.50397133827,2.75
16,2,109,3.22936344147,4.5
16,2,109,3.18406295776,4.5
16,2,110,-2.9932243824,2.25
16,2,110,-0.044867195189,2.25
16,2,111,2.16503691673,3.5
16,2,111,3.01500558853,3.5
16,2,112,2.36226344109,1.5
16,2,112,-0.844461679459,1.5
16,2,113,2.83036470413,2.5
16,2,113,-2.92294502258,2.5
16,2,114,3.21933841705,3.5
16,2,114,0.541622757912,3.5
16,2,115,-3.02019953728,2.75
16,2,115,2.67642140388,2.75
16,2,116,3.13542628288,4.0
17,1,4,1.71269142628,2.75
17,1,4,-2.24436092377,2.75
17,1,5,0.647036969662,2.75
17,1,5,-2.67777490616,2.75
17,1,6,2.61050367355,2.75
17,1,6,-2.67059326172,2.75
17,1,7,2.43825602531,2.75
17,1,7,-2.67427873611,2.75
17,1,8,1.01400840282,2.75
17,1,8,2.37963414192,2.75
17,1,9,0.791589736938,1.5
17,1,9,1.13286805153,1.5
17,1,10,-1.60923302174,1.5
17,1,10,2.82538151741,1.5
17,1,12,-2.24175643921,2.25
17,1,12,2.55199694633,2.25
17,1,17,0.933744549751,3.0
17,1,17,-1.26834893227,3.0
17,1,18,2.618663311,2.75
17,1,18,-2.64240145683,2.75
17,1,19,1.54123616219,4.0
17,1,19,2.44033098221,4.0
17,1,20,2.18533992767,3.5
17,1,20,-2.50544714928,3.5
17,1,21,2.50077199936,2.5
17,1,21,-2.76573324203,2.5
17,1,22,2.47528386116,3.0
17,1,22,-2.63490128517,3.0
17,1,23,2.63671565056,2.5
17,1,23,-2.71256351471,2.5
17,1,24,2.43401193619,3.25
17,1,24,-2.72030568123,3.25
17,1,25,2.4796204567,3.75
17,1,25,-2.01712203026,3.75
17,1,26,2.03283691406,3.0
17,1,26,-2.67873573303,3.0
17,1,27,2.45888972282,4.5
17,1,27,-1.63294494152,4.5
17,1,29,-1.89286482334,4.0
17,1,29,-2.61343979836,4.0
17,1,30,-0.990895152092,5.25
17,1,30,-2.6628677845,5.25
17,1,31,-0.422002851963,4.0
17,1,31,-1.28968143463,4.0
17,1,32,1.38990712166,4.5
17,1,32,-1.98375952244,4.5
17,1,33,2.6520884037,3.75
17,1,33,-2.63553714752,3.75
17,1,34,-2.0897026062,3.25
17,1,34,-2.27297234535,3.25
17,1,35,1.77545654774,2.5
17,1,35,-2.57673931122,2.5
17,1,36,1.49673593044,2.75
17,1,36,-2.63621163368,2.75
17,1,37,1.71439385414,2.5
17,1,37,-2.57626032829,2.5
17,1,38,1.0582228899,2.25
17,1,38,-2.55590653419,2.25
17,1,39,1.20285129547,4.5
17,1,39,-1.9155164957,4.5
17,1,40,2.23828697205,3.0
17,1,40,2.34250593185,3.0
17,1,41,1.30822694302,3.25
17,1,41,-2.37946629524,3.25
17,1,42,1.06991922855,3.75
17,1,42,-2.34832072258,3.75
17,1,43,2.35426712036,4.25
17,1,43,2.14053750038,4.25
17,1,44,-1.02896749973,3.5
17,1,44,-2.70417046547,3.5
17,1,45,0.21281504631,3.0
17,1,45,-2.66857433319,3.0
17,1,46,0.718726277351,4.0
17,1,46,-1.95169627666,4.0
17,1,51,0.483985036612,3.0
17,1,51,-2.52692127228,3.0
17,1,52,-1.50794100761,2.75
17,1,52,-2.55419683456,2.75
17,1,53,-0.882212638855,2.75
17,1,53,-1.95023369789,2.75
17,1,54,0.694459736347,3.25
17,1,54,-2.70124959946,3.25
17,1,55,2.60251903534,2.5
17,1,55,-2.6133184433,2.5
17,1,56,1.31027340889,3.25
17,1,56,-2.03654742241,3.25
17,1,59,-0.896447300911,2.5
17,1,59,-2.60279607773,2.5
17,1,60,2.72175812721,3.0
17,1,60,-1.51853764057,3.0
17,1,61,1.42052066326,2.25
17,1,61,2.64423465729,2.25
17,1,62,1.74837577343,1.75
17,1,62,-1.43105995655,1.75
17,1,63,-1.7120732069,1.75
17,1,63,2.09186577797,1.75
17,1,64,-0.466149449348,1.0
17,1,64,2.49937176704,1.0
17,1,65,-0.739250898361,1.25
17,1,65,2.56741571426,1.25
17,1,67,-2.37571334839,3.0
17,1,67,-2.5793941021,3.0
17,1,68,2.20531821251,3.75
17,1,68,-2.51371097565,3.75
17,1,69,2.19987010956,2.5
17,1,69,-0.799574911594,2.5
17,1,72,1.88835442066,5.25
17,1,72,2.62237787247,5.25
17,1,73,1.04952144623,4.25
17,1,73,-2.50412559509,4.25
17,1,74,-0.868717074394,3.25
17,1,74,-2.10969352722,3.25
17,1,75,2.49362969398,1.75
17,1,75,-1.10583209991,1.75
17,1,76,0.265518009663,4.5
17,1,76,-2.69788432121,4.5
17,1,77,-0.645021915436,3.5
17,1,77,-2.7132897377,3.5
17,1,78,-0.904198288918,4.25
17,1,78,-2.1427488327,4.25
17,1,79,-0.129059404135,3.25
17,1,79,-2.60147881508,3.25
17,1,80,-0.351945668459,4.25
17,1,80,-2.26190376282,4.25
17,1,81,-0.388461202383,4.5
17,1,81,-1.55479156971,4.5
17,1,82,-2.37732219696,5.0
17,1,82,-2.47377371788,5.0
17,1,83,-2.45014667511,3.5
17,1,83,-2.10876584053,3.5
17,1,84,0.639105498791,4.25
17,1,84,-1.52457749844,4.25
17,1,85,-0.110908083618,4.75
17,1,85,-2.45367121696,4.75
17,1,86,0.841463983059,4.0
17,1,86,-2.63074994087,4.0
17,1,87,-1.32537519932,2.5
17,1,87,-2.65960431099,2.5
17,1,88,-0.0506823435426,4.25
17,1,88,-2.26974368095,4.25
17,1,89,-1.07957410812,3.25
17,1,89,-2.64005041122,3.25
17,1,90,2.17704343796,5.5
17,1,90,-1.12326586246,5.5
17,1,91,2.04515957832,3.5
17,1,91,0.19135068357,3.5
17,1,92,2.38281035423,5.25
17,1,92,-2.74710631371,5.25
17,1,93,-1.96707558632,3.5
17,1,93,-0.294179916382,3.5
17,1,94,-1.46001338959,3.5
17,1,94,-2.45577216148,3.5
17,1,95,-1.1288588047,5.25
17,1,95,-2.6684525013,5.25
17,1,96,-0.808180034161,1.5
17,1,96,-2.79362845421,1.5
17,1,97,-0.116090908647,2.5
17,1,97,-1.25702416897,2.5
17,1,98,0.599793076515,3.5
17,1,98,2.58446574211,3.5
17,1,99,2.17153120041,3.5
17,1,99,-2.10031700134,3.5
17,1,100,2.30923247337,2.75
17,1,100,2.50783777237,2.75
17,1,101,2.65815973282,3.0
17,1,101,-2.59211492538,3.0
17,1,102,1.30836987495,3.75
17,1,102,-2.57826328278,3.75
17,1,104,2.67072701454,3.25
17,1,104,2.43452334404,3.25
17,1,105,-0.479944229126,3.75
17,1,105,1.00934100151,3.75
17,1,106,-2.17824530602,2.75
17,1,106,-2.34462237358,2.75
17,1,107,2.57438874245,3.25
17,1,107,-2.11844992638,3.25
17,1,108,-0.449013113976,2.5
17,1,108,-1.84719514847,2.5
17,1,109,2.44079971313,2.5
18,1,2,4.06290769577,4.25
18,1,2,4.48255300522,4.25
18,1,3,4.32767820358,2.25
18,1,3,5.23408794403,2.25
18,1,4,5.05603265762,3.0
18,1,4,4.06756067276,3.0
18,1,5,4.92358875275,1.5
18,1,5,2.92730975151,1.5
18,1,6,5.03683280945,3.5
18,1,6,4.8828625679,3.5
18,1,7,5.46388435364,2.5
18,1,7,3.19094061852,2.5
18,1,8,4.5861530304,2.25
18,1,8,4.75082921982,2.25
18,1,9,5.5272231102,2.0
18,1,9,4.09699487686,2.0
18,1,10,5.5813999176,1.75
18,1,10,3.78326463699,1.75
18,1,11,5.35185527802,5.75
18,1,11,3.02009892464,5.75
18,1,12,5.33692741394,6.0
18,1,12,3.87770652771,6.0
18,1,16,3.02171492577,2.33333
18,1,16,4.91860198975,2.33333
18,1,17,5.46575975418,3.0
18,1,17,4.060962677,3.0
18,1,18,5.29200458527,2.75
18,1,18,4.23714351654,2.75
18,1,19,3.89441156387,2.75
18,1,19,3.88396978378,2.75
18,1,20,3.09910416603,2.75
18,1,20,4.24461221695,2.75
18,1,21,4.39381122589,2.5
18,1,21,3.47146654129,2.5
18,1,28,4.85720777512,3.25
18,1,28,4.83351755142,3.25
18,1,29,4.84083080292,3.75
18,1,29,4.8855009079,3.75
18,1,30,5.42178630829,2.75
18,1,30,4.93067836761,2.75
18,1,31,3.6341574192,3.75
18,1,31,4.86605262756,3.75
18,1,32,4.70198488235,1.25
18,1,32,5.22050571442,1.25
18,1,33,3.67907857895,1.0
18,1,33,4.86079311371,1.0
18,1,34,3.85303425789,2.25
18,1,34,3.38282799721,2.25
18,1,35,5.31452322006,2.25
18,1,35,5.17372083664,2.25
18,1,36,4.19181537628,2.25
18,1,36,5.00847101212,2.25
18,1,37,4.51361179352,2.75
18,1,37,4.57317495346,2.75
18,1,38,3.53301119804,3.5
18,1,38,3.97661280632,3.5
18,1,39,5.26714897156,4.0
18,1,39,3.05011963844,4.0
18,1,40,3.64545917511,4.0
18,1,40,5.2814617157,4.0
18,1,41,4.2445101738,4.0
18,1,41,3.88141822815,4.0
18,1,42,5.02692985535,2.5
18,1,42,4.36748123169,2.5
18,1,43,4.82877540588,4.25
18,1,43,3.76907253265,4.25
18,1,44,5.19710016251,2.5
18,1,44,2.99709391594,2.5
18,1,45,4.41257381439,4.75
18,1,45,3.25480914116,4.75
18,1,46,4.06934547424,2.25
18,1,46,3.5833966732,2.25
18,1,47,4.24949741364,1.75
18,1,47,4.29686546326,1.75
18,1,48,3.70859265327,1.75
18,1,48,4.27252578735,1.75
18,1,49,3.94222712517,1.5
18,1,49,4.54390716553,1.5
18,1,50,4.66653728485,2.25
18,1,50,4.62042999268,2.25
18,1,51,3.58703756332,1.25
18,1,51,3.29649758339,1.25
18,1,53,4.2834277153,3.25
18,1,53,5.30853271484,3.25
18,1,54,4.50990104675,1.25
18,1,54,4.77671003342,1.25
18,1,55,4.1669754982,1.75
18,1,55,4.28774356842,1.75
18,1,56,3.80288910866,3.25
18,1,56,4.79675722122,3.25
18,1,59,4.26344442368,1.66667
18,1,59,4.42960929871,1.66667
18,1,60,3.68885684013,1.0
18,1,60,5.44389724731,1.0
18,1,61,4.72694015503,3.25
18,1,61,3.48363924026,3.25
18,1,62,5.49738836288,1.5
18,1,62,3.46640753746,1.5
18,1,64,4.41733932495,2.25
18,1,64,2.80089449883,2.25
18,1,65,5.33378219604,1.0
18,1,65,2.88724565506,1.0
18,1,66,4.17673301697,1.75
18,1,66,3.44070529938,1.75
18,1,67,3.69645380974,1.0
18,1,67,3.79119825363,1.0
18,1,68,4.42670297623,2.5
18,1,68,2.24132966995,2.5
18,1,74,5.49952507019,1.5
18,1,74,3.35972428322,1.5
18,1,75,4.91248464584,1.0
18,1,75,3.08414316177,1.0
18,1,76,5.30950069427,2.0
18,1,76,5.42251729965,2.0
18,1,77,5.22226858139,1.0
18,1,77,4.31955528259,1.0
18,1,78,3.32238173485,2.0
18,1,78,2.88330674171,2.0
18,1,79,4.85214996338,2.25
18,1,79,5.2605381012,2.25
18,1,80,4.69293880463,3.5
18,1,80,5.08456277847,3.5
18,1,81,3.59676122665,3.75
18,1,81,4.05462789536,3.75
18,1,82,4.70292186737,3.25
18,1,82,4.46226882935,3.25
18,1,84,4.96572542191,4.5
18,1,84,4.16058349609,4.5
18,1,85,4.30781316757,4.0
18,1,85,3.56544280052,4.0
18,1,90,4.22379684448,2.5
18,1,90,3.41923975945,2.5
18,1,91,5.04804897308,2.5
18,1,91,4.38079929352,2.5
18,1,92,3.41195559502,2.25
18,1,92,4.58738279343,2.25
18,1,93,4.82922697067,2.0
18,1,93,2.45225214958,2.0
18,1,94,5.09576940536,2.5
18,1,94,3.21021771431,2.5
18,1,95,3.1484348774,4.25
18,1,95,5.30965137482,4.25
18,1,96,5.33406925201,2.5
18,1,96,2.80399990082,2.5
18,1,97,5.30101060867,3.25
18,1,97,3.66771435738,3.25
18,1,98,5.28167009354,2.25
18,1,98,3.5063931942,2.25
18,1,99,5.32270717621,2.5
18,1,99,4.35465764999,2.5
18,1,100,4.11598443985,3.75
18,1,100,3.50253200531,3.75
18,1,101,4.94769763947,2.25
18,1,101,4.07041931152,2.25
18,1,102,5.4258646965,2.25
18,1,102,3.27131319046,2.25
18,1,103,4.61731052399,2.0
18,1,103,4.58061027527,2.0
18,1,104,4.49929380417,3.25
18,1,104,5.38385391235,3.25
18,1,105,4.22736978531,1.75
18,1,105,2.85920524597,1.75
18,1,109,5.46510362625,3.0
18,1,109,3.80470991135,3.0
18,1,111,3.94310235977,2.75
18,1,111,5.10306835175,2.75
18,1,112,3.82100820541,1.25
