3,1,47,4.22620916367,4.25
3,1,47,4.22341251373,4.25
3,1,10,4.25799798965,2.875
3,1,10,4.28504276276,2.875
3,1,101,4.81951713562,4.375
3,1,101,4.81521511078,4.375
3,1,64,4.70893192291,5.75
3,1,64,4.70780277252,5.75
3,1,45,5.09462785721,4.25
3,1,45,5.08910226822,4.25
3,1,8,4.52395391464,3.5
3,1,8,4.53189563751,3.5
3,1,99,4.49723434448,1.5
3,1,99,4.52746534348,1.5
3,1,94,4.53313827515,3.25
3,1,94,4.52891778946,3.25
3,1,43,4.23587799072,4.0
3,1,43,4.23597621918,4.0
3,1,6,4.87739038467,4.5
3,1,6,4.85895442963,4.5
3,1,97,2.95605373383,1.25
3,1,97,3.21654939651,1.25
3,1,92,4.31382989883,3.5
3,1,92,4.31031703949,3.5
3,1,41,1.55026531219,3.25
3,1,41,1.52177345753,3.25
3,1,4,4.10663747787,3.25
3,1,4,4.23559617996,3.25
3,1,90,2.19765591621,3.75
3,1,90,2.38450574875,3.75
3,1,39,3.36052680016,5.75
3,1,39,3.36346054077,5.75
3,1,2,3.76447486877,4.5
3,1,2,3.7661254406,4.5
3,1,88,2.55718636513,4.0
3,1,88,2.55542516708,4.0
3,1,37,5.00722980499,3.125
3,1,37,5.00617837906,3.125
3,1,86,3.82821989059,4.25
3,1,86,3.85477733612,4.25
3,1,35,4.94184970856,4.375
3,1,35,4.92197036743,4.375
3,1,30,4.45187330246,4.5
3,1,30,4.43550252914,4.5
3,1,84,4.38298845291,3.75
3,1,84,4.37936162949,3.75
3,1,33,4.48883914948,3.0
3,1,33,4.48865032196,3.0
3,1,28,4.68475151062,4.75
3,1,28,4.68467712402,4.75
3,1,82,4.51024436951,3.0
3,1,82,4.47452688217,3.0
3,1,63,3.86870288849,4.75
3,1,63,3.87954616547,4.75
3,1,26,4.36066770554,4.0
3,1,26,4.3629860878,4.0
3,1,80,3.67718029022,2.75
3,1,80,3.6808924675,2.75
3,1,61,3.99194097519,5.5
3,1,61,3.99421906471,5.5
3,1,24,4.51298141479,4.5
3,1,24,4.5162858963,4.5
3,1,59,4.28059530258,5.5
3,1,59,4.28714084625,5.5
3,1,22,4.38177633286,4.83333
3,1,22,4.32831096649,4.83333
3,1,57,4.25143241882,4.875
3,1,57,4.24501419067,4.875
3,1,20,4.43081855774,2.5
3,1,20,4.42810630798,2.5
3,1,79,4.71804094315,5.25
3,1,79,4.73007106781,5.25
3,1,55,4.72544145584,3.25
3,1,55,4.72462940216,3.25
3,1,18,1.37145233154,3.75
3,1,18,1.61128664017,3.75
3,1,77,3.95910549164,4.5
3,1,77,3.95074892044,4.5
3,1,16,4.19919872284,4.75
3,1,16,4.18569278717,4.75
3,1,75,4.1383228302,4.0
3,1,75,4.12986564636,4.0
3,1,51,2.10377812386,4.5
3,1,51,2.10609102249,4.5
3,1,73,4.33163070679,3.0
3,1,73,4.33436870575,3.0
3,1,49,4.45025062561,5.0
3,1,49,4.45094871521,5.0
3,1,108,3.5545899868,2.25
3,1,108,3.55269432068,2.25
3,1,71,4.69712495804,2.0
3,1,71,4.70334672928,2.0
3,1,15,4.82959938049,5.0
3,1,15,4.83403396606,5.0
3,1,106,3.18289804459,2.75
3,1,106,3.16918611526,2.75
3,1,104,2.41552114487,3.5
3,1,104,2.39783620834,3.5
3,1,102,2.97426748276,5.25
3,1,102,2.95753145218,5.25
3,1,65,4.24400472641,6.25
3,1,65,4.24411678314,6.25
3,1,46,4.35981702805,5.0
3,1,46,4.3262424469,5.0
3,1,9,4.47403478622,2.75
3,1,9,4.47099685669,2.75
3,1,100,3.43012809753,2.375
3,1,100,3.43843889236,2.375
3,1,95,4.46601200104,3.75
3,1,95,4.470662117,3.75
3,1,44,4.40361118317,3.0
3,1,44,4.4464225769,3.0
3,1,7,4.60489368439,4.75
3,1,7,4.60113620758,4.75
3,1,98,4.54094219208,1.75
3,1,98,4.55056142807,1.75
3,1,93,4.52707433701,3.25
3,1,93,4.52646446228,3.25
3,1,5,4.66107749939,6.0
3,1,5,4.67574214935,6.0
3,1,96,4.45540952682,3.875
3,1,96,4.45353937149,3.875
3,1,91,4.64961147308,4.0
3,1,91,4.64339494705,4.0
3,1,40,4.38134288788,5.0
3,1,40,4.34382963181,5.0
3,1,3,5.09944200516,3.0
3,1,3,5.09862327576,3.0
3,1,89,4.22772264481,4.25
3,1,89,4.22665405273,4.25
3,1,38,4.82806301117,4.5
3,1,38,4.82886266708,4.5
3,1,1,0.816124141216,3.875
3,1,1,0.770559191704,3.875
3,1,87,4.07209539413,4.25
3,1,87,4.07168197632,4.25
3,1,36,4.79969978333,3.5
3,1,36,4.79730987549,3.5
3,1,31,2.70964717865,3.66667
3,1,31,2.69418549538,3.66667
3,1,85,3.64907598495,2.0
3,1,85,3.5447936058,2.0
3,1,34,4.75214385986,4.125
3,1,34,4.75314235687,4.125
3,1,29,5.06078672409,1.25
3,1,29,5.06113433838,1.25
3,1,83,4.16740274429,4.5
3,1,83,4.16823101044,4.5
3,1,32,3.09915447235,4.5
3,1,32,3.06520342827,4.5
3,1,27,3.47143149376,5.25
3,1,27,3.47750091553,5.25
3,1,81,4.87085008621,2.75
3,1,81,4.86957025528,2.75
3,1,62,4.80099201202,4.375
3,1,62,4.8061542511,4.375
3,1,25,5.04947471619,5.5
3,1,25,5.05059194565,5.5
3,1,60,5.0133972168,5.5
3,1,60,5.01257133484,5.5
3,1,23,4.47523117065,3.875
3,1,23,4.47053861618,3.875
3,1,58,4.31169557571,4.5
3,1,58,4.31027173996,4.5
3,1,21,4.81442308426,4.5
3,1,21,4.81279563904,4.5
3,1,56,4.57148933411,4.0
3,1,56,4.56215858459,4.0
3,1,19,4.7323513031,4.125
3,1,19,4.77141284943,4.125
3,1,78,4.28976392746,5.25
3,1,78,4.28784751892,5.25
3,1,17,4.0928030014,5.0
3,1,17,4.09549093246,5.0
3,1,76,4.16602611542,4.0
3,1,76,4.16257572174,4.0
3,1,52,4.88457107544,3.5
3,1,52,4.87718820572,3.5
3,1,74,4.11578083038,4.0
3,1,74,4.1166472435,4.0
3,1,50,4.41445350647,4.66667
3,1,50,4.41532754898,4.66667
3,1,48,4.94319391251,2.5
3,1,48,4.94513034821,2.5
3,1,107,1.73683941364,5.25
3,1,107,1.79962301254,5.25
3,1,70,0.837752580643,2.75
3,1,70,0.679842472076,2.75
3,1,14,1.28578841686,3.75
3,1,14,1.35806322098,3.75
3,1,105,-0.472249388695,1.25
3,1,105,-0.41179266572,1.25
3,1,103,2.9123506546,1.5
3,1,103,2.80114006996,1.5
3,1,66,4.89216279984,3.0
3,1,66,4.91586303711,3.0
3,2,82,4.16177177429,3.25
3,2,82,4.17479658127,3.25
3,2,61,5.17456531525,4.375
3,2,61,5.17870521545,4.375
3,2,80,4.38974666595,4.75
3,2,80,4.40604352951,4.75
3,2,30,0.642758965492,3.625
3,2,30,0.524981856346,3.625
3,2,35,1.4756436348,3.875
3,2,35,1.53679013252,3.875
3,2,86,3.75836992264,2.75
3,2,86,3.77517938614,2.75
3,2,28,-1.13286590576,4.0
3,2,28,-1.19399929047,4.0
3,2,33,4.27725172043,5.0
3,2,33,4.27748346329,5.0
3,2,84,0.877469301224,4.0
3,2,84,0.946726262569,4.0
3,2,2,2.31608390808,1.875
3,2,2,2.35105800629,1.875
3,2,39,2.13012003899,4.25
3,2,39,2.1269993782,4.25
3,2,90,4.15731668472,4.25
3,2,90,4.15255880356,4.25
3,2,37,4.18651628494,2.25
3,2,37,4.1923661232,2.25
3,2,88,3.39229774475,4.0
3,2,88,3.32482385635,4.0
3,2,6,3.76080536842,5.25
3,2,6,3.78624725342,5.25
3,2,43,3.6738474369,4.0
3,2,43,3.71942949295,4.0
3,2,94,0.663833141327,3.75
3,2,94,0.663835585117,3.75
3,2,99,3.1066827774,2.625
3,2,99,3.03154778481,2.625
3,2,41,3.74425458908,3.5
3,2,41,3.74762320518,3.5
3,2,92,2.85634875298,3.25
3,2,92,2.83020472527,3.25
3,2,97,4.39456176758,5.0
3,2,97,4.38255739212,5.0
3,2,10,4.27964401245,4.0
3,2,10,4.29245185852,4.0
3,2,47,3.84816741943,3.875
3,2,47,3.84472608566,3.875
3,2,66,4.00174713135,3.75
3,2,66,4.00407218933,3.75
3,2,103,4.07474708557,4.0
3,2,103,4.07005548477,4.0
3,2,8,2.23665332794,6.0
3,2,8,2.03074717522,6.0
3,2,45,3.48413610458,3.25
3,2,45,3.42028641701,3.25
3,2,64,3.73127031326,2.375
3,2,64,3.68436717987,2.375
3,2,101,3.62443780899,3.125
3,2,101,3.63635921478,3.125
3,2,14,4.12410259247,3.75
3,2,14,4.12782907486,3.75
3,2,70,4.94543361664,3.66667
3,2,70,4.94570970535,3.66667
3,2,107,3.86586952209,4.625
3,2,107,4.09614753723,4.625
3,2,12,4.68298864365,5.25
3,2,12,4.68636798859,5.25
3,2,68,4.375477314,5.5
3,2,68,4.35515642166,5.5
3,2,105,3.97632622719,3.5
3,2,105,4.01201057434,3.5
3,2,50,4.84476470947,3.75
3,2,50,4.85124969482,3.75
3,2,74,4.36325407028,3.25
3,2,74,4.35780906677,3.25
3,2,111,2.61722135544,3.5
3,2,111,2.57717990875,3.5
3,2,48,-0.891763150692,4.25
3,2,48,-0.78624111414,4.25
3,2,109,0.0209439564496,1.95833
3,2,109,-0.0462973639369,1.95833
3,2,78,5.03248405457,2.75
3,2,78,5.03212451935,2.75
3,2,52,4.14324092865,1.5
3,2,52,4.14550018311,1.5
3,2,56,2.84864282608,4.25
3,2,56,2.84629869461,4.25
3,2,112,4.18020153046,4.0
3,2,112,4.20662069321,4.0
3,2,62,4.2859826088,5.25
3,2,62,4.28845930099,5.25
3,2,27,4.47688579559,4.0
3,2,27,4.48030471802,4.0
3,2,60,3.01883912086,3.75
3,2,60,3.00619125366,3.75
3,2,83,3.16500306129,4.25
3,2,83,3.19393730164,4.25
3,2,34,5.03293418884,3.5
3,2,34,5.02489900589,3.5
3,2,81,2.70732402802,4.375
3,2,81,2.72520542145,4.375
3,2,31,3.05091953278,3.25
3,2,31,3.04561948776,3.25
3,2,32,2.71836233139,3.25
3,2,32,2.72163367271,3.25
3,2,87,2.89827013016,3.75
3,2,87,2.93064069748,3.75
3,2,29,3.00413632393,4.0
3,2,29,2.99204158783,4.0
3,2,38,4.64557504654,3.25
3,2,38,4.64375972748,3.25
3,2,85,4.30659627914,3.25
3,2,85,4.33401298523,3.25
3,2,36,3.30825519562,2.75
3,2,36,3.29726958275,2.75
3,2,91,4.73271465302,4.5
3,2,91,4.73233890533,4.5
3,2,42,-1.60087370872,2.5
3,2,42,-1.58567094803,2.5
3,2,89,2.5835018158,3.25
3,2,89,2.71014595032,3.25
3,2,98,4.97082281113,4.5
3,2,98,4.95500993729,4.5
3,2,7,3.69584298134,6.0
3,2,7,3.68163776398,6.0
3,2,40,4.67365503311,2.75
3,2,40,4.66800022125,2.75
3,2,95,-0.830656528473,1.5
3,2,95,-0.779224276543,1.5
3,2,96,2.83684849739,3.125
3,2,96,2.76674747467,3.125
3,2,5,2.36180067062,3.25
3,2,5,2.38814473152,3.25
3,2,46,2.90392756462,4.5
3,2,46,2.88499045372,4.5
3,2,93,3.63910150528,5.0
3,2,93,3.65958881378,5.0
3,2,102,4.41141319275,2.0
3,2,102,4.3316488266,2.0
3,2,11,3.85758519173,4.125
3,2,11,3.87222933769,4.125
3,2,44,-1.77599096298,5.0
3,2,44,-1.78914952278,5.0
3,2,67,4.28233146667,5.25
3,2,67,4.28372383118,5.25
3,2,100,3.953810215,1.25
3,2,100,3.95122718811,1.25
3,2,9,4.44651126862,4.5
3,2,9,4.45551538467,4.5
3,2,65,4.54440832138,3.0
3,2,65,4.55090713501,3.0
3,2,106,3.68522357941,3.875
3,2,106,3.69152402878,3.875
3,2,71,0.5403393507,2.375
3,2,71,0.618931770325,2.375
3,2,104,-2.36474466324,3.5
3,2,104,-2.30540204048,3.5
3,2,13,4.0285282135,5.0
3,2,13,3.96484780312,5.0
3,2,69,3.18004083633,1.25
3,2,69,3.23141169548,1.25
3,2,110,4.35728216171,4.25
3,2,110,4.36014461517,4.25
3,2,51,5.07885408401,4.0
3,2,51,5.08060646057,4.0
3,2,108,3.02360963821,4.0
3,2,108,3.02374315262,4.0
3,2,49,2.43768763542,2.75
3,2,49,2.49488019943,2.75
3,2,73,4.06657028198,3.75
3,2,73,4.06486177444,3.75
3,2,55,4.9102396965,3.33333
3,2,55,4.9117231369,3.33333
3,2,79,2.14857196808,3.75
3,2,79,2.16025447845,3.75
3,2,53,4.38218736649,4.5
3,2,53,4.38181591034,4.5
3,2,77,3.81593322754,2.25
3,2,77,3.80682516098,2.25
3,2,59,3.94743990898,2.25
3,2,59,3.94866156578,2.25
3,2,113,4.20972299576,3.0
3,2,113,4.19929170609,3.0
3,2,26,3.42480611801,2.5
3,2,26,3.52187347412,2.5
3,2,63,2.59428453445,1.25
3,2,63,2.72529649734,1.25
4,1,29,3.4931845665,3.0
4,1,29,3.5419728756,3.0
4,1,58,2.47236084938,2.25
4,1,58,2.48114395142,2.25
4,1,85,2.30176663399,2.5
4,1,85,2.30299949646,2.5
4,1,114,3.11842060089,1.5
4,1,114,3.06151390076,1.5
4,1,31,-0.210284560919,2.25
4,1,31,-0.316727101803,2.25
4,1,36,-1.2485024929,0.875
4,1,36,-1.24200987816,0.875
4,1,87,3.89150810242,3.25
4,1,87,3.87913560867,3.25
4,1,25,3.89923429489,1.5
4,1,25,3.87966012955,1.5
4,1,38,1.86590790749,2.5
4,1,38,1.71458220482,2.5
4,1,81,1.25640916824,3.0
4,1,81,1.27565264702,3.0
4,1,27,-1.03264868259,2.75
4,1,27,-1.0212816,2.75
4,1,32,4.52373409271,1.5
4,1,32,4.54422998428,1.5
4,1,83,3.52117729187,3.25
4,1,83,3.61136770248,3.25
4,1,5,-0.136873573065,1.0
4,1,5,-0.123562216759,1.0
4,1,34,2.81463551521,1.5
4,1,34,2.81273007393,1.5
4,1,93,4.01531124115,3.0
4,1,93,4.05921173096,3.0
4,1,7,1.40980422497,1.75
4,1,7,1.53049969673,1.75
4,1,95,4.63011741638,3.5
4,1,95,4.62355852127,3.5
4,1,100,3.21045351028,0.75
4,1,100,3.20771551132,0.75
4,1,46,4.32187652588,3.75
4,1,46,4.31724023819,3.75
4,1,89,3.29623317719,1.75
4,1,89,3.30596590042,1.75
4,1,102,2.68714094162,1.5
4,1,102,2.68966436386,1.5
4,1,3,1.07099831104,3.5
4,1,3,0.821740746498,3.5
4,1,40,4.12085008621,4.0
4,1,40,4.1199464798,4.0
4,1,91,1.82724988461,2.25
4,1,91,1.83444452286,2.25
4,1,96,4.34563446045,2.75
4,1,96,4.34237766266,2.75
4,1,13,3.18926382065,1.5
4,1,13,3.1895980835,1.5
4,1,42,3.79910850525,1.75
4,1,42,3.76841020584,1.75
4,1,69,4.09661006927,5.5
4,1,69,4.10521507263,5.5
4,1,98,4.08897972107,3.25
4,1,98,4.10133934021,3.25
4,1,15,-0.746288061142,0.75
4,1,15,-0.712783694267,0.75
4,1,71,3.66822242737,2.125
4,1,71,3.67430949211,2.125
4,1,108,3.94257879257,3.25
4,1,108,3.94237518311,3.25
4,1,9,-0.554892003536,1.0
4,1,9,-0.493423551321,1.0
4,1,65,2.08919739723,4.75
4,1,65,2.0865020752,4.75
4,1,110,3.40804004669,4.0
4,1,110,3.43226242065,4.0
4,1,11,3.95596885681,1.0
4,1,11,3.97654294968,1.0
4,1,67,4.96537494659,1.75
4,1,67,4.96580982208,1.75
4,1,104,3.97624444962,1.25
4,1,104,3.98282337189,1.25
4,1,53,4.22319984436,2.5
4,1,53,4.23138904572,2.5
4,1,77,4.21571826935,2.625
4,1,77,4.20928192139,2.625
4,1,106,2.71055006981,2.125
4,1,106,2.74857997894,2.125
4,1,55,4.51248455048,2.5
4,1,55,4.51325750351,2.5
4,1,79,4.89042854309,6.75
4,1,79,4.88323688507,6.75
4,1,49,4.39782714844,4.25
4,1,49,4.40299224854,4.25
4,1,73,3.22824192047,4.25
4,1,73,3.22949743271,4.25
4,1,22,0.870475053787,1.25
4,1,22,0.741296231747,1.25
4,1,51,4.12540388107,2.75
4,1,51,4.15476560593,2.75
4,1,75,3.59957408905,4.75
4,1,75,3.60242986679,4.75
4,1,16,-1.7898478508,1.0
4,1,16,-1.78660333157,1.0
4,1,117,3.83837175369,1.25
4,1,117,3.87112426758,1.25
4,1,63,-2.06095433235,1.0
4,1,63,-2.11966967583,1.0
4,1,28,4.01337337494,2.625
4,1,28,4.00974798203,2.625
4,1,57,3.77149295807,2.75
4,1,57,3.76634693146,2.75
4,1,84,3.24696016312,2.5
4,1,84,3.25291657448,2.5
4,1,113,1.25028312206,3.25
4,1,113,1.20238113403,3.25
4,1,30,1.06809961796,1.125
4,1,30,1.12816238403,1.125
4,1,59,4.77744054794,1.875
4,1,59,4.7676897049,1.875
4,1,86,4.83744287491,1.66667
4,1,86,4.83689212799,1.66667
4,1,115,2.04261064529,3.5
4,1,115,2.07660889626,3.5
4,1,24,0.843629002571,2.0
4,1,24,0.902461290359,2.0
4,1,37,3.44476532936,2.25
4,1,37,3.43934011459,2.25
4,1,80,3.87079906464,3.5
4,1,80,3.83260560036,3.5
4,1,26,3.64314985275,4.375
4,1,26,3.65562677383,4.375
4,1,39,4.63769960403,2.5
4,1,39,4.64212846756,2.5
4,1,82,4.14581537247,6.5
4,1,82,4.16140079498,6.5
4,1,4,-0.352623194456,1.5
4,1,4,-0.273896038532,1.5
4,1,33,0.645224094391,1.5
4,1,33,0.632910728455,1.5
4,1,92,3.63286471367,2.0
4,1,92,3.63333797455,2.0
4,1,6,4.45755577087,1.5
4,1,6,4.48201131821,1.5
4,1,35,-0.968689322472,1.75
4,1,35,-0.992359638214,1.75
4,1,94,3.26937818527,1.5
4,1,94,3.27647566795,1.5
4,1,45,4.06349182129,2.125
4,1,45,4.05426263809,2.125
4,1,88,3.13937115669,1.5
4,1,88,3.17896842957,1.5
4,1,101,4.64278697968,3.875
4,1,101,4.72271966934,3.875
4,1,47,4.39922237396,2.125
4,1,47,4.41490411758,2.125
4,1,90,3.41001272202,1.375
4,1,90,3.4835691452,1.375
4,1,103,4.13140964508,1.0
4,1,103,4.12454366684,1.0
4,1,12,-0.879561066628,2.5
4,1,12,-0.808978676796,2.5
4,1,41,3.23300695419,2.5
4,1,41,3.43474459648,2.5
4,1,68,3.41769790649,5.5
4,1,68,3.31664848328,5.5
4,1,97,3.85842180252,1.625
4,1,97,3.86107134819,1.625
4,1,70,2.29755973816,5.25
4,1,70,2.31044244766,5.25
4,1,99,4.15477752686,2.375
4,1,99,4.16906452179,2.375
4,1,8,-1.2660779953,0.75
4,1,8,-1.32147240639,0.75
4,1,64,1.61027169228,3.5
4,1,64,1.61247801781,3.5
4,1,109,4.14474391937,2.75
4,1,109,4.14468479156,2.75
4,1,10,-0.235927432775,3.0
4,1,10,-0.153227567673,3.0
4,1,66,-0.748153209686,1.0
4,1,66,-0.778206586838,1.0
4,1,111,3.75624132156,3.5
4,1,111,3.75083684921,3.5
4,1,52,4.09719610214,3.25
4,1,52,4.14590454102,3.25
4,1,105,4.58542060852,3.625
4,1,105,4.60587263107,3.625
4,1,54,3.15427064896,3.375
4,1,54,3.01564979553,3.375
4,1,78,3.34367823601,3.25
4,1,78,3.3515753746,3.25
4,1,48,2.46742010117,1.5
4,1,48,2.42695903778,1.5
4,1,72,3.78218221664,2.375
4,1,72,3.73389720917,2.375
4,1,50,4.40870809555,2.0
4,1,50,4.41048765182,2.0
4,1,74,3.2736389637,3.5
4,1,74,3.29200983047,3.5
4,1,23,-1.29098558426,1.0
4,1,23,-1.34299373627,1.0
4,1,116,4.26775407791,1.75
4,1,116,4.26491737366,1.75
4,1,118,3.11946964264,4.5
4,1,118,3.10597157478,4.5
4,1,56,3.23485350609,2.0
4,1,56,3.23265743256,2.0
4,1,112,2.66333889961,1.0
4,1,112,2.68115115166,1.0
7,1,40,4.42933654785,5.5
7,1,40,4.28170633316,5.5
7,1,3,3.60668802261,4.75
7,1,3,3.65559005737,4.75
7,1,102,2.96248292923,4.25
7,1,102,2.91506099701,4.25
7,1,46,3.63427448273,4.0
7,1,46,3.34818410873,4.0
7,1,1,3.92738866806,3.5
7,1,1,3.93509578705,3.5
7,1,44,3.4972577095,6.25
7,1,44,4.09180927277,6.25
7,1,7,2.41666793823,2.25
7,1,7,4.05002117157,2.25
7,1,90,4.12439775467,4.0
7,1,90,4.17889690399,4.0
7,1,34,4.38906764984,5.5
7,1,34,4.1680431366,5.5
7,1,5,3.38591980934,4.75
7,1,5,3.59055089951,4.75
7,1,88,3.81235933304,6.5
7,1,88,3.78278517723,6.5
7,1,32,4.0870847702,3.75
7,1,32,3.57742452621,3.75
7,1,94,4.0586476326,3.0
7,1,94,4.33647584915,3.0
7,1,38,4.03408908844,3.5
7,1,38,3.99115800858,3.5
7,1,92,3.45647406578,5.75
7,1,92,3.63098788261,5.75
7,1,36,2.72757434845,4.25
7,1,36,2.64412069321,4.25
7,1,82,3.59170818329,5.25
7,1,82,3.87121248245,5.25
7,1,26,3.86936664581,3.0
7,1,26,3.55654406548,3.0
7,1,80,3.96255898476,2.0
7,1,80,4.02402639389,2.0
7,1,24,4.07865333557,5.0
7,1,24,3.77422785759,5.0
7,1,86,3.99053120613,3.25
7,1,86,4.13477230072,3.25
7,1,59,4.36475324631,5.25
7,1,59,3.7252664566,5.25
7,1,30,3.62050867081,3.0
7,1,30,3.98246312141,3.0
7,1,84,0.689784944057,4.75
7,1,84,1.50530743599,4.75
7,1,57,4.16509485245,4.25
7,1,57,3.82402658463,4.25
7,1,28,3.62150859833,5.25
7,1,28,3.85710597038,5.25
7,1,74,3.92877674103,4.25
7,1,74,3.69138431549,4.25
7,1,63,2.36465835571,5.5
7,1,63,1.97124004364,5.5
7,1,18,4.04009962082,6.0
7,1,18,4.43161821365,6.0
7,1,72,4.072473526,2.0
7,1,72,4.03623151779,2.0
7,1,61,4.21861314774,5.0
7,1,61,4.20271205902,5.0
7,1,107,-0.663995623589,4.0
7,1,107,2.02499914169,4.0
7,1,78,-0.264014840126,4.0
7,1,78,-0.301941394806,4.0
7,1,51,3.95472836494,3.5
7,1,51,4.01016616821,3.5
7,1,22,4.12647867203,3.75
7,1,22,3.84244060516,3.75
7,1,105,3.78393101692,4.75
7,1,105,4.10611772537,4.75
7,1,76,4.20202445984,2.75
7,1,76,4.20294094086,2.75
7,1,49,3.1736805439,4.5
7,1,49,3.97242832184,4.5
7,1,20,3.96455049515,5.25
7,1,20,4.24257278442,5.25
7,1,66,2.47935056686,4.25
7,1,66,3.07379508018,4.25
7,1,55,3.01047182083,2.5
7,1,55,3.31632566452,2.5
7,1,10,3.25182962418,2.75
7,1,10,3.41846895218,2.75
7,1,109,-0.353505015373,6.25
7,1,109,2.33468103409,6.25
7,1,64,3.86542844772,5.0
7,1,64,0.436140328646,5.0
7,1,53,3.47482919693,5.5
7,1,53,3.96279096603,5.5
7,1,8,4.19826459885,4.5
7,1,8,4.1959028244,4.5
7,1,70,2.81606531143,5.5
7,1,70,3.46368265152,5.5
7,1,43,3.594373703,3.5
7,1,43,3.89851284027,3.5
7,1,14,0.532347559929,1.75
7,1,14,0.304931670427,1.75
7,1,97,2.02198290825,5.5
7,1,97,2.96927595139,5.5
7,1,68,3.87354683876,4.25
7,1,68,3.5900759697,4.25
7,1,41,3.75168800354,4.75
7,1,41,3.61164164543,4.75
7,1,12,-0.12799346447,5.0
7,1,12,-0.0313482806087,5.0
7,1,103,2.55245542526,3.25
7,1,103,2.33476734161,3.25
7,1,47,3.94290208817,4.5
7,1,47,4.04669046402,4.5
7,1,2,3.62937784195,5.5
7,1,2,3.7631521225,5.5
7,1,101,2.47271943092,4.0
7,1,101,3.45412397385,4.0
7,1,45,3.32953071594,4.5
7,1,45,3.36250638962,4.5
7,1,35,3.75056219101,6.0
7,1,35,3.62471580505,6.0
7,1,89,3.3766951561,5.25
7,1,89,4.37211036682,5.25
7,1,33,2.1671295166,4.75
7,1,33,1.88687419891,4.75
7,1,4,4.01499319077,3.25
7,1,4,4.15791273117,3.25
7,1,95,3.34543228149,4.75
7,1,95,4.02499485016,4.75
7,1,39,4.17078495026,5.5
7,1,39,4.10453557968,5.5
7,1,93,3.12359857559,4.25
7,1,93,4.12671089172,4.25
7,1,37,3.66023755074,4.25
7,1,37,4.27809715271,4.25
7,1,83,4.15029335022,4.75
7,1,83,3.92208909988,4.75
7,1,27,3.86069822311,4.25
7,1,27,3.87434792519,4.25
7,1,81,3.12339091301,4.0
7,1,81,3.72407484055,4.0
7,1,25,3.93164563179,4.5
7,1,25,3.71548366547,4.5
7,1,31,2.88930296898,4.5
7,1,31,3.38769292831,4.5
7,1,58,1.44719934464,6.0
7,1,58,1.53240132332,6.0
7,1,29,4.11295032501,4.25
7,1,29,4.16091346741,4.25
7,1,75,4.03981208801,4.75
7,1,75,3.44948172569,4.75
7,1,19,3.76828050613,4.75
7,1,19,3.92560315132,4.75
7,1,73,1.78913605213,1.0
7,1,73,3.74187278748,1.0
7,1,62,3.19206118584,4.5
7,1,62,2.4826335907,4.5
7,1,79,2.09007763863,3.0
7,1,79,3.21264648438,3.0
7,1,60,3.45845842361,3.25
7,1,60,3.95823574066,3.25
7,1,23,3.79538655281,4.0
7,1,23,3.99541807175,4.0
7,1,106,3.70167088509,4.75
7,1,106,3.51625156403,4.75
7,1,50,3.78004264832,5.0
7,1,50,3.11387443542,5.0
7,1,104,4.20008420944,4.75
7,1,104,4.26883125305,4.75
7,1,67,0.555747270584,4.75
7,1,67,1.41936516762,4.75
7,1,48,3.77538061142,1.5
7,1,48,3.30040669441,1.5
7,1,11,-0.630274116993,1.75
7,1,11,0.42080694437,1.75
7,1,65,-0.765374958515,5.25
7,1,65,-0.184475123882,5.25
7,1,54,3.85957574844,5.5
7,1,54,3.73667430878,5.5
7,1,9,2.87474870682,2.0
7,1,9,3.47420740128,2.0
7,1,108,3.13056373596,2.75
7,1,108,3.86974740028,2.75
7,1,71,3.04695892334,4.75
7,1,71,2.2930958271,4.75
7,1,52,3.60965442657,0.75
7,1,52,4.05005884171,0.75
7,1,98,3.82109975815,3.25
7,1,98,3.43326330185,3.25
7,1,69,2.44728040695,5.5
7,1,69,3.24711322784,5.5
7,1,42,3.26287579536,3.0
7,1,42,4.05678033829,3.0
7,1,13,-2.10306215286,3.0
7,1,13,0.556048333645,3.0
7,1,96,2.70582175255,5.5
7,1,96,2.92717957497,5.5
7,2,77,3.93327760696,4.25
7,2,77,3.57846689224,4.25
7,2,102,3.63058304787,5.25
7,2,102,3.36602640152,5.25
7,2,3,3.60920763016,5.75
7,2,3,3.99384403229,5.75
7,2,75,3.50617599487,3.5
7,2,75,3.64568328857,3.5
7,2,100,3.04736471176,1.75
7,2,100,-0.888620495796,1.75
7,2,1,2.32091760635,4.25
7,2,1,2.12804079056,4.25
7,2,73,3.42896699905,3.25
7,2,73,3.15205478668,3.25
7,2,98,1.67825031281,3.75
7,2,98,1.25132989883,3.75
7,2,63,3.44109106064,5.25
7,2,63,3.7851023674,5.25
7,2,71,1.44147753716,4.0
7,2,71,0.873304724693,4.0
7,2,96,3.4073433876,3.5
7,2,96,3.91348958015,3.5
7,2,61,0.745074808598,5.5
7,2,61,-1.43009829521,5.5
7,2,69,3.20358562469,4.25
7,2,69,3.25368189812,4.25
7,2,30,3.73746228218,3.0
7,2,30,2.9546995163,3.0
7,2,28,2.43394184113,5.75
7,2,28,3.42055654526,5.75
7,2,57,-0.788987874985,1.5
7,2,57,-0.282668292522,1.5
7,2,65,3.86526584625,5.0
7,2,65,3.95620536804,5.0
7,2,26,3.17975616455,4.25
7,2,26,3.43985557556,4.25
7,2,55,0.749390900135,4.0
7,2,55,2.62708806992,4.0
7,2,24,3.94105625153,3.75
7,2,24,4.03922224045,3.75
7,2,53,3.82630109787,5.0
7,2,53,4.22449684143,5.0
7,2,22,4.11230754852,3.0
7,2,22,3.52445888519,3.0
7,2,51,3.39210128784,4.75
7,2,51,2.56937265396,4.75
7,2,94,3.9620783329,3.25
7,2,94,3.72889995575,3.25
7,2,20,4.47455310822,5.5
7,2,20,3.57193493843,5.5
7,2,49,3.88263082504,4.0
7,2,49,3.72676134109,4.0
7,2,92,3.81959652901,4.66667
7,2,92,4.15688562393,4.66667
7,2,18,3.20244789124,3.5
7,2,18,3.93825054169,3.5
7,2,47,4.28800010681,4.0
7,2,47,3.69714903831,4.0
7,2,90,3.19623327255,4.0
7,2,90,3.11030769348,4.0
7,2,16,4.06581735611,5.0
7,2,16,4.07992267609,5.0
7,2,45,3.55810117722,2.5
7,2,45,3.23036956787,2.5
7,2,88,3.56210184097,5.0
7,2,88,2.76990199089,5.0
7,2,14,4.1413769722,5.5
7,2,14,3.61921358109,5.5
7,2,43,3.78098773956,2.75
7,2,43,3.15128016472,2.75
7,2,86,3.77275133133,2.5
7,2,86,3.69069051743,2.5
7,2,12,3.97788572311,4.25
7,2,12,3.75920963287,4.25
7,2,84,3.90398526192,3.75
7,2,84,3.90023612976,3.75
7,2,10,3.75521564484,4.0
7,2,10,4.5374956131,4.0
7,2,39,4.40504217148,4.0
7,2,39,4.29762744904,4.0
7,2,82,2.53725123405,3.25
7,2,82,3.27958774567,3.25
7,2,8,3.85385799408,4.0
7,2,8,3.49149036407,4.0
7,2,37,2.00455498695,3.5
7,2,37,2.6913485527,3.5
7,2,80,3.69354557991,4.0
7,2,80,2.73686861992,4.0
7,2,109,1.7865639925,5.25
7,2,109,2.8441529274,5.25
7,2,6,3.5695066452,4.0
7,2,6,3.25377488136,4.0
7,2,35,3.69301652908,3.5
7,2,35,3.76771211624,3.5
7,2,78,3.88986444473,5.0
7,2,78,3.86493968964,5.0
7,2,107,4.20304250717,4.5
7,2,107,3.94042825699,4.5
7,2,4,4.10163879395,3.0
7,2,4,3.9787209034,3.0
7,2,33,-0.915467619896,1.5
7,2,33,0.712769031525,1.5
7,2,76,3.57722091675,4.5
7,2,76,4.04753875732,4.5
7,2,105,3.97233963013,3.0
7,2,105,3.93411827087,3.0
7,2,2,3.85213184357,2.75
7,2,2,3.14520764351,2.75
7,2,74,3.9375743866,2.5
7,2,74,3.02034544945,2.5
7,2,103,4.07649850845,4.25
7,2,103,4.09123754501,4.25
7,2,72,3.76090335846,4.25
7,2,72,3.8089017868,4.25
7,2,70,3.89041805267,3.25
7,2,70,0.274244457483,3.25
7,2,99,3.9542491436,4.25
7,2,99,3.14263963699,4.25
7,2,60,3.92797636986,4.0
7,2,60,2.70583057404,4.0
7,2,68,3.94281673431,6.5
7,2,68,3.84434175491,6.5
7,2,97,3.46994829178,3.0
7,2,97,3.68352222443,3.0
7,2,58,2.55886983871,4.0
7,2,58,2.74392604828,4.0
7,2,66,3.43383836746,5.5
7,2,66,3.41963720322,5.5
7,2,31,2.47082996368,3.75
7,2,31,3.02706599236,3.75
7,2,56,2.22066998482,4.75
7,2,56,3.0565404892,4.75
7,2,64,-2.16376495361,3.25
7,2,64,-2.12127304077,3.25
7,2,29,4.0808391571,1.75
7,2,29,4.14164733887,1.75
7,2,27,4.10697126389,4.25
7,2,27,4.17505550385,4.25
7,2,52,4.15405321121,3.25
7,2,52,3.61980557442,3.25
7,2,25,3.87819743156,4.75
7,2,25,3.30054974556,4.75
7,2,50,3.67354106903,4.25
7,2,50,2.88306975365,4.25
7,2,23,3.05290603638,1.75
7,2,23,2.19262814522,1.75
7,2,48,4.06305217743,3.75
7,2,48,3.626486063,3.75
7,2,95,2.59679913521,2.5
7,2,95,2.16597151756,2.5
7,2,21,2.54020762444,1.5
7,2,21,3.42688250542,1.5
7,2,46,2.24280357361,4.75
7,2,46,1.69244337082,4.75
7,2,93,3.61871695518,4.75
7,2,93,2.77607440948,4.75
7,2,19,3.68008422852,4.5
7,2,19,3.24375414848,4.5
7,2,44,3.52031326294,4.5
7,2,44,-0.516458153725,4.5
7,2,91,3.93829631805,3.75
7,2,91,2.78682327271,3.75
7,2,17,2.71126079559,6.0
7,2,17,2.37884640694,6.0
7,2,42,3.36872243881,3.0
7,2,42,3.60223007202,3.0
7,2,89,0.905892133713,3.0
7,2,89,2.25113558769,3.0
7,2,40,3.60441160202,5.25
7,2,40,3.86989617348,5.25
7,2,87,4.13049840927,4.5
7,2,87,3.90392661095,4.5
7,2,13,-0.847841441631,4.75
7,2,13,3.45977783203,4.75
7,2,38,3.95984125137,5.25
7,2,38,3.56254720688,5.25
7,2,85,3.77320861816,2.5
7,2,85,4.07849645615,2.5
7,2,110,1.43057620525,4.75
7,2,110,2.5505156517,4.75
7,2,11,-1.13606858253,2.75
7,2,11,0.502443194389,2.75
7,2,36,3.66633296013,2.5
7,2,36,3.99475049973,2.5
7,2,83,3.42339992523,5.0
7,2,83,4.33038568497,5.0
7,2,108,3.65113162994,5.5
7,2,108,3.98957157135,5.5
7,2,9,4.1660656929,4.0
7,2,9,3.89989542961,4.0
7,2,34,3.05342316628,4.25
7,2,34,3.13528299332,4.25
7,2,106,3.65325093269,6.25
7,2,106,3.04509353638,6.25
7,2,7,3.60877656937,5.0
7,2,7,3.76993131638,5.0
7,2,32,3.37533426285,4.5
7,2,32,3.6526889801,4.5
7,2,104,2.29028177261,3.5
7,2,104,2.53554320335,3.5
7,2,5,4.28655910492,3.25
7,2,5,3.54361057281,3.25
8,1,34,-1.62417840958,2.5
8,1,34,-1.50511229038,2.5
8,1,7,0.362667560577,1.0
8,1,7,-1.69883215427,1.0
8,1,94,-2.52643275261,1.75
8,1,94,-2.2715139389,1.75
8,1,21,-2.11865472794,1.75
8,1,21,-2.23720216751,1.75
8,1,35,2.96811008453,3.0
8,1,35,1.51795399189,3.0
8,1,49,-0.24635271728,2.25
8,1,49,-1.53367567062,2.25
8,1,8,-2.57469034195,1.0
8,1,8,-2.23722910881,1.0
8,1,95,-2.60850715637,2.25
8,1,95,-2.19846916199,2.25
8,1,22,-0.270927071571,3.5
8,1,22,-0.395221829414,3.5
8,1,36,-1.54552745819,3.75
8,1,36,-2.17270851135,3.75
8,1,50,-2.91516923904,1.0
8,1,50,-2.80265927315,1.0
8,1,9,0.471129745245,2.0
8,1,9,2.01194477081,2.0
8,1,64,-1.88141703606,1.25
8,1,64,-1.28770887852,1.25
8,1,23,3.95582413673,3.25
8,1,23,3.59283304214,3.25
8,1,37,-1.70079696178,1.75
8,1,37,-1.35153269768,1.75
8,1,51,-3.21795344353,1.0
8,1,51,-2.29027581215,1.0
8,1,10,-2.47241711617,1.75
8,1,10,-1.58514046669,1.75
8,1,65,-2.19449448586,2.0
8,1,65,-2.38353490829,2.0
8,1,24,-0.972697198391,3.75
8,1,24,0.544394254684,3.75
8,1,38,2.47163558006,2.25
8,1,38,0.859471142292,2.25
8,1,52,-2.44844722748,1.25
8,1,52,-2.66670799255,1.25
8,1,11,-2.99834156036,2.0
8,1,11,-2.302546978,2.0
8,1,66,-2.11088228226,2.25
8,1,66,-2.21730041504,2.25
8,1,25,-2.88298225403,2.5
8,1,25,-1.83613324165,2.5
8,1,80,-2.73595690727,1.75
8,1,80,-2.75762677193,1.75
8,1,39,1.25283932686,3.0
8,1,39,1.64697813988,3.0
8,1,53,-0.389060944319,2.25
8,1,53,-2.04142332077,2.25
8,1,12,-2.75629425049,1.0
8,1,12,-2.36321520805,1.0
8,1,67,-2.33460664749,2.25
8,1,67,-1.60708642006,2.25
8,1,26,-2.19683289528,2.75
8,1,26,-1.72084164619,2.75
8,1,81,-2.16606092453,2.25
8,1,81,-2.03221726418,2.25
8,1,40,-0.896958589554,1.75
8,1,40,-1.4329944849,1.75
8,1,54,-1.37825024128,3.0
8,1,54,-2.50131845474,3.0
8,1,68,-1.54427969456,1.5
8,1,68,-1.67295455933,1.5
8,1,27,-2.96362924576,2.0
8,1,27,-2.70024442673,2.0
8,1,82,-2.42566847801,1.75
8,1,82,-2.70338106155,1.75
8,1,41,1.16491293907,1.5
8,1,41,2.44534230232,1.5
8,1,96,-1.90566122532,2.5
8,1,96,-2.75360393524,2.5
8,1,69,-2.00114011765,2.5
8,1,69,-1.96090173721,2.5
8,1,28,-2.88397669792,1.0
8,1,28,-2.03548669815,1.0
8,1,42,-2.64877223969,3.5
8,1,42,-0.478094398975,3.5
8,1,97,-2.24604940414,2.25
8,1,97,0.549577236176,2.25
8,1,29,0.562736272812,3.25
8,1,29,-0.33952665329,3.25
8,1,43,-2.63463163376,1.75
8,1,43,-2.66021633148,1.75
8,1,98,-0.884750723839,0.75
8,1,98,-0.743154525757,0.75
8,1,30,2.80532956123,2.5
8,1,30,2.59342908859,2.5
8,1,85,-1.46038842201,2.0
8,1,85,-1.85208725929,2.0
8,1,44,-1.7773758173,3.25
8,1,44,-0.677413463593,3.25
8,1,58,-1.43984949589,1.0
8,1,58,-0.395854473114,1.0
8,1,31,2.57269239426,1.25
8,1,31,1.62520480156,1.25
8,1,86,-2.02465963364,1.25
8,1,86,0.856393039227,1.25
8,1,59,-1.16320693493,1.5
8,1,59,-0.557776689529,1.5
8,1,73,-2.29938340187,2.75
8,1,73,-0.977650165558,2.75
8,1,87,-2.18193864822,1.0
8,1,87,-2.35004115105,1.0
8,1,60,-2.03915858269,2.5
8,1,60,-2.3332901001,2.5
8,1,74,-2.12145137787,2.5
8,1,74,-0.384284377098,2.5
8,1,88,-2.13708043098,2.25
8,1,88,-1.75482988358,2.25
8,1,61,-2.52507209778,2.75
8,1,61,-2.21143198013,2.75
8,1,75,-1.94271862507,3.0
8,1,75,-0.298376739025,3.0
8,1,2,2.54620742798,2.75
8,1,2,2.48184776306,2.75
8,1,89,-2.33653044701,3.5
8,1,89,-2.83720254898,3.5
8,1,16,-0.301918625832,2.75
8,1,16,-0.768640756607,2.75
8,1,62,-1.660135746,1.5
8,1,62,-1.68539166451,1.5
8,1,76,-2.67227888107,1.0
8,1,76,-2.77328276634,1.0
8,1,3,-1.8968641758,2.5
8,1,3,-0.125548124313,2.5
8,1,17,-0.350564956665,3.25
8,1,17,1.56733095646,3.25
8,1,63,-1.24217057228,1.0
8,1,63,-0.702714562416,1.0
8,1,77,-1.0308406353,3.25
8,1,77,-0.628173351288,3.25
8,1,4,-0.975705564022,1.75
8,1,4,-0.150775134563,1.75
8,1,91,-2.66762709618,2.75
8,1,91,-2.27065825462,2.75
8,1,18,-1.56651091576,3.75
8,1,18,2.52034330368,3.75
8,1,32,-2.01817989349,2.75
8,1,32,-0.436111450195,2.75
8,1,78,-1.14673113823,2.75
8,1,78,-0.943728089333,2.75
8,1,5,-2.71596097946,2.0
8,1,5,-1.87527489662,2.0
8,1,92,-2.73089838028,1.5
8,1,92,-2.86981940269,1.5
8,1,19,-2.61203122139,2.25
8,1,19,0.090861864388,2.25
8,1,33,-2.85325312614,1.75
8,1,33,-1.88222503662,1.75
8,1,79,-2.56900882721,2.0
8,1,79,-1.65173363686,2.0
8,1,6,-1.92340755463,1.5
8,1,6,-1.23385262489,1.5
8,1,93,-2.49149417877,1.75
8,1,93,-1.34738850594,1.75
8,1,20,-2.90652871132,2.5
8,1,20,-2.2366900444,2.5
8,2,17,2.99552154541,3.5
8,2,17,3.00762653351,3.5
8,2,91,-2.72495651245,2.25
8,2,91,-2.73271870613,2.25
8,2,19,1.71872282028,2.0
8,2,19,1.75461196899,2.0
8,2,93,-2.55179309845,4.25
8,2,93,-2.55619215965,4.25
8,2,96,-2.97764730453,2.0
8,2,96,-2.97773313522,2.0
8,2,21,1.14468967915,2.25
8,2,21,1.08698296547,2.25
8,2,56,-2.63980770111,2.0
8,2,56,-2.63915300369,2.0
8,2,95,-1.119754076,2.0
8,2,95,-1.13738012314,2.0
8,2,98,-2.53784775734,3.0
8,2,98,-2.55090761185,3.0
8,2,23,-1.1000058651,2.5
8,2,23,-1.08779096603,2.5
8,2,58,0.428908377886,3.0
8,2,58,0.420874834061,3.0
8,2,100,-1.90397179127,3.25
8,2,100,-1.90210390091,3.25
8,2,25,-1.89749026299,2.75
8,2,25,-1.89638972282,2.75
8,2,60,-2.46989488602,3.5
8,2,60,-2.45691370964,3.5
8,2,67,-2.11473441124,1.625
8,2,67,-2.16954112053,1.625
8,2,27,-3.11690568924,4.0
8,2,27,-3.1200761795,4.0
8,2,62,-2.3344874382,1.75
8,2,62,-2.33745002747,1.75
8,2,69,-2.59749317169,3.5
8,2,69,-2.60264801979,3.5
8,2,29,3.59792375565,4.75
8,2,29,3.59081506729,4.75
8,2,32,0.67931240797,4.0
8,2,32,0.697064995766,4.0
8,2,71,-3.15902090073,2.0
8,2,71,-3.16432785988,2.0
8,2,31,-2.20879411697,2.75
8,2,31,-2.23108625412,2.75
8,2,34,-2.21423602104,3.5
8,2,34,-2.18872308731,3.5
8,2,73,-2.59470868111,3.5
8,2,73,-2.59333181381,3.5
8,2,36,1.82476365566,3.75
8,2,36,1.83667194843,3.75
8,2,75,-2.33203887939,4.0
8,2,75,-2.35017418861,4.0
8,2,38,2.75177311897,3.75
8,2,38,2.747194767,3.75
8,2,77,-2.32874703407,4.75
8,2,77,-2.34912776947,4.75
8,2,5,-2.17082977295,3.75
8,2,5,-2.1614317894,3.75
8,2,40,3.86484336853,2.0
8,2,40,3.86207866669,2.0
8,2,79,-0.448794454336,4.0
8,2,79,-0.431375741959,4.0
8,2,7,-2.7501077652,1.5
8,2,7,-2.75787162781,1.5
8,2,42,2.23840045929,3.5
8,2,42,2.23296070099,3.5
8,2,9,-1.1035451889,2.0
8,2,9,-1.09303927422,2.0
8,2,44,0.374492228031,3.25
8,2,44,0.377394318581,3.25
8,2,11,-0.502376914024,3.0
8,2,11,-0.510893821716,3.0
8,2,46,1.30942368507,3.25
8,2,46,1.3099925518,3.25
8,2,80,2.24804544449,3.25
8,2,80,2.25098609924,3.25
8,2,15,-0.51986259222,2.25
8,2,15,-0.486302644014,2.25
8,2,49,3.92833423615,4.0
8,2,49,3.92819023132,4.0
8,2,84,0.661511957645,3.5
8,2,84,0.631512641907,3.5
8,2,86,-2.21477174759,3.25
8,2,86,-2.23106908798,3.25
8,2,88,-1.24335718155,3.75
8,2,88,-1.25546526909,3.75
8,2,16,3.60896015167,4.0
8,2,16,3.58422017097,4.0
8,2,55,-2.18518185616,3.75
8,2,55,-2.20531511307,3.75
8,2,90,0.00200231932104,1.5
8,2,90,0.00412289332598,1.5
8,2,97,3.28402996063,4.25
8,2,97,3.25752353668,4.25
8,2,18,1.61399710178,3.5
8,2,18,1.60943460464,3.5
8,2,57,1.41382861137,4.75
8,2,57,1.3419431448,4.75
8,2,92,0.190415263176,2.0
8,2,92,0.231499180198,2.0
8,2,99,-1.9758105278,4.0
8,2,99,-1.95292496681,4.0
8,2,20,4.00010251999,3.75
8,2,20,4.0005607605,3.75
8,2,59,-0.901747107506,4.5
8,2,59,-0.916516065598,4.5
8,2,94,-2.95758342743,3.0
8,2,94,-2.9671087265,3.0
8,2,101,-2.31424379349,2.75
8,2,101,-2.31576824188,2.75
8,2,22,2.91693401337,2.25
8,2,22,2.91843700409,2.25
8,2,61,0.0534314662218,4.0
8,2,61,0.0643635988235,4.0
8,2,64,-0.958572864532,4.75
8,2,64,-0.942216217518,4.75
8,2,24,-2.72568035126,3.0
8,2,24,-2.71318554878,3.0
8,2,63,1.11537384987,5.25
8,2,63,1.12725436687,5.25
8,2,26,-2.81131148338,4.0
8,2,26,-2.79132175446,4.0
8,2,33,-2.57989645004,2.25
8,2,33,-2.57442593575,2.25
8,2,68,-2.04367184639,2.75
8,2,68,-2.06145715714,2.75
8,2,28,-3.060557127,2.5
8,2,28,-3.05645012856,2.5
8,2,35,2.79543828964,3.5
8,2,35,2.79215431213,3.5
8,2,70,1.57106947899,4.0
8,2,70,1.58828008175,4.0
8,2,30,2.25474119186,4.25
8,2,30,2.25401091576,4.25
8,2,37,3.4431989193,2.25
8,2,37,3.44857025146,2.25
8,2,72,-3.11826848984,3.5
8,2,72,-3.1235294342,3.5
8,2,39,3.36077570915,2.0
8,2,39,3.36348009109,2.0
8,2,74,-2.10243391991,3.75
8,2,74,-2.1056189537,3.75
8,2,41,-1.46661365032,4.0
8,2,41,-1.4814479351,4.0
8,2,76,3.47030639648,3.25
8,2,76,3.45570373535,3.25
8,2,4,-2.1887588501,3.25
8,2,4,-2.19827318192,3.25
8,2,43,-3.1801199913,2.75
8,2,43,-3.17759895325,2.75
8,2,78,-2.30373907089,3.25
8,2,78,-2.29140663147,3.25
8,2,6,-2.9493188858,1.75
8,2,6,-2.95355844498,1.75
8,2,45,3.41729307175,2.25
8,2,45,3.42107629776,2.25
8,2,8,1.38709318638,4.25
8,2,8,1.39138507843,4.25
8,2,47,-2.90460753441,2.75
8,2,47,-2.89197063446,2.75
8,2,10,-2.7802696228,1.75
8,2,10,-2.78083753586,1.75
8,2,83,-2.94422960281,2.75
8,2,83,-2.9481780529,2.75
8,2,85,-1.92054128647,4.5
8,2,85,-1.91176009178,4.5
8,2,48,0.130490273237,4.0
8,2,48,0.155545264482,4.0
8,2,87,0.439826577902,2.0
8,2,87,0.42437505722,2.0
8,2,50,3.41252422333,3.0
8,2,50,3.41174507141,3.0
8,2,89,3.19204831123,2.25
8,2,89,3.19420194626,2.25
9,1,81,3.73695278168,2.25
9,1,81,3.84820318222,2.25
9,1,27,3.60681915283,3.75
9,1,27,3.56459236145,3.75
9,1,83,3.81662368774,4.25
9,1,83,3.65235996246,4.25
9,1,29,1.4995187521,2.5
9,1,29,1.09177803993,2.5
9,1,32,3.98268699646,2.75
9,1,32,4.36719036102,2.75
9,1,85,3.90783214569,4.75
9,1,85,4.20338916779,4.75
9,1,31,3.62893366814,3.5
9,1,31,3.95633745193,3.5
9,1,34,2.62987518311,3.25
9,1,34,-0.0217595547438,3.25
9,1,87,3.60249781609,3.25
9,1,87,3.74341630936,3.25
9,1,36,3.71304345131,3.5
9,1,36,4.46120119095,3.5
9,1,89,2.4167470932,2.75
9,1,89,2.43788576126,2.75
9,1,3,2.95977425575,4.75
9,1,3,3.92956447601,4.75
9,1,38,4.0106716156,3.5
9,1,38,3.61127257347,3.5
9,1,91,2.63498544693,3.75
9,1,91,0.888304710388,3.75
9,1,5,4.2444152832,5.75
9,1,5,3.9061088562,5.75
9,1,40,3.26799154282,2.25
9,1,40,2.72497844696,2.25
9,1,93,1.69935071468,3.25
9,1,93,2.50834536552,3.25
9,1,96,3.84753513336,4.25
9,1,96,3.44276475906,4.25
9,1,7,4.10616207123,4.25
9,1,7,3.639128685,4.25
9,1,42,4.25459671021,4.0
9,1,42,3.5903468132,4.0
9,1,95,3.51748752594,4.25
9,1,95,4.52837276459,4.25
9,1,98,3.79208803177,2.25
9,1,98,4.07982063293,2.25
9,1,65,3.65613126755,2.0
9,1,65,4.2515296936,2.0
9,1,100,2.4825758934,4.25
9,1,100,4.0761475563,4.25
9,1,67,3.79154539108,4.25
9,1,67,3.2950501442,4.25
9,1,102,3.50795316696,3.75
9,1,102,4.14582633972,3.75
9,1,69,4.06350564957,5.5
9,1,69,4.1545624733,5.5
9,1,104,3.86233735085,3.0
9,1,104,4.04549503326,3.0
9,1,106,2.81883883476,4.0
9,1,106,2.39820694923,4.0
9,1,73,3.39700365067,3.25
9,1,73,4.25054502487,3.25
9,1,51,3.88301515579,3.5
9,1,51,4.15754079819,3.5
9,1,75,3.90333580971,2.5
9,1,75,3.86873030663,2.5
9,1,110,3.86181020737,4.25
9,1,110,2.66441082954,4.25
9,1,53,4.83951282501,3.0
9,1,53,3.71385765076,3.0
9,1,77,4.15634441376,3.25
9,1,77,3.67811107635,3.25
9,1,16,4.08962440491,1.5
9,1,16,4.00641727448,1.5
9,1,55,3.78309440613,3.5
9,1,55,1.82802021503,3.5
9,1,79,3.37777471542,4.0
9,1,79,3.93791866302,4.0
9,1,18,0.946649074554,3.5
9,1,18,2.90627241135,3.5
9,1,20,3.78436946869,4.0
9,1,20,3.74655175209,4.0
9,1,59,3.81934499741,2.75
9,1,59,4.25253820419,2.75
9,1,22,3.34910869598,3.0
9,1,22,3.68038749695,3.0
9,1,61,2.79352474213,3.5
9,1,61,3.523260355,3.5
9,1,24,2.33320069313,3.5
9,1,24,2.55510759354,3.5
9,1,63,1.1673977375,3.25
9,1,63,4.178399086,3.25
9,1,80,3.41491603851,3.25
9,1,80,3.99394869804,3.25
9,1,26,2.43191123009,4.5
9,1,26,4.08981609344,4.5
9,1,33,2.03892493248,3.75
9,1,33,2.85542464256,3.75
9,1,82,3.35042190552,4.0
9,1,82,3.80618691444,4.0
9,1,28,2.80857157707,2.75
9,1,28,2.36433911324,2.75
9,1,35,4.15528583527,3.5
9,1,35,2.9775955677,3.5
9,1,84,4.39899301529,3.0
9,1,84,3.60706400871,3.0
9,1,30,4.36586284637,3.0
9,1,30,4.43556785583,3.0
9,1,37,3.60179948807,4.5
9,1,37,4.27801704407,4.5
9,1,86,2.96352577209,4.0
9,1,86,2.27552986145,4.0
9,1,39,2.09155273438,2.75
9,1,39,3.3507566452,2.75
9,1,88,0.000364998355508,3.25
9,1,88,3.76788640022,3.25
9,1,2,3.49726295471,5.25
9,1,2,4.1226849556,5.25
9,1,41,4.03387832642,3.0
9,1,41,4.3170042038,3.0
9,1,90,3.56623005867,2.75
9,1,90,4.01593875885,2.75
9,1,97,4.42075443268,3.5
9,1,97,4.22006130219,3.5
9,1,4,4.2460770607,5.0
9,1,4,3.93388938904,5.0
9,1,92,3.59374666214,4.0
9,1,92,3.84521818161,4.0
9,1,99,4.21718597412,3.0
9,1,99,2.95504069328,3.0
9,1,6,3.78517985344,3.5
9,1,6,4.10195589066,3.5
9,1,94,3.10890483856,3.0
9,1,94,2.30158138275,3.0
9,1,101,3.39251732826,2.25
9,1,101,2.70145726204,2.25
9,1,8,2.06605887413,4.5
9,1,8,2.44287467003,4.5
9,1,64,3.34992218018,4.25
9,1,64,4.10524654388,4.25
9,1,103,4.01701545715,2.25
9,1,103,3.250674963,2.25
9,1,66,4.14508581161,4.75
9,1,66,4.7121052742,4.75
9,1,105,3.53100776672,3.75
9,1,105,3.46667480469,3.75
9,1,12,3.36713004112,4.75
9,1,12,3.59687995911,4.75
9,1,68,3.69603300095,3.5
9,1,68,3.88228797913,3.5
9,1,107,3.62106013298,4.25
9,1,107,3.3637008667,4.25
9,1,72,3.21839809418,3.75
9,1,72,4.07375049591,3.75
9,1,111,1.76012825966,3.0
9,1,111,3.45298528671,3.0
9,1,50,3.54866170883,3.5
9,1,50,3.47284269333,3.5
9,1,74,3.18421196938,3.0
9,1,74,3.52402567863,3.0
9,1,17,3.04443383217,4.25
9,1,17,3.51083469391,4.25
9,1,52,4.07467651367,2.75
9,1,52,3.58091497421,2.75
9,1,76,3.44319581985,4.0
9,1,76,3.20407867432,4.0
9,1,19,0.712222099304,3.25
9,1,19,3.21161031723,3.25
9,1,54,2.40066099167,2.75
9,1,54,3.52960896492,2.75
9,1,78,3.85343647003,3.5
9,1,78,4.30366897583,3.5
9,1,21,4.0942940712,4.5
9,1,21,4.38721084595,4.5
9,1,56,2.41760730743,3.75
9,1,56,4.17934370041,3.75
9,1,23,3.96073365211,4.5
9,1,23,4.04792451859,4.5
9,1,25,3.07129573822,3.5
9,1,25,3.93688559532,3.5
9,1,60,3.36528682709,4.0
9,1,60,3.92242622375,4.0
9,2,98,2.82532119751,4.5
9,2,98,2.16173267365,4.5
9,2,71,3.95958900452,5.25
9,2,71,3.87432527542,5.25
9,2,100,4.1086935997,5.75
9,2,100,3.98858714104,5.75
9,2,46,3.93122148514,4.75
9,2,46,3.09932279587,4.75
9,2,102,4.12847709656,3.75
9,2,102,3.70494222641,3.75
9,2,75,3.75826191902,3.75
9,2,75,3.44392561913,3.75
9,2,16,2.26241135597,2.75
9,2,16,3.03379631042,2.75
9,2,104,4.32977581024,3.25
9,2,104,4.08618211746,3.25
9,2,77,4.59497594833,4.25
9,2,77,4.0096654892,4.25
9,2,18,3.65820550919,4.25
9,2,18,3.68685054779,4.25
9,2,106,3.91489291191,5.25
9,2,106,4.16206884384,5.25
9,2,79,3.4916574955,5.25
9,2,79,2.69089055061,5.25
9,2,20,3.73464822769,3.0
9,2,20,2.19365119934,3.0
9,2,108,3.80077695847,4.25
9,2,108,3.61969900131,4.25
9,2,49,3.65569424629,5.25
9,2,49,4.03978967667,5.25
9,2,22,2.14013433456,3.0
9,2,22,3.55401039124,3.0
9,2,110,4.21388149261,3.25
9,2,110,3.94307661057,3.25
9,2,51,3.41357707977,5.0
9,2,51,3.15380954742,5.0
9,2,24,3.17464780807,1.75
9,2,24,4.05131053925,1.75
9,2,80,3.82898926735,4.75
9,2,80,3.05363988876,4.75
9,2,53,2.67114329338,3.75
9,2,53,3.70854020119,3.75
9,2,26,2.98326873779,3.25
9,2,26,3.38055801392,3.25
9,2,82,3.86810803413,3.0
9,2,82,4.3786687851,3.0
9,2,55,2.74188089371,3.25
9,2,55,4.14667987823,3.25
9,2,28,3.16847372055,4.75
9,2,28,3.96180486679,4.75
9,2,84,4.57133674622,3.75
9,2,84,4.62784051895,3.75
9,2,30,-0.370824992657,2.75
9,2,30,0.967165708542,2.75
9,2,113,3.40784740448,5.75
9,2,113,2.46795368195,5.75
9,2,86,3.93857717514,4.0
9,2,86,3.43732666969,4.0
9,2,88,2.94726657867,4.5
9,2,88,1.67718434334,4.5
9,2,2,0.118491902947,4.0
9,2,2,3.2221121788,4.0
9,2,90,2.71364974976,3.25
9,2,90,3.37185382843,3.25
9,2,63,4.10678100586,5.0
9,2,63,4.02437257767,5.0
9,2,4,1.42418920994,5.25
9,2,4,3.13305401802,5.25
9,2,92,4.04128551483,4.25
9,2,92,4.07797765732,4.25
9,2,33,3.4801762104,3.0
9,2,33,3.89435505867,3.0
9,2,6,3.25705289841,5.75
9,2,6,4.49803733826,5.75
9,2,94,1.91528701782,4.0
9,2,94,4.37343168259,4.0
9,2,35,1.896474123,2.5
9,2,35,4.26917219162,2.5
9,2,8,3.3833732605,4.5
9,2,8,3.72137832642,4.5
9,2,64,1.43502092361,4.5
9,2,64,0.919169187546,4.5
9,2,37,4.45866823196,3.75
9,2,37,4.00669002533,3.75
9,2,10,2.85187220573,4.75
9,2,10,4.18139457703,4.75
9,2,66,4.63418960571,5.5
9,2,66,4.43332338333,5.5
9,2,39,2.56484532356,4.0
9,2,39,2.69639444351,4.0
9,2,12,3.92553019524,5.5
9,2,12,3.8929643631,5.5
9,2,68,3.55289340019,3.25
9,2,68,3.68604540825,3.25
9,2,41,4.22946071625,4.5
9,2,41,3.73938465118,4.5
9,2,97,3.19809293747,3.75
9,2,97,3.77663373947,3.75
9,2,70,4.09340953827,4.75
9,2,70,3.73047494888,4.75
9,2,99,2.62558197975,4.5
9,2,99,1.63905239105,4.5
9,2,45,4.02287960052,3.0
9,2,45,4.5027513504,3.0
9,2,101,3.99948167801,3.75
9,2,101,3.71693468094,3.75
9,2,74,4.20882081985,5.25
9,2,74,3.48799467087,5.25
9,2,47,2.48614668846,5.0
9,2,47,1.1707007885,5.0
9,2,103,3.71653270721,3.0
9,2,103,3.94211125374,3.0
9,2,76,4.53615093231,3.25
9,2,76,4.20928192139,3.25
9,2,17,2.23554754257,4.0
9,2,17,2.70358562469,4.0
9,2,105,4.5349855423,4.5
9,2,105,4.03661346436,4.5
9,2,78,3.02427625656,5.5
9,2,78,1.97480988503,5.5
9,2,19,4.19716453552,3.25
9,2,19,3.28975200653,3.25
9,2,107,2.68609380722,3.75
9,2,107,4.07160329819,3.75
9,2,48,3.48548746109,5.0
9,2,48,4.463306427,5.0
9,2,21,3.83833909035,3.75
9,2,21,3.93175029755,3.75
9,2,109,4.04227685928,2.25
9,2,109,3.98917770386,2.25
9,2,50,4.26805496216,4.0
9,2,50,4.42112970352,4.0
9,2,23,3.89503622055,2.75
9,2,23,4.28112220764,2.75
9,2,111,3.92492008209,4.0
9,2,111,4.49464797974,4.0
9,2,52,1.13022208214,2.75
9,2,52,0.192345455289,2.75
9,2,25,4.24055194855,5.75
9,2,25,4.0672326088,5.75
9,2,81,3.75306630135,4.75
9,2,81,4.7321190834,4.75
9,2,54,3.17348051071,5.5
9,2,54,4.10851192474,5.5
9,2,27,0.28702133894,3.25
9,2,27,1.59738588333,3.25
9,2,83,4.07423830032,4.0
9,2,83,3.44462966919,4.0
9,2,56,3.17534446716,5.0
9,2,56,1.07772183418,5.0
9,2,29,3.42655849457,3.0
9,2,29,2.92341470718,3.0
9,2,112,2.94934725761,4.5
9,2,112,3.06600046158,4.5
9,2,85,3.15864872932,4.75
9,2,85,1.35845255852,4.75
9,2,31,2.73813414574,2.75
9,2,31,2.4303278923,2.75
9,2,87,4.30630350113,3.25
9,2,87,4.7854847908,3.25
9,2,89,2.85796260834,2.75
9,2,89,2.73991537094,2.75
9,2,62,3.88149642944,4.0
9,2,62,1.52986836433,4.0
9,2,3,3.20536494255,4.5
9,2,3,4.21801519394,4.5
9,2,91,4.19937419891,4.25
9,2,91,2.86201524734,4.25
9,2,32,2.28969955444,2.25
9,2,32,3.08650350571,2.25
9,2,5,3.77462553978,5.5
9,2,5,4.24648857117,5.5
9,2,93,3.8736538887,4.5
9,2,93,3.27111768723,4.5
9,2,34,3.30305862427,2.5
9,2,34,0.408282548189,2.5
9,2,7,3.29331207275,5.25
9,2,7,2.16419172287,5.25
9,2,95,3.81498599052,5.0
9,2,95,2.9038040638,5.0
9,2,36,4.10913658142,4.75
9,2,36,4.66975831985,4.75
9,2,9,3.66864156723,5.75
9,2,9,3.04829788208,5.75
9,2,65,3.85694265366,4.75
9,2,65,4.11965751648,4.75
9,2,38,3.69971847534,2.0
9,2,38,2.74081277847,2.0
9,2,11,3.4237883091,4.5
9,2,11,4.22625112534,4.5
9,2,67,4.23120641708,4.25
9,2,67,3.80092048645,4.25
9,2,40,3.7415137291,3.25
9,2,40,4.65491008759,3.25
9,2,13,1.86291623116,3.75
9,2,13,2.76879310608,3.75
9,2,96,2.88917374611,3.0
9,2,96,2.67339992523,3.0
9,2,69,2.42290258408,3.25
9,2,69,4.43354129791,3.25
9,2,42,2.88795804977,3.25
9,2,42,3.57707118988,3.25
10,1,63,2.25117897987,4.25
10,1,63,3.11315917969,4.25
10,1,24,3.81401205063,4.75
10,1,24,4.15677785873,4.75
10,1,80,3.21941947937,5.0
10,1,80,4.08793878555,5.0
10,1,61,4.60704755783,4.0
10,1,61,4.43842983246,4.0
10,1,6,3.97296619415,5.0
10,1,6,4.17740345001,5.0
10,1,94,3.08980846405,5.0
10,1,94,1.94622421265,5.0
10,1,4,3.94851112366,5.5
10,1,4,3.79831171036,5.5
10,1,92,4.32848930359,5.0
10,1,92,4.13503646851,5.0
10,1,57,3.89451646805,1.5
10,1,57,3.91547966003,1.5
10,1,90,4.31295108795,3.75
10,1,90,4.48476457596,3.75
10,1,39,0.834675312042,4.0
10,1,39,0.303670406342,4.0
10,1,88,4.3557510376,5.5
10,1,88,4.27632665634,5.5
10,1,37,3.46007108688,6.0
10,1,37,3.7784743309,6.0
10,1,14,4.11247253418,3.75
10,1,14,2.94678974152,3.75
10,1,35,1.09579515457,2.0
10,1,35,1.18714249134,2.0
10,1,12,4.10350751877,4.5
10,1,12,4.04674100876,4.5
10,1,68,3.4898891449,3.75
10,1,68,4.53832387924,3.75
10,1,33,3.54746198654,4.5
10,1,33,3.7919459343,4.5
10,1,10,3.10033607483,5.0
10,1,10,2.16124010086,5.0
10,1,66,3.52667284012,6.0
10,1,66,4.02209663391,6.0
10,1,47,4.29381465912,5.25
10,1,47,4.09778118134,5.25
10,1,8,4.024477005,6.25
10,1,8,4.10668849945,6.25
10,1,103,2.64017319679,3.75
10,1,103,3.48131489754,3.75
10,1,64,3.78237533569,5.0
10,1,64,2.64216375351,5.0
10,1,45,3.4729950428,2.875
10,1,45,3.00311374664,2.875
10,1,101,3.86862468719,5.5
10,1,101,3.70247411728,5.5
10,1,78,3.1548678875,5.5
10,1,78,3.94290876389,5.5
10,1,43,4.38698720932,4.5
10,1,43,3.90223741531,4.5
10,1,99,3.61717057228,5.25
10,1,99,3.7928674221,5.25
10,1,76,4.02987480164,4.75
10,1,76,4.43110466003,4.75
10,1,41,3.3114156723,3.25
10,1,41,4.38538551331,3.25
10,1,97,3.49789714813,3.75
10,1,97,2.80657529831,3.75
10,1,74,2.68968296051,4.75
10,1,74,3.42277669907,4.75
10,1,72,4.3527135849,3.0
10,1,72,4.572224617,3.0
10,1,21,4.08805465698,5.25
10,1,21,4.03552436829,5.25
10,1,54,1.68794536591,3.5
10,1,54,0.949763953686,3.5
10,1,107,4.06129837036,5.0
10,1,107,3.79293823242,5.0
10,1,52,4.26898908615,5.0
10,1,52,4.09455966949,5.0
10,1,105,4.23166036606,4.0
10,1,105,3.67291402817,4.0
10,1,50,3.95777320862,5.25
10,1,50,3.74510717392,5.25
10,1,31,3.40336060524,4.75
10,1,31,3.86261773109,4.75
10,1,87,4.25017642975,4.75
10,1,87,4.33045053482,4.75
10,1,48,4.55630111694,5.0
10,1,48,4.57571601868,5.0
10,1,29,4.54087257385,4.5
10,1,29,4.32619810104,4.5
10,1,85,4.18534994125,4.75
10,1,85,3.68053221703,4.75
10,1,62,2.53233623505,3.75
10,1,62,3.81640958786,3.75
10,1,27,4.35084962845,4.25
10,1,27,3.93291139603,4.25
10,1,83,4.31833267212,3.0
10,1,83,4.16988801956,3.0
10,1,25,3.95802879333,4.5
10,1,25,3.80920028687,4.5
10,1,81,2.95331144333,4.25
10,1,81,2.648624897,4.25
10,1,7,3.70926976204,5.5
10,1,7,3.46916627884,5.5
10,1,95,3.30510663986,4.75
10,1,95,4.00640964508,4.75
10,1,56,3.10088825226,4.5
10,1,56,3.51509356499,4.5
10,1,5,4.29369354248,5.0
10,1,5,4.3822851181,5.0
10,1,93,3.97976160049,4.0
10,1,93,4.17765378952,4.0
10,1,38,3.12989091873,3.75
10,1,38,2.20437693596,3.75
10,1,91,4.16900444031,4.5
10,1,91,4.25123739243,4.5
10,1,36,4.5799446106,4.75
10,1,36,4.83428764343,4.75
10,1,89,4.00575876236,5.25
10,1,89,3.80206823349,5.25
10,1,34,2.38425445557,4.0
10,1,34,3.3094625473,4.0
10,1,32,4.43212032318,3.75
10,1,32,4.65839529037,3.75
10,1,13,2.84071207047,4.25
10,1,13,2.63782191277,4.25
10,1,69,4.09146595001,4.5
10,1,69,4.04267549515,4.5
10,1,46,3.9400601387,5.0
10,1,46,4.28940105438,5.0
10,1,11,2.36287641525,4.0
10,1,11,-1.03351008892,4.0
10,1,102,3.27703332901,5.0
10,1,102,3.82974863052,5.0
10,1,67,3.13879537582,5.25
10,1,67,3.4512591362,5.25
10,1,44,3.96935176849,4.5
10,1,44,3.4436044693,4.5
10,1,9,3.90357065201,5.5
10,1,9,3.82576656342,5.5
10,1,100,4.05972957611,4.0
10,1,100,4.32857227325,4.0
10,1,65,2.3700876236,5.75
10,1,65,4.30617523193,5.75
10,1,42,4.62400150299,5.25
10,1,42,4.36763858795,5.25
10,1,98,3.29716730118,4.5
10,1,98,3.08903121948,4.5
10,1,79,2.40282249451,4.5
10,1,79,3.53776860237,4.5
10,1,40,3.12197065353,4.5
10,1,40,3.83740472794,4.5
10,1,96,4.37485790253,4.5
10,1,96,4.36580991745,4.5
10,1,77,3.76654291153,4.5
10,1,77,3.78658294678,4.5
10,1,22,3.91615819931,4.5
10,1,22,4.1052775383,4.5
10,1,75,3.80090546608,4.5
10,1,75,3.88206958771,4.5
10,1,20,3.87037181854,5.0
10,1,20,3.32369565964,5.0
10,1,108,4.39783525467,5.0
10,1,108,3.51067304611,5.0
10,1,73,3.94837760925,4.25
10,1,73,4.19153404236,4.25
10,1,106,2.12480640411,2.0
10,1,106,3.26996278763,2.0
10,1,55,4.00390911102,5.25
10,1,55,4.06703472137,5.25
10,1,104,3.87025094032,4.5
10,1,104,3.94274234772,4.5
10,1,53,3.89892697334,5.25
10,1,53,4.16833114624,5.25
10,1,30,4.46457147598,5.5
10,1,30,4.6435546875,5.5
10,1,86,4.58754920959,4.0
10,1,86,4.59934711456,4.0
10,1,51,4.63052034378,5.5
10,1,51,4.11923551559,5.5
10,1,28,4.03141212463,4.75
10,1,28,4.44595098495,4.75
10,1,84,3.00287437439,2.75
10,1,84,3.24221658707,2.75
10,1,49,3.82128238678,4.0
10,1,49,3.21311378479,4.0
10,1,26,3.19510817528,2.375
10,1,26,2.9203414917,2.375
10,1,82,3.63765239716,4.5
10,1,82,3.9135799408,4.5
10,2,65,0.903880596161,5.0
10,2,65,1.3093457222,5.0
10,2,26,1.98333227634,3.5
10,2,26,-0.258192777634,3.5
10,2,83,-0.353528857231,4.25
10,2,83,-0.652239918709,4.25
10,2,15,3.6709048748,5.75
10,2,15,3.08809375763,5.75
10,2,25,0.227079063654,4.25
10,2,25,1.12880277634,4.25
10,2,82,-0.834667921066,5.25
10,2,82,-0.131786376238,5.25
10,2,14,4.28710174561,5.25
10,2,14,4.41911220551,5.25
10,2,71,-1.5054910183,4.0
10,2,71,2.38766002655,4.0
10,2,24,3.39631962776,3.5
10,2,24,3.44140934944,3.5
10,2,81,3.70937991142,5.25
10,2,81,3.47884082794,5.25
10,2,35,-0.524853110313,2.75
10,2,35,-1.22980260849,2.75
10,2,13,4.30609130859,5.25
10,2,13,4.02820968628,5.25
10,2,70,4.17461776733,4.66667
10,2,70,4.09716653824,4.66667
10,2,31,2.75530576706,3.25
10,2,31,2.60596990585,3.25
10,2,80,3.14090633392,4.5
10,2,80,3.18555521965,4.5
10,2,34,2.90782737732,5.0
10,2,34,3.00005912781,5.0
10,2,12,3.46188569069,4.25
10,2,12,3.73950219154,4.25
10,2,69,1.3232717514,5.25
10,2,69,3.21353602409,5.25
10,2,30,3.23967885971,5.75
10,2,30,3.8818936348,5.75
10,2,87,2.98755550385,5.5
10,2,87,2.31275272369,5.5
10,2,33,2.74319529533,4.75
10,2,33,-1.01807498932,4.75
10,2,51,4.45146036148,5.5
10,2,51,4.4685125351,5.5
10,2,68,1.2411134243,4.75
10,2,68,1.98832607269,4.75
10,2,29,2.23198747635,5.0
10,2,29,2.28407645226,5.0
10,2,86,1.71472597122,4.5
10,2,86,2.40928697586,4.5
10,2,32,-0.976192355156,1.75
10,2,32,-0.194532424212,1.75
10,2,50,3.22881245613,4.0
10,2,50,3.37652635574,4.0
10,2,75,3.97698879242,4.5
10,2,75,4.17969608307,4.5
10,2,28,3.23671746254,4.5
10,2,28,4.37845182419,4.5
10,2,85,3.50553059578,5.25
10,2,85,4.20458602905,5.25
10,2,39,3.63469433784,5.25
10,2,39,3.32467556,5.25
10,2,74,3.60730075836,4.75
10,2,74,3.81893110275,4.75
10,2,3,4.26377487183,3.75
10,2,3,4.07725048065,3.75
10,2,84,3.09942817688,4.0
10,2,84,3.05379581451,4.0
10,2,38,4.0430226326,4.75
10,2,38,4.05737495422,4.75
10,2,73,-0.0909538269043,5.5
10,2,73,2.32913541794,5.5
10,2,91,3.66195821762,4.25
10,2,91,3.66789388657,4.25
10,2,37,1.97070789337,5.0
10,2,37,3.30942392349,5.0
10,2,55,4.51344490051,3.75
10,2,55,3.73479318619,3.75
10,2,72,-0.684000015259,6.25
10,2,72,3.60825920105,6.25
10,2,90,3.80083847046,4.25
10,2,90,3.39837312698,4.25
10,2,19,2.92511129379,4.5
10,2,19,-1.33644580841,4.5
10,2,36,3.93604803085,3.75
10,2,36,0.445414423943,3.75
10,2,54,3.99090242386,5.5
10,2,54,4.3651971817,5.5
10,2,79,1.40203547478,5.5
10,2,79,3.9258646965,5.5
10,2,89,4.11037540436,4.0
10,2,89,2.77919912338,4.0
10,2,43,3.64408135414,5.75
10,2,43,3.61028623581,5.75
10,2,53,3.6889500618,6.75
10,2,53,3.6915128231,6.75
10,2,78,2.54294610023,5.25
10,2,78,3.32847332954,5.25
10,2,7,3.99113488197,5.25
10,2,7,3.77223968506,5.25
10,2,88,3.78129959106,5.5
10,2,88,2.99167990685,5.5
10,2,42,2.66287517548,5.5
10,2,42,2.72169232368,5.5
10,2,52,2.94677591324,5.5
10,2,52,3.56930398941,5.5
10,2,77,2.82814836502,3.5
10,2,77,1.55142581463,3.5
10,2,6,4.0294380188,5.25
10,2,6,4.18511295319,5.25
10,2,95,3.25228118896,2.0
10,2,95,-1.65574073792,2.0
10,2,41,3.81150841713,5.25
10,2,41,4.22891712189,5.25
10,2,76,-1.6461994648,4.5
10,2,76,-1.55774641037,4.5
10,2,5,4.30564785004,5.5
10,2,5,3.9429268837,5.5
10,2,94,1.583994627,3.25
10,2,94,-0.195316538215,3.25
10,2,23,3.6098947525,5.0
10,2,23,3.83338022232,5.0
10,2,40,-0.266370952129,4.5
10,2,40,3.37584400177,4.5
10,2,97,2.32892537117,5.75
10,2,97,-1.66092395782,5.75
10,2,58,3.43282175064,5.5
10,2,58,2.35869765282,5.5
10,2,4,4.06064558029,6.25
10,2,4,4.10271453857,6.25
10,2,93,-0.828233003616,3.25
10,2,93,-1.5960559845,3.25
10,2,22,2.24463534355,5.5
10,2,22,2.86155080795,5.5
10,2,47,-1.00780761242,5.25
10,2,47,0.428445756435,5.25
10,2,96,2.96678090096,4.75
10,2,96,3.53946232796,4.75
10,2,11,4.08370113373,4.5
10,2,11,3.95873308182,4.5
10,2,92,1.46146535873,4.75
10,2,92,1.5409116745,4.75
10,2,21,3.42089557648,5.5
10,2,21,1.38248026371,5.5
10,2,46,-1.8423653841,4.25
10,2,46,-0.426827728748,4.25
10,2,56,4.2692322731,5.25
10,2,56,4.10958003998,5.25
10,2,10,0.560055375099,5.25
10,2,10,0.193814396858,5.25
10,2,67,2.24376440048,4.33333
10,2,67,2.62025666237,4.33333
10,2,20,2.90860533714,2.75
10,2,20,2.82799506187,2.75
10,2,45,-1.38857245445,3.5
10,2,45,-1.27500939369,3.5
10,2,9,1.42900884151,3.25
10,2,9,2.94408750534,3.25
10,2,66,2.06563901901,3.0
10,2,66,0.393226414919,3.0
10,2,27,3.6955499649,5.0
10,2,27,3.91262960434,5.0
10,2,44,3.97159862518,5.0
10,2,44,4.06450462341,5.0
10,2,8,4.29584312439,5.75
10,2,8,3.73524284363,5.75
11,1,5,4.09547233582,4.5
11,1,5,4.1103849411,4.5
11,1,94,3.32022953033,5.75
11,1,94,3.86059617996,5.75
11,1,23,3.85959720612,5.75
11,1,23,3.66098594666,5.75
11,1,32,2.76375341415,4.25
11,1,32,2.79550480843,4.25
11,1,50,2.35199022293,3.0
11,1,50,1.78204643726,3.0
11,1,75,3.58452129364,3.5
11,1,75,2.29556655884,3.5
11,1,4,3.84486055374,5.75
11,1,4,3.6055264473,5.75
11,1,93,3.25651931763,4.25
11,1,93,3.38186359406,4.25
11,1,22,4.00486850739,6.25
11,1,22,3.57796669006,6.25
11,1,47,3.19774770737,4.0
11,1,47,1.56933355331,4.0
11,1,49,2.49198532104,4.5
11,1,49,2.25054168701,4.5
11,1,74,3.28909921646,5.0
11,1,74,3.00590133667,5.0
11,1,92,3.19595646858,4.25
11,1,92,3.74165511131,4.25
11,1,21,2.60802793503,4.25
11,1,21,-0.0724208429456,4.25
11,1,46,0.297180533409,1.75
11,1,46,-0.4510653615,1.75
11,1,48,-1.64878368378,2.25
11,1,48,0.88021928072,2.25
11,1,73,4.20461797714,5.25
11,1,73,3.85267567635,5.25
11,1,91,2.95433330536,5.5
11,1,91,2.94647407532,5.5
11,1,20,3.85939407349,5.5
11,1,20,3.50524997711,5.5
11,1,63,2.96306991577,6.25
11,1,63,3.12350893021,6.25
11,1,72,3.17868375778,4.75
11,1,72,2.51764535904,4.75
11,1,90,1.97236609459,4.25
11,1,90,1.40677964687,4.25
11,1,19,3.61464715004,6.25
11,1,19,3.73127937317,6.25
11,1,62,3.48552322388,5.0
11,1,62,2.28749608994,5.0
11,1,89,3.10861444473,5.0
11,1,89,3.37739682198,5.0
11,1,15,4.23257255554,3.5
11,1,15,4.1323018074,3.5
11,1,88,2.84590029716,3.75
11,1,88,4.24613952637,3.75
11,1,99,-0.00984439998865,6.25
11,1,99,1.62903738022,6.25
11,1,14,3.21219539642,4.25
11,1,14,3.67389678955,4.25
11,1,71,0.323284447193,4.75
11,1,71,3.62702798843,4.75
11,1,98,1.73757326603,4.5
11,1,98,1.52613091469,4.5
11,1,13,4.04582309723,5.25
11,1,13,3.97393298149,5.25
11,1,70,3.10806941986,5.0
11,1,70,3.67609643936,5.0
11,1,31,3.62400007248,5.5
11,1,31,4.25205039978,5.5
11,1,97,2.30530810356,3.75
11,1,97,2.8489279747,3.75
11,1,12,4.3419342041,5.5
11,1,12,3.98612880707,5.5
11,1,69,3.74365854263,4.0
11,1,69,2.99612855911,4.0
11,1,30,3.26882076263,4.25
11,1,30,1.95545017719,4.25
11,1,87,3.39919137955,2.75
11,1,87,3.8390712738,2.75
11,1,96,2.38599729538,4.75
11,1,96,0.0197748541832,4.75
11,1,57,0.388491868973,2.5
11,1,57,0.745428621769,2.5
11,1,11,3.6975402832,4.5
11,1,11,2.89488863945,4.5
11,1,68,4.45696544647,4.25
11,1,68,3.75547814369,4.25
11,1,29,4.52659273148,5.5
11,1,29,3.18638634682,5.5
11,1,56,-0.260481089354,2.25
11,1,56,1.39692723751,2.25
11,1,10,3.26240229607,4.66667
11,1,10,3.54848742485,4.66667
11,1,67,4.23538780212,6.25
11,1,67,4.0745100975,6.25
11,1,28,3.18571400642,4.5
11,1,28,3.88148593903,4.5
11,1,39,2.66021370888,5.0
11,1,39,2.45260882378,5.0
11,1,9,2.94096565247,4.0
11,1,9,2.12740325928,4.0
11,1,66,3.28291082382,3.25
11,1,66,3.23085832596,3.25
11,1,27,3.68829917908,4.5
11,1,27,1.89040875435,4.5
11,1,84,2.49048995972,3.5
11,1,84,3.81108951569,3.5
11,1,38,3.9781126976,4.5
11,1,38,4.39764595032,4.5
11,1,8,4.63254928589,4.25
11,1,8,2.7893743515,4.25
11,1,65,3.81708168983,4.25
11,1,65,3.7326529026,4.25
11,1,26,3.66957426071,4.0
11,1,26,3.74589824677,4.0
11,1,83,3.82915306091,3.5
11,1,83,1.85479402542,3.5
11,1,37,4.48707771301,3.75
11,1,37,3.40719175339,3.75
11,1,55,-0.54560303688,4.0
11,1,55,2.49963951111,4.0
11,1,64,3.89988946915,5.0
11,1,64,4.15471935272,5.0
11,1,25,4.20827865601,5.0
11,1,25,2.8772418499,5.0
11,1,82,4.388027668,4.5
11,1,82,2.91669178009,4.5
11,1,36,3.23425245285,5.0
11,1,36,1.71895086765,5.0
11,1,54,-0.227378457785,2.5
11,1,54,-0.614692926407,2.5
11,1,79,3.39245295525,4.5
11,1,79,3.62608957291,4.5
11,1,24,4.11970615387,3.25
11,1,24,3.24618172646,3.25
11,1,81,3.4793510437,4.5
11,1,81,2.46461009979,4.5
11,1,35,4.57977724075,4.5
11,1,35,4.37916994095,4.5
11,1,53,3.62876200676,5.25
11,1,53,4.07600736618,5.25
11,1,78,3.61474609375,5.0
11,1,78,2.9352555275,5.0
11,1,7,3.31336832047,4.25
11,1,7,3.6744890213,4.25
11,1,80,3.44943022728,6.0
11,1,80,3.92860794067,6.0
11,1,34,4.08224534988,4.5
11,1,34,3.53724145889,4.5
11,1,52,3.38101482391,4.25
11,1,52,3.77936196327,4.25
11,1,77,3.30917882919,6.0
11,1,77,3.83027744293,6.0
11,1,6,3.77756690979,5.0
11,1,6,4.04966259003,5.0
11,1,95,3.12049984932,4.25
11,1,95,3.75382661819,4.25
11,1,33,4.06787776947,5.0
11,1,33,2.95506024361,5.0
11,1,51,3.89198184013,4.75
11,1,51,3.08164834976,4.75
11,1,76,3.50302839279,4.0
11,1,76,3.39231133461,4.0
11,2,84,2.10290241241,4.75
11,2,84,0.925696492195,4.75
11,2,28,0.528275489807,4.5
11,2,28,2.56849360466,4.5
11,2,74,1.50872254372,4.25
11,2,74,-0.0937293991446,4.25
11,2,18,3.6141409874,4.0
11,2,18,0.436516940594,4.0
11,2,72,3.55601596832,4.25
11,2,72,0.710793375969,4.25
11,2,63,4.08346176147,2.75
11,2,63,-1.12839221954,2.75
11,2,78,3.31690073013,5.5
11,2,78,0.469898879528,5.5
11,2,61,0.218317359686,3.25
11,2,61,1.47517585754,3.25
11,2,22,2.87445449829,3.75
11,2,22,2.61616611481,3.75
11,2,76,3.63709402084,5.5
11,2,76,3.98134231567,5.5
11,2,51,3.67401599884,4.5
11,2,51,4.03256797791,4.5
11,2,20,3.17048192024,4.75
11,2,20,3.57065296173,4.75
11,2,105,3.40447807312,4.5
11,2,105,3.73328518867,4.5
11,2,66,1.8641974926,1.75
11,2,66,0.301075309515,1.75
11,2,49,3.46429252625,2.75
11,2,49,0.00435811467469,2.75
11,2,10,0.732315182686,4.75
11,2,10,0.622664213181,4.75
11,2,111,3.42096757889,4.5
11,2,111,1.9511961937,4.5
11,2,64,3.61657571793,4.25
11,2,64,2.21972346306,4.25
11,2,55,2.95793819427,4.5
11,2,55,0.177644088864,4.5
11,2,8,-1.17937994003,5.0
11,2,8,2.64468741417,5.0
11,2,109,3.76796197891,4.75
11,2,109,2.7370455265,4.75
11,2,53,3.40456771851,4.5
11,2,53,2.53697109222,4.5
11,2,99,2.29350376129,5.5
11,2,99,0.382313191891,5.5
11,2,68,4.25971651077,4.0
11,2,68,-0.179059803486,4.0
11,2,43,4.27610874176,5.25
11,2,43,-0.0494261234999,5.25
11,2,12,3.3697707653,2.25
11,2,12,-0.751747846603,2.25
11,2,97,2.65716838837,3.75
11,2,97,0.630638241768,3.75
11,2,41,3.62698125839,4.75
11,2,41,2.2650551796,4.75
11,2,103,3.37303686142,5.25
11,2,103,3.52896928787,5.25
11,2,47,3.97584104538,4.0
11,2,47,2.59310674667,4.0
11,2,101,2.20179533958,4.75
11,2,101,3.65147924423,4.75
11,2,45,3.40960478783,4.25
11,2,45,2.45577812195,4.25
11,2,6,3.61224889755,5.5
11,2,6,3.40178442001,5.5
11,2,91,-1.94866371155,4.5
11,2,91,1.0054653883,4.5
11,2,35,3.41275620461,3.75
11,2,35,1.19279336929,3.75
11,2,4,1.81672203541,4.0
11,2,4,0.785375833511,4.0
11,2,89,3.4436340332,4.75
11,2,89,3.73956155777,4.75
11,2,33,4.00163698196,4.25
11,2,33,2.51112055779,4.25
11,2,95,3.59524393082,4.0
11,2,95,3.34574460983,4.0
11,2,39,4.32723665237,4.5
11,2,39,0.313519477844,4.5
11,2,93,2.89770793915,5.0
11,2,93,2.20599794388,5.0
11,2,37,3.86906099319,5.0
11,2,37,0.113628767431,5.0
11,2,83,3.99631166458,4.0
11,2,83,3.46429824829,4.0
11,2,27,3.64127898216,5.5
11,2,27,2.62745022774,5.5
11,2,81,3.1470746994,3.0
11,2,81,1.7518351078,3.0
11,2,25,1.65426492691,5.0
11,2,25,3.12274885178,5.0
11,2,87,4.2884144783,4.25
11,2,87,3.77954936028,4.25
11,2,31,2.79273819923,5.0
11,2,31,1.90717768669,5.0
11,2,85,3.75658273697,5.0
11,2,85,-1.98782253265,5.0
11,2,56,3.81216716766,4.75
11,2,56,2.92179775238,4.75
11,2,29,2.21932864189,4.75
11,2,29,0.918702125549,4.75
11,2,75,-0.217279583216,2.5
11,2,75,0.324746608734,2.5
11,2,62,0.163296699524,1.75
11,2,62,0.502826929092,1.75
11,2,19,3.45775794983,5.25
11,2,19,3.32354593277,5.25
11,2,73,1.65544700623,4.25
11,2,73,-0.401972949505,4.25
11,2,60,2.04887390137,2.5
11,2,60,0.153537482023,2.5
11,2,17,-1.34858620167,3.75
11,2,17,-1.80157649517,3.75
11,2,106,3.27841806412,3.0
11,2,106,-1.23605585098,3.0
11,2,79,1.48234212399,4.25
11,2,79,-0.261772990227,4.25
11,2,50,2.74402523041,4.25
11,2,50,3.146027565,4.25
11,2,23,2.77050685883,5.75
11,2,23,1.96845722198,5.75
11,2,104,4.04672908783,6.0
11,2,104,3.45568180084,6.0
11,2,77,2.31571984291,4.5
11,2,77,3.44752502441,4.5
11,2,48,3.97092866898,6.5
11,2,48,4.11995029449,6.5
11,2,21,3.82673406601,6.25
11,2,21,0.0556094124913,6.25
11,2,110,3.54148292542,4.75
11,2,110,2.79644322395,4.75
11,2,67,2.422290802,4.75
11,2,67,-0.892122983932,4.75
11,2,54,3.61521196365,3.75
11,2,54,0.590797126293,3.75
11,2,11,2.34592652321,2.5
11,2,11,0.195277750492,2.5
11,2,65,3.78857421875,2.5
11,2,65,-0.306200563908,2.5
11,2,52,2.94469690323,5.0
11,2,52,3.55750536919,5.0
11,2,9,4.43446063995,3.5
11,2,9,3.63019323349,3.5
11,2,98,2.63729166985,5.0
11,2,98,3.52196717262,5.0
11,2,42,3.04032540321,4.75
11,2,42,2.46389460564,4.75
11,2,96,3.16559171677,5.0
11,2,96,4.28195619583,5.0
11,2,69,3.3315486908,3.25
11,2,69,-1.12144291401,3.25
11,2,40,3.28051900864,4.25
11,2,40,2.81012511253,4.25
11,2,102,2.17027521133,3.75
11,2,102,3.83696556091,3.75
11,2,46,4.15414333344,4.25
11,2,46,3.53388023376,4.25
11,2,3,3.89714026451,5.0
11,2,3,2.93187904358,5.0
11,2,100,2.91191363335,4.5
11,2,100,4.11238145828,4.5
11,2,44,3.53721928596,5.5
11,2,44,3.02022171021,5.5
11,2,90,3.35085654259,3.25
11,2,90,3.11588478088,3.25
11,2,34,3.36722707748,6.5
11,2,34,1.56780219078,6.5
11,2,7,-1.01071763039,0.75
11,2,7,-1.24941682816,0.75
11,2,88,4.24015235901,5.0
11,2,88,-1.84969353676,5.0
11,2,32,2.73566293716,5.25
11,2,32,3.20438075066,5.25
11,2,5,3.95009469986,2.25
11,2,5,0.350968182087,2.25
11,2,94,3.76621866226,4.25
11,2,94,1.85382962227,4.25
11,2,38,3.48305153847,4.25
11,2,38,0.13925164938,4.25
11,2,92,3.62879061699,5.5
11,2,92,1.51724123955,5.5
11,2,36,4.31453561783,4.25
11,2,36,4.2486166954,4.25
11,2,82,3.11098408699,4.75
11,2,82,0.579887807369,4.75
11,2,26,4.16305923462,3.5
11,2,26,2.30721282959,3.5
11,2,80,1.34462976456,3.75
11,2,80,0.542280256748,3.75
11,2,24,3.59255504608,5.0
11,2,24,2.03674793243,5.0
11,2,86,3.7370429039,5.75
11,2,86,3.52601385117,5.75
11,2,30,4.31536006927,4.0
11,2,30,0.473595052958,4.0
12,1,60,-1.74550366402,3.75
12,1,60,2.36151194572,3.75
12,1,25,2.20212936401,5.75
12,1,25,0.856223344803,5.75
12,1,83,4.16982555389,5.5
12,1,83,4.2719335556,5.5
12,1,62,-1.33678221703,2.5
12,1,62,-1.9925712347,2.5
12,1,27,3.04650688171,4.5
12,1,27,2.79971694946,4.5
12,1,77,3.89910793304,4.75
12,1,77,3.97192335129,4.75
12,1,21,3.74698591232,4.5
12,1,21,4.10878610611,4.5
12,1,79,2.71479463577,4.25
12,1,79,2.55780529976,4.25
12,1,23,3.17734289169,3.5
12,1,23,0.852963089943,3.5
12,1,108,2.00093722343,3.25
12,1,108,3.80541610718,3.25
12,1,73,3.93047618866,4.25
12,1,73,2.24931383133,4.25
12,1,17,4.00289106369,5.0
12,1,17,3.5793735981,5.0
12,1,110,1.99214959145,5.0
12,1,110,3.51961565018,5.0
12,1,75,3.33298587799,5.25
12,1,75,2.61500692368,5.25
12,1,54,4.09031915665,4.75
12,1,54,3.56107234955,4.75
12,1,19,2.71582698822,3.75
12,1,19,0.271371811628,3.75
12,1,104,-0.998430013657,2.5
12,1,104,-1.08279669285,2.5
12,1,69,2.6000225544,3.75
12,1,69,2.8828291893,3.75
12,1,48,2.80546331406,4.5
12,1,48,3.7525267601,4.5
12,1,106,-0.579574465752,1.25
12,1,106,-0.975227713585,1.25
12,1,100,-0.482078313828,2.75
12,1,100,2.07556557655,2.75
12,1,65,3.48666858673,4.5
12,1,65,1.79136121273,4.5
12,1,44,3.42168140411,5.5
12,1,44,3.52100229263,5.5
12,1,9,4.29942369461,4.75
12,1,9,3.54470491409,4.75
12,1,102,3.70072221756,4.5
12,1,102,3.74854469299,4.5
12,1,67,-2.18320798874,2.75
12,1,67,-3.10204052925,2.75
12,1,46,2.90668869019,3.5
12,1,46,3.3150935173,3.5
12,1,11,4.49403858185,5.0
12,1,11,4.34839296341,5.0
12,1,96,3.24130249023,3.25
12,1,96,3.90118646622,3.25
12,1,40,4.37764310837,4.25
12,1,40,-0.919377684593,4.25
12,1,5,3.93013477325,6.0
12,1,5,4.35861968994,6.0
12,1,98,3.89507627487,3.75
12,1,98,4.57537555695,3.75
12,1,42,3.96458244324,4.25
12,1,42,3.72107577324,4.25
12,1,7,4.24986553192,6.25
12,1,7,3.71508026123,6.25
12,1,92,2.99251031876,3.25
12,1,92,2.39736366272,3.25
12,1,36,3.36072301865,5.0
12,1,36,2.2673573494,5.0
12,1,38,3.34788823128,5.5
12,1,38,3.89784145355,5.5
12,1,3,4.26265144348,6.0
12,1,3,3.84602594376,6.0
12,1,88,3.84430575371,4.5
12,1,88,4.09982967377,4.5
12,1,32,3.68407988548,5.25
12,1,32,3.62034893036,5.25
12,1,90,3.75010633469,4.0
12,1,90,4.14223194122,4.0
12,1,34,2.05045318604,5.5
12,1,34,-0.823871433735,5.5
12,1,84,4.13982963562,4.5
12,1,84,3.25426149368,4.5
12,1,28,-0.767969846725,5.0
12,1,28,-0.0687911063433,5.0
12,1,86,4.09186267853,3.0
12,1,86,4.01823043823,3.0
12,1,30,4.04886341095,4.0
12,1,30,-0.649344980717,4.0
12,1,80,-0.266869455576,4.0
12,1,80,3.97677111626,4.0
12,1,24,-0.274383813143,5.25
12,1,24,1.05298399925,5.25
12,1,82,3.71876430511,4.0
12,1,82,4.05129241943,4.0
12,1,61,3.74295377731,4.0
12,1,61,-1.58671188354,4.0
12,1,26,3.59682178497,5.0
12,1,26,2.7298913002,5.0
12,1,76,3.85837268829,4.0
12,1,76,3.41659069061,4.0
12,1,63,-2.52848148346,3.0
12,1,63,-2.09303665161,3.0
12,1,20,3.58041715622,4.75
12,1,20,2.44960641861,4.75
12,1,78,4.21967363358,6.0
12,1,78,3.94170355797,6.0
12,1,22,2.20655179024,4.5
12,1,22,-0.158875018358,4.5
12,1,72,4.31069564819,3.25
12,1,72,4.51344871521,3.25
12,1,16,4.07253074646,5.25
12,1,16,3.23125886917,5.25
12,1,109,3.24775242805,3.5
12,1,109,3.10564374924,3.5
12,1,74,3.07137751579,5.0
12,1,74,3.81820106506,5.0
12,1,53,3.42229127884,4.5
12,1,53,4.04274368286,4.5
12,1,18,3.50093722343,4.25
12,1,18,2.70853686333,4.25
12,1,111,0.335060060024,2.75
12,1,111,2.82711362839,2.75
12,1,68,4.13976573944,4.25
12,1,68,3.25518512726,4.25
12,1,55,2.85836982727,5.0
12,1,55,2.3659029007,5.0
12,1,12,3.52150511742,5.75
12,1,12,2.93814897537,5.75
12,1,105,-0.200045019388,3.25
12,1,105,-0.221258997917,3.25
12,1,49,-1.77826845646,4.75
12,1,49,-0.313288003206,4.75
12,1,107,2.97767543793,4.5
12,1,107,1.95832800865,4.5
12,1,64,2.79089260101,4.0
12,1,64,2.39036464691,4.0
12,1,8,3.92638969421,5.25
12,1,8,4.2890996933,5.25
12,1,101,-0.2663410604,3.25
12,1,101,-0.106250017881,3.25
12,1,66,-1.84176814556,3.0
12,1,66,-0.0121458806098,3.0
12,1,45,3.55886173248,5.0
12,1,45,3.15224838257,5.0
12,1,10,4.14826202393,5.25
12,1,10,4.46230602264,5.25
12,1,103,3.34204912186,4.5
12,1,103,1.5597370863,4.5
12,1,47,4.42811584473,5.5
12,1,47,3.86540412903,5.5
12,1,4,4.30957794189,6.25
12,1,4,4.07606744766,6.25
12,1,97,4.08158302307,4.25
12,1,97,3.54951190948,4.25
12,1,41,2.60198497772,3.75
12,1,41,3.30046272278,3.75
12,1,6,4.43560361862,5.0
12,1,6,4.27228593826,5.0
12,1,99,-0.238753169775,1.75
12,1,99,-1.85926866531,1.75
12,1,43,2.70054745674,4.75
12,1,43,2.49628210068,4.75
12,1,93,-2.50955820084,3.75
12,1,93,1.6371871233,3.75
12,1,37,3.92193937302,4.5
12,1,37,4.47067832947,4.5
12,1,2,4.1369509697,6.5
12,1,2,4.05991077423,6.5
12,1,39,3.18683576584,5.75
12,1,39,3.57176494598,5.75
12,1,89,-0.684146940708,3.5
12,1,89,1.22882223129,3.5
12,1,33,0.0970246493816,4.25
12,1,33,-1.88275837898,4.25
12,1,91,3.44593763351,4.5
12,1,91,3.01647949219,4.5
12,1,35,2.62610077858,4.0
12,1,35,3.66861486435,4.0
12,1,85,2.76884460449,4.75
12,1,85,2.96480989456,4.75
12,1,29,-0.490235686302,2.75
12,1,29,-0.391267120838,2.75
12,1,87,3.3739991188,5.0
12,1,87,3.16942763329,5.0
12,1,31,3.18525195122,5.0
12,1,31,3.49934053421,5.0
12,1,81,0.381608963013,4.0
12,1,81,-1.03860914707,4.0
12,2,14,3.3516433239,4.25
12,2,14,3.88837146759,4.25
12,2,37,3.51720285416,3.5
12,2,37,3.30017328262,3.5
12,2,64,-1.26985859871,1.5
12,2,64,-1.12413644791,1.5
12,2,8,2.66994094849,4.0
12,2,8,3.25857591629,4.0
12,2,39,2.47629594803,2.0
12,2,39,3.39771652222,2.0
12,2,66,0.0493808090687,1.0
12,2,66,-2.21008586884,1.0
12,2,10,4.83735466003,4.25
12,2,10,3.61264657974,4.25
12,2,33,3.41194248199,3.75
12,2,33,3.25146055222,3.75
12,2,4,4.12584161758,4.0
12,2,4,3.83880901337,4.0
12,2,35,4.23658466339,3.0
12,2,35,3.69458699226,3.0
12,2,6,2.9931063652,3.5
12,2,6,2.65979623795,3.5
12,2,93,2.94697570801,5.0
12,2,93,3.18102931976,5.0
12,2,95,0.239892929792,4.75
12,2,95,1.39273381233,4.75
12,2,89,3.90454602242,3.75
12,2,89,-1.49437749386,3.75
12,2,116,2.70127630234,3.0
12,2,116,-1.32500040531,3.0
12,2,91,2.81717300415,4.5
12,2,91,3.05869722366,4.5
12,2,62,0.109358742833,1.75
12,2,62,1.0099864006,1.75
12,2,85,2.61065411568,4.75
12,2,85,0.472056686878,4.75
12,2,112,4.22382259369,3.75
12,2,112,3.92616248131,3.75
12,2,29,2.90568423271,3.0
12,2,29,3.1382124424,3.0
12,2,56,4.65058326721,5.0
12,2,56,3.45799207687,5.0
12,2,87,1.46521735191,4.75
12,2,87,-2.86673069,4.75
12,2,114,3.43384885788,3.5
12,2,114,-2.23328924179,3.5
12,2,31,3.4154253006,4.75
12,2,31,3.60625982285,4.75
12,2,58,4.42108821869,3.75
12,2,58,2.14403676987,3.75
12,2,81,3.24664831161,5.5
12,2,81,3.70768928528,5.5
12,2,108,-1.72677004337,2.0
12,2,108,0.164609879255,2.0
12,2,25,3.59297704697,4.75
12,2,25,1.76229572296,4.75
12,2,52,4.06468296051,4.75
12,2,52,4.04535627365,4.75
12,2,83,-2.63428640366,3.75
12,2,83,-1.03200638294,3.75
12,2,110,2.77583837509,2.25
12,2,110,-2.98452806473,2.25
12,2,27,3.35205841064,4.5
12,2,27,2.96423435211,4.5
12,2,54,4.27975988388,4.5
12,2,54,3.44021916389,4.5
12,2,77,3.71514487267,5.0
12,2,77,4.18851661682,5.0
12,2,104,0.905818223953,2.0
12,2,104,1.0645377636,2.0
12,2,21,3.30171108246,3.75
12,2,21,-0.325684100389,3.75
12,2,48,4.14226913452,4.5
12,2,48,3.17500805855,4.5
12,2,79,3.79194736481,3.75
12,2,79,3.15136098862,3.75
12,2,106,-0.0341152399778,3.5
12,2,106,3.36761760712,3.5
12,2,23,3.46108055115,5.25
12,2,23,1.59563112259,5.25
12,2,50,4.00443553925,4.75
12,2,50,3.17942261696,4.75
12,2,73,-2.0914683342,2.0
12,2,73,-1.16215026379,2.0
12,2,100,-1.63815164566,2.5
12,2,100,2.79337406158,2.5
12,2,44,4.04154825211,3.75
12,2,44,4.06884908676,3.75
12,2,102,0.61171323061,1.75
12,2,102,-0.92379462719,1.75
12,2,19,4.0912156105,4.5
12,2,19,3.80810976028,4.5
12,2,46,2.12173366547,4.25
12,2,46,3.35239434242,4.25
12,2,69,-2.84370183945,2.25
12,2,69,-0.792773962021,2.25
12,2,96,2.47336816788,4.75
12,2,96,2.53944921494,4.75
12,2,13,2.39841485023,3.5
12,2,13,2.69753313065,3.5
12,2,40,4.26468276978,3.5
12,2,40,3.5506196022,3.5
12,2,71,-1.11936366558,1.5
12,2,71,-1.40462291241,1.5
12,2,98,3.80560016632,2.75
12,2,98,3.88014149666,2.75
12,2,42,3.64641618729,3.5
12,2,42,3.55441379547,3.5
12,2,65,-1.53821647167,2.25
12,2,65,-1.6307952404,2.25
12,2,9,1.35910987854,4.0
12,2,9,3.8999004364,4.0
12,2,36,2.55427193642,5.75
12,2,36,2.47964429855,5.75
12,2,67,2.18912386894,3.0
12,2,67,1.15462982655,3.0
12,2,11,2.85045623779,5.0
12,2,11,-0.876960158348,5.0
12,2,5,3.87516188622,5.25
12,2,5,3.67082071304,5.25
12,2,32,4.0146689415,3.25
12,2,32,4.07951498032,3.25
12,2,7,3.34917926788,5.0
12,2,7,3.11667108536,5.0
12,2,34,3.38534045219,4.25
12,2,34,4.06254863739,4.25
12,2,92,3.12207770348,3.5
12,2,92,3.48313093185,3.5
12,2,3,1.56588506699,3.75
12,2,3,1.50911259651,3.75
12,2,94,-0.563903093338,2.5
12,2,94,-3.13307332993,2.5
12,2,88,3.67723488808,5.0
12,2,88,3.62887144089,5.0
12,2,90,-0.358532309532,3.25
12,2,90,0.885875582695,3.25
12,2,113,3.06750369072,3.25
12,2,113,2.10934686661,3.25
12,2,57,3.6037106514,4.75
12,2,57,3.5784869194,4.75
12,2,84,-0.575306713581,4.25
12,2,84,-0.027747541666,4.25
12,2,115,3.80906438828,2.75
12,2,115,1.72127974033,2.75
12,2,28,2.86798906326,4.75
12,2,28,2.46194672585,4.75
12,2,59,2.58556365967,5.0
12,2,59,4.3588218689,5.0
12,2,86,0.0580209046602,4.0
12,2,86,0.214794114232,4.0
12,2,109,0.0109739173204,3.25
12,2,109,3.25254201889,3.25
12,2,30,2.94449472427,4.5
12,2,30,3.34147810936,4.5
12,2,53,4.40198564529,3.75
12,2,53,3.94336271286,3.75
12,2,80,4.02839136124,5.25
12,2,80,4.137134552,5.25
12,2,111,2.6324596405,4.0
12,2,111,1.78031551838,4.0
12,2,24,3.26749920845,4.25
12,2,24,3.6214864254,4.25
12,2,55,4.19446229935,4.5
12,2,55,4.39736127853,4.5
12,2,82,1.9996676445,2.5
12,2,82,-1.18550264835,2.5
12,2,105,3.90838861465,4.0
12,2,105,3.71621322632,4.0
12,2,26,3.63343977928,2.75
12,2,26,2.43809843063,2.75
12,2,49,3.74833059311,5.25
12,2,49,3.32755899429,5.25
12,2,107,0.284143865108,2.25
12,2,107,3.56096601486,2.25
12,2,20,3.41328120232,4.0
12,2,20,3.07191085815,4.0
12,2,51,-2.41766023636,3.0
12,2,51,-2.01722097397,3.0
12,2,78,1.71222066879,4.0
12,2,78,2.15566849709,4.0
12,2,101,2.82148742676,3.0
12,2,101,-1.0183763504,3.0
12,2,22,3.33078241348,5.0
12,2,22,4.13678884506,5.0
12,2,45,2.84900712967,4.0
12,2,45,3.1342356205,4.0
12,2,103,1.28834152222,2.5
12,2,103,-0.135539889336,2.5
12,2,47,3.68706846237,4.75
12,2,47,2.15759563446,4.75
12,2,97,-1.32669830322,1.5
12,2,97,1.40099477768,1.5
12,2,41,3.21434426308,5.25
12,2,41,3.47413015366,5.25
12,2,68,-2.79022908211,2.0
12,2,68,-1.17734909058,2.0
12,2,99,-0.0198652110994,3.25
12,2,99,-1.24014210701,3.25
12,2,12,3.889285326,5.25
12,2,12,3.7902841568,5.25
12,2,43,4.23133993149,4.5
12,2,43,4.05584001541,4.5
12,2,70,-0.334824800491,1.25
12,2,70,-0.514215648174,1.25
16,2,107,3.22358942032,3.25
16,2,107,3.17370939255,3.25
16,2,78,2.49713921547,4.25
16,2,78,3.46236133575,4.25
16,2,37,4.27477741241,4.5
16,2,37,-0.381301224232,4.5
16,2,109,-0.713334441185,4.5
16,2,109,-0.38429069519,4.5
16,2,39,4.59395885468,2.25
16,2,39,3.6529917717,2.25
16,2,111,2.21147727966,3.5
16,2,111,1.34866499901,3.5
16,2,66,3.96929526329,5.75
16,2,66,4.35678625107,5.75
16,2,25,4.1339302063,3.0
16,2,25,3.20853853226,3.0
16,2,97,4.57217597961,2.75
16,2,97,4.16000986099,2.75
16,2,68,3.73619890213,1.25
16,2,68,2.63461399078,1.25
16,2,27,4.1317448616,4.25
16,2,27,4.09141206741,4.25
16,2,99,1.96908783913,3.25
16,2,99,3.7335627079,3.25
16,2,70,-0.66700476408,1.75
16,2,70,-0.186253532767,1.75
16,2,29,4.13156366348,2.0
16,2,29,4.00423049927,2.0
16,2,101,3.79563903809,5.0
16,2,101,3.29968070984,5.0
16,2,56,4.08774614334,4.75
16,2,56,2.77774262428,4.75
16,2,31,3.58406448364,2.0
16,2,31,1.63605570793,2.0
16,2,103,3.16004657745,3.25
16,2,103,4.23221302032,3.25
16,2,58,0.993761539459,2.25
16,2,58,2.5676009655,2.25
16,2,89,-2.06138801575,1.75
16,2,89,-0.301964223385,1.75
16,2,60,3.80832576752,3.0
16,2,60,3.71682143211,3.0
16,2,91,3.86899065971,3.25
16,2,91,2.69024968147,3.25
16,2,21,2.71778035164,3.75
16,2,21,4.13680839539,3.75
16,2,93,3.76203346252,4.0
16,2,93,3.66606402397,4.0
16,2,48,4.25959873199,3.25
16,2,48,4.11126232147,3.25
16,2,23,3.76646661758,2.5
16,2,23,3.90021753311,2.5
16,2,95,3.16752505302,3.5
16,2,95,3.25375747681,3.5
16,2,50,0.675397992134,2.25
16,2,50,0.399411737919,2.25
16,2,9,3.84313440323,3.5
16,2,9,3.91100764275,3.5
16,2,81,-1.02569937706,2.5
16,2,81,-1.14132761955,2.5
16,2,52,-0.947194933891,2.25
16,2,52,0.316996365786,2.25
16,2,11,3.86409115791,4.5
16,2,11,3.62569952011,4.5
16,2,83,-1.44149565697,4.5
16,2,83,0.897672951221,4.5
16,2,54,2.77173566818,1.25
16,2,54,2.7079102993,1.25
16,2,13,3.31833362579,4.5
16,2,13,3.86263370514,4.5
16,2,85,1.02234399319,3.5
16,2,85,0.0608380548656,3.5
16,2,40,-2.54498386383,2.0
16,2,40,2.32793474197,2.0
16,2,15,3.80879068375,4.25
16,2,15,3.80153846741,4.25
16,2,112,-0.0533527731895,1.5
16,2,112,0.1424266994,1.5
16,2,87,-1.29527616501,3.5
16,2,87,-0.170858114958,3.5
16,2,42,-1.49044156075,2.5
16,2,42,1.97167503834,2.5
16,2,114,4.51244926453,3.5
16,2,114,4.51731300354,3.5
16,2,73,4.07402181625,4.0
16,2,73,0.515235185623,4.0
16,2,44,4.16667127609,2.75
16,2,44,4.2817325592,2.75
16,2,116,3.30726528168,4.0
16,2,116,3.76488494873,4.0
16,2,46,2.79714369774,2.5
16,2,46,3.18247246742,2.5
16,2,5,-0.549658417702,4.0
16,2,5,1.07883322239,4.0
16,2,77,3.84780597687,5.5
16,2,77,-1.61591470242,5.5
16,2,32,4.40343332291,2.75
16,2,32,4.06997537613,2.75
16,2,7,4.23666477203,5.0
16,2,7,3.891248703,5.0
16,2,104,3.733751297,1.75
16,2,104,4.57461833954,1.75
16,2,79,2.7361137867,5.0
16,2,79,2.23790454865,5.0
16,2,34,2.84774827957,2.25
16,2,34,0.44793766737,2.25
16,2,106,-0.253444343805,2.75
16,2,106,3.25259113312,2.75
16,2,65,4.41014099121,5.0
16,2,65,4.08938074112,5.0
16,2,36,2.92476463318,3.75
16,2,36,2.81588768959,3.75
16,2,108,-1.99954509735,2.75
16,2,108,-0.914908051491,2.75
16,2,67,-2.24477815628,3.5
16,2,67,-0.453234434128,3.5
16,2,38,3.02098488808,4.0
16,2,38,2.13969564438,4.0
16,2,110,-1.32338166237,2.25
16,2,110,1.95783662796,2.25
16,2,69,3.0634226799,1.75
16,2,69,3.71835327148,1.75
16,2,24,4.15743684769,3.5
16,2,24,4.16676950455,3.5
16,2,96,-1.09517240524,3.5
16,2,96,-0.433393418789,3.5
16,2,71,3.81128358841,4.0
16,2,71,3.57996177673,4.0
16,2,26,3.88802528381,3.25
16,2,26,4.00728464127,3.25
16,2,98,2.97257947922,4.5
16,2,98,3.03241062164,4.5
16,2,57,-1.06460046768,3.0
16,2,57,1.75373876095,3.0
16,2,28,3.99715852737,3.25
16,2,28,3.45043182373,3.25
16,2,100,-1.01293563843,3.25
16,2,100,-1.5858361721,3.25
16,2,59,0.505942285061,3.0
16,2,59,-0.738072514534,3.0
16,2,30,-1.08856093884,3.0
16,2,30,-1.25926542282,3.0
16,2,102,3.54550123215,1.75
16,2,102,0.495898365974,1.75
16,2,61,3.9933514595,2.5
16,2,61,3.95298528671,2.5
16,2,88,3.95203208923,3.75
16,2,88,3.61457920074,3.75
16,2,90,-1.33973276615,1.75
16,2,90,0.0135481562465,1.75
16,2,49,3.65585041046,2.75
16,2,49,3.66763162613,2.75
16,2,92,1.87246489525,2.5
16,2,92,2.99313282967,2.5
16,2,51,2.96225643158,3.5
16,2,51,3.19861721992,3.5
16,2,22,-0.307634174824,1.75
16,2,22,-0.993442773819,1.75
16,2,94,-1.74345040321,4.0
16,2,94,-0.400032073259,4.0
16,2,53,4.2929983139,4.0
16,2,53,4.19257831573,4.0
16,2,8,1.72197365761,3.25
16,2,8,2.55127477646,3.25
16,2,80,0.255338609219,4.0
16,2,80,-1.85665762424,4.0
16,2,55,3.95522761345,4.0
16,2,55,3.80435585976,4.0
16,2,10,4.53612422943,5.5
16,2,10,5.02033615112,5.5
16,2,82,4.31969165802,2.25
16,2,82,3.59219503403,2.25
16,2,41,4.0047955513,1.75
16,2,41,4.28222084045,1.75
16,2,12,3.54136061668,5.5
16,2,12,3.87953853607,5.5
16,2,113,2.69284725189,2.5
16,2,113,3.32279992104,2.5
16,2,84,-1.88342666626,3.75
16,2,84,-0.959676504135,3.75
16,2,43,1.96842348576,2.25
16,2,43,3.10055875778,2.25
16,2,14,4.54787874222,4.0
16,2,14,4.11888122559,4.0
16,2,115,1.62582612038,2.75
16,2,115,3.08413743973,2.75
16,2,86,3.95190882683,4.5
16,2,86,0.745977520943,4.5
16,2,45,4.35652208328,3.0
16,2,45,4.20969152451,3.0
16,2,72,4.0892906189,2.25
16,2,72,-0.360037147999,2.25
16,2,47,3.52542901039,1.75
16,2,47,2.44149780273,1.75
16,2,33,3.67314291,1.5
16,2,33,3.43455028534,1.5
16,2,105,4.20834684372,3.75
16,2,105,3.02211093903,3.75
16,2,76,4.40395641327,3.0
16,2,76,4.32054376602,3.0
16,2,35,3.99623155594,2.5
16,2,35,4.12030410767,2.5
16,2,6,4.31341266632,4.5
16,2,6,2.33084011078,4.5
17,1,87,3.58956742287,2.5
17,1,87,2.8787946701,2.5
17,1,56,4.1082611084,3.25
17,1,56,4.04070854187,3.25
17,1,31,-0.237695887685,4.0
17,1,31,-0.866339683533,4.0
17,1,73,4.04723262787,4.25
17,1,73,4.35773038864,4.25
17,1,17,4.49578094482,3.0
17,1,17,4.42248058319,3.0
17,1,75,-1.70317721367,1.75
17,1,75,-1.77573788166,1.75
17,1,60,-0.853986263275,3.0
17,1,60,-0.52498716116,3.0
17,1,19,4.49930143356,4.0
17,1,19,4.42429542542,4.0
17,1,77,-0.15784086287,3.5
17,1,77,-0.0348268300295,3.5
17,1,62,-1.82850670815,1.75
17,1,62,-1.05189538002,1.75
17,1,21,2.31838226318,2.5
17,1,21,4.0025177002,2.5
17,1,104,4.21996927261,3.25
17,1,104,4.24259757996,3.25
17,1,79,4.06607341766,3.25
17,1,79,4.08142137527,3.25
17,1,23,3.89398908615,2.5
17,1,23,3.73478007317,2.5
17,1,106,4.14251852036,2.75
17,1,106,3.93636894226,2.75
17,1,65,-0.226072579622,1.25
17,1,65,-2.43899297714,1.25
17,1,50,-0.988041579723,3.75
17,1,50,2.1877310276,3.75
17,1,9,-0.701595723629,1.5
17,1,9,-1.14020180702,1.5
17,1,108,3.84798073769,2.5
17,1,108,3.66609477997,2.5
17,1,67,-2.6083650589,3.0
17,1,67,-2.3601500988,3.0
17,1,52,3.6719622612,2.75
17,1,52,4.15295314789,2.75
17,1,11,0.747769653797,1.5
17,1,11,-1.05034351349,1.5
17,1,110,3.66895866394,3.5
17,1,110,3.81767964363,3.5
17,1,69,3.60887360573,2.5
17,1,69,3.7064037323,2.5
17,1,54,3.80026888847,3.25
17,1,54,3.71572208405,3.25
17,1,96,3.78109264374,1.5
17,1,96,3.20112085342,1.5
17,1,40,3.65375876427,3.0
17,1,40,4.32991790771,3.0
17,1,98,-0.0300693176687,3.5
17,1,98,-0.788574695587,3.5
17,1,42,2.20157384872,3.75
17,1,42,2.24733829498,3.75
17,1,100,4.63056182861,2.75
17,1,100,4.47940969467,2.75
17,1,44,4.27423620224,3.5
17,1,44,3.98322701454,3.5
17,1,102,-2.12985181808,3.75
17,1,102,2.71835708618,3.75
17,1,46,4.38053512573,4.0
17,1,46,3.63657665253,4.0
17,1,5,4.01183843613,2.75
17,1,5,4.002389431,2.75
17,1,88,3.73217153549,4.25
17,1,88,3.36207461357,4.25
17,1,32,4.18231344223,4.5
17,1,32,3.77823114395,4.5
17,1,7,4.21202468872,2.75
17,1,7,3.84483480453,2.75
17,1,90,4.15420532227,5.5
17,1,90,3.43264102936,5.5
17,1,34,-1.20316696167,3.25
17,1,34,-1.36487615108,3.25
17,1,92,3.77129602432,5.25
17,1,92,3.11580324173,5.25
17,1,36,4.2653055191,2.75
17,1,36,3.93169879913,2.75
17,1,94,4.50727796555,3.5
17,1,94,3.56006240845,3.5
17,1,38,3.17721962929,2.25
17,1,38,2.23409700394,2.25
17,1,80,4.03839063644,4.25
17,1,80,3.34910988808,4.25
17,1,24,4.54800987244,3.25
17,1,24,4.55757045746,3.25
17,1,82,4.03628921509,5.0
17,1,82,4.233273983,5.0
17,1,26,2.68379330635,3.0
17,1,26,2.23561239243,3.0
17,1,84,3.91444921494,4.25
17,1,84,3.88477349281,4.25
17,1,28,4.87171268463,4.25
17,1,28,4.48622608185,4.25
17,1,86,4.05700969696,4.0
17,1,86,4.48954677582,4.0
17,1,59,-1.10504972935,2.5
17,1,59,-2.99629497528,2.5
17,1,30,0.731307625771,5.25
17,1,30,3.84678125381,5.25
17,1,72,4.15126466751,5.25
17,1,72,4.35547208786,5.25
17,1,61,3.65038561821,2.25
17,1,61,3.81691718102,2.25
17,1,74,3.79335927963,3.25
17,1,74,2.75078129768,3.25
17,1,63,3.9163184166,1.75
17,1,63,3.63765835762,1.75
17,1,18,3.37512922287,2.75
17,1,18,3.96898508072,2.75
17,1,105,3.65957927704,3.75
17,1,105,3.5364074707,3.75
17,1,76,4.41893482208,4.5
17,1,76,4.32075071335,4.5
17,1,20,-1.81070971489,3.5
17,1,20,0.769776821136,3.5
17,1,107,3.41537809372,3.25
17,1,107,3.77985811234,3.25
17,1,78,3.32291126251,4.25
17,1,78,3.69298410416,4.25
17,1,51,4.48709869385,3.0
17,1,51,4.53402042389,3.0
17,1,22,3.46140789986,3.0
17,1,22,3.7708735466,3.0
17,1,109,4.19314098358,2.5
17,1,109,4.05032396317,2.5
17,1,64,4.18028450012,1.0
17,1,64,3.82218599319,1.0
17,1,53,3.47753691673,2.75
17,1,53,3.30033254623,2.75
17,1,8,4.45549678802,2.75
17,1,8,3.62798547745,2.75
17,1,111,-1.69359397888,2.0
17,1,111,-1.17734360695,2.0
17,1,66,3.2673625946,0.75
17,1,66,3.10210776329,0.75
17,1,55,3.69195842743,2.5
17,1,55,3.98021841049,2.5
17,1,10,-1.74840497971,1.5
17,1,10,-1.5769418478,1.5
17,1,97,4.07673358917,2.5
17,1,97,4.09958171844,2.5
17,1,68,-0.151416763663,3.75
17,1,68,-0.169356495142,3.75
17,1,41,1.43593907356,3.25
17,1,41,1.29054534435,3.25
17,1,12,4.10832500458,2.25
17,1,12,3.63531351089,2.25
17,1,99,4.23788738251,3.5
17,1,99,3.65942358971,3.5
17,1,43,4.61328887939,4.25
17,1,43,4.26382732391,4.25
17,1,14,4.41101789474,1.5
17,1,14,-0.105491839349,1.5
17,1,101,4.20590639114,3.0
17,1,101,3.84724712372,3.0
17,1,45,2.84130430222,3.0
17,1,45,3.16173362732,3.0
17,1,103,-0.0255851559341,3.0
17,1,103,0.469642937183,3.0
17,1,89,3.311855793,3.25
17,1,89,4.47084283829,3.25
17,1,33,1.85691380501,3.75
17,1,33,-1.70321667194,3.75
17,1,4,-0.784792780876,2.75
17,1,4,-0.568021595478,2.75
17,1,91,4.32947635651,3.5
17,1,91,3.99640774727,3.5
17,1,35,4.10794734955,2.5
17,1,35,3.60922265053,2.5
17,1,6,-1.89200115204,2.75
17,1,6,-2.58454179764,2.75
17,1,93,1.49623095989,3.5
17,1,93,0.705903828144,3.5
17,1,37,4.31737565994,2.5
17,1,37,4.00421333313,2.5
17,1,95,4.50211048126,5.25
17,1,95,4.03271484375,5.25
17,1,39,-1.48857903481,4.5
17,1,39,-1.2821457386,4.5
17,1,81,-0.520310223103,4.5
17,1,81,3.68715763092,4.5
17,1,25,4.37613248825,3.75
17,1,25,4.12080621719,3.75
17,1,83,1.44414031506,3.5
17,1,83,3.8480951786,3.5
17,1,27,4.70922708511,4.5
17,1,27,4.01005363464,4.5
17,1,85,3.18928909302,4.75
17,1,85,2.81504416466,4.75
17,1,29,4.49363708496,4.0
17,1,29,4.49427556992,4.0
18,1,94,4.19927167892,2.5
18,1,94,0.828815340996,2.5
18,1,20,1.58992433548,2.75
18,1,20,1.00782883167,2.75
18,1,49,2.28248357773,1.5
18,1,49,2.79727959633,1.5
18,1,92,3.68852090836,2.25
18,1,92,2.91474938393,2.25
18,1,18,3.37596416473,2.75
18,1,18,0.385713726282,2.75
18,1,47,3.25779676437,1.75
18,1,47,1.16763806343,1.75
18,1,90,2.82321548462,2.5
18,1,90,-0.517343580723,2.5
18,1,16,-0.819285869598,2.33333
18,1,16,3.03547954559,2.33333
18,1,45,3.24201250076,4.75
18,1,45,4.22316598892,4.75
18,1,88,4.20326137543,2.75
18,1,88,4.55846834183,2.75
18,1,43,0.512926340103,4.25
18,1,43,3.06424474716,4.25
18,1,86,4.8424372673,2.5
18,1,86,4.70199298859,2.5
18,1,12,3.41083097458,6.0
18,1,12,2.47125434875,6.0
18,1,41,5.18967103958,4.0
18,1,41,4.65500020981,4.0
18,1,84,3.05572485924,4.5
18,1,84,4.19120454788,4.5
18,1,10,4.15741205215,1.75
18,1,10,4.05830287933,1.75
18,1,39,4.62984848022,4.0
18,1,39,4.34335803986,4.0
18,1,82,-0.232176989317,3.25
18,1,82,-0.993645608425,3.25
18,1,111,3.37710571289,2.75
18,1,111,3.22231650352,2.75
18,1,8,-2.8058757782,2.25
18,1,8,-3.17558026314,2.25
18,1,37,1.33015024662,2.75
18,1,37,3.36846065521,2.75
18,1,80,-1.1975736618,3.5
18,1,80,-1.31319057941,3.5
18,1,109,4.40325307846,3.0
18,1,109,4.49822807312,3.0
18,1,6,4.0982837677,3.5
18,1,6,3.87316036224,3.5
18,1,35,3.94405174255,2.25
18,1,35,3.26027941704,2.25
18,1,78,-0.716473460197,2.0
18,1,78,-1.5424708128,2.0
18,1,107,4.29996347427,3.0
18,1,107,4.11009454727,3.0
18,1,4,3.65507459641,3.0
18,1,4,3.00690460205,3.0
18,1,33,-1.56490910053,1.0
18,1,33,-0.214447230101,1.0
18,1,76,-2.54674887657,2.0
18,1,76,-2.52837300301,2.0
18,1,105,4.02718400955,1.75
18,1,105,3.75285148621,1.75
18,1,2,3.91183996201,4.25
18,1,2,3.79635334015,4.25
18,1,74,-1.8686016798,1.5
18,1,74,-2.37566280365,1.5
18,1,103,1.40121269226,2.0
18,1,103,2.88327908516,2.0
18,1,101,2.85365128517,2.25
18,1,101,3.53689956665,2.25
18,1,62,1.84932208061,1.5
18,1,62,0.598456025124,1.5
18,1,99,-2.20067834854,2.5
18,1,99,-1.8772456646,2.5
18,1,60,-3.32868671417,1.0
18,1,60,-3.32362031937,1.0
18,1,68,-0.894021630287,2.5
18,1,68,-1.66436612606,2.5
18,1,97,4.61773300171,3.25
18,1,97,4.36572313309,3.25
18,1,66,3.16007471085,1.75
18,1,66,2.00851535797,1.75
18,1,31,4.09973239899,3.75
18,1,31,3.16954421997,3.75
18,1,56,3.2567691803,3.25
18,1,56,3.80729341507,3.25
18,1,64,2.50993490219,2.25
18,1,64,0.959152936935,2.25
18,1,29,4.30165719986,3.75
18,1,29,4.41436100006,3.75
18,1,54,3.11698770523,1.25
18,1,54,2.21686768532,1.25
18,1,27,4.76004219055,3.75
18,1,27,4.65085411072,3.75
18,1,25,4.83975696564,3.0
18,1,25,4.70641231537,3.0
18,1,50,3.89352560043,2.25
18,1,50,2.60338187218,2.25
18,1,23,4.96533966064,2.5
18,1,23,4.86188316345,2.5
18,1,48,2.9663567543,1.75
18,1,48,2.26549434662,1.75
18,1,95,4.23022460938,4.25
18,1,95,4.3964805603,4.25
18,1,21,3.51843070984,2.5
18,1,21,3.18053674698,2.5
18,1,46,3.82044053078,2.25
18,1,46,3.49504423141,2.25
18,1,93,4.17000007629,2.0
18,1,93,1.84727931023,2.0
18,1,19,-2.79291796684,2.75
18,1,19,-1.56573438644,2.75
18,1,44,4.92406463623,2.5
18,1,44,4.88567781448,2.5
18,1,91,3.54316234589,2.5
18,1,91,3.14929032326,2.5
18,1,17,3.70731282234,3.0
18,1,17,3.29457902908,3.0
18,1,42,4.0621137619,2.5
18,1,42,2.58311724663,2.5
18,1,89,2.94266152382,2.25
18,1,89,2.71366405487,2.25
18,1,40,0.787258028984,4.0
18,1,40,1.84236955643,4.0
18,1,87,4.59018087387,3.25
18,1,87,4.50591897964,3.25
18,1,112,4.82594156265,1.25
18,1,112,4.37319993973,1.25
18,1,38,4.46279001236,3.5
18,1,38,4.34163188934,3.5
18,1,85,2.42126441002,4.0
18,1,85,4.15172576904,4.0
18,1,110,3.10031533241,1.75
18,1,110,3.76978302002,1.75
18,1,11,-0.462275862694,5.75
18,1,11,2.64792108536,5.75
18,1,36,2.02275705338,2.25
18,1,36,2.25276327133,2.25
18,1,83,-1.42379760742,3.75
18,1,83,-0.627521574497,3.75
18,1,108,1.54783952236,2.5
18,1,108,3.51517438889,2.5
18,1,9,-0.877518832684,2.0
18,1,9,1.65644288063,2.0
18,1,34,2.24701213837,2.25
18,1,34,1.92074525356,2.25
18,1,81,2.66116714478,3.75
18,1,81,3.31273698807,3.75
18,1,106,3.95226192474,1.25
18,1,106,3.53527116776,1.25
18,1,7,3.29322624207,2.5
18,1,7,1.91121196747,2.5
18,1,32,2.23876094818,1.25
18,1,32,2.53349089622,1.25
18,1,79,-0.114160522819,2.25
18,1,79,-0.890955328941,2.25
18,1,104,3.88550662994,3.25
18,1,104,3.07481503487,3.25
18,1,5,3.88004827499,1.5
18,1,5,1.62383270264,1.5
18,1,77,0.318227291107,1.0
18,1,77,-0.784846365452,1.0
18,1,102,4.29987192154,2.25
18,1,102,3.87232542038,2.25
18,1,3,-2.15778112411,2.25
18,1,3,-0.598973870277,2.25
18,1,75,-2.59987592697,1.0
18,1,75,-3.06113672256,1.0
18,1,100,2.49324584007,3.75
18,1,100,4.01984977722,3.75
18,1,73,-1.04885387421,2.0
18,1,73,1.18556416035,2.0
18,1,98,2.60261917114,2.25
18,1,98,2.82066941261,2.25
18,1,96,4.18999481201,2.5
18,1,96,3.26090908051,2.5
18,1,61,4.41366672516,3.25
18,1,61,3.87591576576,3.25
18,1,69,0.737097501755,1.0
18,1,69,0.606027126312,1.0
18,1,30,4.42690467834,2.75
18,1,30,3.43079280853,2.75
18,1,59,3.90080809593,1.66667
18,1,59,2.80583429337,1.66667
18,1,67,3.70463228226,1.0
18,1,67,3.01736497879,1.0
18,1,28,4.40768957138,3.25
18,1,28,4.45983791351,3.25
18,1,65,3.68030595779,1.0
18,1,65,3.28005933762,1.0
18,1,26,4.66359138489,2.75
18,1,26,4.39355945587,2.75
18,1,55,3.34536266327,1.75
18,1,55,3.83883428574,1.75
18,1,24,4.24946069717,3.25
18,1,24,4.27798271179,3.25
18,1,53,4.47439861298,3.25
18,1,53,4.06888055801,3.25
18,1,22,4.4677438736,3.75
18,1,22,4.43972110748,3.75
18,1,51,-1.76178050041,1.25
18,1,51,-0.0565102435648,1.25
