3,1,47,6.52816534042,4.25
3,1,47,6.52761411667,4.25
3,1,10,6.30710744858,2.875
3,1,10,6.30715465546,2.875
3,1,101,3.86016082764,4.375
3,1,101,3.85643267632,4.375
3,1,64,5.3462266922,5.75
3,1,64,5.34325647354,5.75
3,1,45,5.22889280319,4.25
3,1,45,5.22857618332,4.25
3,1,8,5.76240873337,3.5
3,1,8,5.76393842697,3.5
3,1,99,4.68729829788,1.5
3,1,99,4.68892002106,1.5
3,1,94,4.47202634811,3.25
3,1,94,4.4706993103,3.25
3,1,43,4.93157052994,4.0
3,1,43,4.92614126205,4.0
3,1,6,5.53367090225,4.5
3,1,6,5.52903556824,4.5
3,1,97,4.86694049835,1.25
3,1,97,4.86907911301,1.25
3,1,92,6.00227308273,3.5
3,1,92,6.00135755539,3.5
3,1,41,2.77397704124,3.25
3,1,41,2.76825237274,3.25
3,1,4,5.34677648544,3.25
3,1,4,5.34468269348,3.25
3,1,90,5.29445457458,3.75
3,1,90,5.29182910919,3.75
3,1,39,6.2304353714,5.75
3,1,39,6.23321866989,5.75
3,1,2,3.19953513145,4.5
3,1,2,3.20188069344,4.5
3,1,88,4.09083557129,4.0
3,1,88,4.08948469162,4.0
3,1,37,4.73232984543,3.125
3,1,37,4.73381280899,3.125
3,1,86,5.5273566246,4.25
3,1,86,5.52588367462,4.25
3,1,35,5.56649017334,4.375
3,1,35,5.56525564194,4.375
3,1,30,3.21715474129,4.5
3,1,30,3.21363639832,4.5
3,1,84,5.23457479477,3.75
3,1,84,5.22938108444,3.75
3,1,33,4.30482339859,3.0
3,1,33,4.30506229401,3.0
3,1,28,5.84386920929,4.75
3,1,28,5.84332609177,4.75
3,1,82,5.07439374924,3.0
3,1,82,5.07534265518,3.0
3,1,63,5.14689207077,4.75
3,1,63,5.14795064926,4.75
3,1,26,6.01192712784,4.0
3,1,26,6.01178264618,4.0
3,1,80,4.75278043747,2.75
3,1,80,4.75334978104,2.75
3,1,61,5.97664213181,5.5
3,1,61,5.97704982758,5.5
3,1,24,5.36462020874,4.5
3,1,24,5.36439275742,4.5
3,1,59,5.30842399597,5.5
3,1,59,5.31289958954,5.5
3,1,22,5.72930526733,4.83333
3,1,22,5.72753667831,4.83333
3,1,57,5.89984989166,4.875
3,1,57,5.90011644363,4.875
3,1,20,3.92482542992,2.5
3,1,20,3.92328071594,2.5
3,1,79,4.59497022629,5.25
3,1,79,4.59386634827,5.25
3,1,55,3.92407298088,3.25
3,1,55,3.9217247963,3.25
3,1,18,4.10379600525,3.75
3,1,18,4.10657453537,3.75
3,1,77,6.07567834854,4.5
3,1,77,6.07433080673,4.5
3,1,16,5.47916603088,4.75
3,1,16,5.47792863846,4.75
3,1,75,5.26921463013,4.0
3,1,75,5.26484918594,4.0
3,1,51,4.74497747421,4.5
3,1,51,4.74247646332,4.5
3,1,73,5.1727013588,3.0
3,1,73,5.17255353928,3.0
3,1,49,5.15774106979,5.0
3,1,49,5.1584239006,5.0
3,1,108,4.97969722748,2.25
3,1,108,4.98043060303,2.25
3,1,71,4.20637369156,2.0
3,1,71,4.20566320419,2.0
3,1,15,4.76054954529,5.0
3,1,15,4.76088857651,5.0
3,1,106,3.33337283134,2.75
3,1,106,3.3288807869,2.75
3,1,104,4.56630706787,3.5
3,1,104,4.56658124924,3.5
3,1,102,4.44592905045,5.25
3,1,102,4.44492340088,5.25
3,1,65,4.86410617828,6.25
3,1,65,4.85837268829,6.25
3,1,46,4.50825071335,5.0
3,1,46,4.50587844849,5.0
3,1,9,4.61928653717,2.75
3,1,9,4.62186098099,2.75
3,1,100,4.20226573944,2.375
3,1,100,4.20190572739,2.375
3,1,95,5.31128454208,3.75
3,1,95,5.31105089188,3.75
3,1,44,3.38455057144,3.0
3,1,44,3.38753294945,3.0
3,1,7,6.57425832748,4.75
3,1,7,6.57330656052,4.75
3,1,98,4.12349414825,1.75
3,1,98,4.12806272507,1.75
3,1,93,5.15860128403,3.25
3,1,93,5.15633773804,3.25
3,1,5,6.46444940567,6.0
3,1,5,6.46622991562,6.0
3,1,96,5.35739994049,3.875
3,1,96,5.35837554932,3.875
3,1,91,5.23745679855,4.0
3,1,91,5.23789072037,4.0
3,1,40,4.65113830566,5.0
3,1,40,4.65021657944,5.0
3,1,3,5.15323591232,3.0
3,1,3,5.15544748306,3.0
3,1,89,5.58167457581,4.25
3,1,89,5.57788276672,4.25
3,1,38,4.74763154984,4.5
3,1,38,4.74878644943,4.5
3,1,1,3.59520077705,3.875
3,1,1,3.60097742081,3.875
3,1,87,5.43894958496,4.25
3,1,87,5.43606138229,4.25
3,1,36,4.67683887482,3.5
3,1,36,4.67659664154,3.5
3,1,31,4.08306360245,3.66667
3,1,31,4.08119916916,3.66667
3,1,85,4.95275115967,2.0
3,1,85,4.95291137695,2.0
3,1,34,5.28651952744,4.125
3,1,34,5.28586101532,4.125
3,1,29,5.95110654831,1.25
3,1,29,5.9479432106,1.25
3,1,83,5.8127951622,4.5
3,1,83,5.81415700912,4.5
3,1,32,3.21369409561,4.5
3,1,32,3.21494793892,4.5
3,1,27,4.10614442825,5.25
3,1,27,4.1060256958,5.25
3,1,81,5.76305770874,2.75
3,1,81,5.76355314255,2.75
3,1,62,5.22921800613,4.375
3,1,62,5.22962903976,4.375
3,1,25,6.95082569122,5.5
3,1,25,6.94840717316,5.5
3,1,60,5.29810523987,5.5
3,1,60,5.29834890366,5.5
3,1,23,5.04262685776,3.875
3,1,23,5.04339551926,3.875
3,1,58,5.21332120895,4.5
3,1,58,5.21197128296,4.5
3,1,21,5.45930051804,4.5
3,1,21,5.4590754509,4.5
3,1,56,3.10413622856,4.0
3,1,56,3.08481478691,4.0
3,1,19,4.47130966187,4.125
3,1,19,4.47139883041,4.125
3,1,78,5.30671644211,5.25
3,1,78,5.30562353134,5.25
3,1,17,4.91170454025,5.0
3,1,17,4.91323137283,5.0
3,1,76,5.68518400192,4.0
3,1,76,5.68518257141,4.0
3,1,52,5.44039678574,3.5
3,1,52,5.441822052,3.5
3,1,74,4.99233961105,4.0
3,1,74,4.99200105667,4.0
3,1,50,5.41584205627,4.66667
3,1,50,5.41377496719,4.66667
3,1,48,5.00453853607,2.5
3,1,48,5.00510168076,2.5
3,1,107,3.89747738838,5.25
3,1,107,3.90146446228,5.25
3,1,70,4.49512052536,2.75
3,1,70,4.50295782089,2.75
3,1,14,3.20941972733,3.75
3,1,14,3.20953726768,3.75
3,1,105,2.631742239,1.25
3,1,105,2.64103770256,1.25
3,1,103,3.32074427605,1.5
3,1,103,3.32026529312,1.5
3,1,66,3.63759040833,3.0
3,1,66,3.63898396492,3.0
3,2,82,2.63785243034,3.25
3,2,82,2.63934516907,3.25
3,2,61,3.77812576294,4.375
3,2,61,3.77779173851,4.375
3,2,80,3.70165753365,4.75
3,2,80,3.69939303398,4.75
3,2,30,1.36505818367,3.625
3,2,30,1.3654282093,3.625
3,2,35,2.24974131584,3.875
3,2,35,2.25009012222,3.875
3,2,86,2.74306988716,2.75
3,2,86,2.74317908287,2.75
3,2,28,1.97124218941,4.0
3,2,28,1.97679543495,4.0
3,2,33,4.71910476685,5.0
3,2,33,4.71930170059,5.0
3,2,84,2.5036251545,4.0
3,2,84,2.49645781517,4.0
3,2,2,4.34068822861,1.875
3,2,2,4.33920717239,1.875
3,2,39,4.49286413193,4.25
3,2,39,4.49475049973,4.25
3,2,90,3.81405067444,4.25
3,2,90,3.81629109383,4.25
3,2,37,3.82039260864,2.25
3,2,37,3.81941342354,2.25
3,2,88,4.38260126114,4.0
3,2,88,4.38350152969,4.0
3,2,6,5.87879085541,5.25
3,2,6,5.87990903854,5.25
3,2,43,1.58065068722,4.0
3,2,43,1.58131194115,4.0
3,2,94,5.06940984726,3.75
3,2,94,5.07013607025,3.75
3,2,99,4.07533216476,2.625
3,2,99,4.07646989822,2.625
3,2,41,4.11496686935,3.5
3,2,41,4.11620283127,3.5
3,2,92,3.41012358665,3.25
3,2,92,3.40872883797,3.25
3,2,97,3.85729527473,5.0
3,2,97,3.86772704124,5.0
3,2,10,5.79268407822,4.0
3,2,10,5.79814910889,4.0
3,2,47,3.1474840641,3.875
3,2,47,3.14674735069,3.875
3,2,66,4.27915382385,3.75
3,2,66,4.27920675278,3.75
3,2,103,5.02565145493,4.0
3,2,103,5.02337408066,4.0
3,2,8,4.92337799072,6.0
3,2,8,4.92492628098,6.0
3,2,45,3.09630966187,3.25
3,2,45,3.09431052208,3.25
3,2,64,3.09603285789,2.375
3,2,64,3.09312653542,2.375
3,2,101,3.33591628075,3.125
3,2,101,3.33555984497,3.125
3,2,14,2.7740085125,3.75
3,2,14,2.77462410927,3.75
3,2,70,2.96654963493,3.66667
3,2,70,2.96381425858,3.66667
3,2,107,2.33915781975,4.625
3,2,107,2.34238409996,4.625
3,2,12,5.99295759201,5.25
3,2,12,5.99220132828,5.25
3,2,68,4.01526784897,5.5
3,2,68,4.02027416229,5.5
3,2,105,4.24640607834,3.5
3,2,105,4.24298238754,3.5
3,2,50,5.01514530182,3.75
3,2,50,5.0165438652,3.75
3,2,74,4.19730424881,3.25
3,2,74,4.19325447083,3.25
3,2,111,3.95187926292,3.5
3,2,111,3.95548439026,3.5
3,2,48,1.79644834995,4.25
3,2,48,1.80058479309,4.25
3,2,109,2.25221920013,1.95833
3,2,109,2.25134921074,1.95833
3,2,78,4.63717603683,2.75
3,2,78,4.6389837265,2.75
3,2,52,4.6407160759,1.5
3,2,52,4.64104318619,1.5
3,2,56,4.22022199631,4.25
3,2,56,4.22084283829,4.25
3,2,112,2.35492753983,4.0
3,2,112,2.35408878326,4.0
3,2,62,4.81001472473,5.25
3,2,62,4.81000757217,5.25
3,2,27,4.19248008728,4.0
3,2,27,4.19515562057,4.0
3,2,60,3.04182887077,3.75
3,2,60,3.04811930656,3.75
3,2,83,4.49492788315,4.25
3,2,83,4.49313497543,4.25
3,2,34,2.57167315483,3.5
3,2,34,2.57425761223,3.5
3,2,81,4.36540699005,4.375
3,2,81,4.37082052231,4.375
3,2,31,4.23638010025,3.25
3,2,31,4.23623800278,3.25
3,2,32,4.73285484314,3.25
3,2,32,4.73211479187,3.25
3,2,87,2.76252269745,3.75
3,2,87,2.76130914688,3.75
3,2,29,1.6374027729,4.0
3,2,29,1.63589954376,4.0
3,2,38,5.25561618805,3.25
3,2,38,5.25613546371,3.25
3,2,85,3.18440151215,3.25
3,2,85,3.18351078033,3.25
3,2,36,4.38785791397,2.75
3,2,36,4.38896131516,2.75
3,2,91,4.14439105988,4.5
3,2,91,4.14439344406,4.5
3,2,42,0.879727482796,2.5
3,2,42,0.87891715765,2.5
3,2,89,4.04466724396,3.25
3,2,89,4.04391765594,3.25
3,2,98,4.78338909149,4.5
3,2,98,4.78458499908,4.5
3,2,7,4.50950813293,6.0
3,2,7,4.51022148132,6.0
3,2,40,4.30371332169,2.75
3,2,40,4.30235481262,2.75
3,2,95,1.74018025398,1.5
3,2,95,1.73875081539,1.5
3,2,96,3.25087475777,3.125
3,2,96,3.25049591064,3.125
3,2,5,5.27793931961,3.25
3,2,5,5.27697753906,3.25
3,2,46,3.12253427505,4.5
3,2,46,3.1248588562,4.5
3,2,93,4.53881835938,5.0
3,2,93,4.54116773605,5.0
3,2,102,4.59406089783,2.0
3,2,102,4.59396600723,2.0
3,2,11,5.86082792282,4.125
3,2,11,5.86165094376,4.125
3,2,44,1.66026675701,5.0
3,2,44,1.6553081274,5.0
3,2,67,4.87028312683,5.25
3,2,67,4.86887788773,5.25
3,2,100,4.00188970566,1.25
3,2,100,4.00329303741,1.25
3,2,9,5.46748495102,4.5
3,2,9,5.46684789658,4.5
3,2,65,1.96485173702,3.0
3,2,65,1.96551263332,3.0
3,2,106,3.860414505,3.875
3,2,106,3.85507631302,3.875
3,2,71,3.43524336815,2.375
3,2,71,3.43445372581,2.375
3,2,104,1.54819357395,3.5
3,2,104,1.54808831215,3.5
3,2,13,6.00356769562,5.0
3,2,13,6.00608444214,5.0
3,2,69,1.2805134058,1.25
3,2,69,1.27915287018,1.25
3,2,110,4.88475036621,4.25
3,2,110,4.88316011429,4.25
3,2,51,4.33252477646,4.0
3,2,51,4.33356237411,4.0
3,2,108,3.24258995056,4.0
3,2,108,3.24395608902,4.0
3,2,49,2.87767672539,2.75
3,2,49,2.8727786541,2.75
3,2,73,3.68965601921,3.75
3,2,73,3.68866419792,3.75
3,2,55,4.358481884,3.33333
3,2,55,4.35700845718,3.33333
3,2,79,2.80106186867,3.75
3,2,79,2.79992485046,3.75
3,2,53,3.77682113647,4.5
3,2,53,3.77682495117,4.5
3,2,77,3.98882102966,2.25
3,2,77,3.99073457718,2.25
3,2,59,3.73061752319,2.25
3,2,59,3.73054504395,2.25
3,2,113,4.15141010284,3.0
3,2,113,4.15368032455,3.0
3,2,26,1.66377532482,2.5
3,2,26,1.65451300144,2.5
3,2,63,0.492513895035,1.25
3,2,63,0.499264001846,1.25
4,1,29,2.90245318413,3.0
4,1,29,2.90261077881,3.0
4,1,58,4.18358135223,2.25
4,1,58,4.18296813965,2.25
4,1,85,2.59711432457,2.5
4,1,85,2.59738063812,2.5
4,1,114,1.96295630932,1.5
4,1,114,1.96225667,1.5
4,1,31,2.84824061394,2.25
4,1,31,2.84877800941,2.25
4,1,36,2.36747717857,0.875
4,1,36,2.36725974083,0.875
4,1,87,2.29281067848,3.25
4,1,87,2.29321932793,3.25
4,1,25,2.73390507698,1.5
4,1,25,2.73383116722,1.5
4,1,38,3.17101049423,2.5
4,1,38,3.17184138298,2.5
4,1,81,2.83548164368,3.0
4,1,81,2.83579874039,3.0
4,1,27,1.70446765423,2.75
4,1,27,1.70564997196,2.75
4,1,32,2.65489625931,1.5
4,1,32,2.65636348724,1.5
4,1,83,2.01888751984,3.25
4,1,83,2.02059364319,3.25
4,1,5,1.47276055813,1.0
4,1,5,1.47222793102,1.0
4,1,34,2.61472296715,1.5
4,1,34,2.6137239933,1.5
4,1,93,3.09348988533,3.0
4,1,93,3.09266257286,3.0
4,1,7,2.1824669838,1.75
4,1,7,2.18341445923,1.75
4,1,95,2.09428143501,3.5
4,1,95,2.09647631645,3.5
4,1,100,2.50908541679,0.75
4,1,100,2.50933670998,0.75
4,1,46,4.08310079575,3.75
4,1,46,4.08314704895,3.75
4,1,89,2.20201063156,1.75
4,1,89,2.20242619514,1.75
4,1,102,1.91639995575,1.5
4,1,102,1.91638374329,1.5
4,1,3,2.20954203606,3.5
4,1,3,2.20997023582,3.5
4,1,40,3.89384388924,4.0
4,1,40,3.89486813545,4.0
4,1,91,2.85062217712,2.25
4,1,91,2.85174703598,2.25
4,1,96,2.7227025032,2.75
4,1,96,2.72232413292,2.75
4,1,13,1.79831981659,1.5
4,1,13,1.79792237282,1.5
4,1,42,2.9349668026,1.75
4,1,42,2.935069561,1.75
4,1,69,4.76527738571,5.5
4,1,69,4.76677131653,5.5
4,1,98,2.63857507706,3.25
4,1,98,2.63789725304,3.25
4,1,15,1.83241999149,0.75
4,1,15,1.83205914497,0.75
4,1,71,4.83252573013,2.125
4,1,71,4.83383512497,2.125
4,1,108,3.0537314415,3.25
4,1,108,3.05406332016,3.25
4,1,9,1.51350772381,1.0
4,1,9,1.51271426678,1.0
4,1,65,3.80537962914,4.75
4,1,65,3.80467963219,4.75
4,1,110,2.71111798286,4.0
4,1,110,2.71246957779,4.0
4,1,11,1.78388011456,1.0
4,1,11,1.78566324711,1.0
4,1,67,3.10926866531,1.75
4,1,67,3.11045312881,1.75
4,1,104,1.77178752422,1.25
4,1,104,1.7719271183,1.25
4,1,53,4.3651099205,2.5
4,1,53,4.36485719681,2.5
4,1,77,3.60936617851,2.625
4,1,77,3.60930299759,2.625
4,1,106,2.63726878166,2.125
4,1,106,2.63629078865,2.125
4,1,55,4.07001638412,2.5
4,1,55,4.05864191055,2.5
4,1,79,3.97317886353,6.75
4,1,79,3.97689437866,6.75
4,1,49,4.5187163353,4.25
4,1,49,4.51855182648,4.25
4,1,73,4.16399097443,4.25
4,1,73,4.16456890106,4.25
4,1,22,2.25492358208,1.25
4,1,22,2.25699877739,1.25
4,1,51,4.55957984924,2.75
4,1,51,4.55897855759,2.75
4,1,75,3.6173312664,4.75
4,1,75,3.61677598953,4.75
4,1,16,1.78862082958,1.0
4,1,16,1.78940856457,1.0
4,1,117,2.19531989098,1.25
4,1,117,2.19549179077,1.25
4,1,63,1.72270107269,1.0
4,1,63,1.72356832027,1.0
4,1,28,2.903840065,2.625
4,1,28,2.90446233749,2.625
4,1,57,4.31593942642,2.75
4,1,57,4.31618118286,2.75
4,1,84,2.33502268791,2.5
4,1,84,2.33479523659,2.5
4,1,113,2.21785402298,3.25
4,1,113,2.21781229973,3.25
4,1,30,3.11552214622,1.125
4,1,30,3.11520218849,1.125
4,1,59,4.37188816071,1.875
4,1,59,4.37106657028,1.875
4,1,86,2.26821184158,1.66667
4,1,86,2.26773500443,1.66667
4,1,115,2.55045294762,3.5
4,1,115,2.55229592323,3.5
4,1,24,2.81297111511,2.0
4,1,24,2.81252455711,2.0
4,1,37,3.12125277519,2.25
4,1,37,3.12045001984,2.25
4,1,80,3.03608608246,3.5
4,1,80,3.03516364098,3.5
4,1,26,3.77147483826,4.375
4,1,26,3.77158093452,4.375
4,1,39,3.71361541748,2.5
4,1,39,3.7120654583,2.5
4,1,82,2.61274790764,6.5
4,1,82,2.61305570602,6.5
4,1,4,1.39231979847,1.5
4,1,4,1.3908957243,1.5
4,1,33,2.4401910305,1.5
4,1,33,2.43892097473,1.5
4,1,92,2.80653095245,2.0
4,1,92,2.80651497841,2.0
4,1,6,1.88299453259,1.5
4,1,6,1.88556039333,1.5
4,1,35,2.61033654213,1.75
4,1,35,2.60897874832,1.75
4,1,94,2.33187890053,1.5
4,1,94,2.33091425896,1.5
4,1,45,3.87916755676,2.125
4,1,45,3.87878966331,2.125
4,1,88,2.25897145271,1.5
4,1,88,2.25943684578,1.5
4,1,101,2.03964114189,3.875
4,1,101,2.04024577141,3.875
4,1,47,3.78980445862,2.125
4,1,47,3.78850674629,2.125
4,1,90,2.98827075958,1.375
4,1,90,2.99473261833,1.375
4,1,103,2.83301329613,1.0
4,1,103,2.83550024033,1.0
4,1,12,2.21778464317,2.5
4,1,12,2.21896862984,2.5
4,1,41,4.25526428223,2.5
4,1,41,4.25282239914,2.5
4,1,68,3.62654423714,5.5
4,1,68,3.62599992752,5.5
4,1,97,2.50973105431,1.625
4,1,97,2.51066470146,1.625
4,1,70,3.38754844666,5.25
4,1,70,3.38757896423,5.25
4,1,99,2.93046569824,2.375
4,1,99,2.93027424812,2.375
4,1,8,1.60126626492,0.75
4,1,8,1.60142505169,0.75
4,1,64,3.44833827019,3.5
4,1,64,3.4491174221,3.5
4,1,109,2.77572655678,2.75
4,1,109,2.7746617794,2.75
4,1,10,1.94179558754,3.0
4,1,10,1.94158017635,3.0
4,1,66,1.51522147655,1.0
4,1,66,1.51659154892,1.0
4,1,111,2.42732596397,3.5
4,1,111,2.42745041847,3.5
4,1,52,4.36515569687,3.25
4,1,52,4.36805200577,3.25
4,1,105,2.96057677269,3.625
4,1,105,2.95985627174,3.625
4,1,54,4.18619823456,3.375
4,1,54,4.18561553955,3.375
4,1,78,3.02905058861,3.25
4,1,78,3.02915763855,3.25
4,1,48,4.47998428345,1.5
4,1,48,4.47971868515,1.5
4,1,72,2.2266664505,2.375
4,1,72,2.22653269768,2.375
4,1,50,3.91341781616,2.0
4,1,50,3.91333818436,2.0
4,1,74,2.93554806709,3.5
4,1,74,2.9354531765,3.5
4,1,23,1.67997539043,1.0
4,1,23,1.68085467815,1.0
4,1,116,3.0981490612,1.75
4,1,116,3.09880232811,1.75
4,1,118,5.50927305222,4.5
4,1,118,5.50874996185,4.5
4,1,56,3.97611165047,2.0
4,1,56,3.97548294067,2.0
4,1,112,2.15283441544,1.0
4,1,112,2.15257906914,1.0
7,1,40,4.47889232635,5.5
7,1,40,4.46189975739,5.5
7,1,3,2.44050884247,4.75
7,1,3,2.69661736488,4.75
7,1,102,2.74587726593,4.25
7,1,102,2.51064634323,4.25
7,1,46,4.15995264053,4.0
7,1,46,4.5476603508,4.0
7,1,1,2.17418980598,3.5
7,1,1,2.77053427696,3.5
7,1,44,3.36237716675,6.25
7,1,44,3.32889676094,6.25
7,1,7,3.20081448555,2.25
7,1,7,3.4484603405,2.25
7,1,90,2.26538467407,4.0
7,1,90,2.74964594841,4.0
7,1,34,4.00123929977,5.5
7,1,34,3.81085968018,5.5
7,1,5,3.02937054634,4.75
7,1,5,3.11435031891,4.75
7,1,88,2.96977806091,6.5
7,1,88,3.49071311951,6.5
7,1,32,3.57985377312,3.75
7,1,32,3.54558253288,3.75
7,1,94,3.65695571899,3.0
7,1,94,3.56059145927,3.0
7,1,38,2.93915438652,3.5
7,1,38,3.04607152939,3.5
7,1,92,3.4363155365,5.75
7,1,92,3.16359019279,5.75
7,1,36,2.63288474083,4.25
7,1,36,2.65558695793,4.25
7,1,82,2.93000864983,5.25
7,1,82,3.26174426079,5.25
7,1,26,4.24884986877,3.0
7,1,26,4.51111364365,3.0
7,1,80,2.98845100403,2.0
7,1,80,3.05586624146,2.0
7,1,24,3.83029556274,5.0
7,1,24,4.20231771469,5.0
7,1,86,3.27021479607,3.25
7,1,86,3.59291338921,3.25
7,1,59,3.33351063728,5.25
7,1,59,2.90698552132,5.25
7,1,30,2.75983572006,3.0
7,1,30,2.63590216637,3.0
7,1,84,2.81003165245,4.75
7,1,84,2.90759801865,4.75
7,1,57,3.85826086998,4.25
7,1,57,4.1325712204,4.25
7,1,28,3.52748799324,5.25
7,1,28,3.74319458008,5.25
7,1,74,2.8921983242,4.25
7,1,74,3.20214772224,4.25
7,1,63,2.84311270714,5.5
7,1,63,3.03305482864,5.5
7,1,18,3.29732561111,6.0
7,1,18,3.62250566483,6.0
7,1,72,3.36850976944,2.0
7,1,72,3.3412501812,2.0
7,1,61,3.02621722221,5.0
7,1,61,2.9672601223,5.0
7,1,107,2.14279460907,4.0
7,1,107,1.96353149414,4.0
7,1,78,0.837265431881,4.0
7,1,78,1.02339375019,4.0
7,1,51,4.14819669724,3.5
7,1,51,4.24826192856,3.5
7,1,22,2.86802172661,3.75
7,1,22,3.06247067451,3.75
7,1,105,3.53568148613,4.75
7,1,105,3.72546887398,4.75
7,1,76,4.28890895844,2.75
7,1,76,4.42638540268,2.75
7,1,49,3.36105322838,4.5
7,1,49,3.51634001732,4.5
7,1,20,2.93738389015,5.25
7,1,20,3.20654606819,5.25
7,1,66,1.50645923615,4.25
7,1,66,1.80639064312,4.25
7,1,55,2.37153792381,2.5
7,1,55,2.65197253227,2.5
7,1,10,2.60429334641,2.75
7,1,10,3.01790499687,2.75
7,1,109,2.73145508766,6.25
7,1,109,2.61463999748,6.25
7,1,64,1.4330136776,5.0
7,1,64,1.71572422981,5.0
7,1,53,3.9036693573,5.5
7,1,53,4.04555368423,5.5
7,1,8,3.69032907486,4.5
7,1,8,3.73321843147,4.5
7,1,70,3.12478137016,5.5
7,1,70,3.17379689217,5.5
7,1,43,4.28405380249,3.5
7,1,43,4.07560014725,3.5
7,1,14,0.208615422249,1.75
7,1,14,0.70739543438,1.75
7,1,97,1.55162239075,5.5
7,1,97,1.69178926945,5.5
7,1,68,1.40392136574,4.25
7,1,68,1.35168707371,4.25
7,1,41,3.78881645203,4.75
7,1,41,3.71656608582,4.75
7,1,12,0.596585035324,5.0
7,1,12,0.787345767021,5.0
7,1,103,2.72497916222,3.25
7,1,103,3.15544486046,3.25
7,1,47,4.12077140808,4.5
7,1,47,4.31800460815,4.5
7,1,2,3.21447920799,5.5
7,1,2,2.97670245171,5.5
7,1,101,2.3051636219,4.0
7,1,101,2.6900908947,4.0
7,1,45,3.55157637596,4.5
7,1,45,3.7119243145,4.5
7,1,35,3.21874856949,6.0
7,1,35,3.09554767609,6.0
7,1,89,3.00469660759,5.25
7,1,89,2.91148638725,5.25
7,1,33,3.29226279259,4.75
7,1,33,3.63202357292,4.75
7,1,4,3.48673558235,3.25
7,1,4,3.44886827469,3.25
7,1,95,3.53006601334,4.75
7,1,95,3.80493164062,4.75
7,1,39,3.40256094933,5.5
7,1,39,3.30498194695,5.5
7,1,93,3.6363723278,4.25
7,1,93,3.8752784729,4.25
7,1,37,2.71205115318,4.25
7,1,37,2.784689188,4.25
7,1,83,3.21555018425,4.75
7,1,83,3.14379191399,4.75
7,1,27,3.38567519188,4.25
7,1,27,3.4893913269,4.25
7,1,81,3.72583961487,4.0
7,1,81,3.62758255005,4.0
7,1,25,3.04279017448,4.5
7,1,25,2.95042324066,4.5
7,1,31,2.62039971352,4.5
7,1,31,2.76600193977,4.5
7,1,58,3.19501566887,6.0
7,1,58,3.50549435616,6.0
7,1,29,3.60369729996,4.25
7,1,29,3.77611780167,4.25
7,1,75,3.77907156944,4.75
7,1,75,3.59436988831,4.75
7,1,19,3.08902859688,4.75
7,1,19,3.0009803772,4.75
7,1,73,3.06774687767,1.0
7,1,73,3.40143275261,1.0
7,1,62,3.15621757507,4.5
7,1,62,3.24816131592,4.5
7,1,79,2.73590922356,3.0
7,1,79,2.84621691704,3.0
7,1,60,2.62212157249,3.25
7,1,60,2.79938030243,3.25
7,1,23,3.30728602409,4.0
7,1,23,3.37444543839,4.0
7,1,106,3.41421484947,4.75
7,1,106,3.21919608116,4.75
7,1,50,4.03963804245,5.0
7,1,50,4.03825330734,5.0
7,1,104,2.77283644676,4.75
7,1,104,2.84023404121,4.75
7,1,67,1.48513841629,4.75
7,1,67,2.16959667206,4.75
7,1,48,4.24608039856,1.5
7,1,48,4.37934827805,1.5
7,1,11,1.80109214783,1.75
7,1,11,1.53662669659,1.75
7,1,65,0.819226682186,5.25
7,1,65,1.02894866467,5.25
7,1,54,3.15000915527,5.5
7,1,54,3.2598195076,5.5
7,1,9,2.64088535309,2.0
7,1,9,2.59573197365,2.0
7,1,108,2.37665724754,2.75
7,1,108,2.4691836834,2.75
7,1,71,3.33634185791,4.75
7,1,71,2.99804878235,4.75
7,1,52,4.41951560974,0.75
7,1,52,4.39394140244,0.75
7,1,98,3.3173725605,3.25
7,1,98,3.3141887188,3.25
7,1,69,2.82102251053,5.5
7,1,69,2.8301217556,5.5
7,1,42,4.570291996,3.0
7,1,42,4.59933185577,3.0
7,1,13,0.5775359869,3.0
7,1,13,0.473325967789,3.0
7,1,96,3.19497919083,5.5
7,1,96,3.25481987,5.5
7,2,77,2.12569212914,4.25
7,2,77,2.61410236359,4.25
7,2,102,2.65776705742,5.25
7,2,102,2.93347930908,5.25
7,2,3,2.53557753563,5.75
7,2,3,3.26599121094,5.75
7,2,75,2.15129566193,3.5
7,2,75,2.72272467613,3.5
7,2,100,0.645230531693,1.75
7,2,100,0.95682144165,1.75
7,2,1,0.92623180151,4.25
7,2,1,0.981131672859,4.25
7,2,73,1.67226016521,3.25
7,2,73,1.52966749668,3.25
7,2,98,3.20884895325,3.75
7,2,98,3.56053161621,3.75
7,2,63,3.21755409241,5.25
7,2,63,3.02889513969,5.25
7,2,71,1.68404424191,4.0
7,2,71,2.5572977066,4.0
7,2,96,3.63997268677,3.5
7,2,96,4.18329763412,3.5
7,2,61,2.27613782883,5.5
7,2,61,2.40362167358,5.5
7,2,69,3.07698321342,4.25
7,2,69,3.16694188118,4.25
7,2,30,2.60895705223,3.0
7,2,30,2.67835497856,3.0
7,2,28,3.40078282356,5.75
7,2,28,3.55699515343,5.75
7,2,57,1.85283589363,1.5
7,2,57,1.96169340611,1.5
7,2,65,2.43108487129,5.0
7,2,65,2.86538958549,5.0
7,2,26,3.20864081383,4.25
7,2,26,3.12638354301,4.25
7,2,55,1.80466294289,4.0
7,2,55,1.75837254524,4.0
7,2,24,3.10226130486,3.75
7,2,24,3.08453440666,3.75
7,2,53,3.12116026878,5.0
7,2,53,3.2826230526,5.0
7,2,22,3.27545285225,3.0
7,2,22,3.51535153389,3.0
7,2,51,2.5366101265,4.75
7,2,51,2.54962301254,4.75
7,2,94,2.74225020409,3.25
7,2,94,2.88198471069,3.25
7,2,20,3.80477333069,5.5
7,2,20,4.06103277206,5.5
7,2,49,3.74094891548,4.0
7,2,49,3.80467915535,4.0
7,2,92,2.83448791504,4.66667
7,2,92,2.79781985283,4.66667
7,2,18,2.92362499237,3.5
7,2,18,3.21057248116,3.5
7,2,47,4.32160806656,4.0
7,2,47,4.33850431442,4.0
7,2,90,3.80123877525,4.0
7,2,90,3.93075037003,4.0
7,2,16,3.25811648369,5.0
7,2,16,3.26441001892,5.0
7,2,45,3.34132552147,2.5
7,2,45,3.15554642677,2.5
7,2,88,3.18592023849,5.0
7,2,88,3.39505577087,5.0
7,2,14,4.14895439148,5.5
7,2,14,4.26179027557,5.5
7,2,43,3.93640685081,2.75
7,2,43,3.95109152794,2.75
7,2,86,3.77075362206,2.5
7,2,86,4.0136141777,2.5
7,2,12,3.28100967407,4.25
7,2,12,3.45963025093,4.25
7,2,84,2.68351721764,3.75
7,2,84,2.6725332737,3.75
7,2,10,1.91113507748,4.0
7,2,10,2.274091959,4.0
7,2,39,2.94313311577,4.0
7,2,39,3.22763252258,4.0
7,2,82,3.32841467857,3.25
7,2,82,3.28210139275,3.25
7,2,8,2.16631960869,4.0
7,2,8,2.24485683441,4.0
7,2,37,3.14598703384,3.5
7,2,37,3.33283019066,3.5
7,2,80,3.40242886543,4.0
7,2,80,3.5953412056,4.0
7,2,109,2.24840784073,5.25
7,2,109,2.25178599358,5.25
7,2,6,4.15067243576,4.0
7,2,6,4.24891376495,4.0
7,2,35,1.30586230755,3.5
7,2,35,1.52487707138,3.5
7,2,78,1.20874226093,5.0
7,2,78,1.56693232059,5.0
7,2,107,3.91034126282,4.5
7,2,107,4.27787160873,4.5
7,2,4,2.5004928112,3.0
7,2,4,2.44292068481,3.0
7,2,33,2.13609337807,1.5
7,2,33,2.57402205467,1.5
7,2,76,3.91900873184,4.5
7,2,76,3.65122270584,4.5
7,2,105,3.51970791817,3.0
7,2,105,3.67384266853,3.0
7,2,2,1.77322030067,2.75
7,2,2,1.9253333807,2.75
7,2,74,2.75553011894,2.5
7,2,74,2.85460400581,2.5
7,2,103,2.88631510735,4.25
7,2,103,2.85080552101,4.25
7,2,72,3.77326250076,4.25
7,2,72,3.95909738541,4.25
7,2,70,2.28260827065,3.25
7,2,70,2.68333172798,3.25
7,2,99,3.08756566048,4.25
7,2,99,3.17713427544,4.25
7,2,60,1.52635157108,4.0
7,2,60,1.70480692387,4.0
7,2,68,2.51873993874,6.5
7,2,68,2.51450538635,6.5
7,2,97,1.88955020905,3.0
7,2,97,2.34739470482,3.0
7,2,58,2.13016247749,4.0
7,2,58,2.03849124908,4.0
7,2,66,2.77666211128,5.5
7,2,66,2.91509890556,5.5
7,2,31,2.93739676476,3.75
7,2,31,3.19513392448,3.75
7,2,56,1.8176292181,4.75
7,2,56,1.77102780342,4.75
7,2,64,1.91893947124,3.25
7,2,64,1.74509608746,3.25
7,2,29,2.8978164196,1.75
7,2,29,3.11144900322,1.75
7,2,27,3.6225361824,4.25
7,2,27,3.87712216377,4.25
7,2,52,3.06154251099,3.25
7,2,52,2.99040579796,3.25
7,2,25,3.9414665699,4.75
7,2,25,3.99747633934,4.75
7,2,50,3.83043289185,4.25
7,2,50,3.63434910774,4.25
7,2,23,3.17970561981,1.75
7,2,23,2.85357284546,1.75
7,2,48,4.25273895264,3.75
7,2,48,4.37423563004,3.75
7,2,95,2.33318257332,2.5
7,2,95,2.93699264526,2.5
7,2,21,3.04693317413,1.5
7,2,21,3.09978485107,1.5
7,2,46,2.490493536,4.75
7,2,46,2.25136351585,4.75
7,2,93,1.87779653072,4.75
7,2,93,2.28629231453,4.75
7,2,19,2.94104099274,4.5
7,2,19,2.67340707779,4.5
7,2,44,2.57683062553,4.5
7,2,44,2.76933073997,4.5
7,2,91,3.29210209846,3.75
7,2,91,3.24182772636,3.75
7,2,17,3.99933099747,6.0
7,2,17,3.876339674,6.0
7,2,42,4.05543470383,3.0
7,2,42,4.59352254868,3.0
7,2,89,2.92496490479,3.0
7,2,89,3.24483346939,3.0
7,2,40,4.06486606598,5.25
7,2,40,4.03113937378,5.25
7,2,87,2.94702458382,4.5
7,2,87,3.35600209236,4.5
7,2,13,1.91889500618,4.75
7,2,13,2.26545214653,4.75
7,2,38,3.6781463623,5.25
7,2,38,3.85089421272,5.25
7,2,85,3.16212630272,2.5
7,2,85,3.32282829285,2.5
7,2,110,0.932364940643,4.75
7,2,110,1.42697799206,4.75
7,2,11,0.439217329025,2.75
7,2,11,0.763542592525,2.75
7,2,36,3.43700289726,2.5
7,2,36,3.30847907066,2.5
7,2,83,3.90913939476,5.0
7,2,83,4.34047842026,5.0
7,2,108,2.01593637466,5.5
7,2,108,1.98180663586,5.5
7,2,9,2.48483181,4.0
7,2,9,2.80786585808,4.0
7,2,34,1.92625236511,4.25
7,2,34,2.58260941505,4.25
7,2,106,3.19928622246,6.25
7,2,106,2.75956130028,6.25
7,2,7,3.35907411575,5.0
7,2,7,3.85171699524,5.0
7,2,32,3.0115134716,4.5
7,2,32,3.46085596085,4.5
7,2,104,1.79016053677,3.5
7,2,104,2.01557707787,3.5
7,2,5,2.17224788666,3.25
7,2,5,2.61635684967,3.25
8,1,34,2.04040670395,2.5
8,1,34,1.5603004694,2.5
8,1,7,1.56235563755,1.0
8,1,7,1.98159790039,1.0
8,1,94,0.47224098444,1.75
8,1,94,0.0988006964326,1.75
8,1,21,0.946773827076,1.75
8,1,21,1.09325921535,1.75
8,1,35,2.46633124352,3.0
8,1,35,2.28213214874,3.0
8,1,49,1.87102818489,2.25
8,1,49,1.39890575409,2.25
8,1,8,0.857432842255,1.0
8,1,8,0.685605943203,1.0
8,1,95,1.40204966068,2.25
8,1,95,1.1499042511,2.25
8,1,22,2.2461977005,3.5
8,1,22,2.48247647285,3.5
8,1,36,1.26791512966,3.75
8,1,36,1.08543789387,3.75
8,1,50,0.711173713207,1.0
8,1,50,1.0078650713,1.0
8,1,9,2.41542816162,2.0
8,1,9,2.16698384285,2.0
8,1,64,1.46910190582,1.25
8,1,64,0.672280371189,1.25
8,1,23,3.07378411293,3.25
8,1,23,2.9483795166,3.25
8,1,37,1.39644289017,1.75
8,1,37,1.11135995388,1.75
8,1,51,0.722875475883,1.0
8,1,51,1.05874824524,1.0
8,1,10,1.12999486923,1.75
8,1,10,1.99362742901,1.75
8,1,65,0.887041211128,2.0
8,1,65,0.964699864388,2.0
8,1,24,1.65321350098,3.75
8,1,24,1.49228274822,3.75
8,1,38,2.43501257896,2.25
8,1,38,2.11425375938,2.25
8,1,52,1.00885903835,1.25
8,1,52,0.384532511234,1.25
8,1,11,0.978842735291,2.0
8,1,11,1.65020370483,2.0
8,1,66,0.725854337215,2.25
8,1,66,0.840654313564,2.25
8,1,25,0.704183995724,2.5
8,1,25,0.377312272787,2.5
8,1,80,0.694909691811,1.75
8,1,80,0.39590677619,1.75
8,1,39,2.39153289795,3.0
8,1,39,2.28436684608,3.0
8,1,53,1.09670460224,2.25
8,1,53,0.876067817211,2.25
8,1,12,1.31966388226,1.0
8,1,12,1.95916962624,1.0
8,1,67,1.40669238567,2.25
8,1,67,1.62317013741,2.25
8,1,26,1.27777850628,2.75
8,1,26,0.900832176208,2.75
8,1,81,0.858170211315,2.25
8,1,81,0.594469964504,2.25
8,1,40,2.14815092087,1.75
8,1,40,1.61985146999,1.75
8,1,54,1.28449440002,3.0
8,1,54,0.723596811295,3.0
8,1,68,1.37671411037,1.5
8,1,68,2.16543698311,1.5
8,1,27,0.799494028091,2.0
8,1,27,0.0768733024597,2.0
8,1,82,0.869746506214,1.75
8,1,82,0.226725816727,1.75
8,1,41,1.8515484333,1.5
8,1,41,1.4942497015,1.5
8,1,96,1.33725392818,2.5
8,1,96,0.946456253529,2.5
8,1,69,1.49159061909,2.5
8,1,69,1.19029331207,2.5
8,1,28,0.361882597208,1.0
8,1,28,1.26848888397,1.0
8,1,42,1.18641090393,3.5
8,1,42,1.07690370083,3.5
8,1,97,2.22916412354,2.25
8,1,97,2.18428778648,2.25
8,1,29,2.70079708099,3.25
8,1,29,2.37775707245,3.25
8,1,43,0.621183276176,1.75
8,1,43,0.373725622892,1.75
8,1,98,1.42803895473,0.75
8,1,98,2.46801352501,0.75
8,1,30,2.68429064751,2.5
8,1,30,2.13031172752,2.5
8,1,85,1.28059053421,2.0
8,1,85,1.12029874325,2.0
8,1,44,1.46253693104,3.25
8,1,44,1.40551757812,3.25
8,1,58,1.1394046545,1.0
8,1,58,1.39586055279,1.0
8,1,31,2.23896670341,1.25
8,1,31,2.24556231499,1.25
8,1,86,1.21120631695,1.25
8,1,86,1.25220561028,1.25
8,1,59,1.35197627544,1.5
8,1,59,1.84717774391,1.5
8,1,73,0.918473362923,2.75
8,1,73,0.736329495907,2.75
8,1,87,0.273644447327,1.0
8,1,87,0.00787494517863,1.0
8,1,60,0.469411194324,2.5
8,1,60,0.397004127502,2.5
8,1,74,1.44032049179,2.5
8,1,74,1.14206433296,2.5
8,1,88,0.738438606262,2.25
8,1,88,1.2086814642,2.25
8,1,61,0.52297770977,2.75
8,1,61,0.433844566345,2.75
8,1,75,1.51366794109,3.0
8,1,75,1.37337958813,3.0
8,1,2,3.35137414932,2.75
8,1,2,3.02930092812,2.75
8,1,89,0.753509938717,3.5
8,1,89,0.262488424778,3.5
8,1,16,2.57232427597,2.75
8,1,16,2.0897834301,2.75
8,1,62,0.483321428299,1.5
8,1,62,0.621430754662,1.5
8,1,76,1.03070235252,1.0
8,1,76,0.667588889599,1.0
8,1,3,1.7757332325,2.5
8,1,3,1.64752089977,2.5
8,1,17,2.87252664566,3.25
8,1,17,2.2453930378,3.25
8,1,63,1.6994818449,1.0
8,1,63,1.83704209328,1.0
8,1,77,1.2061009407,3.25
8,1,77,0.964346528053,3.25
8,1,4,1.40217411518,1.75
8,1,4,1.26428210735,1.75
8,1,91,0.917458474636,2.75
8,1,91,0.568375349045,2.75
8,1,18,2.24744725227,3.75
8,1,18,1.82960987091,3.75
8,1,32,2.01031422615,2.75
8,1,32,1.77826011181,2.75
8,1,78,1.19264316559,2.75
8,1,78,1.76926612854,2.75
8,1,5,1.08072805405,2.0
8,1,5,0.148900687695,2.0
8,1,92,0.68841022253,1.5
8,1,92,0.405313163996,1.5
8,1,19,1.44833624363,2.25
8,1,19,1.48175513744,2.25
8,1,33,0.913400113583,1.75
8,1,33,0.758623540401,1.75
8,1,79,0.787437319756,2.0
8,1,79,0.641456782818,2.0
8,1,6,1.43929326534,1.5
8,1,6,2.14931058884,1.5
8,1,93,0.927915215492,1.75
8,1,93,1.72141039371,1.75
8,1,20,1.08803641796,2.5
8,1,20,0.750734746456,2.5
8,2,17,3.70623636246,3.5
8,2,17,3.70691871643,3.5
8,2,91,-0.457365959883,2.25
8,2,91,-0.458272695541,2.25
8,2,19,1.96373832226,2.0
8,2,19,1.96137332916,2.0
8,2,93,0.390007585287,4.25
8,2,93,0.392508596182,4.25
8,2,96,-0.710717380047,2.0
8,2,96,-0.711108148098,2.0
8,2,21,2.9118950367,2.25
8,2,21,2.91798758507,2.25
8,2,56,1.59181106091,2.0
8,2,56,1.59507787228,2.0
8,2,95,1.39468848705,2.0
8,2,95,1.39337849617,2.0
8,2,98,-0.020213663578,3.0
8,2,98,-0.0209969226271,3.0
8,2,23,3.31717681885,2.5
8,2,23,3.3182964325,2.5
8,2,58,3.42560505867,3.0
8,2,58,3.42312049866,3.0
8,2,100,1.91889953613,3.25
8,2,100,1.91827952862,3.25
8,2,25,2.26748919487,2.75
8,2,25,2.26853823662,2.75
8,2,60,1.03437912464,3.5
8,2,60,1.03612959385,3.5
8,2,67,1.56569182873,1.625
8,2,67,1.56903398037,1.625
8,2,27,-0.510181009769,4.0
8,2,27,-0.507750988007,4.0
8,2,62,2.21901988983,1.75
8,2,62,2.21944975853,1.75
8,2,69,0.0217009391636,3.5
8,2,69,0.02032504417,3.5
8,2,29,4.968105793,4.75
8,2,29,4.99341630936,4.75
8,2,32,3.59160614014,4.0
8,2,32,3.59364819527,4.0
8,2,71,0.625652551651,2.0
8,2,71,0.62969738245,2.0
8,2,31,2.27026700974,2.75
8,2,31,2.26754808426,2.75
8,2,34,2.71951937675,3.5
8,2,34,2.71460318565,3.5
8,2,73,0.213209435344,3.5
8,2,73,0.209590628743,3.5
8,2,36,3.49720835686,3.75
8,2,36,3.4976913929,3.75
8,2,75,0.820300757885,4.0
8,2,75,0.822012364864,4.0
8,2,38,3.93969082832,3.75
8,2,38,3.9391784668,3.75
8,2,77,1.32756888866,4.75
8,2,77,1.32945096493,4.75
8,2,5,-0.019868677482,3.75
8,2,5,-0.0243735443801,3.75
8,2,40,4.05943250656,2.0
8,2,40,4.05891942978,2.0
8,2,79,2.81332159042,4.0
8,2,79,2.81817984581,4.0
8,2,7,0.899555206299,1.5
8,2,7,0.896187961102,1.5
8,2,42,3.00961518288,3.5
8,2,42,3.01162409782,3.5
8,2,9,0.855351269245,2.0
8,2,9,0.854771316051,2.0
8,2,44,2.62524700165,3.25
8,2,44,2.62529182434,3.25
8,2,11,1.31656134129,3.0
8,2,11,1.31573998928,3.0
8,2,46,2.53957343102,3.25
8,2,46,2.53826141357,3.25
8,2,80,3.37359166145,3.25
8,2,80,3.37504005432,3.25
8,2,15,1.97010171413,2.25
8,2,15,1.97252333164,2.25
8,2,49,3.61127972603,4.0
8,2,49,3.60480952263,4.0
8,2,84,2.55288481712,3.5
8,2,84,2.55278158188,3.5
8,2,86,0.274242848158,3.25
8,2,86,0.277419865131,3.25
8,2,88,2.64819407463,3.75
8,2,88,2.64636588097,3.75
8,2,16,4.56589412689,4.0
8,2,16,4.56651449203,4.0
8,2,55,2.38779187202,3.75
8,2,55,2.38836216927,3.75
8,2,90,1.58299911022,1.5
8,2,90,1.58105027676,1.5
8,2,97,3.7907333374,4.25
8,2,97,3.79155468941,4.25
8,2,18,2.78192448616,3.5
8,2,18,2.78335285187,3.5
8,2,57,2.66686654091,4.75
8,2,57,2.6682434082,4.75
8,2,92,2.25143122673,2.0
8,2,92,2.25028038025,2.0
8,2,99,1.88449513912,4.0
8,2,99,1.88901770115,4.0
8,2,20,3.93746256828,3.75
8,2,20,3.93725657463,3.75
8,2,59,2.93215036392,4.5
8,2,59,2.93362879753,4.5
8,2,94,0.0158468428999,3.0
8,2,94,0.0169181078672,3.0
8,2,101,2.02567076683,2.75
8,2,101,2.0250146389,2.75
8,2,22,2.83296465874,2.25
8,2,22,2.83629989624,2.25
8,2,61,3.25743913651,4.0
8,2,61,3.25782012939,4.0
8,2,64,3.17124080658,4.75
8,2,64,3.16826796532,4.75
8,2,24,0.989826023579,3.0
8,2,24,0.988672912121,3.0
8,2,63,3.29563212395,5.25
8,2,63,3.29763770103,5.25
8,2,26,0.120427466929,4.0
8,2,26,0.12099417299,4.0
8,2,33,0.415589779615,2.25
8,2,33,0.413973420858,2.25
8,2,68,1.11029529572,2.75
8,2,68,1.10921120644,2.75
8,2,28,0.890965402126,2.5
8,2,28,0.88706856966,2.5
8,2,35,3.53817725182,3.5
8,2,35,3.53440356255,3.5
8,2,70,2.51307439804,4.0
8,2,70,2.51250529289,4.0
8,2,30,3.59770965576,4.25
8,2,30,3.60062456131,4.25
8,2,37,3.62420153618,2.25
8,2,37,3.62995266914,2.25
8,2,72,0.828327834606,3.5
8,2,72,0.826834797859,3.5
8,2,39,3.97492575645,2.0
8,2,39,3.97403335571,2.0
8,2,74,0.208336785436,3.75
8,2,74,0.209654167295,3.75
8,2,41,2.65281438828,4.0
8,2,41,2.65567398071,4.0
8,2,76,3.77192687988,3.25
8,2,76,3.77404403687,3.25
8,2,4,-0.553258359432,3.25
8,2,4,-0.556105792522,3.25
8,2,43,0.845954239368,2.75
8,2,43,0.841558933258,2.75
8,2,78,1.00741708279,3.25
8,2,78,1.00811517239,3.25
8,2,6,0.397008031607,1.75
8,2,6,0.398414343596,1.75
8,2,45,3.51141428947,2.25
8,2,45,3.51107001305,2.25
8,2,8,2.80332374573,4.25
8,2,8,2.80266952515,4.25
8,2,47,0.275065243244,2.75
8,2,47,0.275496453047,2.75
8,2,10,1.18628299236,1.75
8,2,10,1.18589305878,1.75
8,2,83,0.036155115813,2.75
8,2,83,0.0389674864709,2.75
8,2,85,0.671231091022,4.5
8,2,85,0.66735380888,4.5
8,2,48,2.69167470932,4.0
8,2,48,2.69284081459,4.0
8,2,87,2.99567866325,2.0
8,2,87,3.00011825562,2.0
8,2,50,3.96388983727,3.0
8,2,50,3.96550369263,3.0
8,2,89,2.88053965569,2.25
8,2,89,2.88015294075,2.25
9,1,81,3.1102745533,2.25
9,1,81,3.67512750626,2.25
9,1,27,4.5152964592,3.75
9,1,27,4.73553037643,3.75
9,1,83,3.48804450035,4.25
9,1,83,4.05544567108,4.25
9,1,29,3.03199315071,2.5
9,1,29,2.90148019791,2.5
9,1,32,3.39796233177,2.75
9,1,32,3.12641382217,2.75
9,1,85,5.14455890656,4.75
9,1,85,5.54672765732,4.75
9,1,31,3.85925292969,3.5
9,1,31,4.04110622406,3.5
9,1,34,3.03609442711,3.25
9,1,34,2.87904429436,3.25
9,1,87,3.01094651222,3.25
9,1,87,3.35952997208,3.25
9,1,36,3.34286284447,3.5
9,1,36,3.53122401237,3.5
9,1,89,3.69954562187,2.75
9,1,89,3.77036714554,2.75
9,1,3,4.70082616806,4.75
9,1,3,5.0279378891,4.75
9,1,38,3.68005633354,3.5
9,1,38,3.84643244743,3.5
9,1,91,3.65706562996,3.75
9,1,91,3.93895959854,3.75
9,1,5,4.49935102463,5.75
9,1,5,4.4628162384,5.75
9,1,40,3.7435002327,2.25
9,1,40,3.568764925,2.25
9,1,93,4.78245258331,3.25
9,1,93,4.9533162117,3.25
9,1,96,3.14832949638,4.25
9,1,96,3.86658406258,4.25
9,1,7,4.37246799469,4.25
9,1,7,4.59946203232,4.25
9,1,42,3.95922088623,4.0
9,1,42,4.02841234207,4.0
9,1,95,3.42473983765,4.25
9,1,95,3.62636733055,4.25
9,1,98,5.48709058762,2.25
9,1,98,5.76141262054,2.25
9,1,65,3.68268251419,2.0
9,1,65,3.83151292801,2.0
9,1,100,3.89226222038,4.25
9,1,100,4.18268728256,4.25
9,1,67,3.49036288261,4.25
9,1,67,3.74227142334,4.25
9,1,102,2.99933409691,3.75
9,1,102,3.21818780899,3.75
9,1,69,3.41445612907,5.5
9,1,69,3.64154696465,5.5
9,1,104,3.96211123466,3.0
9,1,104,4.44808340073,3.0
9,1,106,3.78111886978,4.0
9,1,106,4.06022167206,4.0
9,1,73,3.33435177803,3.25
9,1,73,4.17880821228,3.25
9,1,51,3.16652560234,3.5
9,1,51,3.72053194046,3.5
9,1,75,4.51224851608,2.5
9,1,75,4.68308115005,2.5
9,1,110,4.02602910995,4.25
9,1,110,3.49670386314,4.25
9,1,53,3.82246446609,3.0
9,1,53,4.04067516327,3.0
9,1,77,3.62204909325,3.25
9,1,77,3.84987640381,3.25
9,1,16,3.53439831734,1.5
9,1,16,3.58270120621,1.5
9,1,55,3.38483548164,3.5
9,1,55,3.61482787132,3.5
9,1,79,4.47857666016,4.0
9,1,79,4.57222270966,4.0
9,1,18,4.62625074387,3.5
9,1,18,4.49688386917,3.5
9,1,20,3.3653011322,4.0
9,1,20,3.4024245739,4.0
9,1,59,3.07361793518,2.75
9,1,59,3.26769042015,2.75
9,1,22,2.79805874825,3.0
9,1,22,2.78264069557,3.0
9,1,61,4.71319580078,3.5
9,1,61,5.09812307358,3.5
9,1,24,4.4572968483,3.5
9,1,24,4.55688714981,3.5
9,1,63,2.97868037224,3.25
9,1,63,3.35528874397,3.25
9,1,80,3.53828239441,3.25
9,1,80,3.83166861534,3.25
9,1,26,3.74593234062,4.5
9,1,26,3.87821054459,4.5
9,1,33,3.49090695381,3.75
9,1,33,3.20706367493,3.75
9,1,82,4.15377855301,4.0
9,1,82,4.21769380569,4.0
9,1,28,3.50949144363,2.75
9,1,28,3.71183252335,2.75
9,1,35,4.33987760544,3.5
9,1,35,4.61202287674,3.5
9,1,84,4.16718769073,3.0
9,1,84,4.63380002975,3.0
9,1,30,3.25643992424,3.0
9,1,30,3.3689353466,3.0
9,1,37,3.84541630745,4.5
9,1,37,3.6952483654,4.5
9,1,86,3.83455967903,4.0
9,1,86,4.13906812668,4.0
9,1,39,3.44735908508,2.75
9,1,39,2.85134792328,2.75
9,1,88,3.23609042168,3.25
9,1,88,3.71220445633,3.25
9,1,2,4.37606620789,5.25
9,1,2,4.64736843109,5.25
9,1,41,4.32935762405,3.0
9,1,41,4.16224956512,3.0
9,1,90,2.90187168121,2.75
9,1,90,3.46107459068,2.75
9,1,97,4.20106697083,3.5
9,1,97,4.32121419907,3.5
9,1,4,4.54946279526,5.0
9,1,4,4.59513616562,5.0
9,1,92,3.61670660973,4.0
9,1,92,3.69553875923,4.0
9,1,99,2.88898849487,3.0
9,1,99,3.50167894363,3.0
9,1,6,4.00386428833,3.5
9,1,6,4.68197059631,3.5
9,1,94,3.15846681595,3.0
9,1,94,3.65688109398,3.0
9,1,101,4.05685377121,2.25
9,1,101,4.35882949829,2.25
9,1,8,4.07734584808,4.5
9,1,8,4.12317419052,4.5
9,1,64,4.11874771118,4.25
9,1,64,4.67296552658,4.25
9,1,103,2.90242767334,2.25
9,1,103,3.21985244751,2.25
9,1,66,3.68436741829,4.75
9,1,66,3.90257263184,4.75
9,1,105,4.01644277573,3.75
9,1,105,3.96831679344,3.75
9,1,12,2.64356374741,4.75
9,1,12,2.32074046135,4.75
9,1,68,3.90667653084,3.5
9,1,68,4.41559076309,3.5
9,1,107,3.07839846611,4.25
9,1,107,3.12259936333,4.25
9,1,72,3.4819123745,3.75
9,1,72,3.67747616768,3.75
9,1,111,3.98991322517,3.0
9,1,111,4.09975814819,3.0
9,1,50,3.62901306152,3.5
9,1,50,3.85080981255,3.5
9,1,74,3.31449747086,3.0
9,1,74,3.59558296204,3.0
9,1,17,4.10082006454,4.25
9,1,17,3.65129065514,4.25
9,1,52,4.13932752609,2.75
9,1,52,4.34689569473,2.75
9,1,76,3.5476307869,4.0
9,1,76,3.89836621284,4.0
9,1,19,4.49536848068,3.25
9,1,19,4.56416559219,3.25
9,1,54,3.30380797386,2.75
9,1,54,3.18229961395,2.75
9,1,78,3.82043647766,3.5
9,1,78,4.07543420792,3.5
9,1,21,3.17355060577,4.5
9,1,21,3.80211114883,4.5
9,1,56,4.60175657272,3.75
9,1,56,4.61324167252,3.75
9,1,23,4.97186040878,4.5
9,1,23,5.25123357773,4.5
9,1,25,3.3394780159,3.5
9,1,25,3.2948410511,3.5
9,1,60,3.98493051529,4.0
9,1,60,4.01640987396,4.0
9,2,98,2.85859560966,4.5
9,2,98,3.27611422539,4.5
9,2,71,4.2415137291,5.25
9,2,71,4.55508184433,5.25
9,2,100,3.67837834358,5.75
9,2,100,3.97887158394,5.75
9,2,46,4.25886678696,4.75
9,2,46,4.36058664322,4.75
9,2,102,3.50084352493,3.75
9,2,102,3.5591378212,3.75
9,2,75,3.34076189995,3.75
9,2,75,3.34804463387,3.75
9,2,16,3.42662119865,2.75
9,2,16,3.59443092346,2.75
9,2,104,2.91931962967,3.25
9,2,104,3.16408228874,3.25
9,2,77,2.94496035576,4.25
9,2,77,3.25371742249,4.25
9,2,18,3.65747570992,4.25
9,2,18,4.2036075592,4.25
9,2,106,3.97982788086,5.25
9,2,106,3.98804545403,5.25
9,2,79,3.33522224426,5.25
9,2,79,3.53190088272,5.25
9,2,20,3.15739607811,3.0
9,2,20,3.43573379517,3.0
9,2,108,3.72636961937,4.25
9,2,108,4.05534172058,4.25
9,2,49,4.68914461136,5.25
9,2,49,4.83132266998,5.25
9,2,22,3.877794981,3.0
9,2,22,4.06328105927,3.0
9,2,110,2.54244041443,3.25
9,2,110,3.03751993179,3.25
9,2,51,4.47547626495,5.0
9,2,51,4.76618528366,5.0
9,2,24,4.00576591492,1.75
9,2,24,4.48147439957,1.75
9,2,80,3.14945697784,4.75
9,2,80,3.38473629951,4.75
9,2,53,1.97328472137,3.75
9,2,53,2.41636109352,3.75
9,2,26,3.63811612129,3.25
9,2,26,3.845713377,3.25
9,2,82,3.35455584526,3.0
9,2,82,3.61364626884,3.0
9,2,55,4.5061917305,3.25
9,2,55,4.32344484329,3.25
9,2,28,4.2870631218,4.75
9,2,28,3.89648795128,4.75
9,2,84,2.89185070992,3.75
9,2,84,3.05259227753,3.75
9,2,30,4.59798431396,2.75
9,2,30,4.71842908859,2.75
9,2,113,3.69850230217,5.75
9,2,113,3.55472755432,5.75
9,2,86,3.69418978691,4.0
9,2,86,3.9191391468,4.0
9,2,88,3.45514178276,4.5
9,2,88,3.60587859154,4.5
9,2,2,3.53930020332,4.0
9,2,2,4.22140073776,4.0
9,2,90,2.49548792839,3.25
9,2,90,2.67558813095,3.25
9,2,63,3.49154543877,5.0
9,2,63,3.71262049675,5.0
9,2,4,3.99669909477,5.25
9,2,4,4.17136859894,5.25
9,2,92,3.42643737793,4.25
9,2,92,3.44444584846,4.25
9,2,33,3.44900298119,3.0
9,2,33,3.36925125122,3.0
9,2,6,4.82405424118,5.75
9,2,6,5.38718748093,5.75
9,2,94,2.98485827446,4.0
9,2,94,3.11689472198,4.0
9,2,35,3.06914281845,2.5
9,2,35,3.16081309319,2.5
9,2,8,4.0757393837,4.5
9,2,8,4.06110715866,4.5
9,2,64,3.03192949295,4.5
9,2,64,3.44948506355,4.5
9,2,37,3.72868657112,3.75
9,2,37,2.8999273777,3.75
9,2,10,4.42843008041,4.75
9,2,10,4.12155199051,4.75
9,2,66,3.8339574337,5.5
9,2,66,3.94937300682,5.5
9,2,39,4.02421855927,4.0
9,2,39,3.84545516968,4.0
9,2,12,4.39602804184,5.5
9,2,12,4.75160694122,5.5
9,2,68,3.34956860542,3.25
9,2,68,3.29833769798,3.25
9,2,41,4.34825134277,4.5
9,2,41,4.83059072495,4.5
9,2,97,3.21882605553,3.75
9,2,97,3.34729456902,3.75
9,2,70,4.12583255768,4.75
9,2,70,4.01998901367,4.75
9,2,99,3.4700615406,4.5
9,2,99,3.76419949532,4.5
9,2,45,2.43189501762,3.0
9,2,45,2.32856011391,3.0
9,2,101,3.46268391609,3.75
9,2,101,3.54450917244,3.75
9,2,74,3.77210855484,5.25
9,2,74,3.84863209724,5.25
9,2,47,4.26763963699,5.0
9,2,47,4.09477758408,5.0
9,2,103,2.66010069847,3.0
9,2,103,3.01410365105,3.0
9,2,76,3.15565943718,3.25
9,2,76,3.21074676514,3.25
9,2,17,4.3327665329,4.0
9,2,17,4.21554136276,4.0
9,2,105,3.5894780159,4.5
9,2,105,3.82821440697,4.5
9,2,78,3.03725647926,5.5
9,2,78,2.85900640488,5.5
9,2,19,3.6122853756,3.25
9,2,19,4.27335500717,3.25
9,2,107,2.57495284081,3.75
9,2,107,3.13983559608,3.75
9,2,48,3.98350000381,5.0
9,2,48,4.04154729843,5.0
9,2,21,3.6127717495,3.75
9,2,21,3.58946990967,3.75
9,2,109,3.38709521294,2.25
9,2,109,3.36560702324,2.25
9,2,50,3.81444907188,4.0
9,2,50,3.48462796211,4.0
9,2,23,3.35860514641,2.75
9,2,23,3.86771059036,2.75
9,2,111,3.3518178463,4.0
9,2,111,3.53903508186,4.0
9,2,52,1.60349309444,2.75
9,2,52,2.21123766899,2.75
9,2,25,3.86552214622,5.75
9,2,25,3.87857675552,5.75
9,2,81,3.49213862419,4.75
9,2,81,3.51300215721,4.75
9,2,54,3.95816040039,5.5
9,2,54,4.20077228546,5.5
9,2,27,2.70800757408,3.25
9,2,27,3.07928919792,3.25
9,2,83,3.81444621086,4.0
9,2,83,3.83676958084,4.0
9,2,56,3.55234146118,5.0
9,2,56,4.01357984543,5.0
9,2,29,3.53263711929,3.0
9,2,29,3.58633971214,3.0
9,2,112,3.04456591606,4.5
9,2,112,3.41797804832,4.5
9,2,85,3.02977061272,4.75
9,2,85,3.20727205276,4.75
9,2,31,3.25568771362,2.75
9,2,31,3.33656954765,2.75
9,2,87,3.35500192642,3.25
9,2,87,3.49517035484,3.25
9,2,89,3.04508757591,2.75
9,2,89,3.30509352684,2.75
9,2,62,3.30004477501,4.0
9,2,62,3.17616534233,4.0
9,2,3,3.82964324951,4.5
9,2,3,4.27604436874,4.5
9,2,91,2.59909963608,4.25
9,2,91,2.87982654572,4.25
9,2,32,3.82699203491,2.25
9,2,32,3.78813624382,2.25
9,2,5,4.12840986252,5.5
9,2,5,4.33473396301,5.5
9,2,93,3.14155888557,4.5
9,2,93,3.12381744385,4.5
9,2,34,4.30676984787,2.5
9,2,34,4.55660295486,2.5
9,2,7,3.50244402885,5.25
9,2,7,3.17447495461,5.25
9,2,95,3.71079707146,5.0
9,2,95,3.81850743294,5.0
9,2,36,4.24611377716,4.75
9,2,36,4.27990484238,4.75
9,2,9,4.48756933212,5.75
9,2,9,4.76214313507,5.75
9,2,65,3.74534296989,4.75
9,2,65,3.56316614151,4.75
9,2,38,3.06396269798,2.0
9,2,38,2.88399386406,2.0
9,2,11,4.31844472885,4.5
9,2,11,4.57446193695,4.5
9,2,67,4.30983114243,4.25
9,2,67,4.14579582214,4.25
9,2,40,4.6220574379,3.25
9,2,40,4.53276348114,3.25
9,2,13,3.66326522827,3.75
9,2,13,4.19103002548,3.75
9,2,96,3.30399775505,3.0
9,2,96,3.43273663521,3.0
9,2,69,3.30128288269,3.25
9,2,69,3.33685994148,3.25
9,2,42,3.81414914131,3.25
9,2,42,3.95091247559,3.25
10,1,63,3.42615628242,4.25
10,1,63,3.47889375687,4.25
10,1,24,4.07740354538,4.75
10,1,24,4.0163936615,4.75
10,1,80,4.07512617111,5.0
10,1,80,3.98221635818,5.0
10,1,61,4.62448453903,4.0
10,1,61,4.7446475029,4.0
10,1,6,3.48837447166,5.0
10,1,6,3.7318418026,5.0
10,1,94,3.5062816143,5.0
10,1,94,3.53598213196,5.0
10,1,4,3.93927168846,5.5
10,1,4,4.22004270554,5.5
10,1,92,3.75632476807,5.0
10,1,92,3.3957555294,5.0
10,1,57,3.50407290459,1.5
10,1,57,3.69410443306,1.5
10,1,90,3.99143862724,3.75
10,1,90,4.18598127365,3.75
10,1,39,3.37122964859,4.0
10,1,39,3.26816415787,4.0
10,1,88,4.40939378738,5.5
10,1,88,4.50774908066,5.5
10,1,37,4.47073984146,6.0
10,1,37,4.51003551483,6.0
10,1,14,4.20820999146,3.75
10,1,14,4.32820367813,3.75
10,1,35,2.86209464073,2.0
10,1,35,2.77770638466,2.0
10,1,12,4.48148822784,4.5
10,1,12,4.59965610504,4.5
10,1,68,4.4539899826,3.75
10,1,68,4.53941774368,3.75
10,1,33,3.60407233238,4.5
10,1,33,3.70484614372,4.5
10,1,10,3.70696687698,5.0
10,1,10,3.68305516243,5.0
10,1,66,4.12350034714,6.0
10,1,66,4.25016260147,6.0
10,1,47,3.8698246479,5.25
10,1,47,3.91487193108,5.25
10,1,8,4.40037679672,6.25
10,1,8,4.38195848465,6.25
10,1,103,3.64350247383,3.75
10,1,103,3.78307795525,3.75
10,1,64,3.19411444664,5.0
10,1,64,3.30792355537,5.0
10,1,45,3.84438323975,2.875
10,1,45,3.87247776985,2.875
10,1,101,3.64323306084,5.5
10,1,101,3.60131263733,5.5
10,1,78,3.65982103348,5.5
10,1,78,4.05406188965,5.5
10,1,43,4.25872659683,4.5
10,1,43,4.46126127243,4.5
10,1,99,4.09908676147,5.25
10,1,99,4.26161336899,5.25
10,1,76,4.18791007996,4.75
10,1,76,4.43466997147,4.75
10,1,41,3.4383790493,3.25
10,1,41,3.59901857376,3.25
10,1,97,3.46729445457,3.75
10,1,97,3.85336995125,3.75
10,1,74,3.67296338081,4.75
10,1,74,3.78614354134,4.75
10,1,72,3.95888185501,3.0
10,1,72,4.22847270966,3.0
10,1,21,3.67544531822,5.25
10,1,21,4.06456184387,5.25
10,1,54,2.47979521751,3.5
10,1,54,2.39480757713,3.5
10,1,107,4.12811994553,5.0
10,1,107,4.25045013428,5.0
10,1,52,3.82756614685,5.0
10,1,52,4.2074804306,5.0
10,1,105,3.53839659691,4.0
10,1,105,3.56549310684,4.0
10,1,50,4.27677154541,5.25
10,1,50,4.33027458191,5.25
10,1,31,3.98083686829,4.75
10,1,31,4.04764986038,4.75
10,1,87,4.07000875473,4.75
10,1,87,4.09595632553,4.75
10,1,48,4.35061883926,5.0
10,1,48,4.36875343323,5.0
10,1,29,4.26031351089,4.5
10,1,29,4.40150594711,4.5
10,1,85,3.77400946617,4.75
10,1,85,3.72949099541,4.75
10,1,62,3.46657943726,3.75
10,1,62,3.51389098167,3.75
10,1,27,4.11789178848,4.25
10,1,27,4.18257665634,4.25
10,1,83,4.14242982864,3.0
10,1,83,4.43803310394,3.0
10,1,25,3.91205668449,4.5
10,1,25,4.24535799026,4.5
10,1,81,3.40517497063,4.25
10,1,81,3.5137898922,4.25
10,1,7,4.24272108078,5.5
10,1,7,4.48024702072,5.5
10,1,95,4.11857938766,4.75
10,1,95,4.05691814423,4.75
10,1,56,3.54111719131,4.5
10,1,56,3.52462649345,4.5
10,1,5,3.65728878975,5.0
10,1,5,3.84570860863,5.0
10,1,93,4.1993021965,4.0
10,1,93,4.317882061,4.0
10,1,38,3.49205446243,3.75
10,1,38,3.6838414669,3.75
10,1,91,4.33312606812,4.5
10,1,91,4.2624335289,4.5
10,1,36,4.53385066986,4.75
10,1,36,4.46898031235,4.75
10,1,89,4.46378660202,5.25
10,1,89,4.61078643799,5.25
10,1,34,2.84713149071,4.0
10,1,34,3.0543088913,4.0
10,1,32,4.52399396896,3.75
10,1,32,4.3406624794,3.75
10,1,13,4.01843452454,4.25
10,1,13,4.15686178207,4.25
10,1,69,4.09143972397,4.5
10,1,69,4.25322246552,4.5
10,1,46,4.27234601974,5.0
10,1,46,4.44193506241,5.0
10,1,11,3.16476416588,4.0
10,1,11,3.33216738701,4.0
10,1,102,3.3216240406,5.0
10,1,102,3.36922574043,5.0
10,1,67,3.97568178177,5.25
10,1,67,4.21710062027,5.25
10,1,44,3.96262431145,4.5
10,1,44,4.19488334656,4.5
10,1,9,3.5510032177,5.5
10,1,9,3.37300992012,5.5
10,1,100,3.46224594116,4.0
10,1,100,3.34592413902,4.0
10,1,65,2.96648955345,5.75
10,1,65,2.81983494759,5.75
10,1,42,4.46320915222,5.25
10,1,42,4.44481420517,5.25
10,1,98,3.87117505074,4.5
10,1,98,3.96454358101,4.5
10,1,79,3.66299057007,4.5
10,1,79,3.55034613609,4.5
10,1,40,3.9236137867,4.5
10,1,40,3.96725702286,4.5
10,1,96,4.18167352676,4.5
10,1,96,4.24496793747,4.5
10,1,77,4.22392320633,4.5
10,1,77,4.20603322983,4.5
10,1,22,3.76179003716,4.5
10,1,22,3.91866087914,4.5
10,1,75,4.14746236801,4.5
10,1,75,4.09417438507,4.5
10,1,20,4.24008131027,5.0
10,1,20,4.17035675049,5.0
10,1,108,3.80676054955,5.0
10,1,108,3.65431404114,5.0
10,1,73,4.42317152023,4.25
10,1,73,4.54021167755,4.25
10,1,106,3.66136407852,2.0
10,1,106,3.78325438499,2.0
10,1,55,4.2808971405,5.25
10,1,55,4.39907169342,5.25
10,1,104,4.2355670929,4.5
10,1,104,4.18012523651,4.5
10,1,53,4.38887166977,5.25
10,1,53,4.27746963501,5.25
10,1,30,4.85298252106,5.5
10,1,30,4.61671304703,5.5
10,1,86,3.9257171154,4.0
10,1,86,4.04458522797,4.0
10,1,51,3.54172134399,5.5
10,1,51,3.68569731712,5.5
10,1,28,3.89683961868,4.75
10,1,28,4.26555967331,4.75
10,1,84,3.32892918587,2.75
10,1,84,3.29767394066,2.75
10,1,49,3.65866279602,4.0
10,1,49,3.63557219505,4.0
10,1,26,2.10934138298,2.375
10,1,26,2.54724574089,2.375
10,1,82,3.98062491417,4.5
10,1,82,4.1532292366,4.5
10,2,65,3.282351017,5.0
10,2,65,3.41103792191,5.0
10,2,26,4.62662267685,3.5
10,2,26,5.03044843674,3.5
10,2,83,2.42251110077,4.25
10,2,83,3.2895488739,4.25
10,2,15,5.1058754921,5.75
10,2,15,5.88179588318,5.75
10,2,25,2.77912783623,4.25
10,2,25,2.98641753197,4.25
10,2,82,3.30885124207,5.25
10,2,82,3.39864659309,5.25
10,2,14,5.12644338608,5.25
10,2,14,5.46402025223,5.25
10,2,71,3.5210340023,4.0
10,2,71,3.92033052444,4.0
10,2,24,2.8715326786,3.5
10,2,24,3.11669492722,3.5
10,2,81,3.43406844139,5.25
10,2,81,3.82032561302,5.25
10,2,35,2.66329574585,2.75
10,2,35,2.73769903183,2.75
10,2,13,5.84384393692,5.25
10,2,13,5.92153596878,5.25
10,2,70,3.99212384224,4.66667
10,2,70,4.09982681274,4.66667
10,2,31,5.16855764389,3.25
10,2,31,5.89344930649,3.25
10,2,80,3.90862822533,4.5
10,2,80,3.22071909904,4.5
10,2,34,3.46394968033,5.0
10,2,34,3.64921188354,5.0
10,2,12,5.37092781067,4.25
10,2,12,5.86358785629,4.25
10,2,69,3.72277569771,5.25
10,2,69,3.75435757637,5.25
10,2,30,3.20769309998,5.75
10,2,30,3.62901115417,5.75
10,2,87,4.52922105789,5.5
10,2,87,4.3304028511,5.5
10,2,33,3.82347369194,4.75
10,2,33,3.58852696419,4.75
10,2,51,4.61879348755,5.5
10,2,51,4.66926765442,5.5
10,2,68,3.93306899071,4.75
10,2,68,3.86823916435,4.75
10,2,29,2.72611999512,5.0
10,2,29,3.1521499157,5.0
10,2,86,4.10010528564,4.5
10,2,86,4.50430202484,4.5
10,2,32,2.64925408363,1.75
10,2,32,2.60179209709,1.75
10,2,50,1.03630042076,4.0
10,2,50,0.661199867725,4.0
10,2,75,4.45145368576,4.5
10,2,75,4.30683040619,4.5
10,2,28,3.70459914207,4.5
10,2,28,3.61654281616,4.5
10,2,85,3.74969863892,5.25
10,2,85,4.05033302307,5.25
10,2,39,3.82845616341,5.25
10,2,39,4.3811378479,5.25
10,2,74,4.12897062302,4.75
10,2,74,4.04110193253,4.75
10,2,3,6.17333698273,3.75
10,2,3,6.30445384979,3.75
10,2,84,3.71858382225,4.0
10,2,84,3.58251357079,4.0
10,2,38,4.95563411713,4.75
10,2,38,5.65093183517,4.75
10,2,73,4.20053052902,5.5
10,2,73,5.29545354843,5.5
10,2,91,3.47522354126,4.25
10,2,91,3.70441818237,4.25
10,2,37,3.21238517761,5.0
10,2,37,3.4824962616,5.0
10,2,55,4.33212995529,3.75
10,2,55,4.3323302269,3.75
10,2,72,3.61561179161,6.25
10,2,72,3.25266766548,6.25
10,2,90,4.68540382385,4.25
10,2,90,4.42535924911,4.25
10,2,19,3.1626894474,4.5
10,2,19,3.71485829353,4.5
10,2,36,3.86202478409,3.75
10,2,36,3.37836432457,3.75
10,2,54,4.01061582565,5.5
10,2,54,4.06104707718,5.5
10,2,79,3.57265162468,5.5
10,2,79,3.67685818672,5.5
10,2,89,3.9799592495,4.0
10,2,89,4.18186569214,4.0
10,2,43,3.65207219124,5.75
10,2,43,4.8934969902,5.75
10,2,53,7.00770807266,6.75
10,2,53,7.50367832184,6.75
10,2,78,6.86535739899,5.25
10,2,78,6.4300661087,5.25
10,2,7,4.07498311996,5.25
10,2,7,4.45449638367,5.25
10,2,88,6.39926338196,5.5
10,2,88,5.7355799675,5.5
10,2,42,6.05377340317,5.5
10,2,42,5.90363740921,5.5
10,2,52,3.64883232117,5.5
10,2,52,3.81244158745,5.5
10,2,77,2.98171663284,3.5
10,2,77,3.00754618645,3.5
10,2,6,4.50103902817,5.25
10,2,6,4.97854948044,5.25
10,2,95,3.68479895592,2.0
10,2,95,3.4625556469,2.0
10,2,41,4.0051445961,5.25
10,2,41,4.66183757782,5.25
10,2,76,3.52650618553,4.5
10,2,76,3.66528511047,4.5
10,2,5,3.3013818264,5.5
10,2,5,3.59646272659,5.5
10,2,94,3.76390314102,3.25
10,2,94,3.42637252808,3.25
10,2,23,3.63199090958,5.0
10,2,23,4.01587629318,5.0
10,2,40,2.28458952904,4.5
10,2,40,2.29593348503,4.5
10,2,97,4.76013708115,5.75
10,2,97,4.28432035446,5.75
10,2,58,3.76037025452,5.5
10,2,58,4.18351221085,5.5
10,2,4,3.3732585907,6.25
10,2,4,4.22336101532,6.25
10,2,93,2.49673891068,3.25
10,2,93,2.91649246216,3.25
10,2,22,3.55357933044,5.5
10,2,22,3.85002017021,5.5
10,2,47,4.76252222061,5.25
10,2,47,4.39050769806,5.25
10,2,96,3.99491119385,4.75
10,2,96,4.18117666245,4.75
10,2,11,5.03240156174,4.5
10,2,11,5.95444488525,4.5
10,2,92,3.60509490967,4.75
10,2,92,3.4370675087,4.75
10,2,21,2.4792163372,5.5
10,2,21,3.27821993828,5.5
10,2,46,2.80105042458,4.25
10,2,46,3.32961916924,4.25
10,2,56,6.43741703033,5.25
10,2,56,6.60121393204,5.25
10,2,10,4.39909124374,5.25
10,2,10,4.99368190765,5.25
10,2,67,6.01219511032,4.33333
10,2,67,5.57490873337,4.33333
10,2,20,3.24087524414,2.75
10,2,20,3.69661521912,2.75
10,2,45,2.54248857498,3.5
10,2,45,2.72752785683,3.5
10,2,9,5.27376174927,3.25
10,2,9,5.88163423538,3.25
10,2,66,2.87606191635,3.0
10,2,66,2.86448836327,3.0
10,2,27,3.66550993919,5.0
10,2,27,3.77502632141,5.0
10,2,44,6.1942896843,5.0
10,2,44,6.45556116104,5.0
10,2,8,3.75182509422,5.75
10,2,8,4.32337474823,5.75
11,1,5,4.95605182648,4.5
11,1,5,5.34997797012,4.5
11,1,94,4.37798118591,5.75
11,1,94,4.84904718399,5.75
11,1,23,5.55697202682,5.75
11,1,23,6.52829313278,5.75
11,1,32,4.85825681686,4.25
11,1,32,5.72318887711,4.25
11,1,50,5.61160421371,3.0
11,1,50,5.56192111969,3.0
11,1,75,3.03238916397,3.5
11,1,75,3.40490150452,3.5
11,1,4,6.5320558548,5.75
11,1,4,6.60057020187,5.75
11,1,93,4.63165712357,4.25
11,1,93,5.05608224869,4.25
11,1,22,6.49581098557,6.25
11,1,22,7.27712774277,6.25
11,1,47,3.31252861023,4.0
11,1,47,3.61256480217,4.0
11,1,49,3.0325756073,4.5
11,1,49,3.19129991531,4.5
11,1,74,4.00259923935,5.0
11,1,74,4.73620271683,5.0
11,1,92,3.8800201416,4.25
11,1,92,4.34528827667,4.25
11,1,21,4.91278982162,4.25
11,1,21,5.54923295975,4.25
11,1,46,3.14058041573,1.75
11,1,46,3.96489334106,1.75
11,1,48,1.7509304285,2.25
11,1,48,1.85639083385,2.25
11,1,73,4.981092453,5.25
11,1,73,5.60422372818,5.25
11,1,91,4.76660585403,5.5
11,1,91,5.36128759384,5.5
11,1,20,4.74656057358,5.5
11,1,20,5.36892461777,5.5
11,1,63,4.48654699326,6.25
11,1,63,4.91295385361,6.25
11,1,72,4.99937200546,4.75
11,1,72,5.5483789444,4.75
11,1,90,4.61062574387,4.25
11,1,90,5.1792011261,4.25
11,1,19,5.65531396866,6.25
11,1,19,6.42127561569,6.25
11,1,62,3.28810667992,5.0
11,1,62,3.91542601585,5.0
11,1,89,5.12899017334,5.0
11,1,89,5.34942722321,5.0
11,1,15,5.0539431572,3.5
11,1,15,6.35043764114,3.5
11,1,88,4.41706037521,3.75
11,1,88,4.66547489166,3.75
11,1,99,5.6564078331,6.25
11,1,99,6.13836622238,6.25
11,1,14,4.46608018875,4.25
11,1,14,5.28399753571,4.25
11,1,71,4.84322404861,4.75
11,1,71,5.28265190125,4.75
11,1,98,3.88062095642,4.5
11,1,98,4.22619724274,4.5
11,1,13,4.75538015366,5.25
11,1,13,5.47125673294,5.25
11,1,70,4.24904537201,5.0
11,1,70,5.4074716568,5.0
11,1,31,5.39123296738,5.5
11,1,31,6.26552915573,5.5
11,1,97,4.27713346481,3.75
11,1,97,4.79977178574,3.75
11,1,12,5.20293569565,5.5
11,1,12,6.02054691315,5.5
11,1,69,4.23554372787,4.0
11,1,69,5.1223154068,4.0
11,1,30,5.29026460648,4.25
11,1,30,6.26577329636,4.25
11,1,87,3.85271382332,2.75
11,1,87,3.91881299019,2.75
11,1,96,3.85300421715,4.75
11,1,96,4.03990745544,4.75
11,1,57,1.72416043282,2.5
11,1,57,1.43996846676,2.5
11,1,11,4.96001720428,4.5
11,1,11,4.76741933823,4.5
11,1,68,3.54480338097,4.25
11,1,68,3.82801866531,4.25
11,1,29,4.54850006104,5.5
11,1,29,5.48733329773,5.5
11,1,56,2.88917970657,2.25
11,1,56,3.09616398811,2.25
11,1,10,4.77083587646,4.66667
11,1,10,5.50654935837,4.66667
11,1,67,5.01383495331,6.25
11,1,67,4.95187091827,6.25
11,1,28,4.89187288284,4.5
11,1,28,5.44254827499,4.5
11,1,39,4.56810617447,5.0
11,1,39,5.13559627533,5.0
11,1,9,5.54502868652,4.0
11,1,9,6.05908107758,4.0
11,1,66,5.92916870117,3.25
11,1,66,5.3662276268,3.25
11,1,27,4.27891254425,4.5
11,1,27,4.65339422226,4.5
11,1,84,4.14192152023,3.5
11,1,84,4.62309837341,3.5
11,1,38,5.37883710861,4.5
11,1,38,6.06187295914,4.5
11,1,8,5.05986785889,4.25
11,1,8,5.47223472595,4.25
11,1,65,4.57144832611,4.25
11,1,65,4.73738241196,4.25
11,1,26,5.41333532333,4.0
11,1,26,5.85493755341,4.0
11,1,83,4.65901327133,3.5
11,1,83,5.49008321762,3.5
11,1,37,5.66718864441,3.75
11,1,37,5.78882646561,3.75
11,1,55,3.14601564407,4.0
11,1,55,3.31941843033,4.0
11,1,64,4.51232433319,5.0
11,1,64,4.64229726791,5.0
11,1,25,4.92656087875,5.0
11,1,25,6.01500892639,5.0
11,1,82,4.36515569687,4.5
11,1,82,5.19988203049,4.5
11,1,36,4.62838506699,5.0
11,1,36,5.22920274734,5.0
11,1,54,3.79137301445,2.5
11,1,54,4.33334112167,2.5
11,1,79,3.60193371773,4.5
11,1,79,4.08260679245,4.5
11,1,24,6.91499948502,3.25
11,1,24,8.15491104126,3.25
11,1,81,4.42652273178,4.5
11,1,81,4.6446928978,4.5
11,1,35,5.09547948837,4.5
11,1,35,5.26732492447,4.5
11,1,53,4.08144855499,5.25
11,1,53,4.67206335068,5.25
11,1,78,4.26792764664,5.0
11,1,78,5.29189443588,5.0
11,1,7,4.93144798279,4.25
11,1,7,5.45825576782,4.25
11,1,80,6.88527154922,6.0
11,1,80,6.95396280289,6.0
11,1,34,7.65297937393,4.5
11,1,34,7.61568069458,4.5
11,1,52,6.86739206314,4.25
11,1,52,6.88847875595,4.25
11,1,77,5.29192495346,6.0
11,1,77,5.86785364151,6.0
11,1,6,6.64503097534,5.0
11,1,6,6.53555250168,5.0
11,1,95,4.31453180313,4.25
11,1,95,4.92006969452,4.25
11,1,33,4.61821126938,5.0
11,1,33,5.66708707809,5.0
11,1,51,3.84539675713,4.75
11,1,51,4.10506296158,4.75
11,1,76,5.19107627869,4.0
11,1,76,5.70341300964,4.0
11,2,84,3.39091348648,4.75
11,2,84,3.00093102455,4.75
11,2,28,3.30852437019,4.5
11,2,28,4.25234270096,4.5
11,2,74,2.67049312592,4.25
11,2,74,2.52719140053,4.25
11,2,18,3.83874106407,4.0
11,2,18,4.37295675278,4.0
11,2,72,2.77890825272,4.25
11,2,72,3.32619786263,4.25
11,2,63,1.84516048431,2.75
11,2,63,1.97068274021,2.75
11,2,78,3.73487401009,5.5
11,2,78,4.04624843597,5.5
11,2,61,2.47210550308,3.25
11,2,61,2.52758860588,3.25
11,2,22,4.0142621994,3.75
11,2,22,3.95156550407,3.75
11,2,76,3.78450274467,5.5
11,2,76,3.70778155327,5.5
11,2,51,4.60107135773,4.5
11,2,51,5.06153392792,4.5
11,2,20,4.40095663071,4.75
11,2,20,4.64770364761,4.75
11,2,105,4.39303350449,4.5
11,2,105,4.44374465942,4.5
11,2,66,1.85398352146,1.75
11,2,66,2.23110175133,1.75
11,2,49,4.01582145691,2.75
11,2,49,3.76293253899,2.75
11,2,10,3.24942517281,4.75
11,2,10,3.5193169117,4.75
11,2,111,3.59890341759,4.5
11,2,111,3.11316895485,4.5
11,2,64,3.34586906433,4.25
11,2,64,3.44470763206,4.25
11,2,55,4.40079450607,4.5
11,2,55,4.51041889191,4.5
11,2,8,3.80648469925,5.0
11,2,8,4.42308950424,5.0
11,2,109,4.62812566757,4.75
11,2,109,5.23479270935,4.75
11,2,53,3.49959683418,4.5
11,2,53,3.44123244286,4.5
11,2,99,4.65728664398,5.5
11,2,99,4.64124250412,5.5
11,2,68,3.78097772598,4.0
11,2,68,3.86259651184,4.0
11,2,43,4.02227735519,5.25
11,2,43,3.69557499886,5.25
11,2,12,2.56066322327,2.25
11,2,12,2.68378639221,2.25
11,2,97,3.30332684517,3.75
11,2,97,3.17194437981,3.75
11,2,41,3.61370849609,4.75
11,2,41,4.31622028351,4.75
11,2,103,4.43040561676,5.25
11,2,103,4.5928606987,5.25
11,2,47,4.44702148438,4.0
11,2,47,4.80942487717,4.0
11,2,101,3.87380862236,4.75
11,2,101,3.99549341202,4.75
11,2,45,3.15152335167,4.25
11,2,45,3.38175702095,4.25
11,2,6,3.94134902954,5.5
11,2,6,3.50669932365,5.5
11,2,91,3.38138008118,4.5
11,2,91,3.31344079971,4.5
11,2,35,3.74667549133,3.75
11,2,35,3.51928710938,3.75
11,2,4,3.47346663475,4.0
11,2,4,3.13536572456,4.0
11,2,89,3.56540226936,4.75
11,2,89,3.52090907097,4.75
11,2,33,3.57881355286,4.25
11,2,33,3.50045180321,4.25
11,2,95,3.58074498177,4.0
11,2,95,3.07909750938,4.0
11,2,39,3.31617808342,4.5
11,2,39,4.0228471756,4.5
11,2,93,4.15437746048,5.0
11,2,93,4.15632009506,5.0
11,2,37,4.59434461594,5.0
11,2,37,5.00325107574,5.0
11,2,83,3.91596961021,4.0
11,2,83,3.75355029106,4.0
11,2,27,3.82780432701,5.5
11,2,27,4.04328536987,5.5
11,2,81,1.78399944305,3.0
11,2,81,1.37654614449,3.0
11,2,25,3.73155260086,5.0
11,2,25,4.11051845551,5.0
11,2,87,4.76990652084,4.25
11,2,87,4.82435560226,4.25
11,2,31,4.60780096054,5.0
11,2,31,5.43920326233,5.0
11,2,85,3.40357589722,5.0
11,2,85,3.87453961372,5.0
11,2,56,3.54644322395,4.75
11,2,56,3.45907068253,4.75
11,2,29,3.39236521721,4.75
11,2,29,3.61462473869,4.75
11,2,75,1.33737111092,2.5
11,2,75,1.60944974422,2.5
11,2,62,0.241487339139,1.75
11,2,62,0.924969792366,1.75
11,2,19,4.40931510925,5.25
11,2,19,4.39596700668,5.25
11,2,73,3.28070044518,4.25
11,2,73,2.9307847023,4.25
11,2,60,1.44989097118,2.5
11,2,60,1.05710744858,2.5
11,2,17,3.03028440475,3.75
11,2,17,3.78128623962,3.75
11,2,106,3.97984576225,3.0
11,2,106,3.75091052055,3.0
11,2,79,2.49056267738,4.25
11,2,79,3.25592017174,4.25
11,2,50,4.16852664948,4.25
11,2,50,4.49209547043,4.25
11,2,23,2.99090456963,5.75
11,2,23,3.31496930122,5.75
11,2,104,4.54965353012,6.0
11,2,104,4.8675661087,6.0
11,2,77,3.68172264099,4.5
11,2,77,4.518222332,4.5
11,2,48,3.84320902824,6.5
11,2,48,4.30115461349,6.5
11,2,21,4.89058256149,6.25
11,2,21,5.33272266388,6.25
11,2,110,4.74747991562,4.75
11,2,110,4.89370298386,4.75
11,2,67,3.43379831314,4.75
11,2,67,3.62568020821,4.75
11,2,54,2.39193701744,3.75
11,2,54,1.97638547421,3.75
11,2,11,0.485565751791,2.5
11,2,11,0.413881540298,2.5
11,2,65,2.70837235451,2.5
11,2,65,2.9208509922,2.5
11,2,52,4.65891647339,5.0
11,2,52,5.42394971848,5.0
11,2,9,4.05712842941,3.5
11,2,9,4.18211126328,3.5
11,2,98,3.15055918694,5.0
11,2,98,3.33331918716,5.0
11,2,42,3.79375648499,4.75
11,2,42,3.95196652412,4.75
11,2,96,4.17965650558,5.0
11,2,96,4.45549201965,5.0
11,2,69,2.90880084038,3.25
11,2,69,3.22190260887,3.25
11,2,40,3.56667375565,4.25
11,2,40,3.39874577522,4.25
11,2,102,3.85290336609,3.75
11,2,102,4.02751874924,3.75
11,2,46,3.98413896561,4.25
11,2,46,4.58021259308,4.25
11,2,3,2.98228669167,5.0
11,2,3,2.6277179718,5.0
11,2,100,4.07048940659,4.5
11,2,100,4.44519901276,4.5
11,2,44,4.73387718201,5.5
11,2,44,5.05355787277,5.5
11,2,90,4.16065073013,3.25
11,2,90,4.45243501663,3.25
11,2,34,4.12880277634,6.5
11,2,34,4.19434118271,6.5
11,2,7,1.91890490055,0.75
11,2,7,1.79119610786,0.75
11,2,88,3.29537081718,5.0
11,2,88,3.13935828209,5.0
11,2,32,4.09290409088,5.25
11,2,32,4.58406543732,5.25
11,2,5,2.60871338844,2.25
11,2,5,2.70131754875,2.25
11,2,94,3.26852345467,4.25
11,2,94,3.55616044998,4.25
11,2,38,3.12575554848,4.25
11,2,38,3.77526712418,4.25
11,2,92,4.08868169785,5.5
11,2,92,4.18578577042,5.5
11,2,36,4.46524381638,4.25
11,2,36,4.36024618149,4.25
11,2,82,3.19260191917,4.75
11,2,82,3.72247314453,4.75
11,2,26,3.31082129478,3.5
11,2,26,3.73063254356,3.5
11,2,80,1.44417333603,3.75
11,2,80,1.75724875927,3.75
11,2,24,3.51907420158,5.0
11,2,24,3.5622947216,5.0
11,2,86,4.1029920578,5.75
11,2,86,4.30672121048,5.75
11,2,30,3.59584474564,4.0
11,2,30,3.59552931786,4.0
12,1,60,2.94941210747,3.75
12,1,60,2.88551425934,3.75
12,1,25,2.29852318764,5.75
12,1,25,2.55717468262,5.75
12,1,83,3.86110234261,5.5
12,1,83,3.93737673759,5.5
12,1,62,0.500068128109,2.5
12,1,62,0.776890516281,2.5
12,1,27,2.95413470268,4.5
12,1,27,3.20340585709,4.5
12,1,77,2.81971144676,4.75
12,1,77,2.71197390556,4.75
12,1,21,3.83509755135,4.5
12,1,21,3.93959546089,4.5
12,1,79,3.41954040527,4.25
12,1,79,3.02954936028,4.25
12,1,23,1.79392147064,3.5
12,1,23,2.41592526436,3.5
12,1,108,3.08879685402,3.25
12,1,108,3.06087756157,3.25
12,1,73,3.58813285828,4.25
12,1,73,3.41939854622,4.25
12,1,17,2.99919557571,5.0
12,1,17,2.98983311653,5.0
12,1,110,3.04851031303,5.0
12,1,110,2.85242986679,5.0
12,1,75,3.84870219231,5.25
12,1,75,3.91477823257,5.25
12,1,54,3.39214777946,4.75
12,1,54,3.82214999199,4.75
12,1,19,4.26679420471,3.75
12,1,19,4.26670408249,3.75
12,1,104,2.37474536896,2.5
12,1,104,2.28403282166,2.5
12,1,69,3.73281860352,3.75
12,1,69,3.88203310966,3.75
12,1,48,3.39016008377,4.5
12,1,48,3.82963609695,4.5
12,1,106,0.938053607941,1.25
12,1,106,0.891641616821,1.25
12,1,100,2.40313482285,2.75
12,1,100,2.32724952698,2.75
12,1,65,2.80361008644,4.5
12,1,65,3.03340172768,4.5
12,1,44,3.67025351524,5.5
12,1,44,3.71896743774,5.5
12,1,9,4.18330717087,4.75
12,1,9,4.29569864273,4.75
12,1,102,2.93121218681,4.5
12,1,102,3.01361918449,4.5
12,1,67,0.8456351161,2.75
12,1,67,0.635345935822,2.75
12,1,46,2.57240462303,3.5
12,1,46,3.1633579731,3.5
12,1,11,2.91271400452,5.0
12,1,11,2.96591448784,5.0
12,1,96,3.26779937744,3.25
12,1,96,2.80540132523,3.25
12,1,40,3.13385176659,4.25
12,1,40,3.28702807426,4.25
12,1,5,3.60208559036,6.0
12,1,5,3.77775382996,6.0
12,1,98,3.54176688194,3.75
12,1,98,3.45812273026,3.75
12,1,42,3.89980769157,4.25
12,1,42,3.82584929466,4.25
12,1,7,3.89513325691,6.25
12,1,7,4.16180753708,6.25
12,1,92,3.18382358551,3.25
12,1,92,3.2722492218,3.25
12,1,36,2.7533864975,5.0
12,1,36,2.92848014832,5.0
12,1,38,2.94620776176,5.5
12,1,38,3.3376121521,5.5
12,1,3,3.66406416893,6.0
12,1,3,3.89042544365,6.0
12,1,88,3.29118037224,4.5
12,1,88,3.47750592232,4.5
12,1,32,2.31774687767,5.25
12,1,32,2.47819495201,5.25
12,1,90,2.94963788986,4.0
12,1,90,3.19800162315,4.0
12,1,34,2.71988463402,5.5
12,1,34,2.87689137459,5.5
12,1,84,4.41369104385,4.5
12,1,84,4.3821849823,4.5
12,1,28,1.90489578247,5.0
12,1,28,1.82609117031,5.0
12,1,86,2.92513871193,3.0
12,1,86,3.06701540947,3.0
12,1,30,1.8143415451,4.0
12,1,30,2.30174994469,4.0
12,1,80,2.71391630173,4.0
12,1,80,2.36802101135,4.0
12,1,24,2.0534183979,5.25
12,1,24,1.9435147047,5.25
12,1,82,3.36662077904,4.0
12,1,82,3.1868493557,4.0
12,1,61,2.86814308167,4.0
12,1,61,2.78396296501,4.0
12,1,26,3.43074536324,5.0
12,1,26,3.53964018822,5.0
12,1,76,3.28056144714,4.0
12,1,76,3.72049117088,4.0
12,1,63,1.51455628872,3.0
12,1,63,1.56910455227,3.0
12,1,20,3.22168278694,4.75
12,1,20,3.59804415703,4.75
12,1,78,4.14687156677,6.0
12,1,78,4.2964720726,6.0
12,1,22,3.66768717766,4.5
12,1,22,3.65766453743,4.5
12,1,72,3.21949052811,3.25
12,1,72,3.62203288078,3.25
12,1,16,2.64601945877,5.25
12,1,16,2.85396075249,5.25
12,1,109,3.09096264839,3.5
12,1,109,2.55485987663,3.5
12,1,74,3.69542884827,5.0
12,1,74,3.78593182564,5.0
12,1,53,2.75516176224,4.5
12,1,53,3.12760615349,4.5
12,1,18,1.64310991764,4.25
12,1,18,2.12589526176,4.25
12,1,111,2.4189786911,2.75
12,1,111,2.61135220528,2.75
12,1,68,3.38179636002,4.25
12,1,68,3.34731531143,4.25
12,1,55,2.37133598328,5.0
12,1,55,2.72772479057,5.0
12,1,12,3.84688353539,5.75
12,1,12,4.08531522751,5.75
12,1,105,1.90573048592,3.25
12,1,105,1.98195588589,3.25
12,1,49,2.74047160149,4.75
12,1,49,2.87264084816,4.75
12,1,107,3.09879970551,4.5
12,1,107,2.94875574112,4.5
12,1,64,2.76213932037,4.0
12,1,64,3.05024862289,4.0
12,1,8,4.46470308304,5.25
12,1,8,4.58764219284,5.25
12,1,101,2.36325311661,3.25
12,1,101,2.29930686951,3.25
12,1,66,2.59443020821,3.0
12,1,66,2.31327009201,3.0
12,1,45,2.89925932884,5.0
12,1,45,3.0447769165,5.0
12,1,10,3.92154932022,5.25
12,1,10,3.93587660789,5.25
12,1,103,3.28678178787,4.5
12,1,103,3.13231945038,4.5
12,1,47,2.95542359352,5.5
12,1,47,3.04460597038,5.5
12,1,4,3.84491467476,6.25
12,1,4,4.21774625778,6.25
12,1,97,3.13288879395,4.25
12,1,97,2.71462035179,4.25
12,1,41,2.61538481712,3.75
12,1,41,2.63851714134,3.75
12,1,6,3.86929297447,5.0
12,1,6,4.0177359581,5.0
12,1,99,1.61404597759,1.75
12,1,99,1.74268913269,1.75
12,1,43,2.96252083778,4.75
12,1,43,3.20350265503,4.75
12,1,93,2.66840338707,3.75
12,1,93,2.60388565063,3.75
12,1,37,3.42030787468,4.5
12,1,37,3.61609697342,4.5
12,1,2,3.7799217701,6.5
12,1,2,3.90383982658,6.5
12,1,39,3.04493761063,5.75
12,1,39,3.19767642021,5.75
12,1,89,2.55872321129,3.5
12,1,89,2.55224823952,3.5
12,1,33,1.90888059139,4.25
12,1,33,2.27011752129,4.25
12,1,91,2.8796184063,4.5
12,1,91,3.38243865967,4.5
12,1,35,1.82606911659,4.0
12,1,35,2.3406162262,4.0
12,1,85,3.93009829521,4.75
12,1,85,4.24657964706,4.75
12,1,29,0.925968766212,2.75
12,1,29,1.18182134628,2.75
12,1,87,3.27609825134,5.0
12,1,87,3.1584379673,5.0
12,1,31,3.63003206253,5.0
12,1,31,4.16228914261,5.0
12,1,81,2.54462122917,4.0
12,1,81,2.6807217598,4.0
12,2,14,2.59172987938,4.25
12,2,14,2.08353590965,4.25
12,2,37,1.80257284641,3.5
12,2,37,1.83668708801,3.5
12,2,64,0.554336965084,1.5
12,2,64,-0.0745983272791,1.5
12,2,8,1.85774505138,4.0
12,2,8,1.98743534088,4.0
12,2,39,0.413230717182,2.0
12,2,39,0.696995198727,2.0
12,2,66,0.747435927391,1.0
12,2,66,0.585262358189,1.0
12,2,10,2.74228644371,4.25
12,2,10,2.46253085136,4.25
12,2,33,1.94887447357,3.75
12,2,33,1.97235238552,3.75
12,2,4,1.82406389713,4.0
12,2,4,1.58268535137,4.0
12,2,35,1.9077450037,3.0
12,2,35,1.59074270725,3.0
12,2,6,1.85356366634,3.5
12,2,6,1.67410874367,3.5
12,2,93,0.878910243511,5.0
12,2,93,1.0235055685,5.0
12,2,95,1.24360787868,4.75
12,2,95,1.25483870506,4.75
12,2,89,1.74906146526,3.75
12,2,89,2.15482187271,3.75
12,2,116,1.87182796001,3.0
12,2,116,1.45839226246,3.0
12,2,91,1.82067811489,4.5
12,2,91,1.8666229248,4.5
12,2,62,0.66477560997,1.75
12,2,62,0.205240949988,1.75
12,2,85,1.24649941921,4.75
12,2,85,1.19433104992,4.75
12,2,112,1.999756217,3.75
12,2,112,2.13742518425,3.75
12,2,29,1.93766784668,3.0
12,2,29,1.96116793156,3.0
12,2,56,2.24130225182,5.0
12,2,56,2.21133303642,5.0
12,2,87,2.08176875114,4.75
12,2,87,1.48427093029,4.75
12,2,114,1.38097679615,3.5
12,2,114,1.429443717,3.5
12,2,31,1.87368392944,4.75
12,2,31,1.96107637882,4.75
12,2,58,1.94616889954,3.75
12,2,58,2.15968632698,3.75
12,2,81,2.37058973312,5.5
12,2,81,2.34362888336,5.5
12,2,108,1.05513989925,2.0
12,2,108,0.949514508247,2.0
12,2,25,2.30263352394,4.75
12,2,25,2.0165886879,4.75
12,2,52,2.15003418922,4.75
12,2,52,2.00020122528,4.75
12,2,83,1.05623662472,3.75
12,2,83,1.0749245882,3.75
12,2,110,0.850551724434,2.25
12,2,110,0.213374421,2.25
12,2,27,2.41880345345,4.5
12,2,27,2.34520888329,4.5
12,2,54,2.26041221619,4.5
12,2,54,1.97347223759,4.5
12,2,77,1.90342009068,5.0
12,2,77,1.67026674747,5.0
12,2,104,1.40289258957,2.0
12,2,104,1.52020323277,2.0
12,2,21,1.38069689274,3.75
12,2,21,1.82964038849,3.75
12,2,48,2.44815349579,4.5
12,2,48,2.33089208603,4.5
12,2,79,1.53689563274,3.75
12,2,79,1.65926015377,3.75
12,2,106,0.994814991951,3.5
12,2,106,1.17956626415,3.5
12,2,23,2.27600979805,5.25
12,2,23,2.16451144218,5.25
12,2,50,2.44627475739,4.75
12,2,50,2.62947630882,4.75
12,2,73,0.750275433064,2.0
12,2,73,0.539368093014,2.0
12,2,100,0.909905135632,2.5
12,2,100,0.986796379089,2.5
12,2,44,2.00716972351,3.75
12,2,44,1.67870736122,3.75
12,2,102,0.717702746391,1.75
12,2,102,0.778885483742,1.75
12,2,19,2.04341697693,4.5
12,2,19,2.04380965233,4.5
12,2,46,2.99067378044,4.25
12,2,46,2.74465179443,4.25
12,2,69,0.562447965145,2.25
12,2,69,0.307648748159,2.25
12,2,96,1.95286619663,4.75
12,2,96,1.9747825861,4.75
12,2,13,1.92994534969,3.5
12,2,13,1.58167779446,3.5
12,2,40,2.34329199791,3.5
12,2,40,2.74987721443,3.5
12,2,71,-0.0741469413042,1.5
12,2,71,-0.571552932262,1.5
12,2,98,2.05170726776,2.75
12,2,98,2.1009247303,2.75
12,2,42,2.30107855797,3.5
12,2,42,2.26658725739,3.5
12,2,65,0.116403020918,2.25
12,2,65,0.11644577235,2.25
12,2,9,1.36399316788,4.0
12,2,9,1.51349198818,4.0
12,2,36,0.858865439892,5.75
12,2,36,1.18618869781,5.75
12,2,67,0.794777035713,3.0
12,2,67,0.900529503822,3.0
12,2,11,1.67545163631,5.0
12,2,11,1.42328667641,5.0
12,2,5,1.71387767792,5.25
12,2,5,1.71775591373,5.25
12,2,32,1.89896774292,3.25
12,2,32,2.17330050468,3.25
12,2,7,1.59589183331,5.0
12,2,7,1.76510703564,5.0
12,2,34,2.28593730927,4.25
12,2,34,2.16265821457,4.25
12,2,92,1.85887944698,3.5
12,2,92,1.88052654266,3.5
12,2,3,0.712729692459,3.75
12,2,3,0.473513036966,3.75
12,2,94,1.16936647892,2.5
12,2,94,0.908408343792,2.5
12,2,88,1.36163938046,5.0
12,2,88,1.28156220913,5.0
12,2,90,1.78625416756,3.25
12,2,90,1.97409880161,3.25
12,2,113,1.83211767673,3.25
12,2,113,2.10191035271,3.25
12,2,57,3.37407279015,4.75
12,2,57,3.3734767437,4.75
12,2,84,1.3395627737,4.25
12,2,84,1.03310263157,4.25
12,2,115,1.16518878937,2.75
12,2,115,1.18282580376,2.75
12,2,28,1.01539433002,4.75
12,2,28,1.2234685421,4.75
12,2,59,2.7948307991,5.0
12,2,59,2.59208059311,5.0
12,2,86,0.932271957397,4.0
12,2,86,0.938307702541,4.0
12,2,109,1.5238699913,3.25
12,2,109,1.64876043797,3.25
12,2,30,2.18751215935,4.5
12,2,30,2.23533415794,4.5
12,2,53,2.6870162487,3.75
12,2,53,2.65519142151,3.75
12,2,80,1.8064647913,5.25
12,2,80,1.78468537331,5.25
12,2,111,2.34431266785,4.0
12,2,111,1.96769368649,4.0
12,2,24,2.24853873253,4.25
12,2,24,2.46045660973,4.25
12,2,55,2.93021965027,4.5
12,2,55,2.90961575508,4.5
12,2,82,0.868761062622,2.5
12,2,82,0.526842534542,2.5
12,2,105,2.19350504875,4.0
12,2,105,2.17777109146,4.0
12,2,26,2.03941082954,2.75
12,2,26,1.92884194851,2.75
12,2,49,2.69829010963,5.25
12,2,49,2.78847241402,5.25
12,2,107,1.19751787186,2.25
12,2,107,1.2342389822,2.25
12,2,20,2.6528866291,4.0
12,2,20,2.68211007118,4.0
12,2,51,1.08212900162,3.0
12,2,51,1.01017045975,3.0
12,2,78,1.39064538479,4.0
12,2,78,1.48195064068,4.0
12,2,101,1.97727715969,3.0
12,2,101,1.85987746716,3.0
12,2,22,2.91244530678,5.0
12,2,22,2.8691072464,5.0
12,2,45,3.10304331779,4.0
12,2,45,2.61975741386,4.0
12,2,103,1.135461092,2.5
12,2,103,1.25347340107,2.5
12,2,47,1.95364892483,4.75
12,2,47,1.87270987034,4.75
12,2,97,1.67162263393,1.5
12,2,97,1.81464314461,1.5
12,2,41,2.17546582222,5.25
12,2,41,2.19606137276,5.25
12,2,68,0.111007168889,2.0
12,2,68,-0.270901918411,2.0
12,2,99,1.13820433617,3.25
12,2,99,1.31667745113,3.25
12,2,12,2.45290064812,5.25
12,2,12,2.57693266869,5.25
12,2,43,2.32177424431,4.5
12,2,43,2.34358000755,4.5
12,2,70,-0.061604835093,1.25
12,2,70,-0.322188228369,1.25
16,2,107,4.21259784698,3.25
16,2,107,4.2029542923,3.25
16,2,78,3.09086441994,4.25
16,2,78,3.27840209007,4.25
16,2,37,2.71255540848,4.5
16,2,37,2.74834704399,4.5
16,2,109,2.22591042519,4.5
16,2,109,1.92157864571,4.5
16,2,39,3.69319844246,2.25
16,2,39,3.35475969315,2.25
16,2,111,2.61167120934,3.5
16,2,111,2.53934121132,3.5
16,2,66,4.01814413071,5.75
16,2,66,3.81594896317,5.75
16,2,25,3.17883086205,3.0
16,2,25,2.97553873062,3.0
16,2,97,3.65025401115,2.75
16,2,97,3.43644022942,2.75
16,2,68,3.0646173954,1.25
16,2,68,2.78465485573,1.25
16,2,27,4.52464675903,4.25
16,2,27,4.47041654587,4.25
16,2,99,3.74364089966,3.25
16,2,99,2.90819907188,3.25
16,2,70,1.85828483105,1.75
16,2,70,1.37220036983,1.75
16,2,29,3.66748976707,2.0
16,2,29,4.03465270996,2.0
16,2,101,4.24786901474,5.0
16,2,101,4.40971231461,5.0
16,2,56,3.0411157608,4.75
16,2,56,3.09657740593,4.75
16,2,31,2.96413397789,2.0
16,2,31,2.54804134369,2.0
16,2,103,3.28333330154,3.25
16,2,103,2.95169091225,3.25
16,2,58,3.40734982491,2.25
16,2,58,3.25575232506,2.25
16,2,89,2.4400832653,1.75
16,2,89,2.62399840355,1.75
16,2,60,3.87915039062,3.0
16,2,60,3.94863247871,3.0
16,2,91,2.62032198906,3.25
16,2,91,2.31050777435,3.25
16,2,21,3.39594078064,3.75
16,2,21,3.25046515465,3.75
16,2,93,3.9174861908,4.0
16,2,93,4.27091693878,4.0
16,2,48,4.02867078781,3.25
16,2,48,4.11180639267,3.25
16,2,23,3.60339093208,2.5
16,2,23,3.46404457092,2.5
16,2,95,4.15676021576,3.5
16,2,95,4.26419115067,3.5
16,2,50,2.39438509941,2.25
16,2,50,2.3464243412,2.25
16,2,9,3.83845210075,3.5
16,2,9,3.8804473877,3.5
16,2,81,2.21298861504,2.5
16,2,81,2.23684000969,2.5
16,2,52,2.13081932068,2.25
16,2,52,1.68402898312,2.25
16,2,11,4.34865140915,4.5
16,2,11,4.45591020584,4.5
16,2,83,2.33681368828,4.5
16,2,83,1.64338970184,4.5
16,2,54,3.10245299339,1.25
16,2,54,2.97270607948,1.25
16,2,13,4.18389368057,4.5
16,2,13,4.53309488297,4.5
16,2,85,2.52212023735,3.5
16,2,85,2.01646184921,3.5
16,2,40,3.24045825005,2.0
16,2,40,3.21786737442,2.0
16,2,15,2.69694757462,4.25
16,2,15,2.72326016426,4.25
16,2,112,1.83657455444,1.5
16,2,112,1.57007157803,1.5
16,2,87,2.20674467087,3.5
16,2,87,2.05835962296,3.5
16,2,42,2.46632504463,2.5
16,2,42,1.7535790205,2.5
16,2,114,4.19487142563,3.5
16,2,114,3.86616444588,3.5
16,2,73,2.56811642647,4.0
16,2,73,2.69119048119,4.0
16,2,44,3.49108886719,2.75
16,2,44,3.1564013958,2.75
16,2,116,3.29799437523,4.0
16,2,116,3.31538629532,4.0
16,2,46,2.93102550507,2.5
16,2,46,2.73171830177,2.5
16,2,5,2.50128340721,4.0
16,2,5,2.22498083115,4.0
16,2,77,2.61597776413,5.5
16,2,77,2.34607410431,5.5
16,2,32,3.49471831322,2.75
16,2,32,3.66555094719,2.75
16,2,7,4.28690195084,5.0
16,2,7,4.68614339828,5.0
16,2,104,4.41309261322,1.75
16,2,104,4.30737495422,1.75
16,2,79,2.841121912,5.0
16,2,79,2.9457449913,5.0
16,2,34,2.8819463253,2.25
16,2,34,3.34769129753,2.25
16,2,106,3.13500642776,2.75
16,2,106,2.77041125298,2.75
16,2,65,4.30105924606,5.0
16,2,65,4.26906442642,5.0
16,2,36,2.82235646248,3.75
16,2,36,3.38948130608,3.75
16,2,108,0.449857443571,2.75
16,2,108,0.629349112511,2.75
16,2,67,1.79997253418,3.5
16,2,67,1.89568507671,3.5
16,2,38,2.51998114586,4.0
16,2,38,2.65570282936,4.0
16,2,110,3.17582988739,2.25
16,2,110,3.02735829353,2.25
16,2,69,3.23981451988,1.75
16,2,69,2.39195728302,1.75
16,2,24,4.68439054489,3.5
16,2,24,5.00811910629,3.5
16,2,96,2.14868330956,3.5
16,2,96,2.0321996212,3.5
16,2,71,3.83964419365,4.0
16,2,71,3.22565150261,4.0
16,2,26,3.61218833923,3.25
16,2,26,3.41182255745,3.25
16,2,98,3.82220888138,4.5
16,2,98,4.14578437805,4.5
16,2,57,2.59606051445,3.0
16,2,57,2.48016142845,3.0
16,2,28,3.50790905952,3.25
16,2,28,3.83777117729,3.25
16,2,100,1.44508039951,3.25
16,2,100,1.59970223904,3.25
16,2,59,2.79203057289,3.0
16,2,59,2.74739980698,3.0
16,2,30,3.58656740189,3.0
16,2,30,3.67090773582,3.0
16,2,102,3.0931084156,1.75
16,2,102,2.86384034157,1.75
16,2,61,3.58211064339,2.5
16,2,61,3.79758429527,2.5
16,2,88,3.66985058784,3.75
16,2,88,3.83580780029,3.75
16,2,90,1.26820170879,1.75
16,2,90,1.19641411304,1.75
16,2,49,2.98493528366,2.75
16,2,49,2.86402273178,2.75
16,2,92,3.69211006165,2.5
16,2,92,3.68766140938,2.5
16,2,51,3.4238922596,3.5
16,2,51,3.53499984741,3.5
16,2,22,2.52634096146,1.75
16,2,22,2.38073039055,1.75
16,2,94,1.97257995605,4.0
16,2,94,2.04812884331,4.0
16,2,53,3.22775268555,4.0
16,2,53,3.07695269585,4.0
16,2,8,2.97498083115,3.25
16,2,8,2.65783691406,3.25
16,2,80,2.88053846359,4.0
16,2,80,2.93535113335,4.0
16,2,55,2.72026228905,4.0
16,2,55,2.96429991722,4.0
16,2,10,3.59006690979,5.5
16,2,10,3.83938097954,5.5
16,2,82,2.95567202568,2.25
16,2,82,2.82628631592,2.25
16,2,41,3.79347777367,1.75
16,2,41,3.39978289604,1.75
16,2,12,3.91152191162,5.5
16,2,12,3.91494107246,5.5
16,2,113,2.96919584274,2.5
16,2,113,2.47815871239,2.5
16,2,84,1.34858155251,3.75
16,2,84,1.54647409916,3.75
16,2,43,2.50110006332,2.25
16,2,43,2.42056775093,2.25
16,2,14,3.67425775528,4.0
16,2,14,3.39576005936,4.0
16,2,115,2.76979780197,2.75
16,2,115,2.97376465797,2.75
16,2,86,3.079600811,4.5
16,2,86,3.97110915184,4.5
16,2,45,2.89715099335,3.0
16,2,45,2.95067286491,3.0
16,2,72,2.18309736252,2.25
16,2,72,1.93926203251,2.25
16,2,47,3.2854206562,1.75
16,2,47,3.03665757179,1.75
16,2,33,3.42390489578,1.5
16,2,33,3.40449786186,1.5
16,2,105,2.53444814682,3.75
16,2,105,3.41191673279,3.75
16,2,76,3.36810874939,3.0
16,2,76,3.29073500633,3.0
16,2,35,4.00797224045,2.5
16,2,35,4.1825094223,2.5
16,2,6,3.21131634712,4.5
16,2,6,3.52249455452,4.5
17,1,87,4.0055103302,2.5
17,1,87,3.89318847656,2.5
17,1,56,3.91419959068,3.25
17,1,56,3.85367560387,3.25
17,1,31,1.05745530128,4.0
17,1,31,1.22362220287,4.0
17,1,73,3.71725535393,4.25
17,1,73,3.18873882294,4.25
17,1,17,5.15167999268,3.0
17,1,17,5.1709856987,3.0
17,1,75,1.20783817768,1.75
17,1,75,0.856406152248,1.75
17,1,60,0.909602761269,3.0
17,1,60,0.82762670517,3.0
17,1,19,4.72537469864,4.0
17,1,19,4.64186143875,4.0
17,1,77,2.05909705162,3.5
17,1,77,1.75127565861,3.5
17,1,62,0.140789926052,1.75
17,1,62,-0.168340966105,1.75
17,1,21,2.94176983833,2.5
17,1,21,2.4186604023,2.5
17,1,104,3.42547726631,3.25
17,1,104,3.50519371033,3.25
17,1,79,4.07880115509,3.25
17,1,79,3.79241943359,3.25
17,1,23,5.3618388176,2.5
17,1,23,5.39215230942,2.5
17,1,106,3.55978965759,2.75
17,1,106,2.97318506241,2.75
17,1,65,0.228432223201,1.25
17,1,65,-0.186523154378,1.25
17,1,50,2.72129011154,3.75
17,1,50,2.80394816399,3.75
17,1,9,-0.0820788964629,1.5
17,1,9,-0.511895358562,1.5
17,1,108,2.32716703415,2.5
17,1,108,2.10398006439,2.5
17,1,67,1.80464196205,3.0
17,1,67,1.54338943958,3.0
17,1,52,3.73591399193,2.75
17,1,52,3.58237528801,2.75
17,1,11,0.000887799251359,1.5
17,1,11,-0.259665757418,1.5
17,1,110,2.24347162247,3.5
17,1,110,1.60649549961,3.5
17,1,69,1.32515275478,2.5
17,1,69,1.19797122478,2.5
17,1,54,3.33291125298,3.25
17,1,54,3.12119674683,3.25
17,1,96,2.5480697155,1.5
17,1,96,2.52738666534,1.5
17,1,40,4.39268875122,3.0
17,1,40,4.68991613388,3.0
17,1,98,2.7229654789,3.5
17,1,98,2.72600293159,3.5
17,1,42,0.945191085339,3.75
17,1,42,0.902968049049,3.75
17,1,100,5.01233720779,2.75
17,1,100,5.08183431625,2.75
17,1,44,2.89422345161,3.5
17,1,44,3.21949052811,3.5
17,1,102,2.18157720566,3.75
17,1,102,2.44053435326,3.75
17,1,46,2.05766892433,4.0
17,1,46,1.81008553505,4.0
17,1,5,1.98813211918,2.75
17,1,5,1.73903787136,2.75
17,1,88,3.13018989563,4.25
17,1,88,3.78182578087,4.25
17,1,32,3.96962404251,4.5
17,1,32,4.25244045258,4.5
17,1,7,2.66316533089,2.75
17,1,7,2.51697802544,2.75
17,1,90,2.53972506523,5.5
17,1,90,2.22434663773,5.5
17,1,34,1.01199305058,3.25
17,1,34,0.73750269413,3.25
17,1,92,3.08528780937,5.25
17,1,92,2.61019706726,5.25
17,1,36,2.73335051537,2.75
17,1,36,2.76023960114,2.75
17,1,94,4.34798002243,3.5
17,1,94,4.29007673264,3.5
17,1,38,3.07599854469,2.25
17,1,38,3.01049757004,2.25
17,1,80,4.13329219818,4.25
17,1,80,4.43005514145,4.25
17,1,24,4.12015628815,3.25
17,1,24,4.17388629913,3.25
17,1,82,2.56127429008,5.0
17,1,82,2.72866129875,5.0
17,1,26,2.95143675804,3.0
17,1,26,3.22302436829,3.0
17,1,84,3.90242123604,4.25
17,1,84,3.69892477989,4.25
17,1,28,4.43363618851,4.25
17,1,28,4.32271814346,4.25
17,1,86,2.10981988907,4.0
17,1,86,2.54533815384,4.0
17,1,59,0.305682837963,2.5
17,1,59,-0.0187973175198,2.5
17,1,30,1.9575766325,5.25
17,1,30,1.98891699314,5.25
17,1,72,2.80842471123,5.25
17,1,72,2.87332582474,5.25
17,1,61,1.05465066433,2.25
17,1,61,0.933151185513,2.25
17,1,74,3.0081012249,3.25
17,1,74,2.84177517891,3.25
17,1,63,1.2141815424,1.75
17,1,63,0.879954338074,1.75
17,1,18,2.93474555016,2.75
17,1,18,2.9795768261,2.75
17,1,105,2.787555933,3.75
17,1,105,2.69021844864,3.75
17,1,76,3.39182853699,4.5
17,1,76,2.96663475037,4.5
17,1,20,2.22631239891,3.5
17,1,20,2.47440242767,3.5
17,1,107,2.43507456779,3.25
17,1,107,2.02537178993,3.25
17,1,78,2.31558537483,4.25
17,1,78,2.28126215935,4.25
17,1,51,3.98036241531,3.0
17,1,51,3.79727482796,3.0
17,1,22,2.21933078766,3.0
17,1,22,2.12572002411,3.0
17,1,109,2.07185316086,2.5
17,1,109,1.60323035717,2.5
17,1,64,1.18879973888,1.0
17,1,64,0.918062865734,1.0
17,1,53,4.59995317459,2.75
17,1,53,4.71908521652,2.75
17,1,8,1.8139667511,2.75
17,1,8,1.24663341045,2.75
17,1,111,1.5128364563,2.0
17,1,111,1.32975411415,2.0
17,1,66,2.00760483742,0.75
17,1,66,1.54261398315,0.75
17,1,55,1.88115406036,2.5
17,1,55,1.62620699406,2.5
17,1,10,0.187734663486,1.5
17,1,10,-0.275731652975,1.5
17,1,97,3.55707669258,2.5
17,1,97,3.10328221321,2.5
17,1,68,2.19446921349,3.75
17,1,68,1.89437890053,3.75
17,1,41,2.30976510048,3.25
17,1,41,2.25932574272,3.25
17,1,12,1.72759473324,2.25
17,1,12,1.19533550739,2.25
17,1,99,3.49226617813,3.5
17,1,99,3.69337701797,3.5
17,1,43,3.80813765526,4.25
17,1,43,4.27018690109,4.25
17,1,14,1.24677360058,1.5
17,1,14,1.3006414175,1.5
17,1,101,3.63081908226,3.0
17,1,101,3.39777541161,3.0
17,1,45,2.59652900696,3.0
17,1,45,2.41393613815,3.0
17,1,103,2.24120092392,3.0
17,1,103,1.99552249908,3.0
17,1,89,2.8616335392,3.25
17,1,89,2.67120718956,3.25
17,1,33,2.90469741821,3.75
17,1,33,2.63637804985,3.75
17,1,4,0.337907969952,2.75
17,1,4,0.190222293139,2.75
17,1,91,3.57309150696,3.5
17,1,91,3.08877921104,3.5
17,1,35,3.09576177597,2.5
17,1,35,3.33070540428,2.5
17,1,6,1.42647767067,2.75
17,1,6,1.37921822071,2.75
17,1,93,2.24973320961,3.5
17,1,93,1.91841685772,3.5
17,1,37,5.00897026062,2.5
17,1,37,4.91059017181,2.5
17,1,95,4.02967405319,5.25
17,1,95,3.93878245354,5.25
17,1,39,0.882989227772,4.5
17,1,39,0.845225155354,4.5
17,1,81,3.01928710938,4.5
17,1,81,2.93512606621,4.5
17,1,25,2.50739717484,3.75
17,1,25,1.96917307377,3.75
17,1,83,2.42509531975,3.5
17,1,83,2.15658760071,3.5
17,1,27,4.84521627426,4.5
17,1,27,4.9894080162,4.5
17,1,85,2.49743175507,4.75
17,1,85,2.45512461662,4.75
17,1,29,4.51404285431,4.0
17,1,29,4.52466154099,4.0
18,1,94,1.52302610874,2.5
18,1,94,0.952269375324,2.5
18,1,20,1.77983915806,2.75
18,1,20,0.580566883087,2.75
18,1,49,2.05454230309,1.5
18,1,49,1.44276034832,1.5
18,1,92,2.80294013023,2.25
18,1,92,1.92236673832,2.25
18,1,18,2.5311999321,2.75
18,1,18,1.31577193737,2.75
18,1,47,1.6875756979,1.75
18,1,47,1.465513587,1.75
18,1,90,1.64841175079,2.5
18,1,90,1.40332782269,2.5
18,1,16,1.75538277626,2.33333
18,1,16,1.85640645027,2.33333
18,1,45,1.97315013409,4.75
18,1,45,1.63577270508,4.75
18,1,88,2.12314844131,2.75
18,1,88,1.65899598598,2.75
18,1,43,1.21146142483,4.25
18,1,43,0.809843659401,4.25
18,1,86,3.28203320503,2.5
18,1,86,2.48908138275,2.5
18,1,12,2.08469176292,6.0
18,1,12,1.9634090662,6.0
18,1,41,3.12009215355,4.0
18,1,41,2.90815138817,4.0
18,1,84,2.20169401169,4.5
18,1,84,1.82152295113,4.5
18,1,10,2.72401499748,1.75
18,1,10,2.0751054287,1.75
18,1,39,2.60093927383,4.0
18,1,39,2.56451129913,4.0
18,1,82,0.997688293457,3.25
18,1,82,-0.0161993633956,3.25
18,1,111,1.34784495831,2.75
18,1,111,0.401430994272,2.75
18,1,8,-0.369877904654,2.25
18,1,8,-0.0738270133734,2.25
18,1,37,2.21856379509,2.75
18,1,37,1.21263706684,2.75
18,1,80,0.67832750082,3.5
18,1,80,-0.397618442774,3.5
18,1,109,2.79235363007,3.0
18,1,109,2.4501311779,3.0
18,1,6,2.89171266556,3.5
18,1,6,2.11553549767,3.5
18,1,35,1.28814005852,2.25
18,1,35,0.437056690454,2.25
18,1,78,0.23737578094,2.0
18,1,78,-1.01365458965,2.0
18,1,107,2.16402769089,3.0
18,1,107,1.29699492455,3.0
18,1,4,2.16165804863,3.0
18,1,4,1.32554912567,3.0
18,1,33,0.608555316925,1.0
18,1,33,-0.271755367517,1.0
18,1,76,0.330470353365,2.0
18,1,76,-0.668187201023,2.0
18,1,105,2.42745518684,1.75
18,1,105,1.52617704868,1.75
18,1,2,2.50744462013,4.25
18,1,2,1.81205904484,4.25
18,1,74,0.619458734989,1.5
18,1,74,0.389237195253,1.5
18,1,103,1.65604114532,2.0
18,1,103,0.949297070503,2.0
18,1,101,1.6318693161,2.25
18,1,101,0.909455776215,2.25
18,1,62,1.60738241673,1.5
18,1,62,0.55622023344,1.5
18,1,99,0.463540643454,2.5
18,1,99,0.330292493105,2.5
18,1,60,0.570385098457,1.0
18,1,60,0.0669149979949,1.0
18,1,68,0.603860974312,2.5
18,1,68,0.639995515347,2.5
18,1,97,2.65224647522,3.25
18,1,97,1.80392074585,3.25
18,1,66,0.791106939316,1.75
18,1,66,1.00228142738,1.75
18,1,31,2.47705197334,3.75
18,1,31,1.33813083172,3.75
18,1,56,2.12262153625,3.25
18,1,56,1.87941420078,3.25
18,1,64,1.17951059341,2.25
18,1,64,0.275963187218,2.25
18,1,29,2.84478640556,3.75
18,1,29,2.67660474777,3.75
18,1,54,1.45209538937,1.25
18,1,54,1.41466772556,1.25
18,1,27,3.11190414429,3.75
18,1,27,2.44625043869,3.75
18,1,25,4.03352546692,3.0
18,1,25,3.27197766304,3.0
18,1,50,1.4103654623,2.25
18,1,50,1.16844236851,2.25
18,1,23,3.74277734756,2.5
18,1,23,3.14894604683,2.5
18,1,48,2.12538218498,1.75
18,1,48,1.632345438,1.75
18,1,95,2.26359629631,4.25
18,1,95,1.95816981792,4.25
18,1,21,1.92097699642,2.5
18,1,21,0.844867885113,2.5
18,1,46,2.0315489769,2.25
18,1,46,2.0423989296,2.25
18,1,93,2.24458694458,2.0
18,1,93,1.67342472076,2.0
18,1,19,0.583784997463,2.75
18,1,19,-0.446705102921,2.75
18,1,44,3.27618265152,2.5
18,1,44,3.19047927856,2.5
18,1,91,2.1708381176,2.5
18,1,91,1.41642725468,2.5
18,1,17,2.20462012291,3.0
18,1,17,1.45963609219,3.0
18,1,42,2.09608626366,2.5
18,1,42,1.71515500546,2.5
18,1,89,1.3284933567,2.25
18,1,89,0.863027095795,2.25
18,1,40,1.17952477932,4.0
18,1,40,0.709259450436,4.0
18,1,87,2.5981669426,3.25
18,1,87,1.87385177612,3.25
18,1,112,2.66238474846,1.25
18,1,112,2.16780948639,1.25
18,1,38,2.62328767776,3.5
18,1,38,2.17018580437,3.5
18,1,85,1.5341874361,4.0
18,1,85,0.721242427826,4.0
18,1,110,1.97208404541,1.75
18,1,110,1.16039502621,1.75
18,1,11,1.0212816,5.75
18,1,11,0.21459428966,5.75
18,1,36,1.20870864391,2.25
18,1,36,0.738051652908,2.25
18,1,83,1.16998922825,3.75
18,1,83,0.559628546238,3.75
18,1,108,1.6465498209,2.5
18,1,108,1.25033354759,2.5
18,1,9,0.988961994648,2.0
18,1,9,0.345237463713,2.0
18,1,34,1.69456768036,2.25
18,1,34,1.10171055794,2.25
18,1,81,1.71369421482,3.75
18,1,81,1.30873858929,3.75
18,1,106,1.80887162685,1.25
18,1,106,1.41308546066,1.25
18,1,7,1.51019358635,2.5
18,1,7,0.960062980652,2.5
18,1,32,1.47595536709,1.25
18,1,32,0.958355605602,1.25
18,1,79,0.874450981617,2.25
18,1,79,-0.0335517637432,2.25
18,1,104,2.39667248726,3.25
18,1,104,1.45159554482,3.25
18,1,5,2.13413310051,1.5
18,1,5,1.44714736938,1.5
18,1,77,1.15226495266,1.0
18,1,77,1.13892602921,1.0
18,1,102,2.61877179146,2.25
18,1,102,1.75135791302,2.25
18,1,3,1.25378596783,2.25
18,1,3,0.527477443218,2.25
18,1,75,0.294328778982,1.0
18,1,75,-1.21873319149,1.0
18,1,100,1.97761285305,3.75
18,1,100,1.40555655956,3.75
18,1,73,0.769739091396,2.0
18,1,73,-0.329168826342,2.0
18,1,98,1.02098917961,2.25
18,1,98,0.452305853367,2.25
18,1,96,2.25351119041,2.5
18,1,96,1.26852023602,2.5
18,1,61,2.00081133842,3.25
18,1,61,1.53932547569,3.25
18,1,69,1.25966501236,1.0
18,1,69,0.713277280331,1.0
18,1,30,2.38819313049,2.75
18,1,30,1.58614611626,2.75
18,1,59,1.81929433346,1.66667
18,1,59,1.94016635418,1.66667
18,1,67,1.53725004196,1.0
18,1,67,2.30682444572,1.0
18,1,28,2.93128204346,3.25
18,1,28,2.90731835365,3.25
18,1,65,2.09805440903,1.0
18,1,65,1.35365664959,1.0
18,1,26,2.87981843948,2.75
18,1,26,2.22131323814,2.75
18,1,55,2.29565739632,1.75
18,1,55,1.70820510387,1.75
18,1,24,3.22783637047,3.25
18,1,24,2.63008475304,3.25
18,1,53,2.28321313858,3.25
18,1,53,1.86100852489,3.25
18,1,22,3.27302336693,3.75
18,1,22,2.66848635674,3.75
18,1,51,0.7727470994,1.25
18,1,51,0.77263045311,1.25
