3,1,1,4.92356777191,3.875
3,1,1,2.92351961136,3.875
3,1,2,4.30841684341,4.5
3,1,2,2.00384306908,4.5
3,1,3,4.50512552261,3.0
3,1,3,2.88243865967,3.0
3,1,4,2.92669820786,3.25
3,1,4,2.32346653938,3.25
3,1,5,2.67046093941,6.0
3,1,5,2.67974567413,6.0
3,1,6,2.78491306305,4.5
3,1,6,2.29348802567,4.5
3,1,7,3.62063622475,4.75
3,1,7,4.48028945923,4.75
3,1,8,3.98268437386,3.5
3,1,8,3.28342604637,3.5
3,1,10,2.93025422096,2.875
3,1,10,2.56573605537,2.875
3,1,14,2.68703007698,3.75
3,1,14,5.41246461868,3.75
3,1,15,3.78404331207,5.0
3,1,15,2.39811325073,5.0
3,1,16,4.04656600952,4.75
3,1,16,2.9294936657,4.75
3,1,17,4.01679086685,5.0
3,1,17,3.13927698135,5.0
3,1,18,2.26668787003,3.75
3,1,18,2.46245312691,3.75
3,1,20,3.53816342354,2.5
3,1,20,2.97740650177,2.5
3,1,21,3.81457185745,4.5
3,1,21,4.2289686203,4.5
3,1,22,4.03718471527,4.83333
3,1,22,2.43983840942,4.83333
3,1,24,2.75101256371,4.5
3,1,24,2.96695065498,4.5
3,1,25,3.93596482277,5.5
3,1,25,4.42119216919,5.5
3,1,26,3.4760415554,4.0
3,1,26,2.62085556984,4.0
3,1,27,3.94811916351,5.25
3,1,27,4.66343688965,5.25
3,1,28,2.8514816761,4.75
3,1,28,1.88255679607,4.75
3,1,29,3.23864674568,1.25
3,1,29,2.92810845375,1.25
3,1,30,3.89237475395,4.5
3,1,30,3.26297855377,4.5
3,1,33,2.89123082161,3.0
3,1,33,2.55403804779,3.0
3,1,34,2.73595190048,4.125
3,1,34,2.40475130081,4.125
3,1,35,2.52049446106,4.375
3,1,35,2.59486627579,4.375
3,1,40,3.93710541725,5.0
3,1,40,3.99145364761,5.0
3,1,43,2.26791644096,4.0
3,1,43,2.91578555107,4.0
3,1,44,3.3568675518,3.0
3,1,44,5.18243217468,3.0
3,1,45,2.5723733902,4.25
3,1,45,3.42768216133,4.25
3,1,46,2.88341784477,5.0
3,1,46,3.75407528877,5.0
3,1,47,3.32573485374,4.25
3,1,47,3.72938251495,4.25
3,1,48,2.61368131638,2.5
3,1,48,2.87673163414,2.5
3,1,49,3.06752920151,5.0
3,1,49,3.52360534668,5.0
3,1,50,2.92581367493,4.66667
3,1,50,3.84101200104,4.66667
3,1,51,3.25765872002,4.5
3,1,51,3.50513553619,4.5
3,1,52,3.35319328308,3.5
3,1,52,4.70046377182,3.5
3,1,55,3.60355305672,3.25
3,1,55,2.72133851051,3.25
3,1,56,3.16487503052,4.0
3,1,56,3.75377702713,4.0
3,1,57,2.68737196922,4.875
3,1,57,5.37509727478,4.875
3,1,58,4.54502439499,4.5
3,1,58,5.44424962997,4.5
3,1,59,3.54552912712,5.5
3,1,59,4.69460344315,5.5
3,1,60,3.2843568325,5.5
3,1,60,5.07037162781,5.5
3,1,61,4.09142494202,5.5
3,1,61,5.30053281784,5.5
3,1,62,3.11509251595,4.375
3,1,62,5.0946688652,4.375
3,1,63,2.6604142189,4.75
3,1,63,4.8434419632,4.75
3,1,64,4.40456342697,5.75
3,1,64,5.21479940414,5.75
3,1,65,4.65863895416,6.25
3,1,65,3.37912106514,6.25
3,1,66,3.09063625336,3.0
3,1,66,3.66750001907,3.0
3,1,70,3.43750548363,2.75
3,1,70,3.40178489685,2.75
3,1,71,2.39014792442,2.0
3,1,71,3.82619547844,2.0
3,1,73,1.90609550476,3.0
3,1,73,2.6793320179,3.0
3,1,74,3.87362408638,4.0
3,1,74,3.26788473129,4.0
3,1,75,3.45036315918,4.0
3,1,75,1.71341121197,4.0
3,1,78,3.48428535461,5.25
3,1,78,2.96837496758,5.25
3,1,79,2.71205830574,5.25
3,1,79,3.66528010368,5.25
3,1,80,2.70708346367,2.75
3,1,80,3.90225458145,2.75
3,1,81,3.28935670853,2.75
3,1,81,1.56807625294,2.75
3,1,82,3.75132083893,3.0
3,1,82,4.39993238449,3.0
3,1,83,3.13763213158,4.5
3,1,83,3.59183430672,4.5
3,1,84,3.58912920952,3.75
3,1,84,3.67104768753,3.75
3,1,85,2.99736332893,2.0
3,1,85,3.6457259655,2.0
3,1,86,3.95321631432,4.25
3,1,86,3.52358984947,4.25
3,1,87,3.45156502724,4.25
3,1,87,3.44806456566,4.25
3,1,88,3.7490105629,4.0
3,1,88,3.22862553596,4.0
3,1,89,3.5387032032,4.25
3,1,89,3.32960391045,4.25
3,1,90,4.49905872345,3.75
3,1,90,3.34964251518,3.75
3,1,91,4.00749731064,4.0
3,1,91,2.6495320797,4.0
3,1,92,3.1559278965,3.5
3,1,92,2.6409842968,3.5
3,1,93,3.90126681328,3.25
3,1,93,3.25963592529,3.25
3,1,94,3.7856965065,3.25
3,1,94,2.48859119415,3.25
3,1,95,3.45937085152,3.75
3,1,95,3.42846250534,3.75
3,1,96,3.03619909286,3.875
3,1,96,2.00434660912,3.875
3,1,97,1.68713521957,1.25
3,1,97,0.990727841854,1.25
3,1,98,2.61556482315,1.75
3,1,98,3.76934194565,1.75
3,1,99,3.21925997734,1.5
3,1,99,2.78297615051,1.5
3,1,100,3.3918337822,2.375
3,1,100,1.63030385971,2.375
3,1,101,4.00180768967,4.375
3,1,101,3.62542080879,4.375
3,1,102,2.95475411415,5.25
3,1,102,2.37607836723,5.25
3,1,103,2.47095251083,1.5
3,1,103,2.98942542076,1.5
3,1,104,2.42879724503,3.5
3,1,104,2.63227510452,3.5
3,1,105,3.28955578804,1.25
3,1,105,2.44925665855,1.25
3,1,106,3.26598381996,2.75
3,1,106,3.64026880264,1.875
3,2,2,4.33417797089,1.875
3,2,2,5.43559837341,3.25
3,2,5,4.18976974487,3.25
3,2,5,4.90007257462,5.25
3,2,6,5.11633634567,5.25
3,2,6,5.43613624573,6.0
3,2,7,5.13995790482,6.0
3,2,7,5.35215044022,6.0
3,2,8,4.97004270554,6.0
3,2,8,5.36186885834,4.5
3,2,9,4.52950239182,4.5
3,2,9,5.58209657669,4.0
3,2,10,4.5148859024,4.0
3,2,10,5.29295539856,4.125
3,2,11,4.57918310165,4.125
3,2,11,5.35729694366,5.25
3,2,12,4.77124881744,5.25
3,2,12,5.43630504608,5.0
3,2,13,4.97170591354,5.0
3,2,13,5.61297512054,3.75
3,2,14,5.21033811569,3.75
3,2,14,3.03601074219,2.5
3,2,26,3.27714633942,2.5
3,2,26,3.25960755348,4.0
3,2,27,3.59186267853,4.0
3,2,27,3.54101037979,4.0
3,2,28,4.16111087799,4.0
3,2,28,4.15710926056,4.0
3,2,29,3.97549796104,4.0
3,2,29,4.05823421478,3.625
3,2,30,3.75113892555,3.625
3,2,30,3.59331393242,3.25
3,2,31,4.80825614929,3.25
3,2,31,4.43056964874,3.25
3,2,32,4.84288167953,3.25
3,2,32,3.15227007866,3.5
3,2,34,3.90140295029,3.5
3,2,34,3.96732902527,3.875
3,2,35,3.88466691971,3.875
3,2,35,3.26594638824,2.75
3,2,36,4.19797277451,2.75
3,2,36,2.90318799019,2.25
3,2,37,3.94557547569,2.25
3,2,37,4.01894807816,3.25
3,2,38,4.07876396179,3.25
3,2,38,4.29898786545,4.25
3,2,39,4.27793550491,4.25
3,2,39,4.15791273117,2.75
3,2,40,3.89884638786,2.75
3,2,40,3.74271774292,3.5
3,2,41,2.37452554703,3.5
3,2,41,2.98810720444,2.5
3,2,42,4.32021093369,2.5
3,2,42,3.42070245743,4.0
3,2,43,4.41732263565,4.0
3,2,43,4.54600954056,5.0
3,2,44,4.37169027328,5.0
3,2,44,3.23492646217,3.25
3,2,45,2.77533793449,3.25
3,2,45,3.01847624779,4.5
3,2,46,4.33303976059,4.5
3,2,46,3.08777666092,3.875
3,2,47,3.93743157387,3.875
3,2,47,4.65864372253,4.25
3,2,48,3.44479656219,4.25
3,2,48,3.21099495888,3.75
3,2,50,4.85514211655,3.75
3,2,50,3.65842795372,4.0
3,2,51,4.15985488892,4.0
3,2,51,3.4674050808,1.5
3,2,52,3.40830183029,1.5
3,2,52,5.19816923141,4.5
3,2,53,3.71589326859,4.5
3,2,53,4.10337638855,3.33333
3,2,55,3.53238797188,3.33333
3,2,55,3.82056427002,4.25
3,2,56,4.37255191803,4.25
3,2,56,2.22198200226,2.25
3,2,59,3.77696728706,2.25
3,2,59,4.61498737335,3.75
3,2,60,3.79672598839,3.75
3,2,60,4.14714384079,4.375
3,2,61,4.51617717743,4.375
3,2,61,4.88362169266,5.25
3,2,62,4.41367149353,5.25
3,2,62,2.0446896553,1.25
3,2,63,3.58887839317,1.25
3,2,63,3.78632569313,2.375
3,2,64,3.49115753174,2.375
3,2,64,3.79081821442,3.75
3,2,66,4.06785345078,3.75
3,2,66,5.44088983536,5.25
3,2,67,3.782132864,5.25
3,2,67,4.26681900024,5.5
3,2,68,4.38943624496,5.5
3,2,68,2.62057089806,1.25
3,2,69,3.12626385689,1.25
3,2,69,2.72513389587,3.66667
3,2,70,3.54559421539,3.66667
3,2,70,3.44279909134,2.375
3,2,71,3.16924023628,2.375
3,2,71,5.28274488449,3.75
3,2,73,2.94695305824,3.75
3,2,73,4.07654190063,2.75
3,2,78,3.73061990738,2.75
3,2,78,4.85580730438,3.75
3,2,79,3.56860661507,3.75
3,2,79,4.69295549393,4.75
3,2,80,3.46831846237,4.75
3,2,80,4.81320905685,4.375
3,2,81,3.74221634865,4.375
3,2,81,3.21468067169,3.25
3,2,82,3.81970977783,3.25
3,2,82,4.84723091125,4.25
3,2,83,2.20896673203,4.25
3,2,83,3.99105215073,4.0
3,2,84,2.80538868904,4.0
3,2,84,4.54066514969,3.25
3,2,85,3.1156733036,3.25
3,2,85,3.85873746872,2.75
3,2,86,4.19759607315,2.75
3,2,86,4.69431734085,3.75
3,2,87,4.53964471817,3.75
3,2,87,3.09117531776,4.0
3,2,88,2.43884468079,4.0
3,2,88,4.17547035217,4.25
3,2,90,3.94427800179,4.25
3,2,90,5.16534948349,4.5
3,2,91,4.11836147308,4.5
3,2,91,4.7295255661,3.75
3,2,94,1.47255933285,3.75
3,2,94,4.12458610535,1.5
3,2,95,2.82914066315,1.5
3,2,95,3.76952600479,3.125
3,2,96,3.70862269402,3.125
3,2,96,3.09920454025,5.0
3,2,97,4.08553266525,5.0
3,2,97,4.94979524612,4.5
3,2,98,3.90333151817,4.5
3,2,98,4.35870409012,2.625
3,2,99,3.37877368927,2.625
3,2,99,3.65683841705,1.25
3,2,100,3.74792432785,1.25
3,2,100,3.97738170624,3.125
3,2,101,3.53909921646,3.125
3,2,101,3.79340839386,2.0
3,2,102,3.42827343941,2.0
3,2,102,5.10659456253,4.0
3,2,103,3.43520379066,4.0
3,2,103,3.13329768181,3.5
3,2,104,3.99547600746,3.5
3,2,104,4.24559831619,3.5
3,2,105,4.14769411087,3.5
3,2,105,4.21951627731,3.875
3,2,106,4.4761724472,3.875
3,2,106,4.5886349678,4.625
3,2,107,4.29914474487,4.625
3,2,107,4.17568349838,4.0
3,2,108,2.13384413719,4.0
3,2,108,5.20826148987,4.25
3,2,110,3.7511036396,4.25
3,2,110,3.6141576767,3.5
3,2,111,2.98397827148,3.5
3,2,111,3.52017760277,3.0
4,1,23,4.28044652939,1.0
4,1,23,-10.6001806259,1.0
4,1,30,4.18077325821,1.125
4,1,30,-10.2093019485,1.125
4,1,31,4.26108407974,2.25
4,1,31,-10.2775087357,2.25
4,1,32,4.25577640533,1.5
4,1,32,-10.3402290344,1.5
4,1,33,4.10350131989,1.5
4,1,33,-10.3488111496,1.5
4,1,34,4.09015083313,1.5
4,1,34,-10.4633798599,1.5
4,1,35,4.42349052429,1.75
4,1,35,-10.2746362686,1.75
4,1,36,4.32194757462,0.875
4,1,36,-10.3229122162,0.875
4,1,37,4.30943393707,2.25
4,1,37,-10.3229045868,2.25
4,1,38,4.21127796173,2.5
4,1,38,-10.2178030014,2.5
4,1,39,4.29940271378,2.5
4,1,39,-10.2380113602,2.5
4,1,40,4.18677997589,4.0
4,1,40,-10.7147836685,4.0
4,1,41,4.23700809479,2.5
4,1,41,-10.29413414,2.5
4,1,42,4.34069824219,1.75
4,1,42,-10.3435440063,1.75
4,1,45,4.23462724686,2.125
4,1,45,-10.0241174698,2.125
4,1,46,4.24321174622,3.75
4,1,46,-10.2974033356,3.75
4,1,48,4.26770830154,1.5
4,1,48,-9.41502380371,1.5
4,1,49,4.18464326859,4.25
4,1,49,-9.35633182526,4.25
4,1,50,4.16990613937,2.0
4,1,50,-10.1800899506,2.0
4,1,51,4.22031497955,2.75
4,1,51,-9.63914012909,2.75
4,1,52,4.14539575577,3.25
4,1,52,-10.328373909,3.25
4,1,54,4.29422616959,3.375
4,1,54,-10.1494750977,3.375
4,1,55,4.26338243484,2.5
4,1,55,-9.11176872253,2.5
4,1,56,4.23903751373,2.0
4,1,56,4.36039495468,2.0
4,1,57,4.39034795761,2.75
4,1,57,-9.04894065857,2.75
4,1,58,4.18484020233,2.25
4,1,58,-10.0672445297,2.25
4,1,59,4.27875709534,1.875
4,1,59,-10.2629537582,1.875
4,1,63,4.3376493454,1.0
4,1,63,4.42284870148,1.0
4,1,64,4.382625103,3.5
4,1,64,-10.3976831436,3.5
4,1,65,4.55170202255,4.75
4,1,65,4.52617311478,4.75
4,1,66,4.298350811,1.0
4,1,66,4.41121912003,1.0
4,1,67,4.54118776321,1.75
4,1,67,4.53268003464,1.75
4,1,68,4.30390119553,5.5
4,1,68,4.50590276718,5.5
4,1,69,4.47416067123,5.5
4,1,69,-10.4332551956,5.5
4,1,70,4.49179315567,5.25
4,1,70,4.48889493942,5.25
4,1,71,4.33461380005,2.125
4,1,71,-10.5001811981,2.125
4,1,72,4.31623935699,2.375
4,1,72,4.50351238251,2.375
4,1,73,4.40214443207,4.25
4,1,73,-10.468667984,4.25
4,1,74,4.41884183884,3.5
4,1,74,4.55845785141,3.5
4,1,75,4.32984352112,4.75
4,1,75,-10.2662973404,4.75
4,1,77,4.15618228912,2.625
4,1,77,-10.4507141113,2.625
4,1,99,4.20433425903,2.375
4,1,99,4.31594896317,2.375
4,1,102,4.21224880219,1.5
4,1,102,-10.177687645,1.5
4,1,104,4.20594930649,1.25
4,1,104,-9.98196125031,1.25
4,1,105,4.28351593018,3.625
4,1,105,4.4755821228,3.625
4,1,110,4.21038913727,4.0
4,1,110,4.33211517334,4.0
4,1,111,4.26984262466,3.5
4,1,111,-10.6701412201,3.5
4,1,112,4.3121972084,1.0
7,1,1,3.10324525833,3.5
7,1,1,1.95306491852,3.5
7,1,2,4.61000585556,5.5
7,1,2,4.30356407166,5.5
7,1,3,4.48196268082,4.75
7,1,3,1.86017918587,4.75
7,1,4,4.33043813705,3.25
7,1,4,4.38804960251,3.25
7,1,5,4.36125183105,4.75
7,1,5,4.1917181015,4.75
7,1,7,4.11013364792,2.25
7,1,7,1.8926422596,2.25
7,1,8,4.49103403091,4.5
7,1,8,4.39919805527,4.5
7,1,9,3.94375681877,2.0
7,1,9,4.25562000275,2.0
7,1,10,4.30439043045,2.75
7,1,10,1.923645854,2.75
7,1,11,4.37015295029,1.75
7,1,11,4.03050231934,1.75
7,1,12,4.12816095352,5.0
7,1,12,1.97287225723,5.0
7,1,13,3.95121192932,3.0
7,1,13,3.75444531441,3.0
7,1,14,4.17427396774,1.75
7,1,14,4.27483892441,1.75
7,1,18,3.10924172401,6.0
7,1,18,1.96642780304,6.0
7,1,19,4.25308322906,4.75
7,1,19,4.06805849075,4.75
7,1,20,4.42821073532,5.25
7,1,20,4.15588903427,5.25
7,1,22,3.97335076332,3.75
7,1,22,3.98811650276,3.75
7,1,23,2.99276900291,4.0
7,1,23,4.02473831177,4.0
7,1,24,4.15484380722,5.0
7,1,24,4.32240962982,5.0
7,1,25,4.02089548111,4.5
7,1,25,4.36250162125,4.5
7,1,26,2.43146276474,3.0
7,1,26,3.94855952263,3.0
7,1,27,4.01360225677,4.25
7,1,27,4.11757421494,4.25
7,1,28,3.91084909439,5.25
7,1,28,3.93270945549,5.25
7,1,29,2.54022073746,4.25
7,1,29,4.05019617081,4.25
7,1,30,4.44481945038,3.0
7,1,30,4.40027475357,3.0
7,1,31,3.91736340523,4.5
7,1,31,4.15045976639,4.5
7,1,32,4.40022325516,3.75
7,1,32,4.29932641983,3.75
7,1,33,4.09456729889,4.75
7,1,33,4.0502986908,4.75
7,1,34,4.27052640915,5.5
7,1,34,4.22543811798,5.5
7,1,35,2.57236981392,6.0
7,1,35,3.64209008217,6.0
7,1,36,2.75326967239,4.25
7,1,36,4.25238084793,4.25
7,1,37,4.06753969193,4.25
7,1,37,1.8927873373,4.25
7,1,38,4.13268089294,3.5
7,1,38,4.34065055847,3.5
7,1,39,4.07974720001,5.5
7,1,39,4.07795143127,5.5
7,1,40,2.802287817,5.5
7,1,40,4.42753124237,5.5
7,1,41,4.05716276169,4.75
7,1,41,4.25397825241,4.75
7,1,42,3.94393610954,3.0
7,1,42,4.06188678741,3.0
7,1,43,3.86624097824,3.5
7,1,43,3.84390068054,3.5
7,1,44,4.1339302063,6.25
7,1,44,4.43320703506,6.25
7,1,45,2.69558167458,4.5
7,1,45,4.31224679947,4.5
7,1,46,4.00033855438,4.0
7,1,46,3.6164894104,4.0
7,1,47,3.98182177544,4.5
7,1,47,4.06962680817,4.5
7,1,48,4.2433848381,1.5
7,1,48,4.08373594284,1.5
7,1,49,4.04534864426,4.5
7,1,49,3.47431087494,4.5
7,1,50,2.82347536087,5.0
7,1,50,3.96215772629,5.0
7,1,51,2.84956645966,3.5
7,1,51,2.28858995438,3.5
7,1,52,3.92812514305,0.75
7,1,52,3.59174656868,0.75
7,1,53,4.50120639801,5.5
7,1,53,4.29739141464,5.5
7,1,55,1.88785851002,2.5
7,1,55,2.25495648384,2.5
7,1,57,4.10381412506,4.25
7,1,57,4.28123283386,4.25
7,1,58,3.79939413071,6.0
7,1,58,4.02559518814,6.0
7,1,59,4.06875562668,5.25
7,1,59,1.99250459671,5.25
7,1,60,3.84921717644,3.25
7,1,60,4.16238260269,3.25
7,1,61,4.16179037094,5.0
7,1,61,2.39468812943,5.0
7,1,62,4.00569009781,4.5
7,1,62,2.47837209702,4.5
7,1,63,3.84738540649,5.5
7,1,63,3.82609033585,5.5
7,1,64,3.97411966324,5.0
7,1,64,3.66764426231,5.0
7,1,65,4.1340842247,5.25
7,1,65,2.3842253685,5.25
7,1,66,4.09427547455,4.25
7,1,66,3.78146696091,4.25
7,1,67,4.14298343658,4.75
7,1,67,4.19979763031,4.75
7,1,68,4.14897203445,4.25
7,1,68,4.2837972641,4.25
7,1,69,4.17457485199,5.5
7,1,69,2.1038339138,5.5
7,1,70,2.29716563225,5.5
7,1,70,3.83492255211,5.5
7,1,71,2.69720506668,4.75
7,1,71,2.58458447456,4.75
7,1,72,3.87215662003,2.0
7,1,72,2.20075154305,2.0
7,1,73,1.60777342319,1.0
7,1,73,2.27315878868,1.0
7,1,74,2.30222511292,4.25
7,1,74,2.82245111465,4.25
7,1,75,2.59915685654,4.75
7,1,75,2.40375304222,4.75
7,1,76,4.06928873062,2.75
7,1,76,2.63378429413,2.75
7,1,78,2.24989199638,4.0
7,1,78,4.09842348099,4.0
7,1,79,4.1152100563,3.0
7,1,79,3.82568335533,3.0
7,1,80,1.7780841589,2.0
7,1,80,4.11168622971,2.0
7,1,81,4.01192569733,4.0
7,1,81,3.87217593193,4.0
7,1,82,4.12039661407,5.25
7,1,82,4.31491041183,5.25
7,1,83,4.12297105789,4.75
7,1,83,2.32302355766,4.75
7,1,84,4.01760625839,4.75
7,1,84,3.84873199463,4.75
7,1,86,2.29663610458,3.25
7,1,86,3.87492895126,3.25
7,1,88,4.02770757675,6.5
7,1,88,4.18343114853,6.5
7,1,90,4.03803253174,4.0
7,1,90,3.98921012878,4.0
7,1,92,4.17292070389,5.75
7,1,92,4.13440656662,5.75
7,1,93,4.07324075699,4.25
7,1,93,3.80555868149,4.25
7,1,94,4.03594589233,3.0
7,1,94,2.37131047249,3.0
7,1,95,2.91224336624,4.75
7,1,95,4.09784030914,4.75
7,1,96,4.42515420914,5.5
7,1,96,4.35806512833,5.5
7,1,97,4.08811807632,5.5
7,1,97,4.3272228241,5.5
7,1,98,4.12245845795,3.25
7,1,98,2.64120411873,3.25
7,1,101,2.70717835426,4.0
7,1,101,3.87177681923,4.0
7,1,102,4.16903018951,4.25
7,1,102,4.09339284897,4.25
7,1,103,4.34522104263,3.25
7,1,103,4.00194263458,3.25
7,1,104,3.92237019539,4.75
7,1,104,4.09774589539,4.75
7,1,105,4.24048900604,4.75
7,1,105,2.34901857376,4.75
7,1,106,3.98412275314,4.75
7,1,106,3.92003369331,4.75
7,1,109,4.28093099594,6.25
7,1,109,4.35739946365,4.25
7,2,1,2.4044380188,4.25
7,2,1,4.2813782692,2.75
7,2,2,4.63397169113,2.75
7,2,2,4.36125612259,5.75
7,2,3,2.08142185211,5.75
7,2,3,3.97636532784,3.0
7,2,4,1.94466876984,3.0
7,2,4,4.08310365677,3.25
7,2,5,4.32404756546,3.25
7,2,5,3.95475053787,4.0
7,2,6,4.26335716248,4.0
7,2,6,3.94842863083,5.0
7,2,7,4.11610937119,5.0
7,2,7,4.16537094116,4.0
7,2,8,4.08821773529,4.0
7,2,8,2.60544037819,4.0
7,2,9,4.35917520523,4.0
7,2,9,3.8313202858,4.0
7,2,10,1.99630188942,4.0
7,2,10,4.41782188416,2.75
7,2,11,3.91120862961,2.75
7,2,11,3.88993835449,4.25
7,2,12,2.04263806343,4.25
7,2,12,4.0176858902,4.75
7,2,13,2.00255036354,4.75
7,2,13,1.92309093475,5.5
7,2,14,3.02746558189,5.5
7,2,14,4.24502515793,5.0
7,2,16,4.03792142868,5.0
7,2,16,3.90245056152,6.0
7,2,17,1.91391789913,6.0
7,2,17,3.95063066483,3.5
7,2,18,4.21643257141,3.5
7,2,18,4.09028053284,4.5
7,2,19,2.024122715,4.5
7,2,19,3.75450348854,5.5
7,2,20,2.02677774429,5.5
7,2,20,3.90501189232,1.5
7,2,21,3.99442028999,1.5
7,2,21,2.17465186119,3.0
7,2,22,4.10990047455,3.0
7,2,22,3.90464830399,1.75
7,2,23,4.40476560593,1.75
7,2,23,3.90004110336,3.75
7,2,24,1.89669692516,3.75
7,2,24,4.46959686279,4.75
7,2,25,2.66299152374,4.75
7,2,25,2.00746393204,4.25
7,2,26,2.05325603485,4.25
7,2,26,3.78292608261,4.25
7,2,27,2.04908561707,4.25
7,2,27,4.189702034,5.75
7,2,28,2.04026722908,5.75
7,2,28,3.96225786209,1.75
7,2,29,4.34870767593,1.75
7,2,29,4.30809879303,3.0
7,2,30,4.24920463562,3.0
7,2,30,3.87701797485,3.75
7,2,31,4.34229660034,3.75
7,2,31,4.17257928848,4.5
7,2,32,2.0532104969,4.5
7,2,32,2.01005983353,1.5
7,2,33,4.49718093872,1.5
7,2,33,2.60327768326,4.25
7,2,34,3.90496516228,4.25
7,2,34,3.82945466042,3.5
7,2,35,4.26633024216,3.5
7,2,35,3.76436305046,2.5
7,2,36,2.57852363586,2.5
7,2,36,4.09684705734,3.5
7,2,37,4.15645599365,3.5
7,2,37,3.98749661446,5.25
7,2,38,1.9537807703,5.25
7,2,38,3.98983097076,4.0
7,2,39,4.33729457855,4.0
7,2,39,4.14696264267,5.25
7,2,40,2.0084028244,5.25
7,2,40,1.88289093971,3.0
7,2,42,1.94880378246,3.0
7,2,42,1.75660514832,2.75
7,2,43,1.95108067989,2.75
7,2,43,4.34591007233,4.5
7,2,44,4.01329278946,4.5
7,2,44,4.13096952438,2.5
7,2,45,1.9986178875,2.5
7,2,45,2.34146285057,4.75
7,2,46,2.04890537262,4.75
7,2,46,2.42694807053,4.0
7,2,47,4.226126194,4.0
7,2,47,3.96596097946,3.75
7,2,48,2.0113697052,3.75
7,2,48,3.97770667076,4.0
7,2,49,2.07693743706,4.0
7,2,49,4.10740423203,4.25
7,2,50,4.28928422928,4.25
7,2,50,2.77621436119,4.75
7,2,51,2.04334545135,4.75
7,2,51,4.15704393387,3.25
7,2,52,1.96286141872,3.25
7,2,52,2.7757794857,5.0
7,2,53,2.77044844627,5.0
7,2,53,3.67718505859,4.0
7,2,55,2.56778335571,4.0
7,2,55,3.76252961159,4.75
7,2,56,4.13321733475,4.75
7,2,56,1.92275512218,1.5
7,2,57,2.0292327404,1.5
7,2,57,3.97735452652,4.0
7,2,58,4.5501666069,4.0
7,2,58,1.80641698837,4.0
7,2,60,4.25282001495,4.0
7,2,60,2.41693854332,5.5
7,2,61,4.32256126404,5.5
7,2,61,4.2301440239,5.25
7,2,63,4.1002664566,5.25
7,2,63,3.89852142334,3.25
7,2,64,4.07574987411,3.25
7,2,64,4.11325311661,5.0
7,2,65,4.3116235733,5.0
7,2,65,4.08736753464,5.5
7,2,66,2.00129246712,5.5
7,2,66,2.44991374016,6.5
7,2,68,4.37311887741,6.5
7,2,68,4.05739355087,4.25
7,2,69,4.30686092377,4.25
7,2,69,3.90620779991,3.25
7,2,70,3.70723319054,3.25
7,2,70,3.90595436096,4.0
7,2,71,4.21194458008,4.0
7,2,71,3.85279250145,4.25
7,2,72,3.90903759003,4.25
7,2,72,4.0065407753,3.25
7,2,73,3.96326375008,3.25
7,2,73,2.29932880402,2.5
7,2,74,1.93064463139,2.5
7,2,74,2.83555150032,3.5
7,2,75,2.97825694084,3.5
7,2,75,3.94551706314,4.5
7,2,76,4.0038599968,4.5
7,2,76,2.79151773453,4.25
7,2,77,1.98741579056,4.25
7,2,77,3.74963760376,5.0
7,2,78,2.54503536224,5.0
7,2,78,1.90934944153,4.0
7,2,80,1.95287144184,4.0
7,2,80,4.45835876465,3.25
7,2,82,4.3605298996,3.25
7,2,82,3.92630004883,5.0
7,2,83,3.99226331711,5.0
7,2,83,4.39737701416,3.75
7,2,84,4.05262327194,3.75
7,2,84,3.96102952957,2.5
7,2,85,1.55832636356,2.5
7,2,85,3.96442580223,2.5
7,2,86,1.98062193394,2.5
7,2,86,3.98896884918,4.5
7,2,87,1.95247101784,4.5
7,2,87,4.04446363449,5.0
7,2,88,4.00335502625,5.0
7,2,88,3.82112622261,3.0
7,2,89,4.08993577957,3.0
7,2,89,2.75084495544,4.0
7,2,90,4.08308124542,4.0
7,2,90,4.1832447052,3.75
7,2,91,4.34466123581,3.75
7,2,91,4.2385725975,4.66667
7,2,92,3.97720575333,4.66667
7,2,92,3.90708112717,4.75
7,2,93,4.24711751938,4.75
7,2,93,2.5480453968,3.25
7,2,94,3.79233169556,3.25
7,2,94,2.9174554348,2.5
7,2,95,2.06414556503,2.5
7,2,95,3.97307920456,3.5
7,2,96,4.12679338455,3.5
7,2,96,3.91859841347,3.0
7,2,97,1.99909734726,3.0
7,2,97,4.06197214127,3.75
7,2,98,1.81604421139,3.75
7,2,98,3.72938513756,4.25
7,2,99,4.15992355347,4.25
7,2,99,2.03781628609,1.75
7,2,100,1.8684258461,1.75
7,2,100,2.00166082382,5.25
7,2,102,2.26332855225,5.25
7,2,102,4.07494401932,4.25
7,2,103,2.00174999237,4.25
7,2,103,3.63034009933,3.5
7,2,104,2.03336811066,3.5
7,2,104,4.16327381134,3.0
7,2,105,2.04366779327,3.0
7,2,105,3.92990207672,6.25
7,2,106,4.12981557846,6.25
7,2,106,3.91377425194,4.5
7,2,107,3.90490555763,4.5
7,2,107,4.11531066895,5.5
7,2,108,2.0676586628,5.5
7,2,108,4.16712427139,5.25
7,2,109,1.9680005312,5.25
7,2,109,2.4921298027,4.75
8,1,9,5.2698302269,2.0
8,1,9,5.29163074493,2.0
8,1,10,5.12314653397,1.75
8,1,10,5.21866369247,1.75
8,1,16,1.05970323086,2.75
8,1,16,5.11623048782,2.75
8,1,17,5.2541513443,3.25
8,1,17,5.1164765358,3.25
8,1,18,2.69570493698,3.75
8,1,18,2.27829933167,3.75
8,1,20,2.29055905342,2.5
8,1,20,5.10421037674,2.5
8,1,21,2.59602499008,1.75
8,1,21,1.18009924889,1.75
8,1,22,2.57396769524,3.5
8,1,22,2.45931792259,3.5
8,1,27,2.30541539192,2.0
8,1,27,1.23190832138,2.0
8,1,30,2.41907596588,2.5
8,1,30,2.74403262138,2.5
8,1,54,5.2561879158,3.0
8,1,54,2.30062747002,3.0
8,1,58,2.60478663445,1.0
8,1,58,5.10807085037,1.0
8,1,68,1.16823816299,1.5
8,1,68,2.66658639908,1.5
8,1,73,2.34967780113,2.75
8,1,73,1.33789050579,2.75
8,1,74,2.50201368332,2.5
8,1,74,1.26107513905,2.5
8,1,75,2.43664932251,3.0
8,1,75,2.45611524582,3.0
8,1,76,2.56562948227,1.0
8,1,76,2.18452620506,1.0
8,1,77,5.21687793732,3.25
8,1,77,1.26735377312,3.25
8,1,78,2.11988115311,2.75
8,1,78,2.40295743942,2.75
8,1,79,1.22045326233,2.0
8,1,79,2.33006548882,2.0
8,1,80,2.43422293663,1.75
8,1,80,5.13358211517,1.75
8,1,81,2.20084571838,2.25
8,1,81,5.15642690659,2.25
8,1,82,1.16910612583,1.75
8,1,82,2.59026694298,1.75
8,1,85,5.27303934097,2.0
8,1,85,1.3185210228,2.0
8,1,88,5.22932958603,2.25
8,1,88,2.57684326172,2.25
8,1,89,2.72421073914,3.5
8,1,89,5.34653329849,3.25
8,2,4,5.21374225616,3.25
8,2,4,1.31717348099,3.75
8,2,5,2.51845669746,3.75
8,2,5,2.45676088333,1.5
8,2,7,5.30560445786,1.5
8,2,7,2.75541377068,4.25
8,2,8,2.5392780304,4.25
8,2,8,2.38656878471,2.0
8,2,9,1.19654726982,2.0
8,2,9,2.68316102028,3.0
8,2,11,5.38713502884,3.0
8,2,11,5.1811466217,2.25
8,2,15,2.54196691513,2.25
8,2,15,2.49818873405,4.0
8,2,16,5.25729084015,4.0
8,2,16,2.58664298058,3.5
8,2,18,5.23663902283,3.5
8,2,18,2.44662475586,3.75
8,2,20,5.26303386688,3.75
8,2,20,2.51018166542,2.25
8,2,21,1.16453719139,2.25
8,2,21,2.4170331955,2.25
8,2,22,1.13836622238,2.25
8,2,22,2.4240527153,2.5
8,2,23,5.27426481247,2.5
8,2,23,2.50331282616,3.0
8,2,24,5.3224978447,3.0
8,2,24,2.53604626656,4.0
8,2,27,5.25106430054,4.0
8,2,27,1.34570360184,2.5
8,2,28,1.13247931004,2.5
8,2,28,1.34732425213,4.75
8,2,29,2.41785907745,4.75
8,2,29,1.26605856419,4.25
8,2,30,1.16356277466,4.25
8,2,30,5.00246334076,2.75
8,2,31,1.0474678278,2.75
8,2,31,2.37742567062,4.0
8,2,32,2.34269404411,4.0
8,2,32,5.08024358749,3.5
8,2,35,1.2203578949,3.5
8,2,35,2.32053041458,3.75
8,2,36,2.25720214844,3.75
8,2,36,2.49205565453,2.25
8,2,37,2.55108070374,2.25
8,2,37,2.36991333961,3.75
8,2,38,5.22437763214,3.75
8,2,38,2.25631546974,2.0
8,2,39,1.1665109396,2.0
8,2,39,2.42730474472,2.0
8,2,40,1.17917573452,2.0
8,2,40,2.45213961601,4.0
8,2,41,5.20188903809,4.0
8,2,41,2.62403869629,3.5
8,2,42,1.24573659897,3.5
8,2,42,1.22041094303,2.25
8,2,45,1.12943482399,2.25
8,2,45,2.39003062248,4.0
8,2,48,1.2371660471,4.0
8,2,48,1.23923575878,4.0
8,2,49,5.27311182022,4.0
8,2,49,2.52802300453,3.0
8,2,50,1.10372471809,3.0
8,2,50,2.49448180199,3.75
8,2,55,5.26758003235,3.75
8,2,55,5.19595956802,4.75
8,2,57,5.21319675446,4.75
8,2,57,2.49169588089,3.0
8,2,58,5.26046037674,3.0
8,2,58,5.0906047821,1.75
8,2,62,2.49828100204,1.75
8,2,62,2.53801321983,5.25
8,2,63,5.36188745499,5.25
8,2,63,2.52408719063,1.625
8,2,67,2.56659674644,1.625
8,2,67,2.57393360138,2.75
8,2,68,5.25589990616,2.75
8,2,68,2.56927704811,3.5
8,2,69,2.34457874298,3.5
8,2,69,2.38135123253,2.0
8,2,71,1.25649857521,2.0
8,2,71,2.49634718895,3.5
8,2,72,5.20210599899,3.5
8,2,72,2.50465297699,3.75
8,2,74,1.14200973511,3.75
8,2,74,2.4267141819,4.0
9,1,2,5.56349182129,5.25
9,1,2,4.89945411682,5.25
9,1,3,5.10040807724,4.75
9,1,3,4.91441965103,4.75
9,1,4,6.17366170883,5.0
9,1,4,4.87065887451,5.0
9,1,5,4.78784799576,5.75
9,1,5,4.74770641327,5.75
9,1,6,4.83838748932,3.5
9,1,6,5.38384151459,3.5
9,1,7,4.84910392761,4.25
9,1,7,4.75506591797,4.25
9,1,8,4.78391742706,4.5
9,1,8,4.46276521683,4.5
9,1,12,4.15520048141,4.75
9,1,12,4.86586523056,4.75
9,1,16,4.00088405609,1.5
9,1,16,4.19915294647,1.5
9,1,17,3.80311608315,4.25
9,1,17,4.17309522629,4.25
9,1,18,3.80671596527,3.5
9,1,18,3.92036867142,3.5
9,1,19,4.09653997421,3.25
9,1,19,3.45705389977,3.25
9,1,20,3.7990860939,4.0
9,1,20,3.24283647537,4.0
9,1,21,3.47401237488,4.5
9,1,21,3.71413946152,4.5
9,1,22,3.54123449326,3.0
9,1,22,3.14286565781,3.0
9,1,23,3.96259737015,4.5
9,1,23,4.60100698471,4.5
9,1,24,4.08348369598,3.5
9,1,24,4.47359466553,3.5
9,1,25,3.9520368576,3.5
9,1,25,3.41496562958,3.5
9,1,26,3.75572276115,4.5
9,1,26,4.03581953049,4.5
9,1,27,3.88492202759,3.75
9,1,27,4.10996484756,3.75
9,1,28,3.7164208889,2.75
9,1,28,3.68682098389,2.75
9,1,29,3.79603886604,2.5
9,1,29,3.11505031586,2.5
9,1,30,3.68366408348,3.0
9,1,30,3.71292114258,3.0
9,1,31,3.55852031708,3.5
9,1,31,3.77286362648,3.5
9,1,32,3.19690489769,2.75
9,1,32,3.26795935631,2.75
9,1,33,3.62384676933,3.75
9,1,33,3.11677646637,3.75
9,1,34,3.66397213936,3.25
9,1,34,3.5159702301,3.25
9,1,35,3.49103879929,3.5
9,1,35,2.03319644928,3.5
9,1,36,4.02160644531,3.5
9,1,36,3.57687163353,3.5
9,1,37,4.4400062561,4.5
9,1,37,3.56909799576,4.5
9,1,38,3.4702296257,3.5
9,1,38,3.47371935844,3.5
9,1,39,3.62373900414,2.75
9,1,39,3.36215734482,2.75
9,1,40,3.92293906212,2.25
9,1,40,2.96107459068,2.25
9,1,41,4.18733310699,3.0
9,1,41,3.12275862694,3.0
9,1,42,4.18564653397,4.0
9,1,42,3.13200807571,4.0
9,1,50,2.91092324257,3.5
9,1,50,3.31314134598,3.5
9,1,51,4.04739332199,3.5
9,1,51,3.57034087181,3.5
9,1,52,4.7455496788,2.75
9,1,52,3.34193849564,2.75
9,1,53,3.99967241287,3.0
9,1,53,3.78390455246,3.0
9,1,54,2.4785630703,2.75
9,1,54,3.81356406212,2.75
9,1,55,3.49443054199,3.5
9,1,55,3.83801341057,3.5
9,1,56,3.73449063301,3.75
9,1,56,3.13232898712,3.75
9,1,59,4.2790517807,2.75
9,1,59,2.98434758186,2.75
9,1,60,5.26728773117,4.0
9,1,60,4.64764738083,4.0
9,1,61,4.18228626251,3.5
9,1,61,4.79802131653,3.5
9,1,63,4.79965925217,3.25
9,1,63,4.93589544296,3.25
9,1,64,5.82502794266,4.25
9,1,64,4.97546243668,4.25
9,1,65,4.47192907333,2.0
9,1,65,4.64669466019,2.0
9,1,66,4.94312429428,4.75
9,1,66,4.73918151855,4.75
9,1,67,4.19939851761,4.25
9,1,67,4.61525535583,4.25
9,1,68,5.37491846085,3.5
9,1,68,4.41023683548,3.5
9,1,69,6.16914749146,5.5
9,1,69,4.417304039,5.5
9,1,72,3.70214414597,3.75
9,1,72,4.19902515411,3.75
9,1,73,4.67937135696,3.25
9,1,73,2.61473202705,3.25
9,1,74,4.07319498062,3.0
9,1,74,3.77188873291,3.0
9,1,75,4.31255817413,2.5
9,1,75,3.94010019302,2.5
9,1,76,4.13947343826,4.0
9,1,76,3.67322015762,4.0
9,1,77,4.03058576584,3.25
9,1,77,3.65529108047,3.25
9,1,78,3.69158887863,3.5
9,1,78,4.09354686737,3.5
9,1,79,4.07983970642,4.0
9,1,79,2.75096130371,4.0
9,1,81,4.40787649155,2.25
9,1,81,3.05004930496,2.25
9,1,82,4.86913347244,4.0
9,1,82,3.22706985474,4.0
9,1,83,4.80009412766,4.25
9,1,83,3.00222468376,4.25
9,1,84,4.12215471268,3.0
9,1,84,3.77297449112,3.0
9,1,85,4.43810033798,4.75
9,1,85,3.8870537281,4.75
9,1,86,4.71653175354,4.0
9,1,86,3.33332443237,4.0
9,1,87,3.52104926109,3.25
9,1,87,2.74868178368,3.25
9,1,88,4.23185348511,3.25
9,1,88,2.58113026619,3.25
9,1,89,4.11212778091,2.75
9,1,89,3.89376235008,2.75
9,1,90,4.02198410034,2.75
9,1,90,2.3289744854,2.75
9,1,91,3.89679765701,3.75
9,1,91,2.04391670227,3.75
9,1,92,4.25143766403,4.0
9,1,92,3.51015353203,4.0
9,1,93,4.26010608673,3.25
9,1,93,3.57557582855,3.25
9,1,94,3.89365673065,3.0
9,1,94,3.45204329491,3.0
9,1,95,4.40945625305,4.25
9,1,95,3.76585292816,4.25
9,1,96,3.85575699806,4.25
9,1,96,2.88129806519,4.25
9,1,97,3.94636321068,3.5
9,1,97,1.73893225193,3.5
9,1,98,3.67806696892,2.25
9,1,98,3.37258887291,2.25
9,1,99,4.6528544426,3.0
9,1,99,2.95273590088,3.0
9,1,100,4.29412031174,4.25
9,1,100,3.19148254395,4.25
9,1,101,4.63415050507,2.25
9,1,101,2.95766091347,2.25
9,1,102,3.69979023933,3.75
9,1,102,3.76604628563,3.75
9,1,103,3.73064303398,2.25
9,1,103,2.86821079254,2.25
9,1,104,4.17840099335,3.0
9,1,104,3.69778990746,3.0
9,1,105,3.57482862473,3.75
9,1,105,4.06286430359,3.75
9,1,106,4.09548473358,4.0
9,1,106,4.79924821854,4.0
9,1,107,4.72494745255,4.25
9,1,107,4.7483420372,4.25
9,1,110,3.98573303223,4.25
9,1,110,2.71920585632,4.25
9,1,111,3.94709563255,3.0
9,1,111,4.8510723114,4.0
9,2,2,4.42615842819,4.0
9,2,2,5.05731010437,4.5
9,2,3,4.71685409546,4.5
9,2,3,3.8756840229,5.25
9,2,4,4.85569858551,5.25
9,2,4,5.13781309128,5.5
9,2,5,5.19754219055,5.5
9,2,5,3.81851363182,5.75
9,2,6,4.32781457901,5.75
9,2,6,4.99296283722,5.25
9,2,7,4.38368749619,5.25
9,2,7,5.68661880493,4.5
9,2,8,4.70611190796,4.5
9,2,8,5.22603654861,5.75
9,2,9,5.08737802505,5.75
9,2,9,5.49187421799,4.75
9,2,10,4.72661495209,4.75
9,2,10,4.8846411705,4.5
9,2,11,4.88860607147,4.5
9,2,11,5.07398796082,5.5
9,2,12,5.50288438797,5.5
9,2,12,4.12570381165,3.75
9,2,13,4.72156858444,3.75
9,2,13,3.50522565842,2.75
9,2,16,4.37361049652,2.75
9,2,16,3.4445939064,4.0
9,2,17,4.33539056778,4.0
9,2,17,2.11547470093,4.25
9,2,18,2.2209777832,4.25
9,2,18,3.59064888954,3.0
9,2,20,3.80507493019,3.0
9,2,20,3.6842622757,3.75
9,2,21,3.70932030678,3.75
9,2,21,3.51294612885,3.0
9,2,22,3.66170978546,3.0
9,2,22,3.45590519905,2.75
9,2,23,3.97927641869,2.75
9,2,23,3.54299092293,1.75
9,2,24,3.44480466843,1.75
9,2,24,3.64860105515,5.75
9,2,25,4.06861352921,5.75
9,2,25,3.38589453697,3.25
9,2,27,4.16209173203,3.25
9,2,27,3.86139726639,2.75
9,2,30,3.47823500633,2.75
9,2,30,3.53940677643,2.75
9,2,31,3.50950717926,2.75
9,2,31,3.56200480461,2.25
9,2,32,2.52871990204,2.25
9,2,32,2.06472373009,2.5
9,2,34,2.78614330292,2.5
9,2,34,4.03508710861,4.75
9,2,36,4.05258083344,4.75
9,2,36,3.64893507957,3.75
9,2,37,2.85234642029,3.75
9,2,37,3.76616764069,2.0
9,2,38,3.48792433739,2.0
9,2,38,3.71508550644,3.25
9,2,42,3.04781842232,3.25
9,2,42,3.63806295395,3.0
9,2,45,4.39170789719,3.0
9,2,45,3.82789063454,4.75
9,2,46,4.4120516777,4.75
9,2,46,3.88448143005,4.0
9,2,50,3.88087844849,4.0
9,2,50,4.06647443771,3.75
9,2,53,3.22123670578,3.75
9,2,53,4.88739824295,4.0
9,2,62,5.40487766266,4.0
9,2,62,5.62366437912,5.0
9,2,63,4.83599233627,5.0
9,2,63,4.29346132278,4.5
9,2,64,3.73411679268,4.5
9,2,64,4.87380695343,5.5
9,2,66,3.62635731697,5.5
9,2,66,4.42094707489,4.25
9,2,67,4.35149765015,4.25
9,2,67,5.16934585571,3.25
9,2,68,4.42763710022,3.25
9,2,68,4.93882417679,3.25
9,2,69,2.88830065727,3.25
9,2,69,5.25170183182,4.75
9,2,70,3.64849114418,4.75
9,2,70,4.60316896439,5.25
9,2,71,3.78470039368,5.25
9,2,71,4.61702632904,5.25
9,2,74,4.47370767593,5.25
9,2,74,4.47113704681,3.75
9,2,75,4.61224746704,3.75
9,2,75,3.71021389961,4.25
9,2,77,3.88354372978,4.25
9,2,77,4.03870105743,5.5
9,2,78,4.37871789932,5.5
9,2,78,3.91869735718,5.25
9,2,79,4.35319137573,5.25
9,2,79,4.49585151672,4.75
9,2,81,4.05423974991,4.75
9,2,81,3.64149689674,3.75
9,2,84,4.52473402023,3.75
9,2,84,4.14899873734,4.75
9,2,85,4.51247739792,4.75
9,2,85,4.12223958969,4.0
9,2,86,4.36076641083,4.0
9,2,86,4.06111431122,3.25
9,2,87,3.92480897903,3.25
9,2,87,3.97868180275,4.5
9,2,88,4.09644651413,4.5
9,2,88,4.03425931931,2.75
9,2,89,4.26952791214,2.75
9,2,89,3.67566728592,3.25
9,2,90,3.58032560349,3.25
9,2,90,4.04437446594,4.25
9,2,91,4.03739929199,4.25
9,2,91,4.45978212357,4.25
9,2,92,4.12529373169,4.25
9,2,92,3.44298696518,5.0
9,2,95,3.66579794884,5.0
9,2,95,3.77010273933,3.0
9,2,96,3.95769524574,3.0
9,2,96,4.32750749588,4.5
9,2,98,4.14187002182,4.5
9,2,98,4.87093687057,5.75
9,2,100,4.45098495483,5.75
9,2,100,3.88555717468,3.0
9,2,103,3.80599498749,3.0
9,2,103,3.93338441849,3.25
9,2,104,4.34538841248,3.25
9,2,104,3.73714590073,4.5
9,2,105,4.06654310226,4.5
9,2,105,3.58939194679,3.75
9,2,107,2.66507911682,3.75
9,2,107,3.65510439873,4.25
9,2,108,3.94963002205,4.25
9,2,108,3.3052213192,2.25
9,2,109,2.90446853638,2.25
9,2,109,4.07488584518,4.5
10,1,4,5.04300928116,5.5
10,1,4,4.41406106949,5.5
10,1,5,4.19580841064,5.0
10,1,5,4.94366073608,5.0
10,1,6,4.16236209869,5.0
10,1,6,5.11467695236,5.0
10,1,7,3.72573494911,5.5
10,1,7,5.40845632553,5.5
10,1,8,3.18017911911,6.25
10,1,8,5.07101106644,6.25
10,1,9,4.51951313019,5.5
10,1,9,5.09870004654,5.5
10,1,10,5.12293338776,5.0
10,1,10,5.15308713913,5.0
10,1,11,4.21668577194,4.0
10,1,11,4.06889057159,4.0
10,1,12,4.56367540359,4.5
10,1,12,3.36782479286,4.5
10,1,13,4.45146894455,4.25
10,1,13,1.43504011631,4.25
10,1,14,4.89189291,3.75
10,1,14,5.23797369003,3.75
10,1,20,3.54320764542,5.0
10,1,20,5.02657270432,5.0
10,1,21,0.914291739464,5.25
10,1,21,4.06548023224,5.25
10,1,22,3.46723794937,4.5
10,1,22,3.91728782654,4.5
10,1,24,0.670401275158,4.75
10,1,24,2.91755104065,4.75
10,1,25,0.620384216309,4.5
10,1,25,3.04189062119,4.5
10,1,26,1.09747886658,2.375
10,1,26,4.09473276138,2.375
10,1,27,1.09095549583,4.25
10,1,27,0.880372881889,4.25
10,1,28,0.812403976917,4.75
10,1,28,1.1357396841,4.75
10,1,29,1.75827944279,4.5
10,1,29,3.22055506706,4.5
10,1,30,3.24340462685,5.5
10,1,30,-0.313621520996,5.5
10,1,31,2.65609359741,4.75
10,1,31,1.64336693287,4.75
10,1,32,-1.09654355049,3.75
10,1,32,2.73630738258,3.75
10,1,33,2.07597470284,4.5
10,1,33,0.718433022499,4.5
10,1,36,0.0815175846219,4.75
10,1,36,1.82971537113,4.75
10,1,39,-1.26526534557,4.0
10,1,39,1.04765641689,4.0
10,1,42,0.433657705784,5.25
10,1,42,4.06586885452,5.25
10,1,43,-1.22580552101,4.5
10,1,43,4.51049041748,4.5
10,1,44,2.28933286667,4.5
10,1,44,1.36572957039,4.5
10,1,45,0.239686757326,2.875
10,1,45,3.48824429512,2.875
10,1,46,1.92000424862,5.0
10,1,46,4.54731893539,5.0
10,1,47,0.980357885361,5.25
10,1,47,3.31149768829,5.25
10,1,48,-0.155167326331,5.0
10,1,48,4.13208198547,5.0
10,1,49,-0.96849322319,4.0
10,1,49,1.13097155094,4.0
10,1,50,2.1108455658,5.25
10,1,50,2.66694664955,5.25
10,1,51,0.34370136261,5.5
10,1,51,2.80271291733,5.5
10,1,52,2.19884443283,5.0
10,1,52,2.82166290283,5.0
10,1,53,3.44614577293,5.25
10,1,53,2.76485395432,5.25
10,1,55,-1.41623973846,5.25
10,1,55,4.74037408829,5.25
10,1,56,0.251087486744,4.5
10,1,56,3.54323649406,4.5
10,1,57,2.35129451752,1.5
10,1,57,3.01913881302,1.5
10,1,61,4.93956375122,4.0
10,1,61,5.75441503525,4.0
10,1,62,3.76504254341,3.75
10,1,62,3.62928247452,3.75
10,1,63,4.98540067673,4.25
10,1,63,2.63276529312,4.25
10,1,64,4.6610417366,5.0
10,1,64,5.26806735992,5.0
10,1,65,5.08496761322,5.75
10,1,65,4.91752386093,5.75
10,1,66,2.79736328125,6.0
10,1,66,4.24436426163,6.0
10,1,67,3.71904706955,5.25
10,1,67,4.80029344559,5.25
10,1,68,3.51606702805,3.75
10,1,68,4.79974794388,3.75
10,1,69,4.53967571259,4.5
10,1,69,5.03262138367,4.5
10,1,72,1.90354120731,3.0
10,1,72,3.29778003693,3.0
10,1,73,2.06755185127,4.25
10,1,73,2.84813094139,4.25
10,1,74,1.9399702549,4.75
10,1,74,2.87130117416,4.75
10,1,75,3.69794678688,4.5
10,1,75,2.85357689857,4.5
10,1,76,0.697670638561,4.75
10,1,76,3.59526920319,4.75
10,1,77,2.16303181648,4.5
10,1,77,2.38170671463,4.5
10,1,78,3.57671952248,5.5
10,1,78,3.95031571388,5.5
10,1,79,0.720326542854,4.5
10,1,79,3.42300367355,4.5
10,1,80,4.07882642746,5.0
10,1,80,3.40740156174,5.0
10,1,81,3.47312116623,4.25
10,1,81,3.41542005539,4.25
10,1,82,2.76920032501,4.5
10,1,82,2.7413828373,4.5
10,1,83,2.10659599304,3.0
10,1,83,4.29934072495,3.0
10,1,84,-1.35647022724,2.75
10,1,84,3.6882879734,2.75
10,1,85,0.511339783669,4.75
10,1,85,2.69002318382,4.75
10,1,86,1.99066734314,4.0
10,1,86,1.08537173271,4.0
10,1,87,4.06679868698,4.75
10,1,87,4.89944410324,4.75
10,1,88,4.49309587479,5.5
10,1,88,4.51449346542,5.5
10,1,89,2.84754276276,5.25
10,1,89,4.6468000412,5.25
10,1,90,3.56310772896,3.75
10,1,90,3.94619607925,3.75
10,1,91,1.01214313507,4.5
10,1,91,3.92260313034,4.5
10,1,92,2.83510398865,5.0
10,1,92,3.14665460587,5.0
10,1,93,0.416784226894,4.0
10,1,93,2.60086750984,4.0
10,1,94,2.52278590202,5.0
10,1,94,3.40510439873,5.0
10,1,95,2.11376643181,4.75
10,1,95,1.46275115013,4.75
10,1,96,0.435118377209,4.5
10,1,96,4.28950500488,4.5
10,1,97,3.0128762722,3.75
10,1,97,-1.27641677856,3.75
10,1,98,-0.0550897717476,4.5
10,1,98,0.548356235027,4.5
10,1,99,2.16867566109,5.25
10,1,99,3.42725992203,5.25
10,1,100,3.7643699646,4.0
10,1,100,1.91463625431,4.0
10,1,101,4.09947252274,5.5
10,1,101,3.9518096447,5.5
10,1,102,1.64704883099,5.0
10,1,102,1.08059763908,5.0
10,1,103,1.4939776659,3.75
10,1,103,2.38021063805,3.75
10,1,104,4.06398296356,4.5
10,1,104,4.4044084549,4.5
10,1,105,0.0980223342776,4.0
10,1,105,0.71311467886,4.0
10,1,106,-1.13120448589,2.0
10,1,106,0.227533608675,2.0
10,1,107,1.78462553024,5.0
10,1,107,3.77435564995,5.0
10,1,108,3.14932847023,5.0
10,1,108,4.90581941605,3.75
10,2,3,5.21538877487,3.75
10,2,3,5.00594949722,6.25
10,2,4,5.34603404999,6.25
10,2,4,5.53170061111,5.5
10,2,5,5.82244491577,5.5
10,2,5,4.8658914566,5.25
10,2,6,4.97456932068,5.25
10,2,6,5.2259311676,5.25
10,2,7,5.42663860321,5.25
10,2,7,5.48834514618,5.75
10,2,8,5.32475805283,5.75
10,2,8,4.96734857559,3.25
10,2,9,5.20296859741,3.25
10,2,9,4.43193292618,5.25
10,2,10,4.88547134399,5.25
10,2,10,4.80332803726,4.5
10,2,11,4.35648202896,4.5
10,2,11,5.04151010513,4.25
10,2,12,2.57784295082,4.25
10,2,12,4.9124546051,5.25
10,2,13,4.10930633545,5.25
10,2,13,4.86643218994,5.25
10,2,14,5.69548606873,5.25
10,2,14,5.63822317123,5.75
10,2,15,4.76662778854,5.75
10,2,15,4.59743022919,4.5
10,2,19,4.96103286743,4.5
10,2,19,0.334932744503,2.75
10,2,20,4.48347616196,2.75
10,2,20,4.48699760437,5.5
10,2,21,3.35118889809,5.5
10,2,21,1.65462255478,5.5
10,2,22,4.1958899498,5.5
10,2,22,1.92700016499,5.0
10,2,23,3.55655837059,5.0
10,2,23,-1.28263890743,3.5
10,2,26,4.42648935318,3.5
10,2,26,1.78051650524,4.5
10,2,28,3.83727073669,4.5
10,2,28,-0.486747801304,5.0
10,2,29,2.35957717896,5.0
10,2,29,0.529022336006,5.75
10,2,30,4.80847835541,5.75
10,2,30,-1.12722909451,4.75
10,2,33,3.52565717697,4.75
10,2,33,-0.837557852268,3.75
10,2,36,0.781474411488,3.75
10,2,36,1.0813587904,5.0
10,2,37,3.31475996971,5.0
10,2,37,4.07993030548,4.75
10,2,38,3.18783426285,4.75
10,2,38,4.51382684708,5.25
10,2,39,0.890784084797,5.25
10,2,39,-1.18475234509,5.25
10,2,41,5.59695005417,5.25
10,2,41,0.796126186848,5.5
10,2,42,3.65170025826,5.5
10,2,42,1.56525576115,5.75
10,2,43,3.39719104767,5.75
10,2,43,1.11949706078,5.25
10,2,47,2.35690402985,5.25
10,2,47,5.268014431,5.5
10,2,51,5.28466796875,5.5
10,2,51,5.16164541245,5.5
10,2,52,5.08934831619,5.5
10,2,52,5.4236035347,6.75
10,2,53,4.62031316757,6.75
10,2,53,5.44799041748,5.5
10,2,54,4.1584353447,5.5
10,2,54,4.36363554001,3.75
10,2,55,3.39809799194,3.75
10,2,55,4.86192941666,5.25
10,2,56,4.87388658524,5.25
10,2,56,5.2440404892,5.5
10,2,58,5.58369493484,5.5
10,2,58,4.06000089645,5.0
10,2,65,4.69886445999,5.0
10,2,65,2.27727794647,3.0
10,2,66,0.334358215332,3.0
10,2,66,2.07953476906,4.33333
10,2,67,3.64030790329,4.33333
10,2,67,1.86502730846,4.75
10,2,68,4.38303804398,4.75
10,2,68,0.0150361061096,5.25
10,2,69,4.48404216766,5.25
10,2,69,3.90942811966,4.66667
10,2,70,3.90599155426,4.66667
10,2,70,0.45311242342,4.0
10,2,71,4.51687908173,4.0
10,2,71,3.22770190239,6.25
10,2,72,4.77716159821,6.25
10,2,72,2.74178624153,5.5
10,2,73,3.85302758217,5.5
10,2,73,5.07335090637,4.75
10,2,74,0.230204358697,4.75
10,2,74,2.69998526573,4.5
10,2,75,0.803685665131,4.5
10,2,75,1.07068967819,4.5
10,2,76,4.66812086105,4.5
10,2,76,1.92095637321,3.5
10,2,77,4.23780679703,3.5
10,2,77,3.95799446106,5.25
10,2,78,4.22218561172,5.25
10,2,78,1.91196846962,5.5
10,2,79,5.10282087326,5.5
10,2,79,2.9160027504,4.5
10,2,80,1.7249661684,4.5
10,2,80,1.94269704819,5.25
10,2,81,4.75335645676,5.25
10,2,81,4.65323352814,5.25
10,2,82,5.16841602325,5.25
10,2,82,4.0307097435,4.25
10,2,83,5.09717798233,4.25
10,2,83,3.76512312889,4.0
10,2,84,3.56744980812,4.0
10,2,84,2.9404489994,5.25
10,2,85,4.95945167542,5.25
10,2,85,3.63572311401,4.5
10,2,86,2.71719765663,4.5
10,2,86,2.18561935425,5.5
10,2,87,3.55876922607,5.5
10,2,87,4.16844654083,5.5
10,2,88,4.47161817551,5.5
10,2,88,1.93757462502,4.0
10,2,89,2.43757200241,4.0
10,2,89,2.21187472343,4.25
10,2,90,3.18731880188,4.25
10,2,90,4.57402229309,4.25
10,2,91,1.59192502499,4.25
10,2,91,4.31445550919,5.75
11,1,4,2.55563354492,5.75
11,1,4,5.23681640625,5.75
11,1,5,1.55523943901,4.5
11,1,5,5.17575359344,4.5
11,1,6,0.247835189104,5.0
11,1,6,4.93042945862,5.0
11,1,7,1.82855117321,4.25
11,1,7,5.03726959229,4.25
11,1,8,0.69010412693,4.25
11,1,8,4.05571603775,4.25
11,1,9,1.51404702663,4.0
11,1,9,1.67951488495,4.0
11,1,10,2.65638113022,4.66667
11,1,10,5.3380613327,4.66667
11,1,11,2.53574824333,4.5
11,1,11,5.15903615952,4.5
11,1,12,0.630224108696,5.5
11,1,12,0.527260661125,5.5
11,1,13,2.89184451103,5.25
11,1,13,0.3576849401,5.25
11,1,14,2.78370690346,4.25
11,1,14,2.92327189445,4.25
11,1,15,3.20590567589,3.5
11,1,15,0.569109380245,3.5
11,1,19,-0.87133204937,6.25
11,1,19,7.44305801392,6.25
11,1,20,0.605417609215,5.5
11,1,20,7.53699111938,5.5
11,1,21,-0.964279532433,4.25
11,1,21,5.27323913574,4.25
11,1,22,0.687605381012,6.25
11,1,22,5.53429698944,6.25
11,1,23,-2.21592855453,5.75
11,1,23,5.28127908707,5.75
11,1,24,0.473450392485,3.25
11,1,24,5.37706565857,3.25
11,1,25,-1.1387565136,5.0
11,1,25,7.33486557007,5.0
11,1,26,0.0847404226661,4.0
11,1,26,8.17946529388,4.0
11,1,27,0.706341028214,4.5
11,1,27,5.26944589615,4.5
11,1,28,0.932371616364,4.5
11,1,28,7.0851893425,4.5
11,1,29,-0.130079641938,5.5
11,1,29,8.33404827118,5.5
11,1,30,0.575790762901,4.25
11,1,30,5.1075758934,4.25
11,1,31,-0.919267892838,5.5
11,1,31,5.11858558655,5.5
11,1,32,1.06024253368,4.25
11,1,32,5.40257787704,4.25
11,1,33,-2.72799682617,5.0
11,1,33,5.03308534622,5.0
11,1,34,-2.33060407639,4.5
11,1,34,6.66108798981,4.5
11,1,35,-0.313169270754,4.5
11,1,35,6.78612232208,4.5
11,1,36,-0.0650769770145,5.0
11,1,36,5.36624336243,5.0
11,1,37,-0.934119343758,3.75
11,1,37,5.39139604568,3.75
11,1,38,-1.7722581625,4.5
11,1,38,5.47607088089,4.5
11,1,39,1.50248301029,5.0
11,1,39,5.29934453964,5.0
11,1,48,-0.975591897964,2.25
11,1,48,-1.43667638302,2.25
11,1,50,1.20202684402,3.0
11,1,50,5.17169094086,3.0
11,1,51,3.17992925644,4.75
11,1,51,4.96166706085,4.75
11,1,57,2.05300545692,2.5
11,1,57,3.97636461258,2.5
11,1,62,-2.27197003365,5.0
11,1,62,5.08172893524,5.0
11,1,63,-2.02695345879,6.25
11,1,63,4.25908136368,6.25
11,1,64,-2.29482030869,5.0
11,1,64,3.12996959686,5.0
11,1,66,-1.9333729744,3.25
11,1,66,5.29256391525,3.25
11,1,68,-0.294402092695,4.25
11,1,68,2.37128281593,4.25
11,1,69,-1.48496580124,4.0
11,1,69,4.1135430336,4.0
11,1,70,-1.04428482056,5.0
11,1,70,5.72184038162,5.0
11,1,73,-2.26091623306,5.25
11,1,73,-0.599418282509,5.25
11,1,75,-1.99420785904,3.5
11,1,75,4.52485990524,3.5
11,1,76,-1.94186854362,4.0
11,1,76,5.06877231598,4.0
11,1,77,-2.6262819767,6.0
11,1,77,-3.28300571442,6.0
11,1,78,1.10542571545,5.0
11,1,78,5.02991533279,5.0
11,1,79,-2.42541241646,4.5
11,1,79,-1.61783766747,4.5
11,1,80,-0.956525921822,6.0
11,1,80,5.1547832489,6.0
11,1,81,-0.434049755335,4.5
11,1,81,6.77900409698,4.5
11,1,82,-2.1451356411,4.5
11,1,82,5.07845926285,4.5
11,1,83,-1.25666058064,3.5
11,1,83,3.03081989288,3.5
11,1,84,0.403290808201,3.5
11,1,84,6.84099626541,3.5
11,1,87,-3.04673981667,2.75
11,1,87,-1.18822228909,2.75
11,1,88,-1.43829023838,3.75
11,1,88,-3.311617136,3.75
11,1,90,0.219494387507,4.25
11,1,90,-3.36859059334,4.25
11,1,91,1.11753106117,5.5
11,1,91,-0.479242712259,5.5
11,1,93,2.1407930851,4.25
11,1,93,7.96266651154,4.25
11,1,94,-0.389364957809,5.75
11,1,94,7.61989927292,5.75
11,1,95,0.64880156517,4.25
11,1,95,-3.11396455765,4.25
11,1,96,-3.20037198067,4.75
11,1,96,6.29749011993,4.75
11,1,97,-2.14659047127,3.75
11,1,97,5.70274829865,3.75
11,1,98,-2.52347230911,4.5
11,1,98,2.37460041046,4.5
11,1,99,-2.41162133217,6.25
11,1,99,3.00591468811,5.0
11,2,3,4.35263681412,5.0
11,2,3,2.34125828743,4.0
11,2,4,4.80290031433,4.0
11,2,4,0.607341766357,2.25
11,2,5,5.07219791412,2.25
11,2,5,1.68746614456,5.5
11,2,6,3.87597942352,5.5
11,2,6,1.8248603344,0.75
11,2,7,2.25457882881,0.75
11,2,7,2.90771889687,5.0
11,2,8,6.43196249008,5.0
11,2,8,2.75488138199,3.5
11,2,9,4.85104179382,3.5
11,2,9,1.48423969746,4.75
11,2,10,4.92004680634,4.75
11,2,10,1.85459899902,2.25
11,2,12,5.02313089371,2.25
11,2,12,0.384380817413,3.75
11,2,17,5.04890346527,3.75
11,2,17,0.33083409071,4.0
11,2,18,3.0549800396,4.0
11,2,18,-0.26039943099,5.25
11,2,19,2.79911065102,5.25
11,2,19,-0.571836471558,4.75
11,2,20,3.71176433563,4.75
11,2,20,1.26359629631,6.25
11,2,21,4.72894668579,6.25
11,2,21,1.466786623,3.75
11,2,22,4.11038017273,3.75
11,2,22,-0.234625607729,5.75
11,2,23,4.81070756912,5.75
11,2,23,-1.67678713799,5.0
11,2,24,4.1165189743,5.0
11,2,24,-0.858806014061,5.0
11,2,25,3.03456616402,5.0
11,2,25,0.538023293018,3.5
11,2,26,5.08886528015,3.5
11,2,26,1.44553375244,5.5
11,2,27,2.90243721008,5.5
11,2,27,0.684342026711,4.5
11,2,28,4.0491604805,4.5
11,2,28,0.15997299552,4.75
11,2,29,0.755564212799,4.75
11,2,29,0.755348563194,4.0
11,2,30,4.21781730652,4.0
11,2,30,2.25425744057,5.0
11,2,31,5.88463068008,5.0
11,2,31,1.64684784412,5.25
11,2,32,1.82173860073,5.25
11,2,32,-0.494412213564,4.25
11,2,33,4.81359481812,4.25
11,2,33,0.599893331528,6.5
11,2,34,0.807975053787,6.5
11,2,34,-2.63861203194,3.75
11,2,35,4.99378824234,3.75
11,2,35,0.41493922472,4.25
11,2,36,5.10581207275,4.25
11,2,36,1.78549480438,5.0
11,2,37,5.12126541138,5.0
11,2,37,0.232342541218,4.25
11,2,38,6.39419317245,4.25
11,2,38,-0.38910189271,4.5
11,2,39,5.20488548279,4.5
11,2,39,-0.188068449497,4.25
11,2,40,5.11533355713,4.25
11,2,40,-1.3774613142,4.75
11,2,41,5.12993001938,4.75
11,2,41,-0.160263732076,4.75
11,2,42,6.14146566391,4.75
11,2,42,-2.63024163246,5.25
11,2,43,5.17689609528,5.25
11,2,43,0.264131009579,5.5
11,2,44,5.05441617966,5.5
11,2,44,-1.01315295696,4.25
11,2,45,5.02931499481,4.25
11,2,45,-0.471576541662,4.25
11,2,46,5.2129983902,4.25
11,2,46,-2.92083215714,4.0
11,2,47,-0.882954835892,4.0
11,2,47,-2.2057890892,6.5
11,2,48,5.00025129318,6.5
11,2,48,-1.2418358326,2.75
11,2,49,5.23135900497,2.75
11,2,49,-1.33403682709,4.25
11,2,50,3.89583468437,4.25
11,2,50,0.0136083140969,4.5
11,2,51,5.16700220108,4.5
11,2,51,0.690395712852,5.0
11,2,52,4.2685136795,5.0
11,2,52,-0.772936820984,4.5
11,2,53,5.57920885086,4.5
11,2,53,-0.280762344599,3.75
11,2,54,4.9430437088,3.75
11,2,54,-3.32506084442,4.5
11,2,55,4.54296255112,4.5
11,2,55,0.272208631039,4.75
11,2,56,4.99875497818,4.75
11,2,56,1.50245034695,2.5
11,2,60,5.09316921234,2.5
11,2,60,0.830752253532,3.25
11,2,61,5.22144365311,3.25
11,2,61,1.26020693779,1.75
11,2,62,5.01962566376,1.75
11,2,62,1.87407815456,2.75
11,2,63,5.07619667053,2.75
11,2,63,-0.2203373909,4.25
11,2,64,6.78712558746,4.25
11,2,64,0.485197275877,2.5
11,2,65,1.78501594067,2.5
11,2,65,1.69216942787,1.75
11,2,66,7.38915872574,1.75
11,2,66,2.61312508583,4.75
11,2,67,5.94512224197,4.75
11,2,67,2.74603199959,4.0
11,2,68,5.14750289917,4.0
11,2,68,2.65360331535,3.25
11,2,69,7.93219709396,3.25
11,2,69,-2.20128941536,4.25
11,2,72,7.45845127106,4.25
11,2,72,-1.12953317165,4.25
11,2,73,8.00510501862,4.25
11,2,73,-3.09817457199,4.25
11,2,74,4.09050321579,4.25
11,2,74,-3.00422215462,2.5
11,2,75,4.73996543884,2.5
11,2,75,-1.42804956436,5.5
11,2,76,4.43204450607,5.5
11,2,76,-2.74746870995,4.5
11,2,77,4.41121149063,4.5
11,2,77,-0.0740219950676,5.5
11,2,78,5.91055583954,5.5
11,2,78,-2.17501330376,4.25
11,2,79,-1.3461009264,4.25
11,2,79,-2.57636332512,3.75
11,2,80,5.03644227982,3.75
11,2,80,-2.34065794945,3.0
11,2,81,4.01020717621,3.0
11,2,81,-1.6840364933,4.75
11,2,82,3.07874178886,4.75
11,2,82,-0.503388285637,4.0
11,2,83,2.59964609146,4.0
11,2,83,0.253174722195,4.75
11,2,84,5.1908416748,4.75
11,2,84,0.600041985512,5.0
11,2,85,-2.67761063576,5.0
11,2,85,-0.32740560174,5.75
11,2,86,4.69014167786,5.75
11,2,86,1.62555384636,4.25
11,2,87,5.52894258499,4.25
11,2,87,0.618940591812,5.0
11,2,88,8.1523399353,5.0
11,2,88,0.624940752983,4.75
11,2,89,-2.94605398178,4.75
11,2,89,0.0321830958128,3.25
11,2,90,4.98978042603,3.25
11,2,90,0.289641737938,4.5
11,2,91,5.24731731415,4.5
11,2,91,-0.535595297813,5.5
11,2,92,3.03774595261,5.5
11,2,92,-1.07789158821,5.0
11,2,93,5.11627340317,5.0
11,2,93,-1.58505582809,4.25
11,2,94,4.74550008774,4.25
11,2,94,0.385867387056,4.0
11,2,95,6.8776974678,4.0
11,2,95,-3.21125388145,5.0
11,2,96,3.06090188026,5.0
11,2,96,0.615969538689,3.75
11,2,97,3.04157018661,3.75
11,2,97,-2.43875718117,5.0
11,2,98,5.18714427948,5.0
11,2,98,-0.746737957001,5.5
11,2,99,3.92441654205,5.5
11,2,99,0.556425213814,4.5
11,2,100,5.12489080429,4.5
11,2,100,-1.44601845741,4.75
11,2,101,4.06380367279,4.75
11,2,101,-2.48551297188,3.75
11,2,102,-1.6907299757,3.75
11,2,102,-3.15581727028,5.25
11,2,103,3.86466693878,5.25
11,2,103,-1.03359496593,6.0
11,2,104,5.28743839264,6.0
11,2,104,-2.40996098518,4.5
11,2,105,2.00374531746,4.5
11,2,105,0.776153683662,3.0
11,2,106,6.07856845856,3.0
11,2,106,-0.811696767807,4.75
11,2,109,5.17351818085,4.75
11,2,109,-2.78739881516,4.75
11,2,110,5.25403690338,4.75
11,2,110,-1.45633351803,4.5
12,1,2,6.70794820786,6.5
12,1,2,6.89563083649,6.5
12,1,3,6.52277708054,6.0
12,1,3,6.70506095886,6.0
12,1,5,6.58246469498,6.0
12,1,5,6.93138647079,6.0
12,1,6,3.80039453506,5.0
12,1,6,6.78693580627,5.0
12,1,7,6.58273267746,6.25
12,1,7,6.67374420166,6.25
12,1,8,6.83137369156,5.25
12,1,8,3.83305907249,5.25
12,1,9,4.4548368454,4.75
12,1,9,6.96894741058,4.75
12,1,10,6.54170036316,5.25
12,1,10,7.20010328293,5.25
12,1,11,4.34700918198,5.0
12,1,11,3.99493217468,5.0
12,1,12,6.65839099884,5.75
12,1,12,6.80359745026,5.75
12,1,69,-5.67763757706,3.75
12,1,69,7.15348434448,4.0
12,2,4,5.97356796265,4.0
12,2,4,6.44748735428,5.25
12,2,5,6.65917873383,5.25
12,2,5,6.47144412994,5.0
12,2,11,7.17173480988,5.0
12,2,11,6.51599216461,5.25
16,2,5,2.5595600605,4.0
16,2,5,2.65386652946,4.0
16,2,6,3.45136022568,4.5
16,2,6,2.37222003937,4.5
16,2,7,3.69378471375,5.0
16,2,7,2.820073843,5.0
16,2,8,3.36337947845,3.25
16,2,8,1.93664419651,3.25
16,2,9,4.73189020157,3.5
16,2,9,2.62146759033,3.5
16,2,10,4.53698444366,5.5
16,2,10,4.36436128616,5.5
16,2,11,3.19729328156,4.5
16,2,11,2.11887407303,4.5
16,2,12,3.58014655113,5.5
16,2,12,4.70868253708,5.5
16,2,13,3.96989417076,4.5
16,2,13,4.08624887466,4.5
16,2,14,3.35780549049,4.0
16,2,14,1.26535868645,4.0
16,2,15,4.00164651871,4.25
16,2,15,3.33205270767,4.25
16,2,21,1.4662181139,3.75
16,2,21,2.52447247505,3.75
16,2,22,0.942175686359,1.75
16,2,22,1.11979711056,1.75
16,2,23,1.25864982605,2.5
16,2,23,1.12035131454,2.5
16,2,24,1.46735441685,3.5
16,2,24,1.5586745739,3.5
16,2,25,1.52361667156,3.0
16,2,25,1.35854530334,3.0
16,2,26,1.60435795784,3.25
16,2,26,1.54188930988,3.25
16,2,27,1.73733234406,4.25
16,2,27,3.19738054276,4.25
16,2,28,0.914710044861,3.25
16,2,28,1.40409660339,3.25
16,2,29,1.12849581242,2.0
16,2,29,1.48136019707,2.0
16,2,30,1.32380330563,3.0
16,2,30,1.58853852749,3.0
16,2,31,1.3132724762,2.0
16,2,31,1.4113048315,2.0
16,2,32,1.27089643478,2.75
16,2,32,1.46638429165,2.75
16,2,33,0.969804644585,1.5
16,2,33,1.08995866776,1.5
16,2,34,1.26055467129,2.25
16,2,34,0.885651111603,2.25
16,2,35,1.45627593994,2.5
16,2,35,1.37519800663,2.5
16,2,36,1.53882288933,3.75
16,2,36,1.34190833569,3.75
16,2,37,1.6300444603,4.5
16,2,37,1.48534429073,4.5
16,2,38,1.73472285271,4.0
16,2,38,1.70645403862,4.0
16,2,39,1.48092007637,2.25
16,2,39,1.23330080509,2.25
16,2,40,1.38732051849,2.0
16,2,40,1.2209713459,2.0
16,2,41,1.50591945648,1.75
16,2,41,1.66024684906,1.75
16,2,42,1.53659641743,2.5
16,2,42,2.1248061657,2.5
16,2,43,1.19702124596,2.25
16,2,43,1.69730722904,2.25
16,2,44,2.24764943123,2.75
16,2,44,1.48649299145,2.75
16,2,45,1.32883274555,3.0
16,2,45,1.51005017757,3.0
16,2,46,1.49304807186,2.5
16,2,46,1.49466848373,2.5
16,2,47,1.10706317425,1.75
16,2,47,0.875553429127,1.75
16,2,48,1.73243188858,3.25
16,2,48,1.34947669506,3.25
16,2,49,1.4010668993,2.75
16,2,49,1.17437326908,2.75
16,2,50,1.25480997562,2.25
16,2,50,1.31941103935,2.25
16,2,51,1.20664322376,3.5
16,2,51,1.07418608665,3.5
16,2,52,1.19999694824,2.25
16,2,52,1.41519904137,2.25
16,2,53,2.83157896996,4.0
16,2,53,2.4874048233,4.0
16,2,54,1.14237761497,1.25
16,2,54,1.12432098389,1.25
16,2,55,3.70051312447,4.0
16,2,55,3.90784049034,4.0
16,2,56,2.159263134,4.75
16,2,56,4.36417388916,4.75
16,2,57,1.57932794094,3.0
16,2,57,1.28734517097,3.0
16,2,58,1.54638135433,2.25
16,2,58,1.65176916122,2.25
16,2,60,1.11393678188,3.0
16,2,60,1.65972232819,3.0
16,2,61,1.99076902866,2.5
16,2,61,1.58573424816,2.5
16,2,65,3.59692049026,5.0
16,2,65,2.8091506958,5.0
16,2,66,3.3880815506,5.75
16,2,66,3.19961190224,5.75
16,2,67,2.54859566689,3.5
16,2,67,2.96412754059,3.5
16,2,68,1.14119589329,1.25
16,2,68,0.639415383339,1.25
16,2,69,1.42199575901,1.75
16,2,69,0.585421442986,1.75
16,2,70,1.3032296896,1.75
16,2,70,1.09562838078,1.75
16,2,71,2.45684051514,4.0
16,2,71,1.6403285265,4.0
16,2,72,2.58378958702,2.25
16,2,72,0.99804264307,2.25
16,2,73,1.70426654816,4.0
16,2,73,2.93303012848,4.0
16,2,76,1.57882452011,3.0
16,2,76,2.348133564,3.0
16,2,77,2.43985033035,5.5
16,2,77,4.22579574585,5.5
16,2,78,2.61926531792,4.25
16,2,78,1.95864081383,4.25
16,2,79,3.43316650391,5.0
16,2,79,2.75721120834,5.0
16,2,80,1.60290384293,4.0
16,2,80,2.57554602623,4.0
16,2,81,1.45270454884,2.5
16,2,81,1.75443387032,2.5
16,2,82,1.30614924431,2.25
16,2,82,1.6722266674,2.25
16,2,83,2.14533257484,4.5
16,2,83,2.19363284111,4.5
16,2,84,2.17487359047,3.75
16,2,84,1.8148714304,3.75
16,2,85,1.7624604702,3.5
16,2,85,1.98406004906,3.5
16,2,86,3.23688387871,4.5
16,2,86,2.28862333298,4.5
16,2,87,1.34917330742,3.5
16,2,87,1.52137458324,3.5
16,2,88,1.47237062454,3.75
16,2,88,2.64076161385,3.75
16,2,89,1.08465027809,1.75
16,2,89,1.20981514454,1.75
16,2,90,1.29156887531,1.75
16,2,90,0.966338992119,1.75
16,2,91,1.51699531078,3.25
16,2,91,1.61693143845,3.25
16,2,92,1.2435952425,2.5
16,2,92,1.40637207031,2.5
16,2,93,1.77424311638,4.0
16,2,93,1.89133489132,4.0
16,2,94,1.68273317814,4.0
16,2,94,2.1936583519,4.0
16,2,95,2.04291677475,3.5
16,2,95,1.82201552391,3.5
16,2,96,2.8924331665,3.5
16,2,96,2.08524703979,3.5
16,2,97,1.14505124092,2.75
16,2,97,1.54816794395,2.75
16,2,98,2.33295106888,4.5
16,2,98,3.79659056664,4.5
16,2,99,1.47937631607,3.25
16,2,99,2.21402359009,3.25
16,2,100,1.68919181824,3.25
16,2,100,1.65472233295,3.25
16,2,101,2.49190449715,5.0
16,2,101,2.53577899933,5.0
16,2,102,1.251039505,1.75
16,2,102,1.00218439102,1.75
16,2,103,1.28015589714,3.25
16,2,103,1.4670727253,3.25
16,2,104,1.87588262558,1.75
16,2,104,1.08400905132,1.75
16,2,105,2.04784154892,3.75
16,2,105,1.62957823277,3.75
16,2,106,1.57027471066,2.75
16,2,106,1.40573370457,2.75
16,2,107,1.78520464897,3.25
16,2,107,1.32574558258,3.25
16,2,108,1.42799043655,2.75
16,2,108,1.03870582581,2.75
16,2,109,2.35615420341,4.5
16,2,109,2.83975148201,4.5
16,2,110,1.34076678753,2.25
16,2,110,1.7080552578,2.25
16,2,111,1.50018453598,3.5
16,2,111,1.50278782845,3.5
16,2,112,1.23371481895,1.5
16,2,112,1.22388446331,1.5
16,2,113,1.42757499218,2.5
16,2,113,1.44083464146,2.5
16,2,114,2.42199015617,3.5
16,2,114,1.83996367455,3.5
16,2,115,1.9078848362,2.75
16,2,115,2.07124423981,2.75
16,2,116,4.1325340271,4.0
17,1,4,4.62629032135,2.75
17,1,4,5.40267753601,2.75
17,1,5,3.87528204918,2.75
17,1,5,4.53444337845,2.75
17,1,6,4.68616628647,2.75
17,1,6,5.4897313118,2.75
17,1,7,4.21370410919,2.75
17,1,7,3.57612776756,2.75
17,1,8,2.51452445984,2.75
17,1,8,3.64503502846,2.75
17,1,9,3.94862222672,1.5
17,1,9,3.69104623795,1.5
17,1,10,3.54522061348,1.5
17,1,10,3.35784316063,1.5
17,1,12,4.5774846077,2.25
17,1,12,4.74161338806,2.25
17,1,17,5.06325006485,3.0
17,1,17,3.3975174427,3.0
17,1,18,4.81336975098,2.75
17,1,18,3.94552731514,2.75
17,1,19,4.60307264328,4.0
17,1,19,3.56117892265,4.0
17,1,20,4.80916166306,3.5
17,1,20,4.02689838409,3.5
17,1,21,4.83694410324,2.5
17,1,21,4.10146665573,2.5
17,1,22,4.81261920929,3.0
17,1,22,4.10481071472,3.0
17,1,23,4.94346952438,2.5
17,1,23,3.12897872925,2.5
17,1,24,5.05498552322,3.25
17,1,24,4.25296354294,3.25
17,1,25,4.7883014679,3.75
17,1,25,4.2314991951,3.75
17,1,26,4.79258966446,3.0
17,1,26,3.42899799347,3.0
17,1,27,4.89121484756,4.5
17,1,27,4.40769767761,4.5
17,1,29,4.91508579254,4.0
17,1,29,3.77123022079,4.0
17,1,30,5.23199081421,5.25
17,1,30,4.2480802536,5.25
17,1,31,4.69275426865,4.0
17,1,31,3.90860176086,4.0
17,1,32,3.86462569237,4.5
17,1,32,3.9099187851,4.5
17,1,33,4.73218107224,3.75
17,1,33,3.46434736252,3.75
17,1,34,4.44289398193,3.25
17,1,34,4.13745737076,3.25
17,1,35,3.81274056435,2.5
17,1,35,3.34823775291,2.5
17,1,36,4.17686462402,2.75
17,1,36,4.167491436,2.75
17,1,37,5.00916194916,2.5
17,1,37,3.89256191254,2.5
17,1,38,4.93552398682,2.25
17,1,38,3.39583802223,2.25
17,1,39,4.22085762024,4.5
17,1,39,3.63765192032,4.5
17,1,40,4.7500538826,3.0
17,1,40,4.79266023636,3.0
17,1,41,4.50627374649,3.25
17,1,41,4.72728443146,3.25
17,1,42,4.69849300385,3.75
17,1,42,4.44833230972,3.75
17,1,43,4.6093878746,4.25
17,1,43,3.75264263153,4.25
17,1,44,4.28668498993,3.5
17,1,44,4.10755443573,3.5
17,1,45,4.18258237839,3.0
17,1,45,5.24841928482,3.0
17,1,46,4.18633270264,4.0
17,1,46,3.58237719536,4.0
17,1,51,4.67320632935,3.0
17,1,51,4.04613733292,3.0
17,1,52,5.20284175873,2.75
17,1,52,4.80246257782,2.75
17,1,53,4.85286998749,2.75
17,1,53,3.85939574242,2.75
17,1,54,4.5139169693,3.25
17,1,54,4.20029783249,3.25
17,1,55,4.01762962341,2.5
17,1,55,4.88521528244,2.5
17,1,56,4.26066064835,3.25
17,1,56,4.13075113297,3.25
17,1,59,4.25160837173,2.5
17,1,59,5.52863359451,2.5
17,1,60,4.56156587601,3.0
17,1,60,3.92197036743,3.0
17,1,61,3.77413368225,2.25
17,1,61,3.04321599007,2.25
17,1,62,3.54423880577,1.75
17,1,62,3.79576683044,1.75
17,1,63,3.45771813393,1.75
17,1,63,4.718791008,1.75
17,1,64,4.07625150681,1.0
17,1,64,4.06253480911,1.0
17,1,65,3.25088262558,1.25
17,1,65,3.52154183388,1.25
17,1,67,3.94033837318,3.0
17,1,67,5.62928676605,3.0
17,1,68,4.34964084625,3.75
17,1,68,3.78774213791,3.75
17,1,69,4.3620262146,2.5
17,1,69,3.42550873756,2.5
17,1,72,5.08347845078,5.25
17,1,72,4.8869805336,5.25
17,1,73,4.69792509079,4.25
17,1,73,3.05175089836,4.25
17,1,74,4.73532867432,3.25
17,1,74,3.18407344818,3.25
17,1,75,4.22904729843,1.75
17,1,75,4.6042637825,1.75
17,1,76,5.16558694839,4.5
17,1,76,4.23551368713,4.5
17,1,77,5.15680837631,3.5
17,1,77,3.484136343,3.5
17,1,78,4.75769996643,4.25
17,1,78,3.49698758125,4.25
17,1,79,4.39510154724,3.25
17,1,79,3.54599285126,3.25
17,1,80,5.25478601456,4.25
17,1,80,3.8433265686,4.25
17,1,81,5.32159137726,4.5
17,1,81,2.87067365646,4.5
17,1,82,4.82140874863,5.0
17,1,82,3.99610733986,5.0
17,1,83,5.44306898117,3.5
17,1,83,5.09452724457,3.5
17,1,84,4.56261873245,4.25
17,1,84,3.87825036049,4.25
17,1,85,4.36272287369,4.75
17,1,85,3.57638764381,4.75
17,1,86,4.8775639534,4.0
17,1,86,3.43531513214,4.0
17,1,87,5.0754942894,2.5
17,1,87,3.0954272747,2.5
17,1,88,5.08644151688,4.25
17,1,88,3.66874289513,4.25
17,1,89,5.05246686935,3.25
17,1,89,4.23570871353,3.25
17,1,90,4.74070978165,5.5
17,1,90,3.48753118515,5.5
17,1,91,5.58701515198,3.5
17,1,91,4.25737524033,3.5
17,1,92,5.12817525864,5.25
17,1,92,4.16643381119,5.25
17,1,93,4.04163980484,3.5
17,1,93,4.87920570374,3.5
17,1,94,5.03234624863,3.5
17,1,94,3.48992156982,3.5
17,1,95,5.52651643753,5.25
17,1,95,4.66294193268,5.25
17,1,96,4.66671180725,1.5
17,1,96,3.22294449806,1.5
17,1,97,4.79034376144,2.5
17,1,97,3.43164086342,2.5
17,1,98,5.04935598373,3.5
17,1,98,4.75954627991,3.5
17,1,99,4.4345459938,3.5
17,1,99,3.88215637207,3.5
17,1,100,5.01847743988,2.75
17,1,100,4.47585010529,2.75
17,1,101,4.79516506195,3.0
17,1,101,4.34035110474,3.0
17,1,102,4.57737541199,3.75
17,1,102,3.83567547798,3.75
17,1,104,4.58745193481,3.25
17,1,104,4.06389856339,3.25
17,1,105,5.98770427704,3.75
17,1,105,3.5084271431,3.75
17,1,106,5.41713571548,2.75
17,1,106,3.72022914886,2.75
17,1,107,5.26852846146,3.25
17,1,107,3.61915373802,3.25
17,1,108,4.96514606476,2.5
17,1,108,4.009308815,2.5
17,1,109,4.98863983154,2.5
18,1,2,3.50469660759,4.25
18,1,2,3.58029007912,4.25
18,1,3,1.64624392986,2.25
18,1,3,2.39468860626,2.25
18,1,4,3.85207986832,3.0
18,1,4,3.08125329018,3.0
18,1,5,2.91591334343,1.5
18,1,5,2.24277734756,1.5
18,1,6,3.25848340988,3.5
18,1,6,2.81011986732,3.5
18,1,7,3.02644562721,2.5
18,1,7,2.38765764236,2.5
18,1,8,3.21827912331,2.25
18,1,8,1.93434989452,2.25
18,1,9,3.85145735741,2.0
18,1,9,3.31653666496,2.0
18,1,10,4.13111162186,1.75
18,1,10,4.09049797058,1.75
18,1,11,4.32075500488,5.75
18,1,11,2.50033593178,5.75
18,1,12,3.93089795113,6.0
18,1,12,4.17208385468,6.0
18,1,16,2.79399108887,2.33333
18,1,16,2.58426451683,2.33333
18,1,17,1.33836686611,3.0
18,1,17,2.80084824562,3.0
18,1,18,1.16436958313,2.75
18,1,18,3.59718298912,2.75
18,1,19,1.32082903385,2.75
18,1,19,2.99591135979,2.75
18,1,20,1.44695067406,2.75
18,1,20,2.42833828926,2.75
18,1,21,2.56164526939,2.5
18,1,21,2.59747648239,2.5
18,1,28,2.83633828163,3.25
18,1,28,2.75709795952,3.25
18,1,29,3.43946552277,3.75
18,1,29,2.37992572784,3.75
18,1,30,3.12735581398,2.75
18,1,30,2.96175384521,2.75
18,1,31,3.01492977142,3.75
18,1,31,3.17067074776,3.75
18,1,32,1.2832057476,1.25
18,1,32,2.45959353447,1.25
18,1,33,1.35575175285,1.0
18,1,33,2.59302949905,1.0
18,1,34,1.46978724003,2.25
18,1,34,2.51343536377,2.25
18,1,35,3.07046914101,2.25
18,1,35,2.96335101128,2.25
18,1,36,1.41858661175,2.25
18,1,36,2.71585321426,2.25
18,1,37,2.83159303665,2.75
18,1,37,2.83609056473,2.75
18,1,38,1.47244620323,3.5
18,1,38,3.38040947914,3.5
18,1,39,1.41795170307,4.0
18,1,39,3.29189062119,4.0
18,1,40,1.37808680534,4.0
18,1,40,4.09813022614,4.0
18,1,41,1.35806775093,4.0
18,1,41,2.76890230179,4.0
18,1,42,1.48978185654,2.5
18,1,42,3.29934883118,2.5
18,1,43,1.47094762325,4.25
18,1,43,3.02565145493,4.25
18,1,44,1.71619939804,2.5
18,1,44,3.13242030144,2.5
18,1,45,3.42326617241,4.75
18,1,45,3.34056520462,4.75
18,1,46,2.5505092144,2.25
18,1,46,2.64433717728,2.25
18,1,47,1.31012892723,1.75
18,1,47,2.38512659073,1.75
18,1,48,2.27685117722,1.75
18,1,48,2.45924925804,1.75
18,1,49,3.29713201523,1.5
18,1,49,2.77555036545,1.5
18,1,50,1.26104307175,2.25
18,1,50,2.06257987022,2.25
18,1,51,2.35969901085,1.25
18,1,51,2.46386384964,1.25
18,1,53,2.97722959518,3.25
18,1,53,2.66259479523,3.25
18,1,54,2.69254469872,1.25
18,1,54,2.32360696793,1.25
18,1,55,1.53678762913,1.75
18,1,55,3.8990252018,1.75
18,1,56,1.51018989086,3.25
18,1,56,1.94376480579,3.25
18,1,59,3.38018751144,1.66667
18,1,59,2.05620837212,1.66667
18,1,60,2.73801159859,1.0
18,1,60,2.65157866478,1.0
18,1,61,3.36265134811,3.25
18,1,61,2.5030734539,3.25
18,1,62,3.67211031914,1.5
18,1,62,2.99430847168,1.5
18,1,64,3.94899487495,2.25
18,1,64,2.91715860367,2.25
18,1,65,3.43450784683,1.0
18,1,65,2.34089374542,1.0
18,1,66,3.34075570107,1.75
18,1,66,3.20578455925,1.75
18,1,67,2.50471401215,1.0
18,1,67,3.27570557594,1.0
18,1,68,3.073179245,2.5
18,1,68,2.13020467758,2.5
18,1,74,3.82948327065,1.5
18,1,74,2.38824105263,1.5
18,1,75,3.21241092682,1.0
18,1,75,2.6239566803,1.0
18,1,76,3.56740450859,2.0
18,1,76,2.55771660805,2.0
18,1,77,2.85690975189,1.0
18,1,77,2.77799487114,1.0
18,1,78,1.45691657066,2.0
18,1,78,2.81221961975,2.0
18,1,79,1.56989228725,2.25
18,1,79,4.08545780182,2.25
18,1,80,3.32583117485,3.5
18,1,80,3.14053606987,3.5
18,1,81,2.29142332077,3.75
18,1,81,3.46589612961,3.75
18,1,82,1.56080198288,3.25
18,1,82,2.53976488113,3.25
18,1,84,2.86515259743,4.5
18,1,84,2.53817820549,4.5
18,1,85,3.34139561653,4.0
18,1,85,3.26735568047,4.0
18,1,90,2.76001000404,2.5
18,1,90,2.9162375927,2.5
18,1,91,1.69094073772,2.5
18,1,91,2.59100556374,2.5
18,1,92,2.67390012741,2.25
18,1,92,3.31569004059,2.25
18,1,93,2.59523701668,2.0
18,1,93,2.17929530144,2.0
18,1,94,3.07127904892,2.5
18,1,94,2.94353985786,2.5
18,1,95,2.35446834564,4.25
18,1,95,3.97330379486,4.25
18,1,96,2.76806569099,2.5
18,1,96,3.37329912186,2.5
18,1,97,1.44331550598,3.25
18,1,97,2.6183154583,3.25
18,1,98,1.48671078682,2.25
18,1,98,2.48245811462,2.25
18,1,99,2.95927047729,2.5
18,1,99,3.77644467354,2.5
18,1,100,1.58992385864,3.75
18,1,100,2.66987800598,3.75
18,1,101,1.52898836136,2.25
18,1,101,2.77953839302,2.25
18,1,102,2.81345534325,2.25
18,1,102,2.34253144264,2.25
18,1,103,2.8251683712,2.0
18,1,103,2.59158921242,2.0
18,1,104,1.19858729839,3.25
18,1,104,3.160851717,3.25
18,1,105,1.45409679413,1.75
18,1,105,2.74243855476,1.75
18,1,109,3.38193821907,3.0
18,1,109,2.12323594093,3.0
18,1,111,2.57004523277,2.75
18,1,111,3.70995402336,2.75
18,1,112,1.45394206047,1.25
