3,1,47,0.188360482454,4.25
3,1,47,0.188292086124,4.25
3,1,10,-0.202771887183,2.875
3,1,10,-0.206487223506,2.875
3,1,101,0.28464487195,4.375
3,1,101,0.284787356853,4.375
3,1,64,0.348800241947,5.75
3,1,64,0.350510448217,5.75
3,1,45,0.171363040805,4.25
3,1,45,0.171992108226,4.25
3,1,8,0.149244651198,3.5
3,1,8,0.150274202228,3.5
3,1,99,0.277098596096,1.5
3,1,99,0.272532701492,1.5
3,1,94,0.147959366441,3.25
3,1,94,0.154549941421,3.25
3,1,43,0.0142356017604,4.0
3,1,43,0.01420661062,4.0
3,1,6,0.222829371691,4.5
3,1,6,0.222153648734,4.5
3,1,97,0.225170269608,1.25
3,1,97,0.224775925279,1.25
3,1,92,0.134275853634,3.5
3,1,92,0.138974681497,3.5
3,1,41,0.124267786741,3.25
3,1,41,0.12379386276,3.25
3,1,4,0.344531387091,3.25
3,1,4,0.344885855913,3.25
3,1,90,0.205720454454,3.75
3,1,90,0.205391287804,3.75
3,1,39,0.192650005221,5.75
3,1,39,0.192952275276,5.75
3,1,2,-0.191965669394,4.5
3,1,2,-0.191381707788,4.5
3,1,88,-0.0370208658278,4.0
3,1,88,-0.0375749655068,4.0
3,1,37,0.303440064192,3.125
3,1,37,0.303948491812,3.125
3,1,86,-0.146208927035,4.25
3,1,86,-0.146423175931,4.25
3,1,35,0.241993516684,4.375
3,1,35,0.242334634066,4.375
3,1,30,0.136977016926,4.5
3,1,30,0.133636087179,4.5
3,1,84,0.0410375371575,3.75
3,1,84,0.0441427603364,3.75
3,1,33,0.0874732062221,3.0
3,1,33,0.0874943956733,3.0
3,1,28,0.124013312161,4.75
3,1,28,0.124011784792,4.75
3,1,82,-0.0563384592533,3.0
3,1,82,-0.0405708029866,3.0
3,1,63,0.00452011218295,4.75
3,1,63,0.00187397841364,4.75
3,1,26,0.0797434821725,4.0
3,1,26,0.0814935490489,4.0
3,1,80,0.141313880682,2.75
3,1,80,0.140702322125,2.75
3,1,61,-0.117384620011,5.5
3,1,61,-0.121988110244,5.5
3,1,24,0.215305879712,4.5
3,1,24,0.215911597013,4.5
3,1,59,0.204831138253,5.5
3,1,59,0.203256249428,5.5
3,1,22,0.308682054281,4.83333
3,1,22,0.309091329575,4.83333
3,1,57,0.303538173437,4.875
3,1,57,0.304020106792,4.875
3,1,20,-0.0410472862422,2.5
3,1,20,-0.0423948690295,2.5
3,1,79,0.0535224750638,5.25
3,1,79,0.0518596023321,5.25
3,1,55,-0.00117619615048,3.25
3,1,55,-0.000460516661406,3.25
3,1,18,-0.028321698308,3.75
3,1,18,-0.0295837670565,3.75
3,1,77,0.0904919430614,4.5
3,1,77,0.0891909450293,4.5
3,1,16,0.11260099709,4.75
3,1,16,0.112199962139,4.75
3,1,75,0.104919835925,4.0
3,1,75,0.104062095284,4.0
3,1,51,-0.221625044942,4.5
3,1,51,-0.221543937922,4.5
3,1,73,0.174080297351,3.0
3,1,73,0.173312261701,3.0
3,1,49,-0.0381902605295,5.0
3,1,49,-0.0355679765344,5.0
3,1,108,-0.0631104707718,2.25
3,1,108,-0.062108412385,2.25
3,1,71,0.0620542168617,2.0
3,1,71,0.0627825930715,2.0
3,1,15,0.0440606102347,5.0
3,1,15,0.0431928671896,5.0
3,1,106,0.172942250967,2.75
3,1,106,0.17336794734,2.75
3,1,104,-0.0308699086308,3.5
3,1,104,-0.0340004190803,3.5
3,1,102,-0.183387160301,5.25
3,1,102,-0.173177525401,5.25
3,1,65,-0.23080290854,6.25
3,1,65,-0.231214538217,6.25
3,1,46,0.107538178563,5.0
3,1,46,0.107000254095,5.0
3,1,9,0.092314325273,2.75
3,1,9,0.0932489186525,2.75
3,1,100,0.0890981405973,2.375
3,1,100,0.088908046484,2.375
3,1,95,0.0897570922971,3.75
3,1,95,0.0903237313032,3.75
3,1,44,-0.139221012592,3.0
3,1,44,-0.138155534863,3.0
3,1,7,0.366551160812,4.75
3,1,7,0.367323845625,4.75
3,1,98,0.289440155029,1.75
3,1,98,0.289683490992,1.75
3,1,93,-0.00948232319206,3.25
3,1,93,-0.00960718188435,3.25
3,1,5,-0.104178659618,6.0
3,1,5,-0.105564251542,6.0
3,1,96,0.135385394096,3.875
3,1,96,0.135929122567,3.875
3,1,91,0.210560172796,4.0
3,1,91,0.213922262192,4.0
3,1,40,-0.000842460431159,5.0
3,1,40,-0.00206225737929,5.0
3,1,3,0.200729995966,3.0
3,1,3,0.200505688787,3.0
3,1,89,-0.0238998271525,4.25
3,1,89,-0.0300607904792,4.25
3,1,38,0.259130746126,4.5
3,1,38,0.26103502512,4.5
3,1,1,-0.423059821129,3.875
3,1,1,-0.421514213085,3.875
3,1,87,0.235736250877,4.25
3,1,87,0.235575288534,4.25
3,1,36,0.183117926121,3.5
3,1,36,0.183428704739,3.5
3,1,31,0.0244674943388,3.66667
3,1,31,0.0250730216503,3.66667
3,1,85,-0.144934117794,2.0
3,1,85,-0.146278887987,2.0
3,1,34,0.277250766754,4.125
3,1,34,0.277192026377,4.125
3,1,29,0.359905302525,1.25
3,1,29,0.360340744257,1.25
3,1,83,0.116740681231,4.5
3,1,83,0.116625629365,4.5
3,1,32,0.0181042812765,4.5
3,1,32,0.0238230638206,4.5
3,1,27,-0.323064684868,5.25
3,1,27,-0.321640878916,5.25
3,1,81,0.253896415234,2.75
3,1,81,0.253785580397,2.75
3,1,62,0.217540860176,4.375
3,1,62,0.216878190637,4.375
3,1,25,0.203705504537,5.5
3,1,25,0.20324356854,5.5
3,1,60,0.239743500948,5.5
3,1,60,0.240028381348,5.5
3,1,23,0.304061472416,3.875
3,1,23,0.304570436478,3.875
3,1,58,0.229740053415,4.5
3,1,58,0.230945408344,4.5
3,1,21,0.213834315538,4.5
3,1,21,0.213851779699,4.5
3,1,56,-0.124436639249,4.0
3,1,56,-0.121955431998,4.0
3,1,19,0.262063831091,4.125
3,1,19,0.261773049831,4.125
3,1,78,0.0244107507169,5.25
3,1,78,0.0237297546118,5.25
3,1,17,0.188198521733,5.0
3,1,17,0.187936201692,5.0
3,1,76,0.263641089201,4.0
3,1,76,0.263000935316,4.0
3,1,52,0.196103796363,3.5
3,1,52,0.195703312755,3.5
3,1,74,0.120928488672,4.0
3,1,74,0.120552688837,4.0
3,1,50,0.138428002596,4.66667
3,1,50,0.139580458403,4.66667
3,1,48,0.201935455203,2.5
3,1,48,0.202159076929,2.5
3,1,107,0.112110726535,5.25
3,1,107,0.108685985208,5.25
3,1,70,-0.146061167121,2.75
3,1,70,-0.147029012442,2.75
3,1,14,-0.365123361349,3.75
3,1,14,-0.365595579147,3.75
3,1,105,-0.45092150569,1.25
3,1,105,-0.447084516287,1.25
3,1,103,-0.174491390586,1.5
3,1,103,-0.174295768142,1.5
3,1,66,0.230647459626,3.0
3,1,66,0.231256589293,3.0
3,2,82,0.00222418550402,3.25
3,2,82,0.0023521091789,3.25
3,2,61,0.285011023283,4.375
3,2,61,0.285101920366,4.375
3,2,80,-0.125516414642,4.75
3,2,80,-0.126871153712,4.75
3,2,30,-0.255119413137,3.625
3,2,30,-0.254644274712,3.625
3,2,35,-0.794526875019,3.875
3,2,35,-0.799818754196,3.875
3,2,86,-0.0520228371024,2.75
3,2,86,-0.0510625690222,2.75
3,2,28,-0.222007781267,4.0
3,2,28,-0.216977477074,4.0
3,2,33,-0.2632804811,5.0
3,2,33,-0.266159206629,5.0
3,2,84,-0.387461483479,4.0
3,2,84,-0.388629257679,4.0
3,2,2,-0.13762691617,1.875
3,2,2,-0.138465419412,1.875
3,2,39,-0.174589574337,4.25
3,2,39,-0.173538833857,4.25
3,2,90,0.0127708381042,4.25
3,2,90,0.0127923833206,4.25
3,2,37,-0.355946451426,2.25
3,2,37,-0.357869595289,2.25
3,2,88,-0.16315625608,4.0
3,2,88,-0.160108551383,4.0
3,2,6,0.00711768027395,5.25
3,2,6,0.00620841095224,5.25
3,2,43,0.0271503310651,4.0
3,2,43,0.026556070894,4.0
3,2,94,-0.171794116497,3.75
3,2,94,-0.17182032764,3.75
3,2,99,-0.145969569683,2.625
3,2,99,-0.145186543465,2.625
3,2,41,-0.065726108849,3.5
3,2,41,-0.0665528923273,3.5
3,2,92,-0.247069716454,3.25
3,2,92,-0.248080074787,3.25
3,2,97,-0.0257993377745,5.0
3,2,97,-0.0257448032498,5.0
3,2,10,0.0624485053122,4.0
3,2,10,0.0680572316051,4.0
3,2,47,-0.0829479470849,3.875
3,2,47,-0.0822691395879,3.875
3,2,66,-0.0825670808554,3.75
3,2,66,-0.0828390344977,3.75
3,2,103,-0.075070515275,4.0
3,2,103,-0.0753939449787,4.0
3,2,8,-0.088833026588,6.0
3,2,8,-0.0882998257875,6.0
3,2,45,-0.0223995782435,3.25
3,2,45,-0.0231891311705,3.25
3,2,64,0.0704192742705,2.375
3,2,64,0.0707067027688,2.375
3,2,101,0.0634139925241,3.125
3,2,101,0.0635588243604,3.125
3,2,14,0.249810993671,3.75
3,2,14,0.249758377671,3.75
3,2,70,0.221331432462,3.66667
3,2,70,0.221150279045,3.66667
3,2,107,-0.0214653909206,4.625
3,2,107,-0.0164074860513,4.625
3,2,12,0.201154738665,5.25
3,2,12,0.200401619077,5.25
3,2,68,-0.252114057541,5.5
3,2,68,-0.253857254982,5.5
3,2,105,-0.0142448218539,3.5
3,2,105,-0.0193847492337,3.5
3,2,50,0.0405901297927,3.75
3,2,50,0.0405135415494,3.75
3,2,74,-0.113896675408,3.25
3,2,74,-0.112828731537,3.25
3,2,111,-0.184793069959,3.5
3,2,111,-0.183490887284,3.5
3,2,48,-0.527276039124,4.25
3,2,48,-0.526882529259,4.25
3,2,109,0.266146868467,1.95833
3,2,109,0.266162037849,1.95833
3,2,78,0.199942678213,2.75
3,2,78,0.198862761259,2.75
3,2,52,0.0793103575706,1.5
3,2,52,0.0755865424871,1.5
3,2,56,-0.27860224247,4.25
3,2,56,-0.281215757132,4.25
3,2,112,0.0637791156769,4.0
3,2,112,0.0628570094705,4.0
3,2,62,-0.0341481789947,5.25
3,2,62,-0.0347430184484,5.25
3,2,27,0.00990628823638,4.0
3,2,27,0.00992615614086,4.0
3,2,60,-0.0519362166524,3.75
3,2,60,-0.0505898222327,3.75
3,2,83,0.209782838821,4.25
3,2,83,0.20870372653,4.25
3,2,34,0.115652740002,3.5
3,2,34,0.115371488035,3.5
3,2,81,-0.116646878421,4.375
3,2,81,-0.115586675704,4.375
3,2,31,-0.164422318339,3.25
3,2,31,-0.164474517107,3.25
3,2,32,0.110294021666,3.25
3,2,32,0.116616688669,3.25
3,2,87,0.0467124395072,3.75
3,2,87,0.0467596054077,3.75
3,2,29,-0.0151668963954,4.0
3,2,29,-0.0150466477498,4.0
3,2,38,0.234392464161,3.25
3,2,38,0.237818717957,3.25
3,2,85,-0.0832419916987,3.25
3,2,85,-0.0823360234499,3.25
3,2,36,-0.563550233841,2.75
3,2,36,-0.569247841835,2.75
3,2,91,-0.301293760538,4.5
3,2,91,-0.300908595324,4.5
3,2,42,-0.228294506669,2.5
3,2,42,-0.228210031986,2.5
3,2,89,-0.158277928829,3.25
3,2,89,-0.160177379847,3.25
3,2,98,-0.138280928135,4.5
3,2,98,-0.168696179986,4.5
3,2,7,-0.0859882086515,6.0
3,2,7,-0.0860895961523,6.0
3,2,40,0.202991306782,2.75
3,2,40,0.202363312244,2.75
3,2,95,-0.412313878536,1.5
3,2,95,-0.413009643555,1.5
3,2,96,0.0477216206491,3.125
3,2,96,0.0525202266872,3.125
3,2,5,-0.0991692766547,3.25
3,2,5,-0.100515641272,3.25
3,2,46,-0.31279155612,4.5
3,2,46,-0.311200261116,4.5
3,2,93,0.0466488301754,5.0
3,2,93,0.0452906452119,5.0
3,2,102,0.216249763966,2.0
3,2,102,0.216235473752,2.0
3,2,11,0.00561416614801,4.125
3,2,11,0.00528060086071,4.125
3,2,44,-0.946438729763,5.0
3,2,44,-0.944054663181,5.0
3,2,67,0.0822694525123,5.25
3,2,67,0.0812581777573,5.25
3,2,100,0.0930742174387,1.25
3,2,100,0.093639396131,1.25
3,2,9,0.0406965538859,4.5
3,2,9,0.0414270721376,4.5
3,2,65,0.0239214655012,3.0
3,2,65,0.0241258237511,3.0
3,2,106,-0.420567512512,3.875
3,2,106,-0.421585083008,3.875
3,2,71,-0.1405287534,2.375
3,2,71,-0.14169472456,2.375
3,2,104,-0.690948843956,3.5
3,2,104,-0.692756950855,3.5
3,2,13,0.0947572514415,5.0
3,2,13,0.0955696329474,5.0
3,2,69,-0.484550207853,1.25
3,2,69,-0.479068875313,1.25
3,2,110,-0.213099762797,4.25
3,2,110,-0.212558090687,4.25
3,2,51,0.222824722528,4.0
3,2,51,0.222632184625,4.0
3,2,108,-0.200595781207,4.0
3,2,108,-0.202326968312,4.0
3,2,49,-0.201273411512,2.75
3,2,49,-0.199184507132,2.75
3,2,73,0.120998509228,3.75
3,2,73,0.122382752597,3.75
3,2,55,0.208745196462,3.33333
3,2,55,0.208341419697,3.33333
3,2,79,-0.143608644605,3.75
3,2,79,-0.143293470144,3.75
3,2,53,0.15035328269,4.5
3,2,53,0.150535419583,4.5
3,2,77,-0.068064019084,2.25
3,2,77,-0.0701346993446,2.25
3,2,59,0.16968524456,2.25
3,2,59,0.169418513775,2.25
3,2,113,-0.188990741968,3.0
3,2,113,-0.190775349736,3.0
3,2,26,-0.277080595493,2.5
3,2,26,-0.275785923004,2.5
3,2,63,-0.144744560122,1.25
3,2,63,-0.144472077489,1.25
4,1,29,3.58836650848,3.0
4,1,29,3.59559440613,3.0
4,1,58,5.09739971161,2.25
4,1,58,5.0982427597,2.25
4,1,85,3.40695738792,2.5
4,1,85,3.40904426575,2.5
4,1,114,2.52084589005,1.5
4,1,114,2.52056217194,1.5
4,1,31,3.37392091751,2.25
4,1,31,3.3759469986,2.25
4,1,36,1.58817112446,0.875
4,1,36,1.58529567719,0.875
4,1,87,2.21197938919,3.25
4,1,87,2.21229290962,3.25
4,1,25,2.41542458534,1.5
4,1,25,2.41889333725,1.5
4,1,38,4.03332805634,2.5
4,1,38,4.02935647964,2.5
4,1,81,2.48454236984,3.0
4,1,81,2.47876429558,3.0
4,1,27,-0.174095511436,2.75
4,1,27,-0.171200037003,2.75
4,1,32,3.16605424881,1.5
4,1,32,3.16738581657,1.5
4,1,83,0.689419269562,3.25
4,1,83,0.694289803505,3.25
4,1,5,-0.035558834672,1.0
4,1,5,-0.0382774174213,1.0
4,1,34,1.82084298134,1.5
4,1,34,1.8213249445,1.5
4,1,93,3.57368159294,3.0
4,1,93,3.57570147514,3.0
4,1,7,0.601374983788,1.75
4,1,7,0.602299451828,1.75
4,1,95,1.89002346992,3.5
4,1,95,1.90206742287,3.5
4,1,100,2.58551216125,0.75
4,1,100,2.59123182297,0.75
4,1,46,5.93166589737,3.75
4,1,46,5.92986631393,3.75
4,1,89,2.87548851967,1.75
4,1,89,2.87458133698,1.75
4,1,102,0.131860345602,1.5
4,1,102,0.126001656055,1.5
4,1,3,1.11247861385,3.5
4,1,3,1.11935579777,3.5
4,1,40,5.42751455307,4.0
4,1,40,5.4263792038,4.0
4,1,91,2.22922110558,2.25
4,1,91,2.22982764244,2.25
4,1,96,2.49482154846,2.75
4,1,96,2.4942214489,2.75
4,1,13,1.34418010712,1.5
4,1,13,1.33937609196,1.5
4,1,42,3.81319355965,1.75
4,1,42,3.81531310081,1.75
4,1,69,6.4820690155,5.5
4,1,69,6.48213863373,5.5
4,1,98,3.77098250389,3.25
4,1,98,3.76955366135,3.25
4,1,15,1.80882120132,0.75
4,1,15,1.80727338791,0.75
4,1,71,6.40182590485,2.125
4,1,71,6.40644884109,2.125
4,1,108,3.01259708405,3.25
4,1,108,3.00556826591,3.25
4,1,9,-0.229423910379,1.0
4,1,9,-0.222482383251,1.0
4,1,65,5.03071928024,4.75
4,1,65,5.03002691269,4.75
4,1,110,2.68855476379,4.0
4,1,110,2.68755340576,4.0
4,1,11,1.93098664284,1.0
4,1,11,1.9333190918,1.0
4,1,67,5.53965187073,1.75
4,1,67,5.5436000824,1.75
4,1,104,1.8164896965,1.25
4,1,104,1.81892251968,1.25
4,1,53,5.50877046585,2.5
4,1,53,5.50898933411,2.5
4,1,77,5.34548807144,2.625
4,1,77,5.34633111954,2.625
4,1,106,2.94541311264,2.125
4,1,106,2.93884253502,2.125
4,1,55,5.50231218338,2.5
4,1,55,5.50232505798,2.5
4,1,79,5.32415103912,6.75
4,1,79,5.32224607468,6.75
4,1,49,5.83601522446,4.25
4,1,49,5.83590364456,4.25
4,1,73,6.30694150925,4.25
4,1,73,6.31204414368,4.25
4,1,22,0.405923366547,1.25
4,1,22,0.403749197721,1.25
4,1,51,5.26009702682,2.75
4,1,51,5.25642681122,2.75
4,1,75,4.81740808487,4.75
4,1,75,4.81055593491,4.75
4,1,16,-0.0956881642342,1.0
4,1,16,-0.0900995731354,1.0
4,1,117,2.55259990692,1.25
4,1,117,2.56078338623,1.25
4,1,63,0.432759702206,1.0
4,1,63,0.43406894803,1.0
4,1,28,3.82354021072,2.625
4,1,28,3.82380056381,2.625
4,1,57,5.79596996307,2.75
4,1,57,5.79450845718,2.75
4,1,84,1.23094189167,2.5
4,1,84,1.2310167551,2.5
4,1,113,2.92847967148,3.25
4,1,113,2.92616820335,3.25
4,1,30,2.77770733833,1.125
4,1,30,2.77543878555,1.125
4,1,59,4.99957370758,1.875
4,1,59,4.99935150146,1.875
4,1,86,1.84299218655,1.66667
4,1,86,1.83479392529,1.66667
4,1,115,2.27150845528,3.5
4,1,115,2.27529716492,3.5
4,1,24,2.77231168747,2.0
4,1,24,2.76689982414,2.0
4,1,37,4.51595878601,2.25
4,1,37,4.51565170288,2.25
4,1,80,2.8503909111,3.5
4,1,80,2.84539365768,3.5
4,1,26,4.80954694748,4.375
4,1,26,4.80828046799,4.375
4,1,39,4.16854143143,2.5
4,1,39,4.1700963974,2.5
4,1,82,3.29457426071,6.5
4,1,82,3.29245686531,6.5
4,1,4,0.182356506586,1.5
4,1,4,0.192905053496,1.5
4,1,33,1.67121291161,1.5
4,1,33,1.66766512394,1.5
4,1,92,2.19430541992,2.0
4,1,92,2.20169639587,2.0
4,1,6,0.391200453043,1.5
4,1,6,0.388861358166,1.5
4,1,35,2.51858663559,1.75
4,1,35,2.51324653625,1.75
4,1,94,1.19505691528,1.5
4,1,94,1.20201480389,1.5
4,1,45,3.97817230225,2.125
4,1,45,3.978256464,2.125
4,1,88,1.56478655338,1.5
4,1,88,1.55222606659,1.5
4,1,101,0.88843357563,3.875
4,1,101,0.886493444443,3.875
4,1,47,5.17981672287,2.125
4,1,47,5.17884635925,2.125
4,1,90,3.47670173645,1.375
4,1,90,3.47755002975,1.375
4,1,103,3.08403921127,1.0
4,1,103,3.08363366127,1.0
4,1,12,0.185193657875,2.5
4,1,12,0.19091796875,2.5
4,1,41,6.00537490845,2.5
4,1,41,6.00642061234,2.5
4,1,68,4.58009529114,5.5
4,1,68,4.57675123215,5.5
4,1,97,2.11040949821,1.625
4,1,97,2.11231017113,1.625
4,1,70,3.95075559616,5.25
4,1,70,3.94896745682,5.25
4,1,99,3.71181941032,2.375
4,1,99,3.71043491364,2.375
4,1,8,0.213745459914,0.75
4,1,8,0.215656667948,0.75
4,1,64,6.24855327606,3.5
4,1,64,6.24873065948,3.5
4,1,109,2.54023051262,2.75
4,1,109,2.54094624519,2.75
4,1,10,1.65984392166,3.0
4,1,10,1.66594588757,3.0
4,1,66,0.595518827438,1.0
4,1,66,0.593520402908,1.0
4,1,111,2.77393865585,3.5
4,1,111,2.77445936203,3.5
4,1,52,6.19212865829,3.25
4,1,52,6.19131040573,3.25
4,1,105,3.4235932827,3.625
4,1,105,3.42014312744,3.625
4,1,54,5.58710384369,3.375
4,1,54,5.5884680748,3.375
4,1,78,2.48986554146,3.25
4,1,78,2.49215888977,3.25
4,1,48,4.80482530594,1.5
4,1,48,4.80657148361,1.5
4,1,72,1.05072808266,2.375
4,1,72,1.05545091629,2.375
4,1,50,4.91179132462,2.0
4,1,50,4.91141891479,2.0
4,1,74,3.53405332565,3.5
4,1,74,3.53296279907,3.5
4,1,23,-0.160124182701,1.0
4,1,23,-0.164973884821,1.0
4,1,116,3.89381432533,1.75
4,1,116,3.89265465736,1.75
4,1,118,3.22252106667,4.5
4,1,118,3.22307538986,4.5
4,1,56,5.42770385742,2.0
4,1,56,5.42866849899,2.0
4,1,112,3.68071961403,1.0
4,1,112,3.67759847641,1.0
7,1,40,5.21712398529,5.5
7,1,40,5.26904153824,5.5
7,1,3,3.90211582184,4.75
7,1,3,3.4142677784,4.75
7,1,102,2.75088310242,4.25
7,1,102,3.44334840775,4.25
7,1,46,4.56407880783,4.0
7,1,46,5.02951431274,4.0
7,1,1,3.28610253334,3.5
7,1,1,3.20767331123,3.5
7,1,44,3.64028120041,6.25
7,1,44,4.07098865509,6.25
7,1,7,3.87164378166,2.25
7,1,7,4.00003242493,2.25
7,1,90,3.93450737,4.0
7,1,90,4.16861391068,4.0
7,1,34,4.29956960678,5.5
7,1,34,4.867623806,5.5
7,1,5,3.12007904053,4.75
7,1,5,3.40334916115,4.75
7,1,88,4.00378417969,6.5
7,1,88,4.51811408997,6.5
7,1,32,4.47621583939,3.75
7,1,32,4.97841310501,3.75
7,1,94,4.02650022507,3.0
7,1,94,4.56099081039,3.0
7,1,38,3.08208346367,3.5
7,1,38,3.76881241798,3.5
7,1,92,3.14292144775,5.75
7,1,92,3.26961755753,5.75
7,1,36,2.66470861435,4.25
7,1,36,3.22993969917,4.25
7,1,82,3.81801652908,5.25
7,1,82,4.42954444885,5.25
7,1,26,4.67972373962,3.0
7,1,26,4.49414825439,3.0
7,1,80,4.48777198792,2.0
7,1,80,3.94067001343,2.0
7,1,24,3.9850730896,5.0
7,1,24,4.17539739609,5.0
7,1,86,4.45115852356,3.25
7,1,86,4.48177289963,3.25
7,1,59,4.58801746368,5.25
7,1,59,4.34123849869,5.25
7,1,30,2.98491930962,3.0
7,1,30,3.41289329529,3.0
7,1,84,3.2095272541,4.75
7,1,84,3.61719894409,4.75
7,1,57,4.34358406067,4.25
7,1,57,4.69855499268,4.25
7,1,28,4.81525325775,5.25
7,1,28,4.20149183273,5.25
7,1,74,4.63736629486,4.25
7,1,74,3.96545648575,4.25
7,1,63,3.419672966,5.5
7,1,63,3.11709094048,5.5
7,1,18,4.87484455109,6.0
7,1,18,4.61861276627,6.0
7,1,72,3.371519804,2.0
7,1,72,4.11393690109,2.0
7,1,61,4.44266080856,5.0
7,1,61,4.48874998093,5.0
7,1,107,2.70430922508,4.0
7,1,107,3.06741762161,4.0
7,1,78,2.85497403145,4.0
7,1,78,2.78407692909,4.0
7,1,51,3.98564076424,3.5
7,1,51,4.34912061691,3.5
7,1,22,3.87154483795,3.75
7,1,22,3.59546518326,3.75
7,1,105,3.38339090347,4.75
7,1,105,3.89082574844,4.75
7,1,76,3.97307515144,2.75
7,1,76,4.57319688797,2.75
7,1,49,4.53684473038,4.5
7,1,49,4.00188827515,4.5
7,1,20,4.2046251297,5.25
7,1,20,3.78611779213,5.25
7,1,66,2.31629347801,4.25
7,1,66,2.73542380333,4.25
7,1,55,2.68880844116,2.5
7,1,55,3.26233911514,2.5
7,1,10,3.74173355103,2.75
7,1,10,3.78856301308,2.75
7,1,109,2.34011292458,6.25
7,1,109,3.02437090874,6.25
7,1,64,2.41798567772,5.0
7,1,64,2.92175364494,5.0
7,1,53,4.77217292786,5.5
7,1,53,4.92762994766,5.5
7,1,8,3.35436272621,4.5
7,1,8,4.28042030334,4.5
7,1,70,2.85147857666,5.5
7,1,70,3.36422228813,5.5
7,1,43,4.54904651642,3.5
7,1,43,4.25008392334,3.5
7,1,14,2.50514507294,1.75
7,1,14,1.95625126362,1.75
7,1,97,2.15156936646,5.5
7,1,97,2.2616686821,5.5
7,1,68,3.02415013313,4.25
7,1,68,2.90768194199,4.25
7,1,41,4.27666330338,4.75
7,1,41,4.27752447128,4.75
7,1,12,1.90502417088,5.0
7,1,12,1.86121439934,5.0
7,1,103,3.16247487068,3.25
7,1,103,3.74226546288,3.25
7,1,47,5.60608625412,4.5
7,1,47,5.14150857925,4.5
7,1,2,3.23301458359,5.5
7,1,2,3.77548503876,5.5
7,1,101,3.87949967384,4.0
7,1,101,4.06636190414,4.0
7,1,45,4.61154460907,4.5
7,1,45,4.77468252182,4.5
7,1,35,4.3970618248,6.0
7,1,35,4.1713643074,6.0
7,1,89,3.66436576843,5.25
7,1,89,4.09175395966,5.25
7,1,33,4.23498249054,4.75
7,1,33,4.30735635757,4.75
7,1,4,4.15642547607,3.25
7,1,4,4.20296955109,3.25
7,1,95,3.89534592628,4.75
7,1,95,3.75815939903,4.75
7,1,39,4.2350358963,5.5
7,1,39,4.59894800186,5.5
7,1,93,4.37705087662,4.25
7,1,93,4.18248224258,4.25
7,1,37,3.71437430382,4.25
7,1,37,4.03217124939,4.25
7,1,83,3.74511575699,4.75
7,1,83,4.28962039948,4.75
7,1,27,4.58352184296,4.25
7,1,27,4.19011354446,4.25
7,1,81,3.97347259521,4.0
7,1,81,4.04236030579,4.0
7,1,25,3.81119799614,4.5
7,1,25,3.66665673256,4.5
7,1,31,2.91245150566,4.5
7,1,31,3.80237317085,4.5
7,1,58,2.90663862228,6.0
7,1,58,3.78167009354,6.0
7,1,29,4.0437707901,4.25
7,1,29,4.60827159882,4.25
7,1,75,3.30767130852,4.75
7,1,75,4.01214504242,4.75
7,1,19,3.38989973068,4.75
7,1,19,4.22273921967,4.75
7,1,73,3.60038471222,1.0
7,1,73,3.43507432938,1.0
7,1,62,3.6319360733,4.5
7,1,62,3.82750034332,4.5
7,1,79,2.84319114685,3.0
7,1,79,3.53993272781,3.0
7,1,60,3.56711506844,3.25
7,1,60,3.62291526794,3.25
7,1,23,4.17588710785,4.0
7,1,23,3.9555413723,4.0
7,1,106,3.48101997375,4.75
7,1,106,4.0845451355,4.75
7,1,50,4.8166680336,5.0
7,1,50,4.79035377502,5.0
7,1,104,3.32310366631,4.75
7,1,104,3.99139928818,4.75
7,1,67,2.1106801033,4.75
7,1,67,2.04208850861,4.75
7,1,48,4.26627349854,1.5
7,1,48,4.33334302902,1.5
7,1,11,1.9836974144,1.75
7,1,11,2.46485567093,1.75
7,1,65,1.27376258373,5.25
7,1,65,2.00355839729,5.25
7,1,54,4.17256784439,5.5
7,1,54,4.54269075394,5.5
7,1,9,3.4462313652,2.0
7,1,9,3.63978099823,2.0
7,1,108,3.8739387989,2.75
7,1,108,3.77348732948,2.75
7,1,71,3.59152960777,4.75
7,1,71,3.74423217773,4.75
7,1,52,4.79632139206,0.75
7,1,52,4.4813451767,0.75
7,1,98,3.34761595726,3.25
7,1,98,3.37634921074,3.25
7,1,69,3.34871149063,5.5
7,1,69,3.42740106583,5.5
7,1,42,4.34144687653,3.0
7,1,42,4.85290241241,3.0
7,1,13,2.46435618401,3.0
7,1,13,2.50125336647,3.0
7,1,96,3.34988951683,5.5
7,1,96,3.50583553314,5.5
7,2,77,3.72589969635,4.25
7,2,77,3.51038241386,4.25
7,2,102,4.4094285965,5.25
7,2,102,4.21062660217,5.25
7,2,3,4.47646903992,5.75
7,2,3,4.08917427063,5.75
7,2,75,3.79904699326,3.5
7,2,75,3.70948386192,3.5
7,2,100,3.07025408745,1.75
7,2,100,2.94180560112,1.75
7,2,1,2.86655545235,4.25
7,2,1,2.67898964882,4.25
7,2,73,4.15772867203,3.25
7,2,73,3.47471022606,3.25
7,2,98,4.41207265854,3.75
7,2,98,4.30011320114,3.75
7,2,63,4.34274101257,5.25
7,2,63,3.77868580818,5.25
7,2,71,3.8586666584,4.0
7,2,71,3.6329267025,4.0
7,2,96,4.89308595657,3.5
7,2,96,4.66699743271,3.5
7,2,61,3.88649606705,5.5
7,2,61,3.61350989342,5.5
7,2,69,4.04902267456,4.25
7,2,69,3.64710021019,4.25
7,2,30,4.82955408096,3.0
7,2,30,4.28015041351,3.0
7,2,28,5.3802485466,5.75
7,2,28,4.74360084534,5.75
7,2,57,3.74750876427,1.5
7,2,57,3.59215736389,1.5
7,2,65,3.51219749451,5.0
7,2,65,3.7595000267,5.0
7,2,26,5.16077899933,4.25
7,2,26,4.55597496033,4.25
7,2,55,3.78864145279,4.0
7,2,55,3.35746121407,4.0
7,2,24,4.10075902939,3.75
7,2,24,4.18000936508,3.75
7,2,53,4.88295698166,5.0
7,2,53,4.48602437973,5.0
7,2,22,4.51013326645,3.0
7,2,22,4.23682260513,3.0
7,2,51,4.65197277069,4.75
7,2,51,4.14804029465,4.75
7,2,94,4.60969638824,3.25
7,2,94,4.25380706787,3.25
7,2,20,4.30696630478,5.5
7,2,20,4.15875101089,5.5
7,2,49,4.79041528702,4.0
7,2,49,4.78518295288,4.0
7,2,92,4.4125161171,4.66667
7,2,92,3.80065655708,4.66667
7,2,18,4.58838796616,3.5
7,2,18,4.14896726608,3.5
7,2,47,5.08107757568,4.0
7,2,47,4.95324993134,4.0
7,2,90,4.87190437317,4.0
7,2,90,4.35714864731,4.0
7,2,16,4.88546323776,5.0
7,2,16,4.43813657761,5.0
7,2,45,4.84356307983,2.5
7,2,45,4.07758235931,2.5
7,2,88,5.19566059113,5.0
7,2,88,4.81167316437,5.0
7,2,14,4.9389872551,5.5
7,2,14,4.33909511566,5.5
7,2,43,4.28385400772,2.75
7,2,43,3.94964885712,2.75
7,2,86,4.43792963028,2.5
7,2,86,4.34871578217,2.5
7,2,12,3.87865376472,4.25
7,2,12,3.74506402016,4.25
7,2,84,4.87467765808,3.75
7,2,84,4.47296571732,3.75
7,2,10,4.65648317337,4.0
7,2,10,4.00846385956,4.0
7,2,39,4.80001497269,4.0
7,2,39,4.53719997406,4.0
7,2,82,4.15771055222,3.25
7,2,82,3.73601722717,3.25
7,2,8,4.3435087204,4.0
7,2,8,3.97568202019,4.0
7,2,37,4.23073625565,3.5
7,2,37,3.92317390442,3.5
7,2,80,4.6283531189,4.0
7,2,80,4.37404298782,4.0
7,2,109,3.38886117935,5.25
7,2,109,3.45343947411,5.25
7,2,6,4.78930139542,4.0
7,2,6,4.2637219429,4.0
7,2,35,3.51209497452,3.5
7,2,35,3.26133823395,3.5
7,2,78,4.17823886871,5.0
7,2,78,3.70577263832,5.0
7,2,107,5.78593873978,4.5
7,2,107,5.23103666306,4.5
7,2,4,3.83646011353,3.0
7,2,4,3.34668493271,3.0
7,2,33,3.58272314072,1.5
7,2,33,3.22039723396,1.5
7,2,76,5.51481199265,4.5
7,2,76,4.90741252899,4.5
7,2,105,5.27313518524,3.0
7,2,105,4.90669202805,3.0
7,2,2,3.45963478088,2.75
7,2,2,3.03866267204,2.75
7,2,74,4.23349809647,2.5
7,2,74,3.897128582,2.5
7,2,103,5.42919778824,4.25
7,2,103,4.77847671509,4.25
7,2,72,4.856300354,4.25
7,2,72,4.95368337631,4.25
7,2,70,4.59746074677,3.25
7,2,70,3.69361162186,3.25
7,2,99,4.59634780884,4.25
7,2,99,4.43372154236,4.25
7,2,60,3.32467055321,4.0
7,2,60,2.84004020691,4.0
7,2,68,3.66831636429,6.5
7,2,68,3.30170631409,6.5
7,2,97,4.00979995728,3.0
7,2,97,3.86125659943,3.0
7,2,58,3.03299641609,4.0
7,2,58,2.69540929794,4.0
7,2,66,3.0961933136,5.5
7,2,66,3.40535068512,5.5
7,2,31,5.10411739349,3.75
7,2,31,4.74055242538,3.75
7,2,56,4.04824113846,4.75
7,2,56,3.5647289753,4.75
7,2,64,2.71134614944,3.25
7,2,64,3.26848292351,3.25
7,2,29,4.55522060394,1.75
7,2,29,4.32198524475,1.75
7,2,27,5.25719690323,4.25
7,2,27,4.76750659943,4.25
7,2,52,4.45951700211,3.25
7,2,52,3.54452300072,3.25
7,2,25,4.90644645691,4.75
7,2,25,4.60602378845,4.75
7,2,50,4.92842912674,4.25
7,2,50,4.44471740723,4.25
7,2,23,3.6836476326,1.75
7,2,23,3.54222130775,1.75
7,2,48,4.90751600266,3.75
7,2,48,4.53434944153,3.75
7,2,95,3.95788383484,2.