3,1,47,3.9425,4.25
3,1,47,3.9425,4.25
3,1,10,3.9561,2.875
3,1,10,3.9560,2.875
3,1,101,3.9111,4.375
3,1,101,3.9111,4.375
3,1,64,3.9464,5.75
3,1,64,3.9463,5.75
3,1,45,3.9233,4.25
3,1,45,3.9233,4.25
3,1,8,3.9310,3.5
3,1,8,3.9310,3.5
3,1,99,3.9297,1.5
3,1,99,3.9296,1.5
3,1,94,3.9160,3.25
3,1,94,3.9160,3.25
3,1,43,3.9256,4.0
3,1,43,3.9255,4.0
3,1,6,3.9107,4.5
3,1,6,3.9107,4.5
3,1,97,3.9233,1.25
3,1,97,3.9232,1.25
3,1,92,3.9481,3.5
3,1,92,3.9481,3.5
3,1,41,3.9005,3.25
3,1,41,3.9005,3.25
3,1,4,3.9319,3.25
3,1,4,3.9319,3.25
3,1,90,3.8419,3.75
3,1,90,3.8419,3.75
3,1,39,3.9473,5.75
3,1,39,3.9473,5.75
3,1,2,3.9040,4.5
3,1,2,3.9040,4.5
3,1,88,3.9097,4.0
3,1,88,3.9097,4.0
3,1,37,3.9219,3.125
3,1,37,3.9218,3.125
3,1,86,3.9175,4.25
3,1,86,3.9174,4.25
3,1,35,3.9095,4.375
3,1,35,3.9095,4.375
3,1,30,3.8206,4.5
3,1,30,3.8207,4.5
3,1,84,3.8827,3.75
3,1,84,3.8827,3.75
3,1,33,3.9215,3.0
3,1,33,3.9215,3.0
3,1,28,3.9457,4.75
3,1,28,3.9457,4.75
3,1,82,3.9159,3.0
3,1,82,3.9159,3.0
3,1,63,3.9145,4.75
3,1,63,3.9145,4.75
3,1,26,3.9278,4.0
3,1,26,3.9278,4.0
3,1,80,3.9239,2.75
3,1,80,3.9239,2.75
3,1,61,3.8940,5.5
3,1,61,3.8940,5.5
3,1,24,3.9535,4.5
3,1,24,3.9535,4.5
3,1,59,3.9021,5.5
3,1,59,3.9021,5.5
3,1,22,3.9429,4.83333
3,1,22,3.9428,4.83333
3,1,57,3.9187,4.875
3,1,57,3.9187,4.875
3,1,20,3.9170,2.5
3,1,20,3.9170,2.5
3,1,79,3.9264,5.25
3,1,79,3.9264,5.25
3,1,55,3.8432,3.25
3,1,55,3.8431,3.25
3,1,18,3.9000,3.75
3,1,18,3.8999,3.75
3,1,77,3.9356,4.5
3,1,77,3.9356,4.5
3,1,16,3.9081,4.75
3,1,16,3.9081,4.75
3,1,75,3.9331,4.0
3,1,75,3.9332,4.0
3,1,51,3.9107,4.5
3,1,51,3.9107,4.5
3,1,73,3.9152,3.0
3,1,73,3.9152,3.0
3,1,49,3.8513,5.0
3,1,49,3.8512,5.0
3,1,108,3.9297,2.25
3,1,108,3.9297,2.25
3,1,71,3.9170,2.0
3,1,71,3.9170,2.0
3,1,15,3.9041,5.0
3,1,15,3.9041,5.0
3,1,106,3.8967,2.75
3,1,106,3.8967,2.75
3,1,104,3.8814,3.5
3,1,104,3.8815,3.5
3,1,102,3.9515,5.25
3,1,102,3.9515,5.25
3,1,65,3.9381,6.25
3,1,65,3.9380,6.25
3,1,46,3.9233,5.0
3,1,46,3.9234,5.0
3,1,9,3.9159,2.75
3,1,9,3.9159,2.75
3,1,100,3.9234,2.375
3,1,100,3.9234,2.375
3,1,95,3.9387,3.75
3,1,95,3.9388,3.75
3,1,44,3.9175,3.0
3,1,44,3.9174,3.0
3,1,7,3.9205,4.75
3,1,7,3.9205,4.75
3,1,98,3.8802,1.75
3,1,98,3.8803,1.75
3,1,93,3.9110,3.25
3,1,93,3.9110,3.25
3,1,5,3.9569,6.0
3,1,5,3.9569,6.0
3,1,96,3.9299,3.875
3,1,96,3.9299,3.875
3,1,91,3.9126,4.0
3,1,91,3.9126,4.0
3,1,40,3.8753,5.0
3,1,40,3.8753,5.0
3,1,3,3.9510,3.0
3,1,3,3.9510,3.0
3,1,89,3.9271,4.25
3,1,89,3.9271,4.25
3,1,38,3.8779,4.5
3,1,38,3.8782,4.5
3,1,1,3.8931,3.875
3,1,1,3.8931,3.875
3,1,87,3.9248,4.25
3,1,87,3.9248,4.25
3,1,36,3.9169,3.5
3,1,36,3.9169,3.5
3,1,31,3.9073,3.66667
3,1,31,3.9073,3.66667
3,1,85,3.9285,2.0
3,1,85,3.9285,2.0
3,1,34,3.9257,4.125
3,1,34,3.9257,4.125
3,1,29,3.9255,1.25
3,1,29,3.9255,1.25
3,1,83,3.9236,4.5
3,1,83,3.9235,4.5
3,1,32,3.9017,4.5
3,1,32,3.9017,4.5
3,1,27,3.9130,5.25
3,1,27,3.9129,5.25
3,1,81,3.9150,2.75
3,1,81,3.9150,2.75
3,1,62,3.9153,4.375
3,1,62,3.9154,4.375
3,1,25,3.9264,5.5
3,1,25,3.9264,5.5
3,1,60,3.9312,5.5
3,1,60,3.9312,5.5
3,1,23,3.8969,3.875
3,1,23,3.8969,3.875
3,1,58,3.8770,4.5
3,1,58,3.8770,4.5
3,1,21,3.9314,4.5
3,1,21,3.9314,4.5
3,1,56,3.8410,4.0
3,1,56,3.8410,4.0
3,1,19,3.8898,4.125
3,1,19,3.8897,4.125
3,1,78,3.9513,5.25
3,1,78,3.9512,5.25
3,1,17,3.9098,5.0
3,1,17,3.9098,5.0
3,1,76,3.9310,4.0
3,1,76,3.9311,4.0
3,1,52,3.9215,3.5
3,1,52,3.9214,3.5
3,1,74,3.8909,4.0
3,1,74,3.8910,4.0
3,1,50,3.9292,4.66667
3,1,50,3.9292,4.66667
3,1,48,3.9244,2.5
3,1,48,3.9243,2.5
3,1,107,3.8893,5.25
3,1,107,3.8893,5.25
3,1,70,3.9229,2.75
3,1,70,3.9229,2.75
3,1,14,3.9098,3.75
3,1,14,3.9098,3.75
3,1,105,3.8841,1.25
3,1,105,3.8841,1.25
3,1,103,3.8768,1.5
3,1,103,3.8768,1.5
3,1,66,3.9177,3.0
3,1,66,3.9178,3.0
3,2,82,3.9005,3.25
3,2,82,3.9004,3.25
3,2,61,3.8793,4.375
3,2,61,3.8793,4.375
3,2,80,3.8989,4.75
3,2,80,3.8989,4.75
3,2,30,3.8527,3.625
3,2,30,3.8527,3.625
3,2,35,3.8976,3.875
3,2,35,3.8976,3.875
3,2,86,3.8710,2.75
3,2,86,3.8710,2.75
3,2,28,3.9265,4.0
3,2,28,3.9265,4.0
3,2,33,3.9319,5.0
3,2,33,3.9319,5.0
3,2,84,3.8887,4.0
3,2,84,3.8888,4.0
3,2,2,3.8282,1.875
3,2,2,3.8281,1.875
3,2,39,3.9268,4.25
3,2,39,3.9268,4.25
3,2,90,3.8949,4.25
3,2,90,3.8949,4.25
3,2,37,3.8821,2.25
3,2,37,3.8821,2.25
3,2,88,3.8988,4.0
3,2,88,3.8988,4.0
3,2,6,3.8815,5.25
3,2,6,3.8815,5.25
3,2,43,3.8901,4.0
3,2,43,3.8902,4.0
3,2,94,3.8843,3.75
3,2,94,3.8842,3.75
3,2,99,3.8764,2.625
3,2,99,3.8764,2.625
3,2,41,3.8847,3.5
3,2,41,3.8847,3.5
3,2,92,3.9075,3.25
3,2,92,3.9076,3.25
3,2,97,3.8875,5.0
3,2,97,3.8875,5.0
3,2,10,3.9253,4.0
3,2,10,3.9253,4.0
3,2,47,3.8417,3.875
3,2,47,3.8419,3.875
3,2,66,3.8988,3.75
3,2,66,3.8988,3.75
3,2,103,3.8690,4.0
3,2,103,3.8688,4.0
3,2,8,3.9242,6.0
3,2,8,3.9241,6.0
3,2,45,3.9495,3.25
3,2,45,3.9496,3.25
3,2,64,3.8110,2.375
3,2,64,3.8109,2.375
3,2,101,3.9045,3.125
3,2,101,3.9045,3.125
3,2,14,3.8765,3.75
3,2,14,3.8765,3.75
3,2,70,3.8668,3.66667
3,2,70,3.8667,3.66667
3,2,107,3.8193,4.625
3,2,107,3.8192,4.625
3,2,12,3.9310,5.25
3,2,12,3.9311,5.25
3,2,68,3.8725,5.5
3,2,68,3.8725,5.5
3,2,105,3.9219,3.5
3,2,105,3.9219,3.5
3,2,50,3.8832,3.75
3,2,50,3.8832,3.75
3,2,74,3.8727,3.25
3,2,74,3.8727,3.25
3,2,111,3.8925,3.5
3,2,111,3.8925,3.5
3,2,48,3.8890,4.25
3,2,48,3.8889,4.25
3,2,109,3.9116,1.95833
3,2,109,3.9116,1.95833
3,2,78,3.8724,2.75
3,2,78,3.8724,2.75
3,2,52,3.9114,1.5
3,2,52,3.9114,1.5
3,2,56,3.9388,4.25
3,2,56,3.9388,4.25
3,2,112,3.8906,4.0
3,2,112,3.8906,4.0
3,2,62,3.9365,5.25
3,2,62,3.9364,5.25
3,2,27,3.8849,4.0
3,2,27,3.8850,4.0
3,2,60,3.9038,3.75
3,2,60,3.9036,3.75
3,2,83,3.9041,4.25
3,2,83,3.9041,4.25
3,2,34,3.8791,3.5
3,2,34,3.8792,3.5
3,2,81,3.9181,4.375
3,2,81,3.9181,4.375
3,2,31,3.9169,3.25
3,2,31,3.9169,3.25
3,2,32,3.9043,3.25
3,2,32,3.9043,3.25
3,2,87,3.8996,3.75
3,2,87,3.8996,3.75
3,2,29,3.8781,4.0
3,2,29,3.8782,4.0
3,2,38,3.9557,3.25
3,2,38,3.9557,3.25
3,2,85,3.9174,3.25
3,2,85,3.9175,3.25
3,2,36,3.8779,2.75
3,2,36,3.8778,2.75
3,2,91,3.9100,4.5
3,2,91,3.9100,4.5
3,2,42,3.9085,2.5
3,2,42,3.9084,2.5
3,2,89,3.8387,3.25
3,2,89,3.8387,3.25
3,2,98,3.9002,4.5
3,2,98,3.9002,4.5
3,2,7,3.8717,6.0
3,2,7,3.8717,6.0
3,2,40,3.9186,2.75
3,2,40,3.9186,2.75
3,2,95,3.9219,1.5
3,2,95,3.9218,1.5
3,2,96,3.9359,3.125
3,2,96,3.9359,3.125
3,2,5,3.9079,3.25
3,2,5,3.9079,3.25
3,2,46,3.9305,4.5
3,2,46,3.9305,4.5
3,2,93,3.9248,5.0
3,2,93,3.9249,5.0
3,2,102,3.9142,2.0
3,2,102,3.9142,2.0
3,2,11,3.9245,4.125
3,2,11,3.9246,4.125
3,2,44,3.8736,5.0
3,2,44,3.8736,5.0
3,2,67,3.8796,5.25
3,2,67,3.8795,5.25
3,2,100,3.9340,1.25
3,2,100,3.9340,1.25
3,2,9,3.8831,4.5
3,2,9,3.8831,4.5
3,2,65,3.8749,3.0
3,2,65,3.8750,3.0
3,2,106,3.8974,3.875
3,2,106,3.8974,3.875
3,2,71,3.9383,2.375
3,2,71,3.9383,2.375
3,2,104,3.9168,3.5
3,2,104,3.9168,3.5
3,2,13,3.9388,5.0
3,2,13,3.9389,5.0
3,2,69,3.8704,1.25
3,2,69,3.8705,1.25
3,2,110,3.9249,4.25
3,2,110,3.9248,4.25
3,2,51,3.8548,4.0
3,2,51,3.8548,4.0
3,2,108,3.8810,4.0
3,2,108,3.8810,4.0
3,2,49,3.9006,2.75
3,2,49,3.9006,2.75
3,2,73,3.9170,3.75
3,2,73,3.9170,3.75
3,2,55,3.8883,3.33333
3,2,55,3.8883,3.33333
3,2,79,3.9428,3.75
3,2,79,3.9429,3.75
3,2,53,3.8932,4.5
3,2,53,3.8932,4.5
3,2,77,3.8992,2.25
3,2,77,3.8992,2.25
3,2,59,3.8615,2.25
3,2,59,3.8615,2.25
3,2,113,3.8896,3.0
3,2,113,3.8896,3.0
3,2,26,3.9326,2.5
3,2,26,3.9326,2.5
3,2,63,3.8284,1.25
3,2,63,3.8281,1.25
4,1,29,3.2462,3.0
4,1,29,3.2454,3.0
4,1,58,4.2931,2.25
4,1,58,4.2930,2.25
4,1,85,3.6314,2.5
4,1,85,3.6306,2.5
4,1,114,2.9116,1.5
4,1,114,2.9113,1.5
4,1,31,3.3883,2.25
4,1,31,3.3897,2.25
4,1,36,3.1225,0.875
4,1,36,3.1234,0.875
4,1,87,2.9589,3.25
4,1,87,2.9586,3.25
4,1,25,3.4861,1.5
4,1,25,3.4863,1.5
4,1,38,3.0935,2.5
4,1,38,3.0947,2.5
4,1,81,3.2861,3.0
4,1,81,3.2870,3.0
4,1,27,2.9170,2.75
4,1,27,2.9152,2.75
4,1,32,3.2313,1.5
4,1,32,3.2249,1.5
4,1,83,3.1115,3.25
4,1,83,3.1119,3.25
4,1,5,2.8686,1.0
4,1,5,2.8687,1.0
4,1,34,3.4910,1.5
4,1,34,3.4911,1.5
4,1,93,3.3939,3.0
4,1,93,3.3946,3.0
4,1,7,3.2943,1.75
4,1,7,3.2984,1.75
4,1,95,3.0385,3.5
4,1,95,3.0363,3.5
4,1,100,3.1398,0.75
4,1,100,3.1398,0.75
4,1,46,3.7925,3.75
4,1,46,3.7922,3.75
4,1,89,2.9211,1.75
4,1,89,2.9207,1.75
4,1,102,2.8303,1.5
4,1,102,2.8304,1.5
4,1,3,3.2829,3.5
4,1,3,3.2832,3.5
4,1,40,3.4190,4.0
4,1,40,3.4194,4.0
4,1,91,3.3315,2.25
4,1,91,3.3320,2.25
4,1,96,3.4304,2.75
4,1,96,3.4303,2.75
4,1,13,3.0205,1.5
4,1,13,3.0206,1.5
4,1,42,3.2925,1.75
4,1,42,3.2925,1.75
4,1,69,4.2287,5.5
4,1,69,4.2277,5.5
4,1,98,3.1889,3.25
4,1,98,3.1900,3.25
4,1,15,2.7859,0.75
4,1,15,2.7864,0.75
4,1,71,4.0027,2.125
4,1,71,4.0022,2.125
4,1,108,3.5781,3.25
4,1,108,3.5774,3.25
4,1,9,2.9864,1.0
4,1,9,2.9862,1.0
4,1,65,3.7570,4.75
4,1,65,3.7576,4.75
4,1,110,3.2675,4.0
4,1,110,3.2683,4.0
4,1,11,3.3678,1.0
4,1,11,3.3687,1.0
4,1,67,3.6301,1.75
4,1,67,3.6299,1.75
4,1,104,3.2134,1.25
4,1,104,3.2128,1.25
4,1,53,3.8686,2.5
4,1,53,3.8693,2.5
4,1,77,3.4488,2.625
4,1,77,3.4485,2.625
4,1,106,3.1196,2.125
4,1,106,3.1196,2.125
4,1,55,3.8169,2.5
4,1,55,3.8166,2.5
4,1,79,3.7235,6.75
4,1,79,3.7234,6.75
4,1,49,4.0901,4.25
4,1,49,4.0902,4.25
4,1,73,4.0365,4.25
4,1,73,4.0372,4.25
4,1,22,3.0959,1.25
4,1,22,3.0956,1.25
4,1,51,4.1155,2.75
4,1,51,4.1155,2.75
4,1,75,3.6546,4.75
4,1,75,3.6545,4.75
4,1,16,2.9384,1.0
4,1,16,2.9379,1.0
4,1,117,2.8752,1.25
4,1,117,2.8751,1.25
4,1,63,2.9186,1.0
4,1,63,2.9187,1.0
4,1,28,3.4216,2.625
4,1,28,3.4204,2.625
4,1,57,3.8487,2.75
4,1,57,3.8490,2.75
4,1,84,3.1576,2.5
4,1,84,3.1579,2.5
4,1,113,3.4152,3.25
4,1,113,3.4152,3.25
4,1,30,3.2713,1.125
4,1,30,3.2710,1.125
4,1,59,4.1796,1.875
4,1,59,4.1793,1.875
4,1,86,3.0589,1.66667
4,1,86,3.0578,1.66667
4,1,115,3.3555,3.5
4,1,115,3.3550,3.5
4,1,24,3.1849,2.0
4,1,24,3.1848,2.0
4,1,37,3.5240,2.25
4,1,37,3.5251,2.25
4,1,80,3.5838,3.5
4,1,80,3.5839,3.5
4,1,26,3.6456,4.375
4,1,26,3.6460,4.375
4,1,39,3.6729,2.5
4,1,39,3.6744,2.5
4,1,82,2.8644,6.5
4,1,82,2.8645,6.5
4,1,4,2.7903,1.5
4,1,4,2.7894,1.5
4,1,33,3.3292,1.5
4,1,33,3.3319,1.5
4,1,92,2.9187,2.0
4,1,92,2.9186,2.0
4,1,6,2.9562,1.5
4,1,6,2.9554,1.5
4,1,35,3.1698,1.75
4,1,35,3.1700,1.75
4,1,94,2.8693,1.5
4,1,94,2.8690,1.5
4,1,45,3.6880,2.125
4,1,45,3.6878,2.125
4,1,88,3.0407,1.5
4,1,88,3.0398,1.5
4,1,101,2.7636,3.875
4,1,101,2.7630,3.875
4,1,47,3.5041,2.125
4,1,47,3.5042,2.125
4,1,90,3.2695,1.375
4,1,90,3.2716,1.375
4,1,103,3.3416,1.0
4,1,103,3.3417,1.0
4,1,12,3.1208,2.5
4,1,12,3.1208,2.5
4,1,41,3.9940,2.5
4,1,41,3.9941,2.5
4,1,68,3.7181,5.5
4,1,68,3.7179,5.5
4,1,97,3.1563,1.625
4,1,97,3.1561,1.625
4,1,70,3.7644,5.25
4,1,70,3.7639,5.25
4,1,99,3.4986,2.375
4,1,99,3.4980,2.375
4,1,8,3.0536,0.75
4,1,8,3.0535,0.75
4,1,64,3.6544,3.5
4,1,64,3.6553,3.5
4,1,109,2.9672,2.75
4,1,109,2.9672,2.75
4,1,10,3.2507,3.0
4,1,10,3.2517,3.0
4,1,66,3.1382,1.0
4,1,66,3.1381,1.0
4,1,111,3.0371,3.5
4,1,111,3.0371,3.5
4,1,52,3.7399,3.25
4,1,52,3.7404,3.25
4,1,105,3.6018,3.625
4,1,105,3.6027,3.625
4,1,54,3.7861,3.375
4,1,54,3.7858,3.375
4,1,78,3.2502,3.25
4,1,78,3.2507,3.25
4,1,48,4.1944,1.5
4,1,48,4.1939,1.5
4,1,72,2.9657,2.375
4,1,72,2.9657,2.375
4,1,50,3.6917,2.0
4,1,50,3.6913,2.0
4,1,74,3.2690,3.5
4,1,74,3.2688,3.5
4,1,23,3.0450,1.0
4,1,23,3.0451,1.0
4,1,116,3.6856,1.75
4,1,116,3.6851,1.75
4,1,118,3.9798,4.5
4,1,118,3.9796,4.5
4,1,56,3.9523,2.0
4,1,56,3.9525,2.0
4,1,112,3.4061,1.0
4,1,112,3.4069,1.0
7,1,40,3.7337,5.5
7,1,40,3.7513,5.5
7,1,3,3.7234,4.75
7,1,3,3.7092,4.75
7,1,102,3.6936,4.25
7,1,102,3.6265,4.25
7,1,46,3.7618,4.0
7,1,46,3.7306,4.0
7,1,1,3.8324,3.5
7,1,1,3.8301,3.5
7,1,44,3.6584,6.25
7,1,44,3.7496,6.25
7,1,7,3.6960,2.25
7,1,7,3.7266,2.25
7,1,90,3.7242,4.0
7,1,90,3.7437,4.0
7,1,34,3.7192,5.5
7,1,34,3.7385,5.5
7,1,5,3.7479,4.75
7,1,5,3.7361,4.75
7,1,88,3.7213,6.5
7,1,88,3.7525,6.5
7,1,32,3.7342,3.75
7,1,32,3.7373,3.75
7,1,94,3.7225,3.0
7,1,94,3.7237,3.0
7,1,38,3.7375,3.5
7,1,38,3.6452,3.5
7,1,92,3.7327,5.75
7,1,92,3.6819,5.75
7,1,36,3.7355,4.25
7,1,36,3.6868,4.25
7,1,82,3.6998,5.25
7,1,82,3.7383,5.25
7,1,26,3.7240,3.0
7,1,26,3.7313,3.0
7,1,80,3.7273,2.0
7,1,80,3.7259,2.0
7,1,24,3.7016,5.0
7,1,24,3.7488,5.0
7,1,86,3.7297,3.25
7,1,86,3.7530,3.25
7,1,59,3.7090,5.25
7,1,59,3.5966,5.25
7,1,30,3.7512,3.0
7,1,30,3.7464,3.0
7,1,84,3.6618,4.75
7,1,84,3.7365,4.75
7,1,57,3.7394,4.25
7,1,57,3.7062,4.25
7,1,28,3.7145,5.25
7,1,28,3.7396,5.25
7,1,74,3.6839,4.25
7,1,74,3.5890,4.25
7,1,63,3.7020,5.5
7,1,63,3.7118,5.5
7,1,18,3.7238,6.0
7,1,18,3.7496,6.0
7,1,72,3.7390,2.0
7,1,72,3.7090,2.0
7,1,61,3.7173,5.0
7,1,61,3.7480,5.0
7,1,107,3.6713,4.0
7,1,107,3.7414,4.0
7,1,78,3.6748,4.0
7,1,78,3.6083,4.0
7,1,51,3.7537,3.5
7,1,51,3.7427,3.5
7,1,22,3.7426,3.75
7,1,22,3.7268,3.75
7,1,105,3.7175,4.75
7,1,105,3.7498,4.75
7,1,76,3.7638,2.75
7,1,76,3.7444,2.75
7,1,49,3.7287,4.5
7,1,49,3.7393,4.5
7,1,20,3.7246,5.25
7,1,20,3.7501,5.25
7,1,66,3.7388,4.25
7,1,66,3.7436,4.25
7,1,55,3.7214,2.5
7,1,55,3.7217,2.5
7,1,10,3.6951,2.75
7,1,10,3.7203,2.75
7,1,109,3.6576,6.25
7,1,109,3.4909,6.25
7,1,64,3.7113,5.0
7,1,64,3.7437,5.0
7,1,53,3.7306,5.5
7,1,53,3.7139,5.5
7,1,8,3.7561,4.5
7,1,8,3.6946,4.5
7,1,70,3.7082,5.5
7,1,70,3.7472,5.5
7,1,43,3.7333,3.5
7,1,43,3.7429,3.5
7,1,14,3.7256,1.75
7,1,14,3.7043,1.75
7,1,97,3.7081,5.5
7,1,97,3.6841,5.5
7,1,68,3.6957,4.25
7,1,68,3.6076,4.25
7,1,41,3.7486,4.75
7,1,41,3.7933,4.75
7,1,12,3.7330,5.0
7,1,12,3.6653,5.0
7,1,103,3.5883,3.25
7,1,103,3.6875,3.25
7,1,47,3.7336,4.5
7,1,47,3.7454,4.5
7,1,2,3.7531,5.5
7,1,2,3.7365,5.5
7,1,101,3.6404,4.0
7,1,101,3.7154,4.0
7,1,45,3.6682,4.5
7,1,45,3.7275,4.5
7,1,35,3.7215,6.0
7,1,35,3.7546,6.0
7,1,89,3.7510,5.25
7,1,89,3.7486,5.25
7,1,33,3.7310,4.75
7,1,33,3.7444,4.75
7,1,4,3.7259,3.25
7,1,4,3.7392,3.25
7,1,95,3.6853,4.75
7,1,95,3.6127,4.75
7,1,39,3.6949,5.5
7,1,39,3.6720,5.5
7,1,93,3.7275,4.25
7,1,93,3.5738,4.25
7,1,37,3.7236,4.25
7,1,37,3.7288,4.25
7,1,83,3.7585,4.75
7,1,83,3.7386,4.75
7,1,27,3.7321,4.25
7,1,27,3.7116,4.25
7,1,81,3.7361,4.0
7,1,81,3.7557,4.0
7,1,25,3.7353,4.5
7,1,25,3.6764,4.5
7,1,31,3.5974,4.5
7,1,31,3.7223,4.5
7,1,58,3.6668,6.0
7,1,58,3.7213,6.0
7,1,29,3.6468,4.25
7,1,29,3.7342,4.25
7,1,75,3.7271,4.75
7,1,75,3.7383,4.75
7,1,19,3.7538,4.75
7,1,19,3.7384,4.75
7,1,73,3.7405,1.0
7,1,73,3.7466,1.0
7,1,62,3.7104,4.5
7,1,62,3.6959,4.5
7,1,79,3.7367,3.0
7,1,79,3.7472,3.0
7,1,60,3.7389,3.25
7,1,60,3.7407,3.25
7,1,23,3.6836,4.0
7,1,23,3.7139,4.0
7,1,106,3.7461,4.75
7,1,106,3.7373,4.75
7,1,50,3.7457,5.0
7,1,50,3.7459,5.0
7,1,104,3.7416,4.75
7,1,104,3.7380,4.75
7,1,67,3.6687,4.75
7,1,67,3.7021,4.75
7,1,48,3.7484,1.5
7,1,48,3.7284,1.5
7,1,11,2.7061,1.75
7,1,11,2.9698,1.75
7,1,65,3.5870,5.25
7,1,65,3.4148,5.25
7,1,54,3.7155,5.5
7,1,54,3.7360,5.5
7,1,9,3.7452,2.0
7,1,9,3.7395,2.0
7,1,108,3.7167,2.75
7,1,108,3.7365,2.75
7,1,71,3.6887,4.75
7,1,71,3.6791,4.75
7,1,52,3.7329,0.75
7,1,52,3.7537,0.75
7,1,98,3.7454,3.25
7,1,98,3.7566,3.25
7,1,69,3.6945,5.5
7,1,69,3.7444,5.5
7,1,42,3.7401,3.0
7,1,42,3.7310,3.0
7,1,13,3.7241,3.0
7,1,13,3.7310,3.0
7,1,96,3.6930,5.5
7,1,96,3.5989,5.5
7,2,77,3.8587,4.25
7,2,77,3.8064,4.25
7,2,102,3.7781,5.25
7,2,102,3.7586,5.25
7,2,3,3.8628,5.75
7,2,3,3.8322,5.75
7,2,75,3.8420,3.5
7,2,75,3.8160,3.5
7,2,100,3.8277,1.75
7,2,100,3.7520,1.75
7,2,1,3.8417,4.25
7,2,1,3.8459,4.25
7,2,73,3.8326,3.25
7,2,73,3.8427,3.25
7,2,98,3.8396,3.75
7,2,98,3.7753,3.75
7,2,63,3.7920,5.25
7,2,63,3.7637,5.25
7,2,71,3.8370,4.0
7,2,71,3.8291,4.0
7,2,96,3.8473,3.5
7,2,96,3.8138,3.5
7,2,61,3.6159,5.5
7,2,61,3.5587,5.5
7,2,69,3.8435,4.25
7,2,69,3.8309,4.25
7,2,30,3.8460,3.0
7,2,30,3.7630,3.0
7,2,28,3.8330,5.75
7,2,28,3.7772,5.75
7,2,57,3.8226,1.5
7,2,57,3.8087,1.5
7,2,65,3.7910,5.0
7,2,65,3.7815,5.0
7,2,26,3.7860,4.25
7,2,26,3.7547,4.25
7,2,55,3.7823,4.0
7,2,55,3.7482,4.0
7,2,24,3.8544,3.75
7,2,24,3.8359,3.75
7,2,53,3.7659,5.0
7,2,53,3.7127,5.0
7,2,22,3.8414,3.0
7,2,22,3.7966,3.0
7,2,51,3.8115,4.75
7,2,51,3.7800,4.75
7,2,94,3.8233,3.25
7,2,94,3.7719,3.25
7,2,20,3.8960,5.5
7,2,20,3.9030,5.5
7,2,49,3.8168,4.0
7,2,49,3.7801,4.0
7,2,92,3.8331,4.66667
7,2,92,3.8208,4.66667
7,2,18,3.8158,3.5
7,2,18,3.7504,3.5
7,2,47,3.8415,4.0
7,2,47,3.8280,4.0
7,2,90,3.8896,4.0
7,2,90,3.8491,4.0
7,2,16,3.8302,5.0
7,2,16,3.7822,5.0
7,2,45,3.7726,2.5
7,2,45,3.6838,2.5
7,2,88,3.8073,5.0
7,2,88,3.7328,5.0
7,2,14,3.8495,5.5
7,2,14,3.8518,5.5
7,2,43,3.7467,2.75
7,2,43,3.7245,2.75
7,2,86,3.7889,2.5
7,2,86,3.7919,2.5
7,2,12,3.8289,4.25
7,2,12,3.7298,4.25
7,2,84,3.8268,3.75
7,2,84,3.7553,3.75
7,2,10,3.8176,4.0
7,2,10,3.7900,4.0
7,2,39,3.8394,4.0
7,2,39,3.7546,4.0
7,2,82,3.8356,3.25
7,2,82,3.8292,3.25
7,2,8,3.7834,4.0
7,2,8,3.7422,4.0
7,2,37,3.8455,3.5
7,2,37,3.7801,3.5
7,2,80,3.7948,4.0
7,2,80,3.6710,4.0
7,2,109,3.8555,5.25
7,2,109,3.7705,5.25
7,2,6,3.8735,4.0
7,2,6,3.8900,4.0
7,2,35,3.7754,3.5
7,2,35,3.7220,3.5
7,2,78,3.8311,5.0
7,2,78,3.7975,5.0
7,2,107,3.8359,4.5
7,2,107,3.8293,4.5
7,2,4,3.8325,3.0
7,2,4,3.7452,3.0
7,2,33,3.8392,1.5
7,2,33,3.7606,1.5
7,2,76,3.7929,4.5
7,2,76,3.7200,4.5
7,2,105,3.8501,3.0
7,2,105,3.8660,3.0
7,2,2,3.8420,2.75
7,2,2,3.8014,2.75
7,2,74,3.8360,2.5
7,2,74,3.7896,2.5
7,2,103,3.8238,4.25
7,2,103,3.7658,4.25
7,2,72,3.8251,4.25
7,2,72,3.8412,4.25
7,2,70,3.8207,3.25
7,2,70,3.7500,3.25
7,2,99,3.8327,4.25
7,2,99,3.8184,4.25
7,2,60,3.7665,4.0
7,2,60,3.6652,4.0
7,2,68,3.7871,6.5
7,2,68,3.7120,6.5
7,2,97,3.8375,3.0
7,2,97,3.8035,3.0
7,2,58,3.7447,4.0
7,2,58,3.5852,4.0
7,2,66,3.8394,5.5
7,2,66,3.7797,5.5
7,2,31,3.8513,3.75
7,2,31,3.8236,3.75
7,2,56,3.8637,4.75
7,2,56,3.8394,4.75
7,2,64,3.5863,3.25
7,2,64,3.5272,3.25
7,2,29,3.8466,1.75
7,2,29,3.8055,1.75
7,2,27,3.8907,4.25
7,2,27,3.8239,4.25
7,2,52,3.8318,3.25
7,2,52,3.7829,3.25
7,2,25,3.8714,4.75
7,2,25,3.8603,4.75
7,2,50,3.8276,4.25
7,2,50,3.7911,4.25
7,2,23,3.8316,1.75
7,2,23,3.7867,1.75
7,2,48,3.8731,3.75
7,2,48,3.7920,3.75
7,2,95,3.8353,2.5
7,2,95,3.7532,2.5
7,2,21,3.8261,1.5
7,2,21,3.8076,1.5
7,2,46,3.7276,4.75
7,2,46,3.5614,4.75
7,2,93,3.8004,4.75
7,2,93,3.7385,4.75
7,2,19,3.8344,4.5
7,2,19,3.8092,4.5
7,2,44,3.8286,4.5
7,2,44,3.8296,4.5
7,2,91,3.7959,3.75
7,2,91,3.7014,3.75
7,2,17,3.8239,6.0
7,2,17,3.7615,6.0
7,2,42,3.8477,3.0
7,2,42,3.8412,3.0
7,2,89,3.8196,3.0
7,2,89,3.7262,3.0
7,2,40,3.8520,5.25
7,2,40,3.8572,5.25
7,2,87,3.8106,4.5
7,2,87,3.7406,4.5
7,2,13,3.7529,4.75
7,2,13,3.8363,4.75
7,2,38,3.8400,5.25
7,2,38,3.8259,5.25
7,2,85,3.8394,2.5
7,2,85,3.8249,2.5
7,2,110,3.7824,4.75
7,2,110,3.7978,4.75
7,2,11,3.7996,2.75
7,2,11,3.7366,2.75
7,2,36,3.8217,2.5
7,2,36,3.7160,2.5
7,2,83,3.8125,5.0
7,2,83,3.8081,5.0
7,2,108,3.7816,5.5
7,2,108,3.7151,5.5
7,2,9,3.8470,4.0
7,2,9,3.8377,4.0
7,2,34,3.7657,4.25
7,2,34,3.8011,4.25
7,2,106,3.8395,6.25
7,2,106,3.8079,6.25
7,2,7,3.8568,5.0
7,2,7,3.8118,5.0
7,2,32,3.8297,4.5
7,2,32,3.8392,4.5
7,2,104,3.8145,3.5
7,2,104,3.7806,3.5
7,2,5,3.7694,3.25
7,2,5,3.8208,3.25
8,1,34,3.4922,2.5
8,1,34,2.8285,2.5
8,1,7,2.9727,1.0
8,1,7,3.4921,1.0
8,1,94,3.0108,1.75
8,1,94,2.0366,1.75
8,1,21,3.4709,1.75
8,1,21,3.3761,1.75
8,1,35,3.6912,3.0
8,1,35,3.0013,3.0
8,1,49,3.7369,2.25
8,1,49,3.2514,2.25
8,1,8,3.4938,1.0
8,1,8,2.9276,1.0
8,1,95,3.3917,2.25
8,1,95,2.9756,2.25
8,1,22,3.9138,3.5
8,1,22,3.7687,3.5
8,1,36,3.4690,3.75
8,1,36,3.2042,3.75
8,1,50,3.2487,1.0
8,1,50,3.5461,1.0
8,1,9,3.8240,2.0
8,1,9,3.0848,2.0
8,1,64,3.6020,1.25
8,1,64,2.7891,1.25
8,1,23,3.9172,3.25
8,1,23,3.5126,3.25
8,1,37,3.6679,1.75
8,1,37,3.0098,1.75
8,1,51,1.9751,1.0
8,1,51,2.9901,1.0
8,1,10,3.2068,1.75
8,1,10,3.5195,1.75
8,1,65,3.0802,2.0
8,1,65,3.3296,2.0
8,1,24,3.5251,3.75
8,1,24,3.1089,3.75
8,1,38,3.7810,2.25
8,1,38,3.2317,2.25
8,1,52,3.6746,1.25
8,1,52,2.9465,1.25
8,1,11,2.7949,2.0
8,1,11,3.3225,2.0
8,1,66,3.3641,2.25
8,1,66,3.1583,2.25
8,1,25,3.1297,2.5
8,1,25,1.8905,2.5
8,1,80,3.2715,1.75
8,1,80,2.3646,1.75
8,1,39,3.6006,3.0
8,1,39,2.7908,3.0
8,1,53,3.0193,2.25
8,1,53,2.1223,2.25
8,1,12,2.7294,1.0
8,1,12,3.3463,1.0
8,1,67,2.7882,2.25
8,1,67,3.2424,2.25
8,1,26,3.6826,2.75
8,1,26,2.8871,2.75
8,1,81,3.1961,2.25
8,1,81,2.7812,2.25
8,1,40,3.6399,1.75
8,1,40,2.9461,1.75
8,1,54,3.4659,3.0
8,1,54,3.1660,3.0
8,1,68,3.0827,1.5
8,1,68,3.3158,1.5
8,1,27,3.4473,2.0
8,1,27,2.7006,2.0
8,1,82,3.3104,1.75
8,1,82,2.8297,1.75
8,1,41,3.0341,1.5
8,1,41,1.9624,1.5
8,1,96,3.5849,2.5
8,1,96,2.9873,2.5
8,1,69,3.5214,2.5
8,1,69,2.6453,2.5
8,1,28,2.6011,1.0
8,1,28,3.1776,1.0
8,1,42,3.5993,3.5
8,1,42,2.7085,3.5
8,1,97,3.7457,2.25
8,1,97,3.3557,2.25
8,1,29,3.7764,3.25
8,1,29,3.1064,3.25
8,1,43,3.4446,1.75
8,1,43,2.8563,1.75
8,1,98,3.1394,0.75
8,1,98,3.5280,0.75
8,1,30,3.8206,2.5
8,1,30,3.3408,2.5
8,1,85,3.6051,2.0
8,1,85,2.6641,2.0
8,1,44,3.4494,3.25
8,1,44,2.7687,3.25
8,1,58,1.9949,1.0
8,1,58,2.8562,1.0
8,1,31,3.4757,1.25
8,1,31,2.9449,1.25
8,1,86,3.6259,1.25
8,1,86,3.8380,1.25
8,1,59,3.0867,1.5
8,1,59,3.3720,1.5
8,1,73,3.2766,2.75
8,1,73,2.2979,2.75
8,1,87,3.2564,1.0
8,1,87,2.5496,1.0
8,1,60,3.0694,2.5
8,1,60,2.0579,2.5
8,1,74,3.3735,2.5
8,1,74,2.4469,2.5
8,1,88,3.2506,2.25
8,1,88,3.6236,2.25
8,1,61,3.3382,2.75
8,1,61,3.0896,2.75
8,1,75,3.5444,3.0
8,1,75,3.3280,3.0
8,1,2,3.9555,2.75
8,1,2,3.8309,2.75
8,1,89,3.4806,3.5
8,1,89,2.8737,3.5
8,1,16,3.6255,2.75
8,1,16,3.0034,2.75
8,1,62,1.6890,1.5
8,1,62,2.7092,1.5
8,1,76,3.6227,1.0
8,1,76,3.1217,1.0
8,1,3,3.7303,2.5
8,1,3,3.2366,2.5
8,1,17,3.7064,3.25
8,1,17,3.1440,3.25
8,1,63,3.6594,1.0
8,1,63,3.6243,1.0
8,1,77,3.7648,3.25
8,1,77,3.2391,3.25
8,1,4,3.0629,1.75
8,1,4,2.1376,1.75
8,1,91,3.1956,2.75
8,1,91,2.6056,2.75
8,1,18,3.6618,3.75
8,1,18,3.1079,3.75
8,1,32,3.6841,2.75
8,1,32,3.0492,2.75
8,1,78,2.7017,2.75
8,1,78,3.2442,2.75
8,1,5,3.5414,2.0
8,1,5,2.8921,2.0
8,1,92,3.4513,1.5
8,1,92,2.7806,1.5
8,1,19,3.7291,2.25
8,1,19,3.1849,2.25
8,1,33,3.4562,1.75
8,1,33,2.7952,1.75
8,1,79,3.4072,2.0
8,1,79,2.7465,2.0
8,1,6,3.0519,1.5
8,1,6,3.5074,1.5
8,1,93,2.9105,1.75
8,1,93,3.4846,1.75
8,1,20,3.6761,2.5
8,1,20,2.9697,2.5
8,2,17,2.9054,3.5
8,2,17,2.9062,3.5
8,2,91,2.1681,2.25
8,2,91,2.1685,2.25
8,2,19,3.0848,2.0
8,2,19,3.0835,2.0
8,2,93,2.1965,4.25
8,2,93,2.1991,4.25
8,2,96,1.9035,2.0
8,2,96,1.9029,2.0
8,2,21,2.8404,2.25
8,2,21,2.8410,2.25
8,2,56,2.6087,2.0
8,2,56,2.6082,2.0
8,2,95,2.7532,2.0
8,2,95,2.7533,2.0
8,2,98,2.8610,3.0
8,2,98,2.8608,3.0
8,2,23,2.9243,2.5
8,2,23,2.9222,2.5
8,2,58,3.0302,3.0
8,2,58,3.0307,3.0
8,2,100,2.6799,3.25
8,2,100,2.6799,3.25
8,2,25,2.6039,2.75
8,2,25,2.6047,2.75
8,2,60,2.6668,3.5
8,2,60,2.6673,3.5
8,2,67,2.1685,1.625
8,2,67,2.1718,1.625
8,2,27,2.3445,4.0
8,2,27,2.3438,4.0
8,2,62,2.9273,1.75
8,2,62,2.9279,1.75
8,2,69,2.8259,3.5
8,2,69,2.8260,3.5
8,2,29,3.4412,4.75
8,2,29,3.3719,4.75
8,2,32,2.8261,4.0
8,2,32,2.8176,4.0
8,2,71,2.7126,2.0
8,2,71,2.7131,2.0
8,2,31,2.7641,2.75
8,2,31,2.7648,2.75
8,2,34,2.9842,3.5
8,2,34,2.9850,3.5
8,2,73,2.4704,3.5
8,2,73,2.4699,3.5
8,2,36,2.7091,3.75
8,2,36,2.7080,3.75
8,2,75,2.3719,4.0
8,2,75,2.3714,4.0
8,2,38,3.4933,3.75
8,2,38,3.4936,3.75
8,2,77,2.7186,4.75
8,2,77,2.7164,4.75
8,2,5,2.3910,3.75
8,2,5,2.3908,3.75
8,2,40,2.9653,2.0
8,2,40,2.9648,2.0
8,2,79,2.6678,4.0
8,2,79,2.6671,4.0
8,2,7,2.6236,1.5
8,2,7,2.6556,1.5
8,2,42,2.7858,3.5
8,2,42,2.7862,3.5
8,2,9,2.5233,2.0
8,2,9,2.5239,2.0
8,2,44,2.6217,3.25
8,2,44,2.6219,3.25
8,2,11,2.4121,3.0
8,2,11,2.4133,3.0
8,2,46,2.6377,3.25
8,2,46,2.6380,3.25
8,2,80,2.9925,3.25
8,2,80,2.9923,3.25
8,2,15,3.1558,2.25
8,2,15,3.1554,2.25
8,2,49,2.8899,4.0
8,2,49,2.8892,4.0
8,2,84,2.5432,3.5
8,2,84,2.5461,3.5
8,2,86,2.2454,3.25
8,2,86,2.2450,3.25
8,2,88,2.8166,3.75
8,2,88,2.8165,3.75
8,2,16,3.0960,4.0
8,2,16,3.0954,4.0
8,2,55,2.9911,3.75
8,2,55,2.9919,3.75
8,2,90,2.6951,1.5
8,2,90,2.6949,1.5
8,2,97,2.9135,4.25
8,2,97,2.9138,4.25
8,2,18,2.8647,3.5
8,2,18,2.8637,3.5
8,2,57,2.7821,4.75
8,2,57,2.7817,4.75
8,2,92,2.6665,2.0
8,2,92,2.6669,2.0
8,2,99,2.7144,4.0
8,2,99,2.7158,4.0
8,2,20,3.1410,3.75
8,2,20,3.1413,3.75
8,2,59,2.8831,4.5
8,2,59,2.8822,4.5
8,2,94,2.2963,3.0
8,2,94,2.2962,3.0
8,2,101,2.9562,2.75
8,2,101,2.9555,2.75
8,2,22,2.9271,2.25
8,2,22,2.9269,2.25
8,2,61,3.3154,4.0
8,2,61,3.3179,4.0
8,2,64,3.7302,4.75
8,2,64,3.7317,4.75
8,2,24,2.4193,3.0
8,2,24,2.4207,3.0
8,2,63,3.0813,5.25
8,2,63,3.0827,5.25
8,2,26,2.3240,4.0
8,2,26,2.3250,4.0
8,2,33,2.4925,2.25
8,2,33,2.4932,2.25
8,2,68,2.3192,2.75
8,2,68,2.3184,2.75
8,2,28,3.2461,2.5
8,2,28,3.2463,2.5
8,2,35,3.0146,3.5
8,2,35,3.0147,3.5
8,2,70,2.8486,4.0
8,2,70,2.8478,4.0
8,2,30,3.3062,4.25
8,2,30,3.3054,4.25
8,2,37,2.8405,2.25
8,2,37,2.8400,2.25
8,2,72,2.4870,3.5
8,2,72,2.4859,3.5
8,2,39,3.2942,2.0
8,2,39,3.2933,2.0
8,2,74,2.3191,3.75
8,2,74,2.3201,3.75
8,2,41,3.8249,4.0
8,2,41,3.8248,4.0
8,2,76,3.0869,3.25
8,2,76,3.0872,3.25
8,2,4,1.9755,3.25
8,2,4,1.9767,3.25
8,2,43,2.4898,2.75
8,2,43,2.4901,2.75
8,2,78,3.1846,3.25
8,2,78,3.1847,3.25
8,2,6,2.5489,1.75
8,2,6,2.5501,1.75
8,2,45,3.0964,2.25
8,2,45,3.0964,2.25
8,2,8,2.6464,4.25
8,2,8,2.6468,4.25
8,2,47,2.6039,2.75
8,2,47,2.6069,2.75
8,2,10,2.6723,1.75
8,2,10,2.6720,1.75
8,2,83,2.3712,2.75
8,2,83,2.3705,2.75
8,2,85,2.4382,4.5
8,2,85,2.4376,4.5
8,2,48,2.4168,4.0
8,2,48,2.4183,4.0
8,2,87,2.9799,2.0
8,2,87,2.9800,2.0
8,2,50,2.9056,3.0
8,2,50,2.9048,3.0
8,2,89,2.8330,2.25
8,2,89,2.8310,2.25
9,1,81,3.1107,2.25
9,1,81,3.0723,2.25
9,1,27,3.5709,3.75
9,1,27,3.6820,3.75
9,1,83,3.3116,4.25
9,1,83,3.4098,4.25
9,1,29,3.2662,2.5
9,1,29,3.0816,2.5
9,1,32,3.5202,2.75
9,1,32,3.6666,2.75
9,1,85,4.2884,4.75
9,1,85,4.1674,4.75
9,1,31,3.5765,3.5
9,1,31,3.5522,3.5
9,1,34,3.1120,3.25
9,1,34,3.3686,3.25
9,1,87,3.5048,3.25
9,1,87,3.6552,3.25
9,1,36,3.2461,3.5
9,1,36,3.0868,3.5
9,1,89,3.5068,2.75
9,1,89,3.5831,2.75
9,1,3,3.5217,4.75
9,1,3,3.8165,4.75
9,1,38,3.7517,3.5
9,1,38,3.6324,3.5
9,1,91,3.7507,3.75
9,1,91,3.5535,3.75
9,1,5,3.7760,5.75
9,1,5,3.8650,5.75
9,1,40,2.7158,2.25
9,1,40,2.6834,2.25
9,1,93,4.1037,3.25
9,1,93,4.0668,3.25
9,1,96,3.1299,4.25
9,1,96,3.4424,4.25
9,1,7,3.8956,4.25
9,1,7,3.7827,4.25
9,1,42,3.5560,4.0
9,1,42,3.4111,4.0
9,1,95,3.0022,4.25
9,1,95,3.4077,4.25
9,1,98,4.3524,2.25
9,1,98,4.4360,2.25
9,1,65,3.5702,2.0
9,1,65,3.5904,2.0
9,1,100,3.5838,4.25
9,1,100,3.5454,4.25
9,1,67,3.6643,4.25
9,1,67,3.5716,4.25
9,1,102,3.3061,3.75
9,1,102,3.3647,3.75
9,1,69,2.9532,5.5
9,1,69,3.3778,5.5
9,1,104,3.8840,3.0
9,1,104,4.0016,3.0
9,1,106,4.1318,4.0
9,1,106,4.2119,4.0
9,1,73,3.7930,3.25
9,1,73,3.8605,3.25
9,1,51,3.3362,3.5
9,1,51,3.4358,3.5
9,1,75,3.8403,2.5
9,1,75,3.8493,2.5
9,1,110,3.5811,4.25
9,1,110,3.5419,4.25
9,1,53,3.1949,3.0
9,1,53,3.6445,3.0
9,1,77,3.4011,3.25
9,1,77,3.3601,3.25
9,1,16,3.5890,1.5
9,1,16,3.5207,1.5
9,1,55,3.2202,3.5
9,1,55,3.5071,3.5
9,1,79,3.8566,4.0
9,1,79,4.0610,4.0
9,1,18,3.9806,3.5
9,1,18,3.9332,3.5
9,1,20,3.3629,4.0
9,1,20,3.6788,4.0
9,1,59,3.2859,2.75
9,1,59,3.3485,2.75
9,1,22,3.2051,3.0
9,1,22,3.1898,3.0
9,1,61,4.0336,3.5
9,1,61,3.9959,3.5
9,1,24,3.9701,3.5
9,1,24,3.8434,3.5
9,1,63,3.5690,3.25
9,1,63,3.3851,3.25
9,1,80,3.8829,3.25
9,1,80,3.9700,3.25
9,1,26,3.7958,4.5
9,1,26,3.7887,4.5
9,1,33,3.2568,3.75
9,1,33,3.1112,3.75
9,1,82,3.4546,4.0
9,1,82,3.8236,4.0
9,1,28,3.1897,2.75
9,1,28,3.4065,2.75
9,1,35,3.8612,3.5
9,1,35,3.8728,3.5
9,1,84,4.1390,3.0
9,1,84,4.0079,3.0
9,1,30,3.3376,3.0
9,1,30,3.4167,3.0
9,1,37,3.5465,4.5
9,1,37,3.5742,4.5
9,1,86,3.6800,4.0
9,1,86,3.5843,4.0
9,1,39,3.2386,2.75
9,1,39,3.1667,2.75
9,1,88,3.7389,3.25
9,1,88,3.6346,3.25
9,1,2,3.5843,5.25
9,1,2,3.8364,5.25
9,1,41,3.2565,3.0
9,1,41,3.6152,3.0
9,1,90,3.4824,2.75
9,1,90,3.5432,2.75
9,1,97,3.9888,3.5
9,1,97,4.1800,3.5
9,1,4,3.7617,5.0
9,1,4,3.6937,5.0
9,1,92,3.5324,4.0
9,1,92,3.5405,4.0
9,1,99,3.5537,3.0
9,1,99,3.5711,3.0
9,1,6,4.1324,3.5
9,1,6,4.1248,3.5
9,1,94,3.3038,3.0
9,1,94,3.3451,3.0
9,1,101,3.7669,2.25
9,1,101,3.8778,2.25
9,1,8,3.7618,4.5
9,1,8,4.0004,4.5
9,1,64,3.6082,4.25
9,1,64,3.8276,4.25
9,1,103,3.3134,2.25
9,1,103,3.2769,2.25
9,1,66,3.7436,4.75
9,1,66,3.4439,4.75
9,1,105,3.7636,3.75
9,1,105,3.6237,3.75
9,1,12,2.6505,4.75
9,1,12,2.5128,4.75
9,1,68,3.7720,3.5
9,1,68,3.9876,3.5
9,1,107,3.2055,4.25
9,1,107,3.3303,4.25
9,1,72,3.5244,3.75
9,1,72,3.7569,3.75
9,1,111,3.6443,3.0
9,1,111,3.5194,3.0
9,1,50,3.1810,3.5
9,1,50,3.4746,3.5
9,1,74,3.5443,3.0
9,1,74,3.5437,3.0
9,1,17,3.7744,4.25
9,1,17,3.7279,4.25
9,1,52,3.6791,2.75
9,1,52,3.8435,2.75
9,1,76,3.4461,4.0
9,1,76,3.4205,4.0
9,1,19,3.8046,3.25
9,1,19,3.8027,3.25
9,1,54,3.2276,2.75
9,1,54,3.6445,2.75
9,1,78,3.5694,3.5
9,1,78,3.7863,3.5
9,1,21,2.8513,4.5
9,1,21,3.0446,4.5
9,1,56,4.1778,3.75
9,1,56,4.0532,3.75
9,1,23,3.7449,4.5
9,1,23,3.9668,4.5
9,1,25,3.4647,3.5
9,1,25,3.6835,3.5
9,1,60,3.6197,4.0
9,1,60,3.6152,4.0
9,2,98,4.4501,4.5
9,2,98,4.3418,4.5
9,2,71,4.5849,5.25
9,2,71,4.5576,5.25
9,2,100,4.5081,5.75
9,2,100,4.4161,5.75
9,2,46,3.6554,4.75
9,2,46,3.7115,4.75
9,2,102,4.3994,3.75
9,2,102,4.1524,3.75
9,2,75,4.4038,3.75
9,2,75,4.1441,3.75
9,2,16,3.1393,2.75
9,2,16,3.2919,2.75
9,2,104,4.3888,3.25
9,2,104,4.1710,3.25
9,2,77,4.4541,4.25
9,2,77,4.3546,4.25
9,2,18,3.7249,4.25
9,2,18,3.6773,4.25
9,2,106,4.4930,5.25
9,2,106,4.5483,5.25
9,2,79,4.2770,5.25
9,2,79,4.1164,5.25
9,2,20,3.2486,3.0
9,2,20,3.5384,3.0
9,2,108,4.4902,4.25
9,2,108,4.3901,4.25
9,2,49,4.0275,5.25
9,2,49,4.0602,5.25
9,2,22,3.6592,3.0
9,2,22,3.5727,3.0
9,2,110,4.2174,3.25
9,2,110,4.3404,3.25
9,2,51,3.8831,5.0
9,2,51,3.9207,5.0
9,2,24,3.5324,1.75
9,2,24,3.8351,1.75
9,2,80,4.3019,4.75
9,2,80,4.1734,4.75
9,2,53,2.9763,3.75
9,2,53,2.9527,3.75
9,2,26,3.7819,3.25
9,2,26,3.7394,3.25
9,2,82,4.5057,3.0
9,2,82,4.4001,3.0
9,2,55,3.9999,3.25
9,2,55,3.9575,3.25
9,2,28,3.5625,4.75
9,2,28,3.2390,4.75
9,2,84,4.2348,3.75
9,2,84,4.0635,3.75
9,2,30,4.1083,2.75
9,2,30,3.8836,2.75
9,2,113,4.4080,5.75
9,2,113,4.5513,5.75
9,2,86,4.4671,4.0
9,2,86,4.3921,4.0
9,2,88,4.4355,4.5
9,2,88,4.2271,4.5
9,2,2,3.3801,4.0
9,2,2,3.1889,4.0
9,2,90,4.2591,3.25
9,2,90,4.0035,3.25
9,2,63,4.4820,5.0
9,2,63,4.4555,5.0
9,2,4,3.6160,5.25
9,2,4,3.4966,5.25
9,2,92,4.4535,4.25
9,2,92,4.3376,4.25
9,2,33,3.3228,3.0
9,2,33,3.3334,3.0
9,2,6,4.0152,5.75
9,2,6,3.9902,5.75
9,2,94,4.4349,4.0
9,2,94,4.4049,4.0
9,2,35,2.6820,2.5
9,2,35,3.1209,2.5
9,2,8,3.4907,4.5
9,2,8,3.5933,4.5
9,2,64,4.4194,4.5
9,2,64,4.4822,4.5
9,2,37,3.4518,3.75
9,2,37,3.2008,3.75
9,2,10,3.8798,4.75
9,2,10,3.6348,4.75
9,2,66,4.5216,5.5
9,2,66,4.5736,5.5
9,2,39,3.4923,4.0
9,2,39,3.2408,4.0
9,2,12,3.7845,5.5
9,2,12,3.8477,5.5
9,2,68,4.3039,3.25
9,2,68,4.4889,3.25
9,2,41,3.4546,4.5
9,2,41,3.5945,4.5
9,2,97,4.4507,3.75
9,2,97,4.4666,3.75
9,2,70,4.5039,4.75
9,2,70,4.4813,4.75
9,2,99,4.4391,4.5
9,2,99,4.3208,4.5
9,2,45,2.8544,3.0
9,2,45,3.2136,3.0
9,2,101,4.4407,3.75
9,2,101,4.4695,3.75
9,2,74,4.4959,5.25
9,2,74,4.4669,5.25
9,2,47,3.6570,5.0
9,2,47,3.9806,5.0
9,2,103,4.3642,3.0
9,2,103,4.1356,3.0
9,2,76,4.3873,3.25
9,2,76,4.2048,3.25
9,2,17,3.6921,4.0
9,2,17,3.8839,4.0
9,2,105,4.4860,4.5
9,2,105,4.4528,4.5
9,2,78,4.2253,5.5
9,2,78,3.9287,5.5
9,2,19,3.3507,3.25
9,2,19,3.6057,3.25
9,2,107,4.2916,3.75
9,2,107,4.0838,3.75
9,2,48,3.3355,5.0
9,2,48,3.2100,5.0
9,2,21,3.3892,3.75
9,2,21,3.5345,3.75
9,2,109,4.4773,2.25
9,2,109,4.4597,2.25
9,2,50,3.4321,4.0
9,2,50,3.5849,4.0
9,2,23,3.1965,2.75
9,2,23,3.4768,2.75
9,2,111,4.3475,4.0
9,2,111,4.5210,4.0
9,2,52,2.7972,2.75
9,2,52,3.2440,2.75
9,2,25,3.8207,5.75
9,2,25,3.7895,5.75
9,2,81,4.4069,4.75
9,2,81,4.2676,4.75
9,2,54,3.7307,5.5
9,2,54,3.8091,5.5
9,2,27,3.1368,3.25
9,2,27,3.5107,3.25
9,2,83,4.5362,4.0
9,2,83,4.4124,4.0
9,2,56,3.6833,5.0
9,2,56,3.7915,5.0
9,2,29,3.7069,3.0
9,2,29,3.6659,3.0
9,2,112,4.3192,4.5
9,2,112,4.4708,4.5
9,2,85,4.4432,4.75
9,2,85,4.4109,4.75
9,2,31,3.6344,2.75
9,2,31,3.6588,2.75
9,2,87,4.4844,3.25
9,2,87,4.4413,3.25
9,2,89,4.4481,2.75
9,2,89,4.4541,2.75
9,2,62,4.3569,4.0
9,2,62,4.1311,4.0
9,2,3,4.2787,4.5
9,2,3,4.2877,4.5
9,2,91,4.1024,4.25
9,2,91,3.7083,4.25
9,2,32,3.8580,2.25
9,2,32,3.6939,2.25
9,2,5,3.3936,5.5
9,2,5,3.7015,5.5
9,2,93,4.3494,4.5
9,2,93,4.1417,4.5
9,2,34,3.8319,2.5
9,2,34,3.7861,2.5
9,2,7,3.6457,5.25
9,2,7,3.7113,5.25
9,2,95,4.4913,5.0
9,2,95,4.4942,5.0
9,2,36,3.2853,4.75
9,2,36,3.2485,4.75
9,2,9,3.8728,5.75
9,2,9,3.8285,5.75
9,2,65,4.4349,4.75
9,2,65,4.1812,4.75
9,2,38,3.3944,2.0
9,2,38,3.4281,2.0
9,2,11,3.6176,4.5
9,2,11,3.7228,4.5
9,2,67,4.5505,4.25
9,2,67,4.5787,4.25
9,2,40,3.7929,3.25
9,2,40,3.8521,3.25
9,2,13,3.7739,3.75
9,2,13,3.6726,3.75
9,2,96,4.3043,3.0
9,2,96,4.1398,3.0
9,2,69,4.3445,3.25
9,2,69,4.5075,3.25
9,2,42,3.6206,3.25
9,2,42,3.4938,3.25
10,1,63,3.6367,4.25
10,1,63,3.8754,4.25
10,1,24,3.4630,4.75
10,1,24,3.8909,4.75
10,1,80,3.6325,5.0
10,1,80,3.8011,5.0
10,1,61,3.7807,4.0
10,1,61,3.7283,4.0
10,1,6,3.7552,5.0
10,1,6,3.7444,5.0
10,1,94,3.6649,5.0
10,1,94,3.7848,5.0
10,1,4,3.7355,5.5
10,1,4,3.7850,5.5
10,1,92,3.4859,5.0
10,1,92,3.8913,5.0
10,1,57,3.6374,1.5
10,1,57,3.8412,1.5
10,1,90,3.8770,3.75
10,1,90,3.6517,3.75
10,1,39,3.6186,4.0
10,1,39,3.8162,4.0
10,1,88,3.6798,5.5
10,1,88,3.7845,5.5
10,1,37,3.7427,6.0
10,1,37,3.6831,6.0
10,1,14,3.6495,3.75
10,1,14,3.8945,3.75
10,1,35,3.7634,2.0
10,1,35,3.7261,2.0
10,1,12,3.7794,4.5
10,1,12,3.7386,4.5
10,1,68,3.5302,3.75
10,1,68,3.8677,3.75
10,1,33,3.7569,4.5
10,1,33,3.6225,4.5
10,1,10,3.7516,5.0
10,1,10,3.7318,5.0
10,1,66,3.5957,6.0
10,1,66,3.8809,6.0
10,1,47,3.7775,5.25
10,1,47,3.7258,5.25
10,1,8,3.8151,6.25
10,1,8,3.7207,6.25
10,1,103,3.7185,3.75
10,1,103,3.7916,3.75
10,1,64,3.5199,5.0
10,1,64,3.8832,5.0
10,1,45,3.7455,2.875
10,1,45,3.7744,2.875
10,1,101,3.5530,5.5
10,1,101,3.7793,5.5
10,1,78,3.6165,5.5
10,1,78,3.8752,5.5
10,1,43,3.7931,4.5
10,1,43,3.7753,4.5
10,1,99,3.7134,5.25
10,1,99,3.8014,5.25
10,1,76,3.7266,4.75
10,1,76,3.8409,4.75
10,1,41,3.6898,3.25
10,1,41,3.7784,3.25
10,1,97,3.6397,3.75
10,1,97,3.8441,3.75
10,1,74,3.6528,4.75
10,1,74,3.7855,4.75
10,1,72,3.7299,3.0
10,1,72,3.7220,3.0
10,1,21,3.7440,5.25
10,1,21,3.7811,5.25
10,1,54,3.8558,3.5
10,1,54,3.5694,3.5
10,1,107,3.7335,5.0
10,1,107,3.7117,5.0
10,1,52,3.6978,5.0
10,1,52,3.8396,5.0
10,1,105,3.7136,4.0
10,1,105,3.7748,4.0
10,1,50,3.6154,5.25
10,1,50,3.8769,5.25
10,1,31,3.6781,4.75
10,1,31,3.7878,4.75
10,1,87,3.5832,4.75
10,1,87,3.8717,4.75
10,1,48,3.5104,5.0
10,1,48,3.9212,5.0
10,1,29,3.6970,4.5
10,1,29,3.8054,4.5
10,1,85,3.7591,4.75
10,1,85,3.7634,4.75
10,1,62,3.7215,3.75
10,1,62,3.8192,3.75
10,1,27,3.7657,4.25
10,1,27,3.7894,4.25
10,1,83,3.8024,3.0
10,1,83,3.7733,3.0
10,1,25,3.7265,4.5
10,1,25,3.7894,4.5
10,1,81,3.7594,4.25
10,1,81,3.7754,4.25
10,1,7,3.7534,5.5
10,1,7,3.6618,5.5
10,1,95,3.6435,4.75
10,1,95,3.8012,4.75
10,1,56,3.6909,4.5
10,1,56,3.7738,4.5
10,1,5,3.6430,5.0
10,1,5,3.8206,5.0
10,1,93,3.6583,4.0
10,1,93,3.9455,4.0
10,1,38,3.7832,3.75
10,1,38,3.7322,3.75
10,1,91,3.6489,4.5
10,1,91,3.8599,4.5
10,1,36,3.6885,4.75
10,1,36,3.8085,4.75
10,1,89,3.7975,5.25
10,1,89,3.6985,5.25
10,1,34,3.7300,4.0
10,1,34,3.7615,4.0
10,1,32,3.8015,3.75
10,1,32,3.7590,3.75
10,1,13,3.7812,4.25
10,1,13,3.7754,4.25
10,1,69,3.6994,4.5
10,1,69,3.7921,4.5
10,1,46,3.6698,5.0
10,1,46,3.8465,5.0
10,1,11,3.7781,4.0
10,1,11,3.6456,4.0
10,1,102,3.7268,5.0
10,1,102,3.7996,5.0
10,1,67,3.6961,5.25
10,1,67,3.8291,5.25
10,1,44,3.8083,4.5
10,1,44,3.7108,4.5
10,1,9,3.7262,5.5
10,1,9,3.5600,5.5
10,1,100,3.6576,4.0
10,1,100,3.7893,4.0
10,1,65,2.9683,5.75
10,1,65,3.7207,5.75
10,1,42,3.6606,5.25
10,1,42,3.7949,5.25
10,1,98,3.5650,4.5
10,1,98,3.9056,4.5
10,1,79,3.7763,4.5
10,1,79,3.8050,4.5
10,1,40,3.6707,4.5
10,1,40,3.8052,4.5
10,1,96,3.7776,4.5
10,1,96,3.7212,4.5
10,1,77,3.6919,4.5
10,1,77,3.8176,4.5
10,1,22,3.7109,4.5
10,1,22,3.7774,4.5
10,1,75,3.6410,4.5
10,1,75,3.8078,4.5
10,1,20,3.6573,5.0
10,1,20,3.7656,5.0
10,1,108,3.7293,5.0
10,1,108,3.7585,5.0
10,1,73,3.6950,4.25
10,1,73,3.8546,4.25
10,1,106,3.6820,2.0
10,1,106,3.7548,2.0
10,1,55,3.7154,5.25
10,1,55,3.8554,5.25
10,1,104,3.6569,4.5
10,1,104,3.8812,4.5
10,1,53,3.6351,5.25
10,1,53,3.8279,5.25
10,1,30,3.7010,5.5
10,1,30,3.8000,5.5
10,1,86,3.7711,4.0
10,1,86,3.7373,4.0
10,1,51,3.7451,5.5
10,1,51,3.8254,5.5
10,1,28,3.5389,4.75
10,1,28,3.8990,4.75
10,1,84,3.7543,2.75
10,1,84,3.6554,2.75
10,1,49,3.8134,4.0
10,1,49,3.7937,4.0
10,1,26,3.7403,2.375
10,1,26,3.4832,2.375
10,1,82,3.5876,4.5
10,1,82,3.8153,4.5
10,2,65,3.7889,5.0
10,2,65,3.5485,5.0
10,2,26,3.7763,3.5
10,2,26,4.2260,3.5
10,2,83,3.7357,4.25
10,2,83,3.6975,4.25
10,2,15,4.0221,5.75
10,2,15,3.9045,5.75
10,2,25,3.7724,4.25
10,2,25,3.6787,4.25
10,2,82,3.7242,5.25
10,2,82,3.7294,5.25
10,2,14,4.1077,5.25
10,2,14,3.8235,5.25
10,2,71,3.7110,4.0
10,2,71,3.7485,4.0
10,2,24,3.7343,3.5
10,2,24,3.7334,3.5
10,2,81,3.7962,5.25
10,2,81,3.7087,5.25
10,2,35,4.0268,2.75
10,2,35,4.0721,2.75
10,2,13,4.0951,5.25
10,2,13,3.9023,5.25
10,2,70,3.7575,4.66667
10,2,70,3.6987,4.66667
10,2,31,4.1964,3.25
10,2,31,4.0546,3.25
10,2,80,3.8096,4.5
10,2,80,3.7112,4.5
10,2,34,3.8557,5.0
10,2,34,3.6637,5.0
10,2,12,4.1468,4.25
10,2,12,4.0766,4.25
10,2,69,3.7400,5.25
10,2,69,3.7552,5.25
10,2,30,3.8373,5.75
10,2,30,3.6879,5.75
10,2,87,3.8635,5.5
10,2,87,3.6423,5.5
10,2,33,3.7800,4.75
10,2,33,3.6852,4.75
10,2,51,3.7509,5.5
10,2,51,3.7521,5.5
10,2,68,3.7357,4.75
10,2,68,3.7681,4.75
10,2,29,3.8348,5.0
10,2,29,3.5726,5.0
10,2,86,3.8527,4.5
10,2,86,3.7759,4.5
10,2,32,3.7334,1.75
10,2,32,3.3253,1.75
10,2,50,2.3566,4.0
10,2,50,3.1477,4.0
10,2,75,3.7976,4.5
10,2,75,3.6895,4.5
10,2,28,3.7834,4.5
10,2,28,3.6793,4.5
10,2,85,3.7727,5.25
10,2,85,3.6167,5.25
10,2,39,3.7587,5.25
10,2,39,3.7545,5.25
10,2,74,3.7628,4.75
10,2,74,3.7648,4.75
10,2,3,4.0514,3.75
10,2,3,3.9338,3.75
10,2,84,3.6953,4.0
10,2,84,3.7674,4.0
10,2,38,4.0601,4.75
10,2,38,4.1063,4.75
10,2,73,4.0253,5.5
10,2,73,3.8138,5.5
10,2,91,3.7760,4.25
10,2,91,3.6514,4.25
10,2,37,3.7200,5.0
10,2,37,3.6000,5.0
10,2,55,3.7346,3.75
10,2,55,3.8379,3.75
10,2,72,3.7010,6.25
10,2,72,3.7441,6.25
10,2,90,3.8056,4.25
10,2,90,3.7298,4.25
10,2,19,3.7815,4.5
10,2,19,3.7144,4.5
10,2,36,3.7792,3.75
10,2,36,3.7321,3.75
10,2,54,3.7589,5.5
10,2,54,3.7325,5.5
10,2,79,3.7861,5.5
10,2,79,3.6598,5.5
10,2,89,3.7516,4.0
10,2,89,3.7380,4.0
10,2,43,4.0545,5.75
10,2,43,3.6716,5.75
10,2,53,4.0070,6.75
10,2,53,3.8420,6.75
10,2,78,3.8609,5.25
10,2,78,3.9668,5.25
10,2,7,3.9142,5.25
10,2,7,3.5831,5.25
10,2,88,4.1593,5.5
10,2,88,4.2031,5.5
10,2,42,4.0223,5.5
10,2,42,3.9288,5.5
10,2,52,3.8138,5.5
10,2,52,3.4504,5.5
10,2,77,3.7797,3.5
10,2,77,3.5419,3.5
10,2,6,4.0318,5.25
10,2,6,3.9700,5.25
10,2,95,3.6989,2.0
10,2,95,3.7382,2.0
10,2,41,4.3161,5.25
10,2,41,3.4509,5.25
10,2,76,3.7476,4.5
10,2,76,3.6170,4.5
10,2,5,3.8932,5.5
10,2,5,3.6246,5.5
10,2,94,3.8636,3.25
10,2,94,3.6389,3.25
10,2,23,3.7804,5.0
10,2,23,3.5997,5.0
10,2,40,3.7659,4.5
10,2,40,3.6879,4.5
10,2,97,3.5347,5.75
10,2,97,3.5102,5.75
10,2,58,3.8472,5.5
10,2,58,3.6168,5.5
10,2,4,3.9442,6.25
10,2,4,3.8720,6.25
10,2,93,3.7476,3.25
10,2,93,3.7264,3.25
10,2,22,3.7507,5.5
10,2,22,3.6776,5.5
10,2,47,3.7079,5.25
10,2,47,3.4085,5.25
10,2,96,3.7272,4.75
10,2,96,3.7796,4.75
10,2,11,3.9567,4.5
10,2,11,3.9039,4.5
10,2,92,3.7643,4.75
10,2,92,3.6157,4.75
10,2,21,3.7884,5.5
10,2,21,3.5358,5.5
10,2,46,3.7987,4.25
10,2,46,3.8290,4.25
10,2,56,3.9534,5.25
10,2,56,3.9809,5.25
10,2,10,3.9438,5.25
10,2,10,3.8675,5.25
10,2,67,4.1084,4.33333
10,2,67,4.0402,4.33333
10,2,20,3.5547,2.75
10,2,20,3.8671,2.75
10,2,45,3.7899,3.5
10,2,45,3.5699,3.5
10,2,9,4.1396,3.25
10,2,9,3.9038,3.25
10,2,66,3.7274,3.0
10,2,66,3.7693,3.0
10,2,27,3.7679,5.0
10,2,27,3.7080,5.0
10,2,44,3.9877,5.0
10,2,44,3.7755,5.0
10,2,8,3.6602,5.75
10,2,8,3.7743,5.75
11,1,5,3.9848,4.5
11,1,5,3.9242,4.5
11,1,94,3.7868,5.75
11,1,94,3.7252,5.75
11,1,23,3.9540,5.75
11,1,23,3.8099,5.75
11,1,32,3.8870,4.25
11,1,32,3.6380,4.25
11,1,50,4.9283,3.0
11,1,50,4.7522,3.0
11,1,75,3.7061,3.5
11,1,75,3.5279,3.5
11,1,4,3.8295,5.75
11,1,4,3.7706,5.75
11,1,93,3.9369,4.25
11,1,93,3.7998,4.25
11,1,22,3.9577,6.25
11,1,22,4.2040,6.25
11,1,47,3.7293,4.0
11,1,47,3.7995,4.0
11,1,49,3.6942,4.5
11,1,49,3.6571,4.5
11,1,74,3.7121,5.0
11,1,74,3.4953,5.0
11,1,92,3.7738,4.25
11,1,92,3.5786,4.25
11,1,21,3.9452,4.25
11,1,21,3.5698,4.25
11,1,46,3.6450,1.75
11,1,46,3.8607,1.75
11,1,48,3.3269,2.25
11,1,48,3.5296,2.25
11,1,73,4.0286,5.25
11,1,73,3.9451,5.25
11,1,91,4.0911,5.5
11,1,91,4.0071,5.5
11,1,20,3.6942,5.5
11,1,20,3.6453,5.5
11,1,63,3.9112,6.25
11,1,63,3.9072,6.25
11,1,72,4.0237,4.75
11,1,72,3.8974,4.75
11,1,90,3.9692,4.25
11,1,90,3.8318,4.25
11,1,19,4.0656,6.25
11,1,19,3.8700,6.25
11,1,62,3.6066,5.0
11,1,62,3.4535,5.0
11,1,89,4.1398,5.0
11,1,89,4.0043,5.0
11,1,15,3.6531,3.5
11,1,15,3.9299,3.5
11,1,88,3.8601,3.75
11,1,88,3.8408,3.75
11,1,99,3.9868,6.25
11,1,99,3.9297,6.25
11,1,14,3.7581,4.25
11,1,14,3.8681,4.25
11,1,71,3.9734,4.75
11,1,71,3.6915,4.75
11,1,98,3.6515,4.5
11,1,98,3.7091,4.5
11,1,13,3.9302,5.25
11,1,13,3.8600,5.25
11,1,70,3.8553,5.0
11,1,70,3.8454,5.0
11,1,31,3.8985,5.5
11,1,31,3.5229,5.5
11,1,97,4.0385,3.75
11,1,97,3.9571,3.75
11,1,12,3.9922,5.5
11,1,12,4.0821,5.5
11,1,69,3.8759,4.0
11,1,69,3.6661,4.0
11,1,30,4.0216,4.25
11,1,30,3.9191,4.25
11,1,87,3.7275,2.75
11,1,87,3.4649,2.75
11,1,96,3.7583,4.75
11,1,96,3.6795,4.75
11,1,57,3.5141,2.5
11,1,57,3.4610,2.5
11,1,11,3.8685,4.5
11,1,11,3.7899,4.5
11,1,68,3.8592,4.25
11,1,68,3.8938,4.25
11,1,29,3.7543,5.5
11,1,29,3.8154,5.5
11,1,56,3.8256,2.25
11,1,56,3.8090,2.25
11,1,10,3.9778,4.66667
11,1,10,3.9686,4.66667
11,1,67,3.6317,6.25
11,1,67,3.6765,6.25
11,1,28,3.8716,4.5
11,1,28,3.7463,4.5
11,1,39,3.3105,5.0
11,1,39,2.8631,5.0
11,1,9,3.9714,4.0
11,1,9,3.9237,4.0
11,1,66,4.4359,3.25
11,1,66,3.8414,3.25
11,1,27,3.7621,4.5
11,1,27,3.7460,4.5
11,1,84,3.8461,3.5
11,1,84,3.9004,3.5
11,1,38,3.8150,4.5
11,1,38,3.6877,4.5
11,1,8,3.8042,4.25
11,1,8,3.6219,4.25
11,1,65,2.9258,4.25
11,1,65,3.1203,4.25
11,1,26,4.1104,4.0
11,1,26,3.6866,4.0
11,1,83,3.9383,3.5
11,1,83,3.5815,3.5
11,1,37,4.0765,3.75
11,1,37,3.8412,3.75
11,1,55,3.7555,4.0
11,1,55,3.7160,4.0
11,1,64,3.9490,5.0
11,1,64,3.6708,5.0
11,1,25,3.7843,5.0
11,1,25,3.7110,5.0
11,1,82,3.8682,4.5
11,1,82,3.5007,4.5
11,1,36,3.8417,5.0
11,1,36,3.8817,5.0
11,1,54,3.8140,2.5
11,1,54,3.7826,2.5
11,1,79,3.8979,4.5
11,1,79,3.8410,4.5
11,1,24,4.1449,3.25
11,1,24,3.9719,3.25
11,1,81,3.9515,4.5
11,1,81,3.8572,4.5
11,1,35,3.9204,4.5
11,1,35,3.7860,4.5
11,1,53,3.9050,5.25
11,1,53,3.8786,5.25
11,1,78,3.9167,5.0
11,1,78,3.6171,5.0
11,1,7,4.0569,4.25
11,1,7,3.8360,4.25
11,1,80,5.3707,6.0
11,1,80,4.6918,6.0
11,1,34,5.2809,4.5
11,1,34,4.5978,4.5
11,1,52,4.7145,4.25
11,1,52,4.2438,4.25
11,1,77,4.0728,6.0
11,1,77,4.0107,6.0
11,1,6,4.3061,5.0
11,1,6,3.8157,5.0
11,1,95,3.8198,4.25
11,1,95,3.5750,4.25
11,1,33,3.8509,5.0
11,1,33,3.6620,5.0
11,1,51,3.7287,4.75
11,1,51,3.6086,4.75
11,1,76,4.0390,4.0
11,1,76,4.0194,4.0
11,2,84,3.7265,4.75
11,2,84,3.4629,4.75
11,2,28,3.9394,4.5
11,2,28,3.8087,4.5
11,2,74,3.8589,4.25
11,2,74,3.4595,4.25
11,2,18,3.8379,4.0
11,2,18,3.6802,4.0
11,2,72,3.8209,4.25
11,2,72,3.7495,4.25
11,2,63,3.6811,2.75
11,2,63,3.4262,2.75
11,2,78,4.0443,5.5
11,2,78,3.4466,5.5
11,2,61,3.4584,3.25
11,2,61,3.4241,3.25
11,2,22,3.8836,3.75
11,2,22,3.6342,3.75
11,2,76,3.9951,5.5
11,2,76,3.5871,5.5
11,2,51,3.9353,4.5
11,2,51,3.7363,4.5
11,2,20,3.8416,4.75
11,2,20,3.6673,4.75
11,2,105,4.0531,4.5
11,2,105,3.6647,4.5
11,2,66,3.1647,1.75
11,2,66,3.3051,1.75
11,2,49,3.7605,2.75
11,2,49,3.5134,2.75
11,2,10,3.8170,4.75
11,2,10,3.4506,4.75
11,2,111,3.6718,4.5
11,2,111,3.3206,4.5
11,2,64,3.7110,4.25
11,2,64,3.6234,4.25
11,2,55,3.9666,4.5
11,2,55,3.6960,4.5
11,2,8,4.0101,5.0
11,2,8,3.7192,5.0
11,2,109,4.0084,4.75
11,2,109,3.8668,4.75
11,2,53,3.8846,4.5
11,2,53,3.5201,4.5
11,2,99,3.9324,5.5
11,2,99,3.8241,5.5
11,2,68,3.7800,4.0
11,2,68,3.5214,4.0
11,2,43,3.9327,5.25
11,2,43,3.5155,5.25
11,2,12,3.4161,2.25
11,2,12,3.6096,2.25
11,2,97,3.9068,3.75
11,2,97,3.7298,3.75
11,2,41,3.9246,4.75
11,2,41,3.7594,4.75
11,2,103,3.9975,5.25
11,2,103,3.6367,5.25
11,2,47,4.0328,4.0
11,2,47,3.7885,4.0
11,2,101,3.8717,4.75
11,2,101,3.5885,4.75
11,2,45,3.9643,4.25
11,2,45,3.8125,4.25
11,2,6,3.9890,5.5
11,2,6,3.6355,5.5
11,2,91,3.9006,4.5
11,2,91,3.5973,4.5
11,2,35,3.6298,3.75
11,2,35,3.4877,3.75
11,2,4,3.9323,4.0
11,2,4,3.3753,4.0
11,2,89,3.8942,4.75
11,2,89,3.4760,4.75
11,2,33,3.7923,4.25
11,2,33,3.5649,4.25
11,2,95,3.8335,4.0
11,2,95,3.4194,4.0
11,2,39,3.7681,4.5
11,2,39,3.5341,4.5
11,2,93,3.9287,5.0
11,2,93,3.5035,5.0
11,2,37,3.9942,5.0
11,2,37,3.7514,5.0
11,2,83,4.0023,4.0
11,2,83,3.6868,4.0
11,2,27,3.9734,5.5
11,2,27,3.6297,5.5
11,2,81,3.6990,3.0
11,2,81,3.2711,3.0
11,2,25,3.8790,5.0
11,2,25,3.4934,5.0
11,2,87,4.0966,4.25
11,2,87,3.7058,4.25
11,2,31,4.1212,5.0
11,2,31,3.9495,5.0
11,2,85,3.9369,5.0
11,2,85,3.7890,5.0
11,2,56,3.8453,4.75
11,2,56,3.6478,4.75
11,2,29,3.8294,4.75
11,2,29,3.5511,4.75
11,2,75,2.8924,2.5
11,2,75,2.8570,2.5
11,2,62,3.0340,1.75
11,2,62,2.6378,1.75
11,2,19,3.9081,5.25
11,2,19,3.6407,5.25
11,2,73,3.7587,4.25
11,2,73,3.3885,4.25
11,2,60,2.8296,2.5
11,2,60,3.1293,2.5
11,2,17,3.8389,3.75
11,2,17,3.7534,3.75
11,2,106,3.9642,3.0
11,2,106,3.5940,3.0
11,2,79,3.8582,4.25
11,2,79,3.5666,4.25
11,2,50,4.0626,4.25
11,2,50,3.7673,4.25
11,2,23,3.9946,5.75
11,2,23,3.4270,5.75
11,2,104,4.0254,6.0
11,2,104,3.5418,6.0
11,2,77,3.8152,4.5
11,2,77,3.6912,4.5
11,2,48,3.8806,6.5
11,2,48,3.7685,6.5
11,2,21,4.1418,6.25
11,2,21,3.9079,6.25
11,2,110,4.0978,4.75
11,2,110,3.7491,4.75
11,2,67,3.7777,4.75
11,2,67,3.5356,4.75
11,2,54,3.7247,3.75
11,2,54,3.3064,3.75
11,2,11,2.7096,2.5
11,2,11,2.5383,2.5
11,2,65,3.7087,2.5
11,2,65,3.5296,2.5
11,2,52,4.0740,5.0
11,2,52,3.7692,5.0
11,2,9,3.9659,3.5
11,2,9,3.6775,3.5
11,2,98,3.8756,5.0
11,2,98,3.7078,5.0
11,2,42,3.8639,4.75
11,2,42,3.5530,4.75
11,2,96,3.9303,5.0
11,2,96,3.7643,5.0
11,2,69,3.8753,3.25
11,2,69,3.5595,3.25
11,2,40,3.9214,4.25
11,2,40,3.3091,4.25
11,2,102,3.9041,3.75
11,2,102,3.5813,3.75
11,2,46,3.8569,4.25
11,2,46,3.6410,4.25
11,2,3,3.7837,5.0
11,2,3,3.3847,5.0
11,2,100,4.0249,4.5
11,2,100,3.6014,4.5
11,2,44,4.0642,5.5
11,2,44,3.6992,5.5
11,2,90,3.9499,3.25
11,2,90,3.8897,3.25
11,2,34,3.6901,6.5
11,2,34,3.6171,6.5
11,2,7,3.5782,0.75
11,2,7,3.6250,0.75
11,2,88,3.6839,5.0
11,2,88,3.4248,5.0
11,2,32,3.6854,5.25
11,2,32,3.7580,5.25
11,2,5,3.7755,2.25
11,2,5,3.5076,2.25
11,2,94,3.9060,4.25
11,2,94,3.6680,4.25
11,2,38,3.7734,4.25
11,2,38,3.6351,4.25
11,2,92,4.0173,5.5
11,2,92,3.6730,5.5
11,2,36,4.0731,4.25
11,2,36,3.7299,4.25
11,2,82,3.7994,4.75
11,2,82,3.6017,4.75
11,2,26,3.8552,3.5
11,2,26,3.6497,3.5
11,2,80,3.2284,3.75
11,2,80,3.6345,3.75
11,2,24,3.8849,5.0
11,2,24,3.4698,5.0
11,2,86,3.8677,5.75
11,2,86,3.7627,5.75
11,2,30,3.8454,4.0
11,2,30,3.5934,4.0
12,1,60,4.2731,3.75
12,1,60,4.1167,3.75
12,1,25,3.2868,5.75
12,1,25,3.2092,5.75
12,1,83,4.2728,5.5
12,1,83,4.1071,5.5
12,1,62,4.0640,2.5
12,1,62,4.1096,2.5
12,1,27,4.2517,4.5
12,1,27,4.0232,4.5
12,1,77,4.3369,4.75
12,1,77,4.1995,4.75
12,1,21,4.2940,4.5
12,1,21,4.1323,4.5
12,1,79,4.3126,4.25
12,1,79,4.1713,4.25
12,1,23,3.4380,3.5
12,1,23,3.0669,3.5
12,1,108,4.2514,3.25
12,1,108,4.2255,3.25
12,1,73,4.3237,4.25
12,1,73,4.2248,4.25
12,1,17,4.0205,5.0
12,1,17,3.6324,5.0
12,1,110,4.3661,5.0
12,1,110,4.3537,5.0
12,1,75,4.2878,5.25
12,1,75,4.2285,5.25
12,1,54,4.3193,4.75
12,1,54,4.2461,4.75
12,1,19,4.3818,3.75
12,1,19,4.3570,3.75
12,1,104,4.3521,2.5
12,1,104,4.3214,2.5
12,1,69,4.3641,3.75
12,1,69,4.3610,3.75
12,1,48,4.2080,4.5
12,1,48,4.0982,4.5
12,1,106,4.0538,1.25
12,1,106,4.0434,1.25
12,1,100,4.1003,2.75
12,1,100,3.7865,2.75
12,1,65,4.3155,4.5
12,1,65,4.3370,4.5
12,1,44,4.2480,5.5
12,1,44,3.9006,5.5
12,1,9,4.2993,4.75
12,1,9,4.0591,4.75
12,1,102,4.2160,4.5
12,1,102,3.8997,4.5
12,1,67,3.9297,2.75
12,1,67,4.0276,2.75
12,1,46,3.5623,3.5
12,1,46,3.4731,3.5
12,1,11,3.7056,5.0
12,1,11,3.5447,5.0
12,1,96,4.2324,3.25
12,1,96,4.1065,3.25
12,1,40,4.2007,4.25
12,1,40,3.9411,4.25
12,1,5,4.2689,6.0
12,1,5,4.0092,6.0
12,1,98,4.3058,3.75
12,1,98,4.2375,3.75
12,1,42,4.3194,4.25
12,1,42,4.2164,4.25
12,1,7,4.2799,6.25
12,1,7,3.9582,6.25
12,1,92,4.3528,3.25
12,1,92,4.2944,3.25
12,1,36,4.2319,5.0
12,1,36,3.8693,5.0
12,1,38,4.0533,5.5
12,1,38,3.5429,5.5
12,1,3,4.2549,6.0
12,1,3,4.1248,6.0
12,1,88,4.2173,4.5
12,1,88,3.8950,4.5
12,1,32,4.1294,5.25
12,1,32,3.7216,5.25
12,1,90,4.3195,4.0
12,1,90,4.3105,4.0
12,1,34,4.2113,5.5
12,1,34,3.9798,5.5
12,1,84,4.3633,4.5
12,1,84,4.3197,4.5
12,1,28,3.6141,5.0
12,1,28,3.4085,5.0
12,1,86,4.3497,3.0
12,1,86,4.3156,3.0
12,1,30,3.7191,4.0
12,1,30,3.5224,4.0
12,1,80,4.3204,4.0
12,1,80,4.2942,4.0
12,1,24,3.3214,5.25
12,1,24,3.0392,5.25
12,1,82,4.2926,4.0
12,1,82,4.1722,4.0
12,1,61,4.2881,4.0
12,1,61,4.2461,4.0
12,1,26,4.0775,5.0
12,1,26,3.3972,5.0
12,1,76,4.3184,4.0
12,1,76,4.2335,4.0
12,1,63,4.2235,3.0
12,1,63,4.2286,3.0
12,1,20,4.1338,4.75
12,1,20,3.9534,4.75
12,1,78,4.3735,6.0
12,1,78,4.2757,6.0
12,1,22,4.3000,4.5
12,1,22,4.1847,4.5
12,1,72,4.2511,3.25
12,1,72,4.3185,3.25
12,1,16,3.6969,5.25
12,1,16,3.5448,5.25
12,1,109,4.2874,3.5
12,1,109,4.1745,3.5
12,1,74,4.3190,5.0
12,1,74,4.2290,5.0
12,1,53,4.1994,4.5
12,1,53,3.9198,4.5
12,1,18,3.5109,4.25
12,1,18,3.0664,4.25
12,1,111,4.1795,2.75
12,1,111,4.0328,2.75
12,1,68,4.2971,4.25
12,1,68,4.2652,4.25
12,1,55,3.5694,5.0
12,1,55,3.5124,5.0
12,1,12,4.2821,5.75
12,1,12,4.0358,5.75
12,1,105,4.1670,3.25
12,1,105,3.9418,3.25
12,1,49,4.1722,4.75
12,1,49,3.9089,4.75
12,1,107,4.2695,4.5
12,1,107,4.2572,4.5
12,1,64,4.0203,4.0
12,1,64,3.7292,4.0
12,1,8,4.3659,5.25
12,1,8,4.2318,5.25
12,1,101,4.3086,3.25
12,1,101,4.2913,3.25
12,1,66,4.2320,3.0
12,1,66,4.3010,3.0
12,1,45,3.9279,5.0
12,1,45,3.6551,5.0
12,1,10,4.2421,5.25
12,1,10,3.9114,5.25
12,1,103,4.3419,4.5
12,1,103,4.3132,4.5
12,1,47,4.0063,5.5
12,1,47,3.6211,5.5
12,1,4,4.2866,6.25
12,1,4,4.0436,6.25
12,1,97,4.3125,4.25
12,1,97,4.2708,4.25
12,1,41,4.1936,3.75
12,1,41,3.7695,3.75
12,1,6,4.2508,5.0
12,1,6,3.9152,5.0
12,1,99,4.2910,1.75
12,1,99,4.2753,1.75
12,1,43,4.1337,4.75
12,1,43,3.7757,4.75
12,1,93,4.2079,3.75
12,1,93,4.0026,3.75
12,1,37,4.2306,4.5
12,1,37,3.9685,4.5
12,1,2,4.1845,6.5
12,1,2,3.7646,6.5
12,1,39,4.1394,5.75
12,1,39,3.8471,5.75
12,1,89,4.0805,3.5
12,1,89,3.9354,3.5
12,1,33,3.8586,4.25
12,1,33,3.6171,4.25
12,1,91,4.1807,4.5
12,1,91,3.8012,4.5
12,1,35,3.5287,4.0
12,1,35,3.3875,4.0
12,1,85,4.3223,4.75
12,1,85,4.2237,4.75
12,1,29,3.7592,2.75
12,1,29,3.5742,2.75
12,1,87,4.2716,5.0
12,1,87,4.1569,5.0
12,1,31,4.3538,5.0
12,1,31,4.3052,5.0
12,1,81,4.2304,4.0
12,1,81,4.0508,4.0
12,2,14,2.4058,4.25
12,2,14,2.5081,4.25
12,2,37,3.4843,3.5
12,2,37,3.5652,3.5
12,2,64,2.1005,1.5
12,2,64,2.0742,1.5
12,2,8,2.5246,4.0
12,2,8,2.7876,4.0
12,2,39,3.0026,2.0
12,2,39,3.1847,2.0
12,2,66,2.2000,1.0
12,2,66,2.3847,1.0
12,2,10,2.5840,4.25
12,2,10,2.7091,4.25
12,2,33,2.7806,3.75
12,2,33,3.1748,3.75
12,2,4,2.4880,4.0
12,2,4,2.6697,4.0
12,2,35,3.0905,3.0
12,2,35,3.1580,3.0
12,2,6,2.4296,3.5
12,2,6,2.7988,3.5
12,2,93,3.2693,5.0
12,2,93,3.1926,5.0
12,2,95,3.1437,4.75
12,2,95,3.1503,4.75
12,2,89,2.4449,3.75
12,2,89,2.6645,3.75
12,2,116,3.3703,3.0
12,2,116,3.3295,3.0
12,2,91,2.8392,4.5
12,2,91,3.0459,4.5
12,2,62,2.2637,1.75
12,2,62,1.9974,1.75
12,2,85,3.1015,4.75
12,2,85,3.1569,4.75
12,2,112,2.7576,3.75
12,2,112,3.0132,3.75
12,2,29,2.8594,3.0
12,2,29,2.9997,3.0
12,2,56,2.6997,5.0
12,2,56,2.9763,5.0
12,2,87,3.1116,4.75
12,2,87,3.2685,4.75
12,2,114,2.8953,3.5
12,2,114,2.9545,3.5
12,2,31,2.9859,4.75
12,2,31,3.0792,4.75
12,2,58,3.1279,3.75
12,2,58,3.3140,3.75
12,2,81,2.8133,5.5
12,2,81,3.0762,5.5
12,2,108,3.2946,2.0
12,2,108,3.2754,2.0
12,2,25,2.5656,4.75
12,2,25,2.7656,4.75
12,2,52,2.5364,4.75
12,2,52,2.8267,4.75
12,2,83,2.9898,3.75
12,2,83,2.9661,3.75
12,2,110,2.3749,2.25
12,2,110,2.5516,2.25
12,2,27,3.2998,4.5
12,2,27,3.3276,4.5
12,2,54,3.2203,4.5
12,2,54,3.2430,4.5
12,2,77,3.1148,5.0
12,2,77,3.1994,5.0
12,2,104,3.1018,2.0
12,2,104,3.0984,2.0
12,2,21,3.1373,3.75
12,2,21,3.2724,3.75
12,2,48,3.2405,4.5
12,2,48,3.3598,4.5
12,2,79,3.3312,3.75
12,2,79,3.5098,3.75
12,2,106,3.4522,3.5
12,2,106,3.4585,3.5
12,2,23,3.0317,5.25
12,2,23,3.3353,5.25
12,2,50,3.1637,4.75
12,2,50,3.3604,4.75
12,2,73,2.0729,2.0
12,2,73,2.0873,2.0
12,2,100,3.0723,2.5
12,2,100,2.8727,2.5
12,2,44,2.7084,3.75
12,2,44,3.0567,3.75
12,2,102,2.9884,1.75
12,2,102,2.9862,1.75
12,2,19,3.0446,4.5
12,2,19,3.2593,4.5
12,2,46,3.2267,4.25
12,2,46,3.3250,4.25
12,2,69,2.2396,2.25
12,2,69,2.3045,2.25
12,2,96,3.2912,4.75
12,2,96,3.3341,4.75
12,2,13,2.2877,3.5
12,2,13,2.4288,3.5
12,2,40,3.4348,3.5
12,2,40,3.5540,3.5
12,2,71,1.6815,1.5
12,2,71,1.8424,1.5
12,2,98,2.7268,2.75
12,2,98,3.0074,2.75
12,2,42,3.2009,3.5
12,2,42,3.4097,3.5
12,2,65,2.2825,2.25
12,2,65,2.3403,2.25
12,2,9,2.5680,4.0
12,2,9,2.7388,4.0
12,2,36,2.8719,5.75
12,2,36,3.0950,5.75
12,2,67,2.3961,3.0
12,2,67,2.5203,3.0
12,2,11,2.3420,5.0
12,2,11,2.6651,5.0
12,2,5,2.5889,5.25
12,2,5,2.7706,5.25
12,2,32,3.2770,3.25
12,2,32,3.3504,3.25
12,2,7,2.7676,5.0
12,2,7,3.0850,5.0
12,2,34,2.9756,4.25
12,2,34,3.0945,4.25
12,2,92,3.0406,3.5
12,2,92,3.0539,3.5
12,2,3,2.2950,3.75
12,2,3,2.4818,3.75
12,2,94,2.5382,2.5
12,2,94,2.6231,2.5
12,2,88,3.0491,5.0
12,2,88,3.2446,5.0
12,2,90,3.3066,3.25
12,2,90,3.2965,3.25
12,2,113,3.2700,3.25
12,2,113,3.2023,3.25
12,2,57,3.5226,4.75
12,2,57,3.5096,4.75
12,2,84,3.0148,4.25
12,2,84,3.0637,4.25
12,2,115,3.0236,2.75
12,2,115,3.1086,2.75
12,2,28,2.9274,4.75
12,2,28,3.1458,4.75
12,2,59,3.1835,5.0
12,2,59,3.2682,5.0
12,2,86,3.0500,4.0
12,2,86,3.0916,4.0
12,2,109,3.4443,3.25
12,2,109,3.4626,3.25
12,2,30,2.8183,4.5
12,2,30,3.0074,4.5
12,2,53,3.2459,3.75
12,2,53,3.2794,3.75
12,2,80,3.3382,5.25
12,2,80,3.2636,5.25
12,2,111,3.0200,4.0
12,2,111,3.0360,4.0
12,2,24,2.9557,4.25
12,2,24,3.0661,4.25
12,2,55,2.7952,4.5
12,2,55,3.4416,4.5
12,2,82,2.7045,2.5
12,2,82,2.7315,2.5
12,2,105,3.4782,4.0
12,2,105,3.5187,4.0
12,2,26,2.8480,2.75
12,2,26,3.0192,2.75
12,2,49,2.7028,5.25
12,2,49,3.0124,5.25
12,2,107,3.4485,2.25
12,2,107,3.4287,2.25
12,2,20,3.1727,4.0
12,2,20,3.2038,4.0
12,2,51,2.8727,3.0
12,2,51,3.0795,3.0
12,2,78,3.0601,4.0
12,2,78,3.2044,4.0
12,2,101,2.9586,3.0
12,2,101,3.0378,3.0
12,2,22,3.2024,5.0
12,2,22,3.2139,5.0
12,2,45,3.2483,4.0
12,2,45,3.3332,4.0
12,2,103,2.7288,2.5
12,2,103,2.9267,2.5
12,2,47,3.3259,4.75
12,2,47,3.4767,4.75
12,2,97,3.2572,1.5
12,2,97,3.3038,1.5
12,2,41,3.2519,5.25
12,2,41,3.4212,5.25
12,2,68,2.0249,2.0
12,2,68,2.0503,2.0
12,2,99,3.1182,3.25
12,2,99,3.1325,3.25
12,2,12,2.4217,5.25
12,2,12,2.5088,5.25
12,2,43,3.2339,4.5
12,2,43,3.3981,4.5
12,2,70,2.0713,1.25
12,2,70,2.1329,1.25
16,2,107,4.0694,3.25
16,2,107,4.0521,3.25
16,2,78,3.8026,4.25
16,2,78,3.5126,4.25
16,2,37,3.6332,4.5
16,2,37,3.2358,4.5
16,2,109,3.7773,4.5
16,2,109,3.6620,4.5
16,2,39,3.8946,2.25
16,2,39,3.7592,2.25
16,2,111,3.5432,3.5
16,2,111,3.4280,3.5
16,2,66,4.0261,5.75
16,2,66,3.5975,5.75
16,2,25,3.6234,3.0
16,2,25,3.6257,3.0
16,2,97,4.1716,2.75
16,2,97,4.1498,2.75
16,2,68,3.9561,1.25
16,2,68,3.6859,1.25
16,2,27,4.1419,4.25
16,2,27,4.4036,4.25
16,2,99,3.7951,3.25
16,2,99,3.9433,3.25
16,2,70,3.5641,1.75
16,2,70,3.5597,1.75
16,2,29,3.9199,2.0
16,2,29,3.9319,2.0
16,2,101,4.1420,5.0
16,2,101,4.0657,5.0
16,2,56,3.1843,4.75
16,2,56,3.5225,4.75
16,2,31,3.7363,2.0
16,2,31,3.6877,2.0
16,2,103,3.9584,3.25
16,2,103,3.8563,3.25
16,2,58,3.7123,2.25
16,2,58,3.7648,2.25
16,2,89,3.4988,1.75
16,2,89,3.3129,1.75
16,2,60,3.9351,3.0
16,2,60,3.9113,3.0
16,2,91,3.7047,3.25
16,2,91,3.5291,3.25
16,2,21,3.7977,3.75
16,2,21,3.3667,3.75
16,2,93,4.0519,4.0
16,2,93,3.9407,4.0
16,2,48,4.0758,3.25
16,2,48,4.0453,3.25
16,2,23,3.9866,2.5
16,2,23,3.7332,2.5
16,2,95,4.1443,3.5
16,2,95,4.3037,3.5
16,2,50,3.4504,2.25
16,2,50,2.9523,2.25
16,2,9,4.0148,3.5
16,2,9,4.0014,3.5
16,2,81,3.5633,2.5
16,2,81,3.4997,2.5
16,2,52,3.5108,2.25
16,2,52,3.6922,2.25
16,2,11,4.3057,4.5
16,2,11,4.4265,4.5
16,2,83,3.6665,4.5
16,2,83,3.4607,4.5
16,2,54,3.8787,1.25
16,2,54,3.6779,1.25
16,2,13,4.1174,4.5
16,2,13,4.1014,4.5
16,2,85,3.7182,3.5
16,2,85,3.8423,3.5
16,2,40,3.8246,2.0
16,2,40,3.7855,2.0
16,2,15,3.6218,4.25
16,2,15,3.5167,4.25
16,2,112,3.5931,1.5
16,2,112,3.4839,1.5
16,2,87,3.6553,3.5
16,2,87,3.6418,3.5
16,2,42,3.5770,2.5
16,2,42,3.4731,2.5
16,2,114,4.0737,3.5
16,2,114,4.0729,3.5
16,2,73,3.6889,4.0
16,2,73,3.2193,4.0
16,2,44,4.0178,2.75
16,2,44,3.9811,2.75
16,2,116,3.6246,4.0
16,2,116,3.7408,4.0
16,2,46,3.8519,2.5
16,2,46,3.9236,2.5
16,2,5,3.6770,4.0
16,2,5,3.4935,4.0
16,2,77,3.6360,5.5
16,2,77,3.2526,5.5
16,2,32,3.9281,2.75
16,2,32,3.8012,2.75
16,2,7,3.8740,5.0
16,2,7,4.1622,5.0
16,2,104,4.1006,1.75
16,2,104,4.2358,1.75
16,2,79,3.6929,5.0
16,2,79,3.1827,5.0
16,2,34,3.3286,2.25
16,2,34,3.4219,2.25
16,2,106,3.8426,2.75
16,2,106,3.4859,2.75
16,2,65,3.9731,5.0
16,2,65,4.1060,5.0
16,2,36,3.8166,3.75
16,2,36,3.7715,3.75
16,2,108,1.8567,2.75
16,2,108,2.1458,2.75
16,2,67,3.1945,3.5
16,2,67,2.9737,3.5
16,2,38,3.4392,4.0
16,2,38,3.1908,4.0
16,2,110,3.7626,2.25
16,2,110,3.4324,2.25
16,2,69,3.7252,1.75
16,2,69,3.5298,1.75
16,2,24,4.1493,3.5
16,2,24,4.2311,3.5
16,2,96,3.6140,3.5
16,2,96,3.7338,3.5
16,2,71,3.9307,4.0
16,2,71,3.5143,4.0
16,2,26,3.9637,3.25
16,2,26,3.7233,3.25
16,2,98,4.0298,4.5
16,2,98,4.0273,4.5
16,2,57,3.6365,3.0
16,2,57,3.5254,3.0
16,2,28,3.9866,3.25
16,2,28,3.9943,3.25
16,2,100,3.4648,3.25
16,2,100,3.5257,3.25
16,2,59,3.7019,3.0
16,2,59,3.4576,3.0
16,2,30,4.0701,3.0
16,2,30,3.9736,3.0
16,2,102,3.8961,1.75
16,2,102,3.7076,1.75
16,2,61,3.9525,2.5
16,2,61,3.8726,2.5
16,2,88,3.3955,3.75
16,2,88,3.6797,3.75
16,2,90,3.5840,1.75
16,2,90,3.2338,1.75
16,2,49,3.7091,2.75
16,2,49,3.8660,2.75
16,2,92,4.0417,2.5
16,2,92,3.7494,2.5
16,2,51,3.9900,3.5
16,2,51,3.8405,3.5
16,2,22,3.6857,1.75
16,2,22,3.5930,1.75
16,2,94,2.8587,4.0
16,2,94,3.1766,4.0
16,2,53,3.8865,4.0
16,2,53,3.9117,4.0
16,2,8,4.1737,3.25
16,2,8,4.0920,3.25
16,2,80,3.8032,4.0
16,2,80,3.4891,4.0
16,2,55,3.4100,4.0
16,2,55,3.6540,4.0
16,2,10,3.8656,5.5
16,2,10,4.0677,5.5
16,2,82,3.8541,2.25
16,2,82,3.6450,2.25
16,2,41,3.9166,1.75
16,2,41,4.0386,1.75
16,2,12,4.0655,5.5
16,2,12,3.9402,5.5
16,2,113,3.7599,2.5
16,2,113,3.8475,2.5
16,2,84,2.7044,3.75
16,2,84,3.0383,3.75
16,2,43,3.6559,2.25
16,2,43,3.6658,2.25
16,2,14,3.6505,4.0
16,2,14,3.3889,4.0
16,2,115,3.7705,2.75
16,2,115,3.6401,2.75
16,2,86,3.8674,4.5
16,2,86,3.8853,4.5
16,2,45,3.8515,3.0
16,2,45,3.9570,3.0
16,2,72,3.7172,2.25
16,2,72,3.4337,2.25
16,2,47,3.8662,1.75
16,2,47,3.8616,1.75
16,2,33,4.0317,1.5
16,2,33,3.7918,1.5
16,2,105,4.1393,3.75
16,2,105,3.9775,3.75
16,2,76,3.5582,3.0
16,2,76,3.6126,3.0
16,2,35,3.9239,2.5
16,2,35,4.1114,2.5
16,2,6,3.6832,4.5
16,2,6,3.9872,4.5
17,1,87,4.0437,2.5
17,1,87,4.0379,2.5
17,1,56,3.9770,3.25
17,1,56,3.9320,3.25
17,1,31,3.5933,4.0
17,1,31,3.5899,4.0
17,1,73,3.8149,4.25
17,1,73,3.8455,4.25
17,1,17,3.9309,3.0
17,1,17,3.8523,3.0
17,1,75,3.6253,1.75
17,1,75,3.6618,1.75
17,1,60,3.4539,3.0
17,1,60,3.4874,3.0
17,1,19,3.8429,4.0
17,1,19,3.8167,4.0
17,1,77,3.7159,3.5
17,1,77,3.7525,3.5
17,1,62,3.4502,1.75
17,1,62,3.4926,1.75
17,1,21,3.6310,2.5
17,1,21,3.6239,2.5
17,1,104,3.8515,3.25
17,1,104,3.7388,3.25
17,1,79,3.7994,3.25
17,1,79,3.7470,3.25
17,1,23,3.8529,2.5
17,1,23,3.8399,2.5
17,1,106,3.9343,2.75
17,1,106,3.9104,2.75
17,1,65,3.3898,1.25
17,1,65,3.4106,1.25
17,1,50,3.6821,3.75
17,1,50,3.6889,3.75
17,1,9,3.4093,1.5
17,1,9,3.4210,1.5
17,1,108,3.7573,2.5
17,1,108,3.7297,2.5
17,1,67,3.4888,3.0
17,1,67,3.5202,3.0
17,1,52,3.6302,2.75
17,1,52,3.4145,2.75
17,1,11,3.5155,1.5
17,1,11,3.5261,1.5
17,1,110,3.6445,3.5
17,1,110,3.6744,3.5
17,1,69,3.5499,2.5
17,1,69,3.5647,2.5
17,1,54,3.6814,3.25
17,1,54,3.6735,3.25
17,1,96,3.8069,1.5
17,1,96,3.8001,1.5
17,1,40,3.8818,3.0
17,1,40,3.8972,3.0
17,1,98,3.7722,3.5
17,1,98,3.8255,3.5
17,1,42,3.5174,3.75
17,1,42,3.5891,3.75
17,1,100,3.9782,2.75
17,1,100,4.0052,2.75
17,1,44,3.8569,3.5
17,1,44,3.7900,3.5
17,1,102,3.7190,3.75
17,1,102,3.5209,3.75
17,1,46,3.5673,4.0
17,1,46,3.6133,4.0
17,1,5,3.5351,2.75
17,1,5,3.5050,2.75
17,1,88,3.7060,4.25
17,1,88,3.5660,4.25
17,1,32,3.8173,4.5
17,1,32,3.8208,4.5
17,1,7,3.6114,2.75
17,1,7,3.5800,2.75
17,1,90,3.2107,5.5
17,1,90,3.2287,5.5
17,1,34,3.6309,3.25
17,1,34,3.6556,3.25
17,1,92,3.1909,5.25
17,1,92,3.0669,5.25
17,1,36,3.7231,2.75
17,1,36,3.6824,2.75
17,1,94,3.9126,3.5
17,1,94,3.8666,3.5
17,1,38,3.7120,2.25
17,1,38,3.6314,2.25
17,1,80,3.9807,4.25
17,1,80,4.0469,4.25
17,1,24,3.8225,3.25
17,1,24,3.8128,3.25
17,1,82,3.6719,5.0
17,1,82,3.7337,5.0
17,1,26,3.7650,3.0
17,1,26,3.7106,3.0
17,1,84,3.9197,4.25
17,1,84,3.9247,4.25
17,1,28,3.8627,4.25
17,1,28,3.8809,4.25
17,1,86,3.6488,4.0
17,1,86,3.6720,4.0
17,1,59,3.3487,2.5
17,1,59,3.3965,2.5
17,1,30,3.5817,5.25
17,1,30,3.6337,5.25
17,1,72,3.4588,5.25
17,1,72,3.4924,5.25
17,1,61,3.7443,2.25
17,1,61,3.6152,2.25
17,1,74,3.7079,3.25
17,1,74,3.6478,3.25
17,1,63,3.7304,1.75
17,1,63,3.6525,1.75
17,1,18,3.7934,2.75
17,1,18,3.8151,2.75
17,1,105,3.7800,3.75
17,1,105,3.6905,3.75
17,1,76,3.1787,4.5
17,1,76,3.1974,4.5
17,1,20,3.6444,3.5
17,1,20,3.6456,3.5
17,1,107,3.8886,3.25
17,1,107,3.8526,3.25
17,1,78,3.4496,4.25
17,1,78,3.5989,4.25
17,1,51,3.8554,3.0
17,1,51,3.8332,3.0
17,1,22,3.6493,3.0
17,1,22,3.5426,3.0
17,1,109,3.7247,2.5
17,1,109,3.6958,2.5
17,1,64,3.6347,1.0
17,1,64,3.5541,1.0
17,1,53,3.9026,2.75
17,1,53,3.8736,2.75
17,1,8,3.7668,2.75
17,1,8,3.6496,2.75
17,1,111,3.7194,2.0
17,1,111,3.7932,2.0
17,1,66,3.4696,0.75
17,1,66,3.4498,0.75
17,1,55,3.7951,2.5
17,1,55,3.7860,2.5
17,1,10,3.4335,1.5
17,1,10,3.4816,1.5
17,1,97,3.8675,2.5
17,1,97,3.7956,2.5
17,1,68,3.4692,3.75
17,1,68,3.5289,3.75
17,1,41,3.7920,3.25
17,1,41,3.8022,3.25
17,1,12,3.7752,2.25
17,1,12,3.6264,2.25
17,1,99,3.8325,3.5
17,1,99,3.7303,3.5
17,1,43,3.9057,4.25
17,1,43,3.9149,4.25
17,1,14,3.6482,1.5
17,1,14,3.5635,1.5
17,1,101,3.8701,3.0
17,1,101,3.8481,3.0
17,1,45,3.8143,3.0
17,1,45,3.8243,3.0
17,1,103,3.7476,3.0
17,1,103,3.5376,3.0
17,1,89,3.7478,3.25
17,1,89,3.7179,3.25
17,1,33,3.5698,3.75
17,1,33,3.3353,3.75
17,1,4,3.6373,2.75
17,1,4,3.6553,2.75
17,1,91,3.8524,3.5
17,1,91,3.8513,3.5
17,1,35,3.8099,2.5
17,1,35,3.7718,2.5
17,1,6,3.4705,2.75
17,1,6,3.4911,2.75
17,1,93,3.6214,3.5
17,1,93,3.5699,3.5
17,1,37,3.9479,2.5
17,1,37,3.9305,2.5
17,1,95,3.8571,5.25
17,1,95,3.8729,5.25
17,1,39,3.5295,4.5
17,1,39,3.5988,4.5
17,1,81,3.6756,4.5
17,1,81,3.6180,4.5
17,1,25,3.6912,3.75
17,1,25,3.7206,3.75
17,1,83,3.7091,3.5
17,1,83,3.6710,3.5
17,1,27,3.9688,4.5
17,1,27,4.0143,4.5
17,1,85,3.8453,4.75
17,1,85,3.9136,4.75
17,1,29,3.9285,4.0
17,1,29,3.9124,4.0
18,1,94,2.2876,2.5
18,1,94,3.1352,2.5
18,1,20,2.4181,2.75
18,1,20,3.2199,2.75
18,1,49,2.5110,1.5
18,1,49,3.2555,1.5
18,1,92,2.5456,2.25
18,1,92,3.2791,2.25
18,1,18,2.7069,2.75
18,1,18,3.4937,2.75
18,1,47,3.7613,1.75
18,1,47,3.8036,1.75
18,1,90,3.7600,2.5
18,1,90,3.8100,2.5
18,1,16,3.5301,2.33333
18,1,16,3.5845,2.33333
18,1,45,2.3861,4.75
18,1,45,3.0348,4.75
18,1,88,2.2056,2.75
18,1,88,3.0573,2.75
18,1,43,2.3021,4.25
18,1,43,3.0855,4.25
18,1,86,2.7236,2.5
18,1,86,3.3977,2.5
18,1,12,3.0820,6.0
18,1,12,3.4888,6.0
18,1,41,3.0415,4.0
18,1,41,3.5012,4.0
18,1,84,2.3538,4.5
18,1,84,3.1462,4.5
18,1,10,2.7802,1.75
18,1,10,3.4829,1.75
18,1,39,2.6031,4.0
18,1,39,3.3020,4.0
18,1,82,2.4182,3.25
18,1,82,3.1379,3.25
18,1,111,2.0988,2.75
18,1,111,2.9748,2.75
18,1,8,1.9669,2.25
18,1,8,1.7868,2.25
18,1,37,2.4155,2.75
18,1,37,3.2337,2.75
18,1,80,1.9509,3.5
18,1,80,2.8643,3.5
18,1,109,3.1419,3.0
18,1,109,3.5109,3.0
18,1,6,3.1751,3.5
18,1,6,3.5846,3.5
18,1,35,2.1201,2.25
18,1,35,2.9199,2.25
18,1,78,1.8727,2.0
18,1,78,2.7825,2.0
18,1,107,2.3603,3.0
18,1,107,3.2494,3.0
18,1,4,2.8828,3.0
18,1,4,3.4521,3.0
18,1,33,2.2622,1.0
18,1,33,3.0803,1.0
18,1,76,1.8523,2.0
18,1,76,2.8553,2.0
18,1,105,2.3608,1.75
18,1,105,3.2459,1.75
18,1,2,3.0850,4.25
18,1,2,3.5578,4.25
18,1,74,3.6265,1.5
18,1,74,3.7352,1.5
18,1,103,2.7519,2.0
18,1,103,3.2746,2.0
18,1,101,2.1511,2.25
18,1,101,2.9908,2.25
18,1,62,3.9220,1.5
18,1,62,3.8676,1.5
18,1,99,3.7149,2.5
18,1,99,3.8320,2.5
18,1,60,3.5301,1.0
18,1,60,3.6252,1.0
18,1,68,3.4689,2.5
18,1,68,3.6326,2.5
18,1,97,2.3256,3.25
18,1,97,3.2445,3.25
18,1,66,3.7050,1.75
18,1,66,3.7320,1.75
18,1,31,2.6869,3.75
18,1,31,3.3920,3.75
18,1,56,2.2564,3.25
18,1,56,3.0952,3.25
18,1,64,2.1871,2.25
18,1,64,3.0943,2.25
18,1,29,2.6665,3.75
18,1,29,3.2735,3.75
18,1,54,3.7657,1.25
18,1,54,3.9321,1.25
18,1,27,2.7152,3.75
18,1,27,3.5059,3.75
18,1,25,3.3870,3.0
18,1,25,3.8208,3.0
18,1,50,3.6388,2.25
18,1,50,3.7490,2.25
18,1,23,3.1230,2.5
18,1,23,3.6979,2.5
18,1,48,2.4871,1.75
18,1,48,3.3447,1.75
18,1,95,2.6075,4.25
18,1,95,3.2691,4.25
18,1,21,2.6988,2.5
18,1,21,3.3186,2.5
18,1,46,3.0110,2.25
18,1,46,3.3190,2.25
18,1,93,2.8184,2.0
18,1,93,3.3429,2.0
18,1,19,2.2723,2.75
18,1,19,3.0350,2.75
18,1,44,2.9975,2.5
18,1,44,3.5671,2.5
18,1,91,2.4842,2.5
18,1,91,3.2625,2.5
18,1,17,2.8298,3.0
18,1,17,3.4505,3.0
18,1,42,2.8139,2.5
18,1,42,3.3535,2.5
18,1,89,1.8093,2.25
18,1,89,2.8264,2.25
18,1,40,2.4771,4.0
18,1,40,3.1787,4.0
18,1,87,2.4106,3.25
18,1,87,3.2344,3.25
18,1,112,2.9273,1.25
18,1,112,3.4903,1.25
18,1,38,2.9407,3.5
18,1,38,3.3224,3.5
18,1,85,2.0516,4.0
18,1,85,3.0162,4.0
18,1,110,2.0902,1.75
18,1,110,2.9807,1.75
18,1,11,2.2036,5.75
18,1,11,3.0416,5.75
18,1,36,2.0569,2.25
18,1,36,2.9683,2.25
18,1,83,1.9599,3.75
18,1,83,2.9284,3.75
18,1,108,2.3217,2.5
18,1,108,3.1096,2.5
18,1,9,2.5746,2.0
18,1,9,3.1699,2.0
18,1,34,2.7564,2.25
18,1,34,3.2974,2.25
18,1,81,2.1356,3.75
18,1,81,3.0119,3.75
18,1,106,2.5205,1.25
18,1,106,3.2184,1.25
18,1,7,3.5652,2.5
18,1,7,3.5871,2.5
18,1,32,2.4215,1.25
18,1,32,3.1832,1.25
18,1,79,1.9285,2.25
18,1,79,2.9166,2.25
18,1,104,2.6367,3.25
18,1,104,3.3973,3.25
18,1,5,2.7523,1.5
18,1,5,3.4551,1.5
18,1,77,3.6574,1.0
18,1,77,3.6620,1.0
18,1,102,2.7114,2.25
18,1,102,3.4237,2.25
18,1,3,2.7318,2.25
18,1,3,3.2812,2.25
18,1,75,1.7557,1.0
18,1,75,2.8013,1.0
18,1,100,2.1324,3.75
18,1,100,3.0362,3.75
18,1,73,2.0120,2.0
18,1,73,2.9672,2.0
18,1,98,1.9385,2.25
18,1,98,2.9020,2.25
18,1,96,2.5751,2.5
18,1,96,3.2820,2.5
18,1,61,3.5148,3.25
18,1,61,3.6824,3.25
18,1,69,3.5812,1.0
18,1,69,3.6520,1.0
18,1,30,2.4954,2.75
18,1,30,3.3208,2.75
18,1,59,3.0157,1.66667
18,1,59,2.6844,1.66667
18,1,67,2.8156,1.0
18,1,67,2.5462,1.0
18,1,28,2.8593,3.25
18,1,28,3.4175,3.25
18,1,65,3.6990,1.0
18,1,65,3.7561,1.0
18,1,26,2.4714,2.75
18,1,26,3.3651,2.75
18,1,55,2.6959,1.75
18,1,55,3.4055,1.75
18,1,24,2.3558,3.25
18,1,24,3.2818,3.25
18,1,53,2.9647,3.25
18,1,53,3.4040,3.25
18,1,22,3.0270,3.75
18,1,22,3.5607,3.75
18,1,51,3.4100,1.25
18,1,51,3.5046,1.25
