3,1,1,4.16279220581,3.875
3,1,2,3.83910751343,4.5
3,1,3,4.32089805603,3.0
3,1,4,4.28569936752,3.25
3,1,5,4.09181165695,6.0
3,1,6,4.10153675079,4.5
3,1,7,4.19603824615,4.75
3,1,8,3.94463086128,3.5
3,1,9,3.96783494949,2.75
3,1,10,4.44531488419,2.875
3,1,14,4.17759561539,3.75
3,1,15,3.96763181686,5.0
3,1,16,4.01679944992,4.75
3,1,17,4.42906856537,5.0
3,1,18,4.05619621277,3.75
3,1,19,3.97132778168,4.125
3,1,20,4.18445110321,2.5
3,1,21,4.08976507187,4.5
3,1,22,3.85709023476,4.83333
3,1,23,3.90293860435,3.875
3,1,24,3.85334277153,4.5
3,1,25,3.87791776657,5.5
3,1,26,4.0537352562,4.0
3,1,27,4.24417161942,5.25
3,1,28,4.01066541672,4.75
3,1,29,4.05344104767,1.25
3,1,30,4.26800775528,4.5
3,1,31,3.81150507927,3.66667
3,1,32,4.07936763763,4.5
3,1,33,4.10642433167,3.0
3,1,34,4.063164711,4.125
3,1,35,3.73264241219,4.375
3,1,36,3.61476898193,3.5
3,1,37,3.82878303528,3.125
3,1,38,3.95648694038,4.5
3,1,39,3.97743630409,5.75
3,1,40,3.9027056694,5.0
3,1,41,3.8224401474,3.25
3,1,43,3.94585204124,4.0
3,1,44,4.32071256638,3.0
3,1,45,4.04008388519,4.25
3,1,46,3.83506774902,5.0
3,1,47,3.96838140488,4.25
3,1,48,3.80694293976,2.5
3,1,49,4.22168970108,5.0
3,1,50,4.035115242,4.66667
3,1,51,3.86295437813,4.5
3,1,52,3.87707471848,3.5
3,1,55,3.91013026237,3.25
3,1,56,3.68534421921,4.0
3,1,57,3.4173271656,4.875
3,1,58,4.19102525711,4.5
3,1,59,3.80759525299,5.5
3,1,60,4.06665372849,5.5
3,1,61,4.2457947731,5.5
3,1,62,3.84247207642,4.375
3,1,63,3.18399453163,4.75
3,1,64,4.25237131119,5.75
3,1,65,4.34471607208,6.25
3,1,66,3.66661167145,3.0
3,1,70,4.12947130203,2.75
3,1,71,4.02261734009,2.0
3,1,73,3.85211467743,3.0
3,1,74,4.01838827133,4.0
3,1,75,3.89185452461,4.0
3,1,76,3.82700991631,4.0
3,1,77,3.91154837608,4.5
3,1,78,3.86461496353,5.25
3,1,79,3.93958115578,5.25
3,1,80,4.20094203949,2.75
3,1,81,3.73534083366,2.75
3,1,82,3.8676109314,3.0
3,1,83,4.18766355515,4.5
3,1,84,3.91271400452,3.75
3,1,85,3.78290271759,2.0
3,1,86,3.74217033386,4.25
3,1,87,4.21120643616,4.25
3,1,88,4.14368391037,4.0
3,1,89,4.22141313553,4.25
3,1,90,3.83474183083,3.75
3,1,91,3.97766780853,4.0
3,1,92,3.6133146286,3.5
3,1,93,3.98853421211,3.25
3,1,94,4.27551555634,3.25
3,1,95,4.04972410202,3.75
3,1,96,4.15804243088,3.875
3,1,97,3.74696731567,1.25
3,1,98,3.78740692139,1.75
3,1,99,4.08764028549,1.5
3,1,100,4.08934736252,2.375
3,1,101,3.9020075798,4.375
3,1,102,3.9903948307,5.25
3,1,103,4.0883102417,1.5
3,1,104,4.24076032639,3.5
3,1,105,4.08296346664,1.25
3,1,106,3.88065719604,2.75
3,1,107,3.96783924103,5.25
3,1,108,3.8458981514,1.875
3,2,2,4.15497398376,3.25
3,2,5,4.36419153214,5.25
3,2,6,4.30331897736,6.0
3,2,7,4.10568571091,6.0
3,2,8,4.31653165817,4.5
3,2,9,3.95690155029,4.0
3,2,10,4.16472005844,4.125
3,2,11,4.09558486938,5.25
3,2,12,4.32697963715,5.0
3,2,13,4.43007993698,3.25
3,2,14,3.85822820663,2.5
3,2,26,4.0995349884,4.0
3,2,27,3.96896505356,4.0
3,2,28,4.19560098648,5.25
3,2,29,4.3878455162,3.25
3,2,30,4.43118524551,3.25
3,2,31,3.70386528969,3.25
3,2,32,4.09947299957,5.0
3,2,33,4.27992630005,3.5
3,2,34,4.08324861526,3.875
3,2,35,4.09685993195,2.75
3,2,36,4.0995388031,2.25
3,2,37,3.95893001556,3.25
3,2,38,4.21946763992,4.25
3,2,39,3.72342228889,2.75
3,2,40,4.04477596283,3.5
3,2,41,4.19193840027,2.5
3,2,42,3.99229192734,4.0
3,2,43,3.91087508202,5.0
3,2,44,4.16200065613,3.25
3,2,45,3.87402057648,4.5
3,2,46,4.06046390533,3.875
3,2,47,4.0396490097,4.25
3,2,48,3.63142514229,2.75
3,2,49,4.12440013885,3.75
3,2,50,4.06441402435,4.0
3,2,51,4.01427173615,1.5
3,2,52,4.18429946899,4.5
3,2,53,3.77571296692,3.33333
3,2,55,4.19738340378,3.25
3,2,56,4.33982181549,0.0
3,2,59,4.11429262161,3.75
3,2,60,3.86647033691,4.25
3,2,61,3.99295449257,5.25
3,2,62,4.18664932251,1.25
3,2,63,4.42024993896,2.375
3,2,64,3.9618537426,3.0
3,2,65,4.38875818253,3.75
3,2,66,3.91795396805,5.25
3,2,67,4.27447843552,5.5
3,2,68,3.76663804054,1.25
3,2,69,4.03309440613,3.66667
3,2,70,4.00168371201,2.375
3,2,71,4.16112947464,3.75
3,2,73,3.87943100929,3.25
3,2,74,3.86960029602,2.25
3,2,77,3.56988310814,2.75
3,2,78,4.16491317749,3.75
3,2,79,3.95657515526,4.75
3,2,80,4.26254272461,4.375
3,2,81,4.07328367233,3.25
3,2,82,3.78741383553,4.25
3,2,83,4.20600700378,4.0
3,2,84,3.93584752083,3.25
3,2,85,4.05844449997,2.75
3,2,86,3.89846730232,3.75
3,2,87,3.61149907112,4.0
3,2,88,3.99915075302,3.25
3,2,89,4.18323326111,4.25
3,2,90,3.71076369286,4.5
3,2,91,3.67706036568,3.25
3,2,92,3.89822793007,5.0
3,2,93,3.76409935951,3.75
3,2,94,4.09582185745,1.5
3,2,95,3.70346546173,3.125
3,2,96,4.29787397385,5.0
3,2,97,3.91590952873,4.5
3,2,98,3.87977814674,2.625
3,2,99,4.23560667038,1.25
3,2,100,4.18765878677,3.125
3,2,101,4.25041246414,2.0
3,2,102,3.91154074669,4.0
3,2,103,3.70921301842,3.5
3,2,104,4.12635135651,3.5
3,2,105,4.35763072968,3.5
3,2,106,4.19674444199,4.625
3,2,107,3.92283678055,4.0
3,2,108,4.21060323715,1.95833
3,2,109,3.68308377266,4.25
3,2,110,3.92103362083,3.5
3,2,111,3.91943359375,4.0
4,1,3,3.56993412971,1.0
4,1,4,3.50817704201,1.5
4,1,5,3.63171958923,1.0
4,1,6,3.57499289513,1.5
4,1,7,3.44643306732,1.75
4,1,8,3.51855897903,0.75
4,1,9,3.66700816154,1.0
4,1,10,3.37334799767,3.0
4,1,11,3.80498719215,1.0
4,1,12,3.87620091438,2.5
4,1,13,3.69473481178,1.5
4,1,15,3.6567466259,0.75
4,1,16,3.78259849548,1.0
4,1,22,3.22750043869,1.25
4,1,23,3.63652539253,1.0
4,1,24,3.81267333031,2.0
4,1,25,3.78051114082,1.5
4,1,26,3.54742503166,4.375
4,1,27,3.6012430191,2.75
4,1,28,3.901730299,2.25
4,1,29,3.77174520493,3.0
4,1,30,3.21420383453,1.125
4,1,31,3.52313566208,2.25
4,1,32,4.042096138,1.5
4,1,33,3.15018200874,1.5
4,1,34,3.77544116974,1.5
4,1,35,3.67794036865,1.75
4,1,36,3.00249409676,0.875
4,1,37,3.61137986183,2.25
4,1,38,2.95287132263,2.5
4,1,39,3.35911440849,2.5
4,1,40,2.87395000458,4.0
4,1,41,2.99538040161,2.5
4,1,42,3.53702306747,1.75
4,1,45,3.60055422783,2.125
4,1,46,3.28493380547,3.75
4,1,47,3.47514748573,4.25
4,1,48,3.9289495945,1.5
4,1,49,3.39543032646,4.25
4,1,50,3.24669742584,2.0
4,1,51,3.52948641777,2.75
4,1,52,3.62356090546,3.25
4,1,53,3.9787094593,2.5
4,1,54,3.35424351692,3.375
4,1,55,3.56981730461,2.5
4,1,56,2.89721894264,2.0
4,1,57,2.90310430527,2.75
4,1,58,3.64516091347,2.25
4,1,59,3.64836645126,1.875
4,1,63,3.89318013191,1.0
4,1,64,3.98496127129,3.5
4,1,65,2.87616038322,4.75
4,1,66,3.68679499626,1.0
4,1,67,3.30349040031,1.75
4,1,68,3.06290745735,5.0
4,1,69,3.00370025635,5.5
4,1,70,3.92062139511,5.25
4,1,71,3.29164004326,2.125
4,1,72,3.63056516647,3.25
4,1,73,3.27988100052,4.25
4,1,74,3.50809073448,3.5
4,1,75,3.67160654068,4.75
4,1,77,3.40370082855,2.625
4,1,78,3.47563362122,3.25
4,1,79,3.76857733727,6.75
4,1,80,3.62947487831,3.5
4,1,81,3.50416135788,3.0
4,1,82,3.74713802338,6.5
4,1,83,3.8510017395,3.25
4,1,84,3.61400222778,2.5
4,1,85,3.74185061455,2.5
4,1,86,3.66515874863,1.66667
4,1,87,3.63639760017,3.5
4,1,88,4.11335277557,1.5
4,1,89,3.29273414612,1.75
4,1,90,3.6613714695,1.375
4,1,91,3.73666810989,2.25
4,1,92,3.66313242912,2.0
4,1,93,3.44880390167,3.0
4,1,94,3.14667916298,1.5
4,1,95,3.85185956955,3.25
4,1,96,3.63249468803,2.75
4,1,97,3.56797337532,1.25
4,1,98,3.90765357018,3.25
4,1,99,3.92243909836,2.375
4,1,100,3.85572886467,0.75
4,1,101,3.61395001411,3.875
4,1,102,3.90964221954,1.5
4,1,103,3.47277617455,1.0
4,1,104,3.76094865799,1.25
4,1,105,3.7496240139,3.625
4,1,106,3.61526036263,2.25
4,1,108,3.28034472466,3.25
4,1,109,3.29331827164,2.75
4,1,110,2.96179771423,4.0
4,1,111,3.69767665863,3.5
4,1,112,3.74275445938,1.0
4,1,113,3.49812626839,3.25
4,1,114,3.16108894348,1.5
4,1,115,3.66886401176,3.5
4,1,116,3.83967614174,1.75
4,1,117,3.44813370705,1.25
7,1,1,4.38360023499,3.5
7,1,2,4.36787414551,5.5
7,1,3,3.90257143974,4.75
7,1,4,4.42571735382,3.25
7,1,5,4.24857282639,4.75
7,1,7,4.34761857986,2.25
7,1,8,3.5352973938,4.5
7,1,9,3.92004609108,2.0
7,1,10,4.05920219421,2.75
7,1,11,4.65122079849,1.75
7,1,12,4.32417917252,5.0
7,1,13,4.05461502075,3.0
7,1,14,4.6057806015,2.25
7,1,18,4.58373880386,6.0
7,1,19,4.51028680801,4.75
7,1,20,4.49522590637,5.25
7,1,22,4.56269836426,3.75
7,1,23,4.29565143585,4.0
7,1,24,4.39665079117,5.0
7,1,25,4.66660928726,4.5
7,1,26,4.06758975983,3.0
7,1,27,4.59242868423,4.25
7,1,28,3.89927458763,5.25
7,1,29,4.78915882111,4.25
7,1,30,4.15924549103,3.0
7,1,31,4.54581737518,4.5
7,1,32,4.38086128235,3.75
7,1,33,4.55453157425,4.75
7,1,34,4.5324215889,5.5
7,1,35,4.06845712662,6.0
7,1,36,4.54068374634,4.25
7,1,37,4.37787389755,4.25
7,1,38,3.94780945778,3.5
7,1,39,3.8573782444,5.5
7,1,40,4.49703168869,5.5
7,1,41,4.1374335289,4.75
7,1,42,4.65689849854,3.0
7,1,43,3.86801767349,3.5
7,1,44,4.09858608246,6.25
7,1,45,4.1268453598,4.5
7,1,46,4.45285701752,4.0
7,1,47,4.23357963562,4.5
7,1,48,4.06744146347,1.5
7,1,49,4.37801647186,4.5
7,1,50,4.61675024033,5.0
7,1,51,4.34545040131,3.5
7,1,52,4.10384988785,0.75
7,1,53,4.56620836258,5.5
7,1,54,3.91922569275,5.5
7,1,55,4.22064685822,2.5
7,1,57,4.05161809921,4.25
7,1,58,3.86545133591,6.0
7,1,59,3.61855959892,5.25
7,1,60,3.71317505836,3.25
7,1,61,4.41401767731,5.0
7,1,62,4.62978839874,4.5
7,1,63,4.03103256226,5.5
7,1,64,3.41389012337,5.0
7,1,65,4.04319190979,5.25
7,1,66,4.20107555389,4.25
7,1,67,4.13516807556,4.75
7,1,68,4.14291906357,4.25
7,1,69,3.88679003716,5.5
7,1,70,3.88731098175,5.5
7,1,71,4.00465250015,4.75
7,1,72,3.84878945351,2.0
7,1,73,4.42880105972,1.0
7,1,74,4.54406261444,4.25
7,1,75,4.2392911911,4.75
7,1,76,4.25225448608,2.75
7,1,78,3.72991895676,4.0
7,1,79,4.57061004639,3.0
7,1,80,4.25857686996,2.0
7,1,81,3.76893210411,4.0
7,1,82,4.15141057968,5.25
7,1,83,4.16325378418,4.75
7,1,84,4.33837747574,4.75
7,1,86,3.69345116615,3.25
7,1,88,4.2413225174,6.5
7,1,89,3.88145279884,5.25
7,1,90,4.38602972031,4.0
7,1,92,4.26881456375,5.75
7,1,93,3.81034421921,4.25
7,1,94,4.48488807678,3.0
7,1,95,4.21837806702,4.75
7,1,96,4.28835344315,5.5
7,1,97,3.85381555557,5.5
7,1,98,4.20777416229,3.25
7,1,101,4.57324743271,4.0
7,1,102,4.39853954315,4.25
7,1,103,4.03607702255,3.25
7,1,104,4.25665140152,4.75
7,1,105,4.6461687088,4.75
7,1,106,3.79290699959,4.75
7,1,107,3.95706510544,4.0
7,1,108,4.05587863922,2.75
7,1,109,3.70886540413,4.25
7,2,1,3.60114073753,2.75
7,2,2,4.24708080292,5.75
7,2,3,4.04714870453,3.0
7,2,4,3.97150301933,3.25
7,2,5,4.61858844757,4.0
7,2,6,4.20517396927,5.0
7,2,7,4.27626276016,4.0
7,2,8,3.91876864433,4.0
7,2,9,4.47517776489,4.0
7,2,10,4.0793299675,2.75
7,2,11,4.18757200241,4.25
7,2,12,4.55253314972,4.75
7,2,13,4.77186155319,5.5
7,2,14,3.85471081734,5.0
7,2,16,4.30391407013,6.0
7,2,17,4.76276111603,3.5
7,2,18,4.32196092606,4.5
7,2,19,3.86967015266,5.5
7,2,20,3.99856925011,1.5
7,2,21,4.19466114044,3.0
7,2,22,3.97715187073,1.75
7,2,23,4.0976934433,3.75
7,2,24,4.17752504349,4.75
7,2,25,4.38749837875,4.25
7,2,26,4.39203929901,4.25
7,2,27,4.16874313354,5.75
7,2,28,3.8176381588,1.75
7,2,29,3.78016352654,3.0
7,2,30,4.22381639481,3.75
7,2,31,4.60746860504,4.5
7,2,32,4.1541724205,1.5
7,2,33,4.15487194061,4.25
7,2,34,4.45863485336,3.5
7,2,35,4.21020269394,2.5
7,2,36,4.25220727921,3.5
7,2,37,3.51734304428,5.25
7,2,38,3.74599337578,4.0
7,2,39,3.58913826942,5.25
7,2,40,3.87481617928,3.0
7,2,42,3.93013167381,2.75
7,2,43,4.19840764999,4.5
7,2,44,4.27986335754,2.5
7,2,45,4.26720619202,4.75
7,2,46,4.30389785767,4.0
7,2,47,4.03272390366,3.75
7,2,48,4.75771617889,4.0
7,2,49,3.78407025337,4.25
7,2,50,3.45324158669,4.75
7,2,51,3.79319572449,3.25
7,2,52,4.04198598862,5.0
7,2,53,4.65206384659,4.0
7,2,55,4.21794319153,4.75
7,2,56,4.22514343262,1.5
7,2,57,3.87808561325,4.0
7,2,58,3.91944861412,4.0
7,2,60,3.92121863365,5.5
7,2,61,3.89088749886,5.25
7,2,63,3.77517390251,3.25
7,2,64,3.78700137138,5.0
7,2,65,3.96014285088,5.5
7,2,66,4.02014875412,6.5
7,2,68,4.12889099121,4.25
7,2,69,4.182554245,3.25
7,2,70,3.95613718033,4.0
7,2,71,3.98194289207,4.25
7,2,72,4.28490018845,3.25
7,2,73,3.6637878418,2.5
7,2,74,4.55643558502,3.5
7,2,75,4.01413297653,4.5
7,2,76,4.1024389267,4.25
7,2,77,3.69232916832,5.0
7,2,78,3.90007328987,4.0
7,2,80,4.18370437622,3.25
7,2,82,4.92512512207,5.0
7,2,83,4.29489707947,3.75
7,2,84,3.83249616623,2.5
7,2,85,3.41765642166,2.5
7,2,86,3.92769885063,4.5
7,2,87,4.02670812607,5.0
7,2,88,4.45258235931,3.0
7,2,89,4.00248146057,4.0
7,2,90,3.7081656456,3.75
7,2,91,3.88956522942,4.66667
7,2,92,3.90689969063,4.75
7,2,93,3.45886850357,3.25
7,2,94,3.80758023262,2.5
7,2,95,4.10278224945,3.5
7,2,96,3.87790203094,3.0
7,2,97,4.33301353455,3.75
7,2,98,4.4804444313,4.25
7,2,99,4.16819143295,1.75
7,2,100,4.02657938004,5.25
7,2,102,4.55713796616,4.25
7,2,103,3.8965857029,3.5
7,2,104,4.29432725906,3.0
7,2,105,4.34082889557,6.25
7,2,106,3.87029361725,4.5
7,2,107,3.87638258934,5.5
7,2,108,3.86294317245,5.25
8,1,2,4.19818925858,2.75
8,1,3,4.04737758636,2.5
8,1,4,3.59791469574,1.75
8,1,5,3.5984890461,2.0
8,1,6,3.09417176247,1.5
8,1,7,3.90572071075,1.0
8,1,8,3.63850307465,1.0
8,1,9,3.27584934235,2.0
8,1,10,4.31751203537,1.75
8,1,11,3.92016792297,2.0
8,1,12,3.55318140984,1.0
8,1,16,4.36416435242,2.75
8,1,17,4.52631807327,3.25
8,1,18,4.03520107269,3.75
8,1,19,3.88073611259,2.25
8,1,20,3.81855297089,2.5
8,1,21,4.22533082962,1.75
8,1,22,3.75585627556,3.5
8,1,23,4.04983901978,3.25
8,1,24,3.93439602852,3.75
8,1,25,3.6169989109,2.5
8,1,26,3.50035762787,2.75
8,1,27,3.82516288757,2.0
8,1,28,4.02394199371,1.0
8,1,29,3.45380830765,3.25
8,1,30,3.65817165375,2.5
8,1,31,4.02025604248,1.25
8,1,32,3.85899686813,2.75
8,1,33,3.6390941143,1.75
8,1,34,3.78690981865,2.5
8,1,35,4.03701162338,3.0
8,1,36,4.09362125397,3.75
8,1,37,4.1078877449,1.75
8,1,38,3.91345191002,2.25
8,1,39,3.89586138725,3.0
8,1,40,3.70744657516,1.75
8,1,41,3.76957607269,1.5
8,1,42,3.50738930702,3.5
8,1,43,3.74795031548,1.75
8,1,44,3.88005399704,3.25
8,1,49,3.84173345566,2.25
8,1,50,3.64436841011,1.0
8,1,51,4.02989673615,1.0
8,1,52,3.80017828941,1.25
8,1,53,4.03403186798,2.25
8,1,54,4.04238700867,3.0
8,1,58,4.0223865509,1.0
8,1,59,3.72788095474,1.5
8,1,60,3.41518378258,2.5
8,1,61,3.24479937553,2.75
8,1,62,3.35203051567,1.5
8,1,63,3.32694816589,1.0
8,1,64,3.51874446869,1.25
8,1,65,3.7511985302,2.0
8,1,66,3.73853230476,2.25
8,1,67,3.40598940849,2.25
8,1,68,3.7924118042,1.5
8,1,69,3.44929170609,2.5
8,1,73,3.56550383568,2.75
8,1,74,3.31457138062,2.5
8,1,75,3.44051766396,3.0
8,1,76,2.79420638084,1.0
8,1,77,3.49190473557,3.25
8,1,78,3.89372992516,2.75
8,1,79,4.04552507401,2.0
8,1,80,4.04588651657,1.75
8,1,81,3.4870326519,2.25
8,1,82,3.09011340141,1.75
8,1,85,3.18742442131,2.0
8,1,86,4.05128860474,1.25
8,1,87,3.82200598717,1.0
8,1,88,2.90413737297,2.25
8,1,89,3.51489496231,3.5
8,1,91,3.65581536293,2.75
8,1,92,3.6705083847,1.5
8,1,93,3.66357445717,1.75
8,1,94,3.66357445717,1.75
8,1,95,3.66025233269,2.25
8,1,96,3.64626502991,2.5
8,1,97,3.72192907333,2.25
8,1,98,3.60248231888,3.25
8,2,4,3.31275582314,3.75
8,2,5,4.18798542023,1.75
8,2,6,4.25471544266,1.5
8,2,7,4.01026201248,4.25
8,2,8,3.6321811676,2.0
8,2,9,4.4278755188,1.75
8,2,10,3.543592453,3.0
8,2,11,3.12919163704,2.25
8,2,15,3.83864164352,4.0
8,2,16,4.03725862503,3.5
8,2,17,3.43875598907,3.5
8,2,18,4.30921077728,2.0
8,2,19,2.99327659607,3.75
8,2,20,3.90430521965,2.25
8,2,21,3.8846988678,2.25
8,2,22,3.33002829552,2.5
8,2,23,3.44103717804,3.0
8,2,24,3.34248447418,2.75
8,2,25,4.01849651337,4.0
8,2,26,3.50249528885,4.0
8,2,27,3.27190685272,2.5
8,2,28,4.05592536926,4.75
8,2,29,3.51797795296,4.25
8,2,30,4.1929526329,2.75
8,2,31,4.47121047974,4.0
8,2,32,3.68088293076,2.25
8,2,33,3.67837691307,3.5
8,2,34,4.07898664474,3.5
8,2,35,3.52457928658,3.75
8,2,36,3.51251411438,2.25
8,2,37,3.43401145935,3.75
8,2,38,3.64942955971,2.0
8,2,39,3.56302762032,2.0
8,2,40,4.65346765518,4.0
8,2,41,4.1761803627,3.5
8,2,42,3.59784865379,2.75
8,2,43,3.80451512337,3.25
8,2,44,3.4557762146,2.25
8,2,45,3.69122552872,3.25
8,2,46,3.70353722572,2.75
8,2,47,4.14060115814,4.0
8,2,48,3.09141373634,4.0
8,2,49,3.36543226242,3.0
8,2,50,3.13538503647,3.75
8,2,55,4.09862613678,2.0
8,2,56,2.95603942871,4.75
8,2,57,3.81182980537,3.0
8,2,58,3.42510724068,4.5
8,2,59,3.87823319435,3.5
8,2,60,3.8505666256,4.0
8,2,61,3.55575799942,1.75
8,2,62,3.51787543297,5.25
8,2,63,4.05309867859,4.75
8,2,64,3.64170956612,3.25
8,2,67,3.57396149635,2.75
8,2,68,3.5012512207,3.5
8,2,69,3.81784749031,4.0
8,2,70,2.97260069847,2.0
8,2,71,3.62939810753,3.5
8,2,72,3.50509405136,3.5
8,2,73,3.746540308,3.75
8,2,74,3.84495210648,4.0
8,2,75,3.8756570816,3.25
8,2,76,3.45781207085,4.75
8,2,77,3.12837767601,3.25
8,2,78,3.35847091675,4.0
8,2,79,3.77703642845,3.25
8,2,80,3.75297188759,2.75
8,2,83,3.99534416199,3.5
8,2,84,3.28535509109,4.5
8,2,85,3.71182203293,3.25
8,2,86,3.98233342171,3.0
8,2,87,3.77446389198,3.75
8,2,88,3.47590184212,2.25
8,2,89,3.97373867035,1.5
8,2,90,3.41131043434,2.25
8,2,91,3.61569905281,2.0
8,2,92,3.69733548164,4.25
8,2,93,3.51450109482,3.0
8,2,94,3.6882519722,2.0
8,2,95,3.84748291969,2.0
8,2,96,3.55826544762,4.25
8,2,97,3.53185176849,3.0
8,2,98,3.4987783432,4.0
8,2,99,3.73291969299,3.25
9,1,2,4.09204626083,5.25
9,1,3,3.28083205223,4.75
9,1,4,3.92586302757,5.0
9,1,5,3.15757060051,5.75
9,1,6,3.83096289635,3.5
9,1,7,3.71848773956,4.25
9,1,8,3.82448983192,4.5
9,1,12,4.48948192596,4.75
9,1,16,4.46419906616,1.5
9,1,17,4.08064889908,4.25
9,1,18,4.10804271698,3.5
9,1,19,4.1705365181,3.25
9,1,20,4.57922840118,4.0
9,1,21,3.99541497231,4.5
9,1,22,3.49892306328,3.0
9,1,23,3.83918428421,4.5
9,1,24,3.28746175766,3.5
9,1,25,3.48379659653,3.5
9,1,26,4.06365633011,4.5
9,1,27,4.4538731575,3.75
9,1,28,4.3205280304,2.75
9,1,29,3.68826627731,2.5
9,1,30,3.96220445633,3.0
9,1,31,3.80913472176,3.5
9,1,32,3.94722080231,2.75
9,1,33,4.40622425079,3.75
9,1,34,3.56060504913,3.25
9,1,35,4.23997592926,3.5
9,1,36,4.25789499283,3.5
9,1,37,4.19242525101,4.5
9,1,38,3.7937605381,3.5
9,1,39,3.30647039413,2.75
9,1,40,4.12867164612,2.25
9,1,41,3.42929506302,3.0
9,1,42,3.80106472969,4.0
9,1,50,3.3001434803,3.5
9,1,51,4.22339677811,3.5
9,1,52,3.91544890404,2.75
9,1,53,3.948117733,3.0
9,1,54,3.91669726372,2.75
9,1,55,3.84189987183,3.5
9,1,56,3.76726937294,3.75
9,1,59,3.52457022667,2.75
9,1,60,4.00692081451,4.0
9,1,61,3.67511963844,3.5
9,1,63,3.131701231,3.25
9,1,64,4.25496244431,4.25
9,1,65,3.45727348328,2.0
9,1,66,4.58640766144,4.75
9,1,67,3.24958753586,4.25
9,1,68,3.15581846237,3.5
9,1,69,3.69602632523,5.5
9,1,72,4.50872993469,3.75
9,1,73,4.20599603653,3.25
9,1,74,3.69322323799,3.0
9,1,75,3.90527534485,2.5
9,1,76,4.01057577133,4.0
9,1,77,4.88669061661,3.25
9,1,78,4.56603240967,3.5
9,1,79,3.59365725517,4.0
9,1,80,4.33415842056,3.25
9,1,81,3.38486862183,2.25
9,1,82,3.95062398911,4.0
9,1,83,4.56895971298,4.25
9,1,84,4.52278614044,3.0
9,1,85,4.17556524277,4.75
9,1,86,3.87915325165,4.0
9,1,87,3.90359663963,3.25
9,1,88,3.79655337334,3.25
9,1,89,3.26041960716,2.75
9,1,90,3.78477048874,2.75
9,1,91,3.08643388748,3.75
9,1,92,3.63665747643,4.0
9,1,93,3.70825052261,3.25
9,1,94,4.16456890106,3.0
9,1,95,3.76276922226,4.25
9,1,96,3.67417311668,4.25
9,1,97,3.74162769318,3.5
9,1,98,3.62315177917,2.25
9,1,99,4.34111022949,3.0
9,1,100,3.79482316971,4.25
9,1,101,4.19055604935,2.25
9,1,102,3.83501648903,3.75
9,1,103,3.92346191406,2.25
9,1,104,4.18196582794,3.0
9,1,105,4.30621814728,3.75
9,1,106,4.38483905792,4.0
9,1,107,3.84676384926,4.25
9,1,110,4.2223739624,4.25
9,1,111,4.29652357101,4.0
9,2,2,3.39012551308,4.5
9,2,3,3.83684515953,5.25
9,2,4,3.22559595108,5.5
9,2,5,4.00755500793,5.75
9,2,6,4.22171258926,5.25
9,2,7,3.54417037964,4.5
9,2,8,3.82348799706,5.75
9,2,9,3.18592810631,4.75
9,2,10,3.61015248299,4.5
9,2,11,3.68281626701,5.5
9,2,12,4.084233284,3.75
9,2,13,3.61950397491,2.75
9,2,16,3.70812797546,4.0
9,2,17,5.09566879272,4.25
9,2,18,4.19518613815,3.25
9,2,19,4.01774263382,3.0
9,2,20,3.75016069412,3.75
9,2,21,4.13353824615,3.0
9,2,22,4.15643310547,2.75
9,2,23,3.9457514286,1.75
9,2,24,3.58057999611,5.75
9,2,25,4.07027482986,3.25
9,2,26,3.4925558567,3.25
9,2,27,4.16238880157,4.75
9,2,28,4.04813623428,3.0
9,2,29,3.67938137054,2.75
9,2,30,3.68723750114,2.75
9,2,31,3.7551548481,2.25
9,2,32,4.30196714401,3.0
9,2,33,4.43601608276,2.5
9,2,34,4.25470018387,2.5
9,2,35,4.7790017128,4.75
9,2,36,3.84683942795,3.75
9,2,37,3.68418431282,2.0
9,2,38,4.09978485107,4.0
9,2,39,4.10082912445,3.25
9,2,40,3.92758083344,4.5
9,2,41,3.7480328083,3.25
9,2,42,4.05648803711,3.0
9,2,45,4.2971777916,4.75
9,2,46,4.44684410095,5.0
9,2,47,3.94341063499,5.0
9,2,48,3.92783069611,5.25
9,2,49,4.05019617081,4.0
9,2,50,4.36564731598,5.0
9,2,51,3.51106882095,2.75
9,2,52,4.31937599182,3.75
9,2,53,3.75968527794,5.5
9,2,54,4.38900470734,3.25
9,2,55,3.90981197357,5.0
9,2,56,3.55885219574,4.0
9,2,62,3.76349067688,5.0
9,2,63,3.84591031075,4.5
9,2,64,4.37819242477,4.75
9,2,65,2.43555450439,5.5
9,2,66,4.2402844429,4.25
9,2,67,3.89663028717,3.25
9,2,68,4.23957443237,3.25
9,2,69,3.33189105988,4.75
9,2,70,3.72737598419,5.25
9,2,71,2.88609719276,5.25
9,2,74,4.10010623932,3.75
9,2,75,3.81436729431,3.25
9,2,76,3.96417355537,4.25
9,2,77,4.11854028702,5.5
9,2,78,4.19375562668,5.25
9,2,79,3.89165067673,4.75
9,2,80,3.50064754486,4.75
9,2,81,4.25313425064,3.0
9,2,82,4.37723588943,4.0
9,2,83,3.87394595146,3.75
9,2,84,3.84622740746,4.75
9,2,85,4.4770731926,4.0
9,2,86,3.88274049759,3.25
9,2,87,3.57918310165,4.5
9,2,88,3.9698779583,2.75
9,2,89,3.78574061394,3.25
9,2,90,4.28172159195,4.25
9,2,91,4.3724656105,4.25
9,2,92,4.20861768723,4.5
9,2,93,3.87384080887,4.0
9,2,94,3.80061340332,5.0
9,2,95,3.98192095757,3.0
9,2,96,3.69609880447,3.75
9,2,97,4.15945148468,4.5
9,2,98,3.37446188927,4.5
9,2,99,4.05319404602,5.75
9,2,100,4.17708730698,3.75
9,2,101,3.9940071106,3.75
9,2,102,3.65553331375,3.0
9,2,103,3.84217691422,3.25
9,2,104,3.59919929504,4.5
9,2,105,4.45846366882,5.25
9,2,106,4.11167526245,3.75
9,2,107,4.4151725769,4.25
9,2,108,3.86008358002,2.25
9,2,109,3.24128770828,3.25
9,2,110,4.4678030014,4.0
9,2,111,4.53328180313,4.5
10,1,4,4.35050058365,5.5
10,1,5,4.18809509277,5.0
10,1,6,4.2029838562,5.0
10,1,7,4.33257722855,5.5
10,1,8,4.21616268158,6.25
10,1,9,4.22678089142,5.5
10,1,10,4.37634038925,5.0
10,1,11,3.76422095299,4.0
10,1,12,4.07926273346,4.5
10,1,13,4.23648118973,4.25
10,1,14,4.12024116516,3.75
10,1,20,4.15833282471,5.0
10,1,21,4.40385818481,5.25
10,1,22,4.438539505,4.5
10,1,24,4.34978961945,4.75
10,1,25,4.12444591522,4.5
10,1,26,4.19745826721,2.25
10,1,27,4.29226493835,4.25
10,1,28,4.36924409866,4.75
10,1,29,4.03886985779,4.75
10,1,30,4.41328525543,5.5
10,1,31,4.32771539688,4.75
10,1,32,4.40237903595,3.75
10,1,33,4.13894462585,4.5
10,1,34,4.29340457916,4.0
10,1,35,4.17345094681,2.0
10,1,36,4.3095664978,4.75
10,1,37,4.23819112778,6.0
10,1,38,3.9551255703,3.75
10,1,39,4.0137090683,4.0
10,1,40,3.98132610321,4.5
10,1,41,4.22873497009,3.25
10,1,42,4.06552934647,5.25
10,1,43,4.34693098068,4.5
10,1,44,4.28111124039,4.5
10,1,45,4.26028060913,3.25
10,1,46,4.380235672,5.0
10,1,47,3.87853550911,5.25
10,1,48,4.26330709457,5.0
10,1,49,4.175801754,4.0
10,1,50,4.39730072021,5.25
10,1,51,4.30296278,5.5
10,1,52,4.15315151215,5.0
10,1,53,3.92024683952,5.25
10,1,54,4.06805467606,3.5
10,1,55,4.24548387527,5.25
10,1,56,4.00054836273,4.5
10,1,57,4.13020038605,1.5
10,1,61,3.88366484642,5.0
10,1,62,4.22569084167,3.75
10,1,63,4.16478919983,4.25
10,1,64,3.72873616219,5.0
10,1,65,4.03265714645,5.75
10,1,66,4.13441753387,6.0
10,1,67,3.9614315033,5.25
10,1,68,4.36166763306,3.75
10,1,69,4.29603290558,4.5
10,1,72,3.91397738457,3.0
10,1,73,4.32969999313,4.25
10,1,74,3.94643378258,4.75
10,1,75,4.06589746475,4.5
10,1,76,4.1129565239,4.75
10,1,77,4.68957281113,4.5
10,1,78,4.24127578735,5.5
10,1,79,4.33041095734,4.5
10,1,80,4.27393007278,5.0
10,1,81,3.93138766289,4.25
10,1,82,3.99744868279,4.5
10,1,83,4.17337083817,3.0
10,1,84,4.14750289917,2.75
10,1,85,4.02203702927,4.75
10,1,86,4.14244127274,4.0
10,1,87,4.24896764755,4.75
10,1,88,4.25757217407,5.5
10,1,89,3.83312273026,5.25
10,1,90,4.21149492264,3.75
10,1,91,4.16595458984,4.5
10,1,92,4.14769983292,5.0
10,1,93,4.47276544571,4.0
10,1,94,3.97570443153,5.0
10,1,95,4.21256446838,4.75
10,1,96,4.03648233414,4.5
10,1,97,4.49755048752,3.75
10,1,98,3.75467467308,4.5
10,1,99,4.31168699265,5.25
10,1,100,4.02775287628,4.0
10,1,101,4.28390312195,5.5
10,1,102,4.16907167435,5.0
10,1,103,4.25331163406,3.75
10,1,104,4.19924259186,4.5
10,1,105,3.8811416626,4.0
10,1,106,4.03143310547,2.0
10,1,107,4.08489179611,5.0
10,1,108,3.95517539978,3.75
10,2,3,3.92347240448,6.25
10,2,4,4.04429626465,5.5
10,2,5,4.07837295532,5.25
10,2,6,3.80884122849,5.25
10,2,7,4.46712684631,5.75
10,2,8,4.02745437622,3.25
10,2,9,4.60401201248,5.25
10,2,10,4.04917621613,4.5
10,2,11,3.8534860611,4.25
10,2,12,3.88579154015,5.25
10,2,13,4.22458457947,5.25
10,2,14,3.97062253952,5.75
10,2,15,4.15782165527,4.5
10,2,19,4.36761760712,2.75
10,2,20,4.30384635925,5.5
10,2,21,4.21013116837,5.5
10,2,22,4.05826854706,5.0
10,2,23,4.10745763779,3.5
10,2,24,4.10626220703,4.25
10,2,25,4.36804199219,3.5
10,2,26,4.53032875061,5.0
10,2,27,4.13876533508,4.5
10,2,28,4.2680644989,5.0
10,2,29,4.03058767319,5.75
10,2,30,4.02804899216,3.25
10,2,31,3.92861747742,1.75
10,2,32,3.93728804588,4.75
10,2,33,4.10933828354,5.0
10,2,34,3.99535226822,2.75
10,2,35,3.97078609467,3.75
10,2,36,4.24184703827,5.0
10,2,37,3.98452234268,4.75
10,2,38,4.21743249893,5.25
10,2,39,4.2439160347,4.5
10,2,40,4.56800317764,5.25
10,2,41,4.05789995193,5.5
10,2,42,3.78026986122,5.75
10,2,43,4.40043067932,5.0
10,2,44,4.1952753067,3.5
10,2,45,3.97456383705,4.25
10,2,46,4.05283212662,5.25
10,2,47,4.23019695282,4.0
10,2,50,4.14581346512,5.5
10,2,51,4.04242801666,5.5
10,2,52,3.97923398018,6.75
10,2,53,4.38362216949,5.5
10,2,54,4.19943714142,3.75
10,2,55,4.10020208359,5.25
10,2,56,4.23254680634,5.5
10,2,58,4.12740802765,5.0
10,2,65,4.1239361763,3.0
10,2,66,4.06115865707,4.33333
10,2,67,4.3885512352,4.75
10,2,68,4.01835393906,5.25
10,2,69,3.6691069603,4.66667
10,2,70,4.44598340988,4.0
10,2,71,4.48773336411,6.25
10,2,72,4.56702470779,5.5
10,2,73,4.37750482559,4.75
10,2,74,4.32946062088,4.5
10,2,75,4.36075973511,4.5
10,2,76,4.15393733978,3.5
10,2,77,4.11602306366,5.25
10,2,78,4.28603553772,5.5
10,2,79,4.30337238312,4.5
10,2,80,4.16965198517,5.25
10,2,81,4.32336711884,5.25
10,2,82,4.27774715424,4.25
10,2,83,4.24698829651,4.0
10,2,84,4.03238916397,5.25
10,2,85,4.17754030228,4.5
10,2,86,4.38189601898,5.5
10,2,87,3.83466315269,5.5
10,2,88,4.39485216141,4.0
10,2,89,4.6814789772,4.25
10,2,90,4.10564041138,4.25
10,2,91,4.14949035645,4.75
10,2,92,4.03690862656,3.25
10,2,93,4.45322275162,3.25
10,2,94,4.14662218094,2.0
10,2,95,3.98525571823,4.75
11,1,4,3.95152807236,5.75
11,1,5,4.106798172,4.5
11,1,6,3.84109330177,5.0
11,1,7,3.88425302505,4.25
11,1,8,4.3536696434,4.25
11,1,9,4.34921598434,4.0
11,1,10,4.16570711136,4.66667
11,1,11,4.03557300568,4.5
11,1,12,4.20348644257,5.5
11,1,13,4.12471818924,5.25
11,1,14,3.64155769348,4.25
11,1,15,4.09542417526,3.5
11,1,19,3.97297883034,6.25
11,1,20,3.79309678078,5.5
11,1,21,4.08193922043,4.25
11,1,22,3.80982470512,6.25
11,1,23,2.84683179855,5.75
11,1,24,4.00447273254,3.25
11,1,25,4.21254730225,5.0
11,1,26,4.18112611771,4.0
11,1,27,3.65024232864,4.5
11,1,28,4.07511329651,4.5
11,1,29,4.05987501144,5.5
11,1,30,3.9796628952,4.25
11,1,31,4.28157424927,5.5
11,1,32,3.97194933891,4.25
11,1,33,3.8449754715,5.0
11,1,34,3.85909700394,4.5
11,1,35,3.77765393257,4.5
11,1,36,3.86375546455,5.0
11,1,37,3.72374224663,3.75
11,1,38,4.34335708618,4.5
11,1,39,4.05194139481,5.0
11,1,46,3.50500440598,1.75
11,1,47,3.84847664833,4.0
11,1,48,3.9043302536,2.25
11,1,49,3.92094016075,4.5
11,1,50,3.81623721123,3.0
11,1,51,3.88888502121,4.75
11,1,52,3.78485512733,4.25
11,1,53,3.75314426422,5.25
11,1,54,3.80033516884,2.5
11,1,55,3.8454144001,4.0
11,1,56,3.54629135132,2.25
11,1,57,3.3430352211,2.5
11,1,62,3.36930465698,5.0
11,1,63,3.54061961174,6.25
11,1,64,3.49042224884,5.0
11,1,65,4.08394575119,4.25
11,1,66,3.91222333908,3.25
11,1,67,3.51758313179,6.25
11,1,68,3.081564188,4.25
11,1,69,3.3315513134,4.0
11,1,70,3.89118385315,5.0
11,1,71,3.85220479965,4.75
11,1,72,3.73031902313,4.75
11,1,73,3.90274858475,5.25
11,1,74,3.67709064484,5.0
11,1,75,3.73359465599,3.5
11,1,76,3.25663495064,4.0
11,1,77,3.97724151611,6.0
11,1,78,3.27546429634,5.0
11,1,79,4.286693573,4.5
11,1,80,3.17991876602,6.0
11,1,81,3.92011404037,4.5
11,1,82,3.20575833321,4.5
11,1,83,3.49205565453,3.5
11,1,84,3.58946728706,3.5
11,1,87,3.80221438408,2.75
11,1,88,3.22179889679,3.75
11,1,89,4.23656463623,5.0
11,1,90,3.63851499557,4.25
11,1,91,3.46636962891,5.5
11,1,92,3.45919561386,4.25
11,1,93,3.48656845093,4.25
11,1,94,3.16320681572,5.75
11,1,95,3.54594302177,4.25
11,1,96,4.48187351227,4.75
11,1,97,4.35186338425,3.75
11,1,98,3.55455112457,4.5
11,1,99,3.92133665085,5.0
11,2,3,3.75932073593,4.0
11,2,4,3.97837209702,2.25
11,2,5,3.90593957901,5.5
11,2,6,3.22671031952,0.75
11,2,7,4.32126903534,5.0
11,2,8,3.24651503563,3.5
11,2,9,3.66052985191,4.75
11,2,10,3.37166762352,2.5
11,2,11,3.01284217834,2.25
11,2,12,3.90175104141,3.75
11,2,17,3.38422751427,4.0
11,2,18,3.98843026161,5.25
11,2,19,3.52620124817,4.75
11,2,20,3.65856099129,6.25
11,2,21,4.3831205368,3.75
11,2,22,4.03881549835,5.75
11,2,23,4.03998565674,5.0
11,2,24,4.13797903061,5.0
11,2,25,3