3,1,47,5.22227954865,4.25
3,1,47,5.22227573395,4.25
3,1,10,5.18984508514,2.875
3,1,10,5.18911409378,2.875
3,1,101,5.17285060883,4.375
3,1,101,5.17269182205,4.375
3,1,64,5.21864414215,5.75
3,1,64,5.21873378754,5.75
3,1,45,5.24860525131,4.25
3,1,45,5.24834442139,4.25
3,1,8,5.21717691422,3.5
3,1,8,5.21738862991,3.5
3,1,99,5.00319766998,1.5
3,1,99,5.003074646,1.5
3,1,94,4.90540456772,3.25
3,1,94,4.90570068359,3.25
3,1,43,5.19566822052,4.0
3,1,43,5.19565486908,4.0
3,1,6,5.23105382919,4.5
3,1,6,5.23081827164,4.5
3,1,97,4.98620796204,1.25
3,1,97,4.98577022552,1.25
3,1,92,5.23113775253,3.5
3,1,92,5.23259782791,3.5
3,1,41,4.89543914795,3.25
3,1,41,4.89481401443,3.25
3,1,4,5.27717733383,3.25
3,1,4,5.2767534256,3.25
3,1,90,5.05486297607,3.75
3,1,90,5.05495214462,3.75
3,1,39,5.14986515045,5.75
3,1,39,5.14974069595,5.75
3,1,2,4.7168841362,4.5
3,1,2,4.71706199646,4.5
3,1,88,4.96611118317,4.0
3,1,88,4.96594619751,4.0
3,1,37,5.2493429184,3.125
3,1,37,5.24924898148,3.125
3,1,86,5.16477394104,4.25
3,1,86,5.16504383087,4.25
3,1,35,5.21175336838,4.375
3,1,35,5.21190547943,4.375
3,1,30,4.54304552078,4.5
3,1,30,4.54076099396,4.5
3,1,84,5.13429832458,3.75
3,1,84,5.13527393341,3.75
3,1,33,5.18397045135,3.0
3,1,33,5.18417406082,3.0
3,1,28,5.22928237915,4.75
3,1,28,5.22936725616,4.75
3,1,82,5.15655469894,3.0
3,1,82,5.1585226059,3.0
3,1,63,5.20519542694,4.75
3,1,63,5.20538520813,4.75
3,1,26,5.24169874191,4.0
3,1,26,5.24201250076,4.0
3,1,80,5.07502031326,2.75
3,1,80,5.07414722443,2.75
3,1,61,5.17856693268,5.5
3,1,61,5.17831659317,5.5
3,1,24,5.19013929367,4.5
3,1,24,5.19023227692,4.5
3,1,59,5.19981336594,5.5
3,1,59,5.19930934906,5.5
3,1,22,5.27721309662,4.83333
3,1,22,5.27773094177,4.83333
3,1,57,5.20551872253,4.875
3,1,57,5.20559024811,4.875
3,1,20,4.98778533936,2.5
3,1,20,4.98792171478,2.5
3,1,79,5.09856033325,5.25
3,1,79,5.09829282761,5.25
3,1,55,4.85787916183,3.25
3,1,55,4.8583445549,3.25
3,1,18,5.16780948639,3.75
3,1,18,5.16751241684,3.75
3,1,77,5.1590385437,4.5
3,1,77,5.15929746628,4.5
3,1,16,5.17664766312,4.75
3,1,16,5.1766037941,4.75
3,1,75,5.08285140991,4.0
3,1,75,5.08276700974,4.0
3,1,51,5.13220930099,4.5
3,1,51,5.13202857971,4.5
3,1,73,5.06018781662,3.0
3,1,73,5.06024837494,3.0
3,1,49,5.22846078873,5.0
3,1,49,5.22883462906,5.0
3,1,108,5.13253164291,2.25
3,1,108,5.13285589218,2.25
3,1,71,4.89167499542,2.0
3,1,71,4.89213514328,2.0
3,1,15,5.1707482338,5.0
3,1,15,5.17073822021,5.0
3,1,106,4.71586704254,2.75
3,1,106,4.71623182297,2.75
3,1,104,5.14672613144,3.5
3,1,104,5.1454539299,3.5
3,1,102,5.10128068924,5.25
3,1,102,5.10145425797,5.25
3,1,65,5.12323474884,6.25
3,1,65,5.12381744385,6.25
3,1,46,5.06077194214,5.0
3,1,46,5.06057453156,5.0
3,1,9,5.15808582306,2.75
3,1,9,5.15805625916,2.75
3,1,100,5.16471147537,2.375
3,1,100,5.16482639313,2.375
3,1,95,5.17657709122,3.75
3,1,95,5.17656612396,3.75
3,1,44,4.78843259811,3.0
3,1,44,4.78809547424,3.0
3,1,7,5.27981472015,4.75
3,1,7,5.27971935272,4.75
3,1,98,4.53394651413,1.75
3,1,98,4.53371047974,1.75
3,1,93,5.07849931717,3.25
3,1,93,5.07849311829,3.25
3,1,5,5.25615119934,6.0
3,1,5,5.25581121445,6.0
3,1,96,5.19929599762,3.875
3,1,96,5.199614048,3.875
3,1,91,5.20521450043,4.0
3,1,91,5.205286026,4.0
3,1,40,5.13289690018,5.0
3,1,40,5.13291025162,5.0
3,1,3,5.25261068344,3.0
3,1,3,5.25277328491,3.0
3,1,89,5.11742687225,4.25
3,1,89,5.1177148819,4.25
3,1,38,5.14499998093,4.5
3,1,38,5.14452075958,4.5
3,1,1,4.95973730087,3.875
3,1,1,4.96003961563,3.875
3,1,87,5.1739153862,4.25
3,1,87,5.17365646362,4.25
3,1,36,5.19634008408,3.5
3,1,36,5.19636726379,3.5
3,1,31,5.03744316101,3.66667
3,1,31,5.03760957718,3.66667
3,1,85,5.09514904022,2.0
3,1,85,5.09541368484,2.0
3,1,34,5.27938175201,4.125
3,1,34,5.27941274643,4.125
3,1,29,5.24093198776,1.25
3,1,29,5.24086093903,1.25
3,1,83,5.22453451157,4.5
3,1,83,5.22479104996,4.5
3,1,32,4.73415231705,4.5
3,1,32,4.73401927948,4.5
3,1,27,5.15536689758,5.25
3,1,27,5.15546512604,5.25
3,1,81,5.20727586746,2.75
3,1,81,5.2075548172,2.75
3,1,62,5.21691417694,4.375
3,1,62,5.21694993973,4.375
3,1,25,5.27512598038,5.5
3,1,25,5.27492523193,5.5
3,1,60,5.22176742554,5.5
3,1,60,5.22145652771,5.5
3,1,23,5.13780021667,3.875
3,1,23,5.13712501526,3.875
3,1,58,5.13739442825,4.5
3,1,58,5.13729906082,4.5
3,1,21,5.24892282486,4.5
3,1,21,5.24895095825,4.5
3,1,56,4.74445390701,4.0
3,1,56,4.74450159073,4.0
3,1,19,5.22453403473,4.125
3,1,19,5.22541189194,4.125
3,1,78,5.16332054138,5.25
3,1,78,5.16332149506,5.25
3,1,17,5.23153018951,5.0
3,1,17,5.23149681091,5.0
3,1,76,5.16554689407,4.0
3,1,76,5.16564035416,4.0
3,1,52,5.23578596115,3.5
3,1,52,5.23556756973,3.5
3,1,74,5.17473268509,4.0
3,1,74,5.17487812042,4.0
3,1,50,5.18266296387,4.66667
3,1,50,5.18275260925,4.66667
3,1,48,5.24976158142,2.5
3,1,48,5.25028610229,2.5
3,1,107,4.97150087357,5.25
3,1,107,4.97137403488,5.25
3,1,70,4.99312114716,2.75
3,1,70,4.99205064774,2.75
3,1,14,4.98028802872,3.75
3,1,14,4.98079204559,3.75
3,1,105,4.7318406105,1.25
3,1,105,4.7321639061,1.25
3,1,103,4.68010616302,1.5
3,1,103,4.68052053452,1.5
3,1,66,4.96420669556,3.0
3,1,66,4.96460819244,3.0
3,2,82,4.74031257629,3.25
3,2,82,4.73877286911,3.25
3,2,61,5.27337026596,4.375
3,2,61,5.27287530899,4.375
3,2,80,5.12098741531,4.75
3,2,80,5.12066650391,4.75
3,2,30,2.57996916771,3.625
3,2,30,2.57950115204,3.625
3,2,35,4.49417114258,3.875
3,2,35,4.4936914444,3.875
3,2,86,4.59359788895,2.75
3,2,86,4.59491968155,2.75
3,2,28,4.27833843231,4.0
3,2,28,4.27878379822,4.0
3,2,33,5.11724376678,5.0
3,2,33,5.11709690094,5.0
3,2,84,4.53147268295,4.0
3,2,84,4.53075456619,4.0
3,2,2,4.80984210968,1.875
3,2,2,4.80943441391,1.875
3,2,39,5.09785652161,4.25
3,2,39,5.09796047211,4.25
3,2,90,4.99853420258,4.25
3,2,90,4.99896001816,4.25
3,2,37,5.03061532974,2.25
3,2,37,5.03036880493,2.25
3,2,88,5.14710283279,4.0
3,2,88,5.14635324478,4.0
3,2,6,5.03561830521,5.25
3,2,6,5.03579950333,5.25
3,2,43,3.98366737366,4.0
3,2,43,3.98339700699,4.0
3,2,94,5.09865188599,3.75
3,2,94,5.09856796265,3.75
3,2,99,5.08129549026,2.625
3,2,99,5.08169841766,2.625
3,2,41,5.14699459076,3.5
3,2,41,5.14643859863,3.5
3,2,92,4.86802053452,3.25
3,2,92,4.8688044548,3.25
3,2,97,5.08372545242,5.0
3,2,97,5.08353710175,5.0
3,2,10,4.98594427109,4.0
3,2,10,4.98597145081,4.0
3,2,47,5.01005792618,3.875
3,2,47,5.00985383987,3.875
3,2,66,5.06272649765,3.75
3,2,66,5.06260347366,3.75
3,2,103,5.15853500366,4.0
3,2,103,5.15879058838,4.0
3,2,8,5.01630687714,6.0
3,2,8,5.01555728912,6.0
3,2,45,4.95193815231,3.25
3,2,45,4.95203447342,3.25
3,2,64,4.87810325623,2.375
3,2,64,4.87735462189,2.375
3,2,101,5.08698129654,3.125
3,2,101,5.08696317673,3.125
3,2,14,4.95525979996,3.75
3,2,14,4.95559835434,3.75
3,2,70,4.98322582245,3.66667
3,2,70,4.98380422592,3.66667
3,2,107,4.21667909622,4.625
3,2,107,4.21765136719,4.625
3,2,12,5.20049190521,5.25
3,2,12,5.20000314713,5.25
3,2,68,5.02125024796,5.5
3,2,68,5.0177693367,5.5
3,2,105,5.09837055206,3.5
3,2,105,5.09707069397,3.5
3,2,50,5.19597482681,3.75
3,2,50,5.1961145401,3.75
3,2,74,5.21785068512,3.25
3,2,74,5.21797370911,3.25
3,2,111,5.13609695435,3.5
3,2,111,5.13587760925,3.5
3,2,48,4.33475732803,4.25
3,2,48,4.3349070549,4.25
3,2,109,4.82408046722,1.95833
3,2,109,4.8245511055,1.95833
3,2,78,5.27743005753,2.75
3,2,78,5.27738952637,2.75
3,2,52,5.0780673027,1.5
3,2,52,5.07752799988,1.5
3,2,56,5.10705137253,4.25
3,2,56,5.10705900192,4.25
3,2,112,4.01002836227,4.0
3,2,112,4.01036405563,4.0
3,2,62,5.27903366089,5.25
3,2,62,5.27909564972,5.25
3,2,27,5.12862014771,4.0
3,2,27,5.12872457504,4.0
3,2,60,4.8536362648,3.75
3,2,60,4.85492992401,3.75
3,2,83,5.11694335938,4.25
3,2,83,5.11711215973,4.25
3,2,34,4.82734489441,3.5
3,2,34,4.82660198212,3.5
3,2,81,5.1017742157,4.375
3,2,81,5.10197496414,4.375
3,2,31,5.05436515808,3.25
3,2,31,5.0542883873,3.25
3,2,32,5.16282224655,3.25
3,2,32,5.16310691833,3.25
3,2,87,4.57730436325,3.75
3,2,87,4.57769966125,3.75
3,2,29,3.738499403,4.0
3,2,29,3.7393887043,4.0
3,2,38,5.28009223938,3.25
3,2,38,5.28009319305,3.25
3,2,85,4.77379417419,3.25
3,2,85,4.77341175079,3.25
3,2,36,5.05416154861,2.75
3,2,36,5.05417442322,2.75
3,2,91,5.22560119629,4.5
3,2,91,5.22547197342,4.5
3,2,42,3.24190163612,2.5
3,2,42,3.24041008949,2.5
3,2,89,5.19034481049,3.25
3,2,89,5.19041967392,3.25
3,2,98,5.21506118774,4.5
3,2,98,5.19975233078,4.5
3,2,7,4.85259485245,6.0
3,2,7,4.85339450836,6.0
3,2,40,5.13930177689,2.75
3,2,40,5.13935995102,2.75
3,2,95,4.58021974564,1.5
3,2,95,4.57928133011,1.5
3,2,96,4.87049722672,3.125
3,2,96,4.8715133667,3.125
3,2,5,4.94909238815,3.25
3,2,5,4.94885492325,3.25
3,2,46,4.60945367813,4.5
3,2,46,4.60964393616,4.5
3,2,93,5.15179920197,5.0
3,2,93,5.15056562424,5.0
3,2,102,5.15924930573,2.0
3,2,102,5.16063070297,2.0
3,2,11,5.04225492477,4.125
3,2,11,5.04208517075,4.125
3,2,44,4.04460287094,5.0
3,2,44,4.04424715042,5.0
3,2,67,5.21973514557,5.25
3,2,67,5.21978807449,5.25
3,2,100,5.00110864639,1.25
3,2,100,5.00160121918,1.25
3,2,9,5.11110305786,4.5
3,2,9,5.11141729355,4.5
3,2,65,4.79914474487,3.0
3,2,65,4.79973697662,3.0
3,2,106,5.0812959671,3.875
3,2,106,5.08109140396,3.875
3,2,71,5.03066635132,2.375
3,2,71,5.03087282181,2.375
3,2,104,3.17600917816,3.5
3,2,104,3.17942380905,3.5
3,2,13,5.21644020081,5.0
3,2,13,5.21578836441,5.0
3,2,69,4.20879077911,1.25
3,2,69,4.21005153656,1.25
3,2,110,5.06664657593,4.25
3,2,110,5.06671571732,4.25
3,2,51,5.24827718735,4.0
3,2,51,5.24832010269,4.0
3,2,108,4.97832965851,4.0
3,2,108,4.97821187973,4.0
3,2,49,4.96758127213,2.75
3,2,49,4.96787643433,2.75
3,2,73,5.13392162323,3.75
3,2,73,5.13431310654,3.75
3,2,55,5.18941020966,3.33333
3,2,55,5.18956613541,3.33333
3,2,79,4.97835159302,3.75
3,2,79,4.97811794281,3.75
3,2,53,5.18045425415,4.5
3,2,53,5.1801571846,4.5
3,2,77,5.19947862625,2.25
3,2,77,5.19896411896,2.25
3,2,59,4.95833206177,2.25
3,2,59,4.95796775818,2.25
3,2,113,5.05143785477,3.0
3,2,113,5.05103588104,3.0
3,2,26,4.49183797836,2.5
3,2,26,4.4930973053,2.5
3,2,63,3.96708607674,1.25
3,2,63,3.9653570652,1.25
4,1,29,3.74661970139,3.0
4,1,29,3.74268722534,3.0
4,1,58,4.56554079056,2.25
4,1,58,4.56683635712,2.25
4,1,85,4.1140871048,2.5
4,1,85,4.11566209793,2.5
4,1,114,3.92217993736,1.5
4,1,114,3.92151856422,1.5
4,1,31,4.25392770767,2.25
4,1,31,4.25353813171,2.25
4,1,36,1.74276793003,0.875
4,1,36,1.74507141113,0.875
4,1,87,3.77908706665,3.25
4,1,87,3.77863097191,3.25
4,1,25,2.03175640106,1.5
4,1,25,2.0305993557,1.5
4,1,38,4.34763860703,2.5
4,1,38,4.34844303131,2.5
4,1,81,3.79819822311,3.0
4,1,81,3.79769468307,3.0
4,1,27,1.55107319355,2.75
4,1,27,1.55262815952,2.75
4,1,32,2.71792292595,1.5
4,1,32,2.71854519844,1.5
4,1,83,3.35452795029,3.25
4,1,83,3.35140132904,3.25
4,1,5,2.1940267086,1.0
4,1,5,2.20058894157,1.0
4,1,34,2.55909180641,1.5
4,1,34,2.56006574631,1.5
4,1,93,4.47634744644,3.0
4,1,93,4.47646713257,3.0
4,1,7,1.27894449234,1.75
4,1,7,1.27747583389,1.75
4,1,95,3.57950115204,3.5
4,1,95,3.57997751236,3.5
4,1,100,4.05512857437,0.75
4,1,100,4.05378723145,0.75
4,1,46,4.91300487518,3.75
4,1,46,4.91305589676,3.75
4,1,89,3.70039725304,1.75
4,1,89,3.70130109787,1.75
4,1,102,3.34535908699,1.5
4,1,102,3.3480117321,1.5
4,1,3,2.65690612793,3.5
4,1,3,2.65271472931,3.5
4,1,40,4.4004740715,4.0
4,1,40,4.40170431137,4.0
4,1,91,3.74761271477,2.25
4,1,91,3.74763631821,2.25
4,1,96,4.37538766861,2.75
4,1,96,4.37613964081,2.75
4,1,13,2.59979200363,1.5
4,1,13,2.60334825516,1.5
4,1,42,4.11207771301,1.75
4,1,42,4.11376094818,1.75
4,1,69,5.17850399017,5.5
4,1,69,5.1783118248,5.5
4,1,98,4.41813755035,3.25
4,1,98,4.41863822937,3.25
4,1,15,2.53866219521,0.75
4,1,15,2.5374712944,0.75
4,1,71,5.17804670334,2.125
4,1,71,5.17802429199,2.125
4,1,108,4.54848432541,3.25
4,1,108,4.54786586761,3.25
4,1,9,1.0491849184,1.0
4,1,9,1.05665040016,1.0
4,1,65,4.77376699448,4.75
4,1,65,4.77325248718,4.75
4,1,110,4.02566289902,4.0
4,1,110,4.02360868454,4.0
4,1,11,3.04087853432,1.0
4,1,11,3.04292368889,1.0
4,1,67,3.65990257263,1.75
4,1,67,3.6572508812,1.75
4,1,104,3.97749900818,1.25
4,1,104,3.98007273674,1.25
4,1,53,4.86127853394,2.5
4,1,53,4.86132049561,2.5
4,1,77,4.47354316711,2.625
4,1,77,4.47112894058,2.625
4,1,106,3.74695611,2.125
4,1,106,3.74508023262,2.125
4,1,55,4.88640260696,2.5
4,1,55,4.88666582108,2.5
4,1,79,5.06343078613,6.75
4,1,79,5.06323003769,6.75
4,1,49,4.85908412933,4.25
4,1,49,4.85940790176,4.25
4,1,73,5.09213972092,4.25
4,1,73,5.09254550934,4.25
4,1,22,2.61265230179,1.25
4,1,22,2.6170232296,1.25
4,1,51,4.78511190414,2.75
4,1,51,4.78573703766,2.75
4,1,75,4.88364696503,4.75
4,1,75,4.88323450089,4.75
4,1,16,1.53974640369,1.0
4,1,16,1.53506493568,1.0
4,1,117,4.22573184967,1.25
4,1,117,4.22583627701,1.25
4,1,63,0.995183050632,1.0
4,1,63,0.985371291637,1.0
4,1,28,3.7396709919,2.625
4,1,28,3.74116826057,2.625
4,1,57,4.75654554367,2.75
4,1,57,4.75635290146,2.75
4,1,84,3.41069531441,2.5
4,1,84,3.41106820107,2.5
4,1,113,3.78872585297,3.25
4,1,113,3.78696036339,3.25
4,1,30,3.2121694088,1.125
4,1,30,3.21244001389,1.125
4,1,59,4.64992189407,1.875
4,1,59,4.65026187897,1.875
4,1,86,3.08492040634,1.66667
4,1,86,3.0851047039,1.66667
4,1,115,4.13668441772,3.5
4,1,115,4.1417965889,3.5
4,1,24,3.39484930038,2.0
4,1,24,3.39615273476,2.0
4,1,37,4.07880496979,2.25
4,1,37,4.07765579224,2.25
4,1,80,3.78708863258,3.5
4,1,80,3.78591561317,3.5
4,1,26,4.71080970764,4.375
4,1,26,4.71005678177,4.375
4,1,39,4.0590057373,2.5
4,1,39,4.05916452408,2.5
4,1,82,4.0296125412,6.5
4,1,82,4.02649497986,6.5
4,1,4,1.37676608562,1.5
4,1,4,1.36635696888,1.5
4,1,33,1.89158952236,1.5
4,1,33,1.89319956303,1.5
4,1,92,3.60891222954,2.0
4,1,92,3.60928058624,2.0
4,1,6,2.31586384773,1.5
4,1,6,2.3139154911,1.5
4,1,35,2.38111972809,1.75
4,1,35,2.38192176819,1.75
4,1,94,3.0909268856,1.5
4,1,94,3.09219074249,1.5
4,1,45,4.38683366776,2.125
4,1,45,4.38693332672,2.125
4,1,88,3.57873558998,1.5
4,1,88,3.57955217361,1.5
4,1,101,3.12012600899,3.875
4,1,101,3.1177816391,3.875
4,1,47,4.41631793976,2.125
4,1,47,4.41126441956,2.125
4,1,90,4.42816400528,1.375
4,1,90,4.42777442932,1.375
4,1,103,4.32701635361,1.0
4,1,103,4.326836586,1.0
4,1,12,2.02439785004,2.5
4,1,12,2.03086519241,2.5
4,1,41,4.94649553299,2.5
4,1,41,4.94685316086,2.5
4,1,68,4.88599348068,5.5
4,1,68,4.88579940796,5.5
4,1,97,3.4924519062,1.625
4,1,97,3.49321055412,1.625
4,1,70,4.54084253311,5.25
4,1,70,4.5410027504,5.25
4,1,99,4.45503664017,2.375
4,1,99,4.45539712906,2.375
4,1,8,1.93753874302,0.75
4,1,8,1.93986785412,0.75
4,1,64,4.75495862961,3.5
4,1,64,4.75439739227,3.5
4,1,109,4.30235290527,2.75
4,1,109,4.30032920837,2.75
4,1,10,1.73898684978,3.0
4,1,10,1.7417383194,3.0
4,1,66,1.80266475677,1.0
4,1,66,1.80530691147,1.0
4,1,111,4.23046445847,3.5
4,1,111,4.23012828827,3.5
4,1,52,5.02536725998,3.25
4,1,52,5.02487325668,3.25
4,1,105,4.60058736801,3.625
4,1,105,4.59651660919,3.625
4,1,54,4.84377717972,3.375
4,1,54,4.84344244003,3.375
4,1,78,3.50161123276,3.25
4,1,78,3.50058603287,3.25
4,1,48,4.59274816513,1.5
4,1,48,4.59291505814,1.5
4,1,72,3.54934477806,2.375
4,1,72,3.54924607277,2.375
4,1,50,4.71613502502,2.0
4,1,50,4.71628046036,2.0
4,1,74,4.30077648163,3.5
4,1,74,4.30288267136,3.5
4,1,23,1.74062097073,1.0
4,1,23,1.74509143829,1.0
4,1,116,4.7516784668,1.75
4,1,116,4.75311946869,1.75
4,1,118,3.8092520237,4.5
4,1,118,3.80833601952,4.5
4,1,56,4.8087644577,2.0
4,1,56,4.80868148804,2.0
4,1,112,3.92644882202,1.0
4,1,112,3.92829298973,1.0
7,1,40,5.30860996246,5.5
7,1,40,5.23991155624,5.5
7,1,3,5.04519557953,4.75
7,1,3,5.10007762909,4.75
7,1,102,4.87896823883,4.25
7,1,102,4.80179786682,4.25
7,1,46,5.20231103897,4.0
7,1,46,5.17920684814,4.0
7,1,1,4.89930152893,3.5
7,1,1,4.99968004227,3.5
7,1,44,5.1130361557,6.25
7,1,44,5.09632396698,6.25
7,1,7,5.15052127838,2.25
7,1,7,5.02353620529,2.25
7,1,90,5.03568124771,4.0
7,1,90,4.98112297058,4.0
7,1,34,5.2138171196,5.5
7,1,34,5.12582445145,5.5
7,1,5,5.02089071274,4.75
7,1,5,5.02588415146,4.75
7,1,88,5.10346508026,6.5
7,1,88,5.02113294601,6.5
7,1,32,5.23016214371,3.75
7,1,32,5.25605154037,3.75
7,1,94,5.16406917572,3.0
7,1,94,5.11577033997,3.0
7,1,38,5.09075117111,3.5
7,1,38,5.08786916733,3.5
7,1,92,4.97276210785,5.75
7,1,92,4.74720430374,5.75
7,1,36,4.99287128448,4.25
7,1,36,4.84178686142,4.25
7,1,82,5.13241052628,5.25
7,1,82,5.02688121796,5.25
7,1,26,5.15953588486,3.0
7,1,26,5.2068400383,3.0
7,1,80,5.0672416687,2.0
7,1,80,5.03830385208,2.0
7,1,24,5.14469194412,5.0
7,1,24,5.15574502945,5.0
7,1,86,5.23532867432,3.25
7,1,86,5.10674142838,3.25
7,1,59,5.03741407394,5.25
7,1,59,4.97149753571,5.25
7,1,30,5.04728841782,3.0
7,1,30,4.9672627449,3.0
7,1,84,4.86287498474,4.75
7,1,84,4.86680173874,4.75
7,1,57,5.21031570435,4.25
7,1,57,5.21256113052,4.25
7,1,28,5.18165302277,5.25
7,1,28,5.15306377411,5.25
7,1,74,5.15467882156,4.25
7,1,74,5.07669210434,4.25
7,1,63,4.98070812225,5.5
7,1,63,4.90067100525,5.5
7,1,18,5.21469163895,6.0
7,1,18,5.25437116623,6.0
7,1,72,5.15793561935,2.0
7,1,72,5.13293600082,2.0
7,1,61,5.13201141357,5.0
7,1,61,5.11057043076,5.0
7,1,107,4.82327508926,4.0
7,1,107,4.86002111435,4.0
7,1,78,4.28779697418,4.0
7,1,78,4.04249477386,4.0
7,1,51,5.13152217865,3.5
7,1,51,5.08680534363,3.5
7,1,22,5.04399013519,3.75
7,1,22,5.04333257675,3.75
7,1,105,5.17299509048,4.75
7,1,105,5.12381839752,4.75
7,1,76,5.23138332367,2.75
7,1,76,5.2161655426,2.75
7,1,49,5.15857744217,4.5
7,1,49,5.07148504257,4.5
7,1,20,5.20823955536,5.25
7,1,20,5.14089488983,5.25
7,1,66,4.6285815239,4.25
7,1,66,4.61791038513,4.25
7,1,55,5.00328207016,2.5
7,1,55,4.83798933029,2.5
7,1,10,4.99103164673,2.75
7,1,10,5.04935598373,2.75
7,1,109,4.78766822815,6.25
7,1,109,4.78015041351,6.25
7,1,64,4.80608463287,5.0
7,1,64,4.62141084671,5.0
7,1,53,5.25026655197,5.5
7,1,53,5.19031858444,5.5
7,1,8,5.19860601425,4.5
7,1,8,5.18629693985,4.5
7,1,70,5.07506465912,5.5
7,1,70,5.00699138641,5.5
7,1,43,5.16949415207,3.5
7,1,43,5.18423080444,3.5
7,1,14,2.49255514145,1.75
7,1,14,3.22990083694,1.75
7,1,97,4.67840957642,5.5
7,1,97,4.60406970978,5.5
7,1,68,4.6610584259,4.25
7,1,68,4.70363378525,4.25
7,1,41,5.15714693069,4.75
7,1,41,5.0916929245,4.75
7,1,12,3.54237556458,5.0
7,1,12,3.71792054176,5.0
7,1,103,4.96104621887,3.25
7,1,103,4.85601472855,3.25
7,1,47,5.32606363297,4.5
7,1,47,5.26570749283,4.5
7,1,2,5.16371059418,5.5
7,1,2,5.17232894897,5.5
7,1,101,4.94142055511,4.0
7,1,101,4.92024564743,4.0
7,1,45,5.18346214294,4.5
7,1,45,5.10917568207,4.5
7,1,35,5.10487174988,6.0
7,1,35,5.08567428589,6.0
7,1,89,4.88502788544,5.25
7,1,89,4.91510725021,5.25
7,1,33,5.13020992279,4.75
7,1,33,5.09974813461,4.75
7,1,4,5.13241100311,3.25
7,1,4,5.20213747025,3.25
7,1,95,5.10658407211,4.75
7,1,95,5.15514135361,4.75
7,1,39,5.19162940979,5.5
7,1,39,5.17219686508,5.5
7,1,93,5.12638998032,4.25
7,1,93,5.13486862183,4.25
7,1,37,5.16495513916,4.25
7,1,37,5.15844345093,4.25
7,1,83,5.12460374832,4.75
7,1,83,5.13874578476,4.75
7,1,27,5.19164848328,4.25
7,1,27,5.11824560165,4.25
7,1,81,5.08698940277,4.0
7,1,81,5.08181428909,4.0
7,1,25,5.14625597,4.5
7,1,25,5.05655193329,4.5
7,1,31,5.08995628357,4.5
7,1,31,4.91393184662,4.5
7,1,58,4.99906635284,6.0
7,1,58,4.9877538681,6.0
7,1,29,5.21187543869,4.25
7,1,29,5.17132997513,4.25
7,1,75,5.15907764435,4.75
7,1,75,5.08860445023,4.75
7,1,19,5.18356657028,4.75
7,1,19,5.12915611267,4.75
7,1,73,5.07519865036,1.0
7,1,73,4.96636915207,1.0
7,1,62,5.07460021973,4.5
7,1,62,5.11527013779,4.5
7,1,79,4.95834255219,3.0
7,1,79,4.95865488052,3.0
7,1,60,5.01116418839,3.25
7,1,60,4.95712757111,3.25
7,1,23,5.11916351318,4.0
7,1,23,5.02308225632,4.0
7,1,106,5.28329896927,4.75
7,1,106,5.08068656921,4.75
7,1,50,5.16654443741,5.0
7,1,50,5.16394090652,5.0
7,1,104,4.96270799637,4.75
7,1,104,4.96519374847,4.75
7,1,67,4.46069812775,4.75
7,1,67,4.2044839859,4.75
7,1,48,5.13878250122,1.5
7,1,48,5.06230354309,1.5
7,1,11,4.59954500198,1.75
7,1,11,4.6694726944,1.75
7,1,65,4.04223060608,5.25
7,1,65,3.84657907486,5.25
7,1,54,5.17334842682,5.5
7,1,54,5.07179737091,5.5
7,1,9,5.02838563919,2.0
7,1,9,5.04328584671,2.0
7,1,108,5.04073762894,2.75
7,1,108,4.97084951401,2.75
7,1,71,5.07735300064,4.75
7,1,71,4.83079719543,4.75
7,1,52,5.21261072159,0.75
7,1,52,5.1643075943,0.75
7,1,98,5.03349590302,3.25
7,1,98,4.92390918732,3.25
7,1,69,4.97868299484,5.5
7,1,69,4.98259115219,5.5
7,1,42,5.08483219147,3.0
7,1,42,5.13956975937,3.0
7,1,13,4.2054977417,3.0
7,1,13,4.41874837875,3.0
7,1,96,5.00457382202,5.5
7,1,96,5.00996446609,5.5
7,2,77,5.03913068771,4.25
7,2,77,4.99229240417,4.25
7,2,102,5.14923620224,5.25
7,2,102,5.13957881927,5.25
7,2,3,5.0896229744,5.75
7,2,3,5.13292169571,5.75
7,2,75,5.0856962204,3.5
7,2,75,5.03566122055,3.5
7,2,100,4.65411186218,1.75
7,2,100,4.69680213928,1.75
7,2,1,4.74918651581,4.25
7,2,1,4.74686717987,4.25
7,2,73,4.86974048615,3.25
7,2,73,4.91772079468,3.25
7,2,98,5.0985212326,3.75
7,2,98,5.07770395279,3.75
7,2,63,5.12306976318,5.25
7,2,63,5.09705924988,5.25
7,2,71,4.99304914474,4.0
7,2,71,4.94702243805,4.0
7,2,96,5.21388292313,3.5
7,2,96,5.1328792572,3.5
7,2,61,5.01456356049,5.5
7,2,61,4.91335964203,5.5
7,2,69,5.12016868591,4.25
7,2,69,5.04767179489,4.25
7,2,30,5.0532450676,3.0
7,2,30,5.07996368408,3.0
7,2,28,5.24808597565,5.75
7,2,28,5.22089338303,5.75
7,2,57,4.94126653671,1.5
7,2,57,4.95049476624,1.5
7,2,65,4.92721891403,5.0
7,2,65,4.90527582169,5.0
7,2,26,5.25610208511,4.25
7,2,26,5.16458272934,4.25
7,2,55,5.01402854919,4.0
7,2,55,4.92776203156,4.0
7,2,24,5.04979753494,3.75
7,2,24,5.1228723526,3.75
7,2,53,5.09591627121,5.0
7,2,53,5.17539978027,5.0
7,2,22,5.16318893433,3.0
7,2,22,5.07043361664,3.0
7,2,51,5.01718759537,4.75
7,2,51,5.06757545471,4.75
7,2,94,5.05616426468,3.25
7,2,94,5.18261623383,3.25
7,2,20,5.19808244705,5.5
7,2,20,5.18066167831,5.5
7,2,49,5.16418266296,4.0
7,2,49,5.20761632919,4.0
7,2,92,5.13628339767,4.66667
7,2,92,5.08627080917,4.66667
7,2,18,5.07208490372,3.5
7,2,18,5.06532096863,3.5
7,2,47,5.19334602356,4.0
7,2,47,5.13993930817,4.0
7,2,90,5.12387752533,4.0
7,2,90,5.13753509521,4.0
7,2,16,5.18328619003,5.0
7,2,16,5.12533760071,5.0
7,2,45,5.08811426163,2.5
7,2,45,5.04128360748,2.5
7,2,88,5.22139167786,5.0
7,2,88,5.07811975479,5.0
7,2,14,5.22454357147,5.5
7,2,14,5.135160923,5.5
7,2,43,5.06177186966,2.75
7,2,43,4.98541021347,2.75
7,2,86,5.02466964722,2.5
7,2,86,5.08697843552,2.5
7,2,12,5.08812379837,4.25
7,2,12,5.13264465332,4.25
7,2,84,5.13860416412,3.75
7,2,84,5.12071037292,3.75
7,2,10,4.90135192871,4.0
7,2,10,4.97222232819,4.0
7,2,39,5.0404343605,4.0
7,2,39,5.03896665573,4.0
7,2,82,5.05396032333,3.25
7,2,82,5.06633853912,3.25
7,2,8,5.07298469543,4.0
7,2,8,4.89659881592,4.0
7,2,37,5.03509521484,3.5
7,2,37,4.85431957245,3.5
7,2,80,5.18100547791,4.0
7,2,80,5.22305822372,4.0
7,2,109,4.94963502884,5.25
7,2,109,4.90424776077,5.25
7,2,6,5.24510812759,4.0
7,2,6,5.25850200653,4.0
7,2,35,4.87435388565,3.5
7,2,35,4.76463031769,3.5
7,2,78,4.83581542969,5.0
7,2,78,4.86396837234,5.0
7,2,107,5.26460599899,4.5
7,2,107,5.19139575958,4.5
7,2,4,5.04146385193,3.0
7,2,4,4.86676883698,3.0
7,2,33,4.97464561462,1.5
7,2,33,4.84867620468,1.5
7,2,76,5.20334911346,4.5
7,2,76,5.22940731049,4.5
7,2,105,5.22078561783,3.0
7,2,105,5.2235159874,3.0
7,2,2,4.81442785263,2.75
7,2,2,4.90474748611,2.75
7,2,74,5.01359987259,2.5
7,2,74,4.9448633194,2.5
7,2,103,5.24332284927,4.25
7,2,103,5.16633272171,4.25
7,2,72,5.25870037079,4.25
7,2,72,5.20486831665,4.25
7,2,70,5.08109951019,3.25
7,2,70,4.92394733429,3.25
7,2,99,5.0885219574,4.25
7,2,99,5.12544107437,4.25
7,2,60,4.81334018707,4.0
7,2,60,4.81973600388,4.0
7,2,68,5.00416231155,6.5
7,2,68,4.9821434021,6.5
7,2,97,4.98620653152,3.0
7,2,97,5.10043811798,3.0
7,2,58,4.83245325089,4.0
7,2,58,4.78383207321,4.0
7,2,66,5.1020488739,5.5
7,2,66,5.04816246033,5.5
7,2,31,5.11283349991,3.75
7,2,31,5.17219018936,3.75
7,2,56,4.86870193481,4.75
7,2,56,4.83691358566,4.75
7,2,64,4.42109870911,3.25
7,2,64,4.60609483719,3.25
7,2,29,5.07310628891,1.75
7,2,29,5.10240411758,1.75
7,2,27,5.14016294479,4.25
7,2,27,5.24374008179,4.25
7,2,52,4.98773956299,3.25
7,2,52,4.94419813156,3.25
7,2,25,5.21942281723,4.75
7,2,25,5.12361192703,4.75
7,2,50,5.22747421265,4.25
7,2,50,5.1116733551,4.25
7,2,23,5.03840923309,1.75
7,2,23,4.87598705292,1.75
7,2,48,5.14943695068,3.75
7,2,48,5.11754322052,3.75
7,2,95,4.88846158981,2.5
7,2,95,4.89732694626,2.5
7,2,21,5.0873041153,1.5
7,2,21,5.11888074875,1.5
7,2,46,5.00845193863,4.75
7,2,46,4.90868091583,4.75
7,2,93,5.11960697174,4.75
7,2,93,5.08912611008,4.75
7,2,19,5.00099945068,4.5
7,2,19,5.07168912888,4.5
7,2,44,4.99499702454,4.5
7,2,44,5.02556324005,4.5
7,2,91,5.19411277771,3.75
7,2,91,5.03690338135,3.75
7,2,17,4.94290065765,6.0
7,2,17,5.04619407654,6.0
7,2,42,5.23436737061,3.0
7,2,42,5.11376571655,3.0
7,2,89,4.99909591675,3.0
7,2,89,5.06080198288,3.0
7,2,40,5.18111610413,5.25
7,2,40,5.17573881149,5.25
7,2,87,5.24983072281,4.5
7,2,87,5.20929050446,4.5
7,2,13,4.8724360466,4.75
7,2,13,4.89846611023,4.75
7,2,38,5.18842935562,5.25
7,2,38,5.01388931274,5.25
7,2,85,5.19738054276,2.5
7,2,85,5.11387205124,2.5
7,2,110,4.71470689774,4.75
7,2,110,4.4663271904,4.75
7,2,11,4.62877321243,2.75
7,2,11,4.56026744843,2.75
7,2,36,5.08040142059,2.5
7,2,36,5.08860826492,2.5
7,2,83,5.23778057098,5.0
7,2,83,5.1790189743,5.0
7,2,108,5.0174741745,5.5
7,2,108,5.0087647438,5.5
7,2,9,5.15931367874,4.0
7,2,9,5.06738805771,4.0
7,2,34,4.98911714554,4.25
7,2,34,4.86562252045,4.25
7,2,106,5.09502267838,6.25
7,2,106,5.06371355057,6.25
7,2,7,5.23752737045,5.0
7,2,7,5.08770847321,5.0
7,2,32,5.13776016235,4.5
7,2,32,5.10941553116,4.5
7,2,104,5.00830841064,3.5
7,2,104,4.98030424118,3.5
7,2,5,5.00620269775,3.25
7,2,5,4.81566524506,3.25
8,1,34,4.07952070236,2.5
8,1,34,4.40340232849,2.5
8,1,7,4.65113306046,1.0
8,1,7,4.30328035355,1.0
8,1,94,2.98187041283,1.75
8,1,94,3.79526305199,1.75
8,1,21,2.11086201668,1.75
8,1,21,3.48902845383,1.75
8,1,35,4.92391967773,3.0
8,1,35,4.83220291138,3.0
8,1,49,4.37500858307,2.25
8,1,49,4.2958407402,2.25
8,1,8,3.42253351212,1.0
8,1,8,3.7118730545,1.0
8,1,95,3.75469613075,2.25
8,1,95,3.94107437134,2.25
8,1,22,4.7722864151,3.5
8,1,22,4.86066532135,3.5
8,1,36,4.27126312256,3.75
8,1,36,4.01074886322,3.75
8,1,50,2.98283696175,1.0
8,1,50,3.02215695381,1.0
8,1,9,4.84576749802,2.0
8,1,9,4.80347824097,2.0
8,1,64,2.75942397118,1.25
8,1,64,3.3704893589,1.25
8,1,23,5.0816860199,3.25
8,1,23,5.08922052383,3.25
8,1,37,4.33709955215,1.75
8,1,37,4.51659202576,1.75
8,1,51,3.07379746437,1.0
8,1,51,3.31102371216,1.0
8,1,10,4.37648010254,1.75
8,1,10,4.05311155319,1.75
8,1,65,3.69165754318,2.0
8,1,65,3.34000444412,2.0
8,1,24,4.69419956207,3.75
8,1,24,4.85505485535,3.75
8,1,38,4.92996311188,2.25
8,1,38,4.79982328415,2.25
8,1,52,3.21564149857,1.25
8,1,52,3.41412067413,1.25
8,1,11,3.73689365387,2.0
8,1,11,3.56825709343,2.0
8,1,66,3.77557444572,2.25
8,1,66,3.53687882423,2.25
8,1,25,3.89307522774,2.5
8,1,25,4.3590555191,2.5
8,1,80,3.35626482964,1.75
8,1,80,3.508934021,1.75
8,1,39,4.80661249161,3.0
8,1,39,4.87072992325,3.0
8,1,53,4.06422472,2.25
8,1,53,4.19383001328,2.25
8,1,12,4.28149461746,1.0
8,1,12,4.1608376503,1.0
8,1,67,3.94420266151,2.25
8,1,67,3.97203278542,2.25
8,1,26,3.80493474007,2.75
8,1,26,3.75930690765,2.75
8,1,81,3.56683158875,2.25
8,1,81,3.47256588936,2.25
8,1,40,4.32141971588,1.75
8,1,40,4.25070714951,1.75
8,1,54,4.12609004974,3.0
8,1,54,4.10035133362,3.0
8,1,68,3.33875393867,1.5
8,1,68,2.96495103836,1.5
8,1,27,3.06897735596,2.0
8,1,27,3.04939007759,2.0
8,1,82,2.61108160019,1.75
8,1,82,2.59119224548,1.75
8,1,41,4.68367052078,1.5
8,1,41,4.81476163864,1.5
8,1,96,3.89500594139,2.5
8,1,96,4.03621768951,2.5
8,1,69,3.83708691597,2.5
8,1,69,3.52744722366,2.5
8,1,28,3.39142632484,1.0
8,1,28,4.04769802094,1.0
8,1,42,3.99076652527,3.5
8,1,42,4.26469039917,3.5
8,1,97,4.63791894913,2.25
8,1,97,4.74365472794,2.25
8,1,29,4.77740621567,3.25
8,1,29,4.67047071457,3.25
8,1,43,3.22064805031,1.75
8,1,43,3.62724256516,1.75
8,1,98,4.70702028275,0.75
8,1,98,4.50989961624,0.75
8,1,30,4.9723482132,2.5
8,1,30,4.9140162468,2.5
8,1,85,3.98057126999,2.0
8,1,85,3.97756409645,2.0
8,1,44,4.39682197571,3.25
8,1,44,4.60589742661,3.25
8,1,58,4.51819610596,1.0
8,1,58,4.58429193497,1.0
8,1,31,4.88026762009,1.25
8,1,31,4.89599323273,1.25
8,1,86,4.30986166,1.25
8,1,86,4.63913631439,1.25
8,1,59,4.11903047562,1.5
8,1,59,4.47647953033,1.5
8,1,73,4.45991611481,2.75
8,1,73,4.70626211166,2.75
8,1,87,2.99872970581,1.0
8,1,87,2.69549155235,1.0
8,1,60,3.80406546593,2.5
8,1,60,3.66447710991,2.5
8,1,74,4.44457578659,2.5
8,1,74,4.75606870651,2.5
8,1,88,3.33941316605,2.25
8,1,88,3.99044299126,2.25
8,1,61,2.34902977943,2.75
8,1,61,3.37005066872,2.75
8,1,75,4.0323638916,3.0
8,1,75,4.58169174194,3.0
8,1,2,4.96103048325,2.75
8,1,2,5.02087259293,2.75
8,1,89,2.78645610809,3.5
8,1,89,3.15542793274,3.5
8,1,16,4.600004673,2.75
8,1,16,4.62717294693,2.75
8,1,62,3.64282894135,1.5
8,1,62,3.85550427437,1.5
8,1,76,4.00110721588,1.0
8,1,76,3.73923659325,1.0
8,1,3,4.37246894836,2.5
8,1,3,4.64657068253,2.5
8,1,17,4.48406934738,3.25
8,1,17,4.80415725708,3.25
8,1,63,4.36832618713,1.0
8,1,63,4.35181856155,1.0
8,1,77,4.36802387238,3.25
8,1,77,4.39994049072,3.25
8,1,4,4.65133428574,1.75
8,1,4,4.64062929153,1.75
8,1,91,4.29540061951,2.75
8,1,91,4.10168504715,2.75
8,1,18,4.78777503967,3.75
8,1,18,4.88959503174,3.75
8,1,32,4.36360549927,2.75
8,1,32,4.54289913177,2.75
8,1,78,4.71842813492,2.75
8,1,78,4.5053524971,2.75
8,1,5,3.57155585289,2.0
8,1,5,3.82034778595,2.0
8,1,92,2.06275320053,1.5
8,1,92,3.53240704536,1.5
8,1,19,4.31664991379,2.25
8,1,19,4.63328075409,2.25
8,1,33,3.97823739052,1.75
8,1,33,4.2219991684,1.75
8,1,79,3.88154935837,2.0
8,1,79,4.06083869934,2.0
8,1,6,3.99654245377,1.5
8,1,6,3.84976792336,1.5
8,1,93,3.75213527679,1.75
8,1,93,4.51391172409,1.75
8,1,20,3.62774419785,2.5
8,1,20,4.30993032455,2.5
8,2,17,4.65292787552,3.5
8,2,17,4.65381526947,3.5
8,2,91,1.84915685654,2.25
8,2,91,1.84495306015,2.25
8,2,19,3.30182385445,2.0
8,2,19,3.30222511292,2.0
8,2,93,2.90935206413,4.25
8,2,93,2.90864515305,4.25
8,2,96,2.36686015129,2.0
8,2,96,2.36429190636,2.0
8,2,21,4.09908342361,2.25
8,2,21,4.0959072113,2.25
8,2,56,3.83278250694,2.0
8,2,56,3.83356690407,2.0
8,2,95,3.32383465767,2.0
8,2,95,3.3245267868,2.0
8,2,98,2.40268993378,3.0
8,2,98,2.40230894089,3.0
8,2,23,4.29771661758,2.5
8,2,23,4.30148458481,2.5
8,2,58,4.30550193787,3.0
8,2,58,4.30514001846,3.0
8,2,100,3.30556082726,3.25
8,2,100,3.30535745621,3.25
8,2,25,2.05928730965,2.75
8,2,25,2.05557084084,2.75
8,2,60,2.22900652885,3.5
8,2,60,2.23757076263,3.5
8,2,67,3.37999725342,1.625
8,2,67,3.38388705254,1.625
8,2,27,-0.650114178658,4.0
8,2,27,-0.653621315956,4.0
8,2,62,2.64410662651,1.75
8,2,62,2.64613175392,1.75
8,2,69,2.17501449585,3.5
8,2,69,2.17451429367,3.5
8,2,29,4.77377080917,4.75
8,2,29,4.77316999435,4.75
8,2,32,4.56336641312,4.0
8,2,32,4.56317996979,4.0
8,2,71,1.99602913857,2.0
8,2,71,1.99785113335,2.0
8,2,31,3.14534592628,2.75
8,2,31,3.14792394638,2.75
8,2,34,3.00101327896,3.5
8,2,34,3.00618910789,3.5
8,2,73,1.24506545067,3.5
8,2,73,1.24444949627,3.5
8,2,36,4.70970487595,3.75
8,2,36,4.70813512802,3.75
8,2,75,2.69046783447,4.0
8,2,75,2.69403171539,4.0
8,2,38,4.5831489563,3.75
8,2,38,4.58333826065,3.75
8,2,77,2.56284451485,4.75
8,2,77,2.56640791893,4.75
8,2,5,3.55886363983,3.75
8,2,5,3.5571308136,3.75
8,2,40,4.77468967438,2.0
8,2,40,4.77572441101,2.0
8,2,79,4.10072469711,4.0
8,2,79,4.10298204422,4.0
8,2,7,2.9641661644,1.5
8,2,7,2.96435952187,1.5
8,2,42,4.56346559525,3.5
8,2,42,4.56400918961,3.5
8,2,9,3.45299315453,2.0
8,2,9,3.45175623894,2.0
8,2,44,4.27740621567,3.25
8,2,44,4.27750492096,3.25
8,2,11,3.95066404343,3.0
8,2,11,3.950715065,3.0
8,2,46,4.2520532608,3.25
8,2,46,4.25215673447,3.25
8,2,80,4.41229104996,3.25
8,2,80,4.41027212143,3.25
8,2,15,3.92579054832,2.25
8,2,15,3.92799544334,2.25
8,2,49,4.6404709816,4.0
8,2,49,4.64076042175,4.0
8,2,84,3.82211852074,3.5
8,2,84,3.82258677483,3.5
8,2,86,2.3007273674,3.25
8,2,86,2.30662751198,3.25
8,2,88,3.01399111748,3.75
8,2,88,3.01296877861,3.75
8,2,16,5.07120943069,4.0
8,2,16,5.07152414322,4.0
8,2,55,3.40437984467,3.75
8,2,55,3.40105342865,3.75
8,2,90,3.18716645241,1.5
8,2,90,3.18273329735,1.5
8,2,97,4.68365859985,4.25
8,2,97,4.68347597122,4.25
8,2,18,4.33891105652,3.5
8,2,18,4.33813524246,3.5
8,2,57,4.65993404388,4.75
8,2,57,4.65912628174,4.75
8,2,92,4.24320936203,2.0
8,2,92,4.24246120453,2.0
8,2,99,3.38201975822,4.0
8,2,99,3.37794065475,4.0
8,2,20,4.76971912384,3.75
8,2,20,4.76952266693,3.75
8,2,59,4.1824388504,4.5
8,2,59,4.1830329895,4.5
8,2,94,2.27269053459,3.0
8,2,94,2.27179050446,3.0
8,2,101,3.08317136765,2.75
8,2,101,3.0828807354,2.75
8,2,22,4.87333631516,2.25
8,2,22,4.87321329117,2.25
8,2,61,4.18169879913,4.0
8,2,61,4.18348836899,4.0
8,2,64,3.71254730225,4.75
8,2,64,3.71113562584,4.75
8,2,24,3.22874355316,3.0
8,2,24,3.2284963131,3.0
8,2,63,4.01967954636,5.25
8,2,63,4.02103185654,5.25
8,2,26,2.00327968597,4.0
8,2,26,2.00622558594,4.0
8,2,33,1.41070842743,2.25
8,2,33,1.41729307175,2.25
8,2,68,2.91499781609,2.75
8,2,68,2.91656446457,2.75
8,2,28,0.580965042114,2.5
8,2,28,0.575595498085,2.5
8,2,35,4.45026063919,3.5
8,2,35,4.45064306259,3.5
8,2,70,4.59462594986,4.0
8,2,70,4.59504938126,4.0
8,2,30,4.39256191254,4.25
8,2,30,4.39153909683,4.25
8,2,37,4.89946079254,2.25
8,2,37,4.89949131012,2.25
8,2,72,1.82284498215,3.5
8,2,72,1.82351851463,3.5
8,2,39,4.73522901535,2.0
8,2,39,4.73478889465,2.0
8,2,74,2.68157720566,3.75
8,2,74,2.69075274467,3.75
8,2,41,3.17418670654,4.0
8,2,41,3.17388534546,4.0
8,2,76,4.40105342865,3.25
8,2,76,4.40126228333,3.25
8,2,4,2.42878484726,3.25
8,2,4,2.42743039131,3.25
8,2,43,2.28211927414,2.75
8,2,43,2.27393507957,2.75
8,2,78,1.71437096596,3.25
8,2,78,1.71306502819,3.25
8,2,6,0.923930287361,1.75
8,2,6,0.923931956291,1.75
8,2,45,4.78552627563,2.25
8,2,45,4.78598642349,2.25
8,2,8,3.97650384903,4.25
8,2,8,3.97584867477,4.25
8,2,47,2.51366138458,2.75
8,2,47,2.5144033432,2.75
8,2,10,2.36539721489,1.75
8,2,10,2.37284946442,1.75
8,2,83,1.1496309042,2.75
8,2,83,1.14889025688,2.75
8,2,85,2.90188837051,4.5
8,2,85,2.89837574959,4.5
8,2,48,3.94746303558,4.0
8,2,48,3.94955039024,4.0
8,2,87,4.09738397598,2.0
8,2,87,4.09763050079,2.0
8,2,50,4.77094507217,3.0
8,2,50,4.77077293396,3.0
8,2,89,4.72999954224,2.25
8,2,89,4.729408741,2.25
9,1,81,3.68718791008,2.25
9,1,81,4.10808801651,2.25
9,1,27,4.90337991714,3.75
9,1,27,4.79717922211,3.75
9,1,83,4.64202976227,4.25
9,1,83,4.691883564,4.25
9,1,29,4.10365772247,2.5
9,1,29,4.22699022293,2.5
9,1,32,4.32739782333,2.75
9,1,32,4.61298656464,2.75
9,1,85,4.86269521713,4.75
9,1,85,4.92148160934,4.75
9,1,31,4.84933662415,3.5
9,1,31,4.76791763306,3.5
9,1,34,4.32067632675,3.25
9,1,34,4.24127578735,3.25
9,1,87,4.29909038544,3.25
9,1,87,4.24861907959,3.25
9,1,36,4.76302909851,3.5
9,1,36,4.63405704498,3.5
9,1,89,4.53810882568,2.75
9,1,89,4.69496631622,2.75
9,1,3,4.89904880524,4.75
9,1,3,4.85348463058,4.75
9,1,38,4.38760900497,3.5
9,1,38,4.25646257401,3.5
9,1,91,4.12778377533,3.75
9,1,91,4.36015415192,3.75
9,1,5,4.88103866577,5.75
9,1,5,4.77697372437,5.75
9,1,40,4.4367556572,2.25
9,1,40,4.4869685173,2.25
9,1,93,4.68952322006,3.25
9,1,93,4.6700334549,3.25
9,1,96,4.60922670364,4.25
9,1,96,4.51880598068,4.25
9,1,7,4.92306947708,4.25
9,1,7,4.81064271927,4.25
9,1,42,4.70725393295,4.0
9,1,42,4.67122364044,4.0
9,1,95,4.58249902725,4.25
9,1,95,4.52502012253,4.25
9,1,98,4.28495883942,2.25
9,1,98,4.29025125504,2.25
9,1,65,4.27643918991,2.0
9,1,65,4.39996623993,2.0
9,1,100,4.65452575684,4.25
9,1,100,4.78085565567,4.25
9,1,67,4.56406068802,4.25
9,1,67,4.58267021179,4.25
9,1,102,4.41037368774,3.75
9,1,102,4.54051017761,3.75
9,1,69,4.58530044556,5.5
9,1,69,4.51727247238,5.5
9,1,104,4.17417764664,3.0
9,1,104,4.36344909668,3.0
9,1,106,4.33453083038,4.0
9,1,106,4.28605031967,4.0
9,1,73,4.48789072037,3.25
9,1,73,4.72893953323,3.25
9,1,51,4.4735584259,3.5
9,1,51,4.53536891937,3.5
9,1,75,4.39138317108,2.5
9,1,75,4.51582145691,2.5
9,1,110,4.69620847702,4.25
9,1,110,4.6657075882,4.25
9,1,53,4.18271541595,3.0
9,1,53,4.55835056305,3.0
9,1,77,4.42543697357,3.25
9,1,77,4.41496419907,3.25
9,1,16,4.12678050995,1.5
9,1,16,4.26103019714,1.5
9,1,55,4.46532154083,3.5
9,1,55,4.53669214249,3.5
9,1,79,4.44250202179,4.0
9,1,79,4.6055393219,4.0
9,1,18,4.73527526855,3.5
9,1,18,4.6571354866,3.5
9,1,20,4.76617860794,4.0
9,1,20,4.70972204208,4.0
9,1,59,4.25414466858,2.75
9,1,59,4.2712469101,2.75
9,1,22,4.46908473969,3.0
9,1,22,4.5001282692,3.0
9,1,61,4.35449361801,3.5
9,1,61,4.46838951111,3.5
9,1,24,4.33709144592,3.5
9,1,24,4.23415803909,3.5
9,1,63,3.03259086609,3.25
9,1,63,3.60159873962,3.25
9,1,80,4.50570678711,3.25
9,1,80,4.5639538765,3.25
9,1,26,4.54559898376,4.5
9,1,26,4.6144657135,4.5
9,1,33,4.84066343307,3.75
9,1,33,4.52964067459,3.75
9,1,82,4.47444820404,4.0
9,1,82,4.54303121567,4.0
9,1,28,4.72258853912,2.75
9,1,28,4.65894365311,2.75
9,1,35,4.63532543182,3.5
9,1,35,4.61064863205,3.5
9,1,84,4.77486228943,3.0
9,1,84,4.83415269852,3.0
9,1,30,4.38211011887,3.0
9,1,30,4.52636861801,3.0
9,1,37,4.56741380692,4.5
9,1,37,4.72121763229,4.5
9,1,86,4.59389591217,4.0
9,1,86,4.56428098679,4.0
9,1,39,4.57451152802,2.75
9,1,39,4.46280622482,2.75
9,1,88,3.58821868896,3.25
9,1,88,4.20749378204,3.25
9,1,2,4.73810482025,5.25
9,1,2,4.81801652908,5.25
9,1,41,4.73680782318,3.0
9,1,41,4.76503944397,3.0
9,1,90,4.22088384628,2.75
9,1,90,4.29464769363,2.75
9,1,97,4.68644618988,3.5
9,1,97,4.73452663422,3.5
9,1,4,4.99169635773,5.0
9,1,4,4.91762685776,5.0
9,1,92,4.27057409286,4.0
9,1,92,4.43720245361,4.0
9,1,99,4.29972791672,3.0
9,1,99,4.42696428299,3.0
9,1,6,4.5861120224,3.5
9,1,6,4.63132858276,3.5
9,1,94,4.57495117188,3.0
9,1,94,4.57992219925,3.0
9,1,101,3.9414036274,2.25
9,1,101,4.08801937103,2.25
9,1,8,4.79684209824,4.5
9,1,8,4.47891759872,4.5
9,1,64,4.67593812943,4.25
9,1,64,4.67629957199,4.25
9,1,103,4.52189064026,2.25
9,1,103,4.48005056381,2.25
9,1,66,4.73267507553,4.75
9,1,66,4.79340076447,4.75
9,1,105,4.59101295471,3.75
9,1,105,4.71460294724,3.75
9,1,12,4.38579368591,4.75
9,1,12,4.26651906967,4.75
9,1,68,4.5552740097,3.5
9,1,68,4.49397993088,3.5
9,1,107,4.20163249969,4.25
9,1,107,4.27427482605,4.25
9,1,72,4.26382398605,3.75
9,1,72,4.50089979172,3.75
9,1,111,4.56434106827,3.0
9,1,111,4.56581020355,3.0
9,1,50,4.68348073959,3.5
9,1,50,4.7585515976,3.5
9,1,74,4.43598175049,3.0
9,1,74,4.48714065552,3.0
9,1,17,4.64931154251,4.25
9,1,17,4.47670221329,4.25
9,1,52,4.45662069321,2.75
9,1,52,4.63150262833,2.75
9,1,76,4.52969026566,4.0
9,1,76,4.69148921967,4.0
9,1,19,4.57675075531,3.25
9,1,19,4.64252948761,3.25
9,1,54,3.35299921036,2.75
9,1,54,3.8781478405,2.75
9,1,78,4.45899200439,3.5
9,1,78,4.59588909149,3.5
9,1,21,4.4658703804,4.5
9,1,21,4.31588983536,4.5
9,1,56,4.58028459549,3.75
9,1,56,4.64982938766,3.75
9,1,23,4.67011260986,4.5
9,1,23,4.72960805893,4.5
9,1,25,4.57386112213,3.5
9,1,25,4.71680736542,3.5
9,1,60,4.44040393829,4.0
9,1,60,4.68956851959,4.0
9,2,98,4.23500061035,4.5
9,2,98,4.26821041107,4.5
9,2,71,4.9198884964,5.25
9,2,71,4.84666204453,5.25
9,2,100,4.71645498276,5.75
9,2,100,4.64160490036,5.75
9,2,46,4.80839347839,4.75
9,2,46,4.73771429062,4.75
9,2,102,4.8116106987,3.75
9,2,102,4.87260437012,3.75
9,2,75,4.74375677109,3.75
9,2,75,4.72127199173,3.75
9,2,16,4.29285907745,2.75
9,2,16,4.2475733757,2.75
9,2,104,4.72396707535,3.25
9,2,104,4.65029764175,3.25
9,2,77,4.58258962631,4.25
9,2,77,4.55407476425,4.25
9,2,18,4.28750181198,4.25
9,2,18,4.5204167366,4.25
9,2,106,4.79840517044,5.25
9,2,106,4.86807107925,5.25
9,2,79,4.93908596039,5.25
9,2,79,4.91019678116,5.25
9,2,20,4.31241083145,3.0
9,2,20,4.35041093826,3.0
9,2,108,4.73280858994,4.25
9,2,108,4.67514944077,4.25
9,2,49,4.82906103134,5.25
9,2,49,4.88704824448,5.25
9,2,22,4.40708208084,3.0
9,2,22,4.49554777145,3.0
9,2,110,4.35119438171,3.25
9,2,110,4.4886264801,3.25
9,2,51,4.92393684387,5.0
9,2,51,4.89739322662,5.0
9,2,24,3.85483932495,1.75
9,2,24,4.26107788086,1.75
9,2,80,4.7636423111,4.75
9,2,80,4.78398704529,4.75
9,2,53,3.31596255302,3.75
9,2,53,3.04498457909,3.75
9,2,26,3.70915532112,3.25
9,2,26,4.29158258438,3.25
9,2,82,4.58381080627,3.0
9,2,82,4.56286764145,3.0
9,2,55,4.55456829071,3.25
9,2,55,4.56666231155,3.25
9,2,28,4.59897327423,4.75
9,2,28,4.55893373489,4.75
9,2,84,4.54049301147,3.75
9,2,84,4.56722688675,3.75
9,2,30,4.48715353012,2.75
9,2,30,4.50362443924,2.75
9,2,113,4.65875720978,5.75
9,2,113,4.60473585129,5.75
9,2,86,4.78069353104,4.0
9,2,86,4.72205734253,4.0
9,2,88,4.80298709869,4.5
9,2,88,4.69016742706,4.5
9,2,2,4.58546113968,4.0
9,2,2,4.76352596283,4.0
9,2,90,4.45361471176,3.25
9,2,90,4.61739873886,3.25
9,2,63,4.71874904633,5.0
9,2,63,4.711977005,5.0
9,2,4,4.50677108765,5.25
9,2,4,4.5895986557,5.25
9,2,92,4.73932313919,4.25
9,2,92,4.69170045853,4.25
9,2,33,4.47187519073,3.0
9,2,33,4.6576962471,3.0
9,2,6,4.90466833115,5.75
9,2,6,5.05244588852,5.75
9,2,94,4.58618068695,4.0
9,2,94,4.49507856369,4.0
9,2,35,2.68682217598,2.5
9,2,35,4.12762355804,2.5
9,2,8,4.62589740753,4.5
9,2,8,4.61428833008,4.5
9,2,64,4.20640277863,4.5
9,2,64,4.35667181015,4.5
9,2,37,4.67341470718,3.75
9,2,37,4.42721223831,3.75
9,2,10,4.77178955078,4.75
9,2,10,4.80097579956,4.75
9,2,66,4.77635288239,5.5
9,2,66,4.79856538773,5.5
9,2,39,4.54058408737,4.0
9,2,39,4.51179599762,4.0
9,2,12,4.82166099548,5.5
9,2,12,4.79659748077,5.5
9,2,68,4.66532468796,3.25
9,2,68,4.6067442894,3.25
9,2,41,4.86759901047,4.5
9,2,41,4.73923683167,4.5
9,2,97,4.31881952286,3.75
9,2,97,4.21096229553,3.75
9,2,70,4.85178470612,4.75
9,2,70,4.82417345047,4.75
9,2,99,4.83569383621,4.5
9,2,99,4.69406700134,4.5
9,2,45,3.95088267326,3.0
9,2,45,4.27572727203,3.0
9,2,101,4.71843576431,3.75
9,2,101,4.66423797607,3.75
9,2,74,4.82356262207,5.25
9,2,74,4.74937534332,5.25
9,2,47,4.60872411728,5.0
9,2,47,4.73737668991,5.0
9,2,103,4.77596998215,3.0
9,2,103,4.63369369507,3.0
9,2,76,4.77426671982,3.25
9,2,76,4.6603717804,3.25
9,2,17,4.46727848053,4.0
9,2,17,4.69566822052,4.0
9,2,105,4.83058595657,4.5
9,2,105,4.76024198532,4.5
9,2,78,4.7663397789,5.5
9,2,78,4.62302398682,5.5
9,2,19,4.10043478012,3.25
9,2,19,4.46999025345,3.25
9,2,107,4.2696890831,3.75
9,2,107,4.38423061371,3.75
9,2,48,4.88250637054,5.0
9,2,48,4.90266227722,5.0
9,2,21,4.08575153351,3.75
9,2,21,4.40209150314,3.75
9,2,109,4.38558387756,2.25
9,2,109,4.55676937103,2.25
9,2,50,4.65622329712,4.0
9,2,50,4.64288806915,4.0
9,2,23,3.82954907417,2.75
9,2,23,3.91367268562,2.75
9,2,111,4.5139465332,4.0
9,2,111,4.5778298378,4.0
9,2,52,0.308933019638,2.75
9,2,52,1.90342354774,2.75
9,2,25,4.75695991516,5.75
9,2,25,4.68482017517,5.75
9,2,81,4.87798261642,4.75
9,2,81,4.81648349762,4.75
9,2,54,4.85175514221,5.5
9,2,54,4.74285125732,5.5
9,2,27,2.75344514847,3.25
9,2,27,2.84053134918,3.25
9,2,83,4.85010719299,4.0
9,2,83,4.63351726532,4.0
9,2,56,4.69702672958,5.0
9,2,56,4.59820842743,5.0
9,2,29,4.36067724228,3.0
9,2,29,4.4913482666,3.0
9,2,112,4.46024751663,4.5
9,2,112,4.47063350677,4.5
9,2,85,4.4169678688,4.75
9,2,85,4.32597398758,4.75
9,2,31,3.64145827293,2.75
9,2,31,3.72849202156,2.75
9,2,87,4.52358150482,3.25
9,2,87,4.50881481171,3.25
9,2,89,3.97956728935,2.75
9,2,89,4.01517724991,2.75
9,2,62,4.81891727448,4.0
9,2,62,4.6409907341,4.0
9,2,3,4.762362957,4.5
9,2,3,4.72056865692,4.5
9,2,91,4.8959736824,4.25
9,2,91,4.70573806763,4.25
9,2,32,3.34763503075,2.25
9,2,32,3.57692193985,2.25
9,2,5,4.54609823227,5.5
9,2,5,4.76105833054,5.5
9,2,93,4.63196802139,4.5
9,2,93,4.41254901886,4.5
9,2,34,4.20228815079,2.5
9,2,34,4.38058567047,2.5
9,2,7,3.69338679314,5.25
9,2,7,4.03264904022,5.25
9,2,95,4.64286279678,5.0
9,2,95,4.65313673019,5.0
9,2,36,4.47215890884,4.75
9,2,36,4.53024244308,4.75
9,2,9,4.78022193909,5.75
9,2,9,4.75409555435,5.75
9,2,65,4.84840917587,4.75
9,2,65,4.88985204697,4.75
9,2,38,4.25083255768,2.0
9,2,38,4.06374359131,2.0
9,2,11,4.5731678009,4.5
9,2,11,4.59188175201,4.5
9,2,67,4.90943145752,4.25
9,2,67,4.93413925171,4.25
9,2,40,4.8162817955,3.25
9,2,40,4.83232927322,3.25
9,2,13,4.66210651398,3.75
9,2,13,4.58949804306,3.75
9,2,96,4.65443563461,3.0
9,2,96,4.67730760574,3.0
9,2,69,4.6316242218,3.25
9,2,69,4.68042230606,3.25
9,2,42,4.68318414688,3.25
9,2,42,4.64659738541,3.25
10,1,63,4.76064968109,4.25
10,1,63,4.57039833069,4.25
10,1,24,5.09906005859,4.75
10,1,24,5.01391935349,4.75
10,1,80,4.87783145905,5.0
10,1,80,4.85408258438,5.0
10,1,61,5.21067714691,4.0
10,1,61,5.19846630096,4.0
10,1,6,5.08133792877,5.0
10,1,6,4.89319133759,5.0
10,1,94,4.892537117,5.0
10,1,94,4.74221658707,5.0
10,1,4,5.01444625854,5.5
10,1,4,4.87296104431,5.5
10,1,92,5.05061817169,5.0
10,1,92,5.04791116714,5.0
10,1,57,4.8922624588,1.5
10,1,57,4.88990163803,1.5
10,1,90,5.06417179108,3.75
10,1,90,5.08335113525,3.75
10,1,39,4.63178539276,4.0
10,1,39,4.44640922546,4.0
10,1,88,5.09522914886,5.5
10,1,88,4.95899772644,5.5
10,1,37,5.03573513031,6.0
10,1,37,5.04632282257,6.0
10,1,14,5.09063720703,3.75
10,1,14,4.87444448471,3.75
10,1,35,4.60224199295,2.0
10,1,35,4.54239940643,2.0
10,1,12,5.17728614807,4.5
10,1,12,5.15015745163,4.5
10,1,68,5.03628873825,3.75
10,1,68,5.14236116409,3.75
10,1,33,4.75402259827,4.5
10,1,33,4.86879348755,4.5
10,1,10,4.95868206024,5.0
10,1,10,4.86061954498,5.0
10,1,66,4.99083805084,6.0
10,1,66,4.94889831543,6.0
10,1,47,4.97310829163,5.25
10,1,47,4.8856048584,5.25
10,1,8,5.06949949265,6.25
10,1,8,4.93156290054,6.25
10,1,103,4.82055902481,3.75
10,1,103,4.82246208191,3.75
10,1,64,4.74346256256,5.0
10,1,64,4.54008102417,5.0
10,1,45,4.95987653732,2.875
10,1,45,4.71907424927,2.875
10,1,101,4.91149663925,5.5
10,1,101,4.90500640869,5.5
10,1,78,4.91250038147,5.5
10,1,78,4.96418428421,5.5
10,1,43,5.2006983757,4.5
10,1,43,5.1226773262,4.5
10,1,99,5.08460283279,5.25
10,1,99,5.01989889145,5.25
10,1,76,5.03107213974,4.75
10,1,76,5.11173152924,4.75
10,1,41,4.91677713394,3.25
10,1,41,4.98021459579,3.25
10,1,97,4.85001134872,3.75
10,1,97,4.83741855621,3.75
10,1,74,4.90735626221,4.75
10,1,74,4.83739376068,4.75
10,1,72,5.07794141769,3.0
10,1,72,5.08801078796,3.0
10,1,21,5.00833511353,5.25
10,1,21,4.93525600433,5.25
10,1,54,3.92607307434,3.5
10,1,54,4.30338001251,3.5
10,1,107,5.13182973862,5.0
10,1,107,4.92481851578,5.0
10,1,52,5.14037656784,5.0
10,1,52,5.0262093544,5.0
10,1,105,4.97730970383,4.0
10,1,105,4.70497608185,4.0
10,1,50,4.97188043594,5.25
10,1,50,5.02490282059,5.25
10,1,31,4.97693347931,4.75
10,1,31,5.07549238205,4.75
10,1,87,5.20612478256,4.75
10,1,87,5.09211730957,4.75
10,1,48,5.22852087021,5.0
10,1,48,5.1490278244,5.0
10,1,29,5.22966146469,4.5
10,1,29,5.01047372818,4.5
10,1,85,4.95480823517,4.75
10,1,85,4.99408483505,4.75
10,1,62,4.81162977219,3.75
10,1,62,4.89541244507,3.75
10,1,27,5.09058952332,4.25
10,1,27,4.88464450836,4.25
10,1,83,5.06167125702,3.0
10,1,83,5.02641105652,3.0
10,1,25,5.11619997025,4.5
10,1,25,4.99000692368,4.5
10,1,81,4.75347852707,4.25
10,1,81,4.80044746399,4.25
10,1,7,5.09009218216,5.5
10,1,7,5.01425075531,5.5
10,1,95,5.06420707703,4.75
10,1,95,5.10034322739,4.75
10,1,56,4.99350643158,4.5
10,1,56,4.95253133774,4.5
10,1,5,4.8803358078,5.0
10,1,5,4.89200162888,5.0
10,1,93,5.09039068222,4.0
10,1,93,5.11536884308,4.0
10,1,38,4.74491119385,3.75
10,1,38,4.70680856705,3.75
10,1,91,5.11731338501,4.5
10,1,91,5.1470580101,4.5
10,1,36,5.14147043228,4.75
10,1,36,5.16617298126,4.75
10,1,89,5.17666435242,5.25
10,1,89,5.00203275681,5.25
10,1,34,4.60062742233,4.0
10,1,34,4.53203201294,4.0
10,1,32,5.09889268875,3.75
10,1,32,5.12509632111,3.75
10,1,13,5.07675218582,4.25
10,1,13,4.93783855438,4.25
10,1,69,5.06492376328,4.5
10,1,69,4.96796751022,4.5
10,1,46,5.17468595505,5.0
10,1,46,5.1025223732,5.0
10,1,11,4.70296478271,4.0
10,1,11,4.41473674774,4.0
10,1,102,4.77882432938,5.0
10,1,102,4.88476419449,5.0
10,1,67,5.00319290161,5.25
10,1,67,4.96962881088,5.25
10,1,44,5.0778632164,4.5
10,1,44,4.98417329788,4.5
10,1,9,4.96169710159,5.5
10,1,9,4.73558616638,5.5
10,1,100,4.87045860291,4.0
10,1,100,4.89504957199,4.0
10,1,65,4.8825545311,5.75
10,1,65,4.75837612152,5.75
10,1,42,5.21765327454,5.25
10,1,42,5.23863554001,5.25
10,1,98,4.97963094711,4.5
10,1,98,5.10065984726,4.5
10,1,79,4.74172496796,4.5
10,1,79,4.72598218918,4.5
10,1,40,5.01101016998,4.5
10,1,40,5.12913322449,4.5
10,1,96,5.16374444962,4.5
10,1,96,5.15203332901,4.5
10,1,77,5.01419782639,4.5
10,1,77,5.10374164581,4.5
10,1,22,5.15966510773,4.5
10,1,22,4.99520874023,4.5
10,1,75,4.99040126801,4.5
10,1,75,4.9356880188,4.5
10,1,20,5.15079975128,5.0
10,1,20,4.93776941299,5.0
10,1,108,4.91298341751,5.0
10,1,108,4.82297515869,5.0
10,1,73,5.03283500671,4.25
10,1,73,5.07903242111,4.25
10,1,106,4.78850507736,2.0
10,1,106,4.7578754425,2.0
10,1,55,5.12341547012,5.25
10,1,55,5.07857751846,5.25
10,1,104,5.06312894821,4.5
10,1,104,5.01296043396,4.5
10,1,53,5.06779432297,5.25
10,1,53,5.10964345932,5.25
10,1,30,5.15097904205,5.5
10,1,30,5.07441902161,5.5
10,1,86,5.12346935272,4.0
10,1,86,5.11727666855,4.0
10,1,51,4.82894086838,5.5
10,1,51,4.77091121674,5.5
10,1,28,5.10282897949,4.75
10,1,28,4.99515342712,4.75
10,1,84,4.96352577209,2.75
10,1,84,4.79583454132,2.75
10,1,49,4.75917434692,4.0
10,1,49,4.73052597046,4.0
10,1,26,4.72372961044,2.375
10,1,26,4.36898231506,2.375
10,1,82,4.90852832794,4.5
10,1,82,5.0035071373,4.5
10,2,65,2.73013591766,5.0
10,2,65,3.63638663292,5.0
10,2,26,4.68259191513,3.5
10,2,26,4.4080529213,3.5
10,2,83,3.72073793411,4.25
10,2,83,4.13869047165,4.25
10,2,15,4.73357629776,5.75
10,2,15,4.50311851501,5.75
10,2,25,4.40410137177,4.25
10,2,25,4.51878452301,4.25
10,2,82,3.72313141823,5.25
10,2,82,4.02250337601,5.25
10,2,14,5.05580854416,5.25
10,2,14,5.04892683029,5.25
10,2,71,4.38349819183,4.0
10,2,71,4.34074544907,4.0
10,2,24,4.54684782028,3.5
10,2,24,4.45442914963,3.5
10,2,81,4.43397092819,5.25
10,2,81,4.52776670456,5.25
10,2,35,1.13568520546,2.75
10,2,35,1.82621276379,2.75
10,2,13,4.88309669495,5.25
10,2,13,4.90103149414,5.25
10,2,70,4.76791286469,4.66667
10,2,70,4.91780853271,4.66667
10,2,31,4.29143619537,3.25
10,2,31,4.3860669136,3.25
10,2,80,4.68580722809,4.5
10,2,80,4.63396596909,4.5
10,2,34,4.8340306282,5.0
10,2,34,4.65861701965,5.0
10,2,12,4.89420986176,4.25
10,2,12,4.81267023087,4.25
10,2,69,4.19364070892,5.25
10,2,69,4.51917171478,5.25
10,2,30,4.60544681549,5.75
10,2,30,4.63785409927,5.75
10,2,87,4.80414628983,5.5
10,2,87,4.78726243973,5.5
10,2,33,4.26065301895,4.75
10,2,33,4.01738929749,4.75
10,2,51,4.86229658127,5.5
10,2,51,4.87702131271,5.5
10,2,68,4.64823436737,4.75
10,2,68,4.74065685272,4.75
10,2,29,3.87499523163,5.0
10,2,29,4.2439365387,5.0
10,2,86,4.48509597778,4.5
10,2,86,4.46900415421,4.5
10,2,32,2.37097835541,1.75
10,2,32,3.13922476768,1.75
10,2,50,4.57207679749,4.0
10,2,50,4.35831689835,4.0
10,2,75,4.68597173691,4.5
10,2,75,4.72652482986,4.5
10,2,28,4.47563838959,4.5
10,2,28,4.60598230362,4.5
10,2,85,4.70359230042,5.25
10,2,85,4.79270458221,5.25
10,2,39,4.98959493637,5.25
10,2,39,4.96065282822,5.25
10,2,74,4.65900802612,4.75
10,2,74,4.69305467606,4.75
10,2,3,4.82959651947,3.75
10,2,3,4.75153398514,3.75
10,2,84,4.45549821854,4.0
10,2,84,4.20484733582,4.0
10,2,38,4.63226652145,4.75
10,2,38,4.78359746933,4.75
10,2,73,3.90864706039,5.5
10,2,73,4.26857233047,5.5
10,2,91,4.57999515533,4.25
10,2,91,4.70122432709,4.25
10,2,37,4.73498678207,5.0
10,2,37,4.76241493225,5.0
10,2,55,4.9437212944,3.75
10,2,55,4.80582237244,3.75
10,2,72,3.79436063766,6.25
10,2,72,4.15600728989,6.25
10,2,90,4.90252971649,4.25
10,2,90,4.79975175858,4.25
10,2,19,4.37703132629,4.5
10,2,19,4.06494903564,4.5
10,2,36,4.14914608002,3.75
10,2,36,4.11786222458,3.75
10,2,54,4.65374612808,5.5
10,2,54,4.60261011124,5.5
10,2,79,4.21929883957,5.5
10,2,79,4.56203651428,5.5
10,2,89,4.72840213776,4.0
10,2,89,4.45251464844,4.0
10,2,43,4.54062366486,5.75
10,2,43,4.76047515869,5.75
10,2,53,5.00126266479,6.75
10,2,53,5.03325653076,6.75
10,2,78,4.65351104736,5.25
10,2,78,4.82854318619,5.25
10,2,7,4.89186191559,5.25
10,2,7,4.88692188263,5.25
10,2,88,4.79360342026,5.5
10,2,88,4.96459674835,5.5
10,2,42,4.8977098465,5.5
10,2,42,4.87094449997,5.5
10,2,52,4.6165356636,5.5
10,2,52,4.88059186935,5.5
10,2,77,3.9944152832,3.5
10,2,77,4.14336490631,3.5
10,2,6,4.89854431152,5.25
10,2,6,4.74971294403,5.25
10,2,95,4.44097709656,2.0
10,2,95,4.01270151138,2.0
10,2,41,4.58367013931,5.25
10,2,41,4.94555950165,5.25
10,2,76,4.31080627441,4.5
10,2,76,4.43118095398,4.5
10,2,5,4.53414964676,5.5
10,2,5,4.47444295883,5.5
10,2,94,4.10292339325,3.25
10,2,94,4.183157444,3.25
10,2,23,4.69334411621,5.0
10,2,23,4.78519392014,5.0
10,2,40,4.15026092529,4.5
10,2,40,4.16802120209,4.5
10,2,97,3.70329833031,5.75
10,2,97,3.19450545311,5.75
10,2,58,4.77177524567,5.5
10,2,58,4.75756216049,5.5
10,2,4,4.83229207993,6.25
10,2,4,4.81553125381,6.25
10,2,93,3.3110370636,3.25
10,2,93,3.91603517532,3.25
10,2,22,4.65801095963,5.5
10,2,22,4.67188215256,5.5
10,2,47,3.85469269753,5.25
10,2,47,4.09674024582,5.25
10,2,96,4.73704910278,4.75
10,2,96,4.77835988998,4.75
10,2,11,4.861992836,4.5
10,2,11,4.65196847916,4.5
10,2,92,3.66898608208,4.75
10,2,92,3.93421792984,4.75
10,2,21,4.21836519241,5.5
10,2,21,4.55099916458,5.5
10,2,46,3.5621008873,4.25
10,2,46,2.93481850624,4.25
10,2,56,4.77774763107,5.25
10,2,56,4.8139333725,5.25
10,2,10,4.27237796783,5.25
10,2,10,4.51523923874,5.25
10,2,67,4.51405334473,4.33333
10,2,67,4.22410488129,4.33333
10,2,20,4.69506454468,2.75
10,2,20,4.31005239487,2.75
10,2,45,3.9963145256,3.5
10,2,45,3.67069458961,3.5
10,2,9,4.30314207077,3.25
10,2,9,4.40244102478,3.25
10,2,66,2.38779997826,3.0
10,2,66,3.52365684509,3.0
10,2,27,4.39570045471,5.0
10,2,27,4.36126804352,5.0
10,2,44,4.57593536377,5.0
10,2,44,4.64785289764,5.0
10,2,8,4.91169977188,5.75
10,2,8,4.86384391785,5.75
11,1,5,3.61171388626,4.5
11,1,5,3.81264400482,4.5
11,1,94,3.52488684654,5.75
11,1,94,3.53085041046,5.75
11,1,23,4.50281620026,5.75
11,1,23,4.45185613632,5.75
11,1,32,4.20582771301,4.25
11,1,32,3.97079944611,4.25
11,1,50,1.49279856682,3.0
11,1,50,1.68741238117,3.0
11,1,75,1.2485653162,3.5
11,1,75,0.724400877953,3.5
11,1,4,3.44089102745,5.75
11,1,4,3.1136868,5.75
11,1,93,3.24506831169,4.25
11,1,93,3.27826142311,4.25
11,1,22,4.10128355026,6.25
11,1,22,3.69547080994,6.25
11,1,47,2.17934322357,4.0
11,1,47,2.2667028904,4.0
11,1,49,1.84398031235,4.5
11,1,49,1.75130808353,4.5
11,1,74,3.33681678772,5.0
11,1,74,3.38000512123,5.0
11,1,92,3.19425535202,4.25
11,1,92,2.86119556427,4.25
11,1,21,3.81313896179,4.25
11,1,21,3.65883255005,4.25
11,1,46,1.86804533005,1.75
11,1,46,2.75959515572,1.75
11,1,48,0.94939994812,2.25
11,1,48,1.27282464504,2.25
11,1,73,4.26408147812,5.25
11,1,73,4.16880559921,5.25
11,1,91,4.03058576584,5.5
11,1,91,3.72182631493,5.5
11,1,20,3.95459008217,5.5
11,1,20,3.76861691475,5.5
11,1,63,3.1036760807,6.25
11,1,63,3.03148245811,6.25
11,1,72,3.7955262661,4.75
11,1,72,3.58662104607,4.75
11,1,90,3.43388438225,4.25
11,1,90,3.54627752304,4.25
11,1,19,4.35644340515,6.25
11,1,19,3.87323737144,6.25
11,1,62,3.25515604019,5.0
11,1,62,3.22072100639,5.0
11,1,89,3.9115216732,5.0
11,1,89,4.04895114899,5.0
11,1,15,3.16079425812,3.5
11,1,15,3.03314995766,3.5
11,1,88,3.99006032944,3.75
11,1,88,3.31351542473,3.75
11,1,99,3.80251407623,6.25
11,1,99,4.06082248688,6.25
11,1,14,3.48645353317,4.25
11,1,14,3.29716229439,4.25
11,1,71,3.65884804726,4.75
11,1,71,3.70397734642,4.75
11,1,98,3.31821918488,4.5
11,1,98,2.76997637749,4.5
11,1,13,3.55056142807,5.25
11,1,13,3.83546471596,5.25
11,1,70,2.39857816696,5.0
11,1,70,1.66589701176,5.0
11,1,31,4.30090999603,5.5
11,1,31,3.98573803902,5.5
11,1,97,2.92165780067,3.75
11,1,97,2.54027032852,3.75
11,1,12,3.95394849777,5.5
11,1,12,3.84036302567,5.5
11,1,69,2.82006406784,4.0
11,1,69,2.78567194939,4.0
11,1,30,3.98110079765,4.25
11,1,30,4.01688766479,4.25
11,1,87,2.92163467407,2.75
11,1,87,2.45614242554,2.75
11,1,96,2.59494042397,4.75
11,1,96,1.78481650352,4.75
11,1,57,0.817168056965,2.5
11,1,57,0.812758862972,2.5
11,1,11,3.2612183094,4.5
11,1,11,2.69825768471,4.5
11,1,68,2.64017987251,4.25
11,1,68,1.55432617664,4.25
11,1,29,3.51562571526,5.5
11,1,29,3.59166502953,5.5
11,1,56,0.996141910553,2.25
11,1,56,1.14494466782,2.25
11,1,10,2.49244570732,4.66667
11,1,10,2.26622271538,4.66667
11,1,67,1.64625322819,6.25
11,1,67,1.49903476238,6.25
11,1,28,3.93717956543,4.5
11,1,28,3.68483424187,4.5
11,1,39,2.54360580444,5.0
11,1,39,2.28453087807,5.0
11,1,9,3.82503771782,4.0
11,1,9,3.55774474144,4.0
11,1,66,2.8729019165,3.25
11,1,66,2.52403402328,3.25
11,1,27,3.44078373909,4.5
11,1,27,3.18794202805,4.5
11,1,84,3.37438964844,3.5
11,1,84,3.10237669945,3.5
11,1,38,4.50433969498,4.5
11,1,38,4.14231491089,4.5
11,1,8,3.09707808495,4.25
11,1,8,3.02498936653,4.25
11,1,65,2.6136868,4.25
11,1,65,2.48099684715,4.25
11,1,26,4.19317626953,4.0
11,1,26,4.0566239357,4.0
11,1,83,3.38459277153,3.5
11,1,83,3.05450320244,3.5
11,1,37,4.01206445694,3.75
11,1,37,4.00155305862,3.75
11,1,55,1.77898013592,4.0
11,1,55,1.23700284958,4.0
11,1,64,3.62468194962,5.0
11,1,64,3.51620149612,5.0
11,1,25,4.07925605774,5.0
11,1,25,3.76373958588,5.0
11,1,82,3.71583604813,4.5
11,1,82,3.67438459396,4.5
11,1,36,3.81986880302,5.0
11,1,36,3.35902523994,5.0
11,1,54,2.79988288879,2.5
11,1,54,3.1916680336,2.5
11,1,79,1.98897051811,4.5
11,1,79,2.09665679932,4.5
11,1,24,3.95822167397,3.25
11,1,24,3.88862085342,3.25
11,1,81,3.11260938644,4.5
11,1,81,3.39191460609,4.5
11,1,35,4.02862405777,4.5
11,1,35,3.72965049744,4.5
11,1,53,2.9640610218,5.25
11,1,53,2.86620497704,5.25
11,1,78,3.21468138695,5.0
11,1,78,2.84075546265,5.0
11,1,7,3.72585105896,4.25
11,1,7,3.52715611458,4.25
11,1,80,3.70864033699,6.0
11,1,80,3.26817393303,6.0
11,1,34,4.42551088333,4.5
11,1,34,4.09169340134,4.5
11,1,52,3.0659661293,4.25
11,1,52,3.19339513779,4.25
11,1,77,4.13699960709,6.0
11,1,77,4.23060703278,6.0
11,1,6,3.70907759666,5.0
11,1,6,3.61130857468,5.0
11,1,95,3.53644323349,4.25
11,1,95,2.95454359055,4.25
11,1,33,4.24324131012,5.0
11,1,33,3.87047219276,5.0
11,1,51,3.2277507782,4.75
11,1,51,3.16394162178,4.75
11,1,76,3.68541908264,4.0
11,1,76,3.27358198166,4.0
11,2,84,2.67102694511,4.75
11,2,84,1.76070904732,4.75
11,2,28,3.43840527534,4.5
11,2,28,2.2948038578,4.5
11,2,74,2.17834496498,4.25
11,2,74,2.08972668648,4.25
11,2,18,3.95430111885,4.0
11,2,18,3.31373953819,4.0
11,2,72,2.51055860519,4.25
11,2,72,1.99137616158,4.25
11,2,63,1.62269330025,2.75
11,2,63,0.658545136452,2.75
11,2,78,3.86122775078,5.5
11,2,78,3.91137814522,5.5
11,2,61,1.962038517,3.25
11,2,61,1.14638030529,3.25
11,2,22,3.11496901512,3.75
11,2,22,2.34440636635,3.75
11,2,76,3.23413944244,5.5
11,2,76,2.64703798294,5.5
11,2,51,4.17830276489,4.5
11,2,51,3.85433721542,4.5
11,2,20,3.30436253548,4.75
11,2,20,3.42951369286,4.75
11,2,105,3.59152340889,4.5
11,2,105,3.55746030807,4.5
11,2,66,0.889917910099,1.75
11,2,66,0.986788213253,1.75
11,2,49,3.21895813942,2.75
11,2,49,2.99360179901,2.75
11,2,10,3.06491732597,4.75
11,2,10,2.60198259354,4.75
11,2,111,3.15620613098,4.5
11,2,111,2.78143548965,4.5
11,2,64,2.82653641701,4.25
11,2,64,2.01937580109,4.25
11,2,55,3.44184494019,4.5
11,2,55,2.67764186859,4.5
11,2,8,3.06814432144,5.0
11,2,8,2.29576468468,5.0
11,2,109,3.89067459106,4.75
11,2,109,3.65417599678,4.75
11,2,53,3.92339062691,4.5
11,2,53,3.490909338,4.5
11,2,99,3.95900154114,5.5
11,2,99,3.7203130722,5.5
11,2,68,3.03879261017,4.0
11,2,68,1.9091026783,4.0
11,2,43,3.47766137123,5.25
11,2,43,3.16994023323,5.25
11,2,12,2.56915187836,2.25
11,2,12,1.04025375843,2.25
11,2,97,2.21572184563,3.75
11,2,97,1.90264952183,3.75
11,2,41,2.94818210602,4.75
11,2,41,2.50734710693,4.75
11,2,103,3.83119297028,5.25
11,2,103,3.79626846313,5.25
11,2,47,3.65142011642,4.0
11,2,47,3.33918333054,4.0
11,2,101,3.01239895821,4.75
11,2,101,2.2622616291,4.75
11,2,45,2.42357540131,4.25
11,2,45,1.23271930218,4.25
11,2,6,3.11634850502,5.5
11,2,6,3.0015642643,5.5
11,2,91,2.63639712334,4.5
11,2,91,1.83153808117,4.5
11,2,35,3.69121861458,3.75
11,2,35,2.82783436775,3.75
11,2,4,2.78840041161,4.0
11,2,4,2.30638241768,4.0
11,2,89,3.1545419693,4.75
11,2,89,3.15112805367,4.75
11,2,33,3.21862006187,4.25
11,2,33,2.24816632271,4.25
11,2,95,3.15017914772,4.0
11,2,95,2.64604568481,4.0
11,2,39,2.86857223511,4.5
11,2,39,2.07507205009,4.5
11,2,93,2.90778231621,5.0
11,2,93,3.28633856773,5.0
11,2,37,3.68508315086,5.0
11,2,37,3.10827231407,5.0
11,2,83,3.16474866867,4.0
11,2,83,2.93901920319,4.0
11,2,27,3.78256058693,5.5
11,2,27,3.1110200882,5.5
11,2,81,1.33922171593,3.0
11,2,81,0.661054074764,3.0
11,2,25,3.56445598602,5.0
11,2,25,2.77559494972,5.0
11,2,87,3.87945055962,4.25
11,2,87,3.61632108688,4.25
11,2,31,4.15293741226,5.0
11,2,31,4.09352493286,5.0
11,2,85,2.78029465675,5.0
11,2,85,1.9215760231,5.0
11,2,56,3.04832243919,4.75
11,2,56,2.30831861496,4.75
11,2,29,3.32207798958,4.75
11,2,29,3.08521032333,4.75
11,2,75,1.63720583916,2.5
11,2,75,1.5144084692,2.5
11,2,62,1.21634042263,1.75
11,2,62,-0.565158069134,1.75
11,2,19,3.21497869492,5.25
11,2,19,1.96111047268,5.25
11,2,73,2.39542341232,4.25
11,2,73,2.14410305023,4.25
11,2,60,2.58034491539,2.5
11,2,60,1.15385627747,2.5
11,2,17,3.1518509388,3.75
11,2,17,2.61857295036,3.75
11,2,106,2.80096721649,3.0
11,2,106,2.4701859951,3.0
11,2,79,2.4825732708,4.25
11,2,79,2.2849957943,4.25
11,2,50,3.88206028938,4.25
11,2,50,3.53968381882,4.25
11,2,23,3.59903526306,5.75
11,2,23,2.41806411743,5.75
11,2,104,3.58408403397,6.0
11,2,104,3.29235124588,6.0
11,2,77,2.98486471176,4.5
11,2,77,2.40228462219,4.5
11,2,48,3.62104821205,6.5
11,2,48,2.84746170044,6.5
11,2,21,4.50016975403,6.25
11,2,21,4.36861515045,6.25
11,2,110,4.12965011597,4.75
11,2,110,4.11770915985,4.75
11,2,67,2.40368151665,4.75
11,2,67,1.49100530148,4.75
11,2,54,2.12049889565,3.75
11,2,54,1.49074542522,3.75
11,2,11,2.23406028748,2.5
11,2,11,0.846047103405,2.5
11,2,65,2.84236907959,2.5
11,2,65,2.09896564484,2.5
11,2,52,3.77617692947,5.0
11,2,52,3.81328058243,5.0
11,2,9,3.23008227348,3.5
11,2,9,2.97799968719,3.5
11,2,98,2.5050535202,5.0
11,2,98,2.57384371758,5.0
11,2,42,3.0695874691,4.75
11,2,42,2.60356044769,4.75
11,2,96,2.48890352249,5.0
11,2,96,2.07024264336,5.0
11,2,69,3.17036914825,3.25
11,2,69,3.05845522881,3.25
11,2,40,3.22988080978,4.25
11,2,40,2.86275148392,4.25
11,2,102,3.67833614349,3.75
11,2,102,3.16329908371,3.75
11,2,46,3.1867518425,4.25
11,2,46,2.96897006035,4.25
11,2,3,2.34633421898,5.0
11,2,3,1.64968645573,5.0
11,2,100,3.54778909683,4.5
11,2,100,3.1181678772,4.5
11,2,44,4.3903875351,5.5
11,2,44,3.80444383621,5.5
11,2,90,3.18955373764,3.25
11,2,90,2.7173397541,3.25
11,2,34,3.66372942924,6.5
11,2,34,2.95574808121,6.5
11,2,7,2.06989312172,0.75
11,2,7,1.2106423378,0.75
11,2,88,2.21782183647,5.0
11,2,88,1.75221252441,5.0
11,2,32,2.82452559471,5.25
11,2,32,2.0556473732,5.25
11,2,5,2.64150762558,2.25
11,2,5,1.4425983429,2.25
11,2,94,2.30987048149,4.25
11,2,94,2.23409843445,4.25
11,2,38,2.92726182938,4.25
11,2,38,2.33010172844,4.25
11,2,92,2.59957671165,5.5
11,2,92,2.54781770706,5.5
11,2,36,3.92207121849,4.25
11,2,36,3.50352835655,4.25
11,2,82,2.08250641823,4.75
11,2,82,1.31011343002,4.75
11,2,26,3.10203361511,3.5
11,2,26,1.72664093971,3.5
11,2,80,1.74708664417,3.75
11,2,80,0.535992205143,3.75
11,2,24,3.79138469696,5.0
11,2,24,3.046033144,5.0
11,2,86,3.12505912781,5.75
11,2,86,2.5869474411,5.75
11,2,30,3.4247906208,4.0
11,2,30,2.48438239098,4.0
12,1,60,4.37187480927,3.75
12,1,60,4.30733394623,3.75
12,1,25,4.58938169479,5.75
12,1,25,4.479367733,5.75
12,1,83,4.70769309998,5.5
12,1,83,4.5673327446,5.5
12,1,62,2.5492515564,2.5
12,1,62,3.53033399582,2.5
12,1,27,4.55617046356,4.5
12,1,27,4.43346261978,4.5
12,1,77,4.5974612236,4.75
12,1,77,4.47579050064,4.75
12,1,21,4.78739070892,4.5
12,1,21,4.73604059219,4.5
12,1,79,4.53955984116,4.25
12,1,79,4.59407758713,4.25
12,1,23,4.56949329376,3.5
12,1,23,4.31842660904,3.5
12,1,108,4.37438631058,3.25
12,1,108,4.43240785599,3.25
12,1,73,4.68881988525,4.25
12,1,73,4.67776870728,4.25
12,1,17,4.89531612396,5.0
12,1,17,4.76019001007,5.0
12,1,110,4.56120157242,5.0
12,1,110,4.47518348694,5.0
12,1,75,4.64545345306,5.25
12,1,75,4.56490373611,5.25
12,1,54,4.76068067551,4.75
12,1,54,4.73115825653,4.75
12,1,19,4.64954042435,3.75
12,1,19,4.53285074234,3.75
12,1,104,3.77545523643,2.5
12,1,104,0.577833235264,2.5
12,1,69,4.61754512787,3.75
12,1,69,4.56138849258,3.75
12,1,48,4.74965524673,4.5
12,1,48,4.57304906845,4.5
12,1,106,1.80312156677,1.25
12,1,106,0.282324403524,1.25
12,1,100,3.00639343262,2.75
12,1,100,3.07551431656,2.75
12,1,65,4.05415010452,4.5
12,1,65,4.00986003876,4.5
12,1,44,4.81867027283,5.5
12,1,44,4.68531036377,5.5
12,1,9,4.80402421951,4.75
12,1,9,4.60907173157,4.75
12,1,102,4.65462064743,4.5
12,1,102,4.5431728363,4.5
12,1,67,3.44851756096,2.75
12,1,67,3.18895769119,2.75
12,1,46,4.69473743439,3.5
12,1,46,4.35706663132,3.5
12,1,11,4.83274269104,5.0
12,1,11,4.82269191742,5.0
12,1,96,4.60957241058,3.25
12,1,96,4.58910369873,3.25
12,1,40,4.58384418488,4.25
12,1,40,3.97233533859,4.25
12,1,5,4.7414059639,6.0
12,1,5,4.68913602829,6.0
12,1,98,4.62290382385,3.75
12,1,98,4.57498550415,3.75
12,1,42,4.76484298706,4.25
12,1,42,4.77944564819,4.25
12,1,7,4.81851911545,6.25
12,1,7,4.72558832169,6.25
12,1,92,4.4918847084,3.25
12,1,92,4.3818359375,3.25
12,1,36,4.51492834091,5.0
12,1,36,4.28672552109,5.0
12,1,38,4.88938236237,5.5
12,1,38,4.80261182785,5.5
12,1,3,4.83967351913,6.0
12,1,3,4.83727884293,6.0
12,1,88,4.61484527588,4.5
12,1,88,4.5747294426,4.5
12,1,32,4.38375282288,5.25
12,1,32,4.34783601761,5.25
12,1,90,4.40752696991,4.0
12,1,90,4.58495044708,4.0
12,1,34,4.49967861176,5.5
12,1,34,4.43699169159,5.5
12,1,84,4.87903785706,4.5
12,1,84,4.65572118759,4.5
12,1,28,4.46519231796,5.0
12,1,28,4.22279405594,5.0
12,1,86,4.37140417099,3.0
12,1,86,4.38351202011,3.0
12,1,30,4.42730855942,4.0
12,1,30,4.41301298141,4.0
12,1,80,4.4111366272,4.0
12,1,80,4.10594940186,4.0
12,1,24,4.57916927338,5.25
12,1,24,4.39215946198,5.25
12,1,82,4.69329404831,4.0
12,1,82,4.84761619568,4.0
12,1,61,4.38384485245,4.0
12,1,61,4.09584856033,4.0
12,1,26,4.74332666397,5.0
12,1,26,4.59427213669,5.0
12,1,76,4.69334411621,4.0
12,1,76,4.72795152664,4.0
12,1,63,-1.84769046307,3.0
12,1,63,-0.588556468487,3.0
12,1,20,4.82092046738,4.75
12,1,20,4.60475349426,4.75
12,1,78,4.68183088303,6.0
12,1,78,4.59769201279,6.0
12,1,22,4.3449754715,4.5
12,1,22,4.37557458878,4.5
12,1,72,4.60566568375,3.25
12,1,72,4.49986457825,3.25
12,1,16,4.50271463394,5.25
12,1,16,4.4077296257,5.25
12,1,109,4.46283245087,3.5
12,1,109,4.32939100266,3.5
12,1,74,4.61770200729,5.0
12,1,74,4.53010654449,5.0
12,1,53,4.63097715378,4.5
12,1,53,4.41700172424,4.5
12,1,18,4.71426200867,4.25
12,1,18,4.24408388138,4.25
12,1,111,4.44681406021,2.75
12,1,111,4.55992412567,2.75
12,1,68,4.79267072678,4.25
12,1,68,4.70060253143,4.25
12,1,55,4.72580718994,5.0
12,1,55,4.72470378876,5.0
12,1,12,4.81755781174,5.75
12,1,12,4.79491710663,5.75
12,1,105,3.72111320496,3.25
12,1,105,3.86714911461,3.25
12,1,49,4.33638715744,4.75
12,1,49,4.26992750168,4.75
12,1,107,4.5467209816,4.5
12,1,107,4.36657953262,4.5
12,1,64,4.63613557816,4.0
12,1,64,4.62928390503,4.0
12,1,8,4.77289009094,5.25
12,1,8,4.83163642883,5.25
12,1,101,3.78144669533,3.25
12,1,101,3.55264925957,3.25
12,1,66,4.19092750549,3.0
12,1,66,3.8304066658,3.0
12,1,45,4.74209165573,5.0
12,1,45,4.57727193832,5.0
12,1,10,4.79519748688,5.25
12,1,10,4.70627403259,5.25
12,1,103,4.70450162888,4.5
12,1,103,4.71728420258,4.5
12,1,47,4.73952817917,5.5
12,1,47,4.60076713562,5.5
12,1,4,4.7073469162,6.25
12,1,4,4.51660060883,6.25
12,1,97,4.43989944458,4.25
12,1,97,4.46216249466,4.25
12,1,41,4.61583042145,3.75
12,1,41,4.43021440506,3.75
12,1,6,4.8156414032,5.0
12,1,6,4.82994890213,5.0
12,1,99,3.65090346336,1.75
12,1,99,2.92694282532,1.75
12,1,43,4.65642356873,4.75
12,1,43,4.6437792778,4.75
12,1,93,4.04889774323,3.75
12,1,93,4.12356233597,3.75
12,1,37,4.82317495346,4.5
12,1,37,4.73170280457,4.5
12,1,2,4.82901716232,6.5
12,1,2,4.75981330872,6.5
12,1,39,4.51090431213,5.75
12,1,39,4.46179199219,5.75
12,1,89,4.39961862564,3.5
12,1,89,4.34891414642,3.5
12,1,33,4.42478895187,4.25
12,1,33,3.6692070961,4.25
12,1,91,4.68369960785,4.5
12,1,91,4.56359767914,4.5
12,1,35,4.71772050858,4.0
12,1,35,4.76676750183,4.0
12,1,85,4.82995653152,4.75
12,1,85,4.67676115036,4.75
12,1,29,-2.41895437241,2.75
12,1,29,-1.7035806179,2.75
12,1,87,4.58118534088,5.0
12,1,87,4.55273199081,5.0
12,1,31,4.72600269318,5.0
12,1,31,4.7032828331,5.0
12,1,81,3.66632843018,4.0
12,1,81,2.26999521255,4.0
12,2,14,4.60481262207,4.25
12,2,14,4.57605075836,4.25
12,2,37,4.65625524521,3.5
12,2,37,4.64261579514,3.5
12,2,64,2.56834101677,1.5
12,2,64,2.35197091103,1.5
12,2,8,4.60947465897,4.0
12,2,8,4.59048652649,4.0
12,2,39,-1.74952077866,2.0
12,2,39,-0.754552662373,2.0
12,2,66,3.34636855125,1.0
12,2,66,-1.58918356895,1.0
12,2,10,4.84303474426,4.25
12,2,10,4.6370139122,4.25
12,2,33,4.75761461258,3.75
12,2,33,4.74361991882,3.75
12,2,4,4.53660917282,4.0
12,2,4,4.51872777939,4.0
12,2,35,4.74016523361,3.0
12,2,35,4.67045974731,3.0
12,2,6,4.72690391541,3.5
12,2,6,4.54228019714,3.5
12,2,93,4.51172637939,5.0
12,2,93,4.61517572403,5.0
12,2,95,4.38459920883,4.75
12,2,95,4.40543603897,4.75
12,2,89,4.19393920898,3.75
12,2,89,3.79705476761,3.75
12,2,116,4.5024895668,3.0
12,2,116,4.33900594711,3.0
12,2,91,4.63688802719,4.5
12,2,91,4.48208618164,4.5
12,2,62,3.39684915543,1.75
12,2,62,2.47702407837,1.75
12,2,85,4.52579259872,4.75
12,2,85,4.52624607086,4.75
12,2,112,4.73590803146,3.75
12,2,112,4.58329296112,3.75
12,2,29,4.60535144806,3.0
12,2,29,4.71251010895,3.0
12,2,56,4.75541162491,5.0
12,2,56,4.68518733978,5.0
12,2,87,4.47674131393,4.75
12,2,87,4.42009925842,4.75
12,2,114,4.35822248459,3.5
12,2,114,4.04232215881,3.5
12,2,31,4.68626689911,4.75
12,2,31,4.67629289627,4.75
12,2,58,4.73343324661,3.75
12,2,58,4.55893754959,3.75
12,2,81,4.75198316574,5.5
12,2,81,4.6080532074,5.5
12,2,108,3.40828227997,2.0
12,2,108,3.66424226761,2.0
12,2,25,4.67257881165,4.75
12,2,25,4.53865003586,4.75
12,2,52,4.79584169388,4.75
12,2,52,4.74746322632,4.75
12,2,83,3.65414047241,3.75
12,2,83,4.19033193588,3.75
12,2,110,4.18065786362,2.25
12,2,110,4.00125455856,2.25
12,2,27,4.73974132538,4.5
12,2,27,4.69468975067,4.5
12,2,54,4.81051778793,4.5
12,2,54,4.60162305832,4.5
12,2,77,4.6422290802,5.0
12,2,77,4.55052089691,5.0
12,2,104,3.68121910095,2.0
12,2,104,3.36864233017,2.0
12,2,21,4.3599190712,3.75
12,2,21,4.20419979095,3.75
12,2,48,4.7776427269,4.5
12,2,48,4.73718118668,4.5
12,2,79,4.53298950195,3.75
12,2,79,4.52419948578,3.75
12,2,106,4.22269058228,3.5
12,2,106,4.2612452507,3.5
12,2,23,4.71109199524,5.25
12,2,23,4.56485128403,5.25
12,2,50,4.87116861343,4.75
12,2,50,4.81919288635,4.75
12,2,73,-2.41932678223,2.0
12,2,73,-2.65890145302,2.0
12,2,100,3.98634839058,2.5
12,2,100,3.95161890984,2.5
12,2,44,4.65679264069,3.75
12,2,44,4.71625804901,3.75
12,2,102,3.96897268295,1.75
12,2,102,3.29778766632,1.75
12,2,19,4.73300218582,4.5
12,2,19,4.77906322479,4.5
12,2,46,4.65515232086,4.25
12,2,46,4.70303487778,4.25
12,2,69,1.56439864635,2.25
12,2,69,-1.58071470261,2.25
12,2,96,4.56458044052,4.75
12,2,96,4.54981327057,4.75
12,2,13,4.72515869141,3.5
12,2,13,4.41429519653,3.5
12,2,40,4.73455667496,3.5
12,2,40,4.75383281708,3.5
12,2,71,2.62066054344,1.5
12,2,71,3.23255610466,1.5
12,2,98,4.50964832306,2.75
12,2,98,4.51645851135,2.75
12,2,42,4.71867322922,3.5
12,2,42,4.74273633957,3.5
12,2,65,-0.880723595619,2.25
12,2,65,-0.146527126431,2.25
12,2,9,4.07392263412,4.0
12,2,9,3.15427780151,4.0
12,2,36,4.53988647461,5.75
12,2,36,4.52714967728,5.75
12,2,67,4.20404243469,3.0
12,2,67,3.08773684502,3.0
12,2,11,4.51862668991,5.0
12,2,11,4.30762672424,5.0
12,2,5,4.58479738235,5.25
12,2,5,4.48503780365,5.25
12,2,32,4.62755966187,3.25
12,2,32,4.70894289017,3.25
12,2,7,4.5612077713,5.0
12,2,7,4.38812351227,5.0
12,2,34,4.67409324646,4.25
12,2,34,4.64352416992,4.25
12,2,92,4.46431970596,3.5
12,2,92,4.45237493515,3.5
12,2,3,3.80688238144,3.75
12,2,3,3.9094479084,3.75
12,2,94,4.08578109741,2.5
12,2,94,3.92829179764,2.5
12,2,88,4.4725561142,5.0
12,2,88,4.63514614105,5.0
12,2,90,4.43757581711,3.25
12,2,90,4.2573094368,3.25
12,2,113,4.67429637909,3.25
12,2,113,4.60609531403,3.25
12,2,57,4.93236446381,4.75
12,2,57,4.77580595016,4.75
12,2,84,4.11944437027,4.25
12,2,84,3.84802603722,4.25
12,2,115,4.30725097656,2.75
12,2,115,4.30195665359,2.75
12,2,28,4.57414913177,4.75
12,2,28,4.57554721832,4.75
12,2,59,4.79333400726,5.0
12,2,59,4.78572225571,5.0
12,2,86,4.5250878334,4.0
12,2,86,4.40447473526,4.0
12,2,109,4.25805187225,3.25
12,2,109,4.20404338837,3.25
12,2,30,4.70688676834,4.5
12,2,30,4.69513177872,4.5
12,2,53,4.88196992874,3.75
12,2,53,4.85670518875,3.75
12,2,80,4.54963731766,5.25
12,2,80,4.4161567688,5.25
12,2,111,4.44366884232,4.0
12,2,111,4.46836614609,4.0
12,2,24,4.7018494606,4.25
12,2,24,4.67799091339,4.25
12,2,55,4.81572771072,4.5
12,2,55,4.92308616638,4.5
12,2,82,3.79561972618,2.5
12,2,82,3.78155255318,2.5
12,2,105,4.58909320831,4.0
12,2,105,4.73564720154,4.0
12,2,26,4.55048131943,2.75
12,2,26,4.60024738312,2.75
12,2,49,4.72342634201,5.25
12,2,49,4.71818399429,5.25
12,2,107,4.25018310547,2.25
12,2,107,4.41517877579,2.25
12,2,20,4.71367311478,4.0
12,2,20,4.61872625351,4.0
12,2,51,4.17215442657,3.0
12,2,51,4.04467439651,3.0
12,2,78,4.47735357285,4.0
12,2,78,4.53742694855,4.0
12,2,101,4.58141708374,3.0
12,2,101,4.397336483,3.0
12,2,22,4.84013223648,5.0
12,2,22,4.79342699051,5.0
12,2,45,4.69162750244,4.0
12,2,45,4.57206583023,4.0
12,2,103,4.31093978882,2.5
12,2,103,4.35621833801,2.5
12,2,47,4.68407726288,4.75
12,2,47,4.63423633575,4.75
12,2,97,4.10105228424,1.5
12,2,97,4.23014307022,1.5
12,2,41,4.74660015106,5.25
12,2,41,4.77397632599,5.25
12,2,68,-1.52591049671,2.0
12,2,68,-2.89142394066,2.0
12,2,99,4.50381040573,3.25
12,2,99,4.17432785034,3.25
12,2,12,4.70318460464,5.25
12,2,12,4.77765035629,5.25
12,2,43,4.91342496872,4.5
12,2,43,4.77315282822,4.5
12,2,70,-3.09872913361,1.25
12,2,70,-3.42619967461,1.25
16,2,107,4.77365922928,3.25
16,2,107,4.75458240509,3.25
16,2,78,4.55135393143,4.25
16,2,78,4.46260356903,4.25
16,2,37,4.10286617279,4.5
16,2,37,3.97123908997,4.5
16,2,109,2.62823081017,4.5
16,2,109,2.1998128891,4.5
16,2,39,4.94195365906,2.25
16,2,39,4.78284025192,2.25
16,2,111,4.26556587219,3.5
16,2,111,4.35310411453,3.5
16,2,66,5.14209079742,5.75
16,2,66,4.9807267189,5.75
16,2,25,4.40902757645,3.0
16,2,25,4.54066753387,3.0
16,2,97,4.81905174255,2.75
16,2,97,4.49969005585,2.75
16,2,68,4.05280065536,1.25
16,2,68,4.1157708168,1.25
16,2,27,5.00619459152,4.25
16,2,27,4.89939117432,4.25
16,2,99,4.32160902023,3.25
16,2,99,4.45519542694,3.25
16,2,70,0.515521585941,1.75
16,2,70,1.46029543877,1.75
16,2,29,5.03629922867,2.0
16,2,29,4.90462446213,2.0
16,2,101,5.20139551163,5.0
16,2,101,5.18350219727,5.0
16,2,56,4.64215612411,4.75
16,2,56,4.70773410797,4.75
16,2,31,3.67601656914,2.0
16,2,31,4.12523555756,2.0
16,2,103,4.01564788818,3.25
16,2,103,4.12307500839,3.25
16,2,58,4.72250175476,2.25
16,2,58,4.81393575668,2.25
16,2,89,4.34824371338,1.75
16,2,89,4.62958335876,1.75
16,2,60,4.98909521103,3.0
16,2,60,4.89387321472,3.0
16,2,91,3.71100997925,3.25
16,2,91,4.01631116867,3.25
16,2,21,4.8152961731,3.75
16,2,21,4.93251848221,3.75
16,2,93,5.12643146515,4.0
16,2,93,5.04552745819,4.0
16,2,48,4.93674755096,3.25
16,2,48,4.97105932236,3.25
16,2,23,4.93371152878,2.5
16,2,23,4.77461481094,2.5
16,2,95,5.00855493546,3.5
16,2,95,5.00057029724,3.5
16,2,50,3.07996034622,2.25
16,2,50,3.19742870331,2.25
16,2,9,4.97588014603,3.5
16,2,9,4.9079041481,3.5
16,2,81,3.45168638229,2.5
16,2,81,3.84455966949,2.5
16,2,52,3.18402147293,2.25
16,2,52,3.08241987228,2.25
16,2,11,4.86731290817,4.5
16,2,11,4.7837228775,4.5
16,2,83,3.2318751812,4.5
16,2,83,3.3857562542,4.5
16,2,54,4.45283174515,1.25
16,2,54,4.49170255661,1.25
16,2,13,4.56136989594,4.5
16,2,13,4.73261070251,4.5
16,2,85,2.46159148216,3.5
16,2,85,3.0644068718,3.5
16,2,40,4.31511926651,2.0
16,2,40,4.56834554672,2.0
16,2,15,4.49269342422,4.25
16,2,15,4.40201282501,4.25
16,2,112,1.74276816845,1.5
16,2,112,1.27630126476,1.5
16,2,87,3.37292551994,3.5
16,2,87,3.20724582672,3.5
16,2,42,1.28647792339,2.5
16,2,42,2.51970291138,2.5
16,2,114,4.57363319397,3.5
16,2,114,4.46178913116,3.5
16,2,73,4.3849864006,4.0
16,2,73,3.92387485504,4.0
16,2,44,4.650431633,2.75
16,2,44,4.43672466278,2.75
16,2,116,4.19091176987,4.0
16,2,116,4.38299942017,4.0
16,2,46,4.16230821609,2.5
16,2,46,4.31495714188,2.5
16,2,5,3.94212865829,4.0
16,2,5,3.91823410988,4.0
16,2,77,4.3588719368,5.5
16,2,77,3.78565692902,5.5
16,2,32,4.94729566574,2.75
16,2,32,4.68259811401,2.75
16,2,7,4.70688438416,5.0
16,2,7,4.92088937759,5.0
16,2,104,4.62705135345,1.75
16,2,104,4.88849401474,1.75
16,2,79,4.3421998024,5.0
16,2,79,4.37995195389,5.0
16,2,34,3.96191072464,2.25
16,2,34,3.46057796478,2.25
16,2,106,4.39592599869,2.75
16,2,106,4.23290586472,2.75
16,2,65,5.02282142639,5.0
16,2,65,5.02987623215,5.0
16,2,36,4.10007381439,3.75
16,2,36,4.46642684937,3.75
16,2,108,2.9267680645,2.75
16,2,108,3.13754749298,2.75
16,2,67,3.60181307793,3.5
16,2,67,4.03769159317,3.5
16,2,38,4.65502262115,4.0
16,2,38,4.58452510834,4.0
16,2,110,3.89068579674,2.25
16,2,110,4.61046028137,2.25
16,2,69,4.62148427963,1.75
16,2,69,4.66140699387,1.75
16,2,24,5.147377491,3.5
16,2,24,5.13545274734,3.5
16,2,96,2.33264660835,3.5
16,2,96,1.38830292225,3.5
16,2,71,4.94726848602,4.0
16,2,71,4.99932718277,4.0
16,2,26,4.79962778091,3.25
16,2,26,4.70428323746,3.25
16,2,98,4.9829864502,4.5
16,2,98,4.93110132217,4.5
16,2,57,4.10293912888,3.0
16,2,57,4.37151098251,3.0
16,2,28,5.08917284012,3.25
16,2,28,4.74196243286,3.25
16,2,100,3.73541903496,3.25
16,2,100,2.74173760414,3.25
16,2,59,3.89851498604,3.0
16,2,59,4.47750663757,3.0
16,2,30,4.57209014893,3.0
16,2,30,4.38223171234,3.0
16,2,102,3.97107076645,1.75
16,2,102,3.50823044777,1.75
16,2,61,4.79717206955,2.5
16,2,61,4.83587312698,2.5
16,2,88,4.07937479019,3.75
16,2,88,4.33681726456,3.75
16,2,90,1.48952686787,1.75
16,2,90,1.08022201061,1.75
16,2,49,4.20501422882,2.75
16,2,49,4.31011867523,2.75
16,2,92,4.92608594894,2.5
16,2,92,4.93268442154,2.5
16,2,51,5.01825094223,3.5
16,2,51,4.86168193817,3.5
16,2,22,3.76458907127,1.75
16,2,22,3.49554991722,1.75
16,2,94,2.66179871559,4.0
16,2,94,2.26406955719,4.0
16,2,53,4.09346437454,4.0
16,2,53,4.29343605042,4.0
16,2,8,4.38161754608,3.25
16,2,8,4.40067720413,3.25
16,2,80,4.45544862747,4.0
16,2,80,4.33199071884,4.0
16,2,55,4.7320227623,4.0
16,2,55,4.83978366852,4.0
16,2,10,4.91060972214,5.5
16,2,10,4.9064745903,5.5
16,2,82,4.13171052933,2.25
16,2,82,3.83463978767,2.25
16,2,41,4.15559005737,1.75
16,2,41,4.69601154327,1.75
16,2,12,5.18415021896,5.5
16,2,12,5.07431602478,5.5
16,2,113,2.20570492744,2.5
16,2,113,2.508852005,2.5
16,2,84,1.73809611797,3.75
16,2,84,2.10098052025,3.75
16,2,43,3.19466686249,2.25
16,2,43,3.58424973488,2.25
16,2,14,5.0814576149,4.0
16,2,14,4.93423652649,4.0
16,2,115,4.76020717621,2.75
16,2,115,4.69061279297,2.75
16,2,86,4.8525261879,4.5
16,2,86,4.83851909637,4.5
16,2,45,3.88503408432,3.0
16,2,45,3.77031064034,3.0
16,2,72,3.45456814766,2.25
16,2,72,3.13294410706,2.25
16,2,47,4.40374231339,1.75
16,2,47,4.52376461029,1.75
16,2,33,4.76961326599,1.5
16,2,33,4.77100658417,1.5
16,2,105,4.16142749786,3.75
16,2,105,4.17439126968,3.75
16,2,76,4.50721549988,3.0
16,2,76,4.57367610931,3.0
16,2,35,4.05217599869,2.5
16,2,35,4.49314117432,2.5
16,2,6,4.35012865067,4.5
16,2,6,4.47247314453,4.5
17,1,87,5.05192899704,2.5
17,1,87,4.97189474106,2.5
17,1,56,4.72625494003,3.25
17,1,56,4.6899394989,3.25
17,1,31,-1.72998952866,4.0
17,1,31,-0.697474002838,4.0
17,1,73,4.80996322632,4.25
17,1,73,4.72997283936,4.25
17,1,17,5.41934156418,3.0
17,1,17,5.34220695496,3.0
17,1,75,-0.869485318661,1.75
17,1,75,-0.711123466492,1.75
17,1,60,-0.274102091789,3.0
17,1,60,0.44937607646,3.0
17,1,19,5.20341157913,4.0
17,1,19,5.16490650177,4.0
17,1,77,1.86121404171,3.5
17,1,77,0.810931921005,3.5
17,1,62,-2.265178442,1.75
17,1,62,-1.88374519348,1.75
17,1,21,3.70704674721,2.5
17,1,21,3.4287776947,2.5
17,1,104,4.78994178772,3.25
17,1,104,4.8321557045,3.25
17,1,79,5.31955099106,3.25
17,1,79,5.18273019791,3.25
17,1,23,5.3632683754,2.5
17,1,23,5.34334850311,2.5
17,1,106,5.11616277695,2.75
17,1,106,4.8874745369,2.75
17,1,65,-3.30544400215,1.25
17,1,65,-3.34477972984,1.25
17,1,50,3.52738666534,3.75
17,1,50,3.58090996742,3.75
17,1,9,-2.16981005669,1.5
17,1,9,-1.8763051033,1.5
17,1,108,3.03680729866,2.5
17,1,108,2.90800952911,2.5
17,1,67,-2.50433969498,3.0
17,1,67,-2.72043538094,3.0
17,1,52,4.57691907883,2.75
17,1,52,4.69940757751,2.75
17,1,11,-1.55037283897,1.5
17,1,11,-1.99260365963,1.5
17,1,110,2.81116843224,3.5
17,1,110,2.77396202087,3.5
17,1,69,3.93987226486,2.5
17,1,69,3.70457816124,2.5
17,1,54,3.33267569542,3.25
17,1,54,2.61904525757,3.25
17,1,96,4.65757656097,1.5
17,1,96,4.3586306572,1.5
17,1,40,4.53506183624,3.0
17,1,40,4.3418431282,3.0
17,1,98,0.78218883276,3.5
17,1,98,1.17869520187,3.5
17,1,42,1.82764935493,3.75
17,1,42,1.58433043957,3.75
17,1,100,5.07118797302,2.75
17,1,100,5.06695079803,2.75
17,1,44,4.74343776703,3.5
17,1,44,4.6327290535,3.5
17,1,102,2.30335354805,3.75
17,1,102,2.33949589729,3.75
17,1,46,3.87731671333,4.0
17,1,46,3.37532067299,4.0
17,1,5,4.18632602692,2.75
17,1,5,4.10136890411,2.75
17,1,88,4.67327404022,4.25
17,1,88,4.41368865967,4.25
17,1,32,4.07647514343,4.5
17,1,32,3.11898827553,4.5
17,1,7,4.49487686157,2.75
17,1,7,4.20363903046,2.75
17,1,90,4.65179729462,5.5
17,1,90,4.3940076828,5.5
17,1,34,-0.654156386852,3.25
17,1,34,-0.458544254303,3.25
17,1,92,5.10379743576,5.25
17,1,92,4.96510744095,5.25
17,1,36,4.16446113586,2.75
17,1,36,3.76011824608,2.75
17,1,94,5.29621076584,3.5
17,1,94,5.15277671814,3.5
17,1,38,4.64358234406,2.25
17,1,38,4.5671339035,2.25
17,1,80,4.98834133148,4.25
17,1,80,5.04439401627,4.25
17,1,24,4.98870706558,3.25
17,1,24,4.56929159164,3.25
17,1,82,3.10748648643,5.0
17,1,82,3.72196125984,5.0
17,1,26,4.55288076401,3.0
17,1,26,4.26958036423,3.0
17,1,84,5.02313756943,4.25
17,1,84,5.09672880173,4.25
17,1,28,5.20175457001,4.25
17,1,28,4.7963886261,4.25
17,1,86,3.16641354561,4.0
17,1,86,3.28129220009,4.0
17,1,59,-2.02517223358,2.5
17,1,59,-1.31986343861,2.5
17,1,30,1.74036371708,5.25
17,1,30,1.56640720367,5.25
17,1,72,5.12364816666,5.25
17,1,72,5.05115652084,5.25
17,1,61,4.1289563179,2.25
17,1,61,3.79441738129,2.25
17,1,74,4.89055776596,3.25
17,1,74,4.77631187439,3.25
17,1,63,4.26668643951,1.75
17,1,63,4.16906118393,1.75
17,1,18,1.7959728241,2.75
17,1,18,2.75739383698,2.75
17,1,105,4.66789627075,3.75
17,1,105,4.64391326904,3.75
17,1,76,4.86858654022,4.5
17,1,76,4.53540229797,4.5
17,1,20,2.83009076118,3.5
17,1,20,2.74928236008,3.5
17,1,107,4.42615127563,3.25
17,1,107,3.90979647636,3.25
17,1,78,3.47270917892,4.25
17,1,78,3.73855471611,4.25
17,1,51,4.77534770966,3.0
17,1,51,4.46277999878,3.0
17,1,22,4.57244110107,3.0
17,1,22,4.55609035492,3.0
17,1,109,3.76904273033,2.5
17,1,109,3.49431657791,2.5
17,1,64,4.17115926743,1.0
17,1,64,4.04933166504,1.0
17,1,53,5.26565647125,2.75
17,1,53,5.11792182922,2.75
17,1,8,3.44622206688,2.75
17,1,8,3.02049279213,2.75
17,1,111,0.338580191135,2.0
17,1,111,0.284100562334,2.0
17,1,66,4.61074542999,0.75
17,1,66,4.25200176239,0.75
17,1,55,3.60429120064,2.5
17,1,55,3.26211428642,2.5
17,1,10,-2.46071982384,1.5
17,1,10,-1.7703615427,1.5
17,1,97,4.8797712326,2.5
17,1,97,4.73883581161,2.5
17,1,68,0.0545312277973,3.75
17,1,68,-1.03057706356,3.75
17,1,41,1.43035137653,3.25
17,1,41,0.803603351116,3.25
17,1,12,3.94292736053,2.25
17,1,12,3.55848813057,2.25
17,1,99,4.95800638199,3.5
17,1,99,5.00919151306,3.5
17,1,43,5.12821722031,4.25
17,1,43,4.88592529297,4.25
17,1,14,3.01277947426,1.5
17,1,14,2.65667128563,1.5
17,1,101,4.50016927719,3.0
17,1,101,4.17597389221,3.0
17,1,45,2.28674936295,3.0
17,1,45,2.39798927307,3.0
17,1,103,0.0693175792694,3.0
17,1,103,0.023450627923,3.0
17,1,89,2.39811205864,3.25
17,1,89,3.15165925026,3.25
17,1,33,-2.04712176323,3.75
17,1,33,-1.58906209469,3.75
17,1,4,-2.75349903107,2.75
17,1,4,-1.61646854877,2.75
17,1,91,5.03994369507,3.5
17,1,91,4.86063241959,3.5
17,1,35,4.62278556824,2.5
17,1,35,4.58867549896,2.5
17,1,6,-1.89076817036,2.75
17,1,6,-1.10152494907,2.75
17,1,93,0.974342346191,3.5
17,1,93,-1.36354875565,3.5
17,1,37,5.24922037125,2.5
17,1,37,5.0955619812,2.5
17,1,95,5.06842851639,5.25
17,1,95,4.93816757202,5.25
17,1,39,0.41729131341,4.5
17,1,39,0.0397409908473,4.5
17,1,81,2.99202656746,4.5
17,1,81,3.20925593376,4.5
17,1,25,3.92141866684,3.75
17,1,25,3.47337889671,3.75
17,1,83,2.07644534111,3.5
17,1,83,2.48899054527,3.5
17,1,27,4.51958179474,4.5
17,1,27,4.52951812744,4.5
17,1,85,2.83838391304,4.75
17,1,85,2.74904417992,4.75
17,1,29,5.12067461014,4.0
17,1,29,5.12787246704,4.0
18,1,94,4.16778707504,2.5
18,1,94,3.56921887398,2.5
18,1,20,4.23613882065,2.75
18,1,20,4.16399526596,2.75
18,1,49,4.34971761703,1.5
18,1,49,4.08316326141,1.5
18,1,92,4.84887742996,2.25
18,1,92,4.68267297745,2.25
18,1,18,4.0457777977,2.75
18,1,18,3.80656075478,2.75
18,1,47,4.10523605347,1.75
18,1,47,3.62469267845,1.75
18,1,90,3.67693114281,2.5
18,1,90,2.65639519691,2.5
18,1,16,3.06578040123,2.33333
18,1,16,3.57025957108,2.33333
18,1,45,4.41607141495,4.75
18,1,45,4.56503868103,4.75
18,1,88,4.57594680786,2.75
18,1,88,4.6193189621,2.75
18,1,43,3.7912709713,4.25
18,1,43,4.01724243164,4.25
18,1,86,5.23822689056,2.5
18,1,86,5.08151578903,2.5
18,1,12,4.38727474213,6.0
18,1,12,4.15611982346,6.0
18,1,41,5.38957118988,4.0
18,1,41,5.12419986725,4.0
18,1,84,4.55553722382,4.5
18,1,84,4.43295145035,4.5
18,1,10,4.81045913696,1.75
18,1,10,4.61933612823,1.75
18,1,39,5.06164932251,4.0
18,1,39,4.90993785858,4.0
18,1,82,1.782102108,3.25
18,1,82,1.50809073448,3.25
18,1,111,4.13695383072,2.75
18,1,111,4.37595796585,2.75
18,1,8,-1.72650659084,2.25
18,1,8,-2.5015745163,2.25
18,1,37,4.73156929016,2.75
18,1,37,4.48029947281,2.75
18,1,80,2.35533165932,3.5
18,1,80,2.5070977211,3.5
18,1,109,4.93025541306,3.0
18,1,109,4.61774253845,3.0
18,1,6,4.94276285172,3.5
18,1,6,4.95848417282,3.5
18,1,35,2.49077987671,2.25
18,1,35,2.50552272797,2.25
18,1,78,-0.0838297903538,2.0
18,1,78,0.492297798395,2.0
18,1,107,4.74916696548,3.0
18,1,107,4.57884740829,3.0
18,1,4,4.48277711868,3.0
18,1,4,4.46363925934,3.0
18,1,33,1.5239661932,1.0
18,1,33,2.74150681496,1.0
18,1,76,-2.50290679932,2.0
18,1,76,1.07681930065,2.0
18,1,105,4.73358774185,1.75
18,1,105,4.46850156784,1.75
18,1,2,4.81074094772,4.25
18,1,2,4.79455280304,4.25
18,1,74,0.772555351257,1.5
18,1,74,1.3851544857,1.5
18,1,103,2.11116576195,2.0
18,1,103,2.57847189903,2.0
18,1,101,4.30049610138,2.25
18,1,101,4.5691947937,2.25
18,1,62,3.61219453812,1.5
18,1,62,3.54880857468,1.5
18,1,99,1.73978710175,2.5
18,1,99,2.13574814796,2.5
18,1,60,0.114135965705,1.0
18,1,60,-0.749633073807,1.0
18,1,68,0.993379950523,2.5
18,1,68,1.01974618435,2.5
18,1,97,5.19865703583,3.25
18,1,97,4.9994225502,3.25
18,1,66,4.3659324646,1.75
18,1,66,3.62478232384,1.75
18,1,31,4.85460472107,3.75
18,1,31,4.68401050568,3.75
18,1,56,4.6147942543,3.25
18,1,56,4.57277107239,3.25
18,1,64,4.35335445404,2.25
18,1,64,4.09886693954,2.25
18,1,29,4.74570512772,3.75
18,1,29,4.86360692978,3.75
18,1,54,4.04453229904,1.25
18,1,54,3.66064810753,1.25
18,1,27,5.17885160446,3.75
18,1,27,5.05761241913,3.75
18,1,25,5.40246248245,3.0
18,1,25,5.24296617508,3.0
18,1,50,4.22384023666,2.25
18,1,50,3.68421363831,2.25
18,1,23,5.32890892029,2.5
18,1,23,5.23599815369,2.5
18,1,48,4.26391410828,1.75
18,1,48,4.30472803116,1.75
18,1,95,4.71227073669,4.25
18,1,95,4.8876376152,4.25
18,1,21,4.40193653107,2.5
18,1,21,4.17747926712,2.5
18,1,46,4.53589487076,2.25
18,1,46,4.24298858643,2.25
18,1,93,4.37263822556,2.0
18,1,93,3.9062063694,2.0
18,1,19,-1.18712472916,2.75
18,1,19,1.66824507713,2.75
18,1,44,5.25244903564,2.5
18,1,44,5.17196416855,2.5
18,1,91,4.4657907486,2.5
18,1,91,4.10866785049,2.5
18,1,17,4.82885742188,3.0
18,1,17,4.59502458572,3.0
18,1,42,4.72292709351,2.5
18,1,42,4.60336828232,2.5
18,1,89,3.67424225807,2.25
18,1,89,4.12731266022,2.25
18,1,40,3.17491292953,4.0
18,1,40,3.51947021484,4.0
18,1,87,5.11989116669,3.25
18,1,87,5.0125579834,3.25
18,1,112,4.85606193542,1.25
18,1,112,4.59966659546,1.25
18,1,38,5.10662889481,3.5
18,1,38,5.00426483154,3.5
18,1,85,3.25859475136,4.0
18,1,85,3.47598552704,4.0
18,1,110,4.56520605087,1.75
18,1,110,4.74168968201,1.75
18,1,11,3.59811639786,5.75
18,1,11,3.64166426659,5.75
18,1,36,3.96483159065,2.25
18,1,36,4.10784482956,2.25
18,1,83,2.49144005775,3.75
18,1,83,2.95579147339,3.75
18,1,108,3.67506933212,2.5
18,1,108,3.87574720383,2.5
18,1,9,0.449065417051,2.0
18,1,9,1.90614283085,2.0
18,1,34,4.02549552917,2.25
18,1,34,4.08326148987,2.25
18,1,81,4.17803573608,3.75
18,1,81,4.14288425446,3.75
18,1,106,4.3664188385,1.25
18,1,106,4.19592094421,1.25
18,1,7,4.53357362747,2.5
18,1,7,4.04229927063,2.5
18,1,32,4.36726284027,1.25
18,1,32,3.98208475113,1.25
18,1,79,1.76436805725,2.25
18,1,79,2.69854283333,2.25
18,1,104,4.56725692749,3.25
18,1,104,4.40087175369,3.25
18,1,5,4.51947259903,1.5
18,1,5,4.24860715866,1.5
18,1,77,4.20483112335,1.0
18,1,77,3.03537726402,1.0
18,1,102,4.64022302628,2.25
18,1,102,4.39015197754,2.25
18,1,3,1.84501886368,2.25
18,1,3,2.79377293587,2.25
18,1,75,-3.27709817886,1.0
18,1,75,-0.605248987675,1.0
18,1,100,3.83951020241,3.75
18,1,100,3.6944565773,3.75
18,1,73,1.81967246532,2.0
18,1,73,2.79981088638,2.0
18,1,98,3.87045836449,2.25
18,1,98,3.68018364906,2.25
18,1,96,4.72331428528,2.5
18,1,96,4.42322063446,2.5
18,1,61,4.74040222168,3.25
18,1,61,4.47080039978,3.25
18,1,69,3.31889605522,1.0
18,1,69,3.01223373413,1.0
18,1,30,4.83518028259,2.75
18,1,30,4.55568027496,2.75
18,1,59,4.76632499695,1.66667
18,1,59,4.55569839478,1.66667
18,1,67,4.41613483429,1.0
18,1,67,4.03466367722,1.0
18,1,28,4.66528749466,3.25
18,1,28,4.70330762863,3.25
18,1,65,4.52119112015,1.0
18,1,65,4.12677764893,1.0
18,1,26,5.17952728271,2.75
18,1,26,5.15297842026,2.75
18,1,55,3.84717941284,1.75
18,1,55,3.83413553238,1.75
18,1,24,5.25611400604,3.25
18,1,24,5.21909999847,3.25
18,1,53,4.81761598587,3.25
18,1,53,4.59232330322,3.25
18,1,22,5.17553424835,3.75
18,1,22,5.01955461502,3.75
18,1,51,2.67294573784,1.25
18,1,51,2.92271900177,1.25
