3,1,47,-0.0303540676832,4.25
3,1,47,-0.0302682705224,4.25
3,1,10,-0.147126168013,2.875
3,1,10,-0.142051428556,2.875
3,1,101,0.213774472475,4.375
3,1,101,0.21380853653,4.375
3,1,64,0.132917135954,5.75
3,1,64,0.132127836347,5.75
3,1,45,0.153942853212,4.25
3,1,45,0.15313577652,4.25
3,1,8,-0.0684340447187,3.5
3,1,8,-0.0684742853045,3.5
3,1,99,0.040151938796,1.5
3,1,99,0.0404209494591,1.5
3,1,94,0.0203265883029,3.25
3,1,94,0.0201096758246,3.25
3,1,43,-0.0792357325554,4.0
3,1,43,-0.0795393139124,4.0
3,1,6,0.0344783887267,4.5
3,1,6,0.0344871021807,4.5
3,1,97,-0.166108578444,1.25
3,1,97,-0.167841792107,1.25
3,1,92,-0.00304716546088,3.5
3,1,92,-0.00335033470765,3.5
3,1,41,-0.646948933601,3.25
3,1,41,-0.639604091644,3.25
3,1,4,0.166565239429,3.25
3,1,4,0.165519043803,3.25
3,1,90,-0.0543080344796,3.75
3,1,90,-0.0534678325057,3.75
3,1,39,-0.0965819954872,5.75
3,1,39,-0.0973468720913,5.75
3,1,2,-0.0954896211624,4.5
3,1,2,-0.0952528864145,4.5
3,1,88,-0.134700968862,4.0
3,1,88,-0.13121047616,4.0
3,1,37,0.184034913778,3.125
3,1,37,0.183950379491,3.125
3,1,86,-0.109953522682,4.25
3,1,86,-0.110474869609,4.25
3,1,35,0.190629780293,4.375
3,1,35,0.190551370382,4.375
3,1,30,0.104977563024,4.5
3,1,30,0.104632750154,4.5
3,1,84,-0.0781941339374,3.75
3,1,84,-0.0803276598454,3.75
3,1,33,0.0978654175997,3.0
3,1,33,0.0979642644525,3.0
3,1,28,0.0744096785784,4.75
3,1,28,0.0744268521667,4.75
3,1,82,0.058968923986,3.0
3,1,82,0.0591029115021,3.0
3,1,63,-0.0093639800325,4.75
3,1,63,-0.00991852674633,4.75
3,1,26,0.0118747781962,4.0
3,1,26,0.0118542574346,4.0
3,1,80,0.0714573711157,2.75
3,1,80,0.0718100741506,2.75
3,1,61,-0.0782549008727,5.5
3,1,61,-0.077044211328,5.5
3,1,24,0.109285421669,4.5
3,1,24,0.109038971364,4.5
3,1,59,0.116397246718,5.5
3,1,59,0.116487286985,5.5
3,1,22,0.164706006646,4.83333
3,1,22,0.162556827068,4.83333
3,1,57,0.126236572862,4.875
3,1,57,0.126182839274,4.875
3,1,20,-0.00429403223097,2.5
3,1,20,-0.00418614875525,2.5
3,1,79,0.0630521327257,5.25
3,1,79,0.0630552917719,5.25
3,1,55,-0.0354139581323,3.25
3,1,55,-0.0356687754393,3.25
3,1,18,-0.0645381659269,3.75
3,1,18,-0.0653750225902,3.75
3,1,77,-0.0587463118136,4.5
3,1,77,-0.0582124590874,4.5
3,1,16,-0.145947858691,4.75
3,1,16,-0.146252006292,4.75
3,1,75,0.0547466017306,4.0
3,1,75,0.0547514073551,4.0
3,1,51,-0.231306999922,4.5
3,1,51,-0.228408738971,4.5
3,1,73,-0.0295940600336,3.0
3,1,73,-0.0296481028199,3.0
3,1,49,-0.0225830972195,5.0
3,1,49,-0.0230322405696,5.0
3,1,108,-0.0498960241675,2.25
3,1,108,-0.0503194704652,2.25
3,1,71,0.00395549181849,2.0
3,1,71,0.00357353570871,2.0
3,1,15,0.0770775079727,5.0
3,1,15,0.0772171914577,5.0
3,1,106,-0.02802881971,2.75
3,1,106,-0.02815422602,2.75
3,1,104,-0.120708748698,3.5
3,1,104,-0.119891256094,3.5
3,1,102,-0.207635387778,5.25
3,1,102,-0.207506731153,5.25
3,1,65,-0.274819493294,6.25
3,1,65,-0.274659156799,6.25
3,1,46,-0.0429829508066,5.0
3,1,46,-0.0433994494379,5.0
3,1,9,0.0479963868856,2.75
3,1,9,0.0488955304027,2.75
3,1,100,-0.130639359355,2.375
3,1,100,-0.130377441645,2.375
3,1,95,-0.0522867701948,3.75
3,1,95,-0.0534949153662,3.75
3,1,44,-0.151393771172,3.0
3,1,44,-0.152867034078,3.0
3,1,7,0.176239207387,4.75
3,1,7,0.175909698009,4.75
3,1,98,0.133896663785,1.75
3,1,98,0.133768290281,1.75
3,1,93,-0.0114523563534,3.25
3,1,93,-0.0118242893368,3.25
3,1,5,-0.0872208923101,6.0
3,1,5,-0.0848186761141,6.0
3,1,96,0.0849125757813,3.875
3,1,96,0.0849123746157,3.875
3,1,91,0.151077330112,4.0
3,1,91,0.1483682096,4.0
3,1,40,-0.0056854840368,5.0
3,1,40,-0.00632307585329,5.0
3,1,3,0.126831501722,3.0
3,1,3,0.126902535558,3.0
3,1,89,-0.0295108091086,4.25
3,1,89,-0.029859976843,4.25
3,1,38,0.131874382496,4.5
3,1,38,0.131060853601,4.5
3,1,1,-0.320768773556,3.875
3,1,1,-0.31923854351,3.875
3,1,87,0.00269416579977,4.25
3,1,87,0.00241111591458,4.25
3,1,36,0.191486567259,3.5
3,1,36,0.191484242678,3.5
3,1,31,-0.0859196782112,3.66667
3,1,31,-0.087699174881,3.66667
3,1,85,-0.179774850607,2.0
3,1,85,-0.181841045618,2.0
3,1,34,0.144739925861,4.125
3,1,34,0.144808113575,4.125
3,1,29,0.224837511778,1.25
3,1,29,0.224803224206,1.25
3,1,83,-0.00849696435034,4.5
3,1,83,-0.00857540033758,4.5
3,1,32,-0.0886794030666,4.5
3,1,32,-0.088819861412,4.5
3,1,27,-0.227725848556,5.25
3,1,27,-0.227882802486,5.25
3,1,81,0.127276524901,2.75
3,1,81,0.127243682742,2.75
3,1,62,0.18802523613,4.375
3,1,62,0.188130438328,4.375
3,1,25,0.211435452104,5.5
3,1,25,0.21147814393,5.5
3,1,60,0.191448450089,5.5
3,1,60,0.191377982497,5.5
3,1,23,0.138376042247,3.875
3,1,23,0.138298884034,3.875
3,1,58,0.0406159684062,4.5
3,1,58,0.0401769354939,4.5
3,1,21,0.170881196856,4.5
3,1,21,0.170938462019,4.5
3,1,56,-0.0674568191171,4.0
3,1,56,-0.0683522894979,4.0
3,1,19,0.110059514642,4.125
3,1,19,0.11116605252,4.125
3,1,78,-0.0570147484541,5.25
3,1,78,-0.0569597482681,5.25
3,1,17,-0.0795332938433,5.0
3,1,17,-0.0794850960374,5.0
3,1,76,0.10720769316,4.0
3,1,76,0.107358232141,4.0
3,1,52,0.141636058688,3.5
3,1,52,0.141479104757,3.5
3,1,74,0.122340753675,4.0
3,1,74,0.122588425875,4.0
3,1,50,0.00187489902601,4.66667
3,1,50,0.00165875907987,4.66667
3,1,48,0.180273532867,2.5
3,1,48,0.180315822363,2.5
3,1,107,-0.115043193102,5.25
3,1,107,-0.116499245167,5.25
3,1,70,-0.130588874221,2.75
3,1,70,-0.132356986403,2.75
3,1,14,-0.602499723434,3.75
3,1,14,-0.592838764191,3.75
3,1,105,-0.54966622591,1.25
3,1,105,-0.546891391277,1.25
3,1,103,-0.18019939959,1.5
3,1,103,-0.180495172739,1.5
3,1,66,0.1953202039,3.0
3,1,66,0.195474892855,3.0
3,2,82,-0.0484366714954,3.25
3,2,82,-0.0487727969885,3.25
3,2,61,0.253278940916,4.375
3,2,61,0.25286513567,4.375
3,2,80,-0.0125645091757,4.75
3,2,80,-0.0103306956589,4.75
3,2,30,-1.16722679138,3.625
3,2,30,-1.16720235348,3.625
3,2,35,-0.983160376549,3.875
3,2,35,-0.9833137393,3.875
3,2,86,-0.120633408427,2.75
3,2,86,-0.120455041528,2.75
3,2,28,-0.927941322327,4.0
3,2,28,-0.935315012932,4.0
3,2,33,-0.209007829428,5.0
3,2,33,-0.209019184113,5.0
3,2,84,-0.288790225983,4.0
3,2,84,-0.288749039173,4.0
3,2,2,-0.204911649227,1.875
3,2,2,-0.205274417996,1.875
3,2,39,-0.239191621542,4.25
3,2,39,-0.238876014948,4.25
3,2,90,-0.152780458331,4.25
3,2,90,-0.152690351009,4.25
3,2,37,-0.299381196499,2.25
3,2,37,-0.299165278673,2.25
3,2,88,-0.190653786063,4.0
3,2,88,-0.18848374486,4.0
3,2,6,-0.134652897716,5.25
3,2,6,-0.130869880319,5.25
3,2,43,-0.713494956493,4.0
3,2,43,-0.728871107101,4.0
3,2,94,-0.264787316322,3.75
3,2,94,-0.263554394245,3.75
3,2,99,-0.100149720907,2.625
3,2,99,-0.103487163782,2.625
3,2,41,-0.148254737258,3.5
3,2,41,-0.148011222482,3.5
3,2,92,-0.212670072913,3.25
3,2,92,-0.214573502541,3.25
3,2,97,0.0356026291847,5.0
3,2,97,0.0354541651905,5.0
3,2,10,-0.0725517123938,4.0
3,2,10,-0.0747220516205,4.0
3,2,47,-0.155867934227,3.875
3,2,47,-0.155949428678,3.875
3,2,66,-0.123945608735,3.75
3,2,66,-0.124247431755,3.75
3,2,103,-0.182509496808,4.0
3,2,103,-0.18240493536,4.0
3,2,8,-0.158362329006,6.0
3,2,8,-0.156913623214,6.0
3,2,45,-0.00806281715631,3.25
3,2,45,-0.00795510224998,3.25
3,2,64,-0.214475467801,2.375
3,2,64,-0.214955046773,2.375
3,2,101,-0.150686860085,3.125
3,2,101,-0.150935217738,3.125
3,2,14,-0.00394710805267,3.75
3,2,14,-0.00408509373665,3.75
3,2,70,0.217786118388,3.66667
3,2,70,0.217882543802,3.66667
3,2,107,-0.0631008595228,4.625
3,2,107,-0.0545170605183,4.625
3,2,12,0.0884438231587,5.25
3,2,12,0.0885393023491,5.25
3,2,68,-0.138520285487,5.5
3,2,68,-0.135844483972,5.5
3,2,105,-0.0317255407572,3.5
3,2,105,-0.0243456102908,3.5
3,2,50,0.137658894062,3.75
3,2,50,0.137795120478,3.75
3,2,74,-0.20078676939,3.25
3,2,74,-0.201253429055,3.25
3,2,111,-0.167135715485,3.5
3,2,111,-0.167091459036,3.5
3,2,48,-0.85756033659,4.25
3,2,48,-0.869148552418,4.25
3,2,109,0.0685394853354,1.95833
3,2,109,0.0674316585064,1.95833
3,2,78,0.0462756715715,2.75
3,2,78,0.0464882664382,2.75
3,2,52,-0.0714881792665,1.5
3,2,52,-0.071669369936,1.5
3,2,56,-0.201251193881,4.25
3,2,56,-0.198404431343,4.25
3,2,112,-0.172829180956,4.0
3,2,112,-0.169580534101,4.0
3,2,62,-0.0432522818446,5.25
3,2,62,-0.0432615578175,5.25
3,2,27,-0.0606086924672,4.0
3,2,27,-0.0605859607458,4.0
3,2,60,-0.209755539894,3.75
3,2,60,-0.212530508637,3.75
3,2,83,-0.146912872791,4.25
3,2,83,-0.146381273866,4.25
3,2,34,0.209983840585,3.5
3,2,34,0.209949284792,3.5
3,2,81,-0.03